18623 18629
18645 18652
18654 18703
18706 18707
18738 18738
18752 18752
18761 18783
18803 18841
18844 18844
18883 18918
18920 18957
19032 19048
19052 19053
19075 19092
19111 19234
19236 19236
19239 19241
19264 19280
19282 19282
19304 19318
19320 19425
19428 19430
19436 19445
19481 19496
19502 19515
19613 19678
19695 19697
19707 19722
19728 19728
19732 19747
19771 19773
19775 19801
19806 19809
19832 19860
19862 19908
19967 19999
20017 20017
20020 20040
20059 20059
20074 20134
20136 20199
20218 20237
20239 20286
20311 20316
20318 20332
20334 20415
20417 20445
20483 20487
20489 20509
20521 20537
20611 20629
20635 20635
20639 20639
20643 20643
20683 20683
20685 20691
20755 20795
20797 20882
20884 20927
20929 20957
20964 21012
21014 21058
21060 21104
21106 21136
21148 21150
21157 21178
21201 21201
21217 21278
21280 21435
21452 21453
21469 21585
21587 21587
21595 21614
21617 21618
21622 21628
21630 21674
21691 21692
21694 21705
21747 21776
21778 21800
21833 21837
21839 21853
21856 21857
21862 21879
21890 21908
21921 21937
21940 21940
21953 21968
22001 22095
22097 22100
22102 22122
22127 22142
