60000600 60000626 60000000 60000636
60000637 60000653 60000637 60000749
60000750 60000759 60000750 60000765
60000766 60000780 60000766 60000790
60000791 60000800 60000791 60001013
60001014 60001031 60001014 60001147
60001148 60001161 60001148 60001206
60001207 60001306 60001207 60001351
60001352 60001365 60001352 60001441
60001442 60001461 60001442 60001507
60001508 60001521 60001508 60001577
60001578 60001592 60001578 60001719
60001720 60001732 60001720 60001854
60001855 60001868 60001855 60001913
60001914 60001926 60001914 69999999
