0
0
0
0
0
0
0
0
0
0
0
0
0
0
0
0
0
0
0
0
0
0
0
0
0
0
0
0
0
0
0
0
0
0
0
0
0
0
0
0
0
0
0
0
0
0
0
0
0
0
0
0
0
0
0
0
0
0
0
0
0
0
0
0
0
0
0
0
0
0
0
0
0
0
0
0
0
0
0
0
0
0
0
0
0
0
0
0
0
0
0
0
0
0
0
0
0
0
0
0
0
0
0
0
0
0
0
0
0
0
2
7
57
1625
10987
19925
19604
17561
16937
16431
16260
16316
16300
16902
17040
17173
17479
17532
17942
17753
18020
18226
18251
18448
18492
18526
18411
18540
18524
18500
18363
18228
18213
18066
18103
18069
17884
17929
17882
17720
17889
17882
17658
17844
17660
17423
17452
17580
17285
17672
17242
17378
17407
17463
17225
16993
17119
17167
16908
16947
17047
16796
16988
16848
16978
16875
16710
16636
16765
16622
16496
16764
16417
16537
16652
16326
16333
16541
16361
16461
16305
16168
16282
16237
16174
16103
16380
16077
16192
15905
16038
15880
15949
15984
15960
15535
16032
15859
16094
15916
15873
15770
15911
15591
15843
15773
15629
15384
15680
15669
15435
15482
15437
15211
15503
15211
15218
15382
15270
15193
15321
15065
15312
15474
15021
15240
15165
14989
15089
14864
15130
15055
15073
14983
14927
15131
14982
14902
14888
14697
15005
14844
14938
14940
15002
14744
14943
14792
14527
14664
14617
14683
14481
14469
14565
14646
14700
14530
14498
14630
14676
14310
14443
14506
14361
14491
14471
14539
14289
14278
14710
14468
14464
14215
14295
14134
14140
14259
14090
14322
14092
14163
14003
14060
14137
14094
14112
13988
14186
14030
14081
14079
13804
14175
13808
13875
13937
14042
13891
13743
13887
13798
13997
13603
13966
14010
13892
13730
13736
13824
14014
13798
13780
14176
13797
13830
13817
13663
13565
13665
13620
13787
13809
13685
13384
13640
13742
13336
13690
13537
13787
13529
13459
13795
13549
13526
13508
13423
13416
13595
13333
13637
13329
13749
13573
13425
13453
13332
13454
13285
13359
13392
13349
13438
13495
13253
13065
13187
13036
13108
13273
13146
12948
13250
13268
13189
13320
13230
13050
13130
13006
13034
13206
13083
13009
13082
13133
13177
12987
13054
12890
12766
13011
13076
13079
12798
13066
12910
12853
13003
12845
12932
12820
12986
13017
13022
12911
12948
13059
12994
12913
12834
12796
12593
12664
12715
12856
12765
12894
12699
12797
12888
12679
12670
12984
12594
12588
12512
12726
12717
12768
12871
12590
12382
12679
12515
12593
12739
12537
12484
12483
12568
12477
12511
12542
12340
12511
12712
12737
12457
12600
12446
12551
12380
12500
12478
12276
12447
12341
12565
12383
12364
12358
12519
12393
12393
12390
12408
12139
12360
12299
12421
12363
12264
12407
12471
12226
12471
12316
12434
12266
12176
12309
12504
12203
12287
12145
12299
12145
12143
12173
12308
12222
12161
12136
12204
12072
12166
12103
12020
12075
12083
12211
12005
12043
12065
12053
12120
12164
12229
11989
11932
12121
12194
12070
12072
12217
12053
12136
11978
11992
12073
11878
11917
11843
11827
12055
11843
11826
11743
11827
11976
12013
12079
11851
11923
11866
11733
11622
11804
12013
11496
11959
11855
11767
11791
11732
11800
11578
11891
11664
11654
11823
11724
11625
11667
11701
11890
11755
11803
11768
11652
11544
11803
11555
11578
11723
11661
11595
11802
11488
11644
11746
11691
11673
11325
11742
11673
11519
11631
11364
11538
11596
11506
11482
11600
11537
11559
11464
11407
11575
11421
11627
11436
11631
11431
11636
11365
11457
11318
11478
11329
11447
11518
11441
11246
11149
11409
11313
11315
11352
11235
11345
11338
11554
11187
11303
11406
11193
11334
11272
11314
11132
11269
11111
11245
11305
11176
11200
11177
11247
11068
11193
11177
11346
11214
11013
11319
11180
10936
11003
11181
11102
11170
11168
10978
11044
11021
11069
11041
11180
11148
11010
11082
11193
10884
10988
10982
11087
10929
11116
11070
11211
10953
10797
11064
11080
10801
10774
11096
10832
10982
10953
11205
10959
11047
10841
10807
10908
10960
10839
11008
10972
10714
10882
10724
10931
10557
10822
10913
10895
10810
10957
10781
10946
10872
10860
10840
10786
10832
10638
10811
10788
10628
10760
10780
10601
10771
10893
10975
10762
10846
11017
10720
10810
10842
10510
10768
10738
10736
10723
10580
10727
10739
10845
10581
10661
10775
10900
10754
10709
10673
10711
10508
10811
10644
10704
10539
10803
10767
10721
10814
10636
10895
10719
10556
10739
10683
10659
10731
10568
10689
10720
10533
10496
10780
10655
10761
10707
10632
10820
10704
10695
10869
10673
10773
10594
10653
10820
10784
10584
10689
10884
10871
10779
10860
10863
10831
10933
10854
10899
11118
10843
10872
11313
11121
11088
11178
11229
11258
11382
11417
11454
11620
11599
11496
11751
11582
11787
11617
12014
12284
12386
12472
12315
12534
12618
12673
12799
13090
13316
13357
13503
13755
13867
13765
14124
14042
14316
14222
14424
14570
14731
14745
15018
14956
15083
14980
15348
15494
15252
15672
15752
15976
15753
16010
16291
16293
16412
16451
16660
16597
16762
16954
17017
17135
17352
17196
17378
17765
17784
17905
18150
18066
18021
18070
18008
18016
17879
17814
17507
17422
17032
16877
16981
16757
16312
16417
16334
16007
15767
15617
15518
15210
14863
14610
14518
14217
14085
13714
13458
13371
13240
13039
12936
12541
12296
12214
12034
11796
11714
11418
11179
11341
11116
10865
10987
10698
10822
10759
10500
10613
10542
10550
10312
10573
10498
10481
10261
10421
10381
10093
10308
10402
10337
10493
10239
10324
10232
10182
10375
10490
10342
10290
10157
10324
10454
10192
10289
10409
10319
10179
10367
10433
10514
10515
10431
10410
10366
10311
10407
10341
10516
10215
10560
10326
10414
10448
10498
10618
10321
10481
10278
10664
10637
10405
10582
10549
10485
10422
10469
10396
10547
10560
10498
10485
10283
10558
10424
10621
10593
10744
10618
10601
10480
10504
10661
10555
10391
10629
10753
10676
10608
10624
10696
10686
10631
10677
10658
10827
10777
10789
10717
10645
10715
10853
10644
10908
10575
10818
10844
10857
10803
10865
10849
10885
10666
11005
10912
10961
11119
10877
10895
11030
10948
11150
11236
11042
10866
10999
10962
11049
10836
11090
10980
11150
11065
11114
11204
11065
11067
11287
11167
11051
11072
11310
11105
11306
11316
11318
11440
11146
11125
11331
11336
11383
11245
11332
11282
11467
11404
11190
11312
11506
11401
11464
11398
11242
11525
11367
11451
11391
11364
11461
11576
11556
11523
11551
11454
11606
11528
11621
11463
11527
11534
11541
11727
11564
11670
11677
11723
11592
11657
11817
11484
11850
11783
11769
11812
11513
11741
11714
11817
11703
11711
11594
11806
11979
11946
12007
11718
11528
12008
11744
11829
11945
11750
11986
11940
11996
12086
11915
11902
11962
11849
12008
12077
12006
12041
11985
11954
12100
12037
12061
12228
12034
12355
12239
12073
12175
11931
12306
12123
12118
12137
12275
12313
12170
12359
12261
12258
12234
12073
12288
12260
12171
12339
12315
12259
12258
12263
12259
12489
12388
12408
12207
12276
12375
12346
12440
12280
12259
12335
12398
12358
12275
12657
12373
12535
12470
12606
12343
12332
12464
12531
12558
12607
12440
12601
12660
12465
12562
12703
12534
12666
12629
12497
12485
12538
12523
12788
12622
12629
12752
12585
12623
12696
12756
12688
12874
12842
12874
12708
12906
12814
12799
12874
12950
12696
12910
12852
12786
12940
12955
12865
12916
12827
12906
12648
12906
12712
12745
12739
12913
12961
13061
13044
12915
13139
13048
13179
12873
13129
12748
13197
13077
12990
12951
13161
13107
13291
13157
13229
13014
13225
13275
13330
13027
13160
13426
13004
13026
13014
13365
13353
13179
13354
13356
13371
13278
13440
13157
13283
13492
13409
13355
13359
13349
13493
13300
13409
13305
13529
13418
13634
13194
13500
13405
13611
13458
13388
13475
13486
13596
13460
13422
13201
13377
13493
13628
13562
13347
13591
13557
13536
13367
13645
13628
13741
13697
13472
13700
13679
13695
13647
13765
13554
13803
13803
13728
13817
13970
13764
13935
13821
13752
13723
13897
13861
14024
13637
14182
13794
13878
13924
13874
13754
13817
13880
13870
13897
14209
13829
13843
14195
14035
14057
14090
14109
13976
14044
14067
14319
14069
14042
14026
14258
14281
14226
14035
14115
14103
14001
14398
14484
14226
14329
14223
14284
14215
14438
14219
14317
14482
14549
14262
14330
14459
14362
14331
14366
14546
14256
14528
14439
14519
14534
14762
14468
14523
14454
14509
14640
14487
14917
14655
14829
14631
14831
14468
14597
14773
14471
15008
14799
14964
14810
15025
15007
14818
14998
14845
14835
15004
14765
14937
15085
14938
14907
14952
15032
15017
14999
14985
15124
15147
15019
15247
15321
15425
15372
15257
15023
15222
15225
15126
15297
15125
15133
15393
15446
15573
15395
15362
15688
15388
15668
15463
15533
15592
15695
15465
15482
15355
15660
15500
15619
15619
15474
15471
15649
15741
15865
15660
15815
15552
15733
16012
15837
16107
15942
16065
15833
16072
15899
15959
15945
16034
16085
16127
16049
15973
15676
16067
15906
16002
16203
16118
15991
16046
16095
16168
15947
16250
15999
16287
16263
16157
16410
16369
16132
15985
16251
16175
16263
16397
16300
16455
16347
16180
16329
16484
16544
16323
16424
16434
16668
16722
16418
16568
16412
16618
16468
16515
16661
16739
16476
16625
16621
16615
16513
16653
16711
16597
16554
16584
16726
16925
16697
16859
16895
16984
16735
17070
16824
16918
17111
17195
17199
17064
17072
16945
16944
16922
17202
17002
17226
17246
17496
17276
17491
17393
17478
17486
17432
17527
17610
17538
17794
17869
17561
17398
17709
17778
17723
17952
17637
17691
18069
17712
17945
17751
18014
18036
18017
18052
17859
18074
18249
18266
17911
18308
18268
18192
18110
18314
18220
18214
18079
18143
18127
18248
18309
18202
18484
18508
18385
18108
18136
18497
18415
18331
18294
18223
18261
18351
18312
18339
18295
18322
18186
18337
18298
18464
18550
18326
18279
18597
18414
18267
18552
18310
18453
18377
18438
18471
18330
18349
18644
18306
18563
18533
18641
18573
18509
18801
18711
18641
18552
18725
18675
18772
18751
18613
19223
18845
18867
18661
19055
18963
18748
18962
18962
18864
19145
19058
18865
18985
19068
18919
19170
19151
19101
18871
19253
18809
19015
19221
19184
19021
19292
19279
19085
19153
19399
19292
19438
19614
19428
19358
19445
19427
19356
19402
19587
19154
19402
19318
19244
19308
19135
19150
18955
19005
19007
18813
19167
18959
18734
18672
18391
18535
18394
18276
18402
18187
18059
18047
18055
18088
18148
17800
17671
17682
17835
17568
17425
17551
17326
17633
17302
17068
17435
17159
17218
16984
17214
17041
16904
16906
16970
16748
16890
16944
17086
16722
16772
16971
16765
16673
16737
16524
16632
16768
16757
16490
16636
16687
16532
16731
16614
16910
16527
16460
16642
16706
16387
16316
16569
16479
16321
16330
16398
16391
16504
16320
16380
16639
16360
16246
16211
16652
16272
16545
16445
16244
16459
16294
16286
16159
16293
16398
16410
16298
16271
16331
16124
16257
16135
16524
16011
16233
16039
16537
16122
16136
16213
16057
16420
16003
16080
16033
16064
16118
16186
15978
16112
16142
16065
16007
16024
15841
16091
16062
15714
15826
16042
15957
15952
15895
15838
16065
15820
15765
15884
15846
15998
16081
15778
15899
16107
15751
15667
16017
15961
15940
15745
15647
15600
15516
15938
15940
15902
15708
15933
15845
15808
15773
15880
15968
15821
15762
15581
15952
15775
15686
15556
15811
15800
15806
15817
15841
15648
15799
15958
15712
15798
15701
15725
15687
15664
15807
15482
15500
15798
15591
15905
15546
15830
15521
15626
15801
15449
15513
15573
15922
15600
15254
15591
15578
15501
15682
15593
15672
15485
15486
15560
15489
15414
15749
15505
15571
15660
15508
15361
15300
15740
15518
15495
15426
15500
15534
15309
15335
15275
15780
15452
15378
15718
15420
15300
15567
15545
15318
15356
15541
15573
15332
15467
15252
15381
15308
15358
15429
15490
15531
15436
15260
15401
15367
15256
15399
15280
15411
15183
15329
15225
15526
15444
15296
15204
15324
15463
15443
15467
15184
15298
15439
15486
15487
15355
15499
15387
15357
15388
15422
15232
15319
15085
15176
15428
15336
15192
15279
15210
15282
15258
15357
15158
15395
15406
15115
15413
15248
15097
15146
15103
15391
15319
15263
15203
15338
15524
15021
15119
15277
15190
15360
15138
15192
15409
15281
15464
15308
15433
15094
15484
15125
15224
15296
15271
15428
15267
15206
15277
15374
15268
15358
15251
15351
15149
15273
15564
15279
15338
15159
15388
15366
15393
15096
15223
15358
15214
15199
15107
14980
15139
15145
15225
15091
15041
15330
15291
15217
15110
15404
15171
15075
15396
15125
15081
15205
15086
15276
15388
15212
15120
15078
15151
15202
15049
15033
15152
15308
15139
15245
14995
15229
15165
15044
14870
15192
14990
15039
15164
14949
15141
15239
15073
15040
15145
15211
14856
15000
14919
14942
15137
15189
15024
15076
15033
15027
14977
14870
14838
14696
15207
15046
15200
14818
15053
14863
15028
15157
14991
14968
14937
14760
14928
14712
15005
14747
14861
14631
14886
14560
14804
14836
14750
14834
15019
14678
14810
14603
14610
14710
14581
14460
14476
14458
14476
14605
14541
14601
14324
14479
14468
14326
14332
13926
14022
14098
14132
14369
14203
14119
14109
14122
14135
14023
13841
13948
13953
13796
13825
13668
13888
13757
13716
13581
13558
13538
13559
13247
13362
13247
13226
13444
13468
13223
13382
13102
13260
13114
13100
12853
13110
13116
12917
13147
13023
12859
12556
12731
12777
12561
12587
12767
12769
12760
12646
12568
12639
12331
12518
12566
12414
12548
12177
12310
12400
12322
12092
12206
12407
12183
12318
12116
12188
11992
12031
11967
11924
11971
11981
11985
11954
11931
12007
11913
11737
11742
11881
11840
11718
12060
11664
11818
11788
11435
11506
11780
11492
11802
11734
11609
11627
11635
11395
11570
11491
11312
11526
11349
11373
11652
11353
11344
11424
11375
11448
11431
11409
11424
11443
11292
11339
11278
11332
11482
11391
11318
11189
11415
11362
11387
11312
11145
11230
11018
11048
11141
11220
11231
11135
11217
11273
11194
11324
11099
11287
11279
11188
11226
11319
11377
11252
11352
11420
11347
11112
11608
11410
11271
11424
11254
11346
11474
11341
11587
11664
11312
11422
11712
11351
11524
11269
11538
11561
11615
11689
11374
11482
11457
11617
11480
11724
11572
11705
11645
11787
11710
11743
11849
11859
12031
11999
11675
11807
11781
11807
11891
11873
11867
11750
11715
11763
11930
11705
11762
11788
11677
11670
11543
11500
11541
11405
11603
11392
11314
11119
11140
10941
11241
11059
11107
11084
10816
10859
10701
10932
10629
10681
10450
10767
10581
10485
10569
10383
10289
10266
10373
10162
10365
10252
10341
10068
10264
10173
10250
10440
10107
10148
10009
10233
10046
9963
9997
9941
9884
10031
9881
9952
9800
9981
9878
9666
9819
9807
9646
9964
9929
9868
9741
9820
9782
9654
9977
9668
9473
9896
9555
9768
9611
9920
9661
9489
9599
9527
9621
9750
9482
9710
9459
9422
9784
9562
9586
9567
9486
9477
9590
9570
9279
9456
9466
9539
9585
9445
9472
9344
9302
9207
9351
9476
9295
9258
9136
9518
9282
9256
9279
9259
9223
9390
9210
9325
9263
9121
9172
9148
9238
9117
9194
9187
9341
9233
9122
9213
9143
9067
9049
9116
9245
8994
9303
9101
9068
8929
9025
8942
8996
9013
9077
9138
9147
8914
8871
9041
8958
9096
8988
9013
8922
8856
8808
9016
9135
8962
9058
9091
8863
8897
8817
8851
8882
8844
8997
8950
8757
8835
8873
8830
8750
8719
8778
8979
8633
8771
8832
8846
8759
8788
8616
8785
8572
8763
8740
8677
8622
8636
8744
8753
8725
8574
8816
8699
8643
8686
8496
8602
8714
8693
8630
8663
8528
8750
8551
8545
8705
8434
8541
8619
8512
8515
8556
8427
8404
8429
8554
8495
8431
8486
8273
8388
8424
8452
8367
8403
8499
8341
8491
8497
8450
8425
8450
8404
8302
8460
8274
8347
8445
8404
8330
8336
8240
8378
8397
8430
8459
8290
8336
8363
8210
8430
8380
8364
8254
8417
8300
8359
8262
8055
8270
8082
8249
8289
8072
8222
8274
8172
8293
8303
8360
8240
8107
8228
8123
8208
8077
8193
8133
8115
8131
8132
8170
7970
8167
8180
8023
8145
8256
8036
8064
8154
8051
8041
8178
8072
8059
8066
7896
8026
7917
8002
7927
7940
8128
8032
7795
8074
7894
7890
7950
7980
7964
7966
7870
7916
7998
7940
7949
7899
7822
7861
7936
7876
7826
7914
7896
7912
7845
7905
7911
7916
7814
7830
7844
7936
8024
7896
7794
8026
7922
8019
7853
7919
8040
7803
7831
7759
7854
7904
7677
7898
7921
7779
7728
7835
7696
7870
7718
7845
7734
7730
7684
7668
7608
7589
7615
7805
7673
7754
7777
7700
7697
7586
7702
7563
7688
7669
7522
7854
7654
7615
7685
7640
7616
7712
7715
7567
7684
7713
7587
7551
7583
7731
7631
7556
7551
7524
7790
7549
7584
7661
7658
7550
7666
7505
7693
7541
7505
7535
7560
7460
7576
7580
7384
7459
7652
7576
7509
7352
7527
7606
7583
7289
7564
7587
7256
7412
7410
7557
7582
7473
7424
7376
7399
7449
7458
7360
7465
7512
7419
7328
7482
7342
7321
7344
7427
7537
7394
7346
7455
7462
7322
7294
7363
7403
7410
7429
7301
7484
7370
7591
7327
7369
7371
7415
7520
7359
7541
7544
7628
7626
7753
7589
7855
7863
8004
8034
8140
8223
8273
8632
8795
8832
9004
9116
9304
9620
9755
9858
10086
10269
10609
10872
10962
11429
11460
11923
12116
12628
12817
13148
13618
13782
14215
14425
14532
14942
15284
15519
15865
16229
16507
16729
17200
17181
17691
17945
18306
18337
18630
19146
19308
19355
20126
20210
20766
20867
21168
21395
21752
21949
22618
22863
23074
23361
23453
24104
23973
24415
24716
24597
24707
24684
24470
24647
24360
24163
24074
23668
23314
22810
22411
22193
21655
21082
20633
20130
19560
18837
18415
17772
17073
16697
15813
15421
14703
14442
13898
13303
12831
12405
11878
11448
11099
10660
10234
9979
9530
9299
9118
8800
8652
8466
8168
8155
7963
7721
7530
7417
7386
7157
7140
7157
7114
6947
6813
6969
6879
6678
6600
6895
6895
6678
6586
6724
6614
6685
6660
6545
6549
6631
6519
6694
6570
6633
6522
6451
6463
6443
6343
6477
6522
6483
6539
6397
6384
6399
6525
6511
6386
6412
6373
6323
6625
6360
6393
6485
6451
6503
6313
6525
6581
6527
6217
6433
6549
6218
6451
6311
6480
6397
6439
6405
6235
6312
6437
6363
6454
6384
6487
6272
6397
6426
6330
6389
6421
6319
6508
6500
6271
6427
6491
6335
6454
6371
6306
6434
6338
6277
6377
6274
6290
6383
6362
6281
6372
6227
6294
6363
6336
6412
6306
6385
6370
6314
6437
6397
6332
6317
6402
6246
6451
6376
6293
6442
6336
6355
6318
6464
6320
6266
6336
6306
6373
6365
6301
6382
6411
6381
6468
6260
6339
6243
6382
6330
6472
6341
6517
6491
6298
6219
6378
6470
6388
6387
6313
6355
6373
6649
6749
6705
6852
6911
6828
6994
7204
7418
7272
7440
7657
7797
8086
8481
8617
8961
9248
9392
9887
10186
10785
10912
11520
12166
12669
13184
13505
14187
14677
15496
16205
16778
17473
18051
18894
19463
20298
21185
21716
22615
23279
23817
24648
25850
26070
27176
27944
28398
29026
29877
30274
31286
31759
32890
33189
33803
34549
35374
36133
36787
37350
38572
38987
39792
40315
41047
41876
42824
43238
44119
44841
45724
45955
46613
46984
47515
47888
47573
47932
47215
47218
47037
46531
46216
45163
44285
43449
42484
41351
40141
39145
37611
36545
34992
33851
32744
31142
30001
28573
26982
25730
24223
22985
21982
20786
19474
18479
17690
16485
15530
14487
13881
13097
12383
11465
11168
10223
10078
9471
8982
8583
8182
7695
7640
7320
7064
6902
6507
6510
6110
6210
6194
5860
5762
5670
5679
5596
5584
5576
5545
5350
5372
5303
5458
5254
5238
5269
5307
5119
5151
5160
5101
5150
5071
5183
5082
5053
4946
5081
5095
4992
4927
4916
4951
5115
4972
4810
4992
5015
4964
4893
4944
4883
4961
4920
4757
4925
5038
4876
4839
4978
4808
4777
4876
4863
4941
4875
4981
4919
4935
4791
4700
4911
4806
4706
4871
4812
4804
4842
4848
4726
4817
4873
4818
4737
4833
4746
4859
4860
4780
4617
4934
4856
4839
4708
4773
4738
4783
4726
4719
4771
4639
4683
4804
4786
4704
4779
4732
4729
4671
4710
4578
4694
4780
4742
4673
4566
4714
4716
4576
4695
4630
4807
4634
4701
4723
4608
4695
4561
4640
4658
4556
4647
4766
4717
4531
4599
4548
4591
4711
4685
4603
4586
4678
4662
4591
4695
4680
4632
4647
4617
4638
4668
4613
4611
4559
4617
4652
4646
4611
4540
4567
4617
4532
4588
4558
4592
4552
4566
4512
4598
4487
4601
4685
4694
4540
4546
4532
4571
4484
4577
4632
4562
4648
4500
4652
4469
4619
4725
4570
4519
4548
4548
4681
4432
4543
4641
4531
4571
4507
4581
4580
4511
4435
4472
4495
4528
4536
4468
4516
4460
4506
4401
4529
4566
4372
4437
4486
4508
4542
4432
4459
4433
4448
4495
4506
4467
4512
4241
4429
4527
4452
4500
4488
4423
4443
4574
4491
4522
4554
4440
4408
4442
4328
4488
4382
4543
4446
4451
4456
4469
4429
4492
4402
4585
4458
4578
4458
4450
4416
4499
4380
4342
4504
4485
4417
4479
4424
4427
4278
4221
4523
4448
4355
4442
4429
4370
4476
4316
4394
4385
4406
4406
4312
4362
4430
4392
4421
4520
4405
4341
4446
4190
4371
4375
4400
4321
4373
4355
4339
4497
4386
4309
4477
4496
4215
4264
4340
4301
4408
4352
4314
4343
4382
4324
4350
4276
4286
4315
4458
4281
4469
4282
4373
4347
4345
4336
4259
4299
4349
4339
4472
4462
4318
4332
4324
4296
4244
4337
4299
4301
4277
4314
4326
4320
4434
4296
4351
4232
4319
4272
4367
4303
4280
4253
4354
4284
4316
4460
4436
4215
4393
4285
4325
4276
4435
4358
4434
4375
4344
4350
4315
4305
4278
4329
4400
4415
4399
4351
4387
4420
4350
4383
4409
4435
4443
4392
4395
4475
4321
4399
4421
4591
4400
4472
4374
4392
4456
4403
4466
4452
4501
4431
4373
4462
4392
4592
4525
4485
4470
4627
4552
4539
4595
4634
4624
4600
4705
4720
4668
4698
4794
4817
4790
4950
5053
5009
5141
5244
5309
5317
5329
5506
5836
6060
6421
6503
6752
7007
7429
7725
8292
8897
9406
9930
10718
11375
12169
13351
13834
14866
15931
17323
18234
19977
21085
22751
24057
25481
27458
29026
30728
32922
34643
36330
38431
40535
42584
44372
46575
48994
51249
53252
55387
57626
59496
62218
64083
65791
68287
70723
72495
74603
76866
78420
80597
83044
85532
86983
89016
91231
93648
95290
97458
100480
102582
104682
106671
107947
110697
112385
113743
116723
118079
119666
120891
121670
123204
123506
123136
123434
122733
122028
121571
119560
118187
116414
114165
111114
108629
105568
102895
99596
96020
92156
88728
84745
80692
78175
73112
69287
65464
61596
58515
54712
50884
47507
44408
41105
38134
35225
32872
30370
28104
25853
23636
21606
20055
18084
16433
15280
14110
12862
11806
10917
10012
9239
8441
7739
7380
6716
6392
5913
5560
5059
4845
4629
4391
4157
4046
3866
3664
3552
3384
3429
3108
3109
2943
2956
2816
2775
2722
2561
2616
2473
2464
2503
2369
2364
2369
2283
2220
2295
2247
2234
2278
2202
2270
2196
2093
2201
2150
2158
2116
2053
2110
2057
2094
2027
2033
2020
2067
1934
2027
2014
1946
2066
2005
1956
1988
2005
1902
1966
1969
1917
1986
1857
1851
1908
1870
1868
1912
1915
1951
1931
1804
1877
1858
1874
1795
1799
1837
1835
1790
1805
1875
1873
1801
1766
1772
1778
1820
1812
1788
1770
1749
1742
1687
1779
1726
1775
1773
1777
1729
1776
1811
1750
1762
1681
1813
1700
1776
1676
1673
1762
1711
1703
1747
1698
1731
1738
1678
1656
1668
1654
1741
1711
1735
1686
1645
1710
1698
1657
1642
1715
1693
1717
1692
1670
1633
1724
1660
1710
1723
1667
1734
1675
1645
1641
1628
1669
1704
1712
1755
1646
1667
1755
1706
1763
1752
1782
1829
1831
1745
1852
1879
1889
1960
1977
1997
2153
2105
2257
2301
2508
2552
2636
2743
2817
3038
3122
3308
3528
3654
3778
3997
4248
4402
4575
4768
5011
5297
5518
5885
5966
6206
6557
6893
7117
7364
7753
8022
8183
8656
8923
9333
9462
9798
9993
10281
10779
10874
11228
11425
11755
11928
12329
12600
12738
13061
13332
13917
13977
14316
14674
14607
14830
15423
15677
16019
16263
16431
16747
16821
16966
16954
17168
17231
17194
17254
17245
16958
17030
16705
16721
16108
16038
15564
15185
14938
14846
13996
13668
13181
12625
12263
11851
11226
10611
10276
9579
9101
8708
8190
7718
7177
6701
6340
6069
5627
5260
5010
4570
4315
4036
3797
3650
3380
3219
2892
2831
2611
2498
2366
2279
2091
2041
1970
1905
1747
1785
1670
1633
1596
1526
1478
1507
1393
1427
1388
1371
1294
1283
1297
1235
1230
1239
1125
1198
1206
1171
1218
1176
1145
1158
1139
1176
1146
1137
1147
1153
1184
1140
1150
1121
1125
1140
1102
1137
1104
1109
1113
1133
1136
1088
1105
1080
1136
1058
1117
1098
1039
1029
1052
1049
1073
1030
1002
1025
1067
1041
1041
1019
1008
1082
1055
1050
1015
1064
1031
1018
1040
1065
1064
1070
1066
1025
1068
1008
1024
1051
1054
1038
1039
1079
1058
1017
984
992
991
1041
984
1050
1048
1015
944
1021
1027
1038
1015
964
1017
1036
1057
915
1037
961
966
950
1049
972
955
958
978
1046
990
976
994
941
905
932
991
996
965
965
977
1046
969
919
946
965
1038
985
982
1014
970
949
972
965
891
961
937
932
895
940
906
944
976
932
941
882
943
924
998
909
931
892
926
931
934
953
878
968
935
914
968
915
941
936
905
920
905
894
937
900
890
966
906
891
883
889
875
919
910
909
904
915
893
848
862
939
932
893
851
918
841
859
952
900
807
875
901
903
850
939
871
860
881
893
853
941
884
888
912
875
861
895
896
834
887
888
887
857
879
899
843
866
851
849
878
887
907
809
881
858
899
896
877
862
833
896
861
866
843
837
846
836
811
898
861
789
829
868
872
821
876
854
847
868
854
790
839
846
864
842
843
833
867
813
826
785
848
852
816
866
806
872
826
818
893
797
751
819
852
813
878
843
876
860
758
852
791
847
794
849
827
856
811
846
811
796
829
817
809
835
811
808
842
821
844
835
839
803
840
816
859
804
768
783
787
797
801
805
858
795
848
797
810
841
867
762
801
813
864
778
798
851
799
845
767
795
798
786
799
832
848
825
804
768
826
782
765
754
787
747
774
752
808
797
784
766
790
801
787
836
744
772
819
810
818
786
784
789
776
747
825
817
815
814
789
832
765
768
788
805
767
811
774
760
778
805
761
783
826
782
756
757
828
774
804
818
841
760
756
780
783
791
796
767
817
787
763
765
795
801
698
818
788
782
754
748
774
775
785
758
804
773
768
774
787
746
779
752
827
784
827
814
767
756
808
820
816
794
823
776
787
767
840
734
781
795
843
829
845
831
769
793
836
861
877
855
826
842
847
830
866
923
818
863
889
892
853
859
859
899
831
872
860
884
883
868
930
892
911
925
841
836
898
902
914
880
923
850
915
868
952
899
918
970
907
967
930
872
872
889
831
892
888
886
831
864
825
867
862
887
863
807
788
758
806
788
817
782
728
790
759
775
774
766
742
723
706
714
711
687
712
717
706
728
714
692
701
668
699
684
656
662
658
650
615
644
636
680
660
686
670
642
687
663
670
667
673
668
639
656
660
637
668
658
646
712
679
613
640
677
665
629
644
604
654
703
638
670
631
652
691
685
628
682
659
717
655
643
684
664
680
617
628
630
658
669
613
573
635
638
684
693
672
660
634
653
626
667
632
635
664
694
615
619
656
624
653
602
607
655
664
634
684
693
620
650
646
603
574
646
641
590
631
587
587
655
590
576
606
613
650
628
672
631
632
626
625
641
660
684
553
586
632
669
624
660
602
648
649
652
624
608
635
616
619
635
670
608
603
600
611
636
629
586
638
626
610
632
638
619
660
621
558
638
557
612
623
585
574
644
600
603
598
649
599
578
587
617
567
632
614
602
631
656
597
598
626
649
582
582
637
593
628
602
579
595
602
603
604
566
585
554
659
606
644
578
628
566
615
579
605
571
626
615
584
636
597
585
577
574
615
596
644
588
603
631
563
598
590
587
590
568
597
611
583
587
612
602
595
593
605
601
641
617
603
608
585
531
546
566
554
589
585
584
550
544
575
546
571
572
578
594
575
566
566
562
604
551
579
576
572
560
539
533
595
577
580
557
582
567
585
516
591
563
610
511
579
571
557
559
555
503
574
589
556
523
572
549
505
564
533
575
523
539
557
583
579
561
577
529
536
547
578
566
529
620
578
579
558
555
547
577
518
560
564
559
589
575
540
585
581
563
524
538
539
538
532
532
531
522
506
518
591
562
566
490
527
577
553
533
556
507
541
545
539
543
508
591
572
546
547
574
501
545
503
511
533
542
541
579
557
590
517
541
558
548
501
540
584
511
545
556
506
519
574
492
544
544
516
532
589
550
517
459
522
529
511
546
539
566
523
493
534
507
524
511
555
521
511
532
516
531
505
491
550
527
504
539
535
467
477
523
453
499
516
500
510
498
524
487
499
542
476
499
497
555
474
533
503
535
495
549
505
502
541
459
509
528
473
505
506
526
516
473
471
499
493
482
463
482
511
496
495
491
496
495
476
543
522
441
496
519
545
468
504
480
509
508
512
508
521
478
532
483
477
513
513
499
519
515
531
456
507
486
523
507
485
507
509
523
496
440
495
473
476
487
483
473
514
474
463
516
494
512
497
474
501
495
458
524
516
517
472
481
457
470
478
491
447
484
433
494
462
480
473
496
470
479
499
468
507
460
452
458
502
442
484
436
466
491
453
491
474
474
433
509
457
451
484
433
460
508
503
442
465
500
489
428
493
473
472
482
484
464
461
498
464
479
456
459
500
431
441
417
461
530
446
475
460
454
462
447
465
451
499
448
436
490
424
449
430
425
462
485
452
477
458
438
463
486
467
421
436
451
509
458
453
413
417
443
473
435
435
440
516
459
479
424
460
458
443
420
484
435
451
476
465
421
447
444
440
479
446
463
440
419
465
416
451
448
430
418
471
423
470
421
447
396
446
441
445
461
433
441
440
432
451
452
406
436
456
425
423
453
422
462
418
413
445
412
417
431
438
438
488
421
450
438
466
443
408
417
424
417
467
412
454
468
427
469
459
433
400
407
458
386
395
503
431
439
408
412
447
440
472
415
470
440
446
431
433
458
422
435
420
438
441
453
436
423
429
431
409
420
418
425
439
390
431
433
428
402
398
429
467
416
398
432
405
429
414
404
457
440
448
431
414
403
387
405
427
402
413
429
396
393
419
430
401
451
416
436
425
371
385
418
435
400
409
395
384
419
358
377
393
417
386
380
422
406
383
399
368
440
393
406
401
382
397
404
387
386
414
392
357
402
398
440
389
393
390
380
405
395
408
375
380
398
399
393
381
399
379
378
359
340
374
381
377
433
382
383
374
384
362
389
399
373
393
386
376
361
377
402
377
379
444
419
422
391
342
382
379
346
392
369
348
390
378
357
352
388
355
356
383
351
347
371
384
354
352
330
349
365
364
360
407
350
351
362
372
331
379
338
389
363
395
347
371
338
382
341
354
367
346
339
381
355
363
342
346
340
356
307
371
376
342
348
365
337
360
345
344
373
350
360
336
368
345
352
326
359
339
373
319
372
346
361
370
333
363
334
336
322
342
338
335
347
349
385
324
347
369
332
321
318
338
351
339
370
344
321
325
312
339
342
353
328
363
334
328
331
323
355
376
345
333
380
342
335
328
329
320
354
340
345
336
317
320
333
344
333
307
301
340
324
335
321
347
302
325
330
348
306
312
325
325
350
314
347
330
324
324
321
318
327
286
334
332
340
322
346
318
338
328
353
362
308
361
329
320
355
305
334
344
321
329
314
340
308
326
277
317
345
317
331
307
316
328
308
261
340
288
296
312
308
324
304
326
289
307
340
321
276
323
278
318
300
336
314
309
266
305
307
318
316
316
328
306
318
310
309
303
309
303
375
306
320
320
279
325
325
299
353
313
311
308
329
315
311
300
333
302
312
294
312
293
303
338
288
331
288
298
281
304
284
293
303
324
291
311
297
302
304
303
319
300
300
295
318
304
320
296
314
281
297
288
313
274
286
305
301
307
299
308
306
280
271
293
269
307
287
275
286
283
306
305
300
298
275
277
295
309
275
284
302
304
290
290
315
279
295
285
309
300
288
303
290
289
251
265
302
248
277
312
286
271
289
297
260
268
284
283
291
273
278
306
275
296
284
267
286
300
277
269
296
289
266
324
283
250
298
274
275
304
268
262
268
291
265
272
273
244
272
261
306
240
252
299
250
259
252
263
262
226
281
278
272
244
295
281
262
289
263
271
291
263
258
251
251
235
245
255
245
259
258
281
255
252
275
253
250
284
267
277
267
276
267
258
229
242
256
240
223
239
250
253
267
273
229
244
257
265
256
240
287
277
244
240
291
267
260
272
248
261
279
272
251
235
265
224
259
256
262
232
252
232
240
204
254
238
248
251
243
232
251
264
251
272
240
234
221
235
284
239
240
243
249
240
223
247
239
258
227
251
253
238
229
273
229
248
262
257
262
236
228
255
258
213
248
232
230
247
245
264
243
231
236
238
240
231
226
266
230
245
235
254
199
220
225
265
244
236
243
259
225
234
223
219
234
256
234
239
238
249
239
215
231
221
267
259
233
228
235
242
214
239
242
224
237
219
237
219
250
232
215
231
237
200
234
243
216
227
229
238
218
224
245
190
227
212
232
246
232
228
219
228
229
238
206
251
240
253
247
234
251
236
257
214
232
215
235
227
212
218
232
197
222
237
233
240
224
235
215
220
224
236
208
248
249
236
235
212
216
264
224
240
234
229
208
227
249
258
237
200
187
234
214
207
212
211
228
242
208
228
225
219
224
234
209
200
193
214
249
187
223
244
251
210
175
238
221
195
207
220
195
248
216
202
202
232
207
217
199
222
176
214
191
208
194
224
200
218
202
191
190
206
207
200
200
193
198
178
198
209
231
164
224
208
200
200
174
200
236
183
215
197
205
174
157
173
198
209
188
178
217
178
208
210
194
193
187
183
208
211
183
166
188
217
205
202
181
189
198
200
186
199
211
202
227
230
200
197
182
173
204
217
184
200
197
186
187
192
176
194
194
198
170
172
186
181
192
192
207
208
195
187
181
192
163
216
201
164
207
173
195
219
180
181
176
205
177
192
204
182
197
206
204
172
174
176
191
163
204
205
184
177
210
161
190
190
191
183
186
180
190
183
196
190
195
169
194
195
198
179
172
185
197
191
182
189
181
186
178
199
171
190
192
181
178
205
170
176
178
189
176
185
186
184
177
196
180
193
186
165
202
169
194
166
183
188
174
207
188
194
198
214
179
187
183
173
191
213
200
176
181
197
185
172
180
182
203
194
192
202
200
189
194
193
176
200
193
182
185
189
170
175
222
187
188
181
186
204
188
189
187
169
201
199
182
205
199
193
193
176
176
192
215
184
165
205
187
197
172
205
205
176
209
198
185
173
184
184
211
151
165
177
175
198
209
170
190
186
180
186
189
173
161
170
196
203
178
172
173
181
173
178
177
156
183
156
167
170
170
176
165
177
133
155
189
161
161
180
171
173
163
155
160
167
175
138
178
163
153
177
158
162
160
165
149
163
168
151
186
171
149
188
184
172
156
150
157
162
161
152
142
159
179
179
171
130
168
133
160
169
163
162
166
154
169
151
165
176
156
158
161
155
173
173
181
168
129
142
175
152
155
180
160
178
165
164
155
163
166
147
152
155
165
157
164
164
150
164
167
181
160
155
141
175
179
153
153
138
165
149
148
162
160
153
158
142
165
154
156
173
168
153
167
157
154
134
138
174
158
157
148
158
175
160
144
176
159
150
150
155
167
158
154
170
174
156
154
185
160
135
153
149
149
188
148
148
130
182
170
157
156
183
160
159
160
153
168
160
169
175
137
155
176
158
165
164
175
163
143
137
161
153
155
173
172
166
188
137
134
178
162
161
185
176
175
170
170
166
144
140
152
200
175
121
172
168
175
174
182
161
168
168
170
175
179
154
153
161
165
170
186
141
174
182
177
174
163
175
151
160
174
149
145
149
149
152
181
159
167
143
161
141
125
130
143
146
152
150
156
145
129
158
161
148
157
144
130
138
144
142
131
153
138
127
127
136
116
138
142
130
118
137
138
127
115
129
116
105
148
132
136
144
127
125
121
162
140
128
130
120
141
133
145
140
120
154
142
121
139
121
146
133
118
121
150
135
118
136
121
124
129
143
105
144
139
130
126
141
149
126
123
112
136
115
137
114
119
147
146
137
144
140
117
134
129
136
129
134
113
130
122
145
146
136
120
135
121
128
121
155
129
137
141
116
145
147
146
132
139
123
124
135
128
140
133
116
121
145
131
136
147
141
134
129
125
129
118
146
140
140
125
144
122
160
135
127
128
119
146
144
132
137
109
152
152
130
133
152
132
112
131
151
122
138
138
143
143
128
124
147
132
144
130
131
109
117
147
135
147
137
116
152
145
149
122
130
132
135
141
148
152
157
137
123
159
125
137
149
161
146
143
146
155
131
135
145
148
149
140
139
150
162
131
146
151
162
140
150
159
141
156
156
143
146
164
169
154
163
182
136
153
167
168
150
165
179
179
174
162
166
131
185
179
132
174
148
154
186
154
170
162
164
162
169
140
159
170
160
168
143
147
172
151
147
158
136
144
148
168
168
149
153
137
122
138
130
125
119
128
125
120
134
131
136
101
109
107
101
105
91
85
102
114
107
106
108
93
110
92
92
97
108
90
88
81
95
89
84
71
95
99
85
103
85
101
90
115
101
92
79
70
89
105
95
90
105
80
87
92
82
85
82
81
85
80
98
87
76
81
95
78
114
83
66
91
81
77
76
86
84
95
94
100
97
96
84
87
85
83
82
86
89
89
86
88
81
75
72
75
84
73
91
88
75
111
91
91
98
83
94
73
82
81
86
96
86
82
77
91
79
81
91
94
66
87
85
75
86
72
90
69
98
74
72
88
106
81
80
87
93
85
76
77
83
78
81
70
98
87
83
77
91
78
81
73
67
75
94
77
81
67
85
77
74
94
78
88
76
80
78
95
76
86
94
85
81
83
89
78
74
77
83
81
89
98
67
91
93
73
82
78
83
69
85
82
86
86
84
95
86
77
92
85
82
86
103
74
83
71
74
103
85
81
81
96
88
81
80
94
84
78
84
72
88
78
69
84
74
88
95
81
87
71
82
77
85
79
97
94
88
104
72
92
81
80
91
83
74
93
91
101
93
88
72
82
85
66
95
99
76
82
88
87
88
85
82
69
105
79
79
88
90
84
79
78
75
77
98
82
86
83
83
94
85
82
90
83
96
78
79
86
77
76
72
83
74
69
81
74
81
84
61
89
72
69
78
91
73
71
74
80
89
78
68
78
102
86
76
97
75
97
69
88
80
86
81
96
78
68
72
62
75
61
78
97
85
102
72
73
77
86
77
72
81
65
69
76
76
91
67
87
77
86
91
72
69
72
75
85
55
81
79
85
79
88
75
87
62
86
94
74
94
78
96
80
77
67
87
77
76
66
71
92
96
70
88
87
96
90
88
82
78
73
83
72
74
92
79
82
82
85
75
73
73
84
73
80
78
78
75
88
79
88
84
89
97
89
89
78
86
85
93
99
91
90
88
85
86
77
73
59
94
85
79
81
88
98
98
88
83
89
98
75
77
71
91
91
76
84
85
75
93
93
71
96
94
90
92
85
98
102
91
102
90
90
76
104
96
112
86
93
96
94
98
118
88
97
104
118
86
97
93
94
87
103
76
83
110
109
107
102
120
104
104
128
99
127
129
119
131
130
115
124
119
127
98
104
110
133
129
125
123
113
116
132
109
126
135
122
127
126
124
134
120
118
136
138
134
138
126
138
128
143
107
97
110
129
121
144
95
109
140
125
99
126
101
107
102
120
115
108
107
107
86
95
95
94
69
93
83
77
90
89
79
71
68
71
64
54
64
45
59
55
53
52
51
48
40
43
42
35
32
52
38
48
34
50
46
35
43
39
48
40
33
45
42
35
37
41
35
27
26
29
29
31
25
26
30
35
31
35
33
26
30
36
33
26
40
26
31
20
30
30
37
26
43
35
28
33
25
28
35
29
37
31
27
38
30
30
40
30
30
27
24
33
30
24
33
38
26
27
32
33
33
31
30
29
33
37
35
24
27
25
23
27
27
30
28
31
38
27
31
33
45
33
29
28
23
33
34
45
24
33
53
33
30
32
22
36
41
37
33
27
35
24
36
28
28
34
31
48
30
30
31
36
23
29
38
21
42
36
46
27
32
28
40
28
55
32
36
30
25
34
29
31
42
41
27
35
37
25
36
25
35
33
40
36
23
32
30
33
34
30
33
26
36
40
33
46
34
29
27
38
33
30
32
31
33
40
29
33
36
29
35
37
38
47
40
30
41
37
42
37
36
44
40
45
29
30
39
42
32
30
41
42
40
45
51
32
43
33
34
39
45
31
49
34
43
43
40
42
48
35
42
33
47
40
39
37
33
38
46
38
55
36
35
41
35
46
35
34
39
47
42
45
38
49
26
37
50
33
45
39
46
29
31
38
42
37
38
34
32
34
30
36
33
41
30
25
31
27
20
22
33
27
19
26
24
24
24
18
17
9
22
17
22
17
23
22
20
26
21
28
20
24
22
18
13
13
16
16
16
17
20
16
14
19
13
16
14
17
23
17
15
15
16
16
17
20
15
21
9
16
17
12
7
16
20
15
10
13
21
24
12
12
12
20
17
10
13
25
4
16
17
13
17
8
22
14
21
12
12
14
14
14
16
12
18
18
16
15
17
21
13
17
5
12
14
13
13
18
7
20
13
9
17
8
18
5
11
12
18
17
15
17
17
13
11
12
15
23
18
17
21
14
16
10
19
15
17
11
10
13
18
10
17
13
22
15
10
23
21
10
9
16
14
20
8
13
11
15
15
11
17
18
16
11
18
9
11
18
19
17
24
15
18
22
16
10
11
16
18
11
12
9
22
14
14
9
19
16
17
12
12
11
14
16
19
18
13
16
14
17
18
21
17
15
10
16
21
19
8
7
18
24
11
17
14
18
15
10
12
19
14
10
21
11
20
17
8
20
15
14
18
10
16
12
18
12
16
18
10
16
13
11
12
17
11
12
13
16
21
14
10
9
17
16
15
13
13
11
14
11
18
16
19
18
11
13
14
10
12
19
13
13
22
15
11
17
20
15
23
19
14
20
11
13
18
14
10
14
18
10
10
13
20
15
14
14
6
13
11
14
13
10
19
18
15
15
9
12
9
14
10
17
18
10
11
10
18
13
9
14
11
13
12
13
16
21
19
9
13
6
15
14
11
12
9
10
11
9
6
12
11
9
4
13
9
19
12
11
6
6
11
16
15
16
19
7
13
12
12
15
19
7
4
8
15
14
6
13
15
9
14
14
9
8
11
16
13
11
8
10
7
11
13
11
12
17
6
11
6
15
9
9
12
11
9
12
9
11
10
11
7
18
10
9
13
12
14
15
16
13
12
13
10
6
13
6
12
11
8
7
7
19
7
9
17
10
13
18
7
16
9
14
6
15
9
12
12
9
15
8
18
13
11
7
8
13
12
11
14
13
18
12
19
12
15
15
12
11
13
13
16
6
12
8
6
12
5
9
12
16
7
11
19
5
11
10
9
10
7
14
11
15
10
10
13
12
17
11
13
15
9
10
13
7
13
11
8
8
7
17
14
9
11
5
11
15
15
9
13
11
6
9
13
16
6
10
13
8
12
12
13
12
9
10
13
6
8
12
11
12
9
15
16
15
9
22
12
14
10
9
9
12
12
18
10
16
13
16
10
19
15
19
14
8
13
15
15
13
14
12
7
11
11
10
14
13
15
10
14
13
18
19
19
21
10
11
16
12
11
12
6
9
8
15
7
18
14
11
13
9
7
12
15
13
14
12
15
11
7
14
11
12
8
8
12
13
15
6
4
11
12
14
9
11
20
4
10
12
9
12
8
15
11
9
18
4
7
8
2
10
11
11
15
13
8
7
12
12
17
8
12
10
8
11
17
7
12
12
10
8
6
8
10
8
9
12
10
12
10
10
8
13
7
10
8
11
9
6
8
7
12
11
14
7
12
5
5
5
7
6
18
11
7
8
12
7
11
7
12
9
7
5
6
6
11
6
11
8
9
7
6
10
6
10
12
13
8
15
9
13
8
10
8
9
9
8
9
11
10
13
9
7
9
2
14
6
11
11
8
8
8
6
10
13
10
6
9
5
10
9
10
7
7
9
11
6
9
6
10
10
10
8
5
5
7
9
6
8
7
13
9
10
8
8
5
12
10
11
10
14
10
7
12
6
11
9
5
7
3
11
7
9
10
6
6
7
7
8
6
10
10
9
6
5
9
13
5
4
4
8
11
5
5
10
10
9
2
6
4
13
5
12
8
15
8
13
5
8
5
7
9
10
9
12
7
6
10
13
13
5
9
11
7
11
9
5
8
2
9
13
12
7
17
12
9
11
6
9
7
11
11
9
11
11
4
9
6
9
9
8
7
6
5
8
7
3
8
10
7
11
6
11
5
7
9
11
6
3
11
11
10
9
10
3
11
6
5
3
9
11
5
7
14
6
5
12
7
8
9
10
7
5
6
9
7
12
5
7
10
10
8
3
14
5
6
4
10
10
4
11
4
6
7
9
6
6
9
14
7
9
9
15
10
10
5
6
11
3
3
13
5
7
6
10
14
9
5
6
7
5
8
5
6
4
7
5
10
7
12
6
12
8
4
8
11
5
7
6
9
5
6
8
11
10
11
11
3
4
3
11
4
7
8
8
13
10
7
10
9
10
7
8
13
3
13
9
2
13
9
5
9
6
7
3
12
7
6
13
13
9
11
12
7
6
8
4
8
11
8
13
10
6
8
7
11
10
4
10
14
6
9
8
8
5
5
7
8
7
5
5
8
5
9
7
8
7
8
9
6
10
4
7
7
6
11
6
7
6
10
4
8
3
5
10
8
8
7
10
6
8
9
8
7
17
6
7
6
3
7
9
4
8
13
3
3
5
8
6
7
7
10
4
5
3
4
4
10
8
5
9
11
9
5
10
7
12
4
7
7
12
6
6
8
7
5
3
8
7
4
6
4
7
5
6
4
9
13
2
9
6
4
4
6
10
6
6
3
2
7
4
5
4
8
7
1
4
7
7
12
2
4
10
8
6
9
3
5
5
6
6
10
8
6
5
3
7
4
9
6
5
2
3
4
4
2
4
6
7
8
14
10
7
6
9
4
6
9
7
8
6
11
10
3
5
8
12
11
3
5
3
6
6
4
7
11
4
6
8
6
9
5
7
5
8
3
6
12
6
3
5
5
7
7
6
5
5
7
7
10
7
9
8
5
5
11
8
12
6
5
7
8
7
9
5
5
10
7
6
5
8
8
9
6
6
2
8
2
7
6
8
8
4
7
10
5
9
5
10
5
5
6
12
7
5
8
9
3
3
5
3
8
8
2
6
4
2
5
7
6
3
7
8
14
5
11
8
5
5
6
7
7
12
6
4
5
10
7
6
7
7
6
10
6
4
11
5
4
8
11
10
6
4
13
3
2
7
7
6
6
7
9
10
6
4
6
7
9
9
4
6
5
5
10
6
4
4
5
2
2
6
7
8
6
7
8
7
10
7
8
4
10
8
11
5
5
4
7
6
11
5
10
5
9
3
7
10
6
4
2
7
7
5
4
9
3
4
7
12
4
4
5
3
9
4
7
4
5
3
9
9
7
4
2
8
6
5
5
6
0
7
5
4
4
9
4
4
6
5
4
9
7
4
4
5
9
7
6
9
3
9
3
4
4
4
9
0
6
6
2
6
3
3
6
5
1
7
4
4
5
2
3
3
3
5
4
7
6
3
7
4
5
8
8
8
2
9
6
4
5
3
6
9
6
8
3
1
3
5
7
7
7
6
6
9
4
7
5
1
5
9
5
3
3
9
5
5
5
3
9
13
5
4
5
5
5
7
6
5
7
8
1
4
4
5
7
6
5
8
7
4
3
9
2
4
5
6
3
7
4
3
7
9
5
7
4
5
7
6
10
4
6
7
6
4
12
2
5
6
9
4
5
6
5
2
5
2
5
9
7
6
9
8
4
6
5
4
4
4
6
4
7
5
6
2
2
5
5
4
6
8
6
4
3
7
3
0
4
5
7
10
6
1
5
5
7
4
6
6
2
1
3
8
5
5
3
4
4
5
5
10
6
3
5
6
2
6
3
2
5
6
1
4
4
6
5
5
2
3
1
5
4
7
8
5
3
9
5
8
3
5
5
4
2
5
3
7
6
6
4
3
3
4
9
10
4
8
5
8
6
5
2
4
7
2
5
6
5
6
7
6
6
4
8
4
9
8
8
4
0
2
8
4
8
6
3
9
5
5
7
5
2
4
3
3
5
5
6
6
3
1
3
6
2
8
5
10
6
4
2
4
7
5
6
3
8
6
5
7
4
9
6
7
5
10
8
5
6
8
7
8
9
11
5
9
3
3
11
5
9
6
10
8
15
10
8
8
7
7
5
7
8
11
10
7
8
11
6
14
9
9
7
7
7
10
8
5
15
13
6
12
12
7
11
7
13
9
7
10
8
8
6
9
3
11
7
6
5
6
6
8
5
11
7
7
7
5
4
8
8
6
4
8
8
6
5
4
10
3
8
7
6
3
2
7
3
8
10
0
3
8
3
4
6
4
2
6
0
7
1
1
6
7
6
6
6
7
3
8
7
3
7
7
2
12
8
7
5
2
6
2
7
4
5
6
4
4
5
8
5
7
7
9
7
3
5
4
1
4
6
8
3
2
3
4
2
5
5
2
4
3
3
3
4
3
4
2
7
2
3
4
4
3
6
3
3
5
6
7
2
4
4
7
3
6
2
5
2
3
5
5
4
2
3
6
3
4
4
6
4
5
2
9
4
3
10
2
3
8
4
3
5
4
3
10
5
3
4
4
4
9
6
3
9
6
5
4
4
8
3
8
3
6
6
9
3
4
6
6
4
3
4
4
5
4
2
2
3
2
6
4
7
5
8
5
6
5
2
3
7
4
8
8
4
2
3
5
4
8
2
5
6
6
6
3
8
8
4
5
5
4
4
5
6
4
6
2
1
1
3
4
1
4
4
5
3
3
4
5
4
4
3
3
3
5
2
3
4
1
3
6
4
3
8
2
8
7
7
2
5
7
6
1
5
5
2
2
3
2
0
4
3
5
2
3
7
7
2
2
8
1
3
5
0
4
3
4
4
2
2
5
4
2
3
1
6
3
4
5
5
4
3
7
4
8
8
0
6
8
6
4
4
6
5
4
4
4
2
4
4
3
3
2
3
3
3
5
3
4
1
3
5
0
5
9
3
7
2
4
3
3
2
0
5
5
4
3
3
0
10
3
3
5
7
5
3
7
6
4
2
6
5
4
4
5
2
3
7
4
3
5
5
4
6
6
3
3
5
1
1
6
4
7
7
4
4
8
3
5
8
6
4
3
3
3
4
4
3
3
1
8
3
4
2
1
9
3
5
8
3
5
4
5
10
3
4
4
8
3
7
0
5
3
3
1
5
5
3
6
5
5
4
3
7
4
4
4
8
3
5
3
3
1
4
5
3
6
6
6
4
3
3
9
3
5
4
5
6
3
4
2
4
4
5
2
1
5
4
4
4
2
4
3
0
5
4
1
5
5
4
6
3
2
1
7
7
5
1
5
6
3
4
1
4
4
4
1
4
2
6
3
6
4
7
5
4
3
6
1
6
4
7
6
5
6
2
4
4
7
4
0
5
5
3
1
3
3
6
8
0
7
6
5
2
5
5
4
7
6
1
6
5
5
5
5
3
6
6
6
7
6
9
13
4
3
4
4
4
4
5
2
7
5
4
5
9
3
2
8
4
6
6
5
6
0
3
8
6
10
5
3
5
3
6
6
3
7
3
4
5
9
10
5
7
4
3
5
4
5
7
6
5
9
5
5
4
4
6
3
4
2
2
4
4
6
1
3
7
2
4
7
4
5
2
1
0
1
2
5
2
5
3
8
7
4
7
4
3
3
5
3
5
5
6
1
1
4
6
2
2
10
3
4
3
2
3
2
6
4
6
4
3
1
5
3
2
5
4
3
4
2
3
4
3
2
5
5
6
1
1
0
0
3
2
6
10
3
4
3
4
1
3
2
5
2
2
4
5
3
5
2
2
5
2
6
2
4
2
2
4
7
6
1
6
4
6
2
6
2
6
1
1
3
1
6
1
6
5
4
1
9
4
5
2
3
5
1
2
5
0
2
2
5
2
8
4
2
5
7
2
5
4
5
2
4
4
2
4
3
5
6
2
0
3
4
3
5
3
2
4
3
3
1
3
5
1
4
4
4
3
4
2
5
2
5
2
3
1
1
9
2
2
0
3
2
4
6
6
2
5
5
5
3
1
2
3
6
4
3
6
11
4
3
2
7
5
5
6
3
2
2
2
2
4
7
5
5
6
4
1
0
5
2
5
6
2
3
2
3
4
3
4
3
3
2
3
4
7
1
5
1
3
4
3
2
3
1
5
1
2
6
3
2
2
5
4
2
4
2
6
2
4
2
6
1
2
3
4
2
5
3
2
1
2
3
5
4
3
5
6
2
8
4
1
1
5
2
2
2
6
5
2
6
5
4
1
3
3
6
4
4
1
2
6
2
4
6
3
3
2
3
6
6
1
7
6
5
4
4
4
9
8
4
3
4
1
6
0
2
1
3
4
2
3
5
1
5
6
2
4
5
1
6
3
2
2
0
2
4
4
3
2
1
3
4
4
5
4
4
2
2
2
1
2
1
6
3
2
4
4
4
1
3
3
3
5
2
2
3
5
1
4
3
2
4
4
5
2
4
3
4
4
1
3
6
4
5
5
2
5
4
5
1
5
5
1
1
3
0
6
2
0
4
8
3
2
4
3
2
2
6
3
4
3
1
4
4
2
1
2
1
4
3
3
3
2
3
6
3
1
6
3
5
1
2
1
4
6
6
3
2
3
3
9
1
3
1
3
2
1
4
5
1
1
4
2
4
3
2
2
3
4
1
6
4
1
2
3
2
4
5
0
4
2
5
1
3
3
2
2
1
3
3
6
0
3
2
2
6
6
3
2
2
5
6
1
2
6
2
4
3
4
2
5
4
1
4
4
5
4
5
5
5
4
4
3
2
3
2
2
4
5
4
2
1
0
3
0
6
3
2
2
2
2
1
4
3
4
3
1
2
1
5
3
0
4
4
3
0
1
4
6
4
2
3
5
4
1
4
2
3
4
2
2
4
1
4
1
2
3
2
1
5
0
3
2
2
7
2
2
1
2
3
3
1
0
2
4
3
7
2
3
2
8
1
3
1
2
2
1
2
1
3
3
3
4
3
2
2
4
4
0
4
1
1
1
1
1
2
3
7
5
7
3
0
3
2
4
3
1
0
0
2
3
3
3
2
5
3
3
1
1
6
3
3
1
1
2
3
4
4
1
4
5
1
3
3
1
1
3
3
2
1
2
4
2
2
2
1
1
5
3
0
2
3
1
1
6
5
2
4
2
3
2
2
3
5
3
5
1
3
1
4
1
3
3
8
3
3
3
5
1
6
1
2
4
3
3
5
1
3
6
4
6
3
5
1
2
4
1
4
1
3
3
2
2
7
6
3
3
3
0
3
1
4
2
4
2
3
1
3
3
2
0
1
4
2
1
6
3
3
0
5
3
2
4
4
6
6
2
2
2
2
1
2
4
2
2
4
4
2
3
2
1
0
3
2
1
2
3
3
2
2
1
1
4
2
1
2
3
4
4
5
2
3
4
6
3
3
2
2
1
3
3
4
4
2
3
4
3
1
3
3
1
4
6
4
6
2
4
2
1
4
3
1
2
2
3
4
6
2
1
0
2
5
0
2
2
1
2
5
1
1
5
5
2
2
3
4
2
4
1
0
3
5
4
2
2
3
1
3
4
4
5
2
3
4
2
2
0
3
4
2
1
5
1
3
5
1
4
8
0
1
3
3
6
3
2
4
3
4
4
2
2
3
1
2
0
4
0
2
2
7
2
4
2
1
4
5
0
3
4
2
0
1
1
3
4
1
3
2
0
2
3
2
5
4
5
4
2
4
4
3
3
5
2
3
5
4
1
4
5
4
2
2
2
4
3
1
4
1
3
2
3
3
1
1
5
5
3
1
0
3
2
2
3
6
4
2
3
0
3
1
0
6
2
3
2
3
4
2
3
4
2
2
4
3
0
3
4
3
0
0
1
1
3
2
3
4
1
3
4
3
1
0
4
3
6
2
1
6
2
1
3
1
3
4
2
0
2
2
4
2
0
4
2
0
3
7
0
2
2
3
3
5
6
3
2
2
2
4
1
2
1
2
4
4
1
5
3
2
2
5
1
1
2
3
4
3
3
2
5
3
2
1
2
3
2
5
6
1
2
3
1
4
6
3
2
3
2
8
2
2
2
2
2
2
1
2
4
4
2
2
1
2
4
2
3
2
2
3
4
2
2
4
2
2
2
2
4
5
2
0
4
2
3
2
4
2
7
2
4
4
3
7
0
2
0
5
0
4
1
1
2
1
4
2
3
2
4
1
5
0
1
1
3
3
5
1
6
2
3
3
4
3
4
2
3
2
2
5
5
3
1
3
2
0
1
2
1
3
2
1
1
3
1
2
2
1
0
2
1
2
8
1
3
0
6
1
2
4
0
1
4
0
4
2
4
4
1
2
0
1
4
0
2
5
2
1
3
3
3
1
2
2
1
6
1
3
2
4
2
3
6
3
1
2
1
2
5
1
0
3
1
3
3
1
1
0
3
4
4
2
3
2
2
2
3
5
1
0
3
1
5
2
3
2
3
4
0
5
1
4
4
3
3
1
1
4
1
2
3
1
2
3
7
3
3
2
4
2
3
6
3
1
1
4
2
2
0
2
1
3
3
0
3
2
3
3
7
2
2
1
5
2
2
2
3
4
2
1
0
1
2
3
0
1
2
1
1
1
2
3
2
3
6
2
0
1
1
0
1
2
3
2
3
0
3
5
2
2
5
1
3
1
0
6
8
1
2
3
2
2
2
2
2
3
4
5
2
3
1
3
6
0
3
3
0
3
1
2
1
3
3
3
0
0
5
3
3
2
1
3
0
2
5
3
2
2
1
5
3
4
3
3
6
3
2
3
3
5
3
0
1
3
2
0
4
1
2
3
0
0
1
3
1
3
2
0
4
5
4
1
1
2
1
2
3
2
5
2
0
2
2
1
0
1
3
1
0
3
2
2
1
1
2
6
4
2
4
1
4
3
4
2
5
2
2
2
3
2
1
3
4
1
5
4
3
5
2
7
2
4
3
3
3
1
1
2
4
2
2
3
1
3
6
3
1
6
4
4
2
2
2
2
2
3
3
3
4
3
5
2
5
2
2
2
4
3
6
4
5
4
3
3
3
7
2
4
5
5
4
5
3
7
3
7
8
7
6
3
3
5
1
6
5
3
4
3
3
6
4
1
2
5
5
7
8
8
2
7
8
6
2
2
6
6
3
4
3
4
3
5
3
4
3
1
4
5
3
2
5
2
5
2
9
3
1
2
0
2
0
8
4
2
2
7
1
4
4
4
0
3
4
1
3
3
4
2
2
0
2
0
1
1
0
2
2
1
1
4
2
0
4
0
3
2
1
5
2
0
1
2
4
1
2
1
1
2
2
3
0
6
1
2
5
1
1
2
4
3
1
2
3
3
2
3
6
1
5
4
1
2
1
2
1
0
8
3
1
3
0
3
0
2
5
1
2
1
1
3
6
4
4
5
3
0
1
1
3
3
1
3
5
1
0
6
0
2
1
4
2
0
2
4
3
2
4
3
1
3
0
3
3
3
5
3
5
2
3
0
2
5
1
6
3
4
2
4
3
2
4
2
3
2
0
2
3
2
1
2
1
2
0
2
5
2
6
1
1
3
3
5
1
1
3
1
0
1
3
3
2
1
1
2
2
4
1
1
0
3
1
3
1
4
1
3
1
3
3
4
0
2
0
4
1
3
1
4
1
3
0
3
1
0
0
5
2
4
0
1
3
0
6
3
2
2
2
5
1
6
2
4
2
1
2
2
0
2
3
3
1
1
2
4
2
0
1
1
1
0
2
2
5
2
3
1
5
1
2
5
0
9
3
3
1
2
1
0
4
0
3
3
3
3
2
1
1
2
3
1
3
3
2
3
1
1
4
3
3
2
1
4
3
1
4
1
5
2
1
1
0
3
8
3
4
2
4
2
0
3
3
4
2
5
1
2
0
0
2
3
6
1
2
2
4
4
2
1
3
3
0
0
1
3
2
0
3
4
1
2
2
2
4
2
5
1
1
1
2
3
2
2
2
1
2
2
3
1
1
2
1
2
2
1
3
1
1
2
3
0
1
2
4
1
0
1
0
1
4
3
0
3
0
3
2
1
5
2
5
1
2
4
1
4
3
0
4
3
6
1
4
2
0
4
2
5
0
3
5
5
2
2
5
3
3
2
2
1
3
2
4
1
1
4
2
2
0
0
1
2
1
4
2
2
1
0
2
4
4
1
2
2
1
3
4
2
2
2
0
2
5
7
3
3
2
4
3
2
2
2
1
3
1
1
2
2
1
0
3
2
1
3
2
3
3
2
3
4
4
3
2
1
2
2
4
1
3
7
3
2
5
2
3
2
3
3
2
1
2
6
1
3
3
1
3
1
2
0
2
4
1
0
6
4
2
8
2
1
0
1
2
5
2
3
1
4
1
4
1
3
0
1
5
3
0
1
5
1
2
1
4
2
2
3
1
3
0
2
4
4
2
0
2
1
1
3
3
5
1
3
1
5
2
4
1
1
4
0
3
3
0
1
0
3
5
1
0
1
3
1
5
1
1
3
1
3
5
1
1
2
2
4
2
2
2
3
2
3
4
5
2
4
1
1
2
0
0
2
1
2
0
1
3
3
2
4
5
5
3
3
2
2
6
3
0
1
3
2
3
1
2
0
3
5
2
0
2
0
1
1
1
1
4
3
4
2
1
1
1
2
3
0
2
4
2
1
0
2
2
2
1
2
1
2
1
1
2
3
2
2
1
2
2
3
2
2
1
6
1
3
5
5
3
2
6
2
3
1
1
3
2
1
1
2
2
2
2
1
4
4
2
2
2
2
0
2
5
0
1
2
1
0
2
3
0
1
0
6
3
1
1
1
1
2
1
3
2
0
0
0
3
2
3
3
3
1
4
3
1
4
4
3
2
8
2
1
4
0
2
2
2
3
1
1
3
2
2
0
2
0
1
3
1
2
0
1
2
6
0
4
3
2
2
0
0
4
1
3
5
2
2
0
3
4
5
2
1
0
0
2
4
4
1
2
5
1
3
1
1
3
1
2
0
4
0
0
1
2
3
3
4
0
5
0
1
3
2
2
0
3
1
0
2
1
3
3
1
2
2
0
3
1
3
3
2
3
3
0
2
3
5
0
0
5
0
1
2
0
1
2
3
0
3
1
2
1
3
7
2
0
2
3
1
1
2
0
0
5
4
4
1
1
1
3
2
2
3
2
0
2
4
3
0
6
0
2
2
5
5
3
2
0
2
1
1
3
4
2
2
2
3
0
1
1
2
2
4
1
2
0
2
1
1
1
2
3
1
3
7
1
2
5
2
2
1
4
1
2
1
4
0
1
5
4
0
2
2
4
0
3
4
3
4
2
1
4
1
3
2
1
1
3
4
2
2
2
3
2
2
1
1
4
1
0
3
0
5
4
1
0
1
2
1
2
4
1
2
2
1
0
0
2
3
3
2
3
2
2
2
2
3
0
3
3
2
2
2
3
3
3
4
4
0
1
4
3
3
0
2
2
1
2
0
4
1
0
0
4
1
1
0
4
1
4
1
0
2
6
4
2
1
4
5
4
2
2
0
1
2
3
1
3
2
3
1
4
0
2
0
4
3
1
4
3
3
3
3
0
3
6
0
2
1
2
3
3
2
0
2
3
0
2
3
3
1
3
3
1
0
1
2
4
1
2
4
1
1
5
1
3
5
4
4
3
4
2
0
2
2
2
5
2
1
2
0
3
1
2
3
1
5
3
2
3
0
0
2
0
1
1
4
1
3
2
0
0
2
1
3
1
1
0
2
1
0
1
1
2
2
5
3
2
0
3
4
1
1
3
4
2
2
2
6
3
2
2
2
2
2
4
0
4
3
5
1
2
1
2
2
7
4
2
4
0
1
2
1
1
2
2
2
0
0
1
1
3
3
3
6
1
4
1
6
3
5
1
2
2
3
1
2
2
1
4
0
4
4
4
4
2
1
4
4
2
1
3
3
2
1
2
2
1
1
2
0
3
2
2
2
3
3
1
4
1
1
2
3
2
2
1
4
1
1
4
2
4
2
2
0
4
0
1
0
1
4
3
3
0
2
0
3
2
1
2
1
0
2
2
2
1
6
2
1
1
2
0
2
1
1
1
4
0
0
1
2
3
2
3
2
1
0
3
1
0
3
0
0
3
4
2
1
2
2
3
2
1
1
1
2
0
2
2
2
1
0
2
1
1
1
2
0
2
2
1
2
3
0
3
1
2
2
0
0
2
3
4
2
0
3
1
1
0
2
2
3
1
1
0
2
2
1
2
1
2
2
0
2
1
1
1
1
2
4
1
2
1
0
1
1
1
1
0
4
2
1
0
3
2
2
2
1
0
5
5
0
0
2
1
0
2
0
3
1
3
3
1
5
0
6
0
1
2
2
0
4
1
0
1
1
3
1
1
1
1
1
0
0
0
2
2
2
1
2
2
3
1
2
3
2
2
3
1
2
1
0
3
1
1
0
2
3
1
1
2
2
1
1
2
4
2
0
0
1
0
2
1
1
1
1
1
0
3
2
0
0
4
1
2
3
0
2
2
3
2
0
1
1
4
1
0
3
2
3
2
0
2
0
3
2
1
2
1
0
1
2
1
2
1
3
3
1
2
2
1
3
1
2
0
0
1
1
1
1
1
3
0
0
1
1
0
1
2
0
0
1
1
2
2
2
0
1
2
3
0
2
2
0
0
0
3
1
2
1
3
1
0
2
0
0
2
2
3
0
2
2
1
2
0
1
0
0
1
3
7
2
0
1
3
2
0
1
1
1
2
2
2
2
1
2
1
1
1
1
1
1
2
3
1
3
0
1
0
2
1
0
1
1
2
2
1
2
2
0
1
1
0
0
3
3
1
1
3
2
2
2
4
1
0
1
0
2
3
2
1
2
0
2
3
2
1
0
2
1
0
2
2
0
1
2
1
2
2
3
3
3
4
1
3
4
2
2
1
4
4
2
3
0
3
1
2
0
3
0
1
2
0
4
0
0
2
3
0
1
0
2
1
0
0
2
1
5
2
0
1
5
1
2
2
2
3
1
0
0
1
1
3
1
1
1
0
0
0
1
0
1
1
1
1
1
2
1
3
1
1
3
2
1
1
1
6
1
1
2
0
1
0
3
3
3
1
1
0
4
0
1
0
0
0
3
2
2
1
1
0
0
0
1
0
0
1
1
3
2
0
2
0
1
0
3
1
1
4
0
2
2
2
1
1
3
2
2
1
0
2
2
1
1
3
2
0
1
4
1
2
0
2
2
2
1
2
0
2
1
2
0
1
1
2
0
2
0
1
1
0
0
2
3
1
1
2
3
0
1
2
1
0
3
0
1
1
4
2
0
1
0
2
0
3
1
0
3
2
1
0
2
3
0
0
1
1
1
1
2
2
2
0
0
1
0
1
1
1
0
2
1
0
1
1
1
0
1
2
0
0
1
0
0
1
4
1
1
2
0
2
0
0
0
0
0
1
2
0
1
3
1
0
1
1
3
1
0
4
1
1
1
2
0
0
0
0
5
0
1
2
0
2
1
1
3
1
3
1
1
3
0
1
2
3
0
3
1
1
0
2
0
4
1
2
2
1
0
4
1
0
2
1
3
1
1
0
1
3
1
1
1
1
2
0
1
0
1
1
2
1
1
4
3
1
3
2
0
0
1
1
1
0
1
2
3
1
0
2
0
0
2
1
0
0
2
0
0
1
2
0
2
4
0
2
4
1
0
1
2
1
1
1
0
1
0
3
2
0
3
2
0
1
0
1
2
2
2
0
0
4
1
0
1
1
1
1
1
0
0
2
1
0
0
0
1
2
0
0
1
0
0
0
0
1
0
0
2
2
2
2
4
0
2
1
0
2
0
0
1
0
0
2
2
1
1
0
1
0
0
0
1
1
1
0
0
3
1
0
1
1
0
0
0
1
2
0
1
1
1
3
1
0
0
0
1
0
2
0
0
3
0
4
0
2
0
1
0
0
0
0
0
0
0
2
1
2
0
1
1
0
2
1
3
1
2
0
1
0
0
3
0
2
1
2
1
1
1
2
1
1
1
2
1
2
0
1
2
0
0
0
0
0
1
1
1
2
0
0
1
1
3
2
2
0
3
3
1
1
1
2
0
1
0
1
1
0
4
0
0
2
0
4
1
0
1
2
0
0
1
1
1
0
2
1
2
0
0
2
0
1
0
0
1
3
0
1
1
4
0
2
1
1
0
0
2
0
3
1
0
0
2
2
0
0
1
2
3
1
1
0
2
0
1
0
4
0
1
0
1
0
2
2
0
2
1
2
0
0
1
0
0
1
1
0
1
0
2
1
0
1
1
0
2
2
1
3
2
1
2
0
0
1
1
0
0
0
0
1
1
2
0
1
1
1
0
0
0
1
0
2
1
3
3
3
1
0
1
1
3
0
2
2
0
0
0
0
1
0
2
0
0
1
1
2
2
0
1
0
0
2
3
2
1
1
0
2
1
3
1
0
1
1
1
1
1
0
2
1
1
0
2
0
0
2
0
2
0
0
0
1
0
0
3
1
0
4
0
0
1
0
0
0
0
0
1
1
1
1
2
0
0
1
1
1
0
0
0
0
1
2
0
2
3
0
1
0
1
0
3
0
1
2
0
1
0
3
0
1
2
1
0
1
0
0
1
3
1
1
3
0
2
1
0
1
0
0
0
1
2
2
1
1
2
1
0
0
0
1
0
0
0
0
2
1
1
0
2
0
0
0
2
1
1
1
2
0
0
0
1
0
0
2
1
0
1
0
0
0
0
0
0
0
2
0
1
0
0
0
1
0
0
0
1
0
1
2
1
0
1
0
1
0
0
2
1
1
2
0
0
0
0
0
0
2
1
0
0
1
1
0
1
1
4
1
2
1
0
2
0
1
0
1
0
3
0
1
0
0
0
2
0
1
1
1
3
0
1
0
1
2
0
0
2
1
4
3
1
0
1
1
2
0
1
2
0
0
0
1
1
2
0
0
1
0
1
0
2
0
0
0
1
0
0
2
0
1
0
2
0
0
1
1
2
0
1
1
0
0
0
2
0
3
0
1
1
2
0
3
0
3
0
0
1
2
0
1
0
0
2
0
0
1
1
0
0
1
2
3
0
1
1
2
1
1
0
1
2
0
1
1
1
0
4
0
1
1
0
1
2
0
2
1
2
0
1
1
1
1
2
1
1
3
2
1
0
1
0
1
0
1
1
1
1
0
0
2
1
2
1
2
0
1
1
1
0
0
1
1
0
2
1
1
1
0
0
0
1
1
2
0
1
1
0
1
0
1
0
2
1
1
0
0
2
1
0
1
1
1
3
0
1
0
1
1
1
0
0
0
0
1
1
0
0
0
0
2
0
1
0
1
0
1
1
1
0
2
0
0
2
0
2
1
1
1
1
1
0
0
0
1
1
1
0
0
0
1
1
0
0
2
1
1
0
0
2
3
1
1
1
1
1
2
0
1
0
2
1
0
0
1
0
0
1
2
2
2
0
1
0
1
0
0
1
0
1
2
1
2
1
1
2
1
0
1
1
1
0
0
1
3
0
1
2
1
0
0
1
2
0
0
2
0
0
0
1
1
0
1
0
0
0
0
0
1
1
1
1
0
0
3
0
0
0
2
0
0
2
1
0
2
0
0
1
0
4
1
1
2
0
0
1
1
4
2
1
2
2
0
2
1
1
0
2
0
2
1
1
2
0
0
2
0
0
1
0
0
0
0
2
1
1
1
1
0
1
2
0
0
0
0
1
0
1
3
1
0
1
0
0
0
1
0
0
2
0
2
1
0
3
1
0
0
1
2
1
3
0
0
0
2
0
1
1
1
1
0
1
2
1
1
0
1
1
0
0
3
1
1
0
2
0
2
0
1
0
2
1
0
1
1
1
1
1
1
1
0
0
0
0
1
2
0
0
1
0
0
1
1
0
2
2
1
0
1
0
0
3
0
0
0
0
0
2
0
2
3
1
2
1
1
1
0
0
0
0
0
0
1
0
0
1
0
0
2
1
1
1
0
1
0
0
1
1
1
0
1
0
0
1
3
0
0
1
1
1
2
1
0
0
0
1
1
1
0
1
2
1
0
0
0
1
0
0
1
1
1
1
0
0
0
2
0
2
1
1
1
0
1
0
3
0
2
1
0
0
2
0
1
1
1
0
0
2
0
1
3
0
0
0
1
0
1
0
2
0
0
0
1
1
1
0
1
2
0
3
0
0
0
0
0
1
2
2
1
0
2
0
0
0
1
0
2
2
1
0
0
0
1
0
0
1
0
0
1
0
0
1
1
0
0
0
1
0
1
0
0
2
0
1
2
1
1
2
1
2
0
0
2
1
1
1
2
1
1
0
0
0
0
3
2
0
0
2
2
0
0
1
1
2
0
2
0
1
1
1
0
1
1
1
1
0
1
1
0
1
0
1
0
1
1
0
1
0
3
1
1
1
0
0
0
1
0
0
0
0
0
0
2
3
0
0
1
0
1
0
0
0
1
0
0
0
1
0
0
0
0
0
0
1
0
0
2
1
0
0
0
0
0
0
1
0
1
0
1
0
0
0
0
1
0
0
0
0
2
1
0
0
0
1
0
1
1
1
0
1
2
0
0
1
2
1
1
0
1
0
0
0
0
0
1
0
1
1
2
1
0
1
0
1
0
0
3
1
1
4
0
0
0
1
0
0
1
0
1
0
0
0
0
0
0
1
1
0
1
0
1
0
0
1
0
1
0
0
0
0
0
1
0
2
0
0
0
1
0
1
1
0
0
0
1
0
1
0
1
0
0
0
1
0
1
0
0
1
1
1
0
2
0
0
1
1
1
1
0
0
0
1
1
0
0
0
0
0
1
1
0
1
3
1
0
1
1
0
0
0
1
0
1
3
0
1
1
1
0
2
1
1
1
0
0
2
0
0
1
2
0
2
1
2
1
0
2
0
1
1
4
2
1
4
0
1
0
0
0
1
1
0
0
0
2
2
1
2
0
2
2
2
3
2
3
2
3
0
0
3
2
1
2
2
5
2
3
3
3
5
4
2
0
6
3
2
6
2
4
5
3
9
3
3
3
5
2
10
5
5
10
6
2
5
10
7
7
10
11
8
5
2
6
11
10
10
9
8
11
9
9
8
13
12
9
12
10
8
5
9
11
9
9
4
9
11
13
5
14
9
8
5
10
8
7
9
7
5
13
8
9
9
8
8
7
4
9
8
8
5
4
10
6
7
5
3
6
3
5
3
4
7
3
3
2
7
5
2
4
6
3
5
2
6
4
5
4
3
1
5
4
1
1
2
3
2
0
0
2
3
6
1
1
0
2
3
2
1
0
2
1
3
1
2
1
0
1
2
2
1
0
0
0
0
2
0
1
0
0
0
1
1
2
0
0
1
3
0
0
1
0
3
0
1
2
0
0
0
1
2
0
1
0
0
0
1
3
1
1
0
0
0
0
1
0
0
0
0
2
0
1
0
2
1
1
0
1
1
1
1
1
0
2
0
1
0
0
1
1
0
0
0
0
0
1
1
0
0
0
2
2
0
0
0
1
0
1
0
0
0
0
1
0
0
1
0
0
2
0
0
0
0
1
0
0
1
1
1
0
0
0
0
2
0
0
0
1
1
0
1
0
2
2
0
1
0
0
2
0
0
0
0
0
1
0
0
0
1
1
1
0
1
0
0
1
1
0
0
0
3
0
0
0
1
1
0
1
0
0
1
0
1
0
1
1
0
0
0
0
0
2
0
1
0
1
1
1
0
1
0
0
2
1
0
1
0
0
2
1
0
1
0
0
0
0
1
4
0
0
1
1
1
1
1
1
1
0
0
1
0
1
0
0
0
0
0
0
0
0
0
0
1
1
0
0
1
0
1
0
1
0
1
0
0
0
0
1
1
1
2
1
0
0
1
0
0
0
0
0
0
1
0
0
0
1
1
0
0
1
1
1
2
0
0
1
0
0
0
0
0
1
0
0
0
1
0
0
1
1
0
0
0
0
1
0
0
1
0
0
1
0
0
1
2
1
0
1
0
1
0
0
0
0
0
0
0
0
0
0
2
0
0
0
0
1
1
0
0
0
2
0
2
0
1
1
1
1
1
1
0
0
0
0
0
0
1
0
1
0
0
0
2
2
1
0
0
0
0
0
0
1
0
2
0
0
0
0
0
0
1
1
0
1
1
0
0
0
0
1
0
0
0
0
0
0
3
1
0
0
0
0
1
0
0
0
0
2
0
0
0
1
0
0
1
0
0
1
0
0
0
1
0
0
0
1
0
1
0
1
1
0
0
0
1
0
1
1
0
0
0
0
0
2
0
1
0
0
0
0
0
0
0
0
0
0
0
1
0
1
1
0
0
1
0
1
1
0
0
0
1
1
0
0
2
0
1
1
1
0
1
0
1
0
0
1
0
0
1
1
0
0
1
1
0
1
0
0
1
1
0
1
0
0
1
1
0
0
0
0
0
0
0
0
0
2
0
0
0
0
1
1
0
1
0
0
0
1
0
1
0
0
0
0
0
0
0
0
0
2
0
0
2
0
0
0
1
1
0
0
0
1
1
1
1
0
0
0
0
0
0
0
2
0
3
0
0
2
0
0
0
0
0
0
0
0
0
0
0
1
0
0
0
0
1
2
0
1
0
0
0
0
0
0
0
1
0
0
0
0
0
1
0
0
1
0
0
0
0
0
0
0
0
0
1
0
0
0
0
1
1
0
0
0
0
0
1
0
0
0
0
0
1
0
1
0
0
0
0
0
0
0
0
0
0
0
0
0
1
1
0
0
2
0
0
0
1
0
0
0
0
0
0
0
1
0
0
1
0
0
1
1
1
0
0
0
0
0
0
0
0
1
0
0
0
0
0
1
0
0
0
0
1
1
1
1
1
0
0
1
0
0
0
1
1
1
1
1
2
0
0
0
1
1
0
1
1
1
1
1
1
0
0
0
1
0
1
0
1
0
0
1
0
0
0
0
0
1
0
0
0
1
1
0
1
0
0
0
0
0
1
1
0
0
2
0
1
0
0
1
0
0
0
0
1
1
0
0
0
0
1
1
0
0
0
0
0
0
0
0
0
0
0
0
0
0
0
1
0
0
0
0
1
0
2
0
1
0
0
0
1
0
0
2
1
0
1
2
0
0
0
1
0
0
0
0
0
0
1
0
1
0
0
1
0
0
0
0
0
0
0
0
0
0
0
0
0
0
0
1
0
0
0
0
0
0
0
0
0
0
0
0
0
1
0
0
0
0
0
1
0
0
1
0
0
1
0
0
0
0
0
1
0
0
0
1
0
0
0
0
0
0
1
2
0
0
0
0
0
0
0
0
0
0
0
0
0
0
0
0
0
0
0
0
0
0
0
0
0
0
0
0
0
0
0
0
0
0
0
0
0
0
0
0
0
0
0
0
0
0
0
0
0
0
0
0
0
0
0
0
0
0
0
0
0
0
0
0
0
0
0
0
0
0
0
0
0
0
0
0
0
0
0
0
0
0
0
0
0
0
0
0
0
0
0
0
0
0
0
0
0
0
0
0
0
0
0
0
0
0
0
0
0
0
0
0
0
0
0
0
0
0
0
0
0
0
0
0
0
0
0
0
0
0
0
0
0
0
0
0
0
0
0
0
0
0
0
0
0
0
0
0
0
0
0
0
0
0
0
0
0
0
0
0
0
0
0
0
0
0
0
0
0
0
0
0
0
0
0
0
0
0
0
0
0
0
0
0
0
0
0
0
0
0
0
0
0
0
0
0
0
0
0
0
0
0
0
0
0
0
0
0
0
0
0
0
0
0
0
0
0
0
0
0
0
0
0
0
0
0
0
0
0
0
0
0
0
0
0
0
0
0
0
0
0
0
0
0
0
0
0
0
0
0
0
0
0
0
0
0
