0
0
0
0
0
0
0
0
0
0
0
0
0
0
0
0
0
0
0
0
0
0
0
0
0
0
0
0
0
0
0
0
0
0
0
0
0
0
0
0
0
0
0
0
0
0
0
0
0
0
0
0
0
0
0
0
0
0
0
0
0
0
0
0
0
0
0
0
0
0
0
0
0
0
0
0
0
0
0
0
0
0
0
0
0
0
0
0
0
0
0
0
0
0
0
0
0
0
0
0
0
0
0
0
0
0
0
0
0
0
0
1
23
943
7041
13361
13206
12164
11432
10758
10859
10822
10780
11008
11189
11196
11490
11549
11709
11731
11799
11862
12204
11896
12226
12164
12164
11982
12125
11968
12112
11984
11898
11977
12075
11855
11983
11858
11724
11706
11581
11515
11553
11617
11461
11449
11523
11217
11202
11384
11452
11087
11155
11147
11088
11235
11166
11217
11139
10857
11041
11009
11005
10935
10862
10713
10964
10875
10714
10726
10746
10789
10613
10744
10738
10559
10595
10576
10665
10650
10389
10553
10587
10374
10540
10547
10427
10408
10331
10562
10311
10399
10102
10309
10086
10234
10187
10297
9956
10083
10195
10143
9882
10047
10096
10206
10118
10019
9881
9756
10045
9852
9938
9935
9907
9975
9921
9746
9774
9823
9771
9796
9795
9752
9882
9720
9686
9755
9778
9656
9534
9620
9703
9702
9494
9670
9592
9603
9606
9385
9554
9675
9654
9574
9406
9457
9479
9556
9727
9517
9557
9498
9542
9527
9201
9215
9468
9279
9360
9356
9403
9399
9418
9276
9180
9070
9169
9096
9537
9253
9280
9193
9137
9188
9057
9068
9279
9262
9073
9304
9071
9126
8993
8984
9064
9203
9211
9190
9111
9016
9089
8879
9002
8854
9087
8841
9117
8956
8945
9102
8893
9019
9007
8849
9130
8917
8978
8903
8934
8927
8940
8733
8767
8667
8842
9023
8806
8710
8749
8816
8866
8627
8757
8772
8912
8905
8742
8697
9097
8674
8841
8671
8667
8647
8732
8744
8773
8781
8675
8607
8632
8588
8648
8594
8729
8613
8645
8612
8550
8583
8700
8544
8492
8539
8550
8641
8535
8673
8623
8546
8576
8432
8497
8440
8491
8476
8228
8533
8373
8406
8395
8565
8430
8394
8465
8653
8467
8392
8251
8398
8370
8432
8405
8298
8317
8416
8406
8271
8420
8436
8266
8450
8360
8378
8424
8234
8160
8330
8295
8243
8098
8158
8315
8231
8153
8391
8235
8179
8270
8241
8312
8196
8231
8261
8126
8311
8109
8167
8099
8298
8141
8272
8187
8044
8062
8068
8214
7934
8061
8200
8233
8066
8142
8102
8241
8066
8260
8316
8008
8242
8191
8055
8064
8193
8082
8090
7991
7969
8141
8132
7985
8064
8007
8077
7930
8011
8024
7937
7942
8052
7928
8075
7984
7832
7963
7840
7893
8013
7951
8023
7964
7806
7905
7917
7941
7892
7937
7752
7914
7972
8020
7891
7843
7819
7989
7818
8025
7912
7748
8031
7913
7896
7863
8061
8010
7915
7898
7687
7879
8113
7771
7817
7882
7931
7969
7693
7783
7857
7812
7708
7980
7932
7808
7988
7790
7761
7709
7917
7707
7875
7708
7851
7635
7733
7558
7580
7773
7807
7676
7725
7759
7709
7597
7859
7657
7760
7809
7711
7767
7638
7607
7636
7804
7777
7748
7562
7532
7616
7567
7686
7569
7720
7660
7730
7551
7607
7658
7605
7663
7775
7695
7576
7636
7695
7574
7626
7606
7697
7682
7748
7502
7661
7531
7713
7601
7600
7774
7627
7530
7508
7602
7632
7664
7604
7585
7356
7671
7490
7449
7624
7488
7502
7492
7627
7475
7634
7617
7572
7471
7395
7431
7554
7596
7558
7403
7555
7399
7484
7450
7545
7575
7419
7411
7360
7607
7432
7537
7488
7488
7500
7503
7343
7568
7438
7371
7334
7482
7454
7522
7524
7374
7268
7302
7430
7520
7363
7442
7339
7471
7421
7554
7366
7541
7590
7286
7366
7418
7397
7427
7261
7448
7424
7507
7377
7537
7538
7435
7264
7299
7609
7412
7248
7421
7413
7297
7413
7507
7378
7287
7384
7313
7416
7636
7472
7452
7276
7346
7482
7567
7304
7587
7409
7461
7305
7356
7474
7391
7615
7414
7455
7473
7311
7283
7374
7566
7424
7477
7405
7476
7409
7303
7457
7387
7333
7323
7524
7488
7418
7412
7393
7363
7538
7284
7467
7320
7286
7374
7365
7342
7369
7375
7396
7496
7558
7393
7387
7398
7293
7377
7221
7328
7383
7393
7432
7354
7303
7401
7495
7456
7497
7418
7373
7292
7517
7473
7465
7344
7525
7419
7434
7444
7361
7400
7503
7311
7369
7398
7404
7540
7318
7637
7442
7386
7446
7346
7567
7453
7448
7667
7503
7500
7459
7586
7616
7503
7462
7734
7902
7747
7781
7803
7815
7893
7896
8034
7877
7814
7930
8072
8102
8148
8163
8050
8129
8164
8405
8272
8415
8285
8302
8382
8467
8410
8345
8389
8394
8402
8335
8549
8459
8579
8531
8641
8620
8537
8548
8546
8435
8810
8547
8459
8673
8928
8845
8804
8630
8982
8922
8789
8826
9033
9135
9069
9093
9088
9272
9501
9722
9752
9941
10211
10090
9852
10282
10038
9938
9704
9647
9711
9429
9383
9379
9162
9259
8939
8977
8946
8995
8874
8680
8541
8351
8372
8305
8293
8268
8111
8041
7952
8052
7720
7771
7695
7651
7567
7528
7511
7447
7534
7432
7417
7326
7247
7242
7165
7306
7146
7058
7097
7200
7239
7053
7136
7156
7025
7217
7171
7180
6995
7096
6971
7119
7042
7152
7073
7013
7014
7062
7202
7109
7266
7198
7238
7115
7249
7122
7026
7127
7044
7185
7271
7288
7338
7278
7139
7321
7319
7123
7064
7096
7250
7238
7254
7251
7188
7275
7464
7311
7355
7229
7218
7394
7278
7354
7543
7266
7393
7397
7230
7383
7305
7178
7278
7379
7347
7370
7403
7513
7259
7490
7464
7558
7516
7422
7348
7513
7467
7438
7431
7411
7501
7639
7457
7523
7401
7496
7550
7510
7422
7560
7563
7784
7567
7468
7533
7719
7538
7612
7710
7542
7681
7563
7559
7687
7693
7550
7425
7526
7759
7512
7633
7832
7750
7893
7687
7641
7948
7591
7673
7565
7811
7803
7874
7656
7805
7920
7904
7838
7877
7881
8024
7920
7892
7736
8056
8006
7801
8046
8038
7900
7873
8009
7955
7915
7965
8036
7869
7986
8043
7847
8122
7975
8057
8191
8111
7960
8182
8141
7993
8057
7997
8105
8253
8191
8157
7952
8253
8150
8287
8239
8150
8136
8193
8152
8193
8193
8317
8377
8177
8374
8237
8363
8335
8363
8291
8134
8441
8298
8199
8365
8579
8347
8345
8506
8378
8315
8351
8473
8181
8384
8129
8442
8442
8510
8652
8393
8418
8519
8432
8346
8380
8448
8609
8426
8445
8413
8385
8373
8714
8554
8513
8474
8683
8680
8705
8499
8560
8820
8509
8483
8800
8625
8729
8795
8567
8751
8824
8821
8775
8685
8569
8712
8663
8655
8760
8521
8709
8735
8602
8746
8663
8497
8602
8865
8792
8823
8656
8806
8730
8857
8880
8777
8817
8800
8951
8855
8992
8744
8753
8817
8746
8731
8975
8926
9009
8801
8928
8787
8854
8779
8859
8870
9028
8898
8885
9062
8871
9119
8993
8928
9014
8862
9104
9074
8884
9086
9143
8962
9220
8985
9061
9138
9007
9085
9195
8900
9104
8997
9066
9093
9266
9239
9085
9032
9007
9015
9099
9168
9085
9368
9254
9123
9004
9170
9088
9136
9122
9208
9103
9269
9242
9409
9192
9227
9229
9320
9333
9179
9444
9344
9419
9420
9080
9179
9463
9609
9431
9242
9142
9331
9230
9421
9329
9297
9291
9305
9418
9677
9417
9455
9615
9473
9588
9524
9477
9332
9376
9412
9280
9368
9462
9415
9475
9535
9476
9614
9347
9619
9432
9543
9475
9463
9630
9694
9741
9611
9500
9387
9591
9494
9587
9537
9496
9702
9741
9668
9643
9457
9541
9744
9652
9664
9682
9738
9578
9845
9680
9824
9599
9645
9663
9764
9680
9728
9528
9611
9892
9626
9746
9563
9820
9727
9744
9778
9713
9667
9835
9809
9886
9782
9914
9947
9898
9779
9674
9813
9822
9981
9782
9913
9851
9992
9875
9846
9840
9943
10008
9866
9865
10064
9920
10003
9986
9887
10007
10055
9847
9824
10033
10019
10138
10095
10221
10120
9978
10134
10091
10165
10030
10182
10207
10140
10111
10266
10101
10077
10250
10234
10201
10237
10115
10311
10262
10408
10359
10334
10402
10373
10205
10321
10288
10227
10268
10216
10311
10352
10242
10223
10347
10300
10551
10273
10624
10444
10563
10253
10346
10427
10415
10434
10643
10569
10427
10651
10402
10551
10454
10607
10533
10626
10677
10679
10505
10535
10581
10691
10556
10697
10476
10652
10694
10946
10829
10863
10571
10676
10694
10607
10978
10906
10787
10873
10770
10885
10931
10831
10728
10845
10881
10764
11033
11009
10892
10917
10952
10837
10912
10795
11117
10993
11055
10795
10998
10988
10969
10931
10752
10938
11253
11093
11332
11062
11111
11123
11263
11068
11161
11126
11021
11066
11100
11102
11091
11093
11251
11077
11231
11106
11292
11150
11205
11114
11339
11412
11183
11418
11099
11248
11030
11083
11183
11334
11437
11254
11528
11515
11387
11313
11527
11512
11351
11306
11417
11309
11430
11390
11243
11434
11466
11367
11347
11587
11410
11546
11562
11463
11378
11346
11577
11524
11415
11733
11645
11467
11704
11498
11691
11741
11565
11493
11829
11828
11839
12078
11853
11842
11723
11965
11717
11943
11732
11940
11819
12013
11765
12126
12080
12080
11984
12118
12134
11858
11838
12031
12174
12017
12129
11991
12044
12085
12327
12242
12003
12166
12109
12305
12372
12075
12302
12097
12481
12143
12208
12585
12134
12222
12257
12289
12281
12394
12555
12381
12421
12383
12466
12172
12531
12428
12603
12394
12379
12443
12012
12500
12253
12468
12265
12355
12499
12486
12493
12343
12354
12655
12505
12310
12581
12408
12643
12536
12539
12351
12562
12598
12693
12286
12738
12594
12446
12376
12630
12540
12542
12451
12624
12451
12952
12725
12785
12562
12473
12725
12686
12799
12420
12892
12596
12810
12652
12580
12677
12634
12547
12947
12537
12878
12839
12725
12661
12868
12603
12482
12496
12555
12509
12558
12613
12764
12659
12738
12687
12713
12831
12976
12823
13175
12884
13063
13049
13263
13167
13082
12943
13115
13101
13105
13192
12898
12712
12929
12812
12791
12608
12606
12654
12638
12470
12547
12587
12501
12464
12346
12418
12254
12293
12044
12008
12066
12021
12124
11961
11908
11895
11913
11662
11841
11868
11892
11728
11872
11941
11801
11784
11536
11714
11755
11600
11604
11587
11591
11479
11654
11813
11339
11423
11635
11641
11395
11669
11600
11297
11538
11382
11673
11479
11332
11568
11478
11436
11466
11389
11276
11376
11342
11374
11344
11307
11229
11461
11226
11238
11321
11272
11369
11582
11397
11311
11485
11161
11176
11213
11339
11243
11159
11187
11263
11299
11454
11104
11272
11195
11181
11250
11336
11272
11099
11135
11349
11020
11265
11311
11100
11167
11003
11104
11020
10847
11071
11093
11075
11112
11087
11098
11112
11045
10939
10947
11230
11141
11061
11159
10989
10944
10877
10849
10982
10959
11032
11079
11109
10963
11001
11032
10974
10994
11077
11151
10961
10890
10918
10813
10988
10676
10815
10913
10865
11085
10815
10863
10738
11039
10808
10924
11032
10997
10828
10883
10691
10834
10875
10868
10823
10699
10818
10712
10954
10678
10667
10716
10818
10387
10829
10755
10824
10836
10814
10806
10549
10609
10823
10712
10689
10559
10697
10588
10727
10678
10740
10639
10767
10786
10683
10679
10613
10614
10660
10546
10659
10565
10598
10737
10680
10540
10544
10709
10618
10727
10679
10885
10341
10660
10399
10598
10383
10514
10483
10537
10569
10608
10766
10543
10568
10600
10405
10572
10522
10684
10626
10646
10487
10394
10574
10657
10485
10487
10533
10523
10545
10741
10619
10400
10385
10638
10462
10506
10504
10348
10394
10564
10513
10313
10314
10328
10462
10506
10448
10244
10506
10441
10467
10359
10386
10402
10475
10148
10188
10230
10405
10316
10420
10305
10407
10365
10293
10562
10241
10256
10289
10335
10329
10381
10354
10229
10214
10316
10202
10419
10291
10184
10212
10035
10406
10367
10276
10182
10338
10264
10179
10396
10145
10080
10252
10205
10212
10335
10440
10337
10209
10052
10058
10075
10154
10150
10072
10136
10292
10183
10271
10294
10123
10225
10253
10097
10175
10016
10106
10174
9969
10080
9990
10227
10266
10183
10137
10106
10099
10297
10123
10074
10287
10168
10094
10087
10111
10163
10105
10137
10038
10152
9969
9970
10020
10122
10214
10280
10089
10123
9950
10130
10169
9926
10113
10170
9845
10166
10074
9915
10035
10011
9957
9868
9936
9998
9936
9886
9901
9921
10034
9858
9944
10060
9881
9866
9709
9727
9839
9942
9800
9968
9660
9894
9876
9892
9919
9942
9676
9804
9823
9822
9723
9705
9845
9870
9818
9822
9642
9711
9730
9789
9671
9854
9488
9611
9735
9523
9491
9513
9539
9736
9420
9610
9573
9481
9447
9564
9498
9304
9439
9610
9524
9375
9523
9445
9326
9585
9422
9572
9239
9359
9248
9132
9178
9342
9185
9443
9145
9162
9190
9129
9072
9125
9157
8930
8931
8984
8751
8987
9049
9028
9052
8967
8920
8920
8868
8931
8796
8831
8812
8682
8872
8717
8605
8558
8716
8654
8748
8718
8377
8541
8631
8545
8575
8387
8471
8451
8550
8318
8403
8304
8347
8275
8261
8374
8258
8415
8280
8153
8181
8211
8084
8176
8122
8118
8141
8134
8067
7915
8131
8110
7982
7775
8124
7937
8023
7906
7823
7934
7749
7848
7722
7714
7766
7697
7838
7735
7782
7744
7894
7815
7729
7653
7690
7626
7679
7744
7678
7660
7597
7643
7772
7636
7633
7643
7571
7628
7494
7585
7502
7498
7501
7537
7527
7576
7373
7406
7329
7453
7385
7228
7404
7426
7475
7457
7348
7429
7391
7379
7429
7507
7361
7449
7340
7401
7370
7411
7301
7425
7374
7343
7385
7440
7514
7495
7525
7487
7304
7568
7630
7340
7380
7418
7285
7369
7352
7295
7507
7453
7508
7465
7282
7386
7424
7414
7443
7339
7412
7388
7333
7417
7451
7517
7451
7491
7451
7468
7541
7557
7318
7423
7346
7366
7355
7422
7440
7491
7362
7449
7450
7390
7480
7419
7530
7528
7385
7567
7612
7565
7608
7563
7762
7907
7906
7579
7736
7665
7624
7586
7586
7542
7606
7341
7540
7328
7385
7238
7455
7411
7285
7274
7231
7160
7189
7246
7105
7004
7144
7018
6992
6886
6710
6711
6826
6665
6865
6776
6876
6759
6693
6719
6624
6713
6522
6694
6658
6609
6610
6490
6357
6582
6567
6582
6523
6416
6597
6629
6411
6327
6419
6433
6618
6530
6382
6473
6560
6495
6521
6418
6416
6434
6344
6538
6316
6336
6242
6374
6469
6447
6428
6441
6386
6369
6388
6297
6355
6346
6244
6244
6342
6332
6014
6243
6355
6251
6269
6244
6259
6194
6272
6197
6313
6064
6233
6195
6185
6175
6219
6106
6041
6167
6011
6219
6032
6085
6128
6151
6159
6014
6137
6186
6139
6095
6196
6037
5957
6089
6176
6034
6050
5981
6050
5900
6113
6015
5969
5947
5905
5937
5941
6103
5923
6064
6015
5994
5910
6037
5792
5988
5917
5961
5996
5942
5917
5975
5757
6115
5837
5775
5864
5939
5950
5931
5799
5916
5921
5948
5894
5930
5875
5857
5944
5872
5839
5882
5958
5938
5802
5908
5836
5838
5732
5783
5746
5810
5896
5814
5742
5606
5790
5769
5676
5752
5619
5765
5639
5793
5700
5707
5666
5652
5776
5709
5756
5733
5764
5871
5765
5662
5684
5801
5667
5683
5664
5512
5663
5853
5547
5614
5642
5569
5665
5502
5637
5649
5547
5711
5619
5553
5679
5655
5665
5695
5612
5621
5631
5589
5518
5602
5689
5587
5565
5508
5635
5533
5519
5499
5543
5500
5627
5635
5566
5512
5606
5532
5446
5456
5506
5575
5578
5547
5451
5511
5477
5509
5576
5529
5373
5469
5488
5358
5330
5532
5386
5438
5373
5466
5359
5493
5421
5388
5407
5566
5422
5391
5398
5331
5502
5476
5322
5436
5335
5498
5364
5478
5444
5425
5334
5259
5373
5330
5387
5306
5400
5278
5406
5356
5426
5334
5263
5437
5291
5300
5252
5386
5242
5300
5250
5343
5370
5303
5168
5153
5287
5177
5301
5254
5219
5197
5311
5340
5305
5265
5351
5187
5174
5231
5290
5239
5245
5145
5199
5344
5265
5378
5224
5183
5147
5119
5143
5216
5203
5145
5209
5139
5139
5203
5126
5188
5088
5240
5206
5069
5088
5169
5271
5191
5166
5152
5132
5074
5245
5133
5275
5140
5151
5013
5289
5053
5162
5153
5170
5097
5239
5185
5263
5149
5125
5177
5120
5112
5073
5179
5171
4954
5120
5231
4986
5200
5099
5127
5197
5046
5043
5061
5043
5006
5037
5116
5069
4968
5121
5192
5071
5001
4967
5137
5022
5101
4984
4963
5100
5118
4994
5112
5076
5073
5081
5125
5094
4890
4887
4963
5027
4976
4954
4999
5056
4972
5126
4989
4984
4978
4903
5075
4974
4895
5005
4958
5010
5048
5055
5151
4940
4905
5045
4955
4916
4954
4907
5048
5036
4955
4917
4902
4965
4881
4905
5082
4951
4993
5044
4957
5106
4961
5079
5001
5213
5065
5050
5296
5203
5348
5309
5364
5482
5520
5531
5721
5723
5741
5995
5954
6213
6286
6341
6728
6612
6757
6889
7055
7211
7278
7388
7840
7698
7848
7995
8135
8212
8197
8623
8792
8793
8887
8936
9309
9252
9434
9543
9569
9738
9618
9808
10066
10025
10067
9978
10310
10291
10250
10538
10520
10374
10589
10578
10556
10880
11016
10990
11323
11502
11661
11748
12041
12552
12975
13355
13447
14077
14489
14726
15215
15218
15568
15515
15760
15645
15618
15445
15265
14787
14579
14305
13885
13536
13143
12952
12533
12011
11626
11421
10993
10604
10227
9986
9569
9048
8690
8401
8198
7800
7642
7410
7149
6842
6651
6390
6092
6083
5883
5800
5642
5379
5338
5286
5113
4992
4991
4865
4879
4841
4769
4574
4660
4548
4651
4413
4507
4430
4321
4410
4424
4347
4371
4328
4319
4471
4222
4378
4446
4365
4219
4316
4287
4374
4190
4245
4383
4246
4344
4250
4369
4377
4224
4281
4385
4358
4223
4271
4354
4342
4232
4298
4220
4165
4378
4429
4266
4192
4250
4251
4257
4332
4257
4243
4194
4335
4224
4267
4183
4305
4409
4160
4177
4305
4267
4119
4059
4267
4248
4335
4303
4227
4212
4148
4337
4181
4233
4222
4248
4282
4213
4352
4204
4234
4216
4189
4173
4254
4357
4172
4288
4223
4257
4207
4391
4176
4276
4307
4098
4242
4231
4122
4213
4274
4302
4424
4235
4212
4119
4176
4063
4248
4171
4288
4171
4242
4255
4247
4166
4332
4144
4239
4213
4157
4293
4389
4292
4281
4130
4178
4287
4315
4170
4181
4205
4329
4257
4250
4321
4279
4246
4296
4323
4283
4359
4460
4363
4431
4469
4561
4626
4718
4906
4946
5020
5059
5348
5427
5469
5844
6117
6099
6232
6636
6770
7192
7283
7746
7804
8236
8515
8742
9027
9627
9681
9923
10421
10772
11196
11698
11857
12354
12261
12995
13233
13561
13689
14026
14186
14504
15000
15341
15296
15606
15915
16087
16292
16496
16748
16770
16763
17358
17407
17523
17619
17891
18247
18200
18642
18791
18785
19297
19636
19857
20438
20920
21716
22157
23241
23718
24804
25832
26505
27344
28028
28768
29391
29273
29489
29931
29841
29354
29230
28467
27623
27093
26404
25970
24726
23665
22794
22198
21443
20331
19391
18226
17657
16721
15751
15179
14355
13607
12814
12051
11357
10633
10234
9527
8986
8698
8000
7692
7200
6821
6296
6051
5720
5432
5425
5123
4904
4685
4474
4503
4158
4034
4039
3946
3857
3637
3632
3638
3541
3431
3467
3288
3501
3399
3448
3351
3206
3272
3203
3250
3346
3120
3257
3316
3189
3181
3114
3160
3192
3212
3065
3157
3100
3178
3097
3195
3198
3161
3194
3151
3178
3126
3101
3104
3125
3143
3072
3240
3133
3159
3147
3190
3148
2995
3080
3112
3100
3096
3116
3068
3090
3131
3119
3078
3178
3142
3185
3174
3128
3100
3056
3014
3150
3229
3087
3015
3059
3110
3114
3104
3081
3066
3116
3211
3027
3059
3160
3061
3083
3026
3106
3130
3003
3029
3063
3122
3032
3085
2965
3000
3106
3083
2997
2976
3132
3067
3073
2989
3121
2986
3019
3051
3008
3034
3003
3051
2992
2966
3055
2980
2938
2995
2895
2977
3004
3015
2995
3020
2947
3038
3044
2944
2986
3021
2939
2988
3014
2963
3057
3023
2934
3069
3110
3038
3011
2941
3043
2977
2951
3001
3030
2937
2988
2876
3028
3008
2955
2978
2922
2939
2988
2930
2954
2951
2929
3043
2929
3110
2824
2918
3026
3075
2978
2897
2981
2977
3004
2874
2990
2916
2996
2920
3001
2905
2905
2959
2905
2918
2912
2936
3047
2971
2960
2917
2889
2905
2855
2951
2909
2991
2983
2951
2979
2964
2848
2963
2993
2871
2953
2997
2918
2931
2938
2958
2874
2921
2852
2996
2882
2987
2878
2941
2946
2945
2840
2961
2899
2869
3053
3038
2920
2914
2973
2955
2891
2876
2841
2899
2901
2916
2916
2882
2911
2901
2982
2945
2886
2982
2911
2944
2830
2825
2933
2943
2921
2812
2875
2899
2915
2831
2930
2861
2954
2789
2839
2895
2813
2967
2820
2970
2878
2793
2910
2935
2835
2866
2905
2827
2849
2864
2957
2962
2964
2854
2902
2860
2887
2903
2891
2828
2869
2865
2829
2900
2845
2856
2885
2920
2856
2835
2792
2837
2869
2788
2882
2897
2853
2921
2839
2812
2936
2868
2918
2811
2888
3023
2821
2908
2939
2936
2995
2864
2852
2811
2882
2926
2839
2862
2865
2831
2912
2868
2866
2901
2884
2796
2874
2904
3005
2813
2842
2877
2838
2876
2853
2817
2863
2865
2752
2871
2902
2836
2952
2843
2901
2946
2879
2929
2838
2893
2943
2935
2899
2824
2892
2832
2769
2742
2959
2979
2984
2933
2921
2879
2843
2954
3005
2836
2925
3081
2880
2991
2930
2951
2903
2852
2970
2900
2947
2969
2847
2955
3020
2899
2983
3027
2952
2975
2977
3017
2983
2944
3079
2879
3046
3056
3027
3079
3124
3022
3191
3041
3108
3135
3163
3255
3152
3255
3458
3344
3460
3487
3591
3734
3809
3793
4130
4320
4479
4733
5050
5267
5493
5923
6508
6952
7194
7972
8418
9050
9542
10343
10997
11716
12690
13337
14134
14922
15966
16818
17663
18801
19658
20903
21787
22694
23538
24851
25873
26877
27623
29043
30109
30983
31647
32740
33478
34632
35161
35836
36308
37313
38476
38735
39917
40176
41099
41166
42109
42529
43317
43686
44421
44677
45533
46092
46892
47733
48203
49417
50434
52098
53201
54483
56204
57974
59675
61953
64338
66343
68805
70741
72756
74266
75483
76158
76565
76328
75971
75470
74146
73232
71342
69783
67882
65484
63540
60888
58482
56128
53348
50789
48269
45544
42624
40831
37780
35337
32798
30806
28526
26616
24602
22786
21065
19346
17464
16320
14992
13506
12399
11311
10303
9160
8691
7699
7169
6337
5652
5307
4753
4343
4083
3679
3314
3103
2888
2638
2455
2247
2113
1926
1896
1702
1597
1552
1514
1402
1445
1370
1308
1278
1183
1144
1133
1113
1050
1098
1047
1050
1068
1035
1024
995
970
975
988
963
947
914
984
893
927
921
923
942
938
864
892
903
898
864
882
900
850
869
902
847
839
911
853
832
858
836
857
799
813
852
839
781
868
824
809
821
850
784
828
800
863
841
768
814
799
825
778
807
821
803
792
798
791
758
746
781
810
804
821
786
818
801
747
784
824
751
779
756
809
726
746
761
757
757
698
774
739
780
771
796
767
756
814
817
740
792
808
757
766
729
769
749
765
740
766
760
718
784
762
789
696
744
762
758
777
778
827
803
783
757
793
801
729
774
782
792
843
767
812
844
798
775
855
809
832
846
892
953
893
907
1042
1049
1048
1091
1138
1174
1262
1293
1377
1508
1544
1626
1702
1832
1948
1993
2152
2230
2341
2502
2615
2733
2841
3026
3054
3188
3293
3429
3561
3837
3919
4086
4153
4280
4384
4597
4733
4847
4934
4909
5159
5161
5381
5417
5513
5569
5793
5908
5946
5920
6001
6187
6181
6384
6345
6506
6614
6729
6661
6912
7090
7115
7328
7683
7748
7903
8231
8340
8670
8865
9362
9537
9827
9875
9987
10211
10372
10528
10459
10441
10262
10078
9870
9642
9435
9253
8995
8671
8195
7943
7606
7350
7035
6572
6285
5995
5655
5220
4890
4754
4353
3928
3957
3526
3298
3113
2804
2531
2463
2311
2047
1875
1839
1714
1583
1466
1320
1240
1160
1007
1000
907
916
800
798
753
702
651
660
635
612
579
534
524
550
499
514
495
483
478
449
439
479
484
463
413
456
461
438
437
401
421
450
413
413
397
429
397
430
430
425
396
419
400
436
432
388
387
392
415
402
385
382
403
400
409
396
402
401
403
420
381
408
382
391
409
389
391
377
380
395
379
371
388
360
384
387
395
411
383
412
365
378
430
385
371
367
369
350
371
337
376
366
351
358
379
398
367
350
386
351
334
353
359
384
358
347
383
361
349
362
356
341
363
351
330
335
347
351
348
351
343
324
396
352
379
368
363
336
309
357
361
364
356
376
363
377
354
348
313
327
367
339
326
374
388
325
363
366
330
340
355
357
342
366
320
329
344
329
353
329
314
335
317
330
336
379
335
337
322
355
336
377
348
386
333
375
322
343
317
343
330
324
334
332
327
352
316
330
316
325
320
325
352
305
307
330
290
336
332
320
308
364
301
319
333
324
345
311
317
326
326
347
319
333
315
299
327
338
331
326
331
307
311
295
335
315
317
314
310
305
321
321
341
303
307
335
296
309
327
321
323
324
295
324
301
319
331
303
302
317
317
337
321
302
310
311
344
292
324
299
311
303
311
286
322
290
317
313
323
298
303
298
309
304
312
329
302
299
288
292
355
312
315
292
309
327
332
339
321
300
312
311
273
288
297
267
309
300
323
328
309
319
335
295
273
310
313
290
283
282
339
273
301
297
306
288
308
279
341
271
291
280
288
276
289
277
294
302
319
283
282
300
297
298
281
339
292
308
293
310
302
302
305
291
236
304
259
326
305
300
283
300
302
306
282
320
307
269
291
310
293
280
263
289
271
276
278
292
295
307
343
278
266
293
284
270
288
276
279
298
258
298
317
302
277
299
275
260
317
267
301
283
289
269
288
279
264
303
307
273
295
285
289
252
311
297
282
307
284
291
261
268
291
321
286
271
256
266
269
291
296
295
284
285
276
276
294
267
295
293
302
262
296
278
295
271
296
295
290
270
290
251
280
289
283
285
305
266
277
251
262
288
286
247
274
294
264
289
259
289
296
275
276
284
259
293
279
293
272
284
290
275
279
307
264
305
265
308
266
287
303
267
304
279
280
284
292
299
261
303
271
309
258
292
315
268
309
317
322
297
291
324
323
287
299
287
275
270
263
273
266
261
290
282
287
264
298
269
268
295
242
275
267
271
303
289
255
249
257
227
242
243
239
229
255
236
255
238
253
272
254
259
246
251
243
264
253
251
242
244
258
254
224
241
269
245
258
241
228
258
250
235
249
241
249
263
266
247
246
242
256
225
269
222
267
273
240
223
219
263
215
224
225
250
242
238
220
223
227
217
256
246
228
243
180
237
253
231
272
214
233
255
237
240
223
256
260
219
234
222
229
207
222
217
242
262
243
234
237
274
243
229
245
231
221
245
236
213
233
226
195
250
225
203
221
223
236
231
235
274
224
233
257
241
226
242
247
229
228
235
220
235
244
235
219
222
207
195
210
228
234
233
230
234
228
232
220
221
241
230
204
242
206
207
221
207
216
228
253
204
219
246
201
236
232
241
206
234
231
230
211
197
226
231
219
232
228
214
225
235
242
222
219
208
240
216
199
231
191
226
238
248
206
228
199
206
220
204
223
212
238
219
237
215
230
208
214
217
226
231
208
209
222
238
231
226
205
230
229
237
217
197
234
177
227
220
198
190
218
225
212
219
212
224
223
237
229
206
223
207
207
216
189
238
186
215
199
217
238
212
196
226
219
224
222
208
220
220
214
206
220
212
209
227
178
207
196
221
197
209
212
220
198
230
219
170
210
210
224
212
221
204
194
208
203
222
200
215
186
177
208
223
197
210
213
196
172
205
194
176
201
215
199
205
202
198
201
181
200
218
189
195
200
194
218
207
188
221
175
184
228
199
176
188
214
205
198
182
189
192
203
203
178
204
174
199
191
204
187
184
221
211
207
198
215
202
179
207
197
206
178
216
199
190
189
223
185
205
183
190
180
200
205
185
175
193
190
213
165
196
201
217
191
216
164
197
214
181
202
192
182
170
207
187
182
175
186
188
200
190
199
190
203
189
189
182
155
173
162
193
185
225
155
180
215
197
184
219
191
176
188
201
200
207
188
199
172
187
190
189
191
202
203
192
186
174
185
173
187
189
192
194
191
206
201
186
199
209
195
195
200
177
199
178
203
197
184
174
177
182
192
190
186
196
173
184
164
178
159
159
172
200
159
188
188
193
185
165
174
185
155
177
172
175
181
169
189
175
182
182
163
163
173
167
179
174
184
170
173
180
199
185
191
177
174
169
151
165
196
160
195
201
193
188
164
172
184
148
183
192
182
187
158
179
171
175
165
171
159
171
191
186
193
165
191
172
172
188
155
172
175
166
159
165
157
178
174
176
199
153
158
167
172
183
193
175
186
174
174
169
172
190
180
169
156
165
165
134
199
157
164
169
180
178
165
178
164
152
160
158
152
163
161
160
195
159
164
163
173
146
168
167
174
169
165
174
164
143
195
177
163
169
168
171
170
142
156
154
164
165
172
153
167
159
169
152
183
168
162
177
164
176
149
190
172
164
162
159
163
162
163
177
185
172
186
166
172
160
150
173
157
147
175
169
158
149
152
169
154
160
163
154
153
135
161
156
151
168
170
163
152
164
135
171
161
147
161
146
163
165
165
169
162
149
150
138
146
155
177
148
147
166
165
149
155
179
154
167
155
156
141
152
152
184
172
167
175
184
156
161
148
154
165
165
177
150
150
168
161
146
158
156
191
165
154
159
166
164
166
156
165
169
151
155
162
170
143
185
177
164
169
203
160
140
159
134
149
142
165
158
168
168
166
146
177
154
150
167
155
148
179
173
143
164
145
169
166
151
165
144
139
150
179
167
163
169
155
164
150
153
166
154
166
146
141
151
135
134
133
148
167
150
149
147
150
153
159
148
151
148
157
149
156
132
135
147
156
165
165
145
141
129
143
130
145
146
141
134
140
123
138
146
143
141
140
131
136
155
164
143
138
129
137
174
137
143
151
148
129
129
148
131
136
136
148
147
127
141
155
136
136
160
132
148
113
156
121
141
114
129
126
134
143
132
127
123
132
138
129
141
120
147
130
146
125
138
132
138
127
135
141
132
134
131
119
122
123
130
137
140
121
142
126
141
124
126
129
120
144
124
139
127
150
132
144
128
120
138
128
115
127
107
111
117
130
127
133
136
127
109
135
132
135
124
143
144
121
133
116
136
139
129
118
155
123
125
129
138
134
119
121
114
123
104
130
125
124
131
122
124
112
110
123
108
129
125
128
126
114
120
117
103
126
111
140
126
132
117
120
111
148
125
141
129
117
128
127
112
129
122
121
96
120
123
121
112
131
114
130
117
121
129
128
122
125
114
119
119
131
105
102
133
117
112
124
131
130
144
106
120
136
103
119
124
92
112
117
135
137
114
130
137
111
122
98
116
108
124
104
103
128
127
136
102
122
105
129
120
116
113
106
107
113
113
113
104
116
128
112
108
125
106
105
105
111
109
106
134
120
106
114
114
110
108
113
110
124
104
122
108
108
123
117
105
100
122
108
104
106
115
111
120
107
125
106
111
98
115
102
109
102
103
126
106
116
102
107
106
101
85
112
94
98
124
103
95
113
111
114
98
93
114
107
117
108
117
90
121
97
109
123
105
119
91
101
102
115
108
107
107
102
113
116
102
105
95
91
114
89
110
114
100
118
114
90
107
106
114
108
96
107
95
109
114
109
111
110
100
98
91
112
104
91
119
109
109
102
111
108
98
125
96
110
108
92
95
107
112
105
112
91
101
107
108
107
101
115
100
105
108
114
100
102
94
101
119
107
101
98
105
97
76
93
83
95
89
96
77
89
106
115
81
103
108
96
86
107
112
91
90
94
94
82
88
93
87
92
92
83
117
98
101
92
109
91
106
88
96
88
101
89
106
103
98
99
97
100
89
79
81
77
82
104
99
91
92
82
95
88
126
109
91
104
92
95
107
79
98
82
90
94
94
95
96
88
80
104
95
85
75
94
105
89
74
105
89
95
87
72
92
94
77
88
65
102
77
97
81
98
76
86
83
99
93
99
70
91
88
79
91
82
89
86
97
84
77
79
95
81
88
84
86
67
91
72
88
88
70
79
68
104
103
88
72
101
86
90
91
76
91
76
99
94
83
91
87
108
83
89
73
90
78
81
78
100
90
96
78
87
93
76
81
91
90
87
75
85
90
83
78
90
108
73
88
104
88
81
95
95
78
105
81
71
93
91
83
73
95
75
76
95
97
79
78
82
95
85
87
89
78
86
93
83
71
87
72
79
88
95
66
84
86
99
92
94
81
89
88
86
90
81
78
75
76
97
71
79
66
85
80
82
73
81
79
95
85
86
88
69
94
79
76
74
88
76
78
65
91
77
85
80
75
79
83
89
99
86
66
84
78
79
76
75
79
60
112
86
87
85
89
83
71
83
93
77
72
74
78
91
69
81
85
96
92
79
101
75
84
92
89
93
77
96
81
74
90
84
81
87
74
84
66
74
78
81
86
79
79
92
78
97
87
87
86
95
85
72
97
91
77
91
76
80
62
97
65
92
76
86
91
73
85
81
73
78
95
83
81
91
85
74
79
78
87
87
76
86
74
94
69
89
72
72
97
69
68
60
68
77
76
90
69
59
53
74
62
72
87
79
64
81
87
78
75
74
57
87
82
69
74
63
59
76
57
71
77
79
60
64
72
63
86
57
88
89
70
81
59
64
55
79
61
72
81
69
71
70
66
72
67
63
75
85
91
52
74
55
69
73
84
73
74
66
65
75
68
67
62
59
55
71
75
66
63
53
81
63
61
60
64
66
63
68
69
82
63
80
64
81
58
62
73
56
81
51
77
74
76
77
72
49
77
71
71
63
61
79
72
63
74
47
62
61
73
52
75
69
58
63
56
72
61
63
79
79
75
76
70
81
68
74
57
66
66
64
58
71
67
58
71
50
57
73
68
63
62
68
73
62
76
63
85
77
76
71
56
80
72
60
62
66
71
80
74
68
83
69
67
73
69
84
73
69
57
73
62
68
67
78
64
67
81
76
80
90
68
82
63
77
67
62
75
64
77
74
76
78
58
72
76
74
79
76
80
64
98
79
88
86
83
73
71
75
90
88
86
74
85
97
64
86
74
70
88
89
78
79
95
79
69
74
66
93
87
92
85
87
88
71
66
82
83
71
81
73
84
81
79
74
61
71
70
67
75
69
60
68
64
68
68
67
66
60
65
68
58
63
70
60
70
72
48
54
66
48
45
48
64
62
68
68
65
59
52
75
54
61
56
43
39
52
54
57
48
68
60
59
38
48
54
69
57
60
44
80
70
58
54
56
59
57
53
46
62
56
58
57
60
63
63
54
46
53
60
63
61
45
50
58
43
64
61
49
59
45
50
57
53
64
45
62
61
60
59
54
48
52
59
50
53
51
73
54
53
55
51
60
48
49
48
50
48
42
60
73
59
50
49
55
64
57
78
71
58
65
47
66
51
47
51
51
56
44
43
58
67
58
57
43
69
47
50
62
59
54
55
58
59
58
56
56
60
67
44
48
57
58
83
45
52
59
56
56
62
61
45
48
59
53
44
72
58
66
58
57
58
74
43
49
57
42
55
57
65
49
57
67
58
50
66
56
65
59
43
55
68
53
53
46
56
51
56
58
50
39
60
66
59
48
46
49
55
50
59
44
40
60
53
69
61
62
61
49
43
60
64
38
54
47
62
46
57
56
55
49
45
47
54
52
59
44
53
47
60
43
41
55
39
58
52
53
49
54
37
58
42
56
51
54
39
45
50
48
38
65
46
50
50
45
44
43
39
39
34
56
44
54
44
34
47
44
44
47
50
38
52
64
41
29
54
44
46
46
57
46
46
44
53
36
33
43
49
47
41
45
41
53
42
38
52
40
45
53
45
44
40
48
44
51
31
57
45
37
46
51
46
42
46
43
47
51
39
48
55
48
65
54
49
64
37
40
44
39
40
34
54
42
50
50
45
49
48
46
48
48
41
46
36
46
40
59
43
49
56
55
51
53
35
48
58
39
56
41
41
56
51
52
42
62
57
47
45
45
53
43
65
62
34
40
49
39
40
53
55
44
57
50
41
44
35
44
31
44
57
48
44
55
38
47
47
39
53
41
69
42
56
57
50
50
53
49
44
51
48
46
48
46
43
50
49
46
52
49
59
50
55
49
47
61
45
51
40
47
54
53
52
55
46
50
54
53
46
53
58
52
43
67
60
52
50
51
52
48
55
53
50
47
51
52
52
68
55
51
50
52
39
67
56
49
55
46
44
56
53
57
59
53
49
42
51
59
59
54
38
59
44
47
53
45
49
48
57
42
46
56
44
46
35
43
51
45
41
45
41
46
36
45
48
32
42
39
28
37
24
35
38
41
32
32
38
33
42
33
34
28
31
41
43
32
39
29
32
35
23
25
23
34
35
34
33
38
28
41
32
35
20
34
26
29
31
33
23
33
35
35
32
30
40
28
44
37
32
22
32
35
33
35
25
32
23
37
28
30
27
25
28
26
25
29
29
37
25
34
33
31
31
33
33
39
34
31
43
31
43
27
25
35
41
35
32
27
33
30
34
37
39
42
42
39
34
22
31
30
32
32
27
34
32
24
28
36
32
32
33
20
27
38
34
40
35
24
28
29
30
23
34
21
37
28
42
29
32
26
31
20
23
26
29
36
24
27
35
34
34
24
37
30
26
35
24
31
24
29
27
31
32
37
29
24
33
27
18
32
31
34
24
38
26
21
22
20
41
32
31
30
26
19
26
45
30
25
28
23
33
40
31
24
38
38
31
30
33
30
27
23
27
30
30
16
28
29
27
33
28
18
33
32
42
46
31
30
29
30
26
30
32
28
23
31
38
37
26
27
32
29
29
22
29
30
25
26
28
33
45
37
35
24
32
29
25
36
31
30
41
31
29
28
25
31
32
28
43
25
22
28
37
25
24
30
24
39
15
29
23
25
30
36
27
28
33
38
32
27
28
30
34
35
34
36
35
30
33
34
37
35
22
37
17
27
37
32
34
28
26
30
31
31
30
31
27
35
40
29
25
34
34
30
32
29
22
22
29
33
28
28
33
18
27
26
28
26
27
33
29
24
31
34
26
34
27
19
29
27
31
27
30
30
31
25
25
33
34
29
41
18
23
22
23
31
22
23
30
26
27
26
21
42
27
27
37
29
28
27
38
30
22
27
30
34
29
29
26
30
39
32
32
24
19
25
34
23
19
30
34
41
25
30
41
29
34
30
32
24
35
22
24
39
30
36
22
38
30
30
29
36
29
27
29
35
26
26
36
31
31
23
28
41
24
36
35
27
37
26
28
28
31
26
31
21
25
30
25
43
29
47
25
26
28
34
33
31
35
38
36
27
30
44
33
27
34
35
35
35
31
47
27
32
31
47
24
41
27
38
42
41
28
37
37
40
39
38
54
56
30
31
38
38
44
35
40
26
33
41
38
41
32
39
44
37
46
46
56
40
37
36
32
34
40
42
24
37
37
43
44
33
36
41
43
35
39
51
50
37
40
26
44
50
37
35
52
30
44
43
25
36
29
39
29
42
40
45
40
32
20
30
38
31
34
25
24
28
25
23
24
27
26
24
18
18
25
12
29
19
26
22
20
20
17
26
12
21
18
28
20
18
19
11
13
16
11
16
14
8
15
7
18
14
14
12
13
10
15
14
14
12
18
16
15
10
9
7
15
14
16
5
15
14
7
16
17
8
10
10
12
18
10
11
8
12
21
17
10
16
11
14
12
6
13
14
16
15
13
14
7
18
16
15
16
15
14
13
11
15
9
14
17
19
14
17
15
21
15
19
16
18
14
13
10
9
15
8
14
9
16
14
11
18
18
20
12
10
10
17
15
19
13
11
15
11
20
11
10
18
14
14
21
17
12
16
10
9
13
14
20
18
18
11
18
14
12
19
12
13
15
13
16
10
13
11
8
8
13
24
15
16
10
16
14
11
8
9
7
12
12
14
16
12
15
14
16
14
9
15
15
18
15
14
15
15
10
16
16
12
14
17
12
8
15
14
12
6
12
16
18
20
20
10
15
19
14
11
14
17
10
16
10
14
14
17
7
17
17
13
13
19
21
19
15
19
13
8
19
11
24
14
20
20
13
19
24
16
16
19
14
16
10
20
12
13
16
12
18
15
17
11
10
22
17
11
19
16
17
21
15
18
18
11
13
19
12
22
10
14
14
24
17
17
18
18
15
16
12
15
10
15
12
11
15
17
19
12
5
11
12
15
12
15
9
9
8
10
9
3
13
12
8
8
13
12
9
8
16
12
10
13
8
14
11
9
11
7
11
8
7
8
11
6
10
12
12
9
10
7
8
7
10
7
10
7
7
10
8
5
7
8
8
7
7
6
7
8
5
11
8
12
4
4
6
6
14
6
9
10
14
5
5
8
7
8
7
4
6
12
9
7
8
12
6
10
9
7
10
9
7
8
6
5
4
5
10
5
2
7
5
8
5
10
8
9
6
8
4
3
7
6
6
4
6
4
5
9
7
5
8
8
7
10
10
4
8
11
14
4
10
11
4
11
2
9
8
7
13
10
7
11
5
4
9
17
6
5
6
8
5
5
12
7
9
8
12
15
10
3
9
8
10
5
12
12
9
9
7
8
8
11
14
5
7
9
8
12
6
6
11
15
8
10
6
12
7
6
6
8
5
13
11
10
3
5
6
5
13
7
5
7
8
8
7
9
12
13
11
8
7
16
7
9
7
6
12
9
7
7
7
10
7
2
8
7
12
9
13
8
9
6
5
11
7
6
7
13
10
4
20
8
13
5
9
6
4
13
11
15
13
5
8
8
6
9
12
9
7
9
15
11
14
10
10
7
6
7
9
13
14
14
10
14
6
10
12
11
12
17
6
8
8
12
9
14
9
15
6
10
11
7
6
8
9
10
8
6
9
8
7
7
15
11
8
7
8
5
6
11
7
2
17
7
6
11
5
4
10
16
9
8
3
6
5
12
9
14
9
5
4
13
7
7
6
5
10
7
2
8
6
2
7
7
6
6
7
4
12
6
8
9
2
3
9
10
6
5
8
6
8
11
7
11
5
7
8
6
9
5
3
6
7
8
5
5
8
9
10
12
5
4
6
4
6
10
6
7
6
6
7
9
11
1
4
14
9
6
3
10
7
6
3
8
7
8
4
5
5
8
6
7
11
4
9
9
8
3
7
6
7
8
10
4
7
4
5
3
10
8
4
7
6
7
13
6
10
5
7
4
5
2
4
8
2
8
8
3
4
6
3
5
8
10
8
8
7
6
10
6
8
7
6
11
6
3
5
9
4
8
5
2
5
9
9
8
5
12
7
8
3
7
7
6
4
6
6
10
11
6
6
8
2
10
6
7
3
7
6
8
9
8
11
6
8
4
7
8
7
7
8
4
8
7
10
2
9
13
8
7
7
11
10
6
10
7
6
12
10
7
6
9
5
9
10
9
9
7
4
9
11
13
7
8
4
12
9
14
4
8
5
14
3
6
5
11
5
9
7
12
8
10
6
9
9
7
9
6
12
5
8
6
5
7
7
8
5
10
3
6
10
3
10
6
14
5
9
7
13
11
10
6
8
6
2
3
4
5
6
8
9
7
7
3
9
5
3
4
9
8
6
6
8
5
7
6
5
7
8
6
11
4
4
4
8
5
6
4
10
8
6
7
5
7
7
7
5
8
6
8
5
6
4
7
6
4
10
4
5
5
10
7
10
6
10
7
9
5
11
5
6
3
8
4
4
9
8
8
4
5
9
5
9
8
5
4
10
9
7
8
8
5
2
4
9
3
8
4
7
9
5
8
1
6
1
4
5
4
6
4
7
9
4
8
4
6
8
6
7
3
6
7
4
6
4
5
4
5
3
6
10
8
7
3
10
4
6
6
7
7
6
6
9
3
0
7
4
9
3
10
3
7
7
7
9
3
7
6
3
1
11
8
6
16
4
6
4
4
4
4
10
7
7
4
5
6
6
5
11
1
6
4
8
2
4
9
7
6
9
11
11
1
2
2
5
6
7
8
10
6
6
2
3
4
2
6
2
3
6
4
8
8
6
7
7
5
5
5
6
3
3
3
4
5
4
5
11
5
2
3
2
5
9
5
7
4
8
3
6
7
8
3
6
7
6
12
3
10
11
6
4
9
10
7
2
4
6
8
7
10
5
6
4
9
6
4
3
5
4
7
3
3
5
7
9
4
5
6
7
5
5
6
4
4
7
9
5
7
11
8
3
1
3
8
4
5
2
6
5
5
10
6
3
10
5
2
3
4
8
6
11
7
4
5
11
6
9
2
4
7
8
5
5
1
9
5
3
6
7
7
1
4
4
9
5
4
7
4
6
8
6
3
4
8
2
7
7
5
3
8
9
6
8
7
14
7
7
7
2
5
6
11
4
3
9
9
4
12
7
10
4
5
7
6
9
4
7
6
6
7
4
8
5
6
8
6
4
8
9
9
3
1
8
8
5
5
11
5
3
11
6
5
3
9
3
4
2
7
4
7
4
7
9
5
5
5
8
8
10
6
1
4
6
5
6
4
5
5
4
7
7
7
3
4
5
2
6
4
2
5
4
4
7
3
3
5
8
3
2
4
7
3
9
4
2
9
3
11
6
6
5
6
6
9
6
7
4
8
6
10
3
12
7
7
5
3
4
8
4
3
6
7
2
9
7
8
4
4
3
2
5
8
9
4
9
1
3
4
4
8
5
3
7
8
8
8
7
8
13
6
6
4
9
5
4
6
4
6
3
4
3
10
6
4
4
6
4
8
4
9
6
5
5
4
5
4
3
8
4
6
4
3
9
2
4
3
6
2
8
4
8
5
7
3
7
3
4
10
7
9
7
3
4
4
10
5
5
2
5
6
5
8
2
6
6
4
5
1
4
0
5
3
3
10
10
6
7
3
5
7
3
9
3
5
7
4
6
5
4
6
6
10
6
7
4
6
3
3
3
4
4
9
4
7
4
3
2
5
4
4
8
7
3
3
10
3
7
6
3
9
6
4
1
6
6
7
7
6
7
5
8
7
0
5
7
4
8
2
2
9
5
3
1
4
3
6
8
4
4
9
5
3
8
9
4
10
5
4
6
6
7
5
6
5
3
3
3
4
3
4
4
3
4
6
1
7
5
7
4
1
7
3
6
7
7
2
4
6
5
5
1
3
7
3
3
6
5
7
9
3
1
0
4
6
2
1
3
3
1
7
4
5
2
4
3
7
1
9
2
2
4
4
2
4
5
5
6
5
2
3
4
4
2
3
1
11
2
3
6
4
6
6
3
4
1
6
6
3
4
4
6
8
5
5
4
3
4
8
7
3
10
6
1
5
6
1
2
1
4
3
4
3
2
6
3
4
1
6
1
1
7
3
3
1
8
3
7
6
1
4
8
2
5
2
9
7
4
8
8
8
4
4
5
2
6
0
6
6
7
6
2
6
2
5
4
3
4
6
1
3
4
3
2
2
6
7
3
2
7
2
3
3
3
6
6
2
5
8
3
3
3
3
5
7
10
2
4
6
5
6
4
3
1
7
4
4
5
3
7
3
5
4
6
4
4
0
6
8
7
5
4
2
0
5
7
6
3
8
9
4
6
2
5
1
8
1
3
1
5
4
7
3
6
3
5
4
4
7
8
6
4
4
10
6
4
3
3
6
8
7
6
4
6
5
2
5
9
6
4
3
4
4
4
3
4
2
6
6
8
6
8
3
4
2
7
3
3
5
7
2
8
7
7
4
4
5
8
7
6
4
7
1
4
5
3
4
5
2
4
2
3
2
7
3
3
3
6
9
2
5
2
5
3
2
4
3
8
5
6
3
8
7
7
9
8
0
11
4
1
7
8
7
6
5
3
2
5
4
2
3
3
5
5
0
3
2
3
2
8
4
6
3
1
2
2
1
4
5
3
1
2
3
2
5
7
3
3
7
2
5
3
3
8
4
6
4
6
6
5
3
3
2
4
3
8
1
6
5
5
4
5
4
3
3
7
7
3
2
4
11
1
1
7
6
5
6
3
4
5
5
7
10
3
2
4
3
4
4
7
6
6
4
4
2
4
4
6
3
4
4
9
1
3
6
4
2
4
4
6
11
2
5
4
3
3
5
11
11
7
10
5
2
6
7
4
9
10
7
8
8
11
3
4
9
13
6
12
11
7
5
12
7
11
8
14
6
8
7
9
8
10
9
9
7
10
7
5
8
7
7
9
11
7
7
16
9
12
6
7
10
10
10
12
17
13
10
11
9
8
6
10
10
11
11
3
9
7
8
6
2
8
9
6
7
7
9
8
6
6
4
3
8
7
9
7
5
3
4
8
6
11
7
4
3
5
6
7
4
5
5
3
9
3
5
1
3
2
9
4
3
5
4
4
4
2
6
4
0
2
3
2
4
4
7
8
2
5
4
5
10
6
4
2
3
3
2
5
7
3
8
6
5
6
2
5
6
6
7
2
2
6
0
1
2
5
5
3
8
5
7
6
4
8
8
6
6
2
6
2
7
4
2
4
0
6
6
2
6
5
2
2
3
7
1
3
7
3
2
3
1
2
4
3
11
4
0
2
0
7
2
4
7
6
2
5
5
5
2
3
2
2
7
6
5
7
4
4
1
7
5
5
0
3
6
4
1
2
4
9
3
5
6
1
5
3
5
3
3
3
5
7
4
7
3
7
2
7
2
3
2
6
6
2
4
7
4
3
5
3
5
5
1
5
4
7
5
3
1
7
8
4
5
5
6
4
4
4
7
3
9
8
4
7
2
1
4
3
10
6
7
8
3
5
2
6
6
3
4
9
4
8
5
5
7
3
4
2
1
3
10
4
6
5
6
4
2
5
4
3
7
2
2
3
6
5
4
4
4
11
3
3
4
2
4
2
4
4
4
10
8
6
5
2
1
9
6
3
4
5
7
7
7
2
2
2
4
6
2
3
0
3
3
3
5
5
3
3
2
6
6
3
8
5
2
4
3
2
0
1
4
3
2
7
1
1
4
2
3
2
3
4
4
5
2
1
3
2
3
4
5
10
4
3
5
4
1
7
4
1
5
2
0
3
3
4
4
1
3
6
4
1
2
5
7
4
4
3
7
4
3
5
2
4
6
3
3
1
6
1
7
5
6
3
8
4
7
3
2
5
6
5
1
5
2
3
5
4
2
6
6
0
1
5
2
2
3
9
3
2
6
1
3
4
5
4
5
6
2
3
1
8
4
5
3
5
3
4
8
2
7
2
2
3
3
4
5
5
3
5
2
3
8
5
2
3
6
4
1
5
3
3
6
5
1
4
4
4
4
2
4
1
2
6
7
1
9
6
2
7
4
2
1
1
3
2
1
4
1
4
5
4
4
4
4
3
6
4
3
3
4
1
6
6
3
4
6
5
5
4
2
5
4
0
3
5
4
5
2
6
5
11
6
3
3
3
7
8
4
7
6
3
4
4
10
0
7
8
9
6
2
8
3
4
5
6
3
4
6
8
11
6
4
1
5
6
10
8
11
10
8
9
9
8
3
10
8
7
5
8
8
5
13
6
8
8
5
4
6
3
13
8
5
8
5
6
5
7
5
1
4
5
3
12
5
6
3
6
8
9
9
5
10
8
15
10
14
5
6
5
2
8
8
12
6
5
7
8
3
9
1
7
3
8
1
7
4
6
2
1
2
0
4
4
2
4
4
4
3
0
3
4
8
3
1
1
5
3
1
4
8
2
2
4
5
5
0
3
4
4
4
4
8
3
4
6
7
5
6
7
6
5
4
3
6
1
4
2
5
2
3
3
3
1
2
5
2
3
3
7
9
5
6
1
5
1
4
2
5
2
6
4
2
5
2
6
5
1
3
3
1
1
4
4
4
2
3
5
2
3
3
2
3
5
5
3
1
8
1
3
2
1
3
4
2
2
4
0
5
6
4
3
4
3
2
2
5
7
2
5
3
5
5
3
3
2
5
8
4
4
4
2
3
5
1
2
7
3
2
4
4
3
9
6
4
4
4
1
3
1
3
5
0
3
6
3
2
0
2
2
2
5
3
4
3
1
5
4
4
1
3
3
3
4
3
4
7
3
5
4
2
2
4
4
4
3
3
2
2
6
3
6
1
8
1
4
1
1
2
6
2
5
1
5
2
4
0
4
2
5
2
2
1
1
0
2
4
1
5
6
1
0
3
6
4
4
1
1
4
4
4
2
5
3
4
5
2
9
2
5
2
5
6
2
7
6
2
2
4
3
3
3
6
3
4
3
5
5
0
10
4
5
3
3
5
3
6
3
6
4
2
2
3
1
5
2
2
2
2
2
1
2
5
2
4
3
4
3
4
3
4
3
6
4
1
4
2
5
3
2
4
2
5
4
3
3
2
4
2
2
0
0
2
2
5
4
5
3
1
4
4
2
4
4
2
5
5
1
3
2
3
6
3
2
2
2
8
3
1
2
2
2
1
1
2
2
4
5
3
3
5
1
3
2
2
1
2
4
5
5
0
3
3
1
2
2
2
2
2
3
1
6
4
0
3
3
2
4
3
2
4
2
3
9
3
3
3
2
3
5
0
4
3
9
2
3
4
4
3
4
4
7
7
1
1
3
3
5
5
0
3
7
6
5
1
4
5
5
8
4
7
2
5
4
1
3
4
4
3
3
3
3
1
4
3
6
1
4
2
5
3
4
3
4
6
6
5
3
3
5
2
2
0
3
1
4
7
2
4
4
1
3
1
6
4
7
3
2
1
4
4
3
7
2
1
2
5
8
1
4
3
5
5
5
1
1
1
5
4
3
1
2
3
1
4
6
3
1
1
6
4
5
3
5
2
2
3
2
1
3
7
1
3
2
4
3
1
2
5
4
4
4
6
5
1
5
4
5
3
1
3
2
1
3
3
6
5
3
2
2
5
3
4
2
3
1
4
3
5
1
3
2
3
4
3
1
6
3
4
3
1
3
1
2
3
5
2
6
3
3
2
5
1
2
7
1
2
2
1
4
2
2
1
2
0
5
2
8
3
3
3
1
2
3
5
1
2
4
5
3
3
3
4
3
4
2
3
4
2
1
4
1
5
3
5
2
5
1
1
1
3
3
1
4
1
1
2
3
4
3
6
5
3
1
3
4
1
4
3
4
1
1
2
2
2
5
1
4
9
1
5
2
5
2
0
1
8
3
1
1
1
0
2
3
2
1
5
5
3
2
4
4
4
5
2
1
4
3
4
6
1
2
3
5
6
4
1
2
1
1
2
7
3
3
3
5
1
0
3
6
3
6
1
2
5
2
2
3
2
7
4
1
2
1
2
4
5
4
5
5
4
2
4
2
1
3
6
0
7
5
3
1
5
2
2
2
3
1
5
2
3
3
1
4
4
5
3
5
2
1
3
4
2
0
3
5
2
2
0
3
2
3
1
4
4
1
3
2
2
1
3
6
0
5
3
0
5
4
4
0
3
5
2
5
5
2
5
3
3
1
4
1
2
2
1
0
2
3
6
4
2
2
2
1
2
3
8
5
4
4
1
1
1
4
4
1
2
5
1
7
1
2
2
3
5
2
3
4
3
3
4
4
4
3
4
6
4
7
1
0
2
1
4
4
5
1
1
1
4
3
1
3
2
2
1
4
2
4
5
0
6
5
4
1
1
3
1
2
1
1
4
2
2
2
4
4
3
0
2
5
2
1
3
3
4
5
2
2
2
3
5
1
2
4
1
6
4
4
2
4
2
3
1
1
6
4
3
2
2
0
4
1
3
1
4
1
6
3
4
4
2
1
4
2
1
3
1
4
2
3
4
4
1
4
3
1
3
2
3
0
2
3
1
3
7
5
2
3
10
5
3
1
2
2
3
6
4
5
5
1
5
1
4
5
3
1
2
1
6
3
2
5
4
4
6
4
1
4
2
2
4
6
3
3
2
2
1
2
5
5
5
3
4
3
3
2
2
2
3
4
7
1
1
5
5
1
3
5
1
4
2
4
3
3
4
2
4
3
4
3
3
1
1
4
4
6
1
2
0
4
3
5
3
5
3
7
4
7
4
2
0
3
4
3
3
3
5
4
1
3
2
5
3
2
2
3
1
1
5
2
1
4
4
4
2
3
1
4
1
3
7
1
0
1
1
1
4
3
2
4
2
5
2
1
4
3
3
4
1
5
2
2
1
2
2
3
4
2
4
4
3
3
4
4
3
3
4
4
2
0
2
4
2
4
3
2
3
7
1
2
3
0
2
3
3
6
1
5
1
4
1
2
5
3
4
4
1
1
1
4
2
1
2
0
3
7
0
4
1
8
1
1
1
1
4
2
1
5
6
1
0
1
2
2
3
2
1
4
1
1
0
7
2
3
5
4
3
5
2
5
4
1
6
4
6
5
2
2
2
2
2
2
3
8
4
0
1
3
3
3
3
2
3
3
3
1
3
2
4
1
2
2
1
6
4
2
1
5
3
5
6
2
4
2
3
4
4
5
1
3
2
1
4
4
5
4
3
1
4
8
1
4
2
2
2
3
2
3
2
2
4
0
1
6
2
3
3
3
1
2
3
2
0
4
4
7
2
1
1
2
2
2
3
3
1
7
1
5
3
3
2
6
2
4
2
7
5
0
4
4
3
2
1
4
3
1
2
5
4
1
4
1
2
0
1
2
2
0
3
3
2
2
2
4
3
3
3
5
1
4
2
3
2
2
4
3
2
1
1
0
1
2
1
3
4
3
1
2
5
3
2
2
0
2
6
2
6
3
2
2
2
4
1
4
3
0
3
5
3
2
3
2
4
3
2
2
3
4
5
4
1
3
1
5
1
3
3
4
2
2
4
2
4
2
2
3
1
4
5
2
5
4
4
3
3
3
1
9
2
2
3
3
3
0
2
4
2
2
3
1
6
4
4
3
2
2
3
2
5
2
4
3
2
2
6
1
3
2
1
4
2
2
1
3
2
1
6
1
1
9
3
7
1
5
3
2
0
1
1
1
5
0
4
2
3
2
1
2
1
9
4
1
1
2
3
5
2
4
1
7
3
5
1
1
3
2
2
2
0
5
3
5
1
1
6
2
4
3
4
5
4
5
4
2
3
2
4
4
7
2
11
1
3
4
4
4
8
4
2
5
5
11
5
5
3
6
1
10
5
5
6
4
5
4
2
1
12
4
4
3
9
6
9
5
4
14
9
7
8
7
6
2
7
5
12
8
5
1
1
1
4
5
5
6
1
6
5
4
6
6
6
3
8
3
5
7
6
2
4
6
4
1
3
2
0
4
7
4
6
2
2
4
5
4
2
4
5
7
3
3
7
3
2
3
3
3
3
3
2
3
3
5
4
2
2
3
1
4
3
3
3
1
6
2
4
5
4
2
1
4
1
4
2
7
5
5
5
2
2
1
2
3
2
5
5
3
3
5
4
1
7
3
5
2
2
4
2
1
4
3
2
7
0
4
3
2
2
3
4
4
4
4
2
3
5
1
0
4
3
4
3
4
2
3
2
1
1
3
0
2
1
3
6
2
1
1
4
0
2
5
5
2
1
2
4
4
4
4
2
4
4
6
3
2
2
0
1
1
3
3
3
2
2
0
6
2
2
3
3
2
3
2
3
3
3
2
6
2
4
0
3
5
2
1
5
2
5
0
2
2
0
5
3
2
2
4
1
2
2
0
3
2
0
1
0
1
2
2
3
1
6
4
2
4
3
2
4
0
3
1
3
1
2
2
2
2
3
2
4
4
0
3
4
3
1
2
3
8
3
3
0
3
2
2
4
1
2
0
2
4
0
1
1
1
2
2
3
4
5
3
1
5
4
1
0
2
3
5
2
3
3
3
1
2
4
5
2
4
1
0
4
1
1
6
4
3
3
3
0
2
3
2
4
1
4
2
2
2
3
3
2
3
0
4
4
4
3
2
4
7
3
2
4
2
1
2
1
4
5
2
3
3
1
4
1
1
5
2
2
4
2
1
3
0
0
5
3
3
2
1
2
2
7
2
7
5
3
5
4
3
4
1
1
1
1
5
4
0
1
2
6
3
4
1
1
0
3
5
2
1
3
5
7
1
4
5
5
3
3
6
3
4
3
0
7
2
4
2
0
1
3
3
0
1
5
3
2
1
3
2
5
3
3
3
3
3
4
1
4
2
0
3
2
2
2
3
4
2
1
1
4
3
1
2
0
5
8
2
7
1
2
1
1
4
5
4
3
7
2
1
4
6
2
2
5
3
3
2
4
0
1
2
2
2
3
1
2
4
3
2
4
3
1
5
6
1
4
1
1
6
2
3
1
2
1
3
5
2
3
3
3
2
3
5
1
7
5
0
4
2
3
1
4
3
3
5
1
1
4
1
2
1
2
4
6
1
3
5
1
3
3
5
3
3
2
4
1
0
2
0
2
0
1
1
2
3
3
3
2
3
3
2
2
1
2
1
1
1
1
10
3
1
1
4
2
3
1
2
0
1
2
2
3
3
0
1
5
0
6
2
3
3
2
4
3
5
2
5
3
3
4
2
3
4
2
3
2
1
2
5
2
5
5
4
0
4
3
3
4
2
1
6
3
4
1
3
3
2
2
5
5
2
3
1
3
0
1
2
3
6
1
1
3
3
0
3
1
1
5
2
1
0
6
2
1
2
0
4
4
3
2
4
2
3
0
1
3
1
6
1
3
0
2
2
3
2
4
1
1
4
5
4
0
2
3
2
0
1
2
3
1
1
3
0
2
3
6
4
2
2
0
0
1
1
0
1
2
5
2
2
3
2
1
4
0
4
4
2
2
2
3
0
1
4
0
2
1
1
7
2
1
5
1
5
2
1
0
7
3
3
3
2
0
4
1
2
4
6
0
4
4
7
2
7
4
2
2
6
4
1
3
4
3
5
2
1
2
4
2
5
4
1
2
1
2
3
5
2
0
3
2
1
3
2
1
0
1
3
1
3
0
4
5
3
3
5
4
3
2
0
3
2
1
1
2
2
3
4
2
4
1
2
3
1
4
2
2
5
3
3
1
2
3
3
1
4
1
2
5
1
2
3
1
1
1
1
1
2
4
3
0
3
2
1
2
4
0
2
2
0
1
4
1
0
1
3
0
0
1
2
0
5
6
1
1
6
2
0
3
0
2
0
2
1
1
0
2
4
1
2
2
2
2
2
2
0
3
2
1
4
5
2
0
4
2
2
2
3
4
1
3
2
7
1
1
3
1
3
1
2
2
5
3
3
2
1
5
3
1
6
3
2
2
2
4
2
2
2
6
1
2
0
2
2
1
7
0
1
1
1
2
4
1
0
4
1
3
2
1
4
2
7
3
5
3
2
3
2
5
2
1
2
3
3
2
4
5
2
2
7
4
3
1
3
4
2
5
2
3
2
3
0
3
0
2
5
3
0
2
2
3
5
4
2
3
3
5
3
3
1
2
0
2
0
2
2
1
2
3
3
3
0
2
2
1
2
2
4
1
1
3
0
4
2
2
1
1
2
2
4
6
0
2
1
1
1
0
4
3
3
0
2
3
5
0
4
1
1
1
3
0
4
3
6
6
2
1
2
3
3
1
1
4
3
2
4
4
2
4
4
3
1
2
2
4
2
0
7
0
3
5
3
0
0
1
0
3
3
1
1
3
6
3
3
3
3
8
4
0
3
1
3
4
4
0
3
3
1
0
3
3
0
7
4
1
3
5
1
2
1
2
2
3
4
5
2
3
3
5
3
2
4
2
3
1
3
0
2
3
1
4
2
6
2
3
1
4
5
3
7
6
2
6
4
2
0
1
2
6
2
1
1
1
2
4
0
4
3
5
2
5
2
3
3
4
3
2
3
2
1
6
3
1
3
3
1
3
1
6
3
1
3
4
5
5
3
6
6
6
2
1
2
3
5
6
4
4
4
6
7
1
4
4
5
4
0
4
1
3
5
2
3
3
2
0
3
3
1
1
5
3
5
1
6
4
2
4
7
4
4
0
2
4
3
7
1
3
6
4
3
5
2
2
2
11
2
6
5
2
3
2
2
3
4
6
2
1
4
0
1
5
2
3
4
0
1
4
4
2
2
2
3
4
2
5
3
1
2
2
3
1
2
2
2
0
0
2
3
2
4
2
2
4
2
7
3
4
1
4
4
5
2
1
2
0
2
1
1
1
2
1
2
5
4
3
4
2
3
2
4
0
3
1
1
0
2
0
1
6
1
2
3
1
1
0
4
4
2
0
3
3
1
2
2
2
2
2
1
0
5
1
0
3
1
2
1
2
3
2
0
2
1
5
4
3
3
3
5
0
2
0
0
2
2
1
2
2
1
5
2
2
2
2
4
1
0
2
1
2
0
2
0
0
0
3
0
3
0
2
2
2
1
1
0
0
2
2
4
3
0
1
1
1
2
2
2
2
0
2
0
0
1
0
2
1
4
1
0
3
1
1
1
1
0
0
3
3
1
5
0
4
2
1
4
3
0
4
1
2
1
2
1
1
2
2
3
0
1
3
1
0
2
0
3
2
1
1
0
2
3
2
2
3
1
3
2
1
1
3
2
2
2
2
1
2
4
1
2
1
2
1
4
0
2
1
1
3
0
2
2
1
0
3
3
0
3
0
2
2
5
4
1
1
3
1
2
4
2
3
3
2
0
3
2
0
2
1
1
2
0
2
2
1
3
0
1
0
3
1
2
1
6
2
1
4
2
6
0
0
1
0
0
1
4
3
3
4
1
0
1
1
2
1
1
4
0
2
1
2
0
1
2
2
0
2
1
0
1
2
2
1
1
2
3
2
0
2
0
1
3
1
1
1
3
2
0
3
0
1
1
3
0
0
3
1
0
1
2
3
1
1
0
3
2
0
1
0
3
4
1
2
1
2
2
2
1
1
1
2
3
3
3
2
0
2
2
1
4
3
3
3
0
0
1
2
3
0
3
2
3
0
5
2
1
3
0
2
3
3
2
1
1
0
2
2
1
0
0
4
3
5
1
2
3
0
2
1
3
0
1
1
1
5
0
2
6
1
2
2
1
3
0
0
1
0
3
2
2
2
4
3
4
3
2
2
2
2
2
1
4
0
3
1
3
2
2
0
0
0
2
3
1
1
1
3
0
2
0
2
0
0
3
3
2
2
1
1
0
0
2
4
0
1
2
2
0
2
2
2
4
4
1
3
2
1
5
4
1
1
3
1
1
0
0
0
0
4
1
2
2
2
1
1
4
0
1
1
0
4
2
0
0
2
1
0
3
0
0
1
3
0
0
1
2
1
0
1
1
2
2
3
0
2
3
2
1
0
1
1
3
1
2
1
4
1
2
1
1
0
4
0
0
0
2
0
2
1
2
0
0
0
2
2
2
1
2
0
4
1
1
1
0
1
2
1
1
3
1
3
1
0
1
0
3
1
1
4
3
2
1
1
1
0
1
2
1
1
1
0
4
0
1
5
1
3
2
4
5
1
0
0
1
1
3
1
3
1
2
5
1
1
4
0
0
2
3
1
2
0
0
0
1
3
2
1
1
0
5
1
2
2
0
1
1
0
1
2
2
1
2
1
3
3
2
1
2
2
3
2
0
3
2
0
1
0
2
1
4
2
0
0
1
2
3
0
1
3
2
0
1
1
0
1
2
1
2
4
0
1
1
1
2
3
2
1
1
2
0
0
1
1
0
2
1
1
2
1
3
0
2
2
0
3
0
2
4
2
1
1
1
1
0
3
1
0
1
2
1
3
2
0
1
4
1
2
1
1
0
1
1
2
1
0
1
1
1
3
0
0
1
2
1
0
2
0
4
0
0
1
1
1
1
0
1
0
1
1
1
2
1
1
1
1
0
2
2
1
0
0
1
0
5
2
0
1
1
0
1
1
1
1
2
2
2
0
4
3
3
1
2
2
0
2
1
2
2
0
1
1
1
1
2
3
2
0
0
5
0
0
0
0
0
1
3
0
2
2
1
1
0
1
0
2
3
1
2
3
1
1
0
1
1
2
1
3
2
1
0
1
0
1
2
1
1
2
1
3
1
0
2
0
1
3
0
0
2
4
4
1
1
1
4
1
4
0
0
1
1
0
4
0
0
2
1
2
0
0
0
1
2
1
2
2
0
0
2
0
0
1
1
3
2
1
0
2
1
2
0
1
3
2
0
1
0
2
1
2
0
2
4
0
1
3
1
1
2
1
1
1
0
3
2
1
0
1
1
1
1
0
0
0
2
0
1
2
0
1
3
0
1
0
1
1
0
2
0
1
1
0
1
0
2
1
0
1
2
2
1
0
0
0
1
1
1
3
1
1
1
0
0
1
2
0
0
1
1
3
0
0
0
1
2
0
1
1
1
2
3
2
0
0
1
1
0
3
1
0
2
1
0
1
1
2
0
0
1
2
1
1
2
3
1
1
3
1
2
1
1
0
2
1
1
0
2
3
2
1
0
0
3
0
0
1
0
1
0
0
1
0
0
1
2
0
2
3
1
0
1
0
1
1
1
0
0
2
0
0
1
0
0
2
0
0
2
2
1
0
0
1
2
1
2
1
0
1
1
3
0
3
0
1
0
0
2
3
2
1
1
1
1
2
0
4
0
1
0
0
1
1
0
0
1
1
0
0
0
0
1
1
1
0
1
0
0
0
0
0
0
3
0
1
2
0
1
1
0
1
2
0
0
0
2
0
0
1
0
1
1
0
0
1
0
1
1
0
1
0
1
1
1
1
0
2
0
1
2
0
3
2
1
1
1
0
3
1
1
0
2
1
1
0
2
0
2
0
2
0
0
0
1
0
2
1
1
1
0
1
0
1
1
0
2
1
1
1
0
1
0
0
0
0
1
0
2
0
1
2
0
2
0
0
0
1
0
1
2
3
2
0
0
1
2
1
0
2
0
0
0
0
0
0
0
0
0
0
0
0
0
0
2
1
0
0
1
1
0
0
1
1
3
1
0
0
1
0
0
3
1
1
2
0
0
0
1
1
0
0
0
0
2
1
0
0
1
0
2
0
0
2
0
0
2
1
1
0
2
0
0
4
0
1
1
0
0
1
0
0
0
1
1
3
0
2
0
0
1
0
0
0
0
1
1
0
2
0
1
0
0
0
2
0
1
1
0
1
1
0
0
2
0
2
2
1
1
0
1
0
1
0
1
0
1
0
0
1
1
0
0
5
1
0
1
2
1
2
1
1
1
1
4
1
2
5
0
3
1
2
0
0
0
0
0
0
1
1
1
1
0
1
1
3
1
0
1
2
2
0
2
2
1
2
3
0
1
1
0
3
2
3
0
1
2
1
0
0
1
1
2
0
1
0
2
0
1
0
2
1
2
0
3
2
2
1
1
0
0
2
1
0
3
1
0
1
0
1
0
2
2
0
1
0
0
0
1
0
2
0
0
1
2
1
2
0
2
1
0
2
1
1
1
1
0
1
2
0
3
0
0
1
1
0
2
2
2
0
1
1
1
0
0
1
1
1
1
0
2
1
0
0
0
0
3
0
0
0
1
1
0
0
0
1
1
2
1
1
0
0
2
1
2
1
1
1
3
1
1
2
1
2
2
0
1
3
0
0
0
2
1
0
1
2
1
0
1
0
0
1
1
0
0
1
0
1
0
1
1
0
0
0
1
0
1
0
3
0
1
4
0
0
2
3
0
0
2
1
1
0
0
0
0
2
2
2
2
0
1
0
1
0
1
4
2
2
0
0
1
1
0
2
1
0
2
1
1
1
0
3
2
1
2
1
0
2
1
0
1
0
0
0
2
0
3
0
1
1
0
1
1
0
0
1
1
2
1
1
1
0
0
1
0
2
1
1
0
3
0
0
2
4
2
1
0
0
2
0
1
2
1
2
0
1
2
0
0
3
0
0
0
0
1
0
1
1
0
1
1
0
1
2
1
0
1
2
0
2
3
0
3
1
0
3
0
3
0
1
0
1
1
0
0
1
0
0
0
1
1
1
2
1
1
1
1
0
2
2
1
2
1
2
0
1
2
2
0
2
1
1
0
1
1
3
0
1
1
3
1
2
1
0
2
0
1
1
0
0
2
0
0
3
0
1
0
1
1
2
0
1
0
0
2
1
0
1
1
1
2
1
1
0
0
0
0
1
2
3
1
1
1
1
1
1
0
1
0
0
2
1
0
3
1
0
1
0
0
0
1
1
0
1
0
2
1
0
2
1
1
0
0
0
1
0
0
0
3
0
0
4
0
1
0
0
0
0
2
1
1
2
1
2
2
0
1
0
1
0
0
0
0
0
1
2
0
2
0
2
1
0
0
0
1
2
0
0
1
0
0
0
0
0
0
1
0
0
0
1
0
2
0
0
1
1
2
0
2
0
0
0
0
1
1
1
1
0
0
1
2
0
0
1
1
1
0
0
0
1
0
2
0
0
1
0
2
0
0
1
1
1
0
0
3
2
1
0
2
0
1
0
0
0
0
2
0
0
2
2
2
1
3
1
0
1
1
0
2
0
1
1
0
1
0
2
2
0
1
0
0
0
0
0
0
1
0
1
0
0
2
1
0
0
0
0
1
2
1
0
1
0
1
1
3
0
1
0
2
1
1
1
0
0
0
1
1
1
0
1
2
0
2
0
0
2
0
0
2
0
0
2
0
0
1
0
1
0
2
1
1
0
1
1
2
1
0
0
0
0
3
0
1
0
0
1
1
1
1
0
2
0
0
2
2
0
1
2
0
2
1
2
1
2
2
1
1
2
1
3
0
3
0
2
2
0
2
0
0
0
0
1
2
1
0
1
0
2
2
0
0
1
0
1
1
1
0
1
0
0
2
1
0
0
0
2
0
0
1
1
2
0
1
1
1
0
1
2
1
1
0
1
2
0
1
0
1
1
0
1
2
0
0
1
0
0
1
1
1
3
2
2
1
0
3
1
1
2
0
1
0
1
1
1
2
0
0
0
0
0
0
0
1
1
1
2
0
1
0
2
1
0
1
0
3
2
1
1
1
2
2
2
0
0
1
0
0
1
1
2
0
1
1
0
0
0
1
0
1
2
4
1
3
2
3
0
1
0
0
4
2
2
2
2
0
1
3
1
1
1
0
2
2
1
2
1
1
3
1
4
2
2
3
1
2
0
6
5
1
4
3
2
9
9
3
11
7
8
8
8
6
14
6
5
2
5
8
11
5
10
10
4
12
7
8
11
8
15
10
8
16
11
10
14
12
11
9
10
10
17
9
11
11
15
14
12
13
13
7
11
17
10
10
10
8
13
11
12
12
13
13
7
23
8
9
8
11
7
12
11
6
2
5
13
8
9
10
6
8
1
9
4
9
9
4
6
9
8
8
6
12
6
7
5
3
8
3
8
3
5
6
4
5
3
3
5
6
4
5
2
5
4
2
2
1
0
1
1
3
0
1
3
2
2
3
1
2
1
3
1
1
1
3
3
1
3
4
1
1
1
0
1
2
4
1
2
1
3
1
1
1
1
1
2
0
1
0
1
0
0
0
0
1
0
0
3
0
0
1
0
1
1
0
0
0
1
2
1
0
1
2
0
0
0
0
3
1
0
0
0
0
0
1
1
1
1
0
2
3
0
0
0
1
0
1
1
0
0
0
0
0
0
2
0
0
0
0
0
0
1
0
0
0
1
1
0
1
0
0
0
1
1
0
0
0
1
0
2
0
0
0
0
0
2
1
2
0
1
0
0
3
0
0
1
1
0
1
1
0
1
0
0
2
0
0
0
0
0
1
2
1
2
0
1
1
0
0
0
0
1
3
0
0
0
0
0
0
1
1
1
0
0
0
0
1
0
1
0
0
0
1
0
0
1
2
0
0
0
1
0
1
2
0
1
0
0
1
0
0
1
1
0
0
0
1
0
0
0
0
0
0
0
0
2
0
0
0
0
0
1
0
0
1
0
0
0
0
2
0
2
0
1
1
0
0
2
0
0
0
0
0
1
1
0
0
0
1
0
2
0
1
1
1
1
0
2
2
0
2
1
0
0
1
1
0
1
0
1
0
1
1
3
1
0
1
0
0
0
0
1
0
0
0
0
0
0
0
0
2
0
0
0
1
1
1
1
1
3
1
0
1
0
0
0
0
0
0
0
1
1
0
0
0
0
0
0
0
2
2
0
0
1
1
0
1
1
0
1
0
1
1
2
0
1
0
0
1
0
0
0
2
1
0
0
0
1
1
0
1
0
2
0
0
0
4
0
0
2
0
0
0
1
0
1
0
2
0
0
0
0
1
0
0
1
0
1
0
0
3
1
1
0
0
2
2
1
1
0
0
1
0
1
1
0
0
2
2
2
0
0
0
0
1
0
0
1
0
2
2
2
0
0
1
0
1
0
1
0
1
1
2
0
1
2
1
0
0
0
0
0
0
1
0
1
1
0
0
2
2
1
3
3
0
3
1
3
0
0
0
1
1
1
1
0
4
1
0
1
0
0
0
1
0
0
0
1
0
0
2
0
0
0
1
0
0
0
1
0
0
0
3
1
0
0
0
0
2
1
1
0
2
0
1
1
0
0
0
0
1
0
0
1
0
0
0
1
1
0
0
0
0
1
0
1
0
0
0
0
1
0
0
2
0
0
1
2
0
0
1
0
1
1
3
1
0
1
1
1
0
0
0
0
0
0
0
0
0
0
2
0
2
1
0
0
1
0
0
0
0
0
0
0
1
2
1
1
1
0
1
0
0
0
0
0
1
0
1
0
1
0
0
1
2
0
2
1
1
1
1
0
0
0
0
0
0
1
0
1
0
1
0
0
0
0
0
0
0
1
0
0
1
0
0
0
0
1
0
3
2
0
0
0
0
1
2
0
1
0
2
1
1
0
1
0
0
1
1
0
0
1
0
0
1
0
0
0
4
0
0
2
0
1
1
0
0
0
1
1
0
2
1
0
2
0
0
1
0
1
0
0
0
2
0
1
0
0
1
1
1
0
0
0
0
0
0
0
1
0
0
0
0
0
1
1
1
0
0
2
1
0
0
0
2
1
0
0
0
2
2
1
0
1
0
0
2
0
2
0
1
1
1
0
1
0
0
2
0
0
2
0
0
0
1
0
1
0
0
3
0
0
0
0
0
1
0
0
0
0
0
0
0
0
1
0
0
0
1
1
0
0
0
0
1
1
0
0
2
0
1
0
1
0
0
0
0
0
0
0
1
1
0
0
1
0
1
1
0
1
1
0
0
3
0
1
0
0
0
0
1
0
0
1
0
1
0
1
1
1
0
0
1
0
0
0
1
0
0
1
1
0
1
0
0
0
1
1
0
0
0
0
0
1
1
0
1
1
1
1
0
1
0
0
0
0
0
0
1
0
1
0
0
1
0
0
0
0
1
0
0
0
0
1
0
0
0
0
0
0
0
1
0
0
2
0
1
0
0
0
0
0
0
0
0
1
0
1
2
0
1
0
0
1
0
0
0
0
0
0
1
0
0
0
0
0
0
0
0
0
0
0
0
0
0
0
0
0
0
0
0
0
0
0
0
0
0
0
0
0
0
0
0
0
0
0
0
0
0
0
0
0
0
0
0
0
0
0
0
0
0
0
0
0
0
0
0
0
0
0
0
0
0
0
0
0
0
0
0
0
0
0
0
0
0
0
0
0
0
0
0
0
0
0
0
0
0
0
0
0
0
0
0
0
0
0
0
0
0
0
0
0
0
0
0
0
0
0
0
0
0
0
0
0
0
0
0
0
0
0
0
0
0
0
0
0
0
0
0
0
0
0
0
0
0
0
0
0
0
0
0
0
0
0
0
0
0
0
0
0
0
0
0
0
0
0
0
0
0
0
0
0
0
0
0
0
0
0
0
0
0
0
0
0
0
0
0
0
0
0
0
0
0
0
0
0
0
0
0
0
0
0
0
0
0
0
0
0
0
0
0
0
0
0
0
0
0
0
0
0
0
0
0
0
0
0
0
0
0
0
0
0
0
0
0
0
0
0
0
0
0
0
0
0
0
0
0
0
0
0
0
0
0
0
0
0
0
0
0
0
0
0
0
0
0
0
