0
0
0
0
0
0
0
0
0
0
0
0
0
0
0
0
0
0
0
0
0
0
0
0
0
0
0
0
0
0
0
0
0
0
0
0
0
0
0
0
0
0
0
0
0
0
0
0
0
0
0
0
0
0
0
0
0
0
0
0
0
0
0
0
0
0
0
0
0
0
0
0
0
0
0
0
0
0
0
0
0
0
0
0
0
0
0
0
0
0
0
0
0
0
0
0
0
0
0
0
0
0
0
0
0
0
0
0
0
0
0
1
7
407
3457
7188
7135
6440
6196
5932
5959
5717
5874
5929
6047
6101
6341
6180
6353
6237
6467
6569
6437
6413
6517
6556
6539
6460
6528
6426
6390
6534
6470
6491
6264
6447
6379
6380
6226
6214
6363
6232
6276
6175
6080
6386
6069
6062
6092
6084
6108
6105
6059
6068
6069
5890
5911
5910
5972
5956
5839
5880
5850
5745
5841
5750
5755
5784
5666
5718
5846
5698
5727
5753
5544
5732
5743
5618
5697
5575
5564
5591
5594
5659
5585
5578
5519
5607
5546
5597
5610
5655
5481
5561
5557
5324
5521
5515
5376
5685
5466
5374
5479
5458
5534
5273
5284
5441
5456
5265
5291
5430
5313
5423
5307
5231
5401
5236
5292
5176
5248
5282
5242
5302
5238
5337
5301
5132
5224
5233
5108
5224
5118
5100
5134
5153
5117
5102
5166
5184
5169
5239
5226
5131
5124
5154
5093
5142
5083
4995
5025
5232
5017
5058
5095
4967
5104
5036
5069
5043
5039
5155
4947
5069
5036
5087
4970
5079
4869
5083
4913
5040
4946
4952
5047
4889
4884
5020
5067
4897
4950
4889
4828
4963
4893
4812
4855
4976
4800
4908
4833
4891
4781
4915
4755
4839
4844
4856
4784
4984
4761
4742
4830
4834
4872
4775
4784
4803
4551
4793
4734
4632
4683
4639
4775
4788
4657
4785
4846
4703
4740
4828
4701
4693
4636
4806
4692
4683
4706
4739
4737
4638
4818
4690
4720
4655
4594
4698
4655
4502
4534
4558
4758
4512
4757
4688
4698
4540
4634
4575
4685
4580
4582
4630
4646
4563
4629
4541
4606
4575
4637
4631
4544
4684
4564
4715
4704
4669
4604
4521
4436
4581
4597
4685
4559
4651
4584
4490
4616
4542
4435
4416
4511
4532
4624
4486
4445
4521
4597
4569
4376
4540
4483
4511
4584
4492
4551
4554
4458
4501
4513
4472
4460
4444
4657
4452
4530
4494
4525
4474
4593
4479
4406
4411
4404
4461
4338
4455
4513
4318
4420
4463
4458
4488
4605
4587
4482
4438
4344
4415
4411
4425
4334
4482
4462
4515
4332
4468
4426
4363
4373
4455
4434
4377
4473
4519
4461
4389
4415
4300
4410
4451
4302
4286
4408
4383
4302
4424
4405
4354
4390
4420
4366
4510
4384
4443
4374
4357
4449
4255
4344
4270
4309
4350
4344
4243
4369
4245
4411
4312
4394
4223
4376
4332
4321
4283
4367
4257
4401
4263
4339
4297
4277
4358
4210
4278
4274
4289
4392
4375
4385
4400
4282
4281
4310
4319
4282
4252
4302
4298
4295
4282
4211
4233
4275
4200
4273
4310
4303
4300
4302
4378
4203
4181
4339
4325
4204
4311
4274
4160
4273
4177
4366
4314
4408
4285
4231
4137
4203
4319
4252
4278
4211
4122
4187
4285
4315
4261
4252
4318
4364
4205
4181
4154
4246
4265
4088
4256
4229
4184
4236
4222
4205
4321
4303
4307
4143
4243
4303
4291
4249
4250
4142
4240
4148
4182
4170
4225
4211
4201
4331
4105
4207
4197
4178
4131
4221
4205
4174
4320
4279
4183
4178
4166
4352
4200
4171
3989
4225
4157
4351
4333
4160
4098
3979
4231
4171
4142
4146
4202
4192
4247
4219
4198
4246
4123
4175
4042
4184
4206
4105
4240
4137
4167
4175
4305
4254
4165
4270
4209
4081
4195
4149
4290
4159
4268
4249
4247
4067
4117
4251
4174
4253
4190
4268
4285
4121
4149
4284
4222
4242
4263
4193
4262
4190
4233
4246
4252
4059
4143
4180
4167
4250
4214
4213
4305
4211
4173
4242
4177
4317
4181
4364
4227
4267
4262
4167
4304
4216
4252
4187
4244
4160
4156
4129
4272
4237
4238
4397
4303
4202
4298
4177
4212
4192
4291
4228
4217
4287
4174
4215
4328
4075
4360
4213
4280
4151
4266
4160
4222
4281
4284
4239
4146
4196
4304
4285
4241
4224
4270
4124
4328
4346
4198
4254
4244
4340
4297
4211
4171
4288
4270
4357
4288
4212
4307
4224
4304
4254
4274
4215
4249
4289
4262
4104
4174
4317
4122
4315
4381
4157
4242
4241
4247
4198
4207
4170
4124
4288
4249
4190
4243
4183
4284
4286
4242
4185
4146
4223
4292
4162
4212
4111
4369
4246
4249
4178
4184
4303
4186
4221
4314
4238
4201
4183
4247
4082
4144
4236
4210
4142
4191
4246
4218
4044
4209
4111
4207
4158
4205
4157
4272
4104
4229
4185
4298
4153
4259
4100
4146
4248
4200
4208
4281
4237
4061
4085
4110
4085
4192
4106
4143
4090
4157
4182
4329
4082
4157
4102
4120
4090
4273
4121
4118
4229
4225
4232
4427
4547
4505
4511
4530
4395
4279
4441
4436
4341
4154
4194
4175
4242
4185
4190
4277
4152
4094
4243
4129
4057
4149
4134
4185
4099
4083
4156
3988
4065
4163
3927
4070
4118
4146
3996
4103
4057
4158
4048
4083
4192
4029
4096
4158
3992
4170
4144
4103
4152
4127
4180
4048
4052
4104
4108
4108
4096
4090
3994
4110
4123
4113
4149
4112
4251
4201
4063
4124
4194
4118
4132
4175
4171
4201
4091
4072
4190
4191
4201
4126
4249
4044
4391
4095
4235
4199
4290
4245
4280
4174
4192
4132
4209
4180
4265
4336
4265
4157
4176
4104
4290
4303
4248
4183
4240
4234
4321
4205
4245
4214
4147
4247
4311
4266
4267
4360
4295
4464
4218
4268
4246
4261
4260
4380
4207
4241
4420
4362
4312
4371
4289
4339
4389
4465
4344
4380
4369
4225
4472
4357
4442
4390
4386
4307
4339
4502
4431
4447
4451
4414
4384
4497
4322
4543
4431
4351
4444
4536
4479
4451
4433
4487
4507
4434
4496
4528
4557
4498
4596
4503
4457
4511
4549
4513
4577
4564
4643
4548
4674
4649
4657
4515
4628
4636
4483
4551
4541
4512
4683
4610
4544
4591
4630
4616
4583
4586
4678
4681
4576
4675
4637
4712
4550
4661
4712
4689
4656
4703
4679
4775
4693
4754
4703
4726
4797
4764
4807
4615
4791
4785
4681
4755
4624
4845
4806
4814
4854
4782
4809
4862
4828
4842
4807
4964
4864
4957
4872
4871
4848
4770
4750
4796
4961
4864
4848
4925
4859
4863
5002
4809
4960
4887
4856
4973
4907
4997
4820
5015
5019
4920
4966
5010
4982
4963
5180
4964
5047
5019
5083
4938
5176
4893
5045
5088
4995
5149
5022
4972
5079
5171
5071
5051
5051
5106
4956
5098
4961
5166
4991
5049
5065
5038
5021
5071
5144
5059
5109
4936
5169
5192
5093
5189
5153
5044
5055
5148
5158
5156
5094
5141
5047
5202
5272
5169
5116
5254
5111
5211
5074
5313
5055
5195
5241
5116
5062
5097
5207
5175
5207
5256
5190
5231
5182
5155
5226
5205
5252
5046
5280
5277
5252
5271
5268
5359
5244
5158
5313
5468
5259
5312
5407
5280
5368
5322
5308
5205
5426
5423
5328
5262
5297
5233
5372
5433
5362
5380
5302
5461
5540
5291
5466
5413
5363
5330
5325
5405
5412
5323
5504
5337
5504
5355
5531
5354
5344
5347
5460
5598
5509
5319
5341
5419
5482
5547
5350
5529
5323
5443
5317
5430
5568
5509
5413
5416
5465
5451
5617
5488
5536
5473
5527
5468
5605
5449
5440
5606
5518
5458
5591
5431
5672
5595
5542
5551
5668
5626
5595
5517
5570
5463
5563
5508
5477
5558
5667
5752
5549
5618
5546
5662
5590
5638
5558
5655
5675
5688
5688
5562
5646
5692
5711
5739
5755
5745
5583
5687
5763
5692
5692
5645
5700
5745
5534
5682
5776
5713
5553
5720
5634
5679
5766
5641
5814
5793
5668
5800
5743
5845
5714
5690
5691
5728
5776
5669
5623
5834
5749
5765
5658
5860
5674
5767
5771
5738
5737
5851
5878
5765
5778
5734
5865
5905
5887
5785
5849
5787
5767
5857
5908
5871
5649
5893
5977
5785
6069
5926
5887
5937
5867
5789
5858
5790
6076
5873
5910
5877
5853
6058
5989
5976
5924
5896
6045
5863
5952
5996
6057
5962
5962
5928
6007
6011
6207
6022
5976
5820
6094
6027
6040
6039
6165
5960
5949
6118
6191
6072
6066
6047
5976
6137
6088
6046
6115
6111
6106
6052
5991
6128
6209
6175
6264
6238
6131
6295
6185
6140
6267
6293
6026
6088
6142
6116
6230
6222
6110
6409
6091
6209
6189
6207
6265
6314
6196
6231
6262
6245
6281
6321
6339
6137
6396
6386
6266
6230
6335
6484
6300
6315
6208
6304
6236
6383
6400
6438
6429
6491
6314
6310
6442
6271
6339
6445
6293
6355
6522
6500
6356
6423
6513
6421
6474
6341
6398
6520
6278
6440
6482
6506
6460
6519
6545
6655
6432
6467
6793
6543
6511
6577
6647
6538
6513
6618
6557
6574
6504
6503
6527
6516
6486
6458
6530
6773
6588
6785
6544
6628
6625
6550
6686
6612
6584
6658
6523
6511
6599
6547
6534
6683
6690
6711
6721
6782
6560
6619
6686
6679
6632
6924
6917
6619
6769
6635
6772
6632
6726
6663
6896
6844
6815
6807
6870
6826
6873
7016
6931
6770
6589
6958
6950
6937
6829
6962
6965
6943
6743
6928
6932
6956
7110
6948
7018
6973
6938
6950
6855
7106
7073
6955
6957
6993
7109
7105
6994
7091
7109
7028
7161
6981
7023
7063
7038
7075
7163
7092
7212
7188
7109
7241
7030
7181
7015
7091
7176
7125
6974
7258
7162
7017
7168
7301
7202
7203
7154
7258
7177
7209
7205
7348
7334
7194
7084
7205
7224
7257
7106
7091
7090
7156
7287
7340
7204
7249
7250
7267
7200
7314
7203
7213
7237
7214
7275
7197
7249
7076
7170
7206
7248
7206
7104
7358
7067
7171
7229
7222
7171
7125
7249
7160
7167
7196
7296
7284
7257
7214
7170
7131
7087
7150
7093
7131
7179
7194
7100
7305
7337
7559
7438
7642
7472
7462
7681
7683
7643
7599
7603
7387
7527
7588
7262
7278
7304
7170
7270
7133
7345
7021
7120
6941
7072
7063
7031
6993
6891
7140
6895
6899
6861
7034
6902
6887
6910
6989
6969
6990
6759
6667
6845
6875
6879
6866
6735
6946
6864
6805
6655
6668
6815
6830
6768
6913
6832
6766
6760
6717
6784
6772
6858
6886
6631
6806
6574
6518
6600
6718
6546
6674
6733
6623
6524
6640
6670
6709
6604
6568
6560
6707
6610
6611
6571
6654
6596
6658
6602
6643
6644
6629
6559
6498
6605
6591
6449
6474
6549
6485
6462
6500
6567
6663
6386
6443
6588
6528
6535
6406
6563
6398
6505
6510
6551
6443
6458
6537
6533
6467
6467
6530
6566
6355
6530
6588
6421
6357
6351
6490
6486
6428
6629
6550
6265
6386
6440
6447
6306
6365
6457
6298
6331
6312
6294
6254
6405
6226
6185
6241
6315
6440
6414
6239
6396
6446
6358
6365
6317
6350
6318
6309
6235
6399
6345
6176
6398
6285
6276
6287
6148
6224
6250
6210
6196
6229
6192
6277
6273
6199
6056
6263
6180
6331
6138
6176
6170
6089
6222
6272
6223
6123
6208
6135
6168
6050
6042
6120
6235
6205
6056
6125
6106
6006
6033
6163
6206
6048
6056
6145
6112
6204
6043
6105
6062
6094
6055
6037
6089
5980
6064
6157
5968
6027
6065
5977
5990
6085
6005
6054
5863
5999
6150
6045
5936
6130
5850
6177
5988
5945
6146
6025
6025
5911
6117
5981
6119
5857
5911
5916
5908
6044
5883
6022
6040
6007
5818
5995
5867
5865
6133
5826
5679
6015
5959
5755
5945
5891
5902
5981
5828
5907
5734
5930
5712
5900
5915
5856
5783
5855
5773
5937
5877
5601
5812
5661
5889
5967
5797
5954
5662
5819
5947
5770
5782
5760
5844
5830
5704
5758
5761
5906
5761
5776
5763
5745
5767
5805
5615
5737
5665
5705
5740
5850
5840
5531
5679
5713
5743
5630
5705
5696
5601
5648
5703
5875
5816
5764
5753
5589
5740
5690
5673
5599
5638
5656
5720
5750
5674
5596
5594
5688
5629
5760
5592
5658
5468
5558
5535
5653
5605
5679
5667
5611
5463
5465
5748
5572
5458
5715
5594
5592
5623
5686
5671
5533
5582
5729
5510
5538
5618
5475
5443
5483
5461
5520
5539
5513
5616
5495
5565
5574
5472
5502
5461
5521
5391
5456
5372
5620
5514
5438
5436
5458
5453
5473
5627
5467
5406
5453
5502
5477
5403
5353
5350
5477
5459
5415
5320
5431
5353
5429
5299
5407
5422
5322
5395
5337
5374
5315
5364
5328
5281
5378
5315
5332
5228
5206
5329
5277
5432
5179
5300
5269
5116
5188
5268
5183
5185
5177
5117
5178
5265
5290
5207
5155
5253
5146
5082
4981
5054
5170
5204
5109
4950
5183
5091
5154
4859
5092
4990
4892
5006
5099
4996
4953
4918
4982
4991
4942
5061
4971
4971
4816
4850
4905
4949
4893
4806
4771
4816
4839
4764
4768
4799
4848
4675
4793
4718
4671
4652
4567
4607
4647
4742
4581
4682
4663
4575
4676
4566
4713
4648
4467
4578
4556
4569
4603
4489
4499
4461
4461
4446
4556
4391
4548
4480
4483
4489
4444
4401
4381
4389
4456
4456
4442
4418
4369
4362
4297
4430
4413
4185
4323
4345
4255
4307
4447
4319
4326
4253
4177
4127
4271
4300
4194
4256
4360
4200
4221
4240
4252
4298
4188
4133
4253
4267
4074
4239
4299
4210
4176
4214
4140
4247
4155
4149
4230
4222
4193
4121
4137
4098
4108
4047
4165
4181
4025
4096
4059
4057
4029
4038
4084
4090
4089
4069
4058
4062
4121
3901
4136
4103
4074
4036
4078
4006
4183
4067
4156
4203
4114
4068
4097
4263
4073
4049
3999
4077
4056
4049
4037
4000
4026
4093
4051
4035
3976
3963
4065
3953
4062
3926
3883
4080
3882
3956
4020
3871
3938
3992
4008
3924
4010
3961
4039
3928
3856
3991
4062
3900
4017
3937
3958
3995
3866
3944
4058
4057
4143
4180
4056
4125
4192
4323
4334
4269
4394
4281
4245
4350
4237
4124
4188
4154
4049
3993
4101
3969
3913
4007
3924
3845
3905
3917
3955
3851
3927
3920
3794
3944
3801
3804
3827
3826
3749
3773
3813
3763
3625
3806
3719
3584
3600
3769
3617
3731
3728
3752
3700
3522
3599
3579
3533
3514
3599
3543
3608
3532
3644
3617
3654
3592
3566
3657
3684
3661
3558
3642
3684
3559
3537
3453
3639
3516
3551
3491
3506
3547
3477
3536
3598
3445
3494
3606
3431
3505
3501
3491
3441
3531
3477
3452
3533
3497
3544
3383
3488
3466
3536
3533
3452
3349
3525
3421
3476
3415
3485
3377
3294
3436
3354
3455
3372
3418
3414
3468
3515
3444
3394
3428
3474
3405
3373
3396
3338
3476
3345
3381
3380
3443
3319
3370
3424
3419
3365
3378
3331
3495
3378
3304
3318
3401
3474
3353
3345
3373
3385
3324
3350
3267
3283
3403
3279
3362
3450
3407
3249
3236
3156
3223
3202
3263
3348
3224
3321
3408
3389
3326
3222
3322
3376
3280
3352
3285
3286
3354
3281
3347
3219
3328
3320
3331
3351
3217
3216
3255
3307
3286
3206
3296
3161
3228
3151
3328
3299
3223
3175
3342
3333
3280
3211
3210
3232
3227
3212
3221
3162
3195
3162
3194
3151
3196
3138
3260
3143
3167
3130
3105
3105
3216
3088
3147
3188
3136
3185
3197
3155
3281
3115
3293
3177
3096
3116
3306
3139
3093
3123
3107
3202
3160
3103
3169
3243
3106
3141
3163
3095
3121
3110
3102
3049
3104
3086
3166
3123
3094
3208
3117
3122
3069
3165
3215
3058
3134
3122
3181
3063
3084
2995
3136
3070
3013
3062
3165
3121
3135
2974
3101
3061
3001
3097
3025
3125
2920
3097
3154
3074
3092
3118
3029
2961
3043
3163
3127
2960
2972
3090
2979
2980
3050
3083
2900
2964
2973
2977
3033
2968
3026
2996
3051
3023
3015
2979
3093
3007
2963
3074
3089
3032
3090
3037
2951
3060
3007
3022
3051
3014
3045
3043
2980
2966
3082
3057
2999
2952
2992
3037
3074
2941
3041
2973
2943
2946
3003
2965
3003
3080
2930
2867
3039
2967
2972
3035
3011
3023
2874
2970
3029
2975
2946
2984
2983
2923
2963
2987
2994
2928
2913
3002
2939
2866
2963
2924
2865
2966
2906
2875
2947
3082
2997
2898
2976
2934
2931
2873
2950
3044
2905
2910
2972
2791
2829
2897
2909
2915
2954
2938
2940
2927
2899
2946
2954
2829
2880
2942
2787
3001
2967
2835
2887
2877
2907
2978
2934
2841
3002
2860
2856
2833
2861
2887
2865
2778
2928
2953
2920
2910
2813
2796
2885
2944
2934
2892
2945
2898
2763
2921
2862
2928
2935
2994
2848
2774
2839
2877
2920
2841
2908
2873
2825
2814
2956
2711
2879
2912
2875
2969
2784
2844
2842
2887
2860
2940
2907
2843
2886
2960
2757
2847
2916
2858
2899
2950
2943
2897
2995
3013
3099
3129
3025
3145
3248
3286
3240
3430
3386
3404
3471
3589
3684
3582
3731
3639
3870
3815
3899
4036
3940
4112
4134
4162
4227
4260
4282
4333
4235
4376
4317
4307
4344
4375
4465
4474
4340
4311
4320
4418
4377
4547
4444
4481
4424
4403
4428
4527
4497
4387
4360
4511
4449
4413
4267
4402
4299
4504
4309
4302
4371
4446
4410
4504
4521
4620
4795
4768
5136
5512
5693
6166
6502
6866
7632
8090
8585
9055
9529
9793
9825
9931
9754
9627
9495
8991
8748
8501
8090
7930
7647
7167
6901
6618
6343
5911
5784
5466
5259
5051
4827
4538
4384
4194
4204
3937
3804
3703
3616
3511
3312
3364
3208
3064
3069
2933
2993
2934
2921
2781
2799
2744
2721
2677
2646
2673
2661
2637
2556
2621
2583
2599
2620
2488
2549
2524
2612
2581
2412
2524
2630
2501
2590
2448
2518
2553
2477
2546
2443
2578
2512
2460
2499
2604
2602
2479
2641
2427
2456
2512
2514
2489
2530
2492
2419
2526
2484
2521
2535
2499
2426
2503
2388
2584
2461
2421
2500
2530
2478
2483
2511
2480
2595
2543
2585
2458
2593
2427
2441
2502
2477
2507
2394
2516
2519
2405
2443
2455
2399
2484
2500
2472
2464
2467
2491
2467
2496
2492
2560
2507
2507
2505
2577
2430
2484
2480
2482
2457
2552
2452
2548
2539
2445
2556
2616
2516
2510
2499
2394
2448
2527
2530
2373
2415
2532
2518
2393
2527
2563
2522
2442
2490
2436
2478
2473
2485
2430
2512
2633
2458
2539
2490
2619
2508
2493
2530
2576
2468
2574
2537
2458
2508
2466
2520
2567
2617
2513
2640
2622
2644
2744
2723
2677
2837
2901
2991
3103
3146
3244
3338
3482
3517
3795
3841
4025
4214
4224
4360
4510
4576
4714
4767
5047
5130
5227
5363
5703
5504
5746
5765
5850
5965
6091
6111
6058
6141
6263
6303
6526
6478
6265
6543
6473
6446
6510
6326
6488
6432
6431
6471
6317
6315
6407
6336
6383
6402
6469
6491
6513
6388
6284
6383
6534
6367
6510
6476
6675
6861
7056
7136
7191
7576
8239
8719
9376
10119
11194
12101
13266
14265
15608
16614
17785
18301
18691
19223
19146
18868
18254
17855
17444
16571
15686
15075
14306
13512
12741
12083
11527
10860
10040
9308
8918
8215
7671
7370
6910
6420
5852
5610
5325
4901
4642
4382
4136
3842
3608
3471
3311
3018
2903
2862
2811
2699
2616
2393
2361
2378
2323
2205
2275
2092
2097
2010
2021
1972
1976
1980
1966
1956
1979
1928
1912
1959
1924
1864
1844
1883
1886
1841
1853
1789
1856
1852
1865
1888
1783
1828
1807
1834
1806
1876
1735
1726
1804
1823
1852
1836
1855
1791
1825
1756
1837
1822
1763
1769
1768
1749
1844
1734
1871
1824
1872
1888
1775
1852
1819
1721
1762
1800
1820
1816
1823
1741
1824
1757
1740
1711
1785
1765
1785
1834
1801
1781
1810
1818
1812
1812
1758
1859
1739
1745
1808
1739
1753
1825
1781
1779
1694
1820
1855
1805
1761
1755
1771
1761
1773
1762
1798
1761
1785
1846
1807
1752
1776
1762
1849
1776
1814
1708
1882
1753
1806
1737
1839
1766
1844
1773
1707
1805
1756
1721
1773
1725
1774
1643
1737
1732
1738
1781
1794
1773
1776
1807
1776
1752
1767
1807
1754
1761
1787
1808
1790
1742
1709
1815
1747
1774
1856
1737
1763
1777
1762
1772
1719
1760
1746
1761
1729
1824
1746
1770
1720
1791
1721
1776
1757
1689
1767
1690
1797
1710
1707
1685
1701
1801
1758
1743
1765
1742
1779
1747
1770
1721
1762
1782
1723
1704
1767
1670
1703
1669
1749
1741
1760
1718
1746
1738
1769
1746
1734
1733
1790
1709
1748
1753
1736
1766
1734
1756
1733
1764
1825
1760
1844
1683
1832
1766
1826
1729
1771
1716
1726
1874
1728
1756
1847
1784
1728
1821
1776
1733
1707
1805
1808
1798
1664
1770
1733
1704
1729
1686
1681
1772
1728
1746
1726
1725
1781
1822
1681
1750
1828
1739
1745
1815
1775
1784
1789
1754
1760
1795
1685
1701
1797
1736
1707
1745
1772
1774
1862
1769
1758
1774
1702
1652
1765
1802
1817
1723
1797
1733
1700
1775
1740
1802
1611
1741
1763
1773
1726
1716
1718
1672
1766
1766
1750
1732
1761
1738
1794
1778
1717
1690
1739
1754
1722
1675
1781
1776
1715
1694
1743
1734
1684
1745
1755
1781
1685
1728
1705
1791
1810
1643
1793
1666
1737
1733
1755
1723
1674
1709
1788
1735
1775
1668
1702
1758
1763
1735
1679
1706
1798
1744
1759
1658
1725
1702
1753
1753
1754
1710
1756
1745
1772
1700
1692
1795
1751
1698
1718
1760
1772
1724
1742
1792
1794
1708
1727
1734
1756
1720
1794
1801
1822
1777
1812
1723
1708
1732
1738
1745
1714
1720
1784
1824
1825
1737
1833
1730
1711
1796
1802
1807
1827
1798
1830
1774
1777
1848
1910
1767
1856
1872
1912
1858
1870
1897
1938
1888
1864
1886
1897
1914
1983
2022
2022
2080
2172
2281
2377
2423
2595
2763
2921
3305
3341
3645
3862
4158
4519
4749
5009
5530
5900
6340
6775
6913
7439
7714
8161
8864
8873
9364
9764
10066
10571
10716
11014
11249
11630
12141
12405
12451
12476
13046
13271
13446
13351
13767
13900
13931
14011
14376
14315
14318
14677
14455
14572
14558
14401
14497
14502
14270
14650
14471
14526
14363
14326
14544
14687
14521
14587
14565
14931
15012
15332
15363
16011
16799
17155
17917
18768
20344
21595
23251
25269
27566
30281
33015
35937
38483
41659
44345
46048
47795
48171
49129
49188
48575
47551
46137
44494
42951
41042
38862
36639
35114
33022
31054
28772
27199
25330
23621
21746
20092
18325
16780
15698
14238
13161
11880
10879
9840
8906
8130
7317
6742
5990
5533
4861
4469
4050
3645
3219
2965
2623
2476
2151
2026
1719
1682
1478
1385
1257
1133
1046
1031
948
884
838
759
733
731
617
704
644
605
540
534
526
516
481
473
447
485
470
464
421
422
431
407
388
377
391
370
360
394
372
395
394
373
349
384
380
392
339
368
358
332
377
393
380
330
322
375
342
356
282
332
394
371
378
343
348
349
302
343
349
336
346
350
348
330
340
366
361
342
316
342
336
344
359
333
361
348
334
348
334
296
316
333
337
345
353
336
345
345
329
332
322
335
313
325
333
302
330
315
311
312
328
321
361
328
311
352
308
315
319
322
304
361
345
339
324
300
340
362
346
318
314
323
307
322
315
310
344
340
340
326
329
288
330
349
321
350
333
340
341
332
359
337
358
349
339
361
379
389
365
387
496
444
480
499
546
544
611
603
624
656
742
787
803
916
886
995
1036
1124
1129
1213
1281
1254
1391
1409
1512
1554
1585
1606
1613
1739
1720
1688
1769
1866
1911
1906
1869
1879
1893
2065
1994
2033
1941
2020
2020
2003
2033
2039
2085
2101
2091
2110
2055
2032
2017
2124
2139
2033
2180
2033
2073
2219
2240
2155
2234
2203
2256
2352
2363
2538
2502
2797
2893
3154
3387
3690
3845
4289
4658
4969
5200
5554
5950
6011
6318
6454
6490
6571
6465
6260
6120
6026
5745
5445
5174
4925
4681
4475
4233
3935
3825
3384
3225
2991
2795
2531
2372
2279
2044
1840
1733
1524
1440
1291
1181
1023
975
927
839
706
701
629
557
547
474
453
427
421
369
335
303
319
261
265
237
237
212
201
224
232
202
186
172
194
171
164
146
172
163
173
177
149
157
171
144
130
148
138
150
134
141
145
131
133
134
128
157
115
128
138
147
110
125
125
120
129
128
147
105
117
144
133
116
134
121
107
129
129
123
109
135
143
111
118
111
122
125
108
128
140
111
126
124
133
125
116
122
115
134
107
110
126
141
129
118
104
126
117
105
110
143
138
127
117
114
117
113
130
129
131
120
126
114
110
115
128
128
117
108
127
128
119
116
107
104
119
107
119
104
124
117
115
101
115
145
109
122
102
116
113
89
126
100
110
115
131
116
102
113
124
104
115
121
99
102
117
136
103
106
89
113
135
94
119
117
123
112
113
104
92
110
96
106
113
108
120
97
106
93
102
111
104
103
137
126
111
114
96
108
117
107
99
113
104
121
111
109
127
88
110
104
96
116
109
125
100
127
102
120
108
114
99
102
97
101
106
107
115
111
103
85
89
94
100
99
123
104
117
95
112
90
110
103
95
108
109
86
105
107
100
113
115
113
102
95
106
106
97
95
110
103
102
89
102
108
102
105
84
114
103
104
93
95
109
93
115
96
95
75
108
107
123
105
87
111
95
91
104
108
102
97
113
79
79
91
109
80
97
129
103
116
105
95
86
114
79
99
99
107
95
99
102
117
98
96
101
97
94
92
81
97
95
101
106
101
94
98
108
98
88
107
97
106
111
100
103
97
104
120
105
93
108
104
102
98
109
95
103
105
90
99
105
96
92
95
86
105
92
88
100
103
104
99
90
84
99
106
98
100
83
83
94
95
109
117
100
78
71
88
76
89
93
91
87
112
87
78
102
103
80
104
90
89
81
90
100
111
81
76
95
81
92
94
103
77
89
90
85
101
111
86
91
79
96
95
86
114
94
105
100
104
92
126
107
111
76
100
98
72
99
105
74
80
80
93
78
92
105
88
78
102
81
85
96
103
77
103
93
83
78
108
96
89
104
76
89
89
88
72
91
91
84
96
91
93
104
89
78
103
92
86
91
82
94
102
91
105
87
66
85
82
98
93
80
93
85
94
78
94
98
88
83
76
70
68
73
69
86
94
69
79
93
88
80
78
80
96
93
88
97
89
82
99
92
77
82
101
85
72
65
95
87
96
75
80
87
92
107
83
78
84
91
86
85
86
89
93
99
88
69
102
92
79
82
72
88
81
85
88
82
89
72
91
102
81
71
88
77
83
82
85
81
76
90
91
65
56
89
83
82
74
78
73
89
75
68
82
77
69
83
108
99
81
89
96
74
85
89
58
72
75
80
89
89
80
80
83
77
65
81
88
71
79
78
95
72
97
86
84
75
76
79
81
74
87
66
78
76
71
55
63
69
73
59
73
75
68
69
68
46
57
63
81
67
76
75
83
73
75
74
76
59
72
76
62
74
69
66
76
93
81
68
72
73
65
76
82
86
67
83
87
93
66
67
86
63
97
86
67
90
67
74
81
70
64
72
71
82
69
65
78
69
78
59
75
84
78
66
74
87
84
65
69
71
90
64
76
76
69
81
79
82
64
73
66
83
64
72
81
86
76
92
76
71
68
74
74
72
79
79
77
64
64
73
75
69
72
81
56
66
73
72
68
69
60
76
72
83
66
60
75
71
77
68
65
78
91
83
77
69
81
80
71
65
69
68
56
67
72
80
64
80
85
92
62
67
77
60
67
82
78
79
59
94
53
84
85
86
59
73
84
81
72
86
83
70
70
70
67
69
52
62
73
82
85
73
89
75
85
81
82
59
72
59
74
65
64
63
68
75
59
76
60
62
66
87
79
91
70
62
68
71
63
64
75
57
88
69
61
68
76
73
72
58
60
63
79
69
52
69
70
68
65
68
65
59
63
79
69
67
79
67
62
57
66
67
71
66
78
77
68
59
74
81
59
70
60
48
77
83
54
73
55
80
67
65
61
61
81
73
50
60
71
66
60
60
64
85
55
53
64
64
76
73
57
52
60
64
56
59
56
58
53
64
55
59
56
46
65
54
60
73
53
59
73
61
62
60
62
63
55
59
75
71
52
55
67
59
73
66
59
63
60
66
78
81
68
70
69
61
57
43
56
69
67
61
55
63
67
70
62
59
51
57
56
72
68
59
63
61
59
68
71
67
67
68
67
57
68
71
54
64
60
71
77
74
59
59
63
61
78
59
63
82
57
66
51
68
45
46
72
58
61
54
59
53
70
56
63
62
65
64
61
66
54
47
55
58
48
71
67
59
54
55
62
59
64
55
56
60
72
63
65
51
59
50
54
52
53
66
60
54
58
45
64
50
65
57
71
60
57
65
55
68
73
75
44
66
69
71
51
75
44
54
55
44
66
66
45
67
50
56
72
61
73
51
71
52
54
59
70
66
59
56
40
62
48
70
50
45
67
69
56
56
59
59
66
63
57
54
65
61
50
62
66
60
55
53
60
54
62
62
40
50
59
57
56
64
45
52
45
56
59
47
57
54
58
58
55
48
57
50
35
65
54
75
47
69
52
62
38
62
53
58
62
62
59
65
54
57
65
55
56
47
57
55
47
59
66
61
43
56
47
50
54
53
53
47
52
49
60
53
43
50
61
62
47
41
64
50
55
63
44
60
54
61
48
46
66
55
56
60
56
58
47
40
60
70
49
66
80
50
62
54
60
51
57
53
65
51
53
60
48
51
59
55
46
63
57
58
55
52
47
56
59
51
55
60
56
60
62
53
42
52
62
50
43
49
52
67
57
54
49
52
59
57
53
48
65
55
54
59
57
58
56
59
55
69
54
53
40
58
50
73
68
43
64
48
45
63
69
46
65
49
53
38
49
53
54
56
67
50
60
48
60
62
67
69
61
54
66
56
62
59
41
54
52
67
61
61
73
74
57
54
60
52
65
65
63
60
63
66
62
52
54
59
60
70
56
61
56
58
45
50
66
56
58
58
40
48
58
49
48
49
66
61
43
61
51
44
47
42
47
60
48
42
32
49
48
56
31
48
60
49
45
51
39
42
46
45
51
39
64
50
44
41
45
61
41
60
41
43
38
40
34
51
46
35
42
51
45
38
44
51
36
44
37
40
42
38
43
38
43
43
48
55
38
46
41
46
44
48
42
40
42
52
51
44
54
42
42
50
42
49
45
44
44
55
44
39
50
50
36
43
50
48
47
29
41
53
48
55
36
45
49
52
39
37
46
47
45
40
57
43
42
37
40
40
40
38
44
55
45
52
38
36
38
35
40
54
45
47
50
33
43
47
46
42
40
43
46
45
37
47
38
50
47
49
41
48
57
43
49
48
33
35
34
44
32
49
43
33
60
37
42
40
41
53
42
40
46
46
34
37
43
57
44
46
38
34
34
45
41
35
50
38
41
35
45
41
52
33
40
39
48
37
40
45
46
49
45
41
42
36
34
56
47
48
47
43
44
44
39
34
48
45
32
35
39
55
43
29
35
42
37
45
31
47
48
38
46
33
48
32
46
45
45
34
31
37
37
36
44
29
39
31
33
50
37
37
39
35
41
35
30
30
44
40
48
42
39
27
36
47
41
56
39
45
51
34
34
44
35
42
35
35
31
40
35
35
44
40
41
32
32
38
41
39
44
36
39
36
32
36
28
33
38
31
46
39
35
49
33
39
37
43
33
46
38
41
43
32
41
34
45
36
32
45
33
33
32
33
39
29
44
26
41
40
37
40
35
32
35
47
36
38
29
35
39
34
37
34
33
36
43
26
46
39
34
36
39
28
36
41
36
36
27
42
39
42
38
31
44
36
34
25
35
33
38
36
39
38
40
32
28
24
34
29
39
22
35
28
27
37
40
33
25
31
34
33
34
40
34
28
28
34
44
26
34
40
35
29
45
26
40
33
38
31
43
38
34
34
33
28
36
39
24
33
33
34
43
36
27
45
34
24
38
38
36
29
40
42
41
36
32
31
29
28
24
24
39
32
37
24
33
44
36
35
31
46
30
25
34
29
28
37
26
40
32
26
33
37
26
36
41
32
30
38
34
26
30
30
23
24
37
41
35
25
23
24
28
26
30
36
30
26
21
30
33
37
33
18
35
37
33
35
38
32
27
36
34
20
35
38
24
34
26
34
33
25
35
44
26
37
28
31
37
38
32
28
35
32
28
24
32
29
31
34
27
39
28
30
31
40
33
33
37
38
26
22
21
28
33
44
26
38
23
34
33
40
33
26
24
25
27
44
34
35
32
39
27
37
34
27
28
38
41
33
21
22
35
42
31
23
33
29
16
38
27
34
35
32
34
29
29
30
36
25
35
32
29
20
20
29
35
35
33
40
29
41
26
27
24
36
27
27
30
34
34
30
29
31
26
28
26
34
34
30
34
23
29
35
25
19
41
30
31
34
23
40
42
24
28
34
31
22
28
34
26
29
26
25
42
31
29
23
30
25
28
34
24
36
34
30
31
35
30
34
34
27
43
33
31
44
31
28
37
27
36
38
24
39
36
26
27
30
38
31
48
27
40
33
32
34
42
31
41
34
36
38
32
32
24
47
30
23
37
27
34
36
32
30
24
25
44
36
35
38
36
49
35
48
26
37
49
38
41
40
41
39
48
40
41
40
31
27
43
41
39
37
48
47
33
41
27
34
25
36
39
38
37
29
35
30
42
31
31
28
25
30
35
36
24
37
32
30
28
34
30
24
31
28
28
28
27
30
33
15
29
26
29
20
26
34
21
29
22
30
26
26
29
29
24
22
27
31
25
22
21
26
25
26
22
27
28
24
26
17
32
28
30
22
33
31
29
20
20
30
27
26
16
21
25
41
17
26
27
20
27
20
21
18
33
17
32
35
29
30
35
31
24
23
29
28
29
31
22
30
27
19
21
19
22
28
17
26
29
20
28
24
23
22
30
18
25
33
22
33
33
26
32
22
23
23
28
29
21
33
18
28
30
21
22
28
25
22
37
22
23
15
16
25
24
23
16
24
28
19
27
31
21
19
30
26
18
22
20
29
35
27
22
22
12
27
18
19
26
25
18
35
22
31
23
29
21
36
27
31
31
28
24
27
29
24
21
35
25
29
33
30
37
31
36
31
31
35
41
33
38
36
45
38
44
30
44
39
29
42
36
36
34
39
28
33
31
30
43
30
40
36
32
38
36
32
37
39
36
38
26
31
34
43
28
40
34
41
32
40
41
35
47
35
44
47
26
57
49
39
30
42
40
44
31
50
58
48
50
41
46
41
47
41
49
32
52
45
35
38
40
39
34
32
33
33
35
42
26
32
26
22
32
26
25
29
29
35
27
35
20
23
30
22
20
19
29
24
28
20
16
23
25
23
23
23
34
25
12
18
31
26
28
21
30
24
28
17
20
22
17
16
24
22
13
27
23
30
26
16
23
25
22
22
25
22
29
17
18
25
27
17
22
19
16
24
27
19
22
15
22
24
24
21
23
20
22
24
18
24
24
27
20
14
27
31
28
19
18
16
15
22
17
25
19
17
22
21
24
28
16
26
24
19
29
15
22
15
21
23
25
17
24
21
18
27
11
21
22
16
21
27
24
22
24
16
17
21
22
16
20
20
17
24
25
17
24
25
20
28
16
27
21
22
22
17
19
17
20
28
15
19
17
17
14
20
18
25
16
18
21
16
17
31
20
23
24
15
21
16
17
17
20
21
20
17
24
22
18
27
26
24
9
27
27
18
17
20
22
20
26
20
17
21
23
14
25
27
32
23
14
21
19
20
25
23
25
23
22
25
20
22
21
19
26
12
28
18
22
20
20
13
23
23
19
20
17
23
13
22
15
15
9
14
24
19
16
24
19
23
12
12
24
18
19
24
15
19
22
17
16
22
10
27
16
19
22
28
18
20
19
17
17
16
19
20
18
19
19
17
18
15
16
19
23
13
15
23
13
20
13
16
17
17
21
11
17
29
19
11
15
20
24
12
13
22
24
18
13
28
11
19
18
17
20
17
20
15
17
14
30
15
22
23
13
17
23
11
16
18
14
19
20
18
17
20
18
11
10
14
27
14
19
21
18
15
15
20
17
19
20
19
19
18
20
15
18
17
16
18
16
22
23
22
19
18
20
17
20
16
23
27
17
18
14
17
21
16
19
14
19
22
12
15
14
17
22
14
17
14
19
16
17
21
12
19
6
27
23
11
19
22
18
21
23
16
7
21
18
20
23
22
16
16
23
16
25
18
22
26
11
12
16
11
23
20
24
19
17
18
21
27
23
27
12
21
19
16
17
21
24
33
22
22
21
20
14
16
26
16
21
23
20
17
21
15
16
19
21
16
18
11
18
16
18
10
21
17
22
20
15
16
16
26
19
24
15
26
15
13
13
22
11
20
19
24
25
24
20
18
18
15
16
14
18
24
30
14
11
26
17
14
7
20
12
16
12
22
23
14
22
15
13
16
19
13
15
21
16
18
23
18
15
16
15
11
10
15
17
12
14
15
18
16
13
11
11
17
20
13
15
9
6
15
16
9
19
7
12
16
19
11
15
17
20
18
4
22
19
19
12
16
14
17
11
12
20
15
11
15
10
16
14
12
17
13
11
20
18
7
16
14
19
7
22
12
7
10
9
11
15
16
18
15
11
5
18
19
10
9
10
9
16
17
14
14
17
15
13
17
15
14
13
8
19
12
15
22
11
17
21
13
14
10
18
16
10
19
9
10
8
15
11
13
18
11
15
9
7
11
17
8
18
16
12
14
12
12
18
17
14
16
23
11
10
12
16
13
8
15
17
17
14
14
14
15
17
18
16
13
15
14
14
19
12
16
9
9
19
21
14
8
18
17
11
8
14
10
11
13
9
12
14
15
16
13
11
21
12
14
8
9
17
8
11
18
10
14
16
9
6
14
14
17
16
18
17
18
13
14
14
11
11
20
13
10
9
14
10
17
17
14
11
17
13
18
14
17
13
11
18
13
9
10
15
21
14
11
16
12
13
14
17
16
10
12
12
13
18
14
10
19
14
17
18
16
14
12
11
16
10
8
16
13
6
16
9
15
13
11
14
13
13
11
15
15
12
24
7
21
12
19
7
14
18
22
20
8
16
15
16
16
13
16
16
7
11
11
16
16
10
12
8
12
11
12
13
16
6
14
7
12
17
15
12
11
18
15
9
12
8
8
12
14
12
6
7
12
8
12
13
20
11
17
14
10
7
6
15
10
8
18
15
12
12
7
10
11
3
13
16
11
9
10
9
11
15
15
16
15
10
6
10
10
15
8
14
15
19
10
12
17
13
16
10
11
11
19
15
11
12
14
14
14
14
22
11
14
15
11
16
13
15
17
7
15
14
22
17
18
17
10
23
13
10
16
8
13
12
13
12
13
11
9
8
12
15
7
19
10
6
13
16
13
12
14
14
20
10
16
13
8
12
8
12
18
14
9
15
12
11
14
14
9
17
15
16
13
10
11
14
17
9
12
10
22
14
13
7
16
19
14
12
6
12
19
20
12
14
20
12
16
22
17
13
12
10
9
12
15
20
22
17
20
18
15
8
16
14
14
9
13
16
13
13
17
10
16
11
23
16
19
21
18
15
13
15
16
14
19
10
14
18
7
11
16
24
9
13
9
15
13
11
12
13
7
11
15
12
17
18
15
8
16
19
19
18
19
20
15
11
13
18
20
11
9
15
13
10
18
20
15
9
14
16
13
7
10
13
9
14
11
9
13
8
5
9
12
11
5
13
8
10
10
9
13
11
12
6
9
9
8
10
12
8
10
4
13
6
10
6
8
8
9
7
21
7
6
5
8
7
13
10
6
9
6
13
7
5
4
8
8
11
10
9
10
14
7
11
8
7
5
10
6
10
11
13
9
9
7
5
10
6
11
10
11
7
11
4
8
14
7
16
11
11
12
11
10
7
13
17
6
10
16
10
4
11
8
19
9
11
13
12
15
8
5
9
9
10
10
4
3
8
5
16
9
12
6
14
8
6
11
12
12
16
3
3
22
10
6
12
12
12
14
9
8
6
9
8
10
8
5
14
7
7
7
14
11
18
8
8
9
8
12
12
12
11
8
12
5
11
7
7
5
10
8
7
6
9
6
7
5
7
12
7
8
19
8
12
5
4
12
8
3
11
11
7
6
14
3
8
5
6
10
8
6
9
15
6
7
8
7
5
5
7
13
10
3
10
9
7
12
9
11
3
11
7
4
9
11
12
8
12
4
9
12
14
9
3
7
14
7
8
8
5
4
11
11
11
8
15
10
11
11
10
9
6
8
3
7
8
15
8
13
9
11
8
8
7
12
11
12
10
7
12
9
12
7
8
11
11
7
4
10
11
8
10
12
8
9
7
6
10
6
9
8
7
5
6
8
2
10
7
12
11
9
4
11
16
7
9
7
10
8
3
7
8
5
10
3
7
5
10
8
3
5
5
7
6
3
7
5
9
10
9
5
9
5
8
4
5
8
7
4
10
5
12
10
11
9
2
7
6
3
3
7
6
8
6
11
7
5
5
9
8
3
9
5
12
6
5
6
7
5
3
4
5
3
8
6
5
4
8
6
4
8
4
6
5
4
5
1
6
7
7
9
9
7
5
5
9
6
9
6
7
6
6
10
13
7
7
2
6
8
6
6
10
6
6
8
9
7
9
9
2
4
3
4
4
5
12
6
8
5
4
8
14
6
9
4
6
8
7
2
10
6
5
6
2
4
5
6
8
3
3
9
9
4
5
9
4
7
4
9
6
9
3
12
4
6
7
6
7
4
8
8
9
9
3
12
12
9
5
7
13
6
6
10
2
7
8
5
7
13
4
10
6
10
5
7
9
2
8
6
5
11
13
6
6
5
11
2
3
4
5
8
9
7
8
8
9
5
8
4
13
5
8
7
12
14
10
14
12
11
7
9
12
4
6
13
4
12
5
8
3
14
12
13
7
11
8
10
11
8
10
5
9
7
6
9
11
7
14
5
12
9
10
2
9
9
13
20
8
7
6
9
10
9
11
8
7
6
8
9
8
8
7
6
6
8
6
11
4
8
7
4
6
9
10
9
8
10
9
11
11
6
4
9
8
10
5
10
3
5
7
8
5
10
9
5
7
9
6
8
10
2
12
3
7
4
6
5
5
6
3
9
6
3
4
5
3
9
5
3
4
2
7
6
4
4
7
4
4
6
1
8
17
6
6
7
2
6
6
3
6
6
2
6
9
5
10
6
5
6
7
6
3
9
5
3
5
9
11
6
8
3
10
4
6
5
12
5
4
3
6
12
8
4
5
5
8
4
5
3
6
7
2
5
9
11
6
10
5
5
3
9
5
1
9
8
6
6
6
3
6
6
5
9
4
3
7
6
4
9
7
6
4
1
6
4
5
8
7
6
6
8
6
11
4
8
10
6
6
7
11
7
6
6
7
8
6
11
6
5
8
12
3
10
7
9
7
8
10
7
6
5
10
3
7
5
5
4
8
9
7
8
3
3
5
5
6
6
4
7
14
8
6
3
5
6
3
11
8
2
13
8
3
4
4
6
2
10
7
2
4
13
5
8
6
4
9
7
3
4
11
10
4
8
11
7
9
5
10
4
3
4
5
11
6
10
5
7
7
6
7
5
4
5
5
6
9
5
3
12
11
5
5
12
9
13
10
9
6
5
4
6
10
4
10
8
4
8
5
6
3
8
5
6
8
6
2
11
4
6
9
4
5
8
2
4
7
5
9
1
3
10
9
2
11
4
14
7
7
8
8
5
3
6
7
5
8
5
6
2
9
8
3
4
7
5
8
7
9
5
10
2
4
8
5
2
4
5
5
3
8
2
3
6
7
6
5
3
11
5
6
7
3
5
5
8
9
7
1
8
5
5
11
3
8
5
4
6
5
6
8
3
7
4
9
4
3
2
5
4
13
5
2
3
4
5
7
6
6
2
4
4
3
10
5
3
7
8
5
3
4
5
7
7
4
5
4
5
6
7
6
7
6
4
5
4
8
7
5
5
6
5
3
4
4
6
8
4
4
6
3
7
4
7
3
4
7
6
9
2
6
9
7
2
7
10
4
6
4
4
9
6
4
6
8
7
6
3
6
3
6
6
4
5
6
0
3
5
6
8
5
7
7
6
5
4
4
5
8
8
7
6
3
6
8
9
4
4
6
3
11
2
3
6
4
5
4
2
7
8
7
6
5
2
3
4
6
10
3
7
1
2
5
3
8
8
5
2
5
6
8
5
9
3
4
6
1
4
3
8
4
3
3
8
1
3
7
4
3
7
8
6
5
5
10
5
4
8
7
6
6
3
2
7
3
13
5
3
3
6
3
9
7
1
5
5
3
7
11
5
10
10
4
10
6
4
4
5
3
7
2
9
10
6
10
6
5
7
4
5
8
4
8
7
6
3
4
6
3
5
4
2
3
5
9
5
3
5
4
4
5
6
4
5
2
4
9
4
2
5
6
6
5
2
7
3
11
4
9
2
7
7
4
7
2
4
3
4
7
3
4
7
5
6
7
5
4
7
10
5
8
3
6
5
5
3
9
7
5
5
6
7
4
7
4
7
8
4
11
11
7
5
6
6
3
9
1
6
7
4
4
4
8
6
5
6
5
4
6
6
6
5
7
6
2
6
11
3
6
5
4
1
3
5
7
4
3
3
6
4
11
2
5
6
4
6
4
2
6
9
6
5
6
7
7
5
5
4
8
10
4
8
3
3
5
6
7
3
3
6
6
7
7
2
4
6
1
6
6
13
2
7
6
3
6
7
3
11
8
6
5
7
5
7
4
3
2
6
5
6
4
4
7
7
4
6
5
5
4
3
4
6
2
2
6
6
5
2
4
6
6
8
5
7
9
3
4
5
2
6
7
3
4
1
5
2
8
7
6
6
6
3
4
7
4
6
4
2
8
6
7
2
5
9
9
4
6
7
4
6
3
6
5
5
8
3
6
3
7
8
4
7
5
1
4
2
3
6
7
5
2
4
2
1
8
1
4
4
4
7
9
1
5
7
2
3
5
4
6
7
6
6
5
3
3
2
6
8
8
2
5
4
7
8
4
6
8
2
2
7
9
4
5
2
10
5
4
4
8
3
4
4
3
6
7
7
3
2
6
5
5
4
2
9
11
11
7
8
6
6
7
4
9
5
6
11
4
7
4
6
6
4
7
9
6
7
4
3
6
4
7
7
7
5
8
5
5
7
1
6
10
3
9
4
3
3
5
3
4
2
6
2
5
5
8
6
6
2
8
5
5
0
11
2
6
1
7
2
12
2
5
3
7
9
3
3
2
6
3
5
7
6
3
5
6
5
2
3
8
11
3
5
5
4
1
9
5
8
3
1
5
5
4
12
3
5
9
2
6
5
1
0
6
7
6
4
3
9
4
4
9
8
5
1
7
3
7
7
6
4
4
5
7
6
4
5
3
3
5
1
3
6
7
6
7
6
5
1
5
9
2
6
5
6
4
6
7
0
2
4
9
1
4
6
8
5
4
8
5
1
3
3
6
5
6
5
2
4
4
4
6
8
3
4
5
2
4
5
3
2
2
5
3
7
7
6
3
9
6
1
1
12
4
6
4
8
6
3
7
5
5
2
4
2
2
2
3
3
7
3
5
7
0
5
6
5
1
6
6
7
6
6
2
7
3
3
6
3
5
2
4
5
4
6
3
4
2
5
5
4
5
3
6
3
6
2
5
4
2
5
5
4
6
5
5
4
8
6
6
6
4
6
7
3
5
9
10
2
4
5
5
5
8
9
5
4
5
6
5
2
6
5
3
2
3
4
2
8
4
5
8
5
5
4
2
2
6
7
5
4
5
2
5
11
5
5
10
4
5
2
5
5
5
2
5
5
5
4
3
3
6
3
2
6
6
7
3
7
7
4
6
5
8
4
2
3
9
8
2
3
5
5
7
4
5
9
9
5
2
2
6
7
1
3
1
6
3
4
2
7
5
6
4
6
4
2
5
5
5
3
4
5
5
7
4
5
4
4
5
6
3
6
5
1
3
6
6
5
4
2
2
5
5
4
5
8
3
6
5
4
2
3
6
5
5
8
3
5
7
6
2
5
3
2
7
5
9
1
2
2
7
6
2
6
6
5
7
1
8
4
4
3
3
6
3
7
6
2
5
3
8
4
6
4
7
2
3
7
5
3
4
8
5
3
10
6
6
6
1
5
5
5
7
6
4
1
3
5
1
6
6
7
9
7
5
4
7
3
5
6
6
8
3
6
6
3
6
6
12
15
5
6
5
6
9
3
6
5
5
6
7
11
8
12
10
15
9
7
10
6
9
7
6
6
9
10
8
8
11
4
9
7
7
10
10
11
5
6
11
6
10
10
10
7
10
9
10
9
12
12
9
5
13
5
7
12
5
4
6
12
5
11
8
11
3
8
5
6
10
12
10
9
5
9
14
3
9
6
11
9
3
5
5
8
9
7
9
3
6
6
7
3
8
4
5
8
11
6
3
5
5
3
3
7
4
2
7
6
4
1
3
4
4
2
0
7
2
2
3
4
2
4
3
1
3
3
5
5
6
6
8
6
8
5
4
4
5
2
4
3
6
3
6
5
4
6
4
3
3
3
4
2
9
5
7
5
7
1
0
5
8
2
5
7
9
9
6
8
2
4
3
2
6
5
5
5
3
4
7
2
6
8
4
5
10
5
11
1
1
4
3
3
5
6
4
6
4
3
3
1
6
5
2
3
5
7
5
3
5
5
4
6
5
4
3
4
6
1
3
3
6
1
3
3
7
4
2
7
1
5
6
5
4
9
4
1
4
6
6
2
6
2
7
5
8
4
5
4
4
3
6
6
2
5
5
1
7
1
4
6
5
2
3
3
8
6
3
5
3
2
5
1
5
11
5
2
5
9
6
4
5
6
6
4
1
11
6
8
4
8
5
6
3
2
7
3
7
4
6
4
2
5
6
8
6
4
4
5
2
4
7
2
4
1
5
1
4
2
3
6
4
4
1
4
4
7
2
5
4
5
4
3
3
7
1
6
1
4
2
3
6
5
3
3
4
1
1
2
4
2
3
3
5
3
2
2
4
7
3
1
2
4
2
2
0
1
3
1
3
2
4
2
5
3
2
10
5
1
5
6
4
3
2
2
5
11
4
2
4
5
3
1
5
6
6
2
3
3
4
1
5
2
3
4
8
5
3
3
3
2
3
3
3
1
3
3
5
5
11
0
6
3
6
7
2
5
3
4
3
6
5
5
4
4
2
4
2
6
4
5
2
4
4
6
5
4
3
4
1
7
4
1
5
3
2
2
6
3
6
3
4
5
4
2
5
4
0
6
5
5
3
3
3
0
0
7
4
5
2
4
2
5
5
5
4
3
6
5
4
9
6
2
5
1
2
7
3
2
4
1
2
2
4
6
2
2
4
5
4
5
4
10
7
6
6
6
6
4
5
5
5
2
9
4
3
1
3
1
7
3
4
5
1
4
5
4
3
9
4
2
3
4
3
2
6
3
6
4
5
5
4
9
8
5
5
6
7
5
7
5
6
7
6
7
3
6
5
5
6
5
6
5
4
2
2
7
6
7
6
6
5
9
4
1
7
4
1
5
7
7
3
9
5
5
11
4
8
3
5
10
7
5
4
9
8
4
5
9
1
8
6
6
6
9
8
8
5
5
9
8
10
4
4
6
3
5
5
7
6
7
8
6
9
4
3
5
8
7
3
7
12
8
5
7
5
5
4
13
9
4
7
5
8
8
5
8
8
6
6
6
12
5
6
7
6
8
8
3
6
10
5
8
5
3
9
7
4
9
4
4
10
3
9
12
3
4
6
5
6
2
4
1
2
5
3
6
2
3
2
3
5
9
4
6
1
5
4
6
3
2
2
6
5
2
5
4
3
3
2
1
5
2
7
2
6
2
3
2
1
5
4
2
8
4
9
1
3
4
2
3
2
4
2
2
5
1
6
3
2
3
3
2
1
5
1
2
6
6
3
3
2
1
2
3
3
6
1
1
4
3
3
4
3
3
4
2
3
4
5
5
0
3
3
5
3
5
5
1
1
3
2
4
4
3
5
4
3
1
6
4
2
2
7
3
5
3
1
3
2
1
2
3
7
6
2
3
1
3
1
3
4
2
3
4
5
5
5
1
1
9
1
3
5
2
4
3
3
4
6
4
5
4
3
6
3
4
6
2
3
4
3
4
1
1
1
2
6
3
4
3
5
2
0
3
4
6
3
3
4
5
1
3
5
3
4
4
2
4
3
1
4
3
4
2
0
3
1
3
3
2
1
4
2
4
4
2
3
4
3
1
7
3
2
3
6
4
5
4
6
5
2
5
4
5
3
6
1
1
3
3
4
1
4
5
5
3
2
10
3
4
1
2
6
4
5
5
1
5
2
2
5
6
5
3
12
6
4
3
6
5
5
1
3
1
5
6
4
1
4
5
2
2
1
11
2
3
9
2
5
0
0
3
4
8
2
1
3
7
2
4
5
3
3
3
4
2
1
3
2
5
4
4
5
3
5
3
5
2
6
5
1
6
6
3
2
6
3
2
3
1
7
5
8
7
6
3
7
4
2
3
3
1
5
4
5
3
2
8
4
3
2
3
3
4
4
5
4
4
1
7
2
3
1
3
3
5
5
3
4
3
5
6
4
0
2
2
5
4
6
3
2
2
5
0
4
1
2
1
6
3
2
3
5
5
4
3
3
4
5
7
6
2
8
2
3
5
5
6
3
1
3
3
3
2
3
7
6
4
2
6
3
3
4
3
4
3
6
2
2
5
5
1
4
3
3
6
3
5
7
2
1
6
5
3
4
1
2
2
4
2
5
0
3
3
5
6
4
2
6
1
5
1
4
2
1
3
3
4
6
4
0
6
6
3
4
1
2
2
3
5
2
2
3
0
3
2
3
2
1
4
4
8
5
3
5
6
4
2
2
0
8
6
4
0
4
4
4
1
3
5
3
5
2
2
1
2
4
4
3
6
1
1
4
4
5
2
6
1
2
4
2
2
1
2
5
5
4
5
2
3
2
2
1
3
2
2
5
4
1
3
4
5
7
4
4
0
4
8
1
2
6
4
9
5
3
5
6
0
4
4
3
3
0
5
5
4
5
4
4
3
5
1
3
2
10
1
3
1
1
5
0
1
2
6
5
1
1
2
2
1
5
4
2
4
1
3
5
4
3
2
3
0
4
1
3
4
2
2
1
4
3
3
0
4
5
2
4
1
4
1
2
6
2
5
5
3
6
5
3
1
6
6
3
6
3
5
3
4
5
2
6
1
5
4
4
4
3
3
1
3
2
2
5
2
0
5
5
4
1
3
2
2
1
3
1
1
2
5
7
4
3
3
5
2
3
3
2
3
2
1
1
1
4
5
6
4
4
5
3
3
1
4
0
3
2
3
6
4
5
7
1
6
3
3
0
4
6
4
3
3
3
1
4
6
2
5
2
6
5
3
3
3
5
4
6
3
4
1
4
5
5
4
2
0
2
2
3
5
2
1
5
5
3
2
2
1
5
2
3
3
2
5
4
5
2
4
7
1
2
1
4
5
0
1
0
4
0
2
5
1
4
3
1
5
1
3
4
5
4
0
3
3
5
5
1
3
2
1
4
2
1
1
1
3
4
1
1
4
0
1
6
4
4
1
0
4
3
1
7
2
4
4
2
5
7
6
6
2
3
5
4
3
2
3
3
3
3
5
5
2
5
2
1
4
2
5
2
2
0
3
3
3
3
4
2
1
2
4
3
4
3
2
0
4
6
0
1
4
3
3
1
4
6
2
3
2
1
2
2
2
3
0
2
1
5
10
2
2
3
3
0
2
1
6
4
4
2
3
2
2
0
2
5
3
2
3
3
3
4
4
5
1
2
3
3
1
1
0
4
6
4
4
7
4
4
4
3
3
3
4
0
5
2
1
3
1
2
2
5
3
3
4
6
4
3
4
2
2
3
2
4
4
5
3
1
1
3
4
4
4
4
4
2
5
4
2
1
2
2
7
5
2
2
4
2
4
6
0
3
5
4
4
6
3
2
0
1
4
2
5
6
5
1
5
3
5
6
0
3
6
4
5
2
4
1
4
3
1
4
4
1
1
3
1
1
3
1
2
6
3
3
1
5
1
3
4
6
0
3
1
4
3
4
5
1
1
5
1
2
1
2
4
3
4
6
1
4
3
1
2
2
5
1
2
4
1
2
4
3
0
2
6
3
1
3
3
1
4
3
4
2
3
3
2
2
3
0
4
0
3
2
0
2
4
2
4
4
3
1
5
1
2
1
7
2
3
3
3
5
4
2
4
4
2
5
3
3
4
3
6
0
6
0
1
2
4
2
4
1
6
0
3
2
1
4
3
2
2
3
5
1
3
5
4
4
1
2
4
4
2
2
3
2
3
2
4
5
6
3
0
0
2
3
2
5
2
3
5
3
1
4
3
4
1
4
3
2
5
2
9
2
5
2
6
1
6
4
2
7
2
1
2
2
3
7
2
4
4
5
2
2
0
4
4
1
3
2
4
3
3
5
7
1
4
4
1
2
2
2
2
4
2
3
7
2
0
2
0
2
3
1
5
3
3
3
1
4
4
1
4
2
1
2
4
2
4
2
4
2
2
3
1
2
3
3
1
5
3
2
2
3
3
4
4
1
3
1
8
1
5
2
1
5
5
6
0
1
2
3
10
1
3
3
7
6
1
4
1
8
3
2
2
5
2
2
3
1
2
3
6
5
6
0
1
0
6
2
4
1
3
3
5
8
2
2
3
1
3
5
6
3
1
6
6
5
4
2
2
7
6
3
2
5
3
4
4
2
3
4
0
5
3
3
4
4
3
1
3
3
1
0
3
3
1
4
2
1
1
5
4
1
5
4
3
6
3
4
2
2
1
3
3
3
6
4
3
3
1
3
4
2
2
3
3
5
6
2
2
4
0
1
2
3
3
0
1
3
1
2
1
5
3
5
5
3
4
2
2
3
3
3
2
4
4
2
3
3
2
0
2
2
3
6
3
4
3
2
2
3
4
1
2
2
9
2
0
3
1
3
2
3
4
3
4
3
1
2
5
1
0
0
7
7
7
2
2
1
4
3
3
1
4
1
0
1
5
4
6
4
6
5
7
3
5
2
1
4
5
2
1
5
6
2
5
3
6
8
5
3
3
5
2
5
2
2
4
3
5
9
5
2
6
8
10
8
6
6
7
9
3
4
10
5
7
2
5
7
2
3
5
1
5
4
4
4
2
7
9
11
4
3
8
4
7
6
6
8
1
3
5
8
4
6
4
0
3
4
12
5
4
6
10
8
5
2
7
4
4
6
4
3
2
6
5
8
2
5
4
5
4
8
5
6
9
2
3
3
5
7
5
2
3
3
2
4
6
2
2
5
5
4
2
11
2
4
4
0
3
3
3
4
4
5
6
3
8
5
1
5
4
8
5
2
7
3
0
3
0
2
3
1
3
3
3
3
1
0
3
2
3
5
2
4
1
5
4
1
2
2
1
2
2
5
2
2
3
1
1
4
3
3
0
0
3
3
3
1
3
4
4
6
3
2
5
2
1
5
3
1
3
3
4
3
4
0
2
1
2
1
3
3
4
5
1
1
5
4
1
3
4
1
2
1
2
0
5
2
3
3
4
1
1
3
0
4
2
3
1
4
4
3
1
2
3
0
1
0
4
3
2
1
3
2
1
2
4
3
4
3
3
2
2
4
3
1
3
4
4
2
5
3
3
4
4
2
2
0
1
1
5
1
2
5
1
5
4
2
4
5
2
3
3
2
2
2
2
3
2
5
4
2
4
2
3
2
2
5
4
1
2
1
0
2
3
3
3
2
4
5
3
4
2
1
4
4
5
3
1
0
4
2
4
2
3
6
4
1
2
1
4
2
1
2
2
6
2
2
2
4
3
6
3
4
3
4
3
6
4
2
5
2
1
2
7
3
3
0
1
3
2
2
3
4
2
3
2
5
2
4
9
1
4
3
4
0
3
4
4
6
2
5
0
2
0
5
2
3
3
3
7
2
5
3
5
6
4
0
5
0
5
1
3
5
3
2
3
3
1
2
2
1
5
4
4
5
1
3
1
4
4
3
2
1
5
2
3
2
4
3
3
2
3
2
2
4
3
1
2
1
2
3
3
7
2
6
2
1
0
2
5
2
1
3
2
5
1
1
0
1
1
3
3
1
4
2
8
0
4
2
6
4
4
2
5
1
0
4
3
5
2
2
6
4
0
4
1
2
3
2
4
3
3
3
3
5
7
3
2
3
3
2
0
1
1
3
2
2
2
0
3
1
5
2
3
1
2
0
2
3
2
1
0
6
3
6
8
2
4
1
0
3
0
5
2
3
1
3
1
4
2
3
1
1
2
5
2
6
3
1
4
1
1
5
0
5
4
2
2
6
1
3
1
2
5
5
1
4
1
0
3
5
3
4
1
2
4
3
3
1
3
2
4
0
4
2
3
5
2
4
3
0
2
3
3
3
0
4
2
1
6
4
1
2
1
4
5
2
4
3
3
3
2
4
6
0
2
3
0
6
2
3
2
1
1
2
1
4
2
2
6
4
1
3
1
2
2
2
4
4
2
4
5
2
1
2
2
4
1
1
1
1
4
2
0
2
4
4
0
3
3
2
4
6
2
6
1
4
3
1
1
4
2
4
1
3
3
4
2
0
4
0
0
7
3
4
0
1
3
5
1
5
6
2
1
3
1
2
3
1
3
0
2
3
3
1
4
5
0
2
3
5
5
1
2
5
4
2
1
2
4
2
2
2
6
3
4
1
1
5
4
3
1
3
2
2
1
4
3
2
3
3
4
4
2
3
2
1
3
2
1
1
0
0
2
5
4
1
0
0
7
6
4
4
3
2
2
1
5
2
3
1
1
2
2
2
1
1
2
1
3
2
2
1
1
1
1
4
5
2
2
1
3
1
4
4
4
5
4
8
1
5
5
4
6
5
1
7
6
1
4
6
2
2
2
6
0
2
4
2
4
4
3
3
6
1
2
3
1
6
3
3
4
1
4
4
1
2
4
0
5
3
4
2
3
1
3
6
3
4
4
4
4
4
2
4
2
3
2
6
4
1
4
4
4
2
1
3
1
0
2
3
4
4
1
5
1
3
3
4
1
3
2
1
1
1
2
1
3
5
3
3
5
3
1
2
2
3
3
3
1
4
4
1
5
3
0
3
4
3
1
2
1
2
3
3
0
1
1
2
5
4
1
1
1
4
1
6
4
5
3
7
3
2
2
3
1
3
3
1
2
2
1
3
4
4
4
1
2
2
7
2
2
2
2
5
2
5
1
1
1
6
3
7
1
3
4
1
4
4
2
3
2
1
3
7
2
4
3
4
3
2
5
2
1
3
2
8
3
6
7
1
3
2
1
1
4
2
1
4
4
4
3
4
6
0
6
2
2
6
1
0
3
2
4
5
1
1
3
3
2
0
4
4
3
3
5
5
2
2
4
2
3
0
2
2
2
2
4
2
3
2
1
0
4
3
3
6
0
2
2
4
1
2
3
4
7
5
1
3
5
4
5
5
3
1
3
4
3
3
2
4
5
3
1
4
4
1
2
5
3
3
3
1
4
2
3
4
2
4
3
1
4
3
1
3
4
1
1
1
1
5
3
0
4
0
2
0
2
5
1
2
5
5
1
4
2
2
7
3
4
1
4
2
2
3
1
3
1
2
2
1
2
2
4
3
4
5
2
0
2
3
0
3
3
1
2
2
1
4
2
2
2
3
4
2
3
3
4
1
2
2
2
2
1
3
4
1
0
3
2
3
1
1
1
2
3
2
5
0
0
2
5
6
3
2
3
1
3
5
3
3
3
5
3
3
3
0
2
1
3
3
1
3
1
2
6
4
1
1
5
1
4
1
5
5
6
3
0
3
2
3
2
5
4
6
2
1
3
4
1
2
2
3
2
4
3
2
4
6
3
6
2
4
5
4
1
6
3
0
2
4
2
0
4
3
1
6
4
3
5
1
3
2
3
2
5
2
1
2
3
0
5
5
4
4
0
4
2
2
7
4
5
3
4
2
8
2
4
2
5
4
1
7
3
6
6
4
4
4
2
4
3
4
1
3
3
5
4
2
5
3
4
2
1
4
2
3
5
0
1
1
6
6
2
4
2
3
2
0
2
4
3
1
3
3
3
0
2
5
5
3
1
3
1
1
5
0
4
4
1
4
5
4
1
0
1
3
1
4
2
2
1
4
2
1
2
2
2
3
2
5
1
6
4
2
2
5
0
1
3
0
5
1
4
3
1
1
0
2
1
1
2
0
0
2
4
3
1
2
3
5
2
4
0
3
3
3
3
3
3
3
3
1
0
4
2
3
3
2
3
3
2
3
2
1
4
3
0
1
3
2
3
2
1
3
0
7
1
2
1
1
3
5
3
1
2
0
1
2
0
1
0
5
3
1
4
5
3
1
1
3
2
2
3
1
3
3
0
3
5
0
2
0
1
1
2
3
1
1
0
5
3
5
2
2
1
3
3
1
0
4
3
4
2
5
2
2
3
3
4
0
0
1
3
2
4
2
2
2
3
3
3
2
1
5
2
2
3
2
1
1
1
3
2
1
1
3
2
4
2
2
2
2
3
4
5
3
0
1
0
0
3
3
1
5
2
2
2
1
2
1
2
2
1
2
1
1
3
0
5
1
1
3
0
4
1
2
4
1
1
2
2
3
4
2
1
1
2
1
3
1
2
2
1
0
1
1
1
2
3
4
2
1
4
1
3
0
1
2
2
0
1
3
3
1
1
1
4
2
2
4
3
2
0
3
2
4
2
3
3
2
0
3
2
1
3
3
2
0
2
3
3
1
2
2
0
0
0
3
1
0
0
1
4
2
0
1
2
2
1
1
1
0
4
3
2
3
0
4
2
0
1
3
3
2
0
2
1
1
4
4
3
3
4
0
4
0
2
0
4
5
0
4
2
5
2
4
4
1
1
1
1
1
6
1
4
2
2
5
2
4
4
2
0
0
4
2
1
7
0
3
4
0
3
3
0
5
3
2
2
2
2
4
2
0
2
1
4
2
3
4
1
1
1
1
0
2
1
0
0
2
3
0
1
0
3
2
2
1
5
2
0
2
1
1
0
5
1
1
3
4
3
1
1
2
3
2
3
1
1
1
4
1
2
3
3
1
0
1
2
5
6
3
3
0
0
1
2
1
0
1
3
1
2
2
0
2
4
0
1
2
0
2
4
5
0
0
4
3
1
2
2
2
0
4
2
2
1
2
4
0
3
1
1
1
0
2
1
2
2
3
0
0
6
1
2
2
0
2
3
2
1
2
0
2
1
1
1
1
2
3
1
0
1
3
2
4
0
1
4
2
1
1
2
1
2
1
0
0
2
2
2
1
1
1
1
1
1
2
1
2
1
4
1
0
3
2
2
1
0
1
1
2
2
1
1
2
5
4
3
2
2
2
2
1
1
2
0
2
1
2
4
0
1
0
0
1
1
3
1
1
1
3
0
3
2
1
1
3
2
2
2
0
0
0
1
2
2
1
2
1
3
1
2
3
5
2
3
1
0
3
3
1
0
1
0
0
3
0
2
1
1
2
0
2
2
3
0
4
1
1
3
0
1
2
1
1
4
2
5
3
2
0
0
4
1
1
1
0
2
1
3
2
0
5
2
1
2
2
2
3
0
2
0
1
1
1
3
1
0
1
1
1
1
0
1
0
1
2
1
4
1
2
2
2
2
1
3
1
1
3
2
3
0
2
2
1
1
1
1
2
3
4
5
2
1
2
2
0
3
3
2
1
0
1
3
1
0
1
3
2
2
2
1
2
2
2
5
0
1
0
1
2
2
1
2
1
0
2
0
3
3
0
1
2
1
1
2
1
2
1
2
1
2
0
2
3
1
1
1
3
0
3
0
0
1
0
1
1
1
2
0
1
3
2
1
4
3
2
3
4
1
3
1
4
2
1
1
1
0
3
1
2
1
4
1
0
4
5
1
0
0
2
1
1
2
1
1
1
1
0
0
0
2
3
0
0
0
1
2
1
4
0
1
1
1
2
1
0
2
2
2
1
2
0
1
1
3
2
2
1
1
0
2
2
1
1
1
1
2
1
1
3
2
3
2
3
2
1
2
1
1
2
0
0
0
0
2
0
1
1
1
0
3
1
0
0
1
4
2
3
1
1
2
1
4
1
1
0
2
1
1
1
0
0
0
1
0
1
0
2
1
1
1
2
2
1
1
1
2
0
1
2
1
0
2
2
1
1
1
0
1
2
3
1
2
1
2
1
5
1
0
0
2
3
0
3
0
0
0
0
1
2
1
2
1
2
2
1
0
1
0
1
0
0
3
1
1
1
0
1
1
1
0
1
0
2
1
2
0
1
2
0
2
0
2
1
1
1
2
2
0
3
1
1
2
0
0
3
0
1
0
2
2
2
2
0
1
4
0
0
1
0
0
1
4
2
1
0
0
0
0
2
0
1
2
2
3
2
2
1
2
1
1
0
0
1
0
1
1
1
1
2
0
1
3
0
1
0
1
2
0
3
1
0
1
1
3
0
3
1
1
1
2
2
0
0
0
1
0
2
1
1
0
2
2
3
1
1
2
3
0
1
1
1
2
2
0
1
1
1
0
2
0
1
0
2
2
2
3
1
1
0
1
2
2
0
1
0
0
2
0
0
2
0
0
0
1
4
1
1
1
1
0
2
1
1
1
2
2
1
1
3
2
1
1
1
1
1
2
2
1
1
2
1
1
0
1
0
1
2
0
0
0
0
1
0
2
2
0
1
1
0
2
1
2
2
1
0
1
3
3
2
1
1
0
0
0
0
2
1
0
0
0
2
2
2
0
2
0
2
1
4
0
1
0
0
2
0
2
4
3
2
1
1
1
2
3
1
2
2
0
2
2
1
1
0
0
0
2
0
3
1
3
0
1
1
1
1
1
0
2
0
0
1
6
0
1
2
0
4
1
3
1
1
2
2
0
3
0
1
1
2
1
0
1
2
0
3
0
2
1
1
0
0
0
0
4
0
2
0
2
0
0
0
2
1
1
2
3
0
0
1
3
3
0
1
1
1
1
2
0
0
0
1
0
0
1
1
0
2
2
0
0
0
2
0
0
2
1
3
1
2
1
0
0
0
1
1
0
0
0
1
4
3
0
2
2
2
1
1
0
3
1
3
1
0
1
1
2
1
1
0
2
1
0
2
0
0
4
1
1
2
1
1
2
0
1
1
1
2
3
0
7
0
1
1
5
2
0
4
1
4
2
1
3
1
4
2
1
0
3
3
3
1
4
1
1
5
3
2
2
0
1
2
3
2
1
1
2
1
2
3
1
1
1
1
0
2
1
0
1
2
0
1
2
0
3
1
3
2
1
0
1
0
2
1
2
1
1
1
3
0
1
2
2
1
1
1
2
2
1
2
2
0
0
2
0
3
1
2
1
2
0
1
0
0
2
3
0
1
0
0
0
0
1
2
1
1
2
0
0
0
1
0
1
0
0
1
0
1
1
0
1
2
2
0
1
1
0
0
1
1
4
0
4
1
0
1
0
1
0
2
3
0
1
0
0
0
3
0
0
0
1
1
0
1
1
0
1
0
1
0
1
2
1
1
1
2
0
2
1
2
0
1
1
1
0
1
1
2
2
1
1
0
1
3
0
1
0
3
0
1
1
1
2
0
1
0
3
0
2
1
1
0
1
3
1
3
1
4
1
1
0
2
1
5
0
3
2
1
2
0
1
1
1
1
0
2
0
2
0
1
0
0
2
0
2
1
0
3
1
1
0
0
2
0
2
1
1
0
1
2
0
0
1
2
0
1
0
1
1
1
0
0
1
1
3
0
1
3
1
1
1
0
1
1
1
1
3
1
3
3
0
1
0
2
2
3
1
0
1
1
2
0
0
0
1
0
3
3
2
1
0
1
2
0
0
2
1
3
2
1
3
0
1
1
1
1
0
2
0
1
2
0
0
0
3
4
2
2
0
2
1
4
2
2
1
0
1
4
0
3
1
4
1
2
0
0
1
3
0
2
1
1
2
3
1
0
3
1
1
1
0
3
1
0
1
1
0
0
2
2
3
1
1
0
1
1
1
2
1
1
2
1
2
0
0
0
2
1
1
0
0
0
1
1
2
1
0
2
3
2
1
0
1
1
1
0
1
1
1
0
0
2
1
0
0
0
1
0
2
0
1
3
1
0
2
3
1
1
1
0
4
0
1
2
1
1
1
1
1
1
2
0
0
0
1
1
0
2
0
1
0
0
3
2
0
2
1
2
0
0
2
0
1
1
0
1
1
0
1
2
0
1
0
0
3
2
0
0
1
1
1
0
0
0
0
0
0
2
1
2
1
2
0
0
0
2
1
0
1
1
0
0
2
0
1
1
0
0
0
0
0
1
0
1
1
1
0
0
0
0
0
0
0
0
1
0
1
0
1
1
0
0
0
0
1
1
0
1
1
1
0
1
2
1
0
1
1
1
1
3
1
3
2
1
0
1
0
1
0
0
1
0
1
0
2
3
1
0
2
1
1
3
0
0
0
1
0
1
3
0
1
1
1
0
0
4
1
0
2
2
0
2
2
0
1
0
0
1
1
1
3
1
0
0
0
0
0
1
1
0
0
1
0
1
1
0
0
1
1
0
0
0
1
1
0
1
0
1
0
1
3
0
2
1
1
0
0
1
1
1
1
3
1
1
0
1
1
1
1
0
0
0
2
1
1
1
0
1
0
0
0
1
0
1
0
0
0
0
0
1
3
2
1
0
0
2
1
1
1
1
0
2
0
0
1
1
0
0
2
0
0
0
3
1
0
0
1
2
0
0
0
4
0
1
1
0
1
2
1
0
0
2
0
0
2
2
0
0
0
0
1
1
2
2
0
0
0
4
1
0
2
0
2
0
1
2
3
1
2
2
0
1
1
2
0
0
2
2
1
0
2
1
1
1
1
1
1
1
3
1
2
2
1
0
1
1
5
0
2
1
0
0
1
0
1
1
0
4
4
4
1
2
1
1
3
3
0
1
2
1
2
1
1
0
1
2
0
0
1
1
3
3
0
1
0
2
0
0
1
2
2
3
0
1
1
1
3
0
2
4
5
5
2
2
0
1
1
4
3
7
3
3
4
6
2
3
5
5
7
10
4
5
5
6
11
12
11
10
6
6
6
17
6
15
4
11
10
12
7
9
10
13
13
8
9
12
17
15
9
8
7
15
15
19
10
6
11
10
13
13
18
11
9
15
7
15
20
12
17
14
17
14
18
15
7
12
14
12
9
11
11
21
7
9
15
13
9
9
6
13
7
11
18
9
13
12
16
5
7
8
9
7
11
11
7
11
10
5
6
9
6
7
10
5
4
5
8
7
7
5
5
6
4
1
3
10
5
4
5
0
7
3
7
0
4
5
3
1
3
3
3
2
5
3
1
3
0
2
3
4
2
2
1
5
2
1
1
2
4
0
2
0
2
1
2
1
3
2
1
1
1
0
1
3
1
2
0
0
1
2
0
1
1
2
0
0
0
3
2
0
1
2
0
1
1
1
2
1
0
0
1
1
0
1
0
1
0
0
0
0
1
3
0
3
0
0
1
1
0
1
3
1
1
0
1
1
2
2
1
0
0
1
1
3
2
1
0
1
0
0
0
1
1
1
1
0
1
1
0
1
1
1
0
0
1
1
1
0
1
1
0
0
2
0
0
0
0
2
0
1
0
1
0
1
0
2
0
0
1
1
1
0
1
0
0
0
1
1
0
0
1
0
1
0
0
0
0
0
1
2
0
0
0
0
1
0
0
3
0
0
0
1
0
1
0
0
0
0
0
1
1
0
1
1
0
1
1
0
0
0
0
0
0
0
0
2
0
2
1
0
1
1
1
1
0
2
1
1
0
1
2
0
0
0
0
0
1
0
0
1
0
2
0
1
1
2
0
1
0
1
2
0
3
0
1
0
0
0
1
0
2
0
0
0
1
0
1
1
0
2
1
1
0
0
1
1
1
1
1
1
0
0
0
1
0
1
0
0
1
0
1
0
0
0
1
0
1
0
0
0
1
0
0
2
0
2
2
0
0
0
1
0
3
0
1
0
0
0
1
0
0
0
0
0
0
1
1
1
2
0
1
0
0
0
0
1
1
0
2
1
0
0
0
0
0
1
1
2
0
2
0
2
0
2
0
1
0
0
0
1
1
1
2
0
2
2
0
2
1
1
0
0
0
0
1
1
0
0
0
0
0
0
0
2
1
0
1
0
0
2
1
0
3
0
0
0
0
0
0
0
1
0
0
0
0
0
0
1
1
1
0
0
0
1
1
0
3
1
0
0
0
0
0
2
5
0
0
1
0
1
0
2
0
0
0
5
0
0
0
1
0
0
0
0
2
0
1
0
1
0
0
2
1
0
1
3
0
0
0
0
0
0
1
1
1
0
0
0
0
1
2
1
0
0
1
0
1
0
1
1
2
1
1
2
0
2
1
0
0
0
0
3
0
1
1
0
0
2
1
1
2
0
1
2
1
1
1
0
1
0
0
0
0
2
0
1
1
0
0
0
0
2
0
1
0
1
0
0
0
2
1
0
1
1
0
0
1
0
0
0
0
2
0
1
1
0
0
2
0
0
0
0
2
0
0
0
1
1
1
0
0
0
0
0
0
1
2
1
0
0
0
1
0
1
1
1
0
0
0
0
0
2
0
0
0
0
2
0
0
2
0
1
2
1
0
1
0
0
1
2
1
1
2
0
0
0
0
0
2
0
1
0
0
0
1
1
0
0
0
0
0
0
1
1
0
0
2
0
0
0
0
0
1
1
0
0
0
1
0
0
0
0
0
0
1
1
0
0
2
1
1
0
0
0
0
1
0
0
0
0
0
0
0
0
0
0
0
0
0
1
1
0
0
0
0
1
0
0
1
1
0
1
0
0
2
1
0
0
1
1
1
1
0
2
0
0
0
2
0
1
1
0
0
1
1
2
0
0
1
0
0
0
0
0
0
0
1
0
0
2
0
0
1
0
0
1
0
0
1
0
0
1
0
1
0
0
3
1
1
0
1
0
0
0
1
0
0
0
1
1
0
1
2
0
0
0
0
0
0
1
0
0
0
1
1
0
0
0
0
1
0
1
0
0
1
0
1
0
0
0
0
0
0
0
0
0
0
0
3
0
0
0
3
1
0
0
0
0
0
1
0
0
1
1
0
0
0
0
0
0
0
0
1
1
0
1
0
0
1
1
0
0
1
0
1
0
2
0
0
0
0
0
2
0
0
0
0
0
2
0
1
1
0
0
0
0
0
0
2
0
0
1
0
4
2
1
1
1
0
0
1
1
0
2
0
0
1
1
0
0
1
0
0
0
0
0
1
0
0
0
0
0
1
1
1
0
0
1
0
1
0
0
0
0
0
0
0
0
2
0
1
1
1
0
0
0
0
1
0
0
1
0
0
0
1
0
1
0
0
1
0
0
1
1
1
1
0
0
0
1
0
0
0
1
0
0
0
0
0
0
0
0
0
0
0
0
0
0
0
0
0
0
0
0
0
0
0
0
0
0
0
0
0
0
0
0
0
0
0
0
0
0
0
0
0
0
0
0
0
0
0
0
0
0
0
0
0
0
0
0
0
0
0
0
0
0
0
0
0
0
0
0
0
0
0
0
0
0
0
0
0
0
0
0
0
0
0
0
0
0
0
0
0
0
0
0
0
0
0
0
0
0
0
0
0
0
0
0
0
0
0
0
0
0
0
0
0
0
0
0
0
0
0
0
0
0
0
0
0
0
0
0
0
0
0
0
0
0
0
0
0
0
0
0
0
0
0
0
0
0
0
0
0
0
0
0
0
0
0
0
0
0
0
0
0
0
0
0
0
0
0
0
0
0
0
0
0
0
0
0
0
0
0
0
0
0
0
0
0
0
0
0
0
0
0
0
0
0
0
0
0
0
0
0
0
0
0
0
0
0
0
0
0
0
0
0
0
0
0
0
0
0
0
0
0
0
0
0
0
0
0
0
0
0
0
0
0
0
0
0
0
0
0
0
0
0
0
0
0
0
0
0
0
0
0
0
0
0
0
