0
0
0
0
0
0
0
0
0
0
0
0
0
0
0
0
0
0
0
0
0
0
0
0
0
0
0
0
0
0
0
0
0
0
0
0
0
0
0
0
0
0
0
0
0
0
0
0
0
0
0
0
0
0
0
0
0
0
0
0
0
0
0
0
0
0
0
0
0
0
0
0
0
0
0
0
0
0
0
0
0
0
0
0
0
0
0
0
0
0
0
0
0
0
0
0
0
0
0
0
0
0
0
0
0
0
0
0
0
0
0
2
38
1151
7863
14511
14156
13171
12310
12186
11940
11925
12180
12101
12260
12692
12597
12827
12797
13106
12997
13097
13346
13409
13438
13319
13476
13329
13669
13421
13361
13277
13093
13200
13140
13095
13077
12933
12987
12958
13019
12753
12752
12560
12767
12501
12679
12576
12701
12496
12386
12392
12302
12479
12263
12119
12467
12300
12244
12099
12248
12093
12306
12140
12103
11990
12063
11960
11852
11991
11817
12059
11802
11943
11841
11597
11791
11714
11664
11621
11637
11590
11707
11611
11369
11472
11620
11292
11403
11481
11568
11292
11419
11240
11277
11296
11476
11336
11168
11322
11134
11019
11363
11098
11183
11263
11205
11240
11143
10766
10997
10884
10941
10934
11133
10927
10858
11008
10954
10913
10966
10796
10798
10956
10874
10776
10861
10743
10802
10739
10692
10632
10708
10757
10628
10620
10554
10711
10619
10613
10587
10610
10430
10260
10580
10477
10616
10316
10518
10428
10410
10349
10548
10375
10561
10209
10269
10382
10280
10316
10175
10289
10064
10273
10294
10360
10133
10161
10248
10138
10042
10252
10112
10139
10121
10083
10136
10096
10204
10044
9953
10091
9905
10052
10084
10013
9949
9677
9976
9925
10045
9925
9919
9984
10010
9921
9720
9851
9998
9936
9913
9877
9917
9720
9724
9733
9775
9989
9805
9832
9654
9880
9792
9724
9770
9539
9772
9644
9740
9561
9744
9719
9783
9756
9651
9588
9710
9469
9678
9706
9703
9398
9571
9416
9550
9457
9543
9516
9505
9350
9593
9567
9564
9453
9453
9544
9256
9486
9666
9392
9318
9409
9413
9545
9520
9288
9497
9374
9339
9460
9418
9264
9342
9267
9103
9523
9265
9218
9241
9190
9189
9283
9294
9357
9140
9372
9243
9354
9275
9180
9306
9285
9221
9148
9233
9193
9074
9081
9198
9037
9281
9185
8955
9045
9156
9181
9187
9160
9104
9184
9118
8969
9082
9217
9125
9135
8920
9058
9073
9237
9024
9043
8861
8890
9063
8952
8989
8791
9169
8884
8993
9023
8917
8921
9008
9097
8753
8889
8958
9031
8915
9137
9068
8931
8792
8931
9111
8943
8928
8881
8899
8878
8939
8971
8809
8972
8919
8901
8928
8877
8757
8823
8948
8764
8868
8758
8815
8830
8687
8959
8983
8741
8803
8733
8807
8806
8786
8783
8703
8853
8813
8929
8685
8708
8727
8586
8643
8795
8829
8677
8672
8698
8708
8774
8479
8706
8813
8566
8511
8682
8611
8722
8512
8606
8707
8612
8601
8497
8720
8769
8679
8589
8499
8534
8547
8574
8524
8487
8562
8481
8647
8460
8590
8487
8540
8466
8463
8528
8608
8667
8523
8520
8428
8525
8519
8429
8549
8522
8479
8505
8522
8489
8517
8570
8563
8408
8428
8471
8577
8455
8373
8447
8370
8518
8381
8543
8446
8516
8448
8374
8478
8275
8535
8433
8388
8501
8403
8494
8278
8438
8453
8451
8300
8543
8480
8427
8395
8330
8423
8304
8177
8377
8371
8396
8351
8288
8143
8276
8355
8365
8300
8242
8343
8171
8042
8234
8408
8310
8263
8213
8160
8138
8016
8295
8211
8197
8146
8144
8239
8129
8268
8139
8161
8268
8262
8277
8141
8228
8093
8276
8044
8174
8207
8141
8332
8184
8340
8157
8068
8129
8082
8160
8223
7952
8118
8138
8169
8193
8283
8132
8142
8085
8193
8130
8159
8118
8106
8135
8123
8141
8146
8169
8273
8013
8102
8206
7935
8022
8195
8036
8046
8180
8090
8268
8187
7906
8096
8119
8162
8036
8142
8099
8172
8222
7967
8036
8161
8068
7820
8094
8037
8031
8224
8039
8103
8091
8107
8104
8096
8158
8008
8043
8069
8189
8187
7971
8070
8061
7951
8245
8055
8076
8033
8061
8207
8052
8048
8003
8082
8206
8050
7941
8045
8066
7842
8322
7778
8066
8126
7952
8003
8081
8033
8125
8369
8119
8038
8118
8280
8094
8131
7952
8071
8105
8085
7908
8133
8036
8195
8170
8044
8274
8091
8174
7872
8061
8148
8033
7938
8132
7997
8015
8040
8110
8053
8300
8115
7959
8040
8153
7916
8187
8217
8092
8009
8139
8015
8219
7893
8205
8141
8142
8143
8338
8050
8043
8289
8224
8218
8152
8281
8243
8330
8581
8458
8469
8271
8544
8569
8714
8615
8829
8916
8919
9013
8964
8878
8941
9092
9191
9202
9404
9384
9534
9414
9573
9618
9653
9739
9794
9964
9995
9941
9967
9995
10048
10081
10195
10297
10157
10196
10133
10224
10382
10356
10275
10439
10489
10289
10568
10338
10590
10640
10538
10536
10927
10862
10807
11020
10967
11031
11148
11234
11013
11317
11628
11871
12150
12195
12606
12928
12732
12781
12660
12496
12370
12229
12168
11759
11693
11660
11663
11487
11268
10984
11016
10773
10618
10671
10426
10434
9927
10117
9775
9734
9683
9438
9241
9301
9188
8965
8977
8921
8781
8565
8582
8503
8545
8448
8373
8380
8267
8097
8154
7946
8044
7959
7953
7938
7723
7749
7740
7837
7766
7682
7941
7742
7702
7954
7598
7725
7765
7909
8096
7843
7655
7728
7791
7582
7669
7830
7853
7734
7821
7842
7830
7689
7745
7861
7767
7681
7641
7848
7756
7858
7787
7736
7913
7749
7768
7927
7838
7991
7879
7885
7991
7939
8061
7970
8047
7844
7926
8142
7993
7888
7936
7904
8056
7970
7964
7941
8031
7847
8093
7911
7862
8105
7926
8158
7919
8039
8096
8060
8110
7818
8105
8080
8289
8143
8151
8002
8019
8089
8224
8070
8112
8099
8313
8317
8234
8146
8195
8039
8097
8095
8195
8280
8228
8128
8318
8230
8366
8071
8199
8178
8270
8319
8470
8359
8391
8215
8303
8534
8267
8311
8331
8233
8234
8229
8473
8176
8445
8409
8319
8330
8311
8619
8532
8585
8578
8303
8624
8595
8644
8654
8505
8633
8602
8463
8617
8472
8588
8760
8603
8549
8568
8586
8694
8598
8743
8688
8630
8689
8711
8730
8703
8671
8725
8755
8828
8803
8833
8652
8914
8692
8699
8763
8878
8976
8831
8810
8880
8702
8945
8909
9029
8991
8913
8835
8930
8878
8945
8864
8806
8661
8904
8873
8930
8925
9090
8919
9019
8831
9084
9082
8936
9019
9005
9027
9173
9183
9100
9136
9227
9127
9055
9137
8949
9118
9086
9005
9328
9266
9034
9151
9160
9257
9485
9194
9222
9133
9382
9275
9421
9254
9411
9159
9220
9177
9388
9415
9259
9200
9310
9373
9144
9496
9212
9385
9345
9354
9355
9145
9329
9365
9474
9366
9482
9337
9289
9388
9421
9463
9471
9482
9707
9567
9703
9525
9515
9575
9746
9511
9576
9402
9529
9609
9537
9483
9604
9508
9490
9485
9702
9674
9496
9669
9693
9671
9756
9430
9680
9515
9642
9578
9602
9775
9622
9758
9586
9766
9627
9560
9607
9717
9702
9763
9762
9844
9803
9547
9829
9645
9796
9822
9697
9763
9730
9826
9895
9690
9902
10046
9715
9870
9988
9841
9851
9890
9896
9989
9881
10123
9853
10030
9986
9870
10036
9968
10061
10041
10067
9846
10023
10235
9927
10098
9967
10092
10051
10020
10109
9993
10077
10097
10086
10021
9957
10127
10231
10045
10157
10163
10003
10024
10090
10031
10172
10214
10230
10023
10170
10092
10170
10010
10231
10307
10279
10221
10351
10131
10157
10297
10154
10321
10336
10157
10272
10244
10203
10515
10214
10247
10275
10445
10394
10380
10431
10388
10262
10294
10553
10343
10611
10317
10447
10390
10375
10541
10505
10478
10670
10498
10380
10394
10374
10384
10519
10378
10627
10364
10559
10643
10566
10486
10620
10372
10420
10530
10667
10457
10767
10437
10580
10426
10718
10795
10670
10517
10529
10482
10725
10699
10649
10689
10558
10814
10671
10668
10499
10723
10660
10888
10673
10587
10477
10800
10838
10914
10764
10648
10731
11009
10782
10758
10764
10795
10829
10797
10727
10997
10905
10835
10864
10870
10915
10935
10860
10816
11114
11018
10854
10929
10858
10988
10938
11007
11254
10983
11147
11100
11160
10927
10980
11188
11093
11088
11020
11018
11223
11147
11046
11260
11058
11277
11146
11321
11257
11210
11406
11367
11373
11400
11356
11302
11172
11459
11211
11429
11403
11366
11511
11298
11518
11330
11420
11422
11551
11636
11445
11531
11634
11579
11627
11435
11487
11524
11513
11572
11741
11678
11624
11546
11739
11493
11504
11640
11582
11672
11484
11449
11625
11506
11696
11698
11884
11631
11728
11406
11827
11861
12103
11948
11856
11837
11867
11913
11736
12054
11806
12022
11853
11926
11937
12028
11993
11828
11948
11871
12088
11812
12235
11948
12049
12182
12039
12019
12159
11968
12202
12057
11946
12179
12191
12256
12042
12309
12151
12182
12162
12135
12382
11985
12069
12263
12328
12187
12209
12064
12089
12262
12295
12239
12217
12295
12060
12315
12325
12435
12377
12036
12364
12282
12319
12278
12169
12372
12343
12329
12482
12446
12376
12232
12517
12483
12554
12453
12485
12469
12602
12607
12590
12503
12657
12519
12656
12605
12472
12834
12704
12762
12665
12546
12817
12791
12598
12749
12789
12743
13042
12642
13173
13030
12815
13128
12936
12916
13074
12830
13174
13023
12970
13143
13132
13061
13025
13110
13083
13176
13052
13308
13180
13379
13305
13438
13404
13319
13304
13379
13132
13279
13314
13348
13342
13560
13498
13255
13422
13420
13583
13442
13477
13247
13313
13561
13426
13463
13712
13450
13403
13344
13646
13522
13285
13460
13614
13615
13567
13782
13437
13278
13578
13433
13396
13564
13523
13749
13335
13539
13468
13659
13672
13611
13820
13477
13713
13648
13697
13568
13752
13617
13800
13782
13524
13668
13923
13742
13581
13732
14001
13958
13786
13679
13925
13713
13937
13791
13720
13827
13756
13833
13980
13762
13808
13908
13809
14077
13674
13764
13796
14068
13864
13823
13877
13780
13986
13975
13950
13780
13949
13871
14034
13815
14145
14182
13978
14165
14333
14087
14137
14288
14084
14283
14186
14161
13893
14083
13982
13918
14092
13924
13882
13847
13883
13777
13710
13542
13650
13435
13589
13517
13315
13285
13326
13187
13221
13242
13145
13058
13123
13104
12872
12926
12848
12943
12870
12763
12825
12835
12628
12832
12677
12686
12483
12604
12910
12646
12490
12590
12501
12637
12640
12476
12640
12508
12617
12721
12492
12509
12468
12390
12409
12601
12322
12469
12415
12448
12328
12455
12463
12321
12409
12376
12426
12408
12324
12157
12323
12342
12324
12368
12241
12095
12153
12203
12241
12323
12402
12463
12137
12240
12159
12107
12188
12153
12262
12205
12093
12359
12139
12025
12274
12239
12338
11981
12075
12062
12247
12164
12044
12328
12169
12311
12199
12237
12135
12176
11871
12173
12051
11918
12069
11837
12143
12155
12037
11914
11974
11834
11762
12067
11961
12009
11911
11844
11745
11943
11773
11908
11943
12150
11941
11764
11944
11903
11762
11861
11606
11713
11891
12012
11981
11828
11696
11975
11930
11767
11675
11855
11776
11974
11659
11861
11762
11756
11663
11838
12042
11754
11558
11938
11656
11650
11873
11920
11649
11608
11718
11898
11655
11501
11682
11678
11722
11735
11607
11680
11631
11465
11587
11760
11650
11541
11675
11436
11779
11642
11654
11391
11623
11551
11533
11498
11710
11632
11628
11646
11520
11694
11465
11505
11475
11663
11622
11342
11455
11466
11373
11601
11568
11475
11403
11602
11597
11719
11582
11245
11387
11626
11482
11376
11363
11492
11273
11484
11392
11453
11442
11387
11432
11279
11106
11237
11517
11450
11456
11311
11335
11175
11425
11126
11388
11426
11303
11306
11287
11401
11465
11472
11365
11242
11369
11290
11361
11382
11217
11301
11242
11442
11348
11390
11358
11253
11391
11298
11301
11260
11239
11144
11196
11550
11288
11404
11369
11359
11217
11129
11156
11318
11078
11210
11217
11170
11184
11238
11302
11224
11035
11188
11314
11244
11295
11335
11284
11150
11215
11185
11072
11239
11253
11423
11297
11132
11153
11233
11284
11037
11230
11100
11104
11208
11244
11181
10867
11070
11106
11242
11054
11274
11080
11018
11153
11164
11114
10981
11230
11171
10947
10968
11165
11099
11202
11055
10840
10878
11109
11107
11080
11080
10963
11189
11183
11083
11149
10934
10951
10684
10916
10951
10932
10891
10984
11022
10902
10927
10936
11077
10930
10961
10775
10812
11058
10941
10763
10848
10862
10909
10739
10900
10903
10663
10803
10708
10874
10920
10716
10648
10840
10726
10930
10844
10737
10800
10736
10673
10820
10793
10751
10796
10682
10863
10787
10847
10613
10613
10781
10561
10680
11008
10725
10738
10593
10747
10751
10629
10691
10647
10743
10690
10810
10588
10690
10398
10451
10438
10377
10554
10518
10623
10352
10334
10418
10669
10553
10364
10551
10500
10507
10328
10631
10276
10251
10247
10288
10363
10273
10138
10210
10282
10257
10211
10168
10052
10093
10079
10190
10081
10138
10226
10057
10134
10002
9807
9923
9916
9915
9917
9953
9831
9716
9871
9778
9729
9855
9859
9663
9529
9629
9499
9614
9544
9570
9502
9439
9464
9544
9475
9435
9321
9309
9377
9534
9302
9402
9062
9191
9099
9243
9127
9238
9134
9109
8875
9140
9000
8983
8818
8981
9021
8977
9052
8711
9013
8858
8791
8750
8819
8690
8736
8899
8795
8604
8682
8793
8545
8733
8561
8477
8559
8502
8496
8538
8439
8345
8574
8440
8531
8607
8547
8338
8346
8441
8485
8292
8263
8223
8379
8326
8273
8209
8158
8343
8254
8223
8255
8267
8256
8411
8190
8135
8035
8146
8108
8327
8127
8119
8031
8223
8025
7998
8055
8037
7947
8077
8014
8302
8113
7738
8035
8138
7875
7983
7996
7900
7915
7919
8071
7908
8122
8097
8121
7948
8051
8084
7902
8007
7955
7978
8025
8055
8137
7967
8045
8111
8231
8141
7997
7979
8121
8039
8140
8124
8039
8077
8153
8048
8109
8040
8149
7986
7983
8095
8071
8210
8072
7844
8034
8101
7977
8099
8096
7988
8105
8171
8040
8132
8032
8191
8079
8063
8268
8282
8086
8125
8254
8217
8418
8235
8296
8294
8319
8321
8199
8249
8431
8263
8358
8224
8129
8059
8144
8183
8084
7924
8010
8025
7966
7883
7977
7935
7712
7894
7780
7794
7744
7678
7519
7620
7504
7462
7431
7468
7277
7499
7276
7230
7323
7411
7279
7300
7265
7376
7251
7331
7110
7089
7168
7200
7329
7068
7049
6872
7170
6945
7116
7087
7014
7045
7195
7205
7075
7126
6977
6791
6979
6974
7084
6964
6997
6995
7048
6931
6816
6924
6954
6950
7060
6841
6785
7048
6985
6868
6930
6931
6862
6944
6859
6754
6789
6938
6788
6661
6713
6797
6784
6912
6757
6790
6731
6924
6614
6652
6685
6589
6741
6680
6690
6822
6512
6632
6532
6621
6585
6717
6560
6679
6660
6636
6522
6704
6699
6650
6689
6595
6530
6497
6653
6652
6437
6579
6504
6546
6559
6444
6472
6564
6413
6531
6318
6563
6537
6596
6634
6394
6425
6600
6587
6564
6452
6415
6451
6459
6341
6398
6477
6336
6467
6456
6450
6458
6370
6482
6457
6334
6328
6429
6389
6497
6438
6404
6375
6257
6298
6469
6413
6373
6431
6402
6363
6296
6419
6264
6345
6362
6239
6245
6150
6216
6205
6163
6226
6225
6215
6190
6121
6309
6189
6227
6278
6323
6005
6241
6127
6240
6116
6156
6029
6214
6028
6140
6110
6198
6176
6154
6029
6178
6081
6121
6104
6120
6057
6011
6022
6077
6094
6128
6000
6056
5872
6001
6059
6142
5992
5959
6094
5958
5881
6096
5845
6158
6087
5878
5852
5989
5975
5898
6050
5916
5987
5964
6004
5976
5942
6030
6031
6117
5957
5929
5807
5961
5962
5808
5795
5819
5827
5859
5931
6060
5820
5937
5762
5802
5887
5956
5890
5947
5879
6009
6086
5822
5890
5779
6002
5778
5971
5874
5978
5868
5954
5935
5829
5682
5618
5924
5760
5862
5872
5874
5898
5712
5688
5717
5763
5793
5709
5838
5787
5873
5826
5767
5814
5824
5716
5804
5667
5826
5860
5689
5712
5693
5748
5650
5776
5786
5708
5722
5786
5720
5840
5705
5666
5606
5757
5736
5711
5668
5811
5713
5653
5729
5571
5764
5602
5639
5689
5609
5559
5800
5551
5606
5683
5598
5605
5679
5721
5709
5505
5419
5595
5727
5663
5618
5551
5721
5612
5625
5454
5780
5508
5537
5487
5514
5678
5600
5460
5635
5518
5487
5393
5450
5473
5620
5404
5441
5427
5490
5567
5530
5418
5544
5501
5636
5495
5442
5564
5499
5348
5570
5438
5479
5610
5687
5549
5525
5464
5424
5582
5538
5531
5393
5332
5463
5443
5447
5455
5507
5502
5462
5451
5453
5547
5530
5378
5388
5268
5352
5427
5492
5423
5349
5410
5273
5426
5213
5301
5434
5354
5379
5456
5366
5310
5512
5313
5516
5488
5322
5390
5390
5366
5477
5331
5413
5414
5359
5311
5353
5383
5475
5403
5341
5392
5291
5350
5358
5386
5408
5286
5512
5260
5369
5205
5302
5379
5356
5444
5494
5504
5615
5592
5513
5570
5550
5601
5758
5860
6119
5905
6075
6337
6365
6367
6454
6680
6809
6848
6922
7015
7383
7510
7514
7859
7835
8036
8260
8348
8683
8714
8964
9082
9162
9309
9680
9638
9985
10129
10131
10350
10521
10663
10532
10896
10929
11007
11167
11131
11423
11469
11519
11470
11695
11895
11849
12093
12097
12057
12506
12320
12790
12664
13068
13281
13618
13720
14093
14151
14572
15131
15301
15848
16198
16342
16596
16975
17018
16907
16921
16855
16879
16617
16364
15959
15626
15382
15038
14721
14316
13904
13334
13058
12676
12174
11794
11190
10878
10671
10275
9756
9310
9215
8752
8503
8079
8036
7466
7598
7096
6949
6618
6495
6227
6304
6084
5854
5849
5609
5547
5397
5348
5170
5252
5132
5128
5050
4946
4947
4904
4897
4946
4801
4768
4679
4870
4814
4602
4811
4661
4731
4703
4712
4721
4714
4660
4630
4681
4684
4722
4621
4651
4672
4636
4645
4789
4638
4657
4758
4610
4668
4572
4601
4637
4560
4600
4653
4646
4571
4583
4622
4646
4558
4607
4696
4637
4535
4614
4627
4573
4621
4564
4526
4646
4513
4638
4568
4586
4668
4650
4588
4492
4655
4620
4612
4696
4513
4570
4667
4651
4638
4556
4582
4629
4581
4451
4612
4491
4543
4506
4480
4599
4526
4504
4608
4625
4651
4675
4607
4540
4637
4506
4695
4529
4738
4484
4549
4648
4575
4600
4596
4532
4542
4641
4546
4513
4600
4494
4598
4662
4571
4576
4698
4632
4542
4559
4518
4574
4669
4494
4602
4427
4666
4637
4709
4533
4679
4478
4660
4553
4548
4488
4611
4628
4617
4626
4782
4764
4737
4822
4779
4706
4808
4898
4900
5017
5053
5207
5301
5223
5457
5612
5794
6017
6153
6419
6583
6848
7218
7342
7454
7780
8002
8516
8853
9024
9739
9906
10252
10674
11060
11450
11822
12147
12693
13003
13608
13880
14373
14505
15222
15334
15907
16161
16493
16787
17205
17534
17884
18044
18323
18685
18779
19350
19278
19822
19877
19997
20439
20533
20862
20958
21161
21610
21825
22294
22396
23148
23314
24110
24609
25249
26081
26872
27579
28347
29227
29982
30681
31549
31791
32295
32309
32678
32043
32010
31417
31203
30382
29807
29267
28332
27402
26653
25829
24669
23806
22541
21793
20877
19886
18851
18178
17193
16000
15072
14459
13621
13162
12037
11467
10785
10426
9508
9150
8640
7936
7817
7224
6834
6448
6181
6081
5560
5305
5210
4930
4874
4578
4579
4427
4335
4136
4182
3969
3973
3964
3884
3754
3738
3756
3756
3674
3588
3555
3715
3514
3539
3457
3588
3453
3475
3633
3508
3479
3457
3552
3532
3581
3451
3407
3527
3339
3407
3441
3432
3444
3483
3395
3475
3555
3465
3454
3434
3450
3458
3328
3328
3568
3432
3355
3457
3458
3278
3302
3337
3375
3399
3370
3439
3368
3412
3319
3369
3353
3348
3459
3488
3413
3354
3278
3301
3322
3340
3274
3367
3315
3398
3299
3321
3347
3376
3355
3277
3350
3325
3267
3307
3326
3307
3335
3314
3272
3319
3357
3212
3267
3355
3415
3351
3353
3385
3160
3233
3295
3304
3353
3242
3345
3223
3320
3253
3206
3287
3263
3223
3197
3269
3229
3214
3334
3263
3295
3231
3237
3317
3245
3243
3284
3207
3236
3383
3237
3274
3289
3275
3215
3235
3216
3218
3255
3317
3276
3247
3247
3271
3334
3200
3200
3252
3341
3254
3263
3202
3131
3196
3221
3199
3163
3065
3188
3184
3032
3267
3299
3278
3197
3118
3236
3130
3262
3212
3164
3193
3278
3249
3168
3150
3207
3146
3270
3152
3155
3176
3147
3227
3246
3218
3262
3246
3168
3190
3172
3257
3225
3241
3129
3230
3157
3124
3214
3229
3241
3252
3028
3210
3152
3183
3111
3110
3203
3153
3131
3126
3243
3194
3114
3167
3206
3163
3187
3156
3161
3096
3118
3083
3069
3180
3159
3133
3151
3214
3110
3142
3216
3156
3130
3188
3065
3193
3119
3123
3199
3133
3147
3120
3215
3218
3131
3165
3119
3039
3209
3148
3143
3201
3092
3122
3054
3164
3020
3068
3207
3071
3180
3078
3171
3081
3133
3220
3123
3062
3163
3020
3116
3115
3090
3091
3119
3074
3134
3128
3095
3027
3184
3059
3080
3154
3107
3089
3118
3178
3119
3113
3117
3034
3069
3088
3049
3184
3129
3064
3039
3091
3141
3168
3125
3058
3146
3128
3091
3013
3117
3047
3088
3142
3032
3086
3020
3136
3119
2989
3033
3069
3055
3076
3066
3107
3134
3083
3114
2982
3044
3135
3085
3108
3159
3049
3132
3066
3134
3007
3132
3140
3049
3014
3132
3098
2971
3052
2990
3065
3101
3133
3123
3134
3128
3124
3073
3127
3041
3009
3148
3121
3096
3231
3066
3235
2974
3192
3133
3034
3103
3128
3163
3060
3118
3180
3015
3215
3125
3119
3162
3184
3178
3176
3074
3245
3133
3170
3203
3119
3242
3253
3279
3339
3224
3189
3253
3184
3256
3235
3248
3307
3218
3306
3316
3296
3262
3325
3342
3411
3397
3446
3472
3530
3529
3557
3681
3564
3709
3729
3976
4113
4252
4422
4690
4851
5034
5240
5653
5974
6261
6816
7298
7725
8302
8828
9565
10170
10812
11906
12348
13266
14151
15153
16279
16933
17934
19132
20164
21445
22554
23784
24953
26263
27077
28494
29450
30752
32103
33162
34555
35522
36087
37617
38424
40078
40345
41677
42652
43952
44273
45931
46371
47298
48047
49003
48993
50158
50630
51787
52451
53352
53776
54601
55963
56927
58624
59693
61117
62923
63747
66103
67524
69629
72321
74328
75249
78154
80178
81099
82383
83138
83809
83331
82955
82849
81263
80143
78125
76335
74722
72575
69984
67517
64304
61965
59367
56083
54298
50859
48024
45464
43208
40266
37468
35224
32597
30466
28248
26150
24267
22484
20436
18708
17152
15641
14383
13190
12002
10757
9827
8884
8278
7422
6751
6185
5540
5086
4683
4276
3905
3630
3265
3078
2874
2672
2416
2354
2132
2051
1935
1873
1716
1720
1578
1540
1509
1450
1369
1423
1386
1316
1303
1273
1206
1271
1173
1198
1192
1156
1186
1192
1152
1168
1132
1068
1061
1072
1103
1071
1066
1031
990
987
1014
1033
1048
1024
997
945
1019
1026
1009
1044
1033
1020
1030
1017
967
997
1027
994
980
977
1008
898
936
1031
979
998
925
959
969
934
894
938
936
1025
900
908
982
919
1006
928
962
944
980
899
985
864
902
892
955
909
929
854
974
946
897
905
916
907
932
929
901
898
838
917
892
957
915
866
907
863
867
903
912
894
902
928
887
867
875
901
838
914
901
936
871
884
833
919
903
822
852
885
847
869
884
853
858
886
885
827
865
880
862
970
850
889
899
873
905
869
976
933
927
953
944
959
983
976
1013
1055
1019
1094
1133
1178
1234
1262
1317
1429
1486
1540
1656
1671
1818
1923
2022
2073
2193
2285
2464
2586
2751
2884
3014
3054
3190
3463
3569
3800
3862
4065
4279
4378
4553
4757
4816
4845
5207
5324
5473
5698
5682
5851
6024
6199
6264
6343
6549
6716
6728
6906
6860
7116
7088
7280
7330
7434
7726
7660
8033
8042
8132
8365
8501
8615
8908
9184
9270
9499
9761
9893
10118
10625
10759
10878
11152
11321
11396
11479
11493
11359
11310
11211
10906
10778
10442
10083
10017
9514
9297
9029
8710
8305
7834
7563
7191
6909
6397
6020
5704
5382
5110
4700
4512
4077
3823
3680
3267
3061
2870
2707
2428
2203
2087
1944
1799
1739
1572
1516
1383
1300
1256
1095
1035
1010
972
912
844
827
812
725
763
710
685
633
649
612
628
609
540
576
559
596
606
518
567
537
550
522
588
482
549
544
501
510
486
534
488
543
506
492
484
496
467
475
464
450
502
535
459
505
502
493
456
492
485
503
460
481
522
498
483
487
487
465
462
458
460
484
454
471
448
504
453
492
442
446
496
465
480
443
451
488
446
479
444
469
466
473
460
450
453
443
460
466
493
462
448
504
471
430
456
449
450
496
463
468
448
425
405
415
467
446
452
423
406
457
463
401
435
460
421
399
431
438
471
465
410
437
422
444
414
414
445
405
410
432
412
401
423
444
465
415
411
454
406
445
395
427
421
415
463
460
423
462
394
421
436
430
397
442
429
413
437
391
448
430
428
427
403
383
426
415
421
402
428
424
417
400
413
422
421
441
440
400
387
382
420
386
416
417
400
405
402
369
426
436
372
420
425
414
399
384
414
411
382
409
372
400
393
388
393
430
388
424
382
393
389
404
391
405
397
398
338
362
407
392
390
362
397
423
393
437
393
378
366
410
369
371
393
390
336
409
374
390
366
361
384
389
370
362
376
374
386
378
351
388
374
350
378
352
348
368
392
373
377
393
367
368
366
391
338
377
363
386
395
396
376
407
370
380
379
380
370
356
356
374
360
316
398
350
368
406
394
387
360
354
355
362
394
375
349
371
344
352
344
365
362
329
359
343
398
389
358
369
369
387
379
353
356
352
330
335
406
395
366
339
402
368
373
327
392
359
362
330
348
346
373
342
353
348
374
336
378
361
372
364
341
345
365
332
343
349
335
360
356
340
362
321
302
314
366
318
361
317
346
347
356
364
349
365
370
346
373
327
358
318
344
395
380
368
359
366
368
354
344
374
381
332
325
324
341
338
320
345
330
333
343
371
382
352
313
344
360
363
351
329
363
335
358
370
338
363
356
359
337
346
344
369
353
354
382
311
366
330
335
342
337
323
367
327
335
374
374
321
349
357
359
395
359
345
324
369
323
345
362
373
357
335
330
361
377
354
366
370
357
334
362
326
361
359
377
344
330
344
368
378
337
379
355
361
350
354
351
381
395
352
368
371
369
351
420
416
359
375
369
355
361
372
359
347
350
350
335
368
352
377
360
404
349
402
399
390
387
380
407
361
377
361
370
345
370
369
367
346
343
358
346
358
339
339
340
355
338
326
338
333
337
308
319
331
308
322
312
323
331
336
322
320
279
297
288
274
294
292
317
326
271
275
320
278
302
287
303
292
318
324
303
275
278
278
289
319
290
286
299
293
300
301
284
309
293
285
274
296
294
315
266
300
307
301
291
272
318
278
280
298
297
314
268
296
292
303
282
268
277
267
300
274
277
286
318
313
284
288
283
293
296
278
268
282
286
301
263
290
277
281
302
306
272
304
305
265
303
265
289
257
252
283
264
277
311
267
286
276
281
270
273
308
270
278
274
263
273
267
280
244
261
257
302
280
280
285
260
317
276
304
278
270
274
284
271
298
263
275
272
277
272
268
263
277
270
267
283
260
262
252
252
246
272
261
315
291
253
269
280
284
271
277
285
289
260
291
275
302
290
261
280
275
284
278
265
248
285
280
265
288
273
268
268
271
275
304
279
256
262
279
274
272
239
278
232
284
270
256
248
279
266
267
239
268
260
261
237
297
250
282
249
267
277
271
244
293
262
239
266
270
277
262
295
238
235
232
265
263
273
278
277
277
283
245
250
273
266
230
271
244
269
217
266
293
258
235
275
280
257
245
262
288
274
231
254
268
261
274
233
286
255
250
243
274
279
238
272
268
251
251
220
235
288
258
253
252
269
258
249
248
256
222
253
254
267
283
270
255
266
257
238
243
244
248
241
231
226
229
247
241
253
242
234
253
275
250
281
219
251
251
251
238
220
259
243
237
255
255
280
233
236
251
284
201
245
227
242
231
234
241
238
255
204
217
214
238
266
244
251
226
194
233
225
219
247
253
252
243
239
222
242
243
233
236
253
199
237
249
230
229
228
241
258
214
216
237
235
211
232
219
247
228
199
220
209
220
214
222
236
253
231
227
240
248
233
215
249
227
238
267
225
229
207
219
237
229
199
256
251
222
219
236
239
224
238
222
228
241
220
223
245
217
208
224
218
238
231
204
241
225
231
233
236
222
223
222
237
231
210
202
193
240
208
210
244
227
214
239
215
192
216
225
220
230
223
224
225
214
230
227
229
251
237
210
219
221
228
220
234
234
214
217
222
192
205
218
222
199
203
211
238
239
216
244
228
234
214
204
205
202
215
219
221
240
230
207
221
194
200
241
202
215
204
202
227
170
216
215
207
211
260
215
227
182
202
209
218
237
184
206
187
221
214
213
199
208
220
204
220
208
193
212
207
215
205
227
214
227
216
203
224
183
212
188
230
242
195
197
199
197
217
239
208
183
192
230
229
172
210
210
212
213
224
216
192
178
213
212
189
211
216
207
196
200
193
216
178
218
213
228
192
210
174
222
198
193
208
225
232
216
218
223
185
192
211
198
216
197
216
194
188
207
227
198
202
197
167
189
188
179
180
155
205
184
220
210
211
199
194
187
200
191
218
205
180
188
187
208
224
188
203
189
185
208
207
210
246
191
207
201
196
208
180
206
198
216
176
173
194
198
186
211
190
184
189
197
203
213
203
202
204
187
162
189
182
185
184
210
224
187
173
224
182
190
180
192
203
206
178
170
199
209
194
205
177
206
185
188
169
196
197
159
201
174
178
197
159
186
205
185
175
185
207
183
197
226
184
203
180
208
201
204
189
204
164
181
194
200
175
197
194
189
198
190
189
213
195
197
183
215
209
200
193
204
194
174
191
190
205
199
189
185
192
171
201
196
160
180
196
200
186
199
195
190
191
209
210
179
177
192
205
169
189
192
188
175
155
163
209
182
178
186
179
190
151
192
160
176
196
185
168
197
181
186
181
162
189
216
198
192
179
191
179
162
184
154
194
183
206
175
194
175
175
171
168
195
190
166
176
178
155
181
166
176
169
187
148
171
197
175
169
144
164
187
186
165
176
171
163
150
142
154
192
154
162
135
140
166
145
162
170
158
168
159
157
154
160
170
152
171
155
139
161
172
158
168
170
132
146
161
168
164
165
171
151
162
144
185
167
166
171
156
150
146
200
163
169
164
154
163
161
175
161
141
196
157
169
157
128
162
149
174
141
142
169
164
165
160
150
165
182
145
158
190
154
161
138
149
145
162
147
144
161
171
138
166
154
159
173
145
168
151
163
158
145
158
167
142
152
153
172
143
153
137
150
151
180
146
154
167
151
148
134
143
144
147
137
148
156
169
142
153
134
144
135
171
144
161
158
162
158
143
184
165
141
136
143
135
140
131
165
131
160
136
161
171
129
137
145
142
145
139
137
165
132
123
157
149
154
126
145
163
156
151
142
141
141
155
167
139
168
136
130
149
147
148
157
121
146
146
138
149
147
130
150
139
139
138
145
116
146
132
137
123
138
146
145
127
147
145
122
135
148
155
121
154
150
143
150
142
115
150
159
124
127
125
140
168
115
148
171
127
135
133
141
127
133
125
136
147
122
131
130
138
142
152
151
132
130
133
140
124
128
124
134
137
146
164
117
122
131
128
115
137
141
128
125
129
122
138
154
122
133
125
130
131
115
139
142
121
125
144
141
127
147
134
139
130
142
124
137
118
135
116
142
137
106
117
110
143
131
141
120
129
135
147
125
133
139
132
126
120
115
141
136
117
145
137
137
120
134
137
118
121
114
120
136
132
131
136
122
144
131
121
103
113
101
136
125
133
133
112
138
124
135
102
115
123
133
126
114
114
111
131
111
121
131
127
128
120
114
115
107
108
124
111
140
107
113
112
101
122
110
123
132
119
124
109
112
120
118
125
131
113
119
127
128
120
114
116
129
110
113
112
119
108
116
121
115
116
104
116
116
133
89
127
115
139
130
117
114
127
118
116
126
118
124
87
114
124
132
125
128
112
109
105
108
98
109
104
101
105
116
108
118
110
108
105
106
108
97
122
108
106
106
130
103
100
86
107
108
111
130
105
101
112
115
110
123
126
92
106
85
110
110
97
113
107
92
99
100
112
106
121
91
106
109
123
88
100
98
122
108
110
111
109
109
97
107
113
101
102
129
108
116
104
116
103
106
94
89
110
125
109
104
99
128
98
105
103
109
125
117
102
108
109
99
123
101
93
101
89
93
103
109
100
102
115
108
110
92
117
104
110
113
91
102
119
103
121
112
104
92
99
108
89
93
107
91
114
103
98
98
100
89
106
107
103
94
108
96
83
102
103
98
92
112
110
105
85
101
85
110
85
99
108
118
124
90
122
112
92
96
100
92
104
98
105
115
93
98
96
88
111
103
100
95
94
92
107
91
98
89
92
118
99
92
95
107
88
93
100
111
103
123
95
93
99
120
116
101
102
96
87
92
94
93
93
75
106
101
93
108
89
105
97
80
88
95
113
86
117
112
102
95
103
88
91
101
99
89
97
89
106
86
93
91
97
109
96
94
120
107
94
102
110
90
98
97
89
89
99
86
95
93
110
92
85
84
86
100
83
100
95
125
97
112
99
109
101
84
108
87
91
81
97
91
96
93
86
95
89
74
112
99
83
92
90
88
82
80
90
98
82
92
87
81
93
80
73
95
101
95
93
92
82
101
83
85
89
83
90
105
86
84
85
71
79
88
61
85
96
104
88
101
89
74
83
81
71
82
73
88
77
84
77
78
97
85
80
81
71
87
93
80
79
75
96
83
79
98
90
79
75
79
80
85
83
90
67
82
80
66
78
88
76
86
82
76
79
93
96
99
88
70
93
91
69
84
84
73
79
85
87
58
88
72
68
83
77
76
102
80
71
71
76
65
83
75
78
73
91
75
90
85
75
84
74
76
85
88
85
75
104
75
74
84
71
75
89
64
72
81
81
80
95
87
79
78
74
81
88
65
71
84
89
74
75
81
72
76
86
71
82
89
77
79
85
68
68
72
94
99
70
78
75
78
83
79
74
78
90
74
75
74
75
95
82
70
67
88
90
79
77
70
63
79
74
71
87
82
83
84
102
84
78
91
82
77
89
103
83
72
84
91
86
71
78
82
85
96
97
104
93
71
82
97
91
85
73
95
102
100
106
101
103
92
89
88
80
98
73
93
87
92
84
81
85
83
100
76
97
97
99
96
93
91
77
105
92
105
86
80
96
107
90
100
80
66
102
90
97
87
105
76
75
84
85
77
80
68
86
76
78
66
73
76
81
75
69
77
60
82
81
72
78
66
83
70
62
70
75
58
70
69
55
57
67
67
79
59
79
69
65
70
65
69
63
63
68
74
72
54
74
78
66
68
75
59
64
89
64
66
59
59
78
65
66
71
60
71
65
76
89
73
63
55
64
61
67
71
60
67
74
53
69
68
60
60
71
60
60
72
60
62
62
64
69
62
72
73
59
67
86
78
46
61
58
67
70
67
60
72
51
80
69
72
71
80
55
75
64
73
57
65
70
64
60
80
69
73
56
51
75
71
81
63
87
54
57
57
63
58
70
68
65
69
60
62
68
60
70
62
51
76
55
81
63
57
75
60
68
70
68
59
59
69
58
71
57
52
74
80
65
70
74
71
82
79
59
83
73
76
72
74
65
70
77
81
64
64
80
69
68
74
70
64
55
83
74
60
62
69
60
65
78
68
69
69
70
74
91
55
71
63
60
81
65
77
65
70
63
79
52
65
60
57
64
61
70
56
74
71
77
81
67
54
72
66
63
52
71
79
60
46
59
74
51
71
44
48
70
65
65
67
57
61
59
54
57
54
61
62
70
60
40
50
50
53
54
66
53
64
61
52
50
62
45
61
39
49
50
52
64
66
50
53
61
45
61
58
64
48
60
59
60
45
54
47
42
51
55
54
58
63
55
67
52
52
62
63
52
43
63
46
43
48
51
54
58
71
67
63
61
43
65
50
64
48
64
56
62
67
74
61
57
54
53
56
75
53
50
65
47
63
55
61
67
48
56
50
51
58
58
62
47
53
43
52
54
56
47
70
68
49
54
57
59
49
59
60
56
58
51
52
56
42
59
45
61
42
50
62
54
57
67
64
62
55
66
66
57
58
56
58
60
62
47
52
59
55
57
50
57
36
62
58
48
49
56
46
61
52
50
59
55
68
62
52
46
62
48
56
61
54
60
54
50
64
49
60
45
67
72
52
60
57
53
65
68
62
64
60
57
62
61
63
60
75
66
56
58
55
65
65
64
58
74
50
64
59
71
53
71
64
53
66
72
59
71
57
78
71
63
64
69
62
77
59
53
71
73
72
66
68
67
63
72
63
51
64
58
69
51
71
75
60
63
57
56
72
54
57
49
57
53
66
59
61
56
60
47
58
53
42
59
43
45
37
46
38
50
45
54
55
42
60
49
48
40
42
34
44
32
40
46
48
29
29
45
41
44
38
28
40
47
44
41
39
29
33
38
43
42
36
35
31
40
50
34
33
38
37
46
41
43
30
49
42
38
43
39
38
26
44
36
37
37
35
46
49
43
37
40
27
29
27
40
40
38
44
36
38
35
32
41
25
44
38
39
44
32
33
40
30
36
31
42
40
30
37
40
41
30
45
46
41
38
28
42
35
26
44
39
28
30
41
34
37
43
37
28
38
33
33
28
48
39
50
37
39
39
33
45
25
31
35
32
37
34
44
27
32
33
33
41
30
38
37
30
39
41
26
33
29
35
47
34
35
29
32
41
33
31
40
38
27
49
26
46
40
39
42
37
37
30
44
34
38
30
37
36
32
37
39
39
32
36
38
33
31
24
40
41
35
29
32
34
37
29
34
39
39
26
39
27
43
32
39
33
33
36
35
31
36
35
38
29
41
45
43
35
33
34
29
36
39
34
35
43
34
30
41
24
43
44
41
37
40
39
25
32
33
28
36
41
32
32
43
40
40
35
25
36
35
40
43
28
35
32
36
31
36
25
31
34
38
37
30
41
43
28
43
45
48
26
31
31
30
37
34
40
29
42
34
38
31
22
35
39
36
16
42
46
40
27
32
33
37
42
26
29
41
33
27
35
33
34
40
32
41
36
35
34
30
27
39
36
20
27
26
36
21
26
35
27
38
32
27
19
29
26
37
32
35
37
27
34
41
36
30
34
35
39
39
28
36
32
42
36
32
29
36
32
36
34
44
29
32
39
33
29
36
33
41
38
35
31
28
34
33
44
39
36
34
25
33
36
34
38
36
39
29
36
34
36
22
25
28
32
32
39
36
42
44
33
33
31
34
38
37
27
28
37
28
39
37
37
42
32
34
31
37
34
40
47
37
41
42
28
25
45
49
25
33
28
43
46
42
37
31
35
38
35
35
54
40
36
28
32
36
39
41
33
49
31
42
32
46
30
35
30
35
32
23
39
30
34
42
33
52
37
37
34
26
41
36
43
31
34
39
46
50
51
43
46
37
29
27
40
23
47
63
42
50
44
46
45
39
40
49
61
54
54
50
59
39
48
40
54
55
42
48
40
45
47
54
58
56
47
66
61
48
51
58
58
39
48
38
53
57
47
49
57
43
57
42
56
53
46
54
49
42
41
45
56
55
38
48
44
46
46
47
49
48
41
54
42
37
37
43
26
35
52
29
29
25
29
32
37
30
25
26
26
26
23
26
19
26
27
23
19
14
30
22
19
20
16
15
11
14
15
12
17
25
21
14
11
11
8
19
19
24
18
25
12
16
19
14
19
14
21
10
11
17
14
8
12
19
11
18
14
13
12
13
13
17
10
8
15
14
7
11
15
14
13
9
16
15
15
12
17
12
20
15
9
11
14
14
15
13
16
21
14
12
16
15
14
21
14
11
15
20
14
15
14
15
11
13
18
16
15
17
15
15
22
27
19
17
10
13
19
8
17
13
11
14
12
23
17
17
16
19
15
19
15
15
19
22
17
18
17
12
18
16
12
14
18
10
18
16
15
15
16
12
20
14
19
15
20
22
14
14
13
13
22
10
19
18
22
11
16
18
11
12
12
11
11
27
19
22
8
7
13
13
16
20
11
13
16
17
14
21
13
22
16
19
16
17
16
17
14
14
21
21
19
20
10
19
13
21
9
18
14
22
18
14
19
18
19
16
21
21
16
20
18
10
23
20
13
12
12
13
11
23
13
14
20
24
15
11
21
14
34
22
24
16
17
16
18
17
16
25
11
19
21
16
13
14
14
20
17
18
23
23
17
16
19
16
14
19
21
17
28
24
18
15
20
19
21
15
22
9
13
11
13
18
17
18
18
11
15
11
17
11
11
16
9
12
12
15
13
8
16
20
12
10
15
16
4
15
12
9
14
12
13
9
5
8
7
6
14
7
9
9
10
11
7
8
6
13
9
7
8
10
10
11
9
8
8
12
13
7
11
9
5
10
6
8
5
11
9
9
6
12
10
7
7
6
10
11
6
14
4
10
13
10
5
9
7
4
13
9
11
5
7
3
9
5
7
3
9
8
6
11
7
7
8
11
5
10
9
10
5
9
8
8
11
5
6
10
4
7
8
4
12
9
6
6
9
9
10
12
7
13
9
7
11
13
5
10
10
8
12
10
10
6
13
8
10
8
7
13
7
8
10
10
7
7
11
15
12
6
12
8
8
9
8
6
5
5
7
12
13
5
12
6
8
14
7
9
5
6
11
5
11
7
8
7
9
11
11
7
4
13
14
12
10
7
14
10
7
11
9
4
12
9
6
5
6
7
7
9
5
8
7
7
4
4
9
8
7
9
6
4
11
13
10
5
7
9
8
5
6
9
7
11
10
13
10
12
7
15
4
9
10
14
12
12
13
11
6
11
6
10
4
7
9
8
12
13
10
7
8
15
11
0
5
7
7
7
11
16
14
7
12
9
12
14
9
8
6
16
9
10
9
17
11
9
12
9
6
12
7
11
13
9
13
14
8
11
11
9
11
8
10
11
11
8
10
9
8
6
6
12
8
12
10
8
3
9
10
6
11
10
10
8
6
18
5
4
6
16
7
5
14
14
10
8
10
7
6
9
10
6
7
6
7
4
9
7
11
9
9
4
10
6
9
14
5
6
4
9
6
7
6
6
6
5
6
7
8
4
6
10
10
4
5
2
7
4
10
5
4
3
8
3
4
2
4
6
9
11
7
5
5
11
6
8
7
8
4
3
10
10
10
5
8
5
8
5
8
10
4
3
11
7
5
6
12
12
9
13
7
11
4
2
6
9
7
13
7
3
4
4
11
7
13
2
6
10
6
8
2
10
5
5
7
7
9
8
6
9
9
9
5
6
7
6
3
8
16
13
11
12
7
11
7
9
11
5
8
7
5
7
8
13
16
3
13
5
5
7
5
8
12
5
12
6
6
8
5
14
5
6
11
1
9
7
4
7
6
9
7
8
9
8
10
6
6
5
8
3
3
11
12
4
5
3
9
10
4
5
3
5
4
9
7
7
7
5
3
8
3
6
11
9
5
11
10
13
10
10
7
13
5
6
6
6
8
10
7
10
8
10
9
9
8
7
8
6
10
5
4
9
12
4
9
5
8
5
8
10
9
6
13
9
9
9
9
7
13
4
9
9
12
6
8
11
7
10
10
5
9
7
8
12
9
8
10
8
8
5
7
6
8
6
7
9
8
9
6
5
8
2
7
8
16
6
2
6
5
15
9
11
5
7
9
4
2
8
3
7
6
8
2
7
4
8
6
9
13
8
8
7
3
2
7
14
4
9
5
9
6
5
6
8
10
8
4
5
5
5
8
7
7
5
11
6
5
7
6
8
6
12
10
5
4
8
6
4
6
7
10
8
10
10
5
14
8
7
8
6
7
5
1
10
5
7
6
6
7
7
8
10
6
8
6
4
8
14
16
11
9
11
7
7
4
9
7
5
6
5
4
8
2
10
7
8
3
3
6
4
9
8
2
7
7
4
2
7
9
10
13
4
6
7
13
8
10
6
8
9
4
6
5
2
5
8
7
8
7
5
8
6
8
3
4
9
10
7
5
10
5
4
6
4
6
5
3
5
7
7
7
5
5
5
2
9
4
6
4
4
6
5
6
9
3
5
9
6
6
5
4
6
6
4
3
6
3
11
8
5
3
6
6
4
3
6
3
7
6
9
4
8
5
8
6
3
9
6
3
6
9
6
4
12
5
6
3
5
7
6
5
3
2
8
4
8
8
7
3
4
4
7
6
3
6
6
8
9
8
2
7
3
1
3
7
9
8
1
2
5
4
6
3
10
5
5
6
7
4
12
3
4
4
7
7
6
3
5
3
7
2
3
4
3
5
4
3
4
9
4
4
3
12
8
7
9
10
4
5
4
11
8
4
5
7
8
6
8
3
5
7
6
1
11
10
2
6
1
5
6
8
6
10
11
7
8
7
2
6
6
6
10
3
6
8
8
4
3
4
6
5
7
5
3
9
8
10
4
5
6
9
6
6
3
10
7
4
8
10
4
8
3
10
6
3
1
6
5
4
5
3
12
7
3
8
5
5
3
9
7
4
3
9
7
4
4
8
7
2
2
8
7
4
7
6
5
6
8
8
4
4
6
6
4
8
4
6
5
7
8
4
11
2
4
3
8
3
7
9
2
5
5
5
5
5
7
2
4
4
10
8
5
7
9
6
9
3
5
5
2
8
5
5
7
9
10
3
9
11
4
2
8
9
5
3
3
8
5
5
3
7
4
8
3
11
4
9
7
3
4
10
2
8
6
4
6
9
3
4
3
8
9
5
9
5
6
5
8
6
5
1
6
4
6
5
3
5
6
8
3
2
5
5
4
3
4
7
4
6
4
8
5
9
5
5
4
4
4
4
1
6
7
4
6
3
8
4
4
6
5
9
11
4
8
2
11
5
1
6
3
6
5
6
6
4
9
2
5
5
11
2
3
5
3
6
4
7
11
4
5
5
5
8
4
6
1
2
4
9
3
3
7
4
1
3
11
3
5
5
7
3
9
5
5
4
8
7
2
5
6
6
2
1
7
3
4
3
7
5
5
4
5
4
3
5
4
2
3
6
10
5
4
7
4
3
7
5
5
4
3
9
1
4
5
7
6
5
7
4
4
7
6
7
8
8
5
9
3
10
6
6
1
5
3
5
5
4
8
5
4
1
8
6
10
3
6
3
5
1
8
4
2
6
5
7
3
3
6
5
10
3
5
5
5
1
3
7
5
8
6
6
5
4
3
4
3
6
3
4
4
3
5
4
8
4
5
6
3
8
6
0
3
5
7
7
4
10
2
7
5
8
6
7
2
9
4
7
6
2
6
6
4
8
1
3
6
6
8
6
6
8
4
9
5
6
2
5
3
2
7
6
3
3
9
9
3
3
8
5
7
3
4
3
6
5
4
2
5
3
7
8
4
3
4
5
7
4
1
4
4
3
8
1
10
2
3
4
5
6
5
3
4
3
7
1
6
5
6
8
7
3
7
4
4
5
4
3
8
5
4
7
0
7
2
7
10
9
5
0
4
4
5
4
5
8
4
4
5
3
5
3
4
2
8
3
5
8
2
6
5
5
2
3
4
2
6
5
4
3
8
8
2
6
2
5
9
4
5
2
4
3
6
3
6
5
4
5
4
5
2
7
5
4
3
6
4
3
7
5
3
8
4
5
5
5
6
3
5
3
4
4
3
3
7
7
4
4
6
2
7
1
5
3
2
8
2
3
6
7
5
3
2
5
2
3
2
1
5
2
6
8
10
3
7
3
2
7
5
6
7
4
5
3
8
4
4
6
5
3
3
4
5
2
1
5
4
2
5
5
4
2
3
4
9
6
6
6
6
2
2
3
3
2
3
3
5
4
5
3
5
1
5
0
5
1
3
4
4
5
4
6
6
4
8
4
4
7
4
5
4
1
5
6
6
3
4
6
2
3
3
7
5
2
8
4
3
6
3
3
6
4
2
3
5
7
5
6
3
3
4
5
8
4
9
5
5
5
5
4
4
5
1
5
3
7
3
2
6
7
4
5
2
10
9
3
2
7
7
5
4
4
8
8
3
7
6
9
4
3
5
4
3
3
2
1
5
2
3
5
4
3
9
9
6
7
7
3
4
8
1
9
1
1
7
3
4
7
4
2
5
4
4
5
4
5
3
6
5
7
2
7
7
7
9
4
7
4
4
5
2
5
6
5
4
4
12
5
3
6
2
5
5
6
4
4
5
7
7
5
8
5
6
15
3
4
8
3
7
8
10
8
1
7
7
8
9
10
9
2
6
11
11
5
4
8
10
8
9
6
12
3
13
8
4
10
13
10
8
9
7
8
14
4
13
9
9
6
7
14
5
9
7
9
8
7
11
7
10
10
7
6
6
7
9
8
9
8
9
4
7
6
6
9
3
10
4
3
7
3
8
2
3
4
4
8
5
5
7
1
10
5
8
3
8
6
4
7
5
4
4
3
1
7
4
6
3
6
5
5
4
5
7
6
5
5
1
6
3
6
3
3
4
4
2
1
3
5
5
5
6
3
3
3
4
6
3
0
6
6
8
4
7
2
5
7
6
0
4
7
2
3
3
4
4
4
8
1
3
3
5
7
6
2
5
3
5
6
5
1
6
2
4
2
4
3
2
4
5
4
5
4
6
5
6
2
5
2
1
4
9
4
3
2
3
2
5
4
6
2
4
3
4
7
6
3
7
6
3
3
6
4
6
3
7
5
5
3
4
7
5
2
1
3
1
8
2
0
3
4
6
6
5
3
4
5
5
1
2
4
8
1
4
6
2
2
5
6
4
4
4
5
7
7
3
7
6
6
7
3
4
3
5
7
9
4
5
5
9
1
4
4
4
3
11
1
6
3
6
4
6
2
8
6
3
2
5
6
5
6
9
6
5
10
5
5
3
6
1
5
4
9
1
4
2
3
1
6
5
6
9
3
6
3
14
4
6
11
7
4
1
4
1
4
3
5
4
4
8
3
2
3
4
2
2
6
2
3
5
5
0
6
1
0
1
6
8
3
6
4
3
2
2
6
5
4
6
3
3
2
7
8
3
0
4
2
2
5
6
5
1
3
4
9
2
3
4
3
1
5
2
4
3
2
6
7
6
5
7
4
3
5
4
1
4
4
4
5
2
3
2
6
4
4
3
5
4
4
5
4
3
2
2
4
2
4
3
2
2
6
5
10
1
2
4
5
4
4
5
3
1
1
3
3
7
4
3
4
7
3
4
2
4
2
4
6
6
1
5
0
3
5
4
3
6
2
3
4
4
2
3
5
3
2
2
2
7
4
4
7
4
2
4
3
8
3
3
2
4
1
3
3
4
1
4
2
4
4
5
2
3
4
3
3
1
1
5
4
4
2
4
4
4
5
3
3
1
2
2
5
4
3
2
4
1
8
6
4
3
3
3
3
5
1
5
2
2
1
3
2
3
6
7
1
5
6
4
5
5
3
3
8
2
1
7
4
4
6
4
6
2
6
5
1
7
5
1
4
6
5
2
4
5
6
6
3
4
9
4
2
2
4
4
4
2
4
4
7
4
6
7
3
6
4
3
5
3
9
10
7
4
4
6
7
4
2
6
5
8
5
5
3
4
8
8
4
4
5
12
3
5
8
7
10
7
5
5
6
7
8
4
8
4
4
7
3
7
14
3
7
5
9
4
7
6
7
10
7
6
8
7
5
4
4
10
5
9
4
5
4
5
8
5
7
8
10
11
6
7
7
2
10
6
5
2
5
2
5
8
8
7
2
6
6
5
4
5
4
5
8
3
7
7
4
3
5
3
0
5
3
7
8
2
4
2
3
2
5
1
2
4
6
3
3
5
4
3
2
3
1
1
2
7
4
4
5
4
2
3
2
2
4
3
3
1
4
5
5
2
2
2
5
1
4
5
7
2
2
5
7
4
3
4
4
4
1
7
2
1
7
2
3
4
2
3
1
2
1
6
5
4
4
2
5
6
0
4
1
2
4
2
3
3
5
3
2
3
2
2
2
3
6
3
5
5
1
7
8
5
4
3
2
1
2
1
4
2
5
6
4
3
5
3
1
2
4
3
4
4
2
6
4
2
4
5
5
3
5
2
1
5
2
5
5
0
2
6
2
2
7
4
4
2
2
1
4
4
3
2
3
4
2
4
7
7
6
2
1
2
2
2
5
5
1
4
4
1
7
6
2
3
4
3
2
1
3
4
4
4
3
0
4
4
3
4
7
3
4
3
4
1
6
2
0
5
4
3
4
3
5
3
3
2
4
2
6
3
2
1
4
2
4
3
0
7
1
2
3
1
3
1
3
1
3
4
4
2
2
4
3
3
2
2
4
8
3
4
3
3
5
3
5
2
3
3
2
1
5
6
2
4
1
6
4
5
2
3
1
3
0
5
2
0
5
1
6
4
1
3
8
6
9
5
3
2
3
4
1
1
3
3
3
5
4
7
1
4
1
4
2
6
7
6
2
2
5
3
3
6
1
2
2
4
2
1
1
3
5
1
4
0
2
6
8
2
3
7
2
5
1
1
8
4
4
3
2
5
3
1
3
4
5
2
5
2
1
4
6
4
5
2
4
4
4
1
1
3
3
2
4
3
6
1
5
2
5
4
2
1
5
2
2
4
2
1
2
2
2
2
3
1
6
3
2
4
1
1
3
4
4
2
4
2
5
3
0
1
5
5
3
4
2
2
7
9
6
2
4
0
0
3
2
3
4
3
1
4
2
7
6
4
0
2
6
5
1
1
3
6
1
4
2
1
0
3
6
4
2
1
2
5
0
3
4
5
5
3
1
2
1
2
2
2
3
4
1
3
7
4
1
6
4
2
1
7
2
3
1
2
4
2
3
4
8
4
4
3
0
3
2
1
0
3
2
5
4
2
3
2
4
1
4
2
4
2
3
1
3
4
3
3
2
4
2
1
2
1
1
2
2
4
6
3
2
3
2
0
2
3
2
6
3
0
0
1
3
1
2
1
1
2
1
5
5
3
3
2
8
1
4
0
5
2
4
5
1
0
1
2
0
4
3
2
0
0
1
4
3
3
3
4
3
4
2
3
4
1
4
3
7
4
4
2
3
3
1
7
5
4
3
5
1
9
3
2
3
3
6
3
3
7
2
2
1
1
2
2
1
1
2
4
4
6
4
1
2
3
4
4
4
3
4
1
1
6
4
5
2
4
3
3
4
1
5
1
3
4
6
1
1
5
2
1
2
3
3
3
4
3
3
1
0
5
1
2
1
3
4
3
1
4
1
4
5
2
3
3
3
5
4
5
2
1
2
4
4
1
2
2
3
2
1
6
7
5
3
1
6
4
5
4
3
4
5
4
6
4
3
3
3
0
1
4
3
1
2
1
5
1
4
2
6
5
5
7
2
3
2
3
2
2
4
1
3
2
2
2
1
2
4
2
5
4
1
3
6
4
0
2
5
1
1
4
1
4
2
3
3
4
3
2
1
3
4
1
3
3
5
3
2
1
2
3
4
5
0
2
3
2
5
3
1
0
4
6
5
3
7
4
3
3
1
3
3
2
5
1
3
4
3
3
4
1
3
3
5
3
3
3
5
2
2
3
5
1
3
2
2
5
3
4
5
2
2
4
3
4
3
4
3
4
1
3
3
5
2
1
3
2
5
3
4
3
1
2
3
4
2
2
2
3
0
3
6
4
2
6
3
1
2
3
1
6
3
5
2
2
2
3
1
4
2
5
0
2
3
2
2
5
3
4
4
0
1
1
2
3
3
2
2
4
3
5
1
4
6
2
4
2
6
2
4
7
2
3
7
2
2
3
7
2
1
5
0
3
2
3
4
1
3
0
1
1
1
1
2
4
2
4
3
2
2
2
2
6
3
2
3
1
2
7
4
3
8
2
2
3
5
5
2
2
2
5
5
2
1
4
4
5
1
5
4
4
3
4
2
7
5
4
5
2
3
1
6
6
6
2
5
0
2
2
1
4
3
1
2
2
3
4
3
5
3
3
4
1
3
4
4
7
2
3
4
1
3
2
6
2
4
3
3
4
3
4
2
5
0
1
2
2
0
5
4
4
5
2
1
4
3
4
2
2
2
2
3
2
1
5
1
2
5
4
3
3
7
4
3
1
3
1
3
2
5
3
2
3
4
4
1
1
4
4
3
3
5
2
3
3
1
5
5
1
4
2
2
1
0
2
4
4
3
5
3
3
1
3
2
2
0
0
3
3
5
8
1
3
1
3
5
0
1
4
3
6
4
2
5
4
3
2
3
5
6
3
3
2
2
4
2
6
5
4
4
2
1
2
2
2
2
3
1
3
3
2
0
5
3
2
2
6
2
2
2
1
1
1
2
3
1
2
3
4
3
5
0
2
0
5
2
6
3
2
2
3
4
3
3
4
4
1
4
3
3
4
2
1
1
1
2
4
1
2
2
4
4
3
3
1
5
2
5
1
3
2
4
3
4
1
3
1
0
4
4
0
0
4
2
5
3
3
1
4
3
1
2
3
3
2
1
4
3
2
1
3
3
7
6
5
2
5
2
4
4
0
0
1
1
3
3
2
5
3
1
1
1
4
6
1
3
5
3
3
1
1
3
3
1
1
2
2
6
0
2
4
1
3
2
2
4
4
2
1
2
0
2
3
3
4
3
5
1
2
0
1
1
1
2
3
5
2
1
3
1
5
5
4
1
1
3
0
0
1
4
2
4
3
4
0
3
1
1
1
0
6
3
3
1
5
4
1
4
3
0
0
3
4
1
1
3
1
4
2
1
0
2
5
0
4
3
0
2
3
1
3
3
2
2
2
7
2
3
1
6
2
3
4
3
0
2
4
1
1
6
1
3
1
3
4
2
4
3
2
0
1
1
5
7
6
0
1
4
2
2
0
3
4
4
3
0
1
2
2
3
2
4
0
7
3
2
1
3
2
0
2
2
4
3
1
3
6
2
4
2
2
1
4
1
2
1
2
3
7
4
4
3
4
5
4
3
2
1
0
4
1
4
1
0
3
0
1
1
2
4
3
3
2
1
0
5
4
2
6
3
0
2
5
3
2
2
4
3
2
4
5
2
1
2
4
1
1
7
0
2
2
1
1
2
0
4
4
5
2
1
3
4
4
3
2
1
2
1
2
3
4
3
3
4
2
1
2
6
4
2
6
8
2
4
5
4
4
3
1
2
3
6
6
4
2
5
6
4
3
3
6
5
5
5
5
0
4
1
8
3
6
5
8
7
9
7
2
9
6
4
8
4
6
3
8
4
7
10
8
4
5
2
7
3
6
10
5
3
4
4
7
1
3
4
4
2
5
5
5
2
7
4
3
5
4
8
5
3
7
5
1
3
3
2
2
0
2
5
1
1
1
3
4
6
5
6
6
7
5
7
3
3
4
1
1
3
3
3
2
7
4
3
3
4
4
3
5
2
3
2
4
3
2
1
2
0
3
3
6
1
1
3
2
4
5
4
3
4
1
2
3
2
2
3
0
4
1
1
4
3
2
2
1
8
2
3
3
3
1
2
3
2
1
1
2
5
3
3
2
2
1
1
3
2
6
1
2
1
1
3
3
2
2
3
2
7
2
3
4
4
2
1
3
4
5
4
1
0
2
4
3
0
5
0
2
3
4
3
2
4
5
0
0
1
2
0
2
2
3
2
4
3
5
5
2
0
0
2
2
3
2
0
1
5
1
2
3
2
1
2
1
1
3
4
4
2
2
4
3
1
0
5
5
4
3
2
4
5
1
4
3
2
5
2
6
2
1
2
2
1
4
3
2
1
2
5
5
3
3
2
3
4
2
2
2
4
2
3
2
1
1
3
3
2
0
3
2
3
1
2
2
4
4
6
1
2
4
5
4
3
1
1
2
1
3
3
1
3
1
5
3
4
2
2
4
4
2
5
5
1
1
2
1
2
3
0
1
2
1
3
0
1
2
2
2
5
3
2
1
2
0
2
2
3
1
1
2
2
1
2
5
4
4
3
5
2
3
2
2
2
0
1
4
1
1
4
3
2
4
1
1
1
2
1
3
2
2
1
2
2
2
1
3
3
1
2
5
2
5
1
2
2
4
1
0
1
3
0
5
3
4
2
2
4
0
4
1
5
5
0
1
4
2
8
1
5
5
2
1
2
5
4
0
2
3
2
2
3
3
5
3
5
5
3
2
1
3
5
1
2
2
1
3
2
1
3
1
2
4
2
6
0
4
4
1
3
2
3
2
2
3
3
3
3
1
1
1
1
1
1
2
2
2
2
2
5
4
2
1
2
3
1
2
1
3
1
4
3
4
3
5
0
1
1
3
6
4
1
5
4
3
2
2
3
3
1
1
4
5
2
1
0
2
3
4
1
3
7
2
3
0
4
0
3
3
1
3
1
1
4
4
2
2
2
3
3
2
0
2
6
0
7
2
1
1
3
1
2
0
3
3
3
3
1
1
4
3
5
3
3
1
4
3
3
1
2
5
1
3
1
3
1
3
5
3
5
4
1
1
1
3
1
3
2
1
2
3
5
4
1
0
4
1
3
2
4
3
4
7
2
3
4
4
3
2
1
3
2
4
3
3
4
3
2
4
0
3
2
0
5
3
1
1
4
4
5
6
5
2
5
1
2
5
1
3
3
1
4
3
2
4
1
3
4
2
3
2
1
1
3
4
2
1
2
3
3
1
3
2
1
4
6
2
4
1
4
2
3
2
3
2
3
4
1
1
1
5
2
0
2
2
2
5
5
1
4
5
1
3
1
0
0
4
4
2
3
3
2
1
3
1
2
3
1
2
0
3
2
4
2
2
2
1
3
2
4
3
1
0
4
1
3
3
2
2
1
1
2
1
6
1
6
4
1
4
3
6
3
3
3
5
3
3
5
1
3
1
3
1
2
3
7
3
4
2
2
1
4
3
1
1
5
2
0
1
4
1
2
1
4
3
3
5
1
5
2
2
2
1
1
3
2
4
3
2
3
2
0
4
2
2
3
3
5
3
1
0
1
4
2
2
2
4
0
2
2
3
3
2
1
6
2
2
3
1
1
2
7
2
1
2
6
1
2
1
0
2
2
3
2
2
0
6
3
5
5
2
3
1
5
3
1
4
3
5
5
2
2
0
4
3
1
5
2
3
0
2
5
3
3
1
1
1
5
4
1
2
5
2
4
2
2
6
2
1
4
3
5
4
1
1
4
6
2
2
4
1
1
2
1
5
1
2
1
3
4
2
3
2
0
8
2
2
3
5
1
1
4
3
3
3
6
3
5
2
2
5
3
1
2
7
1
5
2
5
3
3
1
7
2
3
3
2
1
5
4
5
3
5
4
3
1
2
5
5
3
4
2
1
2
3
4
3
1
4
2
1
8
4
1
3
3
1
2
1
2
2
1
1
1
9
6
3
2
1
4
4
4
0
0
1
3
1
3
4
5
2
1
1
3
2
4
3
1
0
2
3
3
5
4
1
4
3
2
3
1
4
4
1
3
0
2
0
4
2
2
0
4
3
2
1
0
4
0
4
0
2
2
1
1
2
3
2
2
2
2
2
3
5
3
4
5
2
1
2
3
1
4
2
1
1
1
5
3
0
2
4
2
3
5
5
2
1
2
2
4
3
2
4
3
3
0
2
2
1
1
6
2
2
2
2
4
2
2
6
1
4
2
2
2
3
2
3
4
5
4
1
0
1
1
2
2
1
1
2
3
2
0
1
6
3
4
1
0
3
2
0
2
1
6
2
4
1
4
2
4
1
5
2
2
1
5
3
3
2
4
6
2
4
2
1
2
3
1
4
6
3
5
5
0
1
4
5
3
4
5
4
3
3
1
3
7
3
0
6
2
2
1
2
4
0
2
3
3
1
6
5
1
4
3
3
1
2
3
1
2
2
5
2
1
6
3
1
3
0
5
3
1
1
4
4
2
2
6
2
1
5
1
6
4
4
3
2
6
3
4
4
5
4
1
1
3
3
7
1
3
2
5
1
4
2
0
2
2
4
2
3
5
6
3
4
3
3
3
2
2
1
3
5
1
5
6
6
2
1
3
1
2
4
3
2
4
2
3
5
2
0
2
5
2
2
3
3
1
3
3
3
3
2
4
0
5
3
4
7
1
3
6
3
2
4
1
1
6
3
1
2
1
4
3
4
3
1
1
1
6
1
2
3
2
5
3
1
1
4
3
3
2
3
1
2
2
2
2
1
1
2
2
2
0
1
3
5
1
4
3
6
0
1
4
5
2
2
3
1
3
0
0
2
1
3
0
2
2
1
2
2
2
4
3
0
1
1
3
1
1
2
1
2
1
0
1
4
2
3
0
3
2
3
1
0
0
4
0
3
2
1
4
3
2
3
1
0
3
1
3
6
3
2
0
4
0
1
1
3
0
1
2
3
1
0
1
2
3
1
3
3
1
5
1
1
3
1
3
3
1
1
1
1
2
1
0
3
0
3
2
1
1
1
3
2
4
2
3
1
2
3
2
1
0
1
2
1
2
0
3
3
1
0
0
2
2
2
3
0
1
7
1
4
2
1
1
1
3
3
2
0
4
1
2
1
3
0
0
3
2
2
0
2
1
2
1
3
3
0
0
3
2
0
4
3
5
5
4
4
3
1
0
0
1
1
3
4
0
1
2
1
3
3
2
0
1
1
3
3
2
1
2
3
2
1
0
0
2
2
2
4
0
5
1
4
2
3
2
1
1
3
1
3
1
1
0
1
4
1
4
2
5
1
0
1
1
0
5
2
4
2
1
3
0
1
3
2
2
3
3
5
4
3
1
0
0
2
1
1
2
1
1
2
3
2
2
5
2
1
3
1
3
1
3
1
2
2
0
2
0
0
2
1
2
1
1
1
5
0
1
1
2
2
1
0
0
2
4
7
4
1
1
2
1
2
1
0
0
3
2
0
0
0
2
1
1
2
2
0
1
0
2
1
3
2
2
3
0
2
1
1
2
1
2
3
4
3
6
5
2
1
1
4
1
3
1
0
1
1
1
2
5
1
0
0
0
2
0
2
1
3
2
2
2
4
1
4
1
0
1
0
0
2
0
2
5
2
1
1
2
2
5
2
0
3
1
0
2
2
1
1
0
1
0
2
2
2
1
1
0
1
4
5
4
3
1
4
0
1
3
2
2
0
4
1
1
1
1
4
3
1
1
1
4
2
3
0
2
2
1
0
3
1
0
1
1
1
0
1
1
1
1
0
0
0
1
1
4
2
1
3
0
3
2
0
0
0
2
1
0
0
1
3
1
0
0
4
3
1
0
1
1
2
1
1
3
0
3
2
2
3
4
0
1
1
0
1
1
1
3
2
2
1
1
2
0
2
1
0
2
3
1
0
1
0
3
2
1
3
1
4
1
3
1
1
3
0
1
1
0
0
0
3
1
1
1
1
2
0
1
0
1
2
2
2
0
4
1
0
1
0
0
2
2
4
3
1
1
3
2
1
0
3
1
0
2
0
1
3
3
0
2
1
3
0
2
4
2
2
1
2
1
4
2
0
0
3
2
0
4
2
2
0
3
1
5
3
2
2
2
2
0
3
2
0
1
1
6
0
2
2
1
0
0
1
2
1
1
1
5
0
0
0
3
1
0
0
1
1
3
0
0
1
1
1
0
0
0
0
2
1
4
1
1
1
0
0
0
0
2
0
2
2
2
1
1
1
2
2
2
1
2
1
3
1
3
1
2
1
2
1
1
3
1
0
0
1
0
0
1
2
2
1
0
2
1
3
1
2
0
1
6
1
2
4
0
1
0
2
0
0
2
1
0
3
0
3
0
0
2
1
0
1
2
3
1
0
0
1
0
0
3
4
1
2
2
0
0
2
2
1
2
3
1
2
3
1
3
2
0
4
0
1
0
1
3
2
2
1
1
0
1
1
2
2
1
2
1
2
2
0
1
1
1
0
2
2
2
0
0
0
0
5
0
3
0
2
1
2
1
1
0
0
0
2
1
2
1
2
3
1
3
0
2
3
2
2
0
3
1
1
0
2
0
2
1
0
0
1
2
0
2
0
0
1
3
1
0
1
2
0
2
0
1
1
1
3
1
2
1
0
1
1
0
0
2
0
1
1
0
1
0
1
0
4
0
0
2
1
0
1
1
0
1
6
1
1
2
1
0
1
1
0
1
1
3
1
1
0
2
0
0
2
1
1
0
1
2
0
2
0
0
0
1
0
1
1
1
1
0
1
1
0
2
5
0
0
1
3
2
0
0
0
1
0
0
0
1
0
4
1
2
4
3
1
1
0
6
3
1
0
2
0
1
0
1
0
2
1
3
1
4
1
1
0
0
3
0
1
2
0
0
1
1
1
0
1
0
1
0
2
1
3
1
3
1
1
4
0
2
3
1
2
1
0
0
2
0
3
0
1
2
1
2
2
0
1
0
2
0
1
3
1
0
1
0
1
1
0
1
2
2
3
0
1
1
2
1
0
2
0
1
0
0
1
1
0
1
0
0
2
0
0
0
4
0
2
1
3
1
0
2
1
1
0
2
0
1
0
0
0
2
0
2
1
2
2
1
0
1
0
2
0
3
0
1
2
0
1
0
0
0
1
2
0
1
0
0
1
3
1
0
1
0
0
2
1
1
0
0
0
2
0
1
2
1
0
3
0
2
1
0
1
1
0
1
0
1
0
0
1
2
2
3
3
2
1
2
0
2
1
2
0
4
1
4
2
1
0
0
1
1
0
0
2
3
0
0
1
0
1
1
1
2
0
0
2
0
0
1
0
3
1
0
0
1
1
0
1
3
0
0
1
0
0
0
3
0
0
1
1
2
2
0
0
3
1
1
1
1
2
3
1
1
1
1
0
0
0
1
0
2
1
0
2
1
2
0
2
0
2
2
1
0
1
2
5
1
1
2
0
0
0
1
1
1
1
1
1
2
1
1
0
1
0
1
1
0
1
0
0
0
0
0
0
1
0
0
1
1
0
1
0
0
3
1
0
0
1
0
2
0
2
2
0
0
0
0
1
1
1
2
3
1
1
1
0
0
3
1
1
2
2
0
2
0
0
1
0
4
3
0
0
0
0
0
2
3
2
2
1
1
1
1
1
1
1
1
1
2
2
1
1
0
2
1
1
0
2
1
0
1
2
0
1
1
1
1
1
1
1
2
1
2
1
1
2
1
1
0
0
2
0
2
0
4
1
2
0
3
0
0
1
1
1
3
1
2
0
1
2
2
1
0
1
2
1
1
0
1
2
0
0
1
0
0
1
0
0
1
0
0
2
0
1
0
2
1
2
1
4
1
1
0
2
2
1
1
1
1
2
1
4
0
5
2
2
2
1
0
3
2
0
2
0
1
2
0
5
2
1
1
1
1
2
1
0
1
1
1
0
1
2
1
1
1
0
0
1
0
2
0
1
2
0
1
2
0
0
1
0
0
2
1
0
0
3
0
1
0
1
2
3
1
2
2
1
2
0
0
0
2
1
0
1
1
1
1
0
0
3
1
5
0
0
0
1
1
3
2
1
1
1
2
0
2
1
2
2
0
0
1
0
0
1
0
2
3
0
1
2
2
1
0
1
3
2
0
0
1
2
1
2
0
1
0
1
0
1
2
0
0
1
0
0
1
1
1
1
0
1
1
1
0
1
1
0
2
2
0
1
0
0
1
0
0
0
0
1
0
2
0
0
0
1
3
3
1
3
0
1
1
2
0
0
0
0
1
1
1
1
0
0
2
1
0
1
0
1
0
1
1
0
0
1
1
1
1
1
1
1
1
0
2
1
1
0
1
0
0
0
3
1
1
0
0
1
0
0
2
1
1
2
0
0
2
2
0
0
1
0
0
1
0
1
1
1
0
0
0
1
1
1
1
2
1
0
0
1
2
2
1
0
0
2
0
1
0
1
0
1
3
1
1
2
2
1
0
0
2
0
2
1
4
1
1
0
0
1
1
2
0
2
0
1
0
3
1
2
0
0
0
4
0
1
0
0
1
0
1
0
0
0
1
1
2
2
1
1
2
2
0
0
0
1
1
0
0
0
1
1
4
2
0
3
0
2
1
2
3
2
3
1
1
1
1
1
0
4
0
1
1
1
1
0
3
1
0
2
1
0
0
1
1
0
0
1
0
0
0
0
0
0
0
0
1
0
1
2
0
1
3
1
0
1
2
1
1
1
2
0
0
1
1
0
0
1
1
0
0
0
1
0
0
0
2
1
1
0
2
0
1
2
0
0
0
0
0
2
0
0
1
1
4
0
0
0
0
0
0
1
0
0
0
1
0
1
0
1
1
0
0
3
1
0
2
0
1
0
1
0
0
1
1
1
1
0
1
2
0
0
2
1
4
1
1
0
4
0
0
1
3
1
1
0
0
0
0
0
0
0
0
2
0
1
0
1
2
0
0
0
0
1
0
0
1
1
0
0
1
0
1
0
2
1
0
0
0
0
1
0
0
0
0
1
1
3
0
0
0
2
0
1
2
0
0
0
0
0
0
0
1
0
1
2
1
0
1
1
2
1
2
1
1
0
1
1
0
0
1
1
0
3
0
1
1
1
1
1
1
1
2
0
1
2
1
0
0
1
1
0
2
0
1
0
1
1
0
0
0
0
0
2
2
0
2
0
0
2
4
0
0
0
0
0
1
1
0
0
0
0
0
0
3
2
1
0
0
0
0
1
0
0
1
1
1
0
1
1
0
0
0
0
2
0
0
0
0
0
2
0
0
0
1
1
2
0
0
0
0
4
1
1
0
0
1
0
0
0
1
0
2
0
1
0
0
0
0
2
2
0
1
1
0
0
3
1
2
1
0
1
1
2
0
0
0
0
0
2
0
3
0
2
2
1
2
1
1
1
1
0
1
1
1
0
0
0
0
4
0
1
0
0
0
1
1
0
0
1
1
0
2
0
1
1
1
3
0
1
3
1
2
0
1
0
0
2
2
1
1
0
1
0
1
1
0
0
0
0
1
0
1
1
2
1
2
1
1
2
2
1
1
0
0
3
0
1
3
1
1
0
0
3
2
1
1
0
1
2
3
1
0
1
2
1
2
1
2
1
1
2
2
0
0
3
0
3
1
1
1
1
3
3
0
1
4
1
1
1
1
1
0
1
4
0
0
2
3
2
0
0
2
2
1
1
3
2
1
0
3
2
2
6
5
2
1
0
2
2
1
2
1
5
2
4
2
3
1
1
4
7
1
3
3
2
4
5
3
3
6
3
3
10
5
8
7
8
7
7
13
11
11
11
7
7
10
6
7
9
16
4
8
13
10
12
12
13
9
7
11
14
21
11
17
11
10
14
13
9
13
15
11
18
7
13
12
9
10
12
14
14
12
15
8
11
8
12
7
9
7
9
15
6
10
12
9
4
8
8
8
13
10
11
9
6
6
4
5
6
11
7
8
7
5
5
4
4
1
7
5
7
5
3
2
4
2
5
4
1
4
3
6
3
2
1
1
6
4
0
1
4
3
3
2
2
2
2
1
1
1
0
4
1
0
2
4
2
4
1
1
1
0
0
2
1
3
1
2
1
0
1
2
3
1
4
2
0
0
0
0
1
0
1
1
0
2
0
0
1
1
0
0
0
1
1
1
5
0
0
1
2
1
0
0
0
2
2
0
0
1
0
1
0
1
1
3
1
0
0
1
0
1
0
0
0
0
1
0
1
0
2
0
0
0
0
1
0
0
0
0
3
0
1
1
0
0
0
2
1
0
0
1
1
0
0
0
0
0
1
0
1
2
0
1
1
0
0
0
1
1
1
0
1
1
0
1
1
0
0
2
1
0
0
0
0
1
1
1
0
1
0
0
1
0
1
0
1
1
0
1
0
0
0
1
1
0
0
1
2
1
1
1
1
0
0
0
0
0
1
1
1
0
0
1
0
0
1
1
0
0
0
0
2
0
0
0
0
0
0
0
1
1
1
0
0
0
1
1
1
2
0
0
0
0
0
0
0
0
0
0
1
0
0
0
0
0
0
1
1
1
0
1
0
1
1
0
0
0
0
0
0
0
0
1
1
0
2
0
2
0
1
1
0
0
1
0
1
1
2
1
1
0
0
0
0
1
0
0
0
0
0
1
0
0
1
1
1
0
0
0
1
0
3
1
0
1
0
0
0
0
0
1
0
1
0
0
1
0
1
1
1
0
0
1
1
0
2
0
0
1
0
0
0
0
0
0
0
1
1
0
1
0
0
0
1
0
1
0
1
0
0
1
0
0
0
1
1
0
0
0
0
0
0
1
0
1
1
0
0
0
0
0
0
1
0
0
0
0
0
1
0
1
0
0
0
1
0
0
0
0
0
0
0
1
0
0
1
0
1
0
1
0
0
2
0
0
0
0
1
2
0
0
3
1
1
1
0
0
0
0
1
0
0
0
0
0
0
1
2
1
1
0
1
2
1
0
0
1
0
3
1
1
1
1
2
1
2
2
1
1
0
0
1
0
0
0
1
0
0
1
1
1
0
3
0
0
1
1
2
0
0
0
0
1
1
0
0
2
0
0
1
1
2
0
0
0
1
2
0
0
0
0
0
1
0
0
0
0
0
0
1
1
1
1
0
1
2
0
1
1
0
0
1
0
2
3
0
1
2
0
0
0
0
1
1
1
0
0
0
0
0
0
0
0
1
1
1
0
1
0
1
0
0
2
0
0
1
1
0
1
0
0
1
0
2
2
0
0
1
1
2
0
1
1
0
1
3
0
0
1
0
0
0
1
0
1
0
2
0
0
0
0
0
0
0
2
0
1
0
0
1
0
0
0
0
0
1
0
1
2
0
1
1
0
0
2
0
0
0
0
0
0
1
2
1
0
1
1
1
0
0
2
1
1
1
0
0
0
0
1
0
0
0
0
0
1
0
0
0
0
1
0
0
1
1
0
0
0
0
0
1
0
0
1
0
0
0
2
1
0
0
2
0
0
2
0
0
0
0
0
0
0
0
0
1
1
2
0
0
1
1
1
0
0
0
0
2
0
0
0
0
1
0
2
1
1
0
3
0
0
0
2
0
0
0
0
0
0
0
1
0
2
0
0
0
1
0
1
0
0
0
0
1
0
0
1
1
1
0
0
0
0
0
0
2
0
0
1
0
1
0
0
1
2
1
1
0
0
1
0
0
0
0
0
0
1
0
0
0
0
0
0
1
0
1
0
1
0
1
0
1
1
0
1
0
0
0
0
3
0
0
0
0
0
0
0
0
0
1
1
1
0
1
0
1
0
0
1
0
1
0
0
0
1
0
0
0
0
0
0
0
0
2
1
0
0
0
1
0
0
0
2
1
0
1
1
0
0
0
0
0
1
0
1
0
1
0
2
0
0
0
0
0
0
1
0
0
0
0
0
0
1
1
0
0
1
1
0
0
0
2
0
0
0
2
1
0
0
0
0
2
1
0
0
0
0
0
2
0
1
0
0
0
1
0
0
0
0
0
0
0
0
0
0
0
0
0
0
0
0
1
2
2
0
1
0
1
2
2
0
0
0
0
0
0
1
0
0
0
0
1
0
0
0
0
0
0
0
0
0
0
0
0
0
0
0
0
0
0
0
0
0
0
0
0
0
0
0
0
0
0
0
0
0
0
0
0
0
0
0
0
0
0
0
0
0
0
0
0
0
0
0
0
0
0
0
0
0
0
0
0
0
0
0
0
0
0
0
0
0
0
0
0
0
0
0
0
0
0
0
0
0
0
0
0
0
0
0
0
0
0
0
0
0
0
0
0
0
0
0
0
0
0
0
0
0
0
0
0
0
0
0
0
0
0
0
0
0
0
0
0
0
0
0
0
0
0
0
0
0
0
0
0
0
0
0
0
0
0
0
0
0
0
0
0
0
0
0
0
0
0
0
0
0
0
0
0
0
0
0
0
0
0
0
0
0
0
0
0
0
0
0
0
0
0
0
0
0
0
0
0
0
0
0
0
0
0
0
0
0
0
0
0
0
0
0
0
0
0
0
0
0
0
0
0
0
0
0
0
0
0
0
0
0
0
0
0
0
0
0
0
0
0
0
0
0
0
0
0
0
0
0
0
0
0
0
0
0
0
0
0
0
0
0
0
0
0
0
0
0
0
0
0
0
0
0
