0
0
0
0
0
0
0
0
0
0
0
0
0
0
0
0
0
0
0
0
0
0
0
0
0
0
0
0
0
0
0
0
0
0
0
0
0
0
0
0
0
0
0
0
0
0
0
0
0
0
0
0
0
0
0
0
0
0
0
0
0
0
0
0
0
0
0
0
0
0
0
0
0
0
0
0
0
0
0
0
0
0
0
0
0
0
0
0
0
0
0
0
0
0
0
0
0
0
0
0
0
0
0
0
0
0
0
0
0
0
1
6
30
1182
8078
15028
14451
13295
12669
12395
12293
12269
12433
12505
12930
12676
13051
13233
13405
13331
13421
13619
13583
13607
13877
14010
13760
13865
13705
13769
13721
13628
13524
13666
13519
13658
13279
13431
13339
13289
13110
13115
13240
13073
13100
12894
12933
12926
13045
12846
12804
12994
12806
12938
12765
12769
12740
12900
12303
12746
12683
12450
12443
12326
12489
12344
12385
12282
12447
12337
12110
12311
12195
11955
12329
12085
11975
12193
12138
12063
12022
11983
11971
11861
12067
11967
11730
12017
11739
11600
11890
11646
11751
11861
11567
11540
11863
11683
11849
11486
11424
11623
11725
11500
11445
11447
11510
11385
11415
11437
11362
11120
11592
11269
11279
11132
11300
11376
11110
11104
11090
10989
11283
10945
10979
11148
11046
11034
11115
10941
10969
10880
10879
11035
10961
11048
10990
10897
10894
10989
11031
10864
10813
10922
10928
10726
10777
10820
10682
10805
10740
10717
10759
10626
10754
10646
10811
10653
10554
10659
10551
10396
10287
10112
10409
10504
10486
10346
10631
10351
10541
10384
10617
10534
10201
10291
10362
10312
10408
10331
10382
10372
10184
10410
10177
10262
10463
10268
10374
10214
10292
10236
10198
10471
10263
10064
10279
10138
10222
10098
10101
10136
10137
10015
10341
9898
9988
10091
10216
10095
10194
10107
10021
9856
10105
10008
9968
10065
9886
9963
9914
9719
10077
9852
9990
9783
10067
10048
9816
9786
9973
9892
9827
9754
9813
9799
9766
9745
9783
9822
9743
9643
9744
9828
9707
9682
9878
9774
9808
9789
9741
9693
9702
9631
9635
9703
9616
9611
9655
9431
9663
9699
9555
9687
9543
9624
9584
9745
9657
9570
9612
9622
9581
9511
9499
9417
9680
9395
9432
9461
9521
9555
9439
9463
9479
9600
9470
9602
9340
9484
9392
9290
9370
9501
9597
9437
9465
9442
9429
9433
9262
9395
9487
9371
9243
9363
9379
9359
9372
9497
9304
9271
9551
9260
9299
9058
9288
9205
9268
9291
9189
9148
9242
9109
9097
9346
9148
9447
9173
9287
9303
9151
9353
9258
9111
9124
9267
9157
8996
9098
9084
9042
9024
9315
9052
9055
9106
8909
9113
9032
9067
9179
9080
9222
9193
9132
8985
9026
9084
9113
8947
9114
8966
9115
8991
9012
9121
9074
8993
9004
8932
8903
8957
8839
9122
9033
8916
8886
8876
9058
8878
8929
9004
8751
8810
9099
8962
8765
8915
8821
8893
8976
8886
8754
9072
8865
8982
8940
8785
8907
8933
8855
8750
8785
8771
8864
8760
8835
8803
8864
8775
8784
8770
8847
8774
8823
8940
8694
8809
8738
8810
8713
8667
8830
8782
8781
8745
8738
8857
8676
8871
8736
8535
8879
8619
8594
8774
8564
8660
8669
8784
8615
8705
8810
8551
8493
8594
8677
8597
8700
8707
8588
8669
8627
8701
8583
8499
8613
8682
8594
8694
8445
8502
8529
8695
8444
8584
8703
8791
8592
8552
8560
8635
8616
8582
8499
8371
8688
8496
8493
8552
8395
8426
8349
8369
8441
8309
8416
8438
8538
8612
8537
8481
8572
8401
8349
8504
8412
8490
8506
8474
8474
8360
8427
8293
8437
8492
8399
8455
8351
8468
8370
8252
8542
8485
8332
8428
8291
8343
8414
8569
8404
8210
8483
8301
8309
8417
8303
8430
8202
8338
8364
8297
8226
8321
8498
8145
8288
8425
8342
8371
8465
8178
8332
8438
8281
8247
8459
8304
8355
8356
8310
8334
8233
8307
8328
8225
8201
8296
8311
8312
8338
8360
8257
8310
8313
8379
8219
8277
8259
8349
8238
8232
8245
8281
8308
8309
8265
8219
8314
8333
8323
8181
8099
8425
8268
8219
8246
8145
8135
8370
8345
8358
8415
8423
8265
8207
8353
8353
8389
8234
8357
8201
8171
8290
8163
8187
8215
8235
8164
8311
8073
8249
8322
8198
8149
8197
8164
8081
8249
8229
8194
8467
8250
8246
8248
8189
8092
8356
8333
8167
8316
8269
8299
8150
8230
8301
8134
8213
8281
8289
8415
8314
8222
8179
8364
8283
8222
8170
8339
8231
8481
8449
8291
8385
8280
8409
8370
8401
8478
8374
8234
8282
8421
8257
8493
8513
8460
8492
8464
8645
8366
8593
8454
8715
8705
8728
8802
8903
8949
8840
8966
8996
9226
9178
9101
9220
9265
9474
9473
9589
9721
9892
9736
9800
9751
10160
10075
10196
9948
10235
10272
10188
10643
10533
10541
10619
10740
10492
10685
10912
10939
10927
10723
11063
10946
11113
10855
11260
11071
11141
11218
11321
11210
11367
11327
11371
11416
11695
11516
11833
11649
11752
12062
12232
12322
12588
12914
13232
13525
13767
13833
13556
13568
13312
13059
12949
12945
12706
12527
12407
12014
12149
12110
11743
11789
11636
11480
11422
11236
11100
10837
10514
10343
10296
10280
9949
9764
9677
9577
9305
9438
9217
9068
9029
8737
8848
8771
8735
8599
8363
8428
8370
8357
8177
8269
7997
7975
8154
8126
8101
7923
7881
7858
7873
7973
7887
7909
8170
8025
7825
8038
7836
7796
7986
7917
8002
7978
8025
7852
7849
7851
7879
7727
7882
7845
7820
7872
7883
8113
8015
8037
8032
8002
7828
7876
8076
8062
8014
8239
8076
8013
8084
8112
8005
8104
8090
8066
8037
8231
7901
7956
8035
8113
7909
8046
8110
8075
8051
8125
8073
8142
8027
8241
8237
8132
8172
8248
8103
8252
8200
8114
8310
8102
8131
8308
8218
8171
8194
8312
8230
8336
8392
8249
8213
8438
8407
8356
8247
8297
8444
8378
8431
8343
8389
8232
8379
8470
8367
8356
8346
8411
8613
8344
8431
8493
8533
8439
8497
8725
8524
8449
8612
8441
8386
8569
8576
8593
8674
8735
8657
8658
8671
8439
8527
8647
8579
8742
8575
8680
8724
8758
8709
8737
8615
8652
8640
8692
8719
8816
8832
8804
8792
8778
8778
8629
8902
8920
8928
8916
9059
8907
8778
8962
8722
8827
8786
8865
8865
8897
9070
8938
8966
9082
8922
9006
8957
8985
8877
9117
9035
9222
8919
9068
8982
9052
8966
9023
9354
9219
8870
8965
9094
9173
9144
9210
9159
9209
9076
9218
9328
9342
9090
9100
9062
9275
9250
9159
9121
9391
9238
9242
9366
9473
9486
9380
9422
9208
9345
9381
9382
9423
9288
9272
9492
9347
9439
9508
9457
9355
9430
9362
9546
9603
9487
9540
9499
9467
9446
9464
9373
9474
9647
9437
9494
9459
9523
9625
9401
9690
9646
9465
9700
9645
9397
9598
9554
9703
9667
9836
9692
9573
9640
9622
9692
9666
9586
9757
9847
9779
9707
9749
9719
9773
9748
9717
9726
9756
9618
9906
9934
9745
9851
9902
9816
9688
9869
9888
9703
9941
9902
9893
9830
9864
10029
9878
10087
9880
9802
10105
9934
10001
9925
9876
10045
9887
10054
10069
10079
9886
10176
9958
9803
9976
9951
10173
9912
10089
10099
10119
9867
10153
10006
10010
10136
10026
10159
10012
10131
10201
10143
10057
10063
10196
10129
10168
10119
10139
10165
10265
10194
10309
10219
10202
10238
10403
10177
10482
10246
10347
10122
10414
10161
10192
10509
10297
10274
10370
10334
10424
10432
10413
10073
10340
10376
10514
10308
10278
10322
10239
10434
10268
10592
10411
10285
10456
10450
10579
10366
10627
10443
10319
10443
10285
10265
10814
10612
10525
10516
10449
10496
10442
10609
10612
10574
10550
10479
10681
10574
10555
10633
10513
10491
10533
10610
10650
10486
10513
10599
10362
10639
10715
10816
10655
10535
10699
10985
10765
10720
10844
10762
10674
10812
10824
10767
10674
10671
10637
10778
10670
10868
10889
10876
10759
10574
10979
10691
10842
10814
10883
10910
10846
10978
11042
10815
11166
10921
10896
10867
10764
10918
11143
10973
11005
11027
10981
10983
11003
10925
10923
10887
11210
10955
10924
11186
11187
10961
11014
10980
11004
11205
11172
11157
11158
11298
11109
11325
10789
11174
11147
11329
11227
11175
11437
11207
11248
11235
11187
11379
11401
11158
11471
11172
11395
11346
11345
11379
11414
11441
11466
11521
11458
11411
11456
11464
11306
11228
11297
11542
11563
11436
11583
11463
11391
11590
11515
11439
11534
11546
11615
11613
11607
11785
11512
11625
11657
11846
11777
11563
11679
11657
11872
11564
11802
11964
11882
11802
11926
11843
11879
11889
11825
11764
11822
11782
11966
11970
12138
11779
12079
11749
12035
11908
11960
12022
12187
11947
11993
11981
12113
12108
11818
12124
11980
12146
12155
11951
12027
12158
12061
12200
12201
12338
12079
12139
12360
12161
12247
12375
12127
12178
12492
12305
12224
12120
12183
12260
12365
12291
12347
12484
12343
12276
12479
12277
12362
12380
12467
12452
12503
12368
12652
12367
12466
12350
12584
12447
12218
12535
12371
12422
12501
12601
12735
12521
12425
12678
12548
12657
12691
12451
12581
12654
12649
12713
12700
12695
12579
12781
12560
12652
12751
12636
12739
12768
12607
12790
12918
12846
12732
12680
12815
12793
12806
12927
13005
12867
12943
12915
12831
13010
13150
13049
12993
13012
12862
13340
13168
12940
13029
13186
13288
13211
13300
13430
13413
13494
13245
13223
13096
13375
13305
13302
13256
13425
13390
13344
13527
13307
13665
13579
13405
13364
13572
13663
13653
13472
13460
13541
13809
13541
13531
13675
13677
13523
13873
13569
13631
13652
13676
13659
13665
13814
13700
13781
13772
13779
13856
13810
13825
13944
13983
13716
13738
13903
13839
13853
13702
13887
13931
13806
14019
13651
13753
14013
13783
13989
13907
13847
13757
13616
13963
14006
13984
13844
13877
14151
13890
13875
14004
14081
14049
14192
14097
14150
13958
14105
14185
14180
14070
14175
13985
14185
14097
14248
14129
14338
14168
14156
14197
14231
14038
14240
14218
14267
14255
14195
14121
14350
14035
14075
14430
14161
14340
14222
13984
14249
14379
14279
14537
14081
14208
14429
14285
14529
14353
14454
14456
14430
14561
14801
14509
14546
14400
14402
14449
14417
14316
14428
14137
14256
14190
14396
14000
14258
13998
14155
13769
14124
13699
13840
13767
13692
13710
13549
13394
13546
13667
13513
13143
13374
13326
13330
13401
13215
13142
13031
13066
13147
13137
12978
13012
13088
13039
12902
12997
12962
12982
13247
13188
12831
12786
12585
12893
12849
12905
12889
12683
12767
12689
12881
12907
12706
12671
12592
12605
12681
12633
12678
12580
12739
12668
12537
12808
12595
12716
12466
12611
12585
12636
12570
12544
12516
12776
12551
12471
12518
12285
12498
12581
12374
12462
12504
12440
12229
12480
12599
12231
12409
12275
12172
12283
12580
12428
12327
12275
12308
12379
12389
12398
12394
12358
12003
12417
12329
12097
12378
12315
12388
12340
12301
12337
12231
12350
12475
11996
12404
12152
12350
12017
12344
12219
12326
12405
12069
12322
12376
12256
12310
12114
12101
12049
12113
12027
12096
11971
12298
12134
12217
12124
12145
12025
12180
12127
12180
12064
12065
12068
12051
12129
12146
12253
12130
12239
12193
12065
12121
11914
12081
12122
12394
12014
11962
12239
11984
12043
12008
11989
12148
11931
12183
12027
11841
11786
11972
11843
11875
11871
11943
11639
11881
11905
11817
11976
11917
12150
12046
11914
11841
11957
12039
12026
11821
11507
11928
11894
11830
11861
11877
11992
11783
11699
11992
12036
11841
11861
11899
11772
11821
11862
11733
11764
11725
11711
11808
11811
11823
11774
11682
11690
11720
11799
11789
11953
11786
11763
11712
11702
11819
11645
11660
11913
11831
11858
11778
11625
11584
11506
11758
11565
11675
11518
11721
11637
11530
11655
11594
11724
11738
11585
11719
11507
11734
11823
11301
11543
11497
11659
11750
11734
11473
11666
11664
11582
11585
11562
11481
11617
11419
11661
11461
11613
11588
11657
11416
11511
11602
11829
11354
11384
11469
11457
11530
11442
11437
11579
11367
11561
11689
11401
11516
11487
11311
11446
11456
11444
11418
11246
11498
11424
11432
11613
11417
11671
11468
11503
11435
11327
11525
11503
11419
11426
11470
11460
11426
11546
11241
11343
11420
11456
11411
11490
11473
11225
11518
11464
11353
11350
11298
11250
11500
11431
11315
11424
11385
11328
11345
11439
11257
11130
11361
11179
11413
11462
11407
11299
11227
11174
11223
11283
11186
11138
11414
11241
11227
11270
11311
11168
11238
11316
11048
11430
11128
10985
11197
11256
11037
11254
11243
11168
11288
11184
11254
11093
11070
11013
11080
11127
11039
10996
11079
11055
11055
10963
11132
11047
11136
11040
11019
10931
10934
11260
11058
11088
10968
10958
11017
11042
10905
10884
11023
10755
10989
10969
10809
10951
10998
10809
10860
10980
11124
10878
11077
10856
10713
10813
10971
10804
10769
10834
10813
10788
10731
10958
10584
10559
10661
10749
10649
10759
10748
10476
10586
10618
10689
10446
10501
10539
10356
10615
10579
10591
10487
10717
10301
10484
10414
10241
10289
10236
10270
10276
10311
10322
10026
10402
10047
10074
9961
10265
10120
9940
9873
9958
9966
9890
9954
9668
9867
9660
9899
9876
9603
9840
9671
9661
9746
9527
9487
9622
9531
9401
9580
9424
9702
9301
9542
9415
9513
9446
9289
9343
9310
9313
9258
9121
9147
9217
9169
9198
9094
9165
9169
8935
8978
8978
8990
9035
8834
8946
9021
8928
8770
8818
8742
9017
8807
8817
8897
8866
8776
8770
8684
8778
8758
8640
8675
8605
8584
8791
8475
8638
8726
8690
8547
8503
8415
8630
8362
8468
8518
8476
8333
8488
8505
8554
8461
8440
8426
8204
8405
8381
8340
8306
8257
8325
8377
8239
8363
8211
8490
8270
8316
8388
8343
8446
8242
8297
8237
8302
8051
8256
8384
8260
8250
8153
8184
8276
8148
8351
8151
8144
8210
8223
8220
8336
8366
8129
8220
8172
8397
8291
8350
8148
8299
8395
8249
8258
8275
8226
8295
8438
8461
8183
8605
8255
8190
8582
8381
8384
8324
8418
8274
8251
8295
8439
8132
8126
8401
8379
8303
8273
8221
8180
8290
8215
8365
8258
8239
8218
8438
8230
8432
8475
8462
8528
8484
8440
8597
8675
8773
8629
8504
8589
8692
8581
8544
8458
8410
8459
8339
8337
8447
8319
8066
8025
8256
8062
8047
7911
7918
7981
7958
7921
8062
7804
7758
7614
7782
7578
7737
7640
7839
7711
7686
7540
7430
7481
7452
7435
7405
7313
7464
7558
7259
7385
7183
7433
7451
7317
7453
7366
7311
7323
7330
7233
7052
7210
7253
7213
7294
7073
7193
7173
7224
7118
7061
7250
7081
7105
7015
7071
7155
7116
7135
7027
7080
7120
7083
7068
6997
7152
7033
6912
7028
7175
6907
7058
6961
6902
7020
6952
6948
6837
7019
6942
6897
6863
7025
6872
6888
6832
6857
6934
6977
6949
6792
6802
6907
6771
6823
6853
6776
6666
6786
6730
6672
6860
6718
6761
6798
6795
6768
6710
6715
6761
6836
6673
6686
6696
6689
6724
6872
6756
6730
6808
6534
6728
6732
6741
6679
6600
6595
6635
6532
6667
6711
6583
6703
6664
6657
6705
6609
6757
6544
6690
6596
6543
6649
6666
6503
6552
6595
6595
6555
6425
6491
6546
6602
6605
6543
6381
6477
6532
6546
6448
6554
6469
6392
6569
6605
6455
6309
6354
6472
6443
6382
6383
6501
6401
6432
6368
6477
6469
6342
6454
6319
6369
6389
6472
6331
6289
6262
6417
6222
6477
6193
6450
6343
6263
6267
6202
6204
6356
6364
6240
6258
6203
6125
6282
6184
6383
6298
6136
6295
6103
6171
6426
6258
6203
6191
6413
6086
6184
6126
6167
6069
6163
6146
6141
6283
6096
6185
6127
6119
6242
6146
6035
6066
6030
6136
6125
6124
6217
6211
6111
6116
6125
5981
6090
6118
6077
6159
6085
6103
6103
6069
6094
6104
6156
6060
6010
6021
6025
5917
5944
5976
6018
5966
5975
6118
5920
6035
6081
6019
5904
5982
6036
5999
6131
6008
5910
5937
6138
6053
6097
5870
5895
5874
5905
5829
5904
5878
6065
5907
5785
5928
5860
5790
5814
5908
6036
5844
5831
5890
5868
5972
5869
5816
5856
5892
5895
6037
5826
5993
5881
5829
5787
5834
5790
5967
5856
5711
5822
5832
5930
5775
5838
5843
5792
5741
5819
5767
5878
5680
5805
5818
5710
5804
5663
5794
5680
5823
5787
5805
5833
5651
5862
5584
5705
5699
5602
5791
5703
5756
5681
5746
5573
5607
5601
5649
5657
5649
5745
5786
5710
5624
5732
5850
5667
5654
5688
5617
5656
5759
5657
5515
5446
5666
5608
5626
5599
5710
5610
5703
5592
5476
5546
5583
5610
5648
5650
5581
5603
5593
5603
5447
5590
5576
5619
5568
5510
5725
5514
5601
5557
5488
5482
5437
5639
5485
5649
5617
5472
5508
5532
5461
5560
5476
5620
5420
5523
5634
5570
5644
5530
5470
5392
5483
5443
5634
5373
5478
5453
5536
5591
5584
5548
5493
5627
5408
5428
5534
5586
5493
5557
5482
5489
5539
5311
5515
5475
5589
5418
5623
5449
5542
5597
5447
5462
5525
5543
5601
5590
5486
5613
5734
5670
5780
5679
5714
5742
5776
5881
5916
6074
6245
6107
6250
6475
6519
6499
6614
6936
6972
7041
7326
7504
7627
7810
7921
8124
8026
8287
8637
8735
8737
9104
9089
9214
9645
9655
9984
9902
10322
10379
10612
10714
10870
10980
11029
11158
11310
11475
11625
11754
11642
11957
11978
12234
12143
12325
12651
12580
12742
12994
13114
13012
13311
13563
13720
14163
14217
14524
14995
15116
15469
15920
16487
16724
17125
17042
17436
17404
17455
17493
17366
16975
17041
16706
16520
16096
15708
15553
14844
14772
14317
13817
13155
12841
12444
12324
11600
11216
11091
10566
10196
9719
9356
9264
8742
8367
8038
7878
7438
7360
7251
6818
6786
6488
6206
6062
5952
5856
5590
5663
5566
5489
5384
5430
5158
5273
5224
5069
5048
5030
5070
4919
4976
5010
4989
4864
4798
4859
4885
4729
4717
4828
4688
4807
4733
4875
4714
4693
4764
4720
4774
4656
4900
4671
4681
4767
4765
4712
4756
4862
4695
4684
4701
4762
4702
4718
4849
4694
4718
4751
4681
4895
4758
4721
4867
4630
4766
4664
4689
4755
4645
4729
4727
4614
4660
4669
4645
4701
4717
4577
4705
4770
4618
4679
4569
4701
4660
4773
4644
4715
4650
4784
4612
4643
4623
4794
4719
4612
4685
4699
4693
4774
4678
4742
4706
4706
4647
4662
4605
4716
4636
4634
4676
4678
4612
4765
4749
4711
4727
4621
4714
4609
4636
4661
4624
4670
4683
4613
4718
4733
4748
4677
4655
4692
4603
4744
4589
4727
4655
4649
4659
4677
4605
4704
4743
4469
4676
4683
4799
4718
4675
4729
4718
4683
4791
4707
4624
4855
4811
4856
4723
4812
4913
4955
5131
4979
5130
5264
5313
5332
5532
5682
5857
5988
6232
6484
6630
6827
7052
7219
7443
7837
8103
8591
8973
9212
9437
9869
10220
10614
11277
11467
11852
12229
12819
13181
13705
14047
14501
14856
15453
15659
16122
16490
16478
17119
17615
17653
18158
18630
18802
19131
19777
19995
20110
20054
20616
20734
21200
21353
21962
22039
22520
22687
22893
23257
23714
23760
24551
24798
25609
26700
27153
28059
28852
29770
30490
31218
31843
32500
32673
33015
33336
33402
33337
32915
32808
32258
31742
30995
30077
29340
28491
27389
26387
25439
24428
23555
22324
21521
20516
19581
18525
17636
16636
15936
15092
14016
13186
12732
12018
11221
10590
10101
9626
8842
8545
8020
7399
7042
6916
6338
6198
6031
5509
5344
5207
4944
4695
4676
4550
4444
4346
4214
4193
3952
4038
3911
3864
3974
3793
3824
3696
3821
3709
3697
3550
3690
3658
3600
3629
3580
3616
3567
3547
3521
3618
3609
3615
3564
3496
3531
3563
3454
3453
3559
3636
3486
3454
3566
3524
3617
3486
3592
3407
3399
3489
3461
3479
3437
3521
3414
3442
3382
3548
3488
3492
3522
3566
3424
3485
3414
3310
3512
3547
3494
3392
3303
3501
3341
3443
3387
3406
3441
3395
3425
3455
3385
3468
3443
3341
3294
3507
3350
3516
3547
3457
3399
3402
3319
3383
3330
3506
3462
3426
3349
3434
3330
3402
3371
3363
3428
3280
3379
3289
3363
3379
3366
3329
3370
3438
3349
3407
3347
3319
3350
3361
3413
3319
3432
3364
3339
3330
3338
3400
3271
3433
3365
3218
3271
3227
3306
3257
3390
3373
3372
3262
3203
3387
3384
3313
3283
3291
3240
3330
3346
3228
3334
3282
3262
3318
3182
3386
3314
3313
3285
3328
3264
3265
3296
3195
3372
3244
3335
3308
3306
3322
3300
3219
3302
3227
3268
3236
3302
3366
3308
3324
3306
3249
3383
3206
3273
3300
3311
3263
3325
3252
3282
3293
3355
3319
3284
3281
3327
3218
3253
3307
3159
3200
3275
3299
3285
3201
3305
3322
3250
3205
3249
3302
3115
3321
3166
3258
3271
3307
3306
3286
3220
3169
3265
3280
3178
3335
3179
3268
3266
3181
3200
3158
3223
3210
3248
3286
3332
3334
3147
3263
3240
3229
3235
3130
3173
3122
3329
3160
3196
3168
3240
3158
3230
3291
3141
3162
3286
3160
3118
3245
3285
3153
3157
3149
3248
3136
3251
3130
3075
3107
3139
3082
3217
3196
3217
3177
3216
3100
3087
3190
3261
3112
3130
3133
3117
3172
3126
3223
2990
3147
3262
3137
3155
3151
3104
3164
3171
3175
3271
3221
3126
3257
3217
3168
3111
3300
3231
3122
3201
3177
3082
3096
3184
3143
3221
3181
3100
3311
3176
3236
3093
3111
3261
3151
3256
3233
3186
3121
3174
3012
3033
3141
3307
3149
3198
3222
3092
3199
3245
3145
3082
3179
3061
3151
3214
3141
3177
3140
3134
3112
3082
3222
3193
3189
3193
3124
3146
3239
3165
3155
3219
3185
3214
3173
3202
3182
3155
3197
3153
3209
3241
3139
3220
3161
3236
3330
3243
3089
3272
3142
3222
3163
3279
3274
3289
3263
3164
3208
3213
3182
3311
3267
3311
3239
3228
3331
3181
3277
3286
3387
3313
3273
3320
3255
3306
3353
3330
3255
3357
3320
3395
3319
3443
3262
3423
3536
3413
3561
3577
3503
3653
3532
3723
3729
3925
3951
4163
4281
4415
4550
4729
4836
5252
5539
5813
6101
6606
6942
7551
7977
8556
9317
9969
10306
11222
11991
12852
14053
14628
15829
16731
17800
18955
20083
21384
22254
23643
24604
26094
27351
28208
29763
31198
32568
33784
34920
36424
37591
38844
39345
40581
41295
42565
43767
45529
45762
46998
47894
48627
49909
50701
51250
52146
53510
53679
54722
55827
56566
57386
58788
59996
60882
62105
63726
65170
66814
68705
71042
72878
74727
76441
78665
80498
82560
83739
84810
85992
86257
85983
86046
84859
84000
82600
80850
79011
76726
74530
72194
69640
66446
64679
61475
58244
55842
52773
49969
47600
44575
41765
38961
36135
33928
31417
29182
26874
24928
23200
21235
19480
17816
16451
14963
13687
12622
11570
10377
9515
8608
7882
7078
6594
5888
5349
4774
4614
4212
3663
3555
3186
2927
2861
2559
2388
2366
2246
2042
1923
1800
1654
1724
1634
1658
1589
1505
1430
1411
1365
1359
1318
1320
1315
1264
1240
1198
1207
1242
1189
1165
1134
1215
1152
1153
1207
1127
1113
1113
1137
1135
1152
1077
1055
1071
1055
1049
1055
1054
1054
1081
1036
1059
995
1016
1036
1049
1051
1044
1071
1040
1032
1072
1018
1046
1052
973
1022
995
1034
1002
1040
1014
1019
971
931
947
931
989
1036
962
1007
985
969
944
930
983
967
935
955
960
962
978
942
926
981
958
1023
982
978
909
922
980
971
904
929
985
958
893
992
939
889
898
924
892
950
910
945
972
952
909
875
931
929
905
864
877
890
894
858
913
941
923
950
931
917
877
960
905
943
885
974
954
905
937
932
883
919
934
930
881
946
971
930
925
904
994
978
1045
1027
1051
1058
1110
1137
1183
1256
1215
1297
1350
1412
1414
1508
1586
1682
1790
1811
2025
2048
2175
2264
2469
2630
2736
2880
3060
3182
3336
3435
3658
3741
3948
4105
4242
4361
4704
4809
4954
5111
5247
5262
5626
5733
6161
6106
6157
6375
6563
6525
6734
6805
7122
7125
7348
7499
7509
7523
7826
7877
7981
7963
8300
8349
8551
8668
8938
9031
9162
9340
9814
10010
10229
10324
10779
11126
11337
11266
11568
11599
11668
11663
11790
11783
11560
11492
11269
11088
10652
10508
10320
10127
9608
9155
8813
8748
8205
7803
7403
6972
6686
6377
5825
5519
5265
4914
4609
4237
3969
3706
3411
3202
3011
2678
2572
2354
2210
2062
1884
1782
1628
1552
1454
1305
1178
1157
1201
1062
948
959
890
848
827
775
781
725
673
661
689
708
606
629
609
576
593
630
605
596
541
571
571
535
544
549
521
558
521
550
506
522
560
551
535
507
512
501
517
531
519
530
525
559
533
490
515
507
501
481
494
479
467
543
508
506
499
521
546
501
512
493
500
518
514
488
469
470
510
485
474
477
506
476
488
524
481
485
448
502
491
484
475
493
475
489
536
463
478
458
514
477
503
441
492
498
429
462
497
478
461
485
480
459
462
430
442
442
475
482
452
482
449
445
423
473
465
447
463
496
412
431
479
453
465
446
436
451
456
449
455
451
440
440
458
446
472
443
460
432
443
455
460
417
450
422
452
418
432
419
472
474
467
410
465
434
419
448
459
497
425
443
457
432
436
457
436
462
400
445
460
454
434
422
438
454
453
431
428
420
433
388
428
433
428
421
418
395
411
410
392
430
399
394
432
421
426
414
446
398
438
450
426
402
401
410
422
398
436
420
428
418
405
412
423
442
441
463
408
431
421
417
422
396
403
424
411
452
438
411
407
423
382
420
392
418
443
405
400
414
432
413
372
396
421
398
403
416
381
410
393
368
424
388
389
377
386
389
405
397
391
406
385
436
396
400
403
390
395
396
401
387
397
379
368
386
433
342
393
379
377
446
398
400
382
379
424
390
358
398
368
357
373
364
377
374
393
403
415
371
425
382
434
385
342
382
403
372
396
362
377
353
392
399
390
405
366
433
378
401
375
374
352
363
394
372
384
399
394
357
388
375
410
383
393
368
400
388
344
394
390
386
413
405
344
371
385
373
353
357
337
382
385
382
398
351
389
372
337
342
372
379
398
384
360
373
389
357
361
373
372
397
351
365
345
372
370
354
381
381
348
377
399
360
365
368
335
379
367
364
359
376
339
361
332
351
362
341
375
355
354
354
374
335
348
389
370
356
373
381
375
375
347
370
341
380
382
349
395
336
356
362
361
342
370
376
387
358
395
366
403
369
362
407
333
354
361
395
350
357
359
349
396
369
370
390
358
379
385
405
333
362
386
361
394
364
353
378
408
369
389
376
367
365
377
369
409
402
378
405
383
365
364
404
371
351
391
442
372
381
385
420
371
373
392
371
419
384
378
425
367
429
404
385
393
402
413
418
411
421
438
402
384
387
357
411
391
398
388
422
401
329
393
410
394
372
338
365
348
360
344
374
358
335
348
325
351
337
339
328
317
315
312
301
338
342
336
339
341
314
305
328
335
312
288
316
337
284
293
350
323
309
295
319
333
319
290
313
317
308
351
305
300
340
282
313
329
300
322
330
278
295
305
317
311
320
317
304
291
315
300
312
317
302
292
307
312
305
290
332
322
259
299
296
305
295
297
343
295
297
294
299
282
276
323
280
310
300
288
299
314
313
290
306
291
276
288
321
294
295
290
287
314
273
286
287
289
297
302
307
290
307
298
249
269
290
314
305
278
300
310
277
317
303
266
294
282
291
266
307
267
257
283
302
251
310
324
286
291
269
300
275
280
270
286
297
296
301
267
304
286
274
293
310
279
288
303
290
308
268
305
303
298
281
261
232
284
256
301
284
273
293
266
293
287
297
260
286
256
269
315
310
267
253
283
293
289
276
272
290
287
284
250
310
254
296
289
292
254
271
315
268
254
290
300
277
266
295
287
289
241
280
258
260
290
263
293
252
265
284
263
282
284
280
258
267
257
295
312
264
265
285
276
268
256
276
292
275
296
256
286
281
254
246
251
251
264
278
311
279
302
278
249
278
263
282
246
266
288
267
299
253
246
277
301
274
264
264
275
286
261
276
291
232
269
287
233
265
253
249
244
250
274
282
264
272
259
270
248
234
265
293
264
269
253
271
250
230
257
273
285
273
269
272
255
251
238
286
282
257
277
260
289
241
258
272
269
245
293
247
266
260
251
273
246
271
258
235
258
248
258
266
262
248
256
299
241
260
238
246
246
239
224
275
267
255
248
256
244
285
237
232
240
273
270
265
241
259
247
237
237
251
211
274
239
260
253
229
244
246
274
255
235
227
246
262
243
226
267
273
245
256
224
269
246
239
218
222
251
290
238
244
231
252
239
213
271
264
231
241
229
254
230
264
261
260
235
223
270
265
252
232
236
272
230
227
227
256
251
245
253
234
211
244
203
258
237
227
244
232
246
219
258
241
238
255
225
244
229
244
235
237
238
234
240
210
241
256
224
234
225
231
244
222
210
235
252
215
232
224
219
232
227
246
237
260
243
214
237
234
215
238
217
214
211
232
242
235
217
225
210
245
232
230
227
249
229
248
243
255
236
210
217
236
213
238
233
227
212
205
213
229
205
253
239
212
231
224
233
234
230
200
239
235
230
215
213
199
206
240
245
226
229
217
194
225
223
214
226
224
234
236
200
233
226
219
198
221
195
228
202
186
228
235
218
200
226
207
208
251
213
230
219
227
207
224
227
219
217
221
236
232
201
198
226
229
226
214
207
231
221
215
207
202
184
220
213
223
204
219
191
221
228
220
229
233
215
184
219
198
194
226
221
220
210
192
231
195
194
217
206
219
198
225
200
222
203
226
201
207
214
188
230
220
206
213
203
205
208
202
207
204
186
215
236
209
205
198
196
201
180
187
209
212
217
180
215
184
208
209
220
216
215
195
230
194
198
200
190
193
178
211
215
208
224
186
198
196
188
224
192
228
208
182
196
197
171
226
210
220
205
213
200
204
231
206
224
206
222
250
181
221
207
212
213
213
197
217
211
195
202
203
202
198
199
217
220
209
208
200
203
187
201
210
229
217
194
206
197
201
201
182
211
202
217
196
199
209
208
218
199
204
194
206
183
220
209
199
222
194
202
209
217
195
198
224
181
186
196
191
195
198
209
194
177
190
221
194
183
196
220
207
178
190
178
195
183
187
213
193
180
219
203
195
191
197
186
203
223
181
198
186
186
161
209
185
167
203
178
196
195
181
195
202
180
182
212
182
192
174
167
183
193
188
178
192
193
170
166
163
199
198
204
199
169
173
161
186
174
184
197
190
187
173
184
167
211
153
172
155
184
172
157
175
177
195
192
176
183
173
160
181
176
197
173
188
180
174
178
173
179
169
176
179
176
159
175
184
191
198
147
173
169
174
191
173
174
163
174
176
154
160
152
168
178
149
174
161
163
174
160
185
155
176
175
153
183
148
168
141
183
147
178
170
162
170
143
158
145
161
151
156
196
147
165
158
161
154
173
164
158
167
165
172
151
182
177
141
156
178
152
165
160
157
160
139
159
191
160
156
150
154
175
141
184
170
156
150
158
170
135
159
154
156
154
162
155
152
157
147
152
150
150
168
146
146
172
161
153
159
133
160
154
156
154
164
144
151
148
152
127
144
163
150
170
175
136
164
163
142
154
129
161
155
141
152
135
147
155
162
160
147
163
147
156
177
172
153
147
134
157
154
158
157
147
142
134
139
146
164
157
133
143
140
138
134
143
166
140
148
164
129
137
162
149
150
167
123
136
148
139
145
155
135
163
150
163
145
158
154
161
128
162
140
141
155
147
127
139
153
119
137
134
150
123
142
148
147
157
139
130
131
139
129
163
149
124
156
142
136
140
119
130
134
145
138
150
153
134
137
141
166
145
150
130
139
129
155
151
156
141
134
154
134
140
147
141
137
142
130
133
147
137
168
139
122
147
134
148
126
136
118
140
139
132
136
138
144
144
143
143
136
123
153
154
134
141
156
136
148
128
128
153
126
139
156
132
128
120
131
124
115
116
143
117
128
146
143
144
110
126
124
126
122
130
136
158
143
132
135
123
118
126
133
133
134
106
133
140
130
135
132
140
119
115
128
119
141
106
147
132
132
105
124
126
136
114
141
134
106
96
142
109
120
121
125
129
115
137
120
120
138
120
119
109
141
120
158
113
135
144
127
132
112
129
129
116
119
147
129
124
115
116
118
134
122
121
122
132
119
102
117
111
132
123
125
133
111
125
117
96
121
143
124
120
133
130
135
140
118
130
107
108
98
115
115
113
135
128
115
104
105
112
122
134
122
115
104
122
129
108
118
106
120
119
121
114
114
131
116
129
109
132
110
118
123
114
101
95
116
128
94
121
112
113
126
100
128
90
111
118
88
115
122
95
129
112
129
111
95
116
126
106
91
118
118
115
111
125
118
122
97
104
90
99
107
104
103
135
94
122
113
103
102
106
119
112
118
92
105
101
111
96
123
106
108
106
107
117
110
102
105
114
116
132
98
110
117
85
116
100
114
101
110
109
101
110
118
111
116
97
104
112
109
118
105
128
105
102
121
92
92
117
106
125
86
108
105
104
91
110
100
102
103
117
102
104
111
102
111
100
120
91
87
104
108
86
95
119
100
103
99
98
99
91
93
90
116
117
104
82
105
97
94
104
99
99
113
100
90
101
110
106
111
118
99
106
102
90
97
92
111
107
106
110
106
112
102
103
102
101
91
100
101
113
89
95
102
95
104
106
108
123
113
115
87
94
108
95
121
113
92
94
103
101
102
95
94
101
107
103
119
91
88
95
96
95
101
99
95
95
100
114
100
101
110
100
108
110
108
104
123
108
106
99
99
108
97
99
112
112
116
108
109
99
102
97
106
101
114
107
102
107
85
102
118
98
94
82
101
85
83
90
81
92
87
103
91
89
87
102
87
75
80
94
93
101
89
87
92
88
93
83
83
98
86
94
97
78
93
82
96
93
102
88
98
78
89
71
96
94
72
86
101
87
73
83
71
88
96
62
100
104
82
93
92
97
75
82
89
88
67
76
83
107
81
94
93
102
93
98
84
101
94
87
67
83
85
80
83
77
86
90
96
89
92
84
82
89
86
85
84
79
72
78
92
95
92
82
75
85
81
85
104
86
81
90
100
90
85
105
88
86
78
97
84
75
65
89
85
74
80
76
72
80
84
58
76
89
75
90
81
90
91
82
77
82
78
91
76
87
76
84
81
78
86
86
84
73
80
83
76
77
72
98
81
86
95
95
92
83
88
104
77
86
85
99
83
86
77
80
96
88
97
79
71
84
90
89
81
93
87
80
90
80
85
97
77
79
90
94
94
91
74
101
83
90
103
73
101
97
82
89
113
95
93
107
87
87
118
95
96
100
98
104
85
99
105
98
82
98
86
93
95
100
87
87
94
115
91
99
83
101
76
102
94
92
77
103
105
94
119
93
95
92
85
103
88
80
88
97
93
92
100
91
97
107
113
109
96
85
79
83
79
103
87
92
92
92
69
87
89
87
93
95
80
79
76
86
83
69
84
80
80
88
71
82
73
78
62
93
83
67
83
72
61
70
67
73
74
87
77
54
78
72
63
74
65
80
70
65
64
61
61
79
76
74
75
74
70
67
71
73
76
66
75
59
74
72
79
73
74
73
64
57
65
65
67
72
73
49
58
78
50
84
83
74
66
69
82
81
69
74
57
85
72
63
80
85
70
63
61
66
68
65
81
77
77
75
88
64
65
82
71
70
68
64
73
63
68
74
73
63
70
67
73
64
63
68
60
67
56
71
69
61
72
65
74
63
69
69
71
52
65
58
53
69
75
71
74
76
68
81
60
68
64
63
62
71
68
66
66
70
84
70
71
56
65
84
66
71
68
70
76
85
72
77
80
64
60
73
80
64
73
62
89
91
58
78
91
60
57
68
74
72
78
72
86
77
74
66
58
85
78
58
72
69
71
68
63
79
77
77
64
93
64
57
74
74
72
66
71
64
70
91
67
76
79
61
60
80
71
67
70
76
63
58
77
72
53
70
78
70
73
68
52
53
66
54
62
68
57
73
56
53
62
66
59
59
69
47
42
60
58
54
59
61
64
57
54
53
66
55
63
66
70
64
57
56
59
63
57
61
69
59
60
57
59
68
57
68
52
58
66
63
60
60
68
52
64
65
75
59
58
55
59
58
57
56
70
68
55
71
58
51
55
64
66
49
49
57
57
60
54
62
44
69
57
57
70
54
69
56
56
63
65
61
48
64
61
59
62
49
61
44
64
41
62
55
55
65
61
58
59
53
49
65
56
44
55
55
45
54
61
60
69
54
62
66
60
57
73
66
57
69
57
65
67
56
69
62
58
44
71
61
59
69
52
59
76
65
72
69
66
60
65
55
58
55
59
74
66
53
65
56
52
65
74
52
63
57
49
61
49
74
68
61
61
59
62
51
68
60
66
66
48
59
59
62
67
51
62
65
60
56
61
64
50
72
49
86
73
51
60
68
60
66
75
70
71
69
59
52
73
63
57
54
69
62
52
68
73
60
63
75
58
69
60
71
73
68
61
60
79
81
69
58
71
72
55
69
91
75
72
79
73
64
76
77
69
76
62
81
69
56
64
73
59
72
69
77
76
64
60
61
68
53
65
76
60
59
54
62
59
53
62
57
51
53
51
49
51
54
54
46
54
39
35
54
44
46
61
45
44
44
52
41
45
45
46
32
44
46
49
42
39
36
38
43
32
39
39
34
38
38
42
40
36
36
32
45
39
48
35
45
32
29
31
45
45
45
41
44
38
27
35
31
41
40
34
29
52
55
39
42
47
32
32
36
47
42
52
39
36
37
38
42
39
43
29
39
43
33
55
39
40
26
36
26
41
34
34
40
43
40
38
30
41
51
36
50
35
36
39
35
39
36
45
40
39
39
40
38
31
49
45
38
41
43
32
36
45
48
43
31
45
35
32
51
41
35
31
41
37
43
41
33
40
38
30
41
33
37
42
30
49
35
46
41
42
42
35
38
54
30
47
33
32
41
34
26
37
37
44
51
36
52
36
41
31
41
42
32
35
38
33
45
38
32
42
33
26
45
31
45
44
37
41
42
31
37
37
42
32
33
37
35
31
41
31
40
28
33
34
35
28
35
44
55
43
42
38
34
39
25
29
32
30
40
40
52
32
40
35
30
45
41
29
36
34
38
50
44
38
34
40
40
47
39
47
28
41
40
43
47
41
52
32
28
35
38
41
36
35
30
46
31
35
40
35
40
38
33
33
31
46
42
33
37
31
47
41
47
37
34
35
33
34
33
30
37
36
40
46
39
42
34
30
39
47
48
45
49
46
40
39
41
38
31
41
25
34
42
32
34
28
25
33
42
45
33
34
44
29
30
36
37
35
37
25
44
27
41
27
27
34
27
28
38
31
30
36
51
28
49
33
47
45
32
36
35
34
35
30
46
45
28
26
35
37
34
41
30
40
32
24
43
37
33
35
32
28
34
36
30
37
35
36
39
53
40
41
33
35
42
29
32
32
39
46
39
41
33
34
45
36
32
33
29
31
36
47
30
37
29
39
49
38
37
28
52
28
32
46
34
30
34
40
40
32
38
28
48
37
43
28
34
32
40
47
34
47
36
44
46
38
47
46
33
33
36
21
50
39
38
30
40
39
41
50
41
45
44
38
50
46
39
45
41
37
42
38
53
41
38
42
43
55
43
37
39
48
35
39
40
49
34
41
54
49
38
49
39
59
59
52
61
42
62
46
53
40
44
51
47
53
43
44
52
51
45
57
45
54
47
58
47
47
49
52
62
50
42
57
54
74
54
40
54
57
51
48
60
58
52
48
57
55
44
43
54
54
47
39
57
59
41
59
43
46
46
39
56
36
53
48
42
47
47
49
47
41
47
45
49
28
43
34
34
35
34
33
27
25
23
27
23
17
37
26
24
17
26
28
28
30
23
12
21
16
8
22
16
16
14
13
17
15
20
17
15
18
17
19
12
9
11
14
16
16
13
23
19
15
17
15
15
24
9
17
19
16
16
9
16
13
14
14
12
17
12
12
15
22
16
18
13
18
18
11
17
19
15
12
11
16
18
18
18
17
23
16
12
14
20
9
10
8
18
18
17
22
11
14
7
11
18
17
11
13
17
15
14
21
16
12
13
21
15
17
13
15
12
7
15
22
15
18
15
21
11
14
17
17
9
24
16
21
17
20
10
14
19
19
21
13
13
15
10
12
15
18
20
16
13
19
15
23
29
19
13
22
26
18
13
10
18
16
15
23
13
20
10
18
16
14
10
12
25
24
11
18
15
13
14
10
20
12
17
19
15
17
10
14
11
13
20
11
11
17
25
10
19
19
11
17
20
14
15
12
10
19
20
16
21
12
18
17
32
21
18
17
22
17
13
22
19
18
14
22
18
20
20
18
14
16
21
11
21
15
12
19
20
14
20
24
13
16
20
21
19
23
17
22
13
15
17
25
19
20
23
19
24
24
11
11
17
16
19
17
14
19
12
14
20
18
24
17
14
16
18
14
11
22
16
16
19
18
18
16
16
10
13
12
12
17
19
19
13
13
18
17
7
20
16
17
12
14
11
11
14
10
13
9
21
12
12
14
11
9
20
4
6
10
10
11
15
12
8
8
6
14
11
9
10
12
10
12
8
11
15
10
10
9
8
6
5
13
12
10
7
8
7
11
12
9
8
10
14
10
12
5
9
7
10
6
14
12
11
11
8
7
10
8
6
8
11
7
6
13
10
6
8
11
5
7
13
10
9
8
10
8
13
10
8
9
9
9
5
6
11
9
7
5
12
7
10
8
7
9
11
6
7
6
8
10
10
4
8
8
5
12
3
10
11
9
13
11
13
10
7
10
10
9
11
7
7
10
3
9
7
0
8
5
10
8
9
10
10
9
5
13
12
12
8
12
13
3
9
6
13
10
6
9
12
8
6
7
6
15
11
8
11
3
6
11
6
12
17
6
5
5
10
12
5
7
5
3
10
12
6
8
4
7
4
8
12
6
13
7
9
7
10
9
9
20
6
7
8
6
8
7
14
12
7
13
17
8
7
14
6
8
9
12
9
9
8
9
7
5
9
10
9
13
12
4
11
6
10
7
13
10
12
10
5
16
13
11
10
9
8
6
12
9
13
7
14
14
8
8
11
8
9
3
9
11
7
13
13
11
13
12
11
13
11
11
12
14
14
4
11
17
8
7
13
13
5
5
8
12
6
10
7
12
8
6
12
9
10
3
5
9
8
6
13
15
7
6
6
5
4
9
10
9
6
6
1
9
8
6
13
9
7
8
5
7
6
11
7
18
13
8
10
6
9
7
6
12
10
4
7
6
6
10
11
8
8
13
5
10
4
8
11
8
13
8
9
4
7
10
7
4
5
5
3
14
8
6
8
8
4
10
3
7
11
6
4
9
7
12
8
4
5
8
11
2
5
6
9
8
8
12
7
8
3
8
11
9
10
6
8
5
8
8
6
8
7
11
7
11
13
10
11
8
4
4
6
7
6
6
7
5
11
14
5
7
11
7
7
8
4
6
3
5
7
8
10
6
7
10
7
5
6
2
7
11
9
13
8
7
7
6
9
10
11
5
17
13
6
15
9
10
10
9
4
5
4
10
2
10
6
8
5
13
7
9
7
10
11
3
6
4
5
10
5
13
4
9
12
9
12
6
9
6
13
3
4
9
4
10
6
7
6
8
8
8
9
8
11
8
12
7
8
8
6
8
5
8
8
11
2
12
10
5
9
8
6
4
6
7
11
14
5
13
8
13
5
9
6
6
11
7
6
15
6
13
7
11
8
4
10
7
10
8
10
10
7
6
8
8
9
4
7
6
10
12
10
12
12
8
16
8
9
10
4
11
9
5
7
11
5
12
8
6
8
8
5
8
10
7
7
9
8
6
6
6
9
4
13
10
6
7
4
4
4
5
6
4
4
5
6
6
9
2
7
4
6
5
10
12
5
6
5
4
3
8
0
8
6
4
8
12
5
8
2
6
5
2
4
6
13
9
7
5
6
9
8
5
9
3
6
7
4
5
6
8
6
8
6
5
6
7
3
5
10
7
6
10
7
8
4
7
7
8
6
7
4
12
6
3
7
2
6
4
6
7
5
9
6
8
4
6
8
3
5
1
10
6
5
1
10
10
11
9
9
4
2
6
6
6
6
8
6
3
8
2
11
7
8
4
9
8
4
3
5
5
5
6
5
9
7
9
8
10
6
3
7
5
12
6
5
5
11
6
10
5
8
3
3
8
5
9
1
5
1
5
6
3
8
5
10
5
6
4
5
8
6
5
6
5
9
3
3
6
1
2
6
7
6
5
6
8
5
4
10
4
5
6
3
12
12
4
1
4
8
3
6
8
5
9
5
2
6
9
8
9
9
9
5
8
10
4
6
6
5
5
8
4
8
11
10
4
4
2
6
3
4
2
6
7
6
9
3
5
5
3
5
5
10
5
5
1
6
7
5
7
4
4
6
4
4
10
2
5
5
7
6
4
4
5
6
7
4
6
1
6
6
3
6
11
6
4
4
8
6
8
5
3
6
4
9
5
8
2
7
5
5
4
10
7
6
6
7
5
10
6
7
6
9
4
5
9
4
1
10
7
8
5
10
7
4
7
5
5
8
1
10
6
2
4
4
9
5
11
5
4
6
8
10
11
8
7
4
7
8
6
8
4
6
11
4
9
3
4
3
3
6
5
1
4
6
12
4
3
4
8
10
6
5
3
5
6
8
6
5
7
5
5
7
7
6
8
7
5
10
3
3
4
7
8
5
6
13
8
3
9
6
5
4
2
9
5
10
4
8
4
7
7
7
5
7
4
11
7
6
7
2
4
8
3
6
10
10
3
8
7
9
1
9
10
4
7
8
7
4
9
1
3
9
4
5
7
6
5
7
10
8
2
9
4
11
5
1
2
9
5
4
7
5
3
4
3
5
9
5
6
6
2
8
6
10
9
4
10
4
8
7
4
7
6
4
11
7
4
7
4
6
7
8
5
2
6
6
9
8
5
7
6
7
4
2
6
8
7
5
4
7
10
7
4
8
4
3
4
1
7
3
7
4
4
4
6
4
11
3
1
4
5
6
4
1
3
5
9
7
9
6
2
4
2
7
10
4
7
5
6
7
3
2
3
5
3
7
7
5
5
5
5
4
6
3
4
4
9
1
12
4
7
4
2
3
4
5
7
5
4
6
2
2
5
6
4
5
6
9
6
12
4
5
7
2
7
4
5
4
2
2
4
6
4
7
4
7
7
6
6
6
8
5
6
4
5
4
10
5
5
7
4
7
10
4
5
9
5
5
5
2
5
7
7
11
3
5
7
2
3
2
5
8
4
6
3
4
11
2
7
9
6
4
8
4
5
8
2
5
8
5
5
1
1
7
5
4
9
4
2
3
4
10
3
7
6
5
6
7
5
10
8
3
9
6
9
2
6
7
5
1
3
7
9
4
5
4
4
5
8
4
10
7
8
6
3
5
5
5
3
5
7
8
6
8
6
5
6
4
3
2
4
11
1
5
1
3
5
5
5
6
3
2
0
12
4
5
6
7
2
2
8
6
2
3
4
3
9
2
9
5
5
2
7
7
8
5
5
4
1
3
5
6
4
7
5
7
3
5
4
3
7
6
3
3
5
0
5
4
5
4
8
4
4
2
6
8
4
2
5
3
2
6
5
3
3
4
9
0
7
8
6
11
4
5
1
6
3
3
0
4
3
2
7
8
2
5
3
6
9
3
6
5
6
2
7
7
4
6
5
5
6
2
3
7
0
5
2
0
8
3
7
4
5
8
4
3
4
3
7
4
3
6
2
8
3
7
5
6
3
4
3
4
2
4
9
4
5
0
0
4
8
4
5
4
4
3
6
3
4
5
3
4
4
5
8
3
3
1
9
5
5
5
2
2
3
6
3
4
4
2
1
6
2
4
3
2
8
7
4
6
2
3
5
4
3
1
6
5
2
6
5
6
7
4
2
10
7
6
7
4
3
4
5
7
4
5
5
3
2
2
6
5
4
4
8
3
3
6
4
5
5
6
3
5
3
3
4
5
2
5
6
5
4
9
3
5
2
8
4
2
6
4
3
2
3
3
7
3
3
3
7
4
5
3
4
2
2
2
5
2
5
6
3
3
6
3
4
6
6
1
7
7
7
3
4
7
5
4
2
1
3
7
2
4
7
6
5
5
6
6
5
6
4
2
2
7
7
3
6
1
9
6
5
2
1
4
5
13
0
6
7
3
1
3
4
5
5
5
8
5
4
0
1
2
7
10
6
7
2
1
5
4
1
5
5
7
2
0
3
3
3
4
7
2
2
7
2
4
3
7
9
3
4
3
5
9
8
4
7
4
5
4
6
3
5
5
5
5
6
4
3
3
3
4
3
5
3
6
5
2
5
2
12
4
3
4
5
8
3
3
8
5
6
2
1
7
9
6
9
6
7
5
7
6
2
3
5
9
6
5
8
2
8
9
9
10
13
5
11
10
10
11
6
13
11
10
6
9
11
6
10
5
11
6
10
5
14
8
14
3
12
7
7
11
4
8
11
6
12
5
7
3
13
9
4
6
4
7
6
6
8
4
10
5
4
9
4
6
1
9
7
6
4
4
4
5
4
4
10
4
6
10
5
4
4
3
6
4
5
4
4
6
6
2
7
5
5
3
3
9
5
4
5
5
5
4
3
3
6
4
4
6
2
3
3
3
3
6
5
1
5
3
3
4
3
7
6
2
4
4
3
2
8
3
5
3
6
5
6
9
7
0
2
3
4
6
3
3
4
4
3
6
3
6
4
4
3
4
1
6
1
4
1
5
7
5
4
5
4
2
3
2
6
7
6
5
7
3
6
6
5
3
2
2
7
5
1
3
4
4
2
3
3
2
2
3
2
4
4
3
3
6
4
3
5
8
5
4
5
4
8
4
6
2
2
6
5
3
6
4
5
5
6
3
6
4
4
7
6
5
1
3
2
2
1
5
7
4
5
1
6
6
2
3
5
1
3
6
1
5
4
6
8
1
2
1
4
8
3
4
4
5
2
5
3
3
4
3
5
2
3
3
4
4
5
4
10
1
5
3
7
6
1
2
6
6
7
5
2
3
1
1
2
3
5
9
4
5
4
5
4
2
4
7
6
7
5
2
7
2
4
7
5
3
5
3
8
3
2
2
5
0
5
0
2
5
2
3
3
6
1
2
1
4
2
5
1
9
4
4
5
4
2
7
4
1
6
2
6
0
7
3
8
4
4
1
3
1
3
8
4
7
5
3
2
5
1
2
2
3
6
0
1
3
2
3
1
3
3
2
6
6
2
1
5
4
0
4
3
6
4
2
4
5
5
5
7
5
5
3
3
4
3
3
4
2
7
3
7
3
4
3
3
4
3
3
3
4
6
4
6
9
5
6
4
7
6
4
1
2
3
1
5
6
4
3
1
4
4
5
2
3
4
3
3
4
3
3
3
2
5
5
3
7
5
4
5
2
3
5
2
5
6
1
1
1
2
5
3
3
5
5
7
4
2
2
4
1
5
6
1
4
4
3
5
6
3
2
5
3
2
6
4
4
2
2
2
4
4
2
4
4
6
4
2
3
4
2
5
2
8
3
3
4
5
2
6
5
3
6
4
6
5
1
3
1
3
1
3
1
2
3
4
2
4
6
4
5
5
4
9
4
4
6
3
4
3
7
9
2
3
4
7
1
4
1
6
1
4
0
4
4
1
6
2
7
5
4
6
6
3
7
4
4
6
4
2
9
6
5
5
3
4
5
3
2
6
3
7
1
7
7
6
4
3
4
3
1
2
4
4
4
5
3
12
2
8
6
8
3
9
7
7
8
4
9
5
3
10
8
4
6
3
6
7
8
5
6
2
7
5
6
8
4
13
7
9
8
6
10
6
10
3
8
6
9
9
4
5
6
6
5
12
5
5
7
12
7
3
7
6
7
12
10
6
3
4
8
4
3
4
5
5
8
2
7
5
5
6
3
8
2
3
2
4
4
7
3
4
5
5
4
4
7
3
0
3
5
5
6
2
1
4
5
6
4
6
2
4
2
2
5
7
3
3
3
4
3
3
4
2
3
5
5
2
1
4
5
3
7
3
2
6
5
5
3
1
1
1
5
1
6
5
3
3
3
2
6
5
7
2
4
5
1
4
7
1
1
5
1
4
5
0
2
6
4
3
1
5
3
2
4
2
5
4
3
3
7
2
7
3
4
1
4
4
3
3
7
5
4
3
7
4
5
3
3
1
6
2
3
3
2
5
8
1
2
4
5
3
3
2
4
6
1
3
4
4
4
2
3
3
5
1
3
8
4
2
5
2
6
3
4
2
2
2
3
4
3
6
2
3
2
4
3
1
2
3
5
1
3
3
3
4
5
4
3
3
6
3
2
4
2
3
5
3
4
5
2
4
3
4
2
3
4
8
3
4
1
4
6
2
1
3
1
3
3
3
9
2
4
5
2
7
6
7
0
1
2
2
0
2
1
1
2
6
4
6
2
4
4
4
4
3
3
4
6
7
2
2
2
2
2
4
1
3
7
2
2
3
4
2
3
4
2
1
2
6
7
5
4
1
1
8
1
1
2
4
5
2
2
3
5
2
4
3
2
2
2
4
2
4
3
1
7
6
3
3
4
2
2
3
2
3
3
5
2
2
3
7
3
4
2
4
2
1
2
0
3
5
1
4
6
2
6
5
1
3
4
2
1
7
3
1
6
4
3
3
2
4
4
3
3
1
3
4
2
0
2
3
4
3
5
1
1
5
2
5
1
1
4
3
4
3
2
4
7
4
3
2
1
7
2
8
4
3
3
2
2
2
4
7
2
0
2
2
5
5
4
2
5
3
0
7
1
0
6
4
3
4
2
3
2
6
1
2
3
2
1
2
3
7
4
2
4
2
2
4
6
5
1
1
4
2
0
2
3
0
6
2
3
2
1
1
2
2
2
3
4
2
9
3
3
2
4
2
2
7
0
1
2
2
3
2
5
2
3
4
1
3
1
2
7
3
1
5
3
6
2
2
3
8
2
7
1
2
3
0
5
3
1
3
3
7
1
6
3
3
4
1
1
4
4
2
4
1
7
3
3
1
3
3
3
1
3
3
5
6
3
0
2
3
3
4
3
4
1
2
4
3
2
3
1
6
2
2
1
4
3
9
3
4
4
4
0
7
2
4
3
4
3
5
6
5
2
4
4
5
1
3
4
2
4
3
3
5
7
4
7
5
3
4
1
3
3
3
0
2
4
9
2
4
3
1
7
2
4
4
1
1
2
4
4
0
4
3
3
7
2
4
3
3
4
3
4
2
3
3
7
1
2
4
5
3
3
6
2
5
4
3
7
3
2
4
0
3
4
2
3
2
4
3
5
5
3
3
5
2
5
3
3
4
6
6
5
1
2
2
3
5
4
0
3
2
1
3
4
2
5
2
3
3
4
3
3
2
5
1
5
1
0
3
3
2
4
2
1
3
4
3
5
4
3
1
3
1
1
2
7
8
2
3
6
0
2
2
9
4
2
4
1
1
6
5
2
2
3
4
2
8
5
4
4
6
2
6
3
2
4
7
4
1
2
2
5
4
0
5
3
6
1
2
0
3
4
1
5
2
4
5
2
3
2
3
1
4
2
0
5
0
4
2
3
6
2
6
3
4
1
2
5
3
3
3
2
4
4
2
3
3
2
3
2
2
3
1
0
4
4
3
2
2
2
3
2
3
2
3
2
5
2
2
3
3
6
6
4
7
2
2
5
5
4
3
3
4
5
2
6
4
2
4
1
0
2
3
2
5
1
1
6
4
3
5
2
1
2
6
4
1
1
1
4
3
4
4
2
2
3
2
2
3
1
4
7
0
4
2
4
3
2
3
1
2
7
2
1
1
2
3
3
5
1
3
1
3
3
3
1
2
3
4
3
2
3
4
5
2
4
1
3
2
1
6
5
4
1
4
4
1
2
4
0
1
4
4
5
2
5
4
2
2
7
2
5
2
2
3
2
3
3
2
4
4
3
3
5
5
2
3
5
1
6
2
3
0
4
5
3
5
4
2
1
2
7
2
1
4
4
3
2
5
4
5
2
4
2
3
2
2
4
4
1
2
4
1
1
6
5
5
1
4
1
2
1
2
6
1
3
5
4
4
6
5
3
1
2
4
2
2
2
2
4
1
2
3
0
3
3
2
2
2
1
1
4
3
4
4
4
4
2
3
2
0
4
3
2
3
2
1
1
3
4
6
2
1
4
1
4
1
2
3
2
1
3
6
0
1
1
3
2
6
2
3
3
1
3
1
4
2
4
2
2
3
5
3
3
2
7
9
1
3
1
3
2
7
3
4
3
0
1
2
1
3
1
1
5
2
2
2
4
3
4
4
3
4
2
0
5
8
3
2
1
2
2
2
3
3
3
0
3
3
3
2
4
2
1
3
3
6
3
1
6
1
7
2
2
7
3
6
5
3
2
2
3
3
2
3
1
3
5
4
1
2
1
4
4
1
2
0
3
6
2
3
3
3
1
2
1
3
5
5
3
6
1
0
0
2
1
5
2
1
2
4
3
4
3
2
1
3
1
4
5
0
3
3
2
1
1
4
2
5
3
2
1
3
3
5
2
1
2
2
2
5
5
1
0
2
5
1
2
5
6
5
6
2
0
2
1
4
2
1
3
2
3
3
3
3
0
3
6
2
4
0
4
2
2
3
2
3
4
1
5
1
7
1
3
3
3
2
0
3
1
2
4
1
1
3
2
2
2
3
3
3
1
3
1
3
2
3
1
3
2
0
4
2
2
0
4
1
3
3
2
2
3
3
2
3
2
2
2
1
2
5
1
3
1
3
3
4
4
2
3
2
1
2
1
1
5
2
3
2
4
0
2
1
2
2
4
4
3
2
0
4
3
2
2
3
3
4
3
0
5
2
2
4
0
1
2
2
1
2
1
2
3
2
6
3
4
3
3
2
2
2
2
5
3
3
4
1
1
4
2
3
2
2
3
2
3
5
1
3
4
2
0
2
3
4
4
1
2
1
3
4
2
1
1
4
3
2
1
0
1
3
2
1
4
4
5
5
4
1
5
3
2
2
3
2
4
4
6
6
1
3
2
1
1
4
2
3
3
5
3
0
4
2
2
3
5
1
4
1
2
1
2
2
3
2
0
3
1
2
8
1
3
5
5
3
3
1
1
1
1
0
5
6
3
2
5
5
2
2
3
5
4
4
6
5
1
3
1
4
1
2
1
1
2
1
3
0
2
5
1
2
4
5
5
3
1
2
8
4
0
4
4
4
3
2
3
1
2
0
0
4
3
2
6
2
4
6
5
2
3
4
3
3
2
6
1
7
4
3
3
3
3
6
4
1
3
9
1
6
1
5
4
5
3
3
2
2
2
3
6
5
3
7
6
3
2
8
3
5
5
8
5
1
9
4
5
10
5
4
5
7
3
5
8
6
7
7
5
5
8
3
9
4
7
2
3
7
7
5
4
10
2
3
4
4
5
3
2
6
2
5
2
4
7
7
5
3
4
3
4
3
7
7
3
3
4
5
2
0
2
3
2
2
4
4
4
3
2
4
4
3
9
1
2
1
2
5
5
5
0
0
3
4
5
4
4
1
7
2
3
4
5
4
2
5
6
0
2
4
5
4
2
2
3
0
1
4
5
4
7
2
3
4
4
6
5
3
2
1
2
4
3
3
4
6
2
2
2
0
1
2
4
1
3
5
2
5
1
4
4
4
5
2
1
5
4
3
1
3
0
0
1
0
0
2
0
2
3
4
4
3
3
2
3
1
2
2
5
2
2
1
1
0
4
8
6
1
1
4
1
4
3
2
1
3
2
2
1
1
1
0
3
1
5
5
4
3
1
5
0
1
2
2
0
4
7
2
6
1
1
3
2
1
0
4
1
4
2
5
1
1
2
3
0
2
0
2
2
4
3
2
3
3
2
1
3
0
2
0
1
1
3
4
2
2
0
1
3
3
4
1
2
5
0
2
5
4
3
3
0
2
3
1
2
2
3
5
2
1
1
4
2
3
5
2
2
2
4
2
2
2
1
1
4
2
1
3
4
3
1
4
4
3
3
6
1
0
2
3
4
0
3
1
0
5
4
2
1
4
3
4
0
5
2
1
1
2
6
3
3
2
2
3
6
4
1
0
1
2
2
3
0
2
2
2
5
2
3
3
4
0
1
2
2
3
2
2
2
0
2
5
3
3
2
1
4
3
1
1
4
3
3
3
3
1
2
2
2
2
1
3
2
1
1
3
2
4
2
3
2
3
2
0
4
1
1
5
2
2
2
0
4
6
2
3
1
2
0
6
4
2
2
3
4
3
2
0
3
1
4
3
3
2
5
2
1
1
2
3
2
2
1
2
6
2
2
1
2
6
2
3
4
4
2
0
1
1
3
4
3
5
3
1
4
4
3
1
4
1
3
4
3
4
2
1
2
3
1
1
3
6
1
1
3
5
6
4
0
4
4
1
1
0
2
3
5
0
1
5
1
6
6
3
0
2
3
7
3
3
1
2
1
3
2
2
2
1
2
3
2
1
3
3
2
4
4
2
8
4
3
4
2
4
1
1
0
1
3
3
3
2
1
3
2
4
4
2
5
2
3
3
1
3
2
5
5
3
5
4
3
2
0
1
3
3
1
4
4
3
3
0
2
2
1
2
5
1
1
3
2
3
4
5
3
4
2
3
5
3
2
3
2
3
1
2
3
3
4
2
2
0
3
5
1
3
1
5
2
1
3
1
2
2
5
4
2
6
2
2
1
3
1
2
1
3
6
0
4
2
2
3
4
1
1
2
5
0
1
3
6
3
1
2
1
2
3
2
2
3
3
3
1
3
2
3
1
3
2
2
5
2
2
0
2
3
1
2
1
2
2
1
4
4
3
2
0
1
5
1
2
4
1
2
1
2
1
1
3
5
1
4
1
2
5
1
2
2
3
2
1
2
2
3
3
3
1
0
0
2
1
1
0
5
3
2
2
0
2
2
2
1
3
5
2
1
4
5
3
2
3
6
4
3
2
2
1
0
2
2
3
1
1
1
1
2
4
3
4
4
1
5
3
2
3
2
2
2
4
1
2
1
2
0
0
2
1
1
2
3
1
1
0
3
1
2
2
2
1
4
2
1
3
1
3
0
6
4
5
1
2
2
4
1
5
1
2
0
1
2
3
3
1
4
2
3
4
1
0
2
1
5
3
3
4
5
4
1
2
2
4
2
1
4
2
5
0
3
5
1
1
3
4
1
6
3
1
2
2
1
4
4
1
3
0
2
2
2
4
3
2
5
2
2
1
1
3
1
3
2
3
2
2
4
0
4
3
3
0
5
1
1
0
3
6
1
2
1
0
1
0
3
4
3
0
2
6
2
0
1
2
1
4
3
0
3
4
5
1
4
2
1
4
8
1
3
2
3
3
2
1
1
3
4
2
1
4
7
1
2
3
3
4
3
1
4
3
3
1
4
2
2
1
3
2
3
5
2
2
2
3
2
2
1
4
4
3
4
4
2
5
3
4
2
3
2
1
3
4
4
3
4
4
3
2
5
2
3
6
3
3
2
1
1
3
1
5
5
3
1
1
2
1
5
4
2
0
2
1
4
6
3
1
1
3
4
1
0
3
1
4
0
1
3
2
4
3
2
5
5
2
2
4
2
1
1
3
3
0
1
2
1
2
1
2
1
4
1
1
1
1
2
2
1
3
3
4
8
3
5
6
1
3
1
1
4
1
2
2
3
2
4
2
2
3
3
4
4
0
1
2
0
1
3
0
3
1
0
1
3
3
2
2
3
5
1
2
5
4
3
0
5
3
2
2
0
2
3
2
1
5
4
3
1
4
5
3
2
4
1
1
4
0
0
3
2
2
2
5
4
2
0
1
3
3
5
3
2
7
3
4
3
6
4
2
0
1
5
4
0
0
2
7
2
1
3
3
1
2
2
3
0
2
2
2
6
1
2
4
2
2
4
1
4
4
2
0
5
2
0
4
2
1
4
1
3
3
1
2
1
4
1
1
4
1
4
4
3
3
4
2
4
3
2
1
0
4
3
1
5
1
3
4
2
2
0
4
3
2
2
2
2
4
1
1
2
2
3
2
2
2
4
5
4
1
1
4
1
3
1
4
2
3
1
0
1
2
7
6
2
1
4
7
4
1
5
7
4
1
5
5
7
6
4
3
2
4
2
4
2
1
6
3
4
4
4
1
3
6
1
5
4
4
2
5
8
0
4
4
0
4
3
3
1
2
2
1
3
6
5
2
4
5
3
4
2
3
0
2
4
3
8
1
6
3
2
4
2
1
2
4
2
1
6
0
1
4
2
1
4
2
1
2
0
1
4
2
0
4
0
2
4
4
2
0
0
3
3
4
2
4
2
1
0
4
2
6
1
1
5
2
2
0
3
3
1
1
3
4
2
2
1
1
3
1
1
1
2
1
3
2
4
1
1
3
4
3
1
0
0
7
2
3
0
4
3
1
1
2
0
2
2
0
1
3
3
1
2
0
2
2
2
1
3
1
2
2
2
1
0
2
2
1
5
1
0
2
2
1
5
1
4
2
1
0
3
1
0
3
2
1
2
0
2
3
0
0
2
0
2
5
2
3
3
1
3
2
3
3
1
2
3
2
2
5
1
1
1
3
5
1
2
2
2
2
4
3
1
1
3
0
2
0
3
0
2
1
2
3
3
2
1
2
0
3
1
1
1
5
3
4
1
2
1
2
2
2
3
1
1
3
2
1
1
2
4
4
2
1
4
1
2
3
3
0
3
3
0
2
0
1
2
5
4
3
2
6
1
1
0
3
2
1
3
2
2
4
1
0
0
1
2
1
2
1
3
1
0
0
1
3
3
2
2
5
2
2
1
2
3
3
2
2
0
5
0
0
0
1
0
2
1
1
0
0
2
2
1
1
0
0
1
2
1
4
3
2
1
2
1
1
1
0
1
0
0
2
1
1
0
0
2
1
2
1
2
1
0
1
0
2
0
3
0
0
2
1
1
2
0
2
4
0
3
1
0
4
0
1
2
4
1
2
1
2
2
0
0
2
2
1
0
1
1
0
0
2
0
1
2
1
2
4
2
2
3
0
1
2
1
0
0
1
3
2
3
0
3
1
2
0
1
1
1
0
2
1
2
0
2
3
0
2
2
3
2
1
1
3
2
5
1
2
1
1
1
0
2
1
1
1
2
4
3
4
2
3
1
0
2
1
1
2
1
0
1
1
0
3
0
2
3
2
2
0
0
0
1
1
1
2
1
2
1
4
2
2
0
2
2
1
0
1
4
2
1
2
0
1
3
0
3
0
0
1
3
2
1
1
0
1
3
3
0
1
1
1
2
2
3
2
2
3
1
4
1
1
1
1
2
2
1
2
0
2
1
3
0
1
0
3
2
0
1
3
0
2
0
2
2
0
5
3
2
2
0
0
1
1
0
2
0
3
2
0
0
3
2
2
4
1
3
2
1
3
1
2
1
0
1
2
0
0
6
1
0
2
1
4
5
2
1
3
1
3
2
2
1
1
1
1
3
3
2
1
1
2
1
0
1
1
1
0
0
5
1
1
1
2
1
3
3
0
0
3
1
1
1
1
1
1
2
3
1
1
1
2
3
1
1
1
2
1
2
2
3
0
2
1
2
3
1
0
1
0
3
1
0
2
0
0
2
0
5
1
0
0
0
1
0
2
1
1
0
1
0
3
3
1
1
2
0
2
1
2
1
1
2
0
1
5
2
1
1
2
0
0
1
1
3
3
0
1
0
1
0
1
2
1
1
1
1
1
0
4
0
2
0
0
0
0
0
1
1
1
1
0
3
1
3
3
2
0
1
1
0
3
0
2
0
2
1
1
1
1
2
1
0
0
4
0
0
1
3
2
0
2
0
3
1
1
1
1
2
1
1
1
1
3
2
1
1
3
2
3
0
0
0
2
0
1
1
2
1
2
2
2
4
1
2
2
0
4
2
1
2
2
0
0
1
2
1
0
1
0
0
1
0
1
3
2
1
1
1
1
2
2
0
0
0
1
1
1
1
3
4
1
1
2
0
1
4
3
2
2
3
3
0
4
1
1
0
0
3
2
2
0
1
3
1
0
1
1
1
1
1
2
0
0
0
1
0
1
2
0
1
1
2
2
2
4
0
0
2
0
0
3
0
1
0
1
0
5
1
1
0
2
3
2
3
1
2
4
1
2
4
1
7
3
1
1
2
2
1
0
0
3
1
1
1
1
2
2
0
1
2
2
1
0
0
0
2
2
0
0
2
1
0
0
1
0
2
1
2
0
0
1
1
2
1
2
3
0
1
0
1
1
3
3
2
0
0
2
0
1
1
3
1
1
1
0
1
2
1
0
1
1
4
0
1
2
2
0
1
0
0
1
4
3
2
1
0
1
0
4
1
0
2
1
1
2
0
1
1
2
1
2
0
2
0
1
0
2
0
0
2
1
2
3
0
2
0
2
0
2
0
0
1
1
1
2
1
0
2
0
1
0
2
1
2
0
2
2
2
1
0
0
4
1
3
1
3
2
3
1
0
0
0
0
1
1
1
0
0
0
1
2
1
2
3
3
2
2
3
3
2
2
0
2
6
1
1
3
2
3
3
1
0
1
1
2
2
0
0
0
4
2
1
0
0
0
0
1
1
1
0
1
0
1
1
3
3
1
0
2
0
1
1
0
0
1
0
1
1
2
0
2
1
0
3
2
0
1
0
1
0
0
0
1
1
1
0
2
1
3
1
1
0
1
1
1
1
2
0
0
0
2
2
1
0
0
0
2
1
0
0
0
0
1
3
2
1
0
0
0
2
3
1
1
0
2
1
1
0
3
0
0
2
1
1
0
0
0
2
1
2
1
0
0
0
0
0
2
0
1
0
0
0
0
1
0
2
1
1
0
0
1
0
0
4
0
0
1
1
2
0
2
0
2
1
1
2
0
1
1
1
0
3
0
0
1
0
2
0
3
0
0
0
1
2
2
1
2
0
2
0
1
3
1
2
0
0
0
0
1
2
2
2
1
0
1
2
1
0
3
0
0
2
1
1
2
0
1
0
0
0
1
2
0
0
2
2
0
1
0
2
2
0
0
1
0
1
2
2
2
1
0
0
0
0
2
1
0
1
0
1
3
0
1
0
3
1
2
0
2
0
1
0
1
1
0
0
1
2
1
1
0
1
1
3
0
1
1
1
0
0
1
0
1
3
1
0
2
1
2
0
1
1
0
0
1
1
0
0
4
2
1
0
0
2
2
2
2
1
0
3
1
0
3
0
1
0
0
1
0
0
1
1
0
0
2
0
0
2
0
1
1
0
3
0
1
3
0
0
0
2
0
0
0
1
2
0
2
1
2
1
0
1
0
0
1
0
0
1
1
1
0
1
0
3
1
0
0
2
2
1
0
2
1
3
0
0
2
1
0
0
0
0
1
2
2
1
1
1
1
1
1
1
1
0
0
1
0
0
1
1
1
1
1
1
0
3
1
1
2
0
2
2
3
2
1
5
2
1
0
2
3
1
1
2
2
0
2
0
1
2
0
2
2
1
1
2
0
0
0
1
1
2
3
2
0
0
3
2
2
1
3
1
3
0
0
1
2
1
2
0
1
1
2
0
0
1
0
1
0
0
0
1
1
3
2
3
2
3
0
2
1
1
0
2
3
1
0
2
0
0
0
0
0
0
0
1
4
0
2
1
2
1
0
1
0
2
2
0
1
1
3
1
1
0
0
0
0
0
1
0
0
1
0
2
1
0
2
0
2
0
0
0
0
0
2
3
0
0
2
0
1
1
1
0
0
0
1
1
0
0
3
2
0
1
1
2
2
3
2
1
0
1
0
0
1
2
0
1
0
0
0
0
0
0
1
1
0
2
0
0
0
1
1
0
1
2
0
0
1
2
0
0
0
2
0
0
2
1
0
0
0
1
1
2
2
1
1
1
1
1
1
0
2
0
1
2
1
1
1
0
3
1
0
1
0
1
1
0
0
2
1
0
1
0
0
0
1
1
1
0
0
2
0
0
1
1
1
0
0
1
0
0
3
3
0
1
3
0
0
1
2
1
2
2
0
1
0
0
1
2
2
4
0
1
0
1
0
2
0
1
1
2
0
0
0
0
1
0
0
1
0
0
0
0
0
1
0
0
0
0
3
0
0
0
1
3
0
2
0
1
4
2
0
0
1
1
1
3
0
1
1
3
1
0
1
1
1
2
2
2
3
2
3
1
1
0
0
1
2
0
2
0
2
0
2
0
1
1
2
1
0
0
0
1
0
2
1
2
5
1
4
1
0
2
1
0
0
0
1
0
0
1
0
0
1
0
0
0
0
1
1
2
1
0
1
0
0
1
2
0
0
1
0
0
0
1
1
0
1
0
0
1
2
0
1
2
0
2
0
0
1
0
2
1
0
0
1
0
1
2
0
0
2
0
0
1
1
0
0
0
0
2
0
0
2
0
2
0
2
0
0
0
1
0
0
1
2
1
1
2
2
1
0
1
1
0
0
1
0
0
0
0
1
1
0
1
1
0
0
1
1
0
2
1
0
0
1
0
1
0
0
2
2
1
1
2
1
0
0
0
0
0
3
1
2
1
1
3
2
2
0
0
3
0
0
1
1
0
0
1
0
1
0
0
1
1
0
1
2
0
0
1
0
3
0
0
0
0
0
0
0
0
1
0
1
0
0
1
0
0
2
0
0
1
1
2
0
1
0
2
1
0
1
1
2
1
0
0
0
0
1
0
0
0
0
0
1
1
0
1
1
0
1
0
2
2
1
0
0
1
1
2
0
0
1
0
0
0
2
1
1
3
2
2
0
0
1
0
1
0
1
0
0
1
2
3
2
0
1
0
1
1
0
0
1
1
0
0
0
1
0
1
3
1
0
0
1
2
2
1
0
2
1
0
0
0
0
0
2
1
0
0
0
0
0
0
0
0
1
0
1
2
2
0
1
1
2
1
1
1
4
1
1
0
1
0
0
0
1
2
0
1
2
0
0
0
1
1
0
0
1
1
0
0
0
2
1
0
0
0
1
1
1
0
0
0
1
2
2
0
0
0
1
0
0
3
0
0
1
0
1
0
0
0
1
0
3
1
1
1
0
0
0
2
2
2
0
1
1
0
1
1
0
1
0
3
1
0
0
0
0
0
1
2
2
2
0
0
1
0
1
3
0
0
1
0
0
0
0
0
2
3
0
1
3
1
0
1
0
0
0
0
0
0
1
0
4
1
4
2
1
3
1
2
0
2
2
2
0
6
0
0
4
2
2
3
2
2
5
1
2
1
1
2
2
3
1
2
2
0
3
0
5
1
5
1
3
6
0
1
3
2
0
2
4
4
2
6
3
1
4
8
7
6
6
9
6
12
10
12
10
8
12
5
14
14
11
6
14
7
3
7
9
8
9
12
11
9
17
10
8
11
16
15
8
13
14
7
8
10
11
11
11
17
18
6
12
12
6
9
10
10
9
14
8
6
7
10
11
9
11
13
8
10
6
16
8
10
13
10
6
7
7
9
10
4
8
4
6
9
7
3
3
6
8
5
5
4
4
5
7
3
7
6
5
3
3
2
6
6
1
2
4
7
0
1
3
2
2
3
1
3
1
3
3
1
0
2
3
1
2
3
3
2
4
4
1
0
1
0
1
0
0
0
1
0
0
3
1
1
2
0
1
0
0
0
1
1
0
0
0
1
2
0
0
1
1
2
1
1
1
0
0
1
0
0
1
1
0
0
0
2
1
0
1
0
0
0
2
1
0
0
0
0
0
0
0
1
0
0
0
1
0
0
0
0
1
1
0
0
2
0
1
0
2
1
0
1
0
1
0
0
1
2
1
0
0
1
0
1
1
1
0
0
1
1
2
0
1
1
3
0
1
2
1
0
1
1
0
2
1
1
1
2
1
1
0
1
0
0
0
0
1
0
0
1
1
0
0
1
1
0
1
0
0
1
1
0
0
0
0
0
0
2
1
0
0
2
0
2
0
0
1
0
1
0
1
1
0
0
0
0
0
1
1
1
1
0
0
1
4
1
1
3
0
0
0
0
0
0
3
0
0
1
0
0
0
0
1
1
0
0
1
0
0
1
2
1
1
0
0
0
2
0
0
0
0
0
1
1
0
0
0
1
0
0
0
2
4
0
0
1
1
1
3
1
0
0
1
2
0
0
0
0
0
2
0
0
2
0
0
1
0
0
0
0
0
0
0
0
0
1
0
2
1
2
0
0
0
0
0
0
1
0
1
0
0
0
0
0
1
0
1
0
2
0
0
0
1
0
0
1
1
1
0
1
1
0
0
0
1
1
4
1
2
0
1
1
0
0
1
1
1
1
0
3
0
0
1
1
0
0
1
1
0
0
1
0
0
0
2
1
0
0
0
1
1
0
0
1
0
1
2
0
0
0
0
2
0
1
1
1
0
1
0
0
1
0
0
0
0
0
0
0
2
0
0
1
2
1
1
1
0
3
0
0
1
0
1
2
1
0
2
2
2
0
0
1
0
1
0
1
1
3
1
1
0
1
0
1
0
0
0
1
1
3
1
1
0
1
0
1
1
0
2
0
1
0
1
0
0
0
2
0
0
0
1
0
0
0
1
1
1
0
0
1
1
2
0
1
1
1
0
1
1
1
2
0
3
1
0
0
0
0
0
0
2
0
0
0
1
1
0
2
0
0
0
1
0
0
0
0
0
0
1
0
0
1
0
0
1
0
1
0
0
0
0
2
1
1
2
0
1
0
0
0
0
1
0
1
0
1
0
1
0
1
0
1
1
0
1
0
1
1
0
0
1
0
2
0
0
0
1
0
0
1
0
1
0
0
0
1
0
1
0
0
0
1
0
1
0
0
0
1
0
0
0
0
0
0
0
1
0
0
0
0
0
0
0
0
2
0
0
1
0
2
2
0
1
0
0
0
0
0
0
1
0
0
1
0
1
1
0
0
1
0
0
0
0
0
0
0
1
0
1
1
0
0
0
0
0
0
0
1
2
0
1
0
1
0
1
0
0
1
1
0
0
0
3
0
0
0
3
0
0
0
2
0
0
2
0
0
1
0
0
2
0
0
0
0
0
1
0
0
0
0
0
0
0
0
0
0
1
0
0
0
1
0
0
0
0
2
0
1
0
0
0
0
1
1
0
1
0
0
1
1
1
0
0
0
0
0
0
0
0
1
0
0
1
0
0
3
0
0
0
0
0
0
0
1
0
0
1
0
1
1
0
1
1
0
1
1
1
1
0
0
0
1
0
0
1
1
0
0
0
0
0
1
0
0
0
2
0
1
0
0
0
0
0
1
1
1
1
0
0
1
0
0
0
0
1
0
0
0
1
0
0
0
0
1
0
0
1
1
0
0
0
0
0
0
1
0
0
1
1
1
0
0
1
1
0
0
2
0
1
2
1
1
1
1
0
0
0
0
1
0
0
1
0
0
0
1
0
0
1
1
0
1
1
0
0
0
0
2
1
0
1
0
0
0
0
1
0
0
0
0
0
1
0
1
1
0
0
0
0
1
1
1
0
0
0
0
0
1
1
0
1
1
0
0
0
0
0
0
2
0
0
0
0
0
0
1
1
0
0
1
0
1
0
0
0
0
0
1
1
1
1
0
1
0
1
0
1
0
2
0
1
0
0
0
0
0
0
0
0
0
0
0
0
0
0
0
0
0
0
0
0
0
0
0
0
0
0
0
0
0
0
0
0
0
0
0
0
0
0
0
0
0
0
0
0
0
0
0
0
0
0
0
0
0
0
0
0
0
0
0
0
0
0
0
0
0
0
0
0
0
0
0
0
0
0
0
0
0
0
0
0
0
0
0
0
0
0
0
0
0
0
0
0
0
0
0
0
0
0
0
0
0
0
0
0
0
0
0
0
0
0
0
0
0
0
0
0
0
0
0
0
0
0
0
0
0
0
0
0
0
0
0
0
0
0
0
0
0
0
0
0
0
0
0
0
0
0
0
0
0
0
0
0
0
0
0
0
0
0
0
0
0
0
0
0
0
0
0
0
0
0
0
0
0
0
0
0
0
0
0
0
0
0
0
0
0
0
0
0
0
0
0
0
0
0
0
0
0
0
0
0
0
0
0
0
0
0
0
0
0
0
0
0
0
0
0
0
0
0
0
0
0
0
0
0
0
0
0
0
0
0
0
0
0
0
0
0
0
0
0
0
0
0
0
0
0
0
0
0
0
0
0
0
0
0
0
0
0
