0
0
0
0
0
0
0
0
0
0
0
0
0
0
0
0
0
0
0
0
0
0
0
0
0
0
0
0
0
0
0
0
0
0
0
0
0
0
0
0
0
0
0
0
0
0
0
0
0
0
0
0
0
0
0
0
0
0
0
0
0
0
0
0
0
0
0
0
0
0
0
0
0
0
0
0
0
0
0
0
0
0
0
0
0
0
0
0
0
0
0
0
0
0
0
0
0
0
0
0
0
0
0
0
0
0
0
0
0
1
0
0
14
550
4123
8100
8267
7425
7044
6890
6761
6758
6785
6937
6999
7047
7201
7286
7544
7397
7684
7610
7619
7478
7543
7665
7576
7622
7642
7524
7604
7481
7580
7470
7365
7575
7488
7421
7360
7250
7209
7389
7165
7139
7232
7132
7326
7140
7344
7127
7168
6998
7027
6939
7148
6951
6973
6813
6752
6917
6850
6840
6704
6806
6907
6829
6829
6736
6751
6707
6676
6603
6833
6657
6716
6554
6688
6527
6559
6636
6635
6606
6467
6534
6568
6610
6478
6447
6346
6445
6509
6488
6612
6501
6498
6321
6385
6429
6329
6411
6410
6194
6349
6253
6227
6196
6463
6151
6213
6367
6216
6267
6305
6059
6163
6385
6242
6214
6226
6048
6104
6099
5891
6157
5855
6081
5954
6131
6053
5972
6016
6152
6246
5988
5940
6060
5782
5905
5964
5948
6038
5893
5946
5908
5860
6020
6002
5859
5732
5867
5934
5893
5925
5790
5898
5726
5864
5853
5900
5701
5923
5756
5882
5728
5817
5689
5869
5959
5843
5964
5715
5744
5695
5750
5780
5640
5664
5772
5783
5808
5709
5784
5714
5753
5735
5748
5770
5561
5634
5641
5668
5774
5859
5662
5644
5630
5598
5667
5616
5678
5711
5672
5526
5639
5589
5636
5689
5564
5507
5770
5575
5535
5492
5622
5533
5564
5441
5651
5525
5586
5518
5475
5520
5578
5526
5462
5346
5503
5490
5540
5542
5556
5592
5545
5455
5400
5452
5354
5372
5377
5343
5424
5511
5278
5374
5477
5435
5500
5322
5441
5451
5336
5448
5415
5442
5309
5437
5284
5310
5291
5259
5402
5306
5276
5294
5409
5427
5394
5262
5305
5242
5408
5275
5421
5221
5454
5270
5236
5386
5259
5183
5422
5517
5344
5332
5254
5271
5249
5299
5341
5155
5297
5227
5303
5248
5344
5287
5273
5343
5263
5183
5150
5270
5147
5374
5251
5320
5209
5152
5205
5253
5204
5254
5159
5211
5247
5283
5252
5264
5268
5075
5314
5163
5287
5166
5250
5190
4996
5167
5069
5175
5250
5115
5126
5156
5126
5173
5007
5175
5020
5056
5129
5096
5095
5106
5099
5181
5013
5089
5195
5068
5203
5142
5074
5152
5110
5012
5195
5067
5168
4986
5116
5089
4982
5147
5181
5020
5081
5094
5024
5051
5088
5031
4806
5035
4963
5040
5028
4990
4983
5040
4983
4910
5052
5142
5019
5121
5001
4944
4995
5086
5102
4913
4930
5049
4961
5155
4982
5061
5168
4918
5098
5046
5107
4969
4940
4947
4908
4996
4999
4974
5208
4974
4895
4915
4957
4844
4888
4895
4891
4977
4809
4940
4973
4997
4917
4950
5052
4953
4893
5028
4925
4950
4876
4906
4941
4892
4864
4734
4917
4967
4863
4836
4907
4964
4937
5039
4857
4936
4951
5022
4991
4850
4924
4850
4915
4983
4952
4929
4839
4845
4858
5002
4933
4821
4924
4825
4855
4892
5015
4769
4965
4957
4830
4912
4864
4860
4916
4931
4798
4908
4878
4875
4943
4889
4880
4865
4912
4830
4892
4842
4771
4790
4906
5019
4965
4840
4945
4929
4900
4837
4814
4849
4875
4682
5013
4872
4754
4910
4915
4809
4764
4834
4906
4895
4848
4815
4923
4879
4799
4808
4830
4774
4815
4816
4810
4891
4797
4875
4869
4854
4860
4817
4871
4817
4821
4772
5009
4710
4750
4688
4817
4798
4886
4880
4806
4740
4852
4814
4841
4781
4862
5018
4913
4864
4868
4840
4801
4921
4945
4768
4864
4830
4954
4726
5034
4871
4844
4848
4955
4767
4967
4867
4931
4921
4911
4955
4961
4958
4872
5028
4828
4913
4885
4894
4939
4856
4853
4850
4900
4926
4853
4842
5047
4718
4923
4977
5043
4993
4744
4855
4795
4713
4864
4933
4918
4912
4911
4913
4839
4761
4835
4987
4876
4817
4937
4809
4888
4831
4850
4874
4828
4759
4943
4815
4957
4841
5015
4756
4826
4863
4828
4855
4917
4875
4987
4833
4881
5008
4916
4953
4809
4790
4903
4854
4967
4657
4864
4890
4868
4890
4903
4967
4799
4913
4957
4939
4769
4991
4877
4847
4844
4892
4934
4893
4854
4747
4713
4821
4759
4861
4859
4987
4810
4839
4989
4850
4989
5002
4889
4908
4899
5023
4941
4958
5036
4912
4917
4822
5064
4838
4986
5080
4935
4818
4983
5024
5015
4945
4946
4791
5035
4914
4873
5042
4911
4853
4918
5055
4871
4877
4893
4873
4901
4852
4787
4820
4988
5015
4793
5004
4978
4806
4760
4822
4922
4967
4915
4938
4905
4925
4857
4831
4915
5059
5201
5191
5198
5257
5405
5327
5376
5260
5168
5214
5205
5135
5217
5010
4970
4984
4991
5010
4999
5009
4853
5027
5001
4935
5050
4918
4969
4783
4721
4815
4866
4773
4788
4688
4744
4788
4812
4855
4673
4722
4794
4710
4738
4709
4838
4598
4637
4851
4784
4695
4681
4712
4788
4746
4720
4786
4840
4668
4792
4773
4683
4708
4744
4900
4843
4809
4775
4689
4828
4770
4846
4719
4872
4870
4883
4806
4838
4795
4856
4813
4865
4823
4870
4957
4945
4814
4830
4853
4931
4901
4888
4851
4746
4906
4752
4916
4971
4834
5001
4942
4810
4952
5016
4876
4932
4810
4848
4830
4729
4862
4916
4893
4972
4982
4846
4872
4827
5006
5001
4908
4895
5003
4951
4948
5016
4859
4913
5023
5000
5019
5074
4956
4979
4916
5060
5008
5031
4894
5110
4990
5069
5167
5107
5119
5221
5083
5229
5041
5066
5143
5011
5079
5220
5080
5203
5130
5085
5025
5178
5226
5206
5170
5109
5291
5095
5051
5208
5200
5126
5146
5237
5197
5270
5237
5262
5281
5270
5363
5300
5328
5267
5195
5401
5277
5272
5366
5226
5307
5383
5274
5344
5384
5348
5358
5375
5313
5409
5240
5356
5485
5471
5359
5253
5383
5352
5325
5291
5450
5437
5265
5499
5503
5456
5444
5474
5449
5534
5317
5440
5529
5499
5613
5478
5570
5573
5499
5469
5458
5525
5508
5640
5605
5484
5589
5507
5591
5422
5520
5561
5609
5544
5511
5749
5601
5666
5600
5561
5628
5601
5480
5571
5666
5604
5720
5844
5667
5726
5544
5768
5687
5813
5687
5570
5665
5692
5699
5638
5703
5794
5669
5791
5764
5933
5745
5764
5786
5683
5648
5723
5808
5817
5845
5875
5809
5861
5856
5680
5771
5926
5845
5986
5812
5807
5917
5732
5893
6010
5872
5912
5778
5938
5841
5934
5836
5792
5945
5930
5986
5967
5986
6087
6033
5921
5997
5873
6088
5952
5927
5893
5993
6045
6132
5916
6028
5981
6065
6064
5996
5868
5999
5942
6002
6066
6005
5998
6034
6055
5954
6136
5980
5913
6105
6047
6223
6114
6285
6132
6157
6197
6036
5924
6082
5956
6138
5921
6054
6135
6109
6221
6272
6285
6191
6167
6081
6211
6195
6219
6096
6036
6056
6150
6155
6221
6276
6194
6267
6261
6153
6187
6210
6118
6160
6250
6208
6094
6306
6234
6376
6279
6319
6252
6262
6300
6266
6273
6240
6170
6309
6288
6288
6297
6361
6266
6223
6334
6377
6182
6271
6326
6264
6327
6298
6425
6309
6380
6420
6311
6381
6483
6369
6393
6377
6365
6370
6417
6451
6378
6544
6479
6430
6375
6381
6326
6282
6431
6343
6499
6486
6379
6419
6410
6554
6349
6358
6529
6506
6533
6444
6585
6493
6458
6652
6480
6573
6489
6491
6452
6415
6424
6659
6411
6434
6560
6530
6508
6580
6523
6562
6468
6452
6573
6414
6555
6699
6655
6570
6661
6516
6682
6547
6517
6602
6684
6536
6595
6561
6526
6735
6727
6720
6607
6596
6712
6626
6662
6583
6616
6671
6631
6736
6792
6788
6513
6711
6648
6725
6771
6608
6886
6657
6755
6720
6795
6600
6816
6651
6693
6580
6852
6881
6801
6691
6779
6891
6886
6752
6720
6760
6812
6801
6742
6869
6729
6841
6883
6846
6861
6853
6857
6823
6888
6902
6803
6880
6936
7072
7122
6958
6821
6965
6942
6832
6935
7028
6838
6975
7009
7039
6873
6995
7071
7123
6892
7033
6996
7189
6960
7112
7063
7009
7055
6931
7120
6991
7190
7025
7087
7093
7088
7156
6957
7167
7098
7118
7135
7319
7187
7204
7349
7091
7150
7119
7069
7108
7109
7146
7151
7189
7216
7230
7089
7269
7220
7281
7299
7345
7185
7052
7266
7331
7239
7309
7357
7482
7219
7249
7353
7280
7444
7278
7387
7387
7313
7407
7441
7427
7264
7387
7374
7512
7399
7322
7472
7342
7529
7465
7578
7479
7504
7397
7500
7376
7534
7650
7411
7565
7403
7515
7488
7479
7593
7511
7510
7656
7447
7641
7569
7473
7553
7434
7558
7471
7667
7548
7581
7489
7512
7512
7580
7756
7653
7629
7515
7564
7662
7531
7611
7763
7671
7698
7513
7665
7661
7499
7715
7633
7666
7808
7523
7756
7576
7693
7882
7812
7729
7595
7802
8020
7814
7839
7722
7898
7826
8022
7856
7836
7934
8027
7960
7931
7930
7895
7939
7909
8098
8030
7953
8140
8011
7960
8034
8171
7976
7915
8134
8065
8011
8123
8129
8171
8052
8087
8218
8120
7993
8069
8182
8065
8324
8183
8353
8120
8170
8090
8236
8036
8116
8048
8242
8174
8170
8017
8140
8131
8324
8184
8313
8274
8132
8266
8237
8289
8173
8143
8051
8356
8278
8413
8388
8251
8280
8409
8278
8271
8289
8292
8397
8273
8358
8282
8386
8431
8170
8326
8304
8303
8248
8275
8393
8329
8311
8319
8338
8405
8323
8280
8377
8363
8318
8255
8185
8133
8364
8365
8334
8359
8319
8144
8257
8333
8271
8262
8212
8408
8144
8227
8309
8201
8354
8241
8300
8265
8368
8295
8387
8358
8492
8481
8512
8537
8682
8773
8860
8980
8808
8829
8693
8542
8554
8521
8620
8503
8302
8367
8330
8447
8213
8280
8241
8241
8102
8098
8175
8272
8187
8118
8136
8012
7987
8243
7997
8087
7989
7914
7962
7974
7969
7967
7990
7902
7986
7951
7887
7822
7917
7904
7876
7992
7862
7780
7783
7886
7782
7761
7905
7876
7755
7638
7739
7735
7668
7720
7750
7647
7808
7550
7535
7497
7476
7577
7638
7658
7532
7640
7607
7823
7806
7754
7638
7595
7384
7416
7559
7662
7478
7686
7379
7690
7582
7647
7515
7513
7539
7485
7488
7494
7469
7483
7518
7576
7488
7389
7429
7493
7530
7559
7560
7286
7484
7396
7382
7508
7420
7418
7477
7425
7522
7480
7301
7470
7443
7462
7334
7470
7344
7373
7311
7449
7515
7303
7341
7277
7343
7444
7261
7463
7295
7435
7402
7442
7387
7197
7320
7284
7240
7302
7323
7193
7349
7368
7196
7259
7340
7153
7359
7219
7487
7273
7347
7232
7273
7071
7102
7208
7259
7066
7201
7239
7181
7134
7303
7171
7245
7137
7041
7079
7137
7065
7060
7136
7076
7098
7025
7079
7025
7182
7207
7186
7186
7048
7011
7039
7031
6999
6951
7170
7106
7068
7201
6986
6884
7129
7190
7055
7062
7159
7098
6984
7004
7004
6764
7072
6972
7023
6952
6922
7010
6927
7048
7044
7064
6886
7144
6752
7056
6780
6943
6908
6869
6994
7053
6914
6980
6901
6899
6962
7040
6782
7054
6931
6938
6981
6988
6806
6851
6953
6763
6826
6920
6918
6964
6831
6923
6879
6879
6982
6736
6701
6906
6778
6785
6822
6962
6709
6765
6619
6811
6876
6912
6895
6877
6747
6826
6882
6679
6948
6728
6720
6710
6671
6799
6829
6864
6827
6860
6797
6727
6804
6815
6834
6862
6892
6605
6704
6895
6633
6741
6802
6660
6747
6578
6731
6686
6700
6648
6680
6752
6734
6696
6726
6597
6572
6571
6714
6565
6656
6537
6575
6787
6613
6712
6567
6654
6599
6447
6699
6667
6732
6543
6539
6649
6531
6489
6615
6546
6516
6499
6639
6669
6640
6580
6632
6579
6388
6535
6463
6493
6531
6481
6521
6475
6538
6571
6522
6554
6511
6407
6488
6562
6599
6519
6436
6434
6594
6591
6478
6367
6348
6493
6481
6428
6541
6517
6460
6356
6393
6386
6309
6441
6389
6552
6437
6425
6360
6395
6412
6451
6281
6225
6455
6270
6298
6232
6351
6471
6283
6273
6347
6336
6381
6257
6438
6137
6339
6230
6310
6236
6113
6116
6281
6272
6131
6240
6203
6251
6374
6258
6148
6182
6274
6223
6137
6102
6241
6203
6200
6108
6153
6169
6115
6102
6122
5974
6245
6040
6184
6161
6129
6097
6004
6055
5958
5982
5953
5918
6080
5870
6084
6063
5962
5982
5873
5907
6018
5957
5851
6011
5919
5847
5872
5828
5824
5750
5838
5801
5752
5720
5827
5829
5867
5718
5646
5528
5690
5680
5619
5670
5595
5631
5678
5611
5489
5579
5490
5639
5640
5465
5592
5495
5501
5436
5448
5514
5476
5492
5504
5479
5282
5383
5364
5468
5338
5372
5385
5245
5260
5193
5308
5290
5307
5124
5105
5383
5233
5217
5266
5123
5187
5158
5141
5121
5134
5156
5229
5071
5121
5116
4985
5208
4938
4940
5090
4931
5033
5014
4850
5039
4964
5038
4986
5006
5028
5150
4978
4862
4826
4931
4957
4836
4880
4910
4906
4885
4872
4896
4882
4815
4781
4935
4917
4841
4809
4889
4798
4908
4693
5003
4854
4792
4847
4853
4929
4802
4842
4747
4688
4811
4868
4725
4799
4816
4752
4838
4710
4772
4782
4746
4783
4870
4751
4680
4792
4824
4836
4749
4738
4842
4744
4738
4805
4751
4849
4745
4800
4837
4739
4769
4803
4674
4733
4784
4742
4803
4749
4805
4625
4805
4702
4723
4740
4672
4632
4708
4609
4628
4587
4824
4674
4761
4722
4713
4746
4653
4763
4652
4643
4691
4635
4663
4703
4664
4675
4677
4606
4755
4613
4714
4763
4801
4966
4855
5004
5047
5044
4861
5150
4949
5018
4903
4827
4849
4788
4807
4690
4662
4703
4793
4681
4735
4617
4660
4545
4583
4615
4728
4514
4488
4468
4497
4455
4324
4576
4388
4425
4457
4437
4392
4327
4279
4316
4289
4291
4349
4368
4313
4280
4347
4260
4273
4163
4333
4306
4267
4111
4117
4158
4141
4178
4248
4250
4187
4238
4211
4321
4131
4210
4096
4160
4142
4165
4225
4053
4090
4159
4150
4165
3984
4197
4051
4045
4102
4113
4123
4062
4061
4170
4164
4263
4088
4236
4144
4070
4157
4071
4110
4008
3953
4082
4165
4090
4086
4151
4123
4098
4069
4047
4006
3999
3963
4009
3972
3996
4007
3951
3919
4132
3902
3912
3988
4012
4045
4029
3871
3972
4086
3948
3940
3899
3909
3962
3982
4043
3827
3972
3913
3881
3935
3976
3969
3861
3851
4026
3904
3972
3891
3885
3937
3791
3868
3825
3859
3854
3853
3888
3902
3921
3933
3969
3870
3888
3880
3929
3873
3853
3876
3914
3864
3811
3926
3870
3841
3891
3909
3802
3877
3932
3773
3779
3910
3769
3831
3789
3858
3762
3772
3697
3763
3831
3846
3861
3734
3833
3736
3820
3844
3782
3792
3747
3846
3881
3716
3819
3886
3771
3710
3735
3634
3806
3809
3854
3681
3815
3753
3661
3720
3705
3771
3770
3765
3724
3761
3680
3792
3800
3670
3629
3621
3782
3799
3657
3684
3653
3701
3686
3655
3671
3705
3637
3608
3721
3567
3708
3671
3669
3645
3754
3716
3624
3646
3568
3570
3635
3681
3638
3651
3605
3618
3557
3657
3634
3706
3604
3642
3601
3606
3684
3567
3648
3568
3619
3560
3678
3595
3679
3590
3529
3586
3575
3603
3679
3583
3594
3635
3596
3616
3572
3443
3462
3585
3618
3571
3609
3602
3596
3499
3621
3525
3507
3558
3495
3593
3482
3558
3588
3722
3511
3457
3591
3652
3587
3500
3723
3495
3603
3679
3465
3495
3530
3452
3547
3527
3449
3532
3547
3445
3539
3409
3490
3546
3474
3424
3497
3612
3572
3489
3445
3486
3485
3469
3447
3432
3568
3359
3496
3529
3490
3412
3498
3455
3412
3424
3559
3365
3508
3442
3439
3423
3514
3536
3407
3401
3459
3467
3336
3497
3512
3384
3512
3509
3396
3486
3494
3427
3579
3339
3425
3438
3526
3492
3488
3382
3412
3461
3397
3451
3413
3361
3362
3362
3388
3459
3354
3472
3295
3433
3342
3382
3361
3379
3369
3417
3458
3426
3500
3503
3402
3315
3376
3426
3383
3385
3385
3358
3387
3462
3390
3444
3419
3465
3318
3438
3399
3432
3392
3343
3286
3419
3341
3381
3423
3342
3367
3311
3319
3528
3477
3385
3324
3371
3458
3350
3338
3442
3422
3385
3357
3339
3318
3315
3361
3277
3413
3372
3397
3367
3395
3319
3345
3329
3369
3300
3368
3347
3335
3259
3306
3339
3321
3351
3343
3395
3436
3428
3384
3512
3464
3487
3500
3580
3533
3581
3728
3681
3708
3847
3954
3967
3975
4010
4063
4234
4285
4329
4512
4509
4534
4630
4754
4794
4802
4865
4925
4867
5023
5084
5005
5212
5262
5229
5257
5320
5490
5475
5365
5512
5499
5413
5469
5583
5547
5542
5469
5533
5511
5400
5546
5517
5619
5415
5547
5611
5419
5423
5472
5512
5506
5605
5675
5535
5683
5762
5869
6093
6262
6602
6873
7241
7601
7915
8388
9078
9532
10099
10432
10703
10962
10831
11026
10868
10782
10534
10230
10157
9697
9484
8968
8579
8366
7962
7623
7314
7021
6757
6528
6175
5801
5658
5431
5188
5061
4917
4718
4652
4328
4225
4194
3991
4023
3780
3698
3601
3499
3538
3481
3379
3205
3291
3280
3252
3270
3107
3142
3078
3089
3120
2969
2930
3023
2944
2995
2969
2948
2933
2994
2893
2998
2898
2977
2850
2823
2908
2975
2946
2867
2949
2862
2869
2899
2777
2920
2926
2919
2914
2874
2899
2928
2950
2905
2901
2892
2873
2996
2831
2932
2754
2855
2847
2914
2874
2887
2972
2905
2957
2828
2763
2837
3009
2986
2909
2888
2905
2886
2892
2930
2851
2919
2887
2907
2903
2832
2945
2916
2883
2931
2898
2883
2913
2825
2888
2849
2839
2758
2854
2895
2930
2842
2852
2847
2797
2864
2849
2820
2860
2929
2791
2899
2967
2878
2907
2912
2737
2907
2861
2901
2905
2906
2819
2853
2913
2838
2951
2858
2880
2959
2917
2930
2904
2865
2811
2891
2894
2792
2953
2843
2971
2941
2851
2809
2903
2896
2896
2911
2908
2866
2966
2995
2869
2841
2885
2902
2940
2916
3004
2970
3024
2982
3077
3067
3155
3219
3257
3340
3401
3557
3729
3762
3725
3919
4132
4230
4397
4511
4647
4878
4942
5214
5315
5486
5711
5778
6072
6058
6319
6414
6672
6771
6812
7104
7039
7230
7404
7447
7581
7700
7674
7869
7972
8114
7967
7981
8095
8183
8453
8218
8376
8237
8243
8539
8298
8445
8400
8260
8329
8399
8471
8663
8496
8594
8411
8588
8604
8729
8882
9021
9129
9533
9845
10236
10723
11276
12082
12807
14150
14847
16340
17191
18502
19511
20246
20591
20956
20985
21175
20552
20361
20008
19191
18683
17774
17101
16353
15737
14819
14032
13308
12337
11654
11128
10316
9818
9078
8776
8243
7483
7225
6767
6162
5932
5502
5320
4926
4869
4392
4167
3977
3732
3581
3547
3281
3215
3147
2970
2971
2907
2643
2607
2613
2625
2517
2458
2399
2426
2361
2284
2288
2267
2220
2268
2161
2213
2139
2192
2208
2184
2123
2167
2140
2148
2134
2156
2019
2165
2144
2060
2106
2101
2196
2123
2216
2213
2057
2063
2083
2058
2183
2155
2114
2120
2074
2036
2104
2075
2120
2098
2094
2054
2100
2053
2065
2069
2108
2156
2140
2066
2064
2174
2053
1970
2013
2094
2084
2072
2085
2034
1975
2029
2098
2047
2089
2046
2122
1999
2123
2077
1972
2106
2123
2065
1987
2105
2048
2085
1986
2099
2083
2044
1966
2068
2020
2053
2074
2146
2033
2008
2025
2067
1949
2025
2050
2131
1995
2064
2068
2051
2073
2042
1963
1993
2023
2019
2001
1995
1974
2138
2113
2037
2053
2024
2054
2070
2048
2138
2124
2069
2053
2025
2037
2092
2011
2061
2020
1961
1982
2011
2058
1983
2149
2063
2066
2062
2081
2017
2060
1958
1981
2113
2042
2022
1993
2126
2074
2033
1955
2052
2150
1998
2041
2027
1973
2004
2018
1977
2038
2011
1975
2076
1980
1986
2016
1926
1954
2040
2023
2051
2056
1955
2079
1968
2087
1991
1967
2004
2032
1949
2043
2064
2055
1991
1961
2009
2036
2044
2092
2052
1957
2093
2069
2067
2014
2117
2028
1981
1960
1963
1986
2012
2043
2025
2105
2073
2036
2053
1995
2045
1995
2027
1927
1945
1979
2071
1985
1999
1988
2072
1988
2036
2035
2068
1961
1929
2035
1973
2058
1962
1977
2030
1969
1931
2026
1910
1977
2014
2085
2044
1991
1997
2041
1891
1979
2108
1975
1988
1964
1902
2048
2024
1958
1937
1976
1944
1955
1940
1970
1994
2030
1988
1961
1945
2037
1985
2008
2047
1995
2031
1984
2046
1973
1979
2004
1987
1986
2032
2052
1969
1970
1977
1941
2031
1953
1969
2024
1972
1899
1922
1935
2094
1982
2003
2042
1979
1993
2014
1928
1985
1963
1917
1995
2048
2037
1972
2009
2005
1956
2055
1933
1987
1984
2015
2024
1998
2062
2003
1955
1976
1988
1908
2088
1958
2008
1936
2003
2011
2038
1961
2083
1987
2042
1881
2010
1981
1938
2066
1957
1905
2027
1889
1972
2055
1960
2018
1979
1939
2014
2000
2093
1944
1943
1946
2075
1934
1949
1962
1991
2045
2022
2084
2077
2003
2021
1980
2049
1980
2035
2059
2006
2081
2056
2069
2122
2041
2075
2070
2041
2069
2014
2098
2029
2003
2085
2055
2079
2025
1932
2088
2064
2057
2103
2121
2088
2056
2175
2103
2041
2162
2186
2174
2252
2170
2143
2163
2180
2301
2239
2338
2514
2541
2640
2702
2726
2982
3143
3336
3506
3719
4060
4260
4741
4986
5435
5862
6286
6474
7072
7388
8072
8362
8909
9288
9888
10346
10746
11442
11819
12444
12738
13233
13463
14299
14561
14883
15389
15782
16309
16368
16547
16969
17402
17641
17985
18200
18370
18632
18805
18873
18954
19202
19411
19529
19211
19365
19326
19653
19664
19935
19834
19765
19822
20221
19979
20164
20555
20655
20991
21481
22153
22723
23199
24064
25186
26769
28172
30147
32447
35072
37195
39963
43150
45805
48333
50149
51920
53367
54249
54323
54440
53595
52222
51462
49786
47905
45944
43278
41826
39712
37326
35655
33046
31253
29389
27221
25585
23489
21678
20018
18499
17218
15685
14262
13006
12001
10869
9953
9097
8263
7420
6826
6240
5538
4949
4469
4071
3722
3412
3044
2660
2596
2249
2010
1848
1765
1686
1476
1370
1233
1182
1138
1086
952
935
875
864
777
818
724
649
671
632
625
646
574
589
589
570
546
545
517
482
498
475
512
484
460
491
469
431
454
489
470
476
460
451
444
442
472
439
433
445
405
426
454
418
463
455
414
435
465
476
408
434
468
443
448
442
420
416
410
408
426
434
395
410
437
414
432
382
417
421
397
405
411
397
411
380
390
424
420
408
374
412
384
402
423
430
394
397
413
404
383
410
380
407
442
431
406
390
401
413
415
364
383
402
445
440
385
372
357
392
408
412
404
420
399
400
430
403
417
406
388
366
412
428
389
406
413
380
429
399
398
403
398
437
389
409
389
419
455
402
419
440
424
407
430
438
470
461
459
498
525
539
527
588
610
664
692
741
770
816
842
873
966
994
1084
1096
1175
1253
1282
1360
1464
1548
1542
1683
1675
1777
1877
1884
1929
2058
2008
2141
2225
2327
2347
2368
2378
2465
2509
2465
2590
2573
2564
2679
2657
2631
2739
2834
2786
2636
2729
2702
2744
2876
2772
2728
2738
2830
2954
2863
2894
3019
2969
3051
3031
2985
3157
3153
3345
3589
3555
3921
4098
4304
4540
4849
5243
5667
5987
6215
6522
6783
7014
7061
7299
7181
7378
7104
6982
6906
6643
6411
6052
5865
5660
5320
5176
4870
4582
4245
3913
3878
3506
3417
3022
2878
2568
2391
2182
2041
1969
1763
1561
1513
1345
1199
1159
1018
967
844
793
776
677
592
514
527
462
440
405
427
351
348
316
308
293
295
252
281
246
236
255
201
203
246
210
204
239
198
209
191
210
208
213
189
170
195
161
160
171
191
170
181
185
170
165
151
142
161
159
163
162
175
161
158
181
170
159
173
159
157
163
163
148
179
162
148
175
162
164
170
174
169
174
150
179
176
173
165
152
143
160
180
144
159
163
146
159
154
141
135
143
149
156
159
155
146
156
156
146
149
154
144
166
166
149
156
174
142
142
163
147
169
149
160
139
150
148
145
129
164
152
139
138
135
133
149
184
136
127
152
171
145
159
147
161
152
148
139
141
136
145
144
148
143
173
159
156
147
148
149
155
160
160
140
152
131
164
150
135
147
135
159
148
156
154
133
141
118
137
136
150
136
135
157
125
144
151
128
154
149
140
133
134
135
141
160
153
142
172
137
129
160
130
146
140
141
138
145
142
126
149
126
158
142
128
142
137
138
137
148
143
137
147
134
134
129
145
136
126
128
150
146
115
135
132
131
107
151
132
131
146
128
129
135
130
146
132
136
123
144
130
109
126
139
145
140
122
147
158
136
123
134
136
115
133
135
112
130
130
153
130
100
148
129
142
135
131
133
124
149
155
95
123
139
109
140
145
148
139
115
110
122
127
136
121
141
120
139
126
107
128
118
139
128
129
137
140
127
120
124
112
146
117
127
151
130
116
144
112
132
122
133
123
117
136
125
111
110
131
136
132
112
118
129
129
131
113
141
117
128
149
111
110
115
141
125
117
127
139
109
113
131
129
120
127
136
137
124
125
138
128
126
127
106
129
135
131
122
131
127
123
120
111
127
134
120
115
125
116
117
114
137
134
138
137
124
116
111
120
111
114
121
130
113
113
115
133
125
110
148
124
111
117
113
134
118
112
111
115
135
119
127
120
111
120
118
108
128
108
109
104
129
113
95
132
107
120
114
127
99
124
130
122
121
136
126
107
143
125
128
107
131
133
110
124
138
136
109
120
116
101
109
134
96
120
113
111
118
117
113
92
98
126
123
132
136
137
115
130
112
124
108
112
116
107
113
109
112
126
105
110
88
117
110
99
119
129
121
113
104
104
120
110
119
119
117
101
111
95
107
116
121
107
113
113
105
122
136
96
118
107
99
117
119
89
118
113
107
118
100
117
101
103
111
117
114
119
96
119
121
97
120
94
110
86
121
110
112
122
104
108
110
117
106
94
107
112
128
122
107
109
93
113
105
97
101
110
107
101
113
116
96
110
107
119
109
90
111
110
109
125
109
101
103
110
97
117
101
114
89
97
99
109
115
99
92
108
103
88
119
97
109
97
125
122
125
103
116
122
101
101
98
94
91
106
99
103
120
102
118
98
117
88
96
92
92
108
110
95
109
77
98
109
90
90
106
90
99
102
106
95
85
99
88
91
88
115
104
104
102
101
107
107
102
92
80
86
102
98
111
94
102
107
85
101
98
109
92
105
95
104
94
101
101
104
97
100
97
107
106
102
92
91
93
100
91
89
101
107
97
99
113
98
91
112
102
101
82
101
91
96
102
105
100
94
113
121
104
113
85
92
99
93
89
73
116
97
86
88
103
104
108
106
84
89
81
85
87
117
92
94
82
88
95
86
94
95
96
98
87
121
99
96
92
109
97
89
106
84
89
94
91
88
84
94
94
74
82
79
104
76
98
101
84
84
87
109
99
90
89
91
104
103
84
96
100
100
90
85
90
106
92
85
94
80
93
92
100
75
112
102
93
84
122
88
84
99
111
80
82
98
89
93
90
84
101
94
88
94
90
71
99
101
84
88
84
114
96
77
93
71
99
71
73
85
84
77
95
101
84
97
91
109
96
87
101
74
82
91
88
105
93
92
96
91
99
78
82
88
86
98
98
76
84
75
97
100
85
96
84
76
94
87
91
82
72
94
88
91
86
85
87
87
80
98
87
66
85
76
88
97
81
80
85
104
82
87
89
90
91
80
88
94
93
93
99
81
81
86
83
68
73
84
88
100
86
90
74
73
105
87
78
94
70
89
98
100
102
75
81
92
84
80
72
74
86
101
97
74
90
81
73
76
63
92
96
86
86
98
81
76
74
88
83
83
72
80
67
78
74
105
95
98
89
77
71
88
92
83
92
72
85
105
72
89
91
101
83
71
95
82
83
78
90
84
91
75
81
71
72
74
77
74
88
93
83
102
74
77
74
75
82
60
92
84
76
74
75
88
86
81
79
82
89
86
72
82
74
78
90
77
72
89
82
77
67
77
78
65
85
80
78
78
80
76
66
81
74
92
87
70
78
80
70
73
76
79
68
65
77
77
64
67
81
76
96
82
87
86
66
74
99
70
67
71
64
66
75
87
88
87
68
62
80
87
81
74
73
72
71
56
77
71
75
73
61
86
75
74
86
79
84
62
75
58
74
70
69
68
78
79
72
80
65
78
81
59
62
77
70
68
79
53
73
86
79
71
75
77
75
72
70
80
85
73
66
71
73
59
76
67
67
69
62
74
64
80
79
68
72
63
64
81
61
54
75
51
78
77
68
81
59
69
75
75
86
75
64
79
67
66
62
80
75
69
59
58
74
77
69
76
80
80
59
68
63
63
82
51
55
70
60
69
60
65
63
51
55
67
71
68
68
87
70
62
66
77
68
69
78
69
75
74
66
55
70
72
81
63
78
55
69
78
61
67
59
56
75
69
88
77
57
69
62
78
71
67
68
61
58
56
53
75
58
69
91
70
72
66
72
67
78
71
75
74
73
65
72
67
71
62
67
68
69
67
73
82
80
80
53
72
62
69
53
67
76
59
66
70
78
86
73
79
69
78
69
50
79
77
80
69
67
59
85
68
80
69
82
59
68
83
74
91
81
70
87
64
64
79
71
76
79
70
81
90
65
69
88
83
74
81
82
75
84
90
80
81
89
72
56
75
70
68
73
76
75
76
74
77
74
62
69
77
65
60
67
65
57
85
67
74
62
57
63
72
63
57
56
74
73
54
64
65
53
73
45
67
68
56
62
67
62
47
65
64
53
72
59
48
60
49
72
60
57
68
55
70
53
52
61
55
61
61
73
67
65
56
45
60
50
47
58
60
56
58
57
66
71
66
52
49
54
61
69
68
67
59
62
64
46
64
56
66
66
63
60
59
50
60
57
56
65
56
73
51
67
47
56
63
46
53
50
52
52
54
53
56
57
65
67
66
48
45
39
63
48
56
61
63
55
65
52
61
38
57
52
41
61
63
70
54
63
64
53
57
60
47
45
49
53
58
59
49
43
52
42
52
55
42
45
50
47
70
56
59
56
63
63
49
53
47
63
54
59
50
63
37
59
53
41
56
56
52
48
72
54
55
52
40
53
45
57
57
50
66
48
55
47
53
47
34
57
48
54
41
50
43
54
37
56
46
51
64
59
72
50
51
60
52
63
47
63
44
52
56
54
58
59
53
54
51
45
45
56
64
62
55
58
60
48
47
50
55
62
63
53
56
43
61
46
62
40
51
54
51
55
48
56
44
54
45
42
33
56
63
44
47
51
40
61
51
51
55
44
57
49
44
42
55
52
47
59
37
41
35
56
46
53
55
39
61
51
63
53
42
46
56
54
43
47
60
56
52
53
53
54
49
49
53
52
42
49
45
41
53
50
51
50
49
55
47
41
51
46
55
48
41
55
46
39
41
50
48
63
45
52
50
40
35
48
62
48
43
44
52
48
48
59
36
52
52
45
49
58
44
45
40
51
43
34
50
40
49
50
45
46
47
42
40
34
48
49
43
57
56
57
38
37
45
36
39
50
48
41
48
46
38
45
31
40
50
45
39
37
51
45
39
47
43
32
49
42
39
44
38
44
32
39
47
51
52
48
49
40
58
58
41
40
42
33
45
41
45
41
41
52
35
51
42
59
46
43
49
37
40
54
43
42
43
32
51
51
47
36
35
41
54
34
33
45
47
44
66
53
42
40
47
49
49
48
42
44
44
32
39
40
53
47
49
44
40
35
46
47
43
47
55
49
48
44
39
53
49
33
35
37
38
34
51
47
44
34
52
53
47
44
40
31
45
42
38
39
40
41
40
32
47
47
36
50
42
37
36
40
56
42
36
39
43
43
42
38
33
33
41
39
57
42
40
41
37
35
39
42
36
31
51
45
43
46
46
64
39
32
41
37
23
43
49
42
43
43
43
46
28
38
41
43
37
31
45
47
48
51
38
42
34
41
46
46
50
48
43
34
34
47
40
41
56
48
44
47
37
40
44
33
41
46
32
47
50
32
36
42
33
34
47
35
30
27
30
28
39
36
37
45
53
43
44
34
47
32
26
41
32
45
29
34
44
33
32
46
39
34
38
47
26
39
35
38
39
35
39
33
36
42
24
43
35
45
38
37
54
29
30
38
47
37
42
39
44
28
42
42
31
49
37
40
35
40
27
40
43
34
48
38
37
47
31
29
49
33
51
28
30
38
31
42
35
46
42
42
39
39
35
60
37
50
50
35
39
35
41
37
35
43
44
34
39
50
55
38
46
41
37
43
42
40
50
36
41
47
46
32
32
30
53
33
42
48
43
40
40
53
41
32
42
49
48
45
32
47
50
43
44
42
42
38
42
42
43
35
59
42
35
41
41
35
32
26
47
33
44
45
41
44
48
48
47
30
39
44
41
24
36
36
37
37
43
42
36
43
31
27
33
28
30
38
38
30
41
25
37
35
35
42
28
31
44
24
31
34
38
35
39
25
28
39
28
35
38
35
26
35
36
32
30
34
33
37
28
31
34
31
24
30
27
21
38
33
37
32
30
43
34
28
29
38
29
32
27
33
28
38
31
29
27
27
34
40
33
31
33
29
35
26
27
30
26
27
29
36
26
37
40
37
25
29
36
39
23
32
39
30
35
23
34
24
48
40
39
28
31
23
42
19
39
31
28
30
20
24
32
39
27
34
33
42
32
35
32
28
22
40
28
30
27
25
36
31
31
27
32
35
27
27
35
35
27
22
27
40
35
37
36
37
35
26
25
39
30
25
26
24
24
28
29
35
37
31
28
40
36
29
30
43
39
27
32
28
30
31
32
26
37
30
40
42
40
31
40
37
34
46
38
38
45
27
37
29
31
41
39
46
33
31
40
46
43
52
37
48
40
37
42
41
49
49
33
46
37
56
39
46
41
41
59
35
30
43
35
41
47
43
36
48
53
47
56
49
58
55
46
42
56
46
48
39
40
56
52
42
69
46
48
50
48
39
53
49
46
55
54
46
48
45
38
40
45
40
37
38
50
32
27
31
34
30
32
24
34
30
34
33
41
30
31
20
27
24
26
30
38
40
30
28
26
31
37
29
34
37
34
36
30
22
35
31
24
31
29
24
30
25
29
25
27
25
30
27
26
22
28
27
30
29
29
23
30
31
29
21
24
27
27
30
22
29
20
27
33
17
30
32
39
28
20
19
27
14
17
34
15
35
28
26
24
25
29
28
27
30
30
32
27
20
22
25
29
31
19
45
22
17
22
16
31
25
20
24
27
37
19
16
34
26
26
32
16
30
17
26
29
16
24
19
25
35
18
27
24
35
15
25
22
29
20
27
27
27
26
40
36
25
27
31
20
15
27
30
25
19
28
33
24
24
21
23
20
29
30
27
33
27
27
22
27
15
25
25
35
25
25
27
22
18
16
22
20
27
30
25
27
23
27
23
25
27
27
25
25
18
28
17
25
26
32
19
31
33
15
24
26
29
25
26
34
24
33
30
23
26
18
30
14
25
24
18
32
29
21
24
33
21
35
17
30
28
22
31
29
29
21
23
23
21
17
22
31
22
25
23
21
29
26
23
33
26
18
20
25
18
24
25
27
27
19
19
28
15
28
25
22
21
27
29
20
21
26
17
25
22
26
18
27
29
21
19
22
18
25
25
23
19
24
22
26
28
28
23
26
17
21
25
24
21
14
23
17
12
24
26
20
21
31
13
15
22
26
16
23
30
24
22
22
22
13
14
29
17
29
20
20
21
22
23
16
29
22
23
22
24
26
21
23
19
21
16
21
18
16
16
29
25
17
22
23
18
27
24
21
20
21
20
14
19
23
22
22
31
17
17
28
19
21
24
25
24
24
37
29
26
22
17
19
22
19
24
24
17
32
18
24
25
19
23
14
19
34
18
12
20
20
17
24
15
23
26
26
28
28
22
24
28
24
17
21
23
19
15
28
26
28
18
23
23
15
23
18
15
23
22
23
28
22
25
18
25
31
17
16
24
23
27
19
13
20
26
21
22
32
22
19
16
38
22
23
27
16
29
29
30
18
17
24
19
22
23
20
30
22
24
26
23
25
26
13
27
22
23
23
20
28
22
23
18
19
25
27
25
19
15
26
20
22
31
31
32
22
31
28
24
17
23
17
24
19
25
20
18
23
15
22
31
13
22
27
23
25
24
19
28
21
8
24
22
19
22
23
21
18
20
20
20
11
30
18
15
20
18
22
23
12
20
21
25
13
17
11
19
14
29
17
18
19
21
22
15
11
17
27
22
16
18
18
11
17
13
10
19
19
16
14
26
24
14
18
17
12
23
19
16
24
17
19
14
18
12
15
20
23
20
16
18
16
21
13
23
20
18
15
17
15
16
17
16
14
17
16
11
15
16
17
18
13
23
19
13
13
18
16
13
12
24
18
17
16
16
12
22
13
15
10
21
18
15
17
14
18
15
17
14
12
22
10
17
9
11
22
16
22
22
19
15
12
13
21
14
13
14
15
18
22
20
15
16
18
18
18
12
12
17
10
12
16
15
18
15
15
13
11
11
15
11
15
18
12
20
12
22
15
13
14
16
10
10
15
18
11
13
16
10
13
16
21
8
16
15
13
13
13
19
20
18
14
11
17
13
15
15
14
25
19
14
16
16
18
14
12
14
9
15
15
12
22
21
9
14
17
22
14
14
12
15
5
18
13
19
12
9
23
11
19
15
18
12
20
13
13
9
20
16
10
17
21
18
15
20
14
16
19
13
14
11
13
11
14
22
14
15
14
22
10
17
19
21
20
18
22
13
22
14
19
23
19
15
18
19
28
22
20
17
20
17
17
19
15
13
12
13
13
15
22
25
14
14
19
9
18
15
13
11
15
19
16
12
15
14
17
13
17
13
17
12
10
9
13
16
10
15
15
20
16
12
9
14
14
18
14
10
8
19
10
14
11
16
20
15
16
9
15
13
17
11
19
21
22
15
19
17
15
20
10
11
16
16
13
10
21
14
19
18
14
10
11
12
15
12
12
20
18
14
16
15
10
8
15
14
15
20
18
13
10
12
21
13
18
16
9
12
16
23
17
19
15
12
22
15
14
7
16
17
14
14
16
20
15
20
12
14
13
15
9
17
19
16
16
16
12
15
18
14
13
13
10
19
19
13
18
17
20
17
13
13
16
15
16
21
22
18
16
16
14
8
11
19
12
20
9
11
9
14
18
12
20
16
17
12
16
24
9
24
14
10
25
18
20
24
17
14
17
21
13
10
6
20
15
17
18
15
24
18
18
15
18
17
13
19
21
11
20
19
19
11
20
17
25
19
19
25
21
15
15
15
17
19
23
11
11
17
19
11
16
22
14
20
12
14
16
17
18
19
17
19
14
23
12
27
16
10
13
22
13
16
23
16
22
18
16
14
10
12
19
10
15
13
10
23
13
15
14
11
14
20
11
14
9
12
6
9
11
10
14
15
9
10
13
10
8
10
5
6
6
8
5
6
9
10
10
8
7
11
5
14
14
7
8
7
3
8
13
10
8
12
11
6
9
13
11
4
13
4
9
10
6
9
11
9
12
10
11
7
7
11
11
7
12
12
13
6
6
6
7
11
12
13
2
14
9
10
10
18
12
8
7
9
8
10
7
6
6
9
9
10
16
8
9
9
14
5
10
7
7
17
13
6
12
9
20
7
5
17
13
5
9
9
8
6
9
12
12
7
7
12
15
7
9
12
13
8
9
13
12
15
10
16
8
9
7
12
6
11
15
18
8
8
14
8
7
12
15
12
11
13
11
12
18
9
5
12
12
11
14
14
9
11
7
10
10
6
7
7
9
7
9
8
5
9
10
8
11
19
13
12
7
5
10
12
10
4
7
12
8
8
8
7
8
9
10
12
8
8
14
14
7
10
6
10
8
11
8
13
7
8
10
4
10
8
12
12
8
13
12
10
6
8
15
5
6
3
7
5
9
9
12
9
7
10
7
12
9
14
11
9
7
9
11
7
4
8
10
10
6
7
9
9
11
8
7
4
7
9
20
7
11
9
13
21
8
8
12
12
11
8
8
11
11
11
8
10
8
14
10
8
6
4
6
8
6
13
8
5
3
10
8
11
2
8
7
8
7
6
8
8
9
10
5
6
5
5
8
9
9
11
8
7
6
5
10
8
7
3
7
6
7
6
4
6
10
4
9
10
4
12
8
3
10
5
6
9
8
11
5
9
4
2
7
7
10
12
10
6
9
7
5
9
4
6
6
5
10
15
5
14
7
6
10
5
6
6
6
7
2
8
4
10
9
7
4
11
5
8
3
7
15
11
6
8
5
10
3
9
9
7
9
11
7
5
7
9
5
6
10
5
7
6
7
8
12
6
7
8
9
10
5
6
8
11
4
7
9
9
13
6
6
9
5
5
4
13
9
12
10
4
7
12
7
8
5
5
6
14
8
4
6
10
7
8
10
4
5
7
6
6
11
4
8
15
3
5
7
5
11
6
9
10
4
3
5
10
5
8
8
10
8
11
5
8
3
8
9
8
3
10
6
4
5
6
2
7
11
15
6
4
10
4
7
6
8
10
6
9
6
5
9
7
6
8
4
5
7
11
14
10
5
5
9
4
12
4
4
3
11
8
11
8
11
13
6
6
11
9
9
3
3
9
5
5
11
1
2
11
11
6
8
7
4
14
9
3
8
6
14
6
8
4
5
10
6
6
10
7
12
7
3
11
8
9
9
4
8
10
7
18
6
8
3
8
8
8
7
9
8
8
6
9
7
5
10
3
4
7
11
14
7
12
10
6
6
6
5
6
5
9
12
8
9
8
7
9
3
6
8
4
5
9
6
5
3
10
7
5
10
5
8
6
3
7
6
4
10
6
4
8
4
8
6
6
7
5
4
11
9
3
5
3
10
15
6
9
4
6
5
7
13
5
6
7
4
6
4
8
8
6
5
3
5
4
4
13
2
4
7
7
3
5
9
8
2
2
5
6
6
3
7
10
6
3
7
3
3
10
7
10
6
5
7
0
5
6
9
9
4
6
6
10
4
8
8
8
7
3
8
4
12
7
8
9
6
7
4
6
5
5
6
6
5
9
7
8
5
3
4
11
4
9
5
8
1
8
6
12
8
8
15
4
5
8
7
7
5
9
6
8
8
5
10
8
6
5
12
5
11
3
9
9
1
9
7
6
9
4
8
4
9
6
3
4
13
7
6
7
7
3
5
2
6
7
5
2
4
3
6
8
6
12
6
11
9
5
6
5
11
3
9
6
8
2
9
5
5
7
8
8
7
11
3
4
7
6
7
5
7
10
5
9
12
10
10
12
10
10
7
5
3
13
12
5
11
11
13
2
6
6
4
8
4
4
5
10
9
8
11
9
8
12
8
5
9
3
9
15
6
4
5
8
10
5
13
5
7
7
11
3
5
4
6
8
6
7
9
4
3
6
6
6
9
7
8
9
6
5
2
5
3
6
3
6
9
3
3
6
9
7
12
6
8
13
3
6
6
6
8
10
12
7
3
6
5
9
5
1
6
6
11
6
6
11
8
6
5
3
7
5
3
6
5
4
6
4
8
9
5
4
2
5
5
6
2
7
4
4
5
5
7
5
5
4
2
6
3
6
8
4
2
6
7
4
4
2
6
5
6
9
8
7
3
7
8
3
3
6
1
8
3
6
4
4
4
3
3
6
10
2
3
1
6
6
7
6
4
6
4
5
4
5
6
7
7
5
4
8
4
6
5
4
5
3
5
2
5
3
2
3
12
12
4
3
7
3
6
2
4
5
6
9
5
3
7
4
4
2
9
4
9
5
4
3
12
9
4
5
6
6
6
5
3
6
5
3
5
3
2
4
10
3
6
6
7
3
9
4
7
3
7
9
3
6
3
7
8
12
5
6
7
6
7
9
8
3
4
4
4
7
0
4
7
1
5
4
9
6
11
6
2
3
1
9
7
10
7
6
6
4
6
8
6
7
1
7
7
8
6
0
9
10
3
5
7
11
3
2
6
6
3
2
6
6
3
7
2
5
10
6
9
8
6
4
7
6
4
6
8
6
3
8
4
8
2
2
1
3
7
6
6
5
6
3
2
5
10
7
4
6
4
7
3
11
4
3
6
9
5
4
3
7
11
8
9
4
3
5
5
5
10
8
6
4
2
6
6
4
2
3
4
6
8
2
1
6
4
3
3
5
6
6
7
6
5
4
4
8
8
2
6
4
9
7
4
1
3
12
5
5
6
6
3
5
2
6
5
6
10
5
7
6
1
7
10
2
4
6
5
3
6
7
2
8
7
2
3
6
6
7
7
4
4
8
4
4
7
5
5
10
9
3
6
6
5
3
1
7
5
9
7
7
5
5
7
2
8
8
7
9
1
4
6
4
5
8
8
5
5
3
5
5
1
7
8
4
7
9
4
3
2
7
5
7
1
8
8
3
7
4
6
6
3
9
6
7
3
5
5
6
4
3
6
2
10
8
7
6
6
7
5
8
7
7
10
3
9
3
5
2
5
2
4
5
5
4
5
7
4
5
5
5
5
5
5
2
10
5
6
3
7
5
4
5
4
2
6
6
8
5
6
8
2
6
2
5
5
6
4
4
7
5
6
5
6
3
4
5
4
7
4
4
2
4
4
5
4
3
5
5
7
5
4
4
4
1
4
4
3
4
2
4
2
6
6
9
8
5
3
2
7
6
4
4
2
4
2
9
3
8
4
4
3
3
11
9
4
4
6
5
3
5
2
5
6
3
2
3
2
5
4
7
2
3
2
3
4
6
5
3
5
7
6
5
6
9
8
3
4
4
3
3
5
7
5
5
8
2
8
8
4
5
7
6
8
5
4
4
4
6
3
6
13
4
5
4
6
5
8
3
9
6
4
7
4
7
6
7
5
6
5
4
3
8
7
9
1
9
9
6
7
5
2
8
6
10
6
6
6
3
6
5
1
6
5
4
1
4
3
2
2
6
5
4
6
9
4
9
5
7
10
5
10
4
6
4
3
6
1
6
5
4
5
4
5
3
5
6
4
4
11
3
5
7
6
2
4
6
7
5
2
4
3
3
5
4
9
3
4
6
5
8
4
6
2
4
3
7
7
6
7
5
7
4
11
5
4
4
8
4
4
8
10
4
4
6
5
4
7
7
4
4
4
3
3
3
4
4
4
4
5
2
9
7
2
3
7
6
4
1
7
5
4
4
6
4
4
2
8
5
5
4
3
6
6
5
8
2
2
3
2
3
5
7
1
5
7
8
9
9
6
5
5
4
5
4
7
5
6
7
4
8
5
2
6
2
7
7
3
7
1
3
3
5
2
2
3
4
5
5
3
3
7
4
3
5
7
6
2
5
5
1
8
2
12
4
5
6
7
6
3
4
4
6
5
5
6
2
7
4
3
4
7
4
3
0
3
3
5
3
6
6
6
5
4
5
5
5
2
4
3
2
5
6
4
10
8
6
1
3
2
4
5
4
7
6
5
4
5
9
5
5
2
6
5
1
3
6
4
1
3
4
3
7
3
4
5
10
3
2
4
2
3
3
8
9
6
3
8
12
7
7
13
7
7
2
1
8
4
9
3
8
4
7
3
5
5
4
5
4
4
6
4
0
5
5
3
4
2
8
2
5
4
8
2
3
3
6
3
5
7
7
4
3
4
3
2
7
6
2
9
10
2
6
3
4
0
8
4
1
5
8
1
4
4
5
3
5
0
6
3
5
3
3
3
3
4
6
3
6
4
8
2
4
7
5
10
3
5
6
7
2
3
5
4
6
3
6
5
2
4
7
1
2
3
3
2
4
3
4
3
3
6
4
4
2
6
4
5
5
4
5
10
2
3
5
2
4
6
8
5
4
5
7
2
5
3
1
4
7
3
13
6
4
1
1
4
5
5
3
3
3
4
12
4
4
2
4
4
6
4
3
5
7
9
9
9
4
6
8
4
5
5
5
5
6
5
4
7
3
5
8
6
2
7
4
5
10
5
8
3
8
3
6
5
9
7
12
8
8
6
9
7
9
13
7
10
9
7
10
8
6
5
4
6
11
14
5
14
10
15
12
14
10
11
10
11
6
9
10
6
9
12
15
10
6
7
10
14
11
6
8
13
10
6
10
11
6
8
13
4
6
8
10
6
3
5
7
4
9
6
6
7
2
5
6
3
3
12
8
3
7
7
2
3
4
8
9
5
2
8
6
4
8
8
5
4
6
4
0
7
2
6
7
5
0
4
4
3
2
3
6
3
5
2
1
3
3
8
4
10
8
5
2
7
2
3
6
2
5
2
3
2
3
3
8
5
4
5
9
4
4
3
2
5
4
3
4
5
4
6
7
5
1
3
4
6
5
3
4
5
8
3
3
7
5
2
6
5
5
2
0
5
6
3
3
6
4
4
4
4
6
4
2
3
3
2
1
5
10
3
2
5
5
1
5
2
1
4
2
1
3
4
6
3
3
3
9
10
5
1
4
6
5
8
2
1
4
2
7
6
6
6
10
8
5
2
5
4
4
4
6
4
4
4
3
3
9
5
2
2
3
5
8
3
3
5
2
7
5
4
6
3
6
7
10
7
4
4
2
3
4
6
6
5
6
5
4
5
7
2
3
4
9
3
3
4
6
7
4
2
0
9
4
5
8
2
5
2
7
3
5
4
7
7
13
5
4
9
4
4
4
7
2
1
5
3
1
2
5
5
6
3
5
2
1
3
5
7
5
4
5
5
3
4
3
5
7
4
4
5
9
6
4
2
4
8
2
8
3
5
4
5
3
3
5
2
6
3
6
5
7
5
4
3
6
4
6
4
7
3
8
6
5
4
3
3
2
2
3
6
2
6
3
5
6
3
8
6
3
6
5
4
7
5
4
4
8
5
4
6
4
4
4
4
4
3
4
1
8
6
5
5
6
6
5
3
8
3
8
3
2
5
7
4
3
5
4
4
5
4
6
2
2
4
6
7
7
1
3
3
4
4
4
2
3
1
3
2
6
7
6
5
3
3
3
3
3
0
6
4
6
5
4
1
5
5
4
0
1
4
7
3
3
5
5
6
3
9
3
1
0
2
6
5
3
2
6
4
0
1
2
4
6
7
2
4
1
2
3
3
2
2
2
0
3
0
0
2
4
1
3
2
5
5
2
1
3
4
5
5
4
1
2
3
7
4
1
3
7
3
5
2
8
3
3
5
2
2
5
6
4
3
1
5
12
3
3
6
7
3
5
3
2
3
1
4
3
7
3
5
5
4
4
1
2
4
3
4
2
6
4
3
3
7
5
6
4
2
5
6
1
6
3
4
6
5
8
8
8
5
4
1
5
5
3
9
8
4
9
4
3
7
6
6
3
7
1
11
8
7
5
6
5
9
3
5
5
8
2
5
6
5
7
8
6
8
5
6
1
9
5
2
4
9
5
4
4
7
5
6
6
10
7
9
7
4
3
6
11
8
5
7
6
9
9
6
6
7
6
6
4
3
6
12
3
3
3
4
2
7
5
5
5
9
9
4
5
5
7
5
7
5
5
7
1
5
2
5
7
8
4
6
9
4
7
4
1
5
4
2
7
3
5
3
3
8
2
3
3
4
6
5
0
6
4
4
2
1
3
6
5
1
5
4
5
2
3
3
4
5
3
1
2
5
4
8
3
4
4
3
4
4
7
1
4
2
2
2
4
5
1
7
4
6
6
3
3
4
2
4
4
4
1
5
4
2
0
9
1
2
2
0
4
5
3
4
3
5
3
3
0
5
3
4
3
4
1
3
6
4
3
2
4
3
5
3
5
4
2
2
1
4
2
2
1
1
3
8
4
5
5
0
3
1
2
3
4
4
2
3
2
0
2
2
3
2
3
5
2
0
4
4
5
3
2
9
2
3
4
5
4
4
3
4
4
5
1
3
2
6
2
1
3
2
4
4
3
4
2
2
3
2
3
3
2
4
4
2
3
4
6
4
6
7
2
6
1
2
3
3
5
3
3
5
1
3
4
1
4
4
1
3
2
1
4
3
3
2
2
2
4
2
6
4
0
3
9
3
4
3
1
2
2
4
4
4
4
2
4
2
2
5
2
3
4
3
2
4
3
1
3
2
2
2
7
3
4
4
5
4
0
1
3
4
8
7
2
2
1
5
5
5
2
3
2
4
3
3
1
1
2
4
1
9
6
3
5
3
2
4
9
4
2
5
3
4
2
2
3
5
5
0
3
2
7
6
1
4
1
3
2
2
3
4
4
6
2
1
1
2
3
2
2
3
6
5
7
3
6
2
1
4
2
4
1
0
4
4
4
4
3
5
4
2
4
6
3
3
6
2
1
2
1
4
5
8
3
4
2
2
2
4
2
3
7
4
1
10
4
4
7
5
5
1
1
1
4
2
5
3
1
1
2
2
3
6
3
5
1
5
7
5
4
0
3
4
1
0
5
4
4
5
3
6
5
2
2
4
5
5
1
5
5
4
1
1
5
3
1
2
2
2
10
1
5
5
4
1
4
6
3
1
1
2
0
2
8
0
4
5
6
1
1
4
6
3
2
1
1
1
3
3
3
4
2
2
1
4
7
3
4
1
3
1
1
1
7
3
3
1
2
5
4
0
3
3
2
7
1
4
3
2
4
2
2
3
4
3
4
7
4
2
4
1
2
4
2
4
2
5
3
1
3
1
2
4
5
3
0
4
2
3
1
2
1
5
6
2
2
4
4
1
2
4
2
3
4
3
1
5
3
2
1
1
3
1
5
4
2
5
2
2
2
5
1
1
4
2
4
1
3
2
0
5
4
5
4
0
4
5
1
3
0
2
3
3
1
2
4
2
1
3
3
2
2
2
2
0
0
6
3
2
3
4
3
1
3
5
3
2
0
2
3
5
3
2
6
4
5
4
3
1
4
6
1
3
6
5
1
2
1
1
2
2
3
2
2
4
3
1
4
3
3
5
2
4
0
3
3
0
2
4
8
2
5
1
1
1
2
4
3
0
6
2
5
6
6
4
3
3
3
4
5
5
3
2
6
5
5
2
1
3
5
4
6
4
6
3
2
3
3
2
2
0
2
7
3
0
2
5
4
7
2
4
3
4
4
4
2
5
2
2
6
4
2
1
3
2
6
3
2
4
3
3
3
4
4
0
6
1
5
3
6
2
3
4
2
3
2
1
2
6
3
1
4
5
6
2
1
4
4
2
3
6
3
4
1
4
6
3
4
1
3
2
2
6
4
0
4
5
7
3
2
2
2
2
4
2
3
4
1
2
0
0
2
2
6
2
3
1
3
2
1
5
5
2
2
0
2
4
0
3
4
1
3
0
2
3
4
5
3
4
2
2
3
0
2
6
0
5
4
1
5
4
2
2
2
5
2
1
4
0
5
4
3
7
1
2
4
3
6
1
4
7
3
4
1
4
6
3
4
2
3
2
3
4
2
5
2
4
4
4
7
2
4
0
1
1
1
5
0
2
2
1
8
1
2
6
3
4
5
2
5
3
9
1
8
3
3
4
1
0
3
1
3
8
2
3
3
1
1
3
4
2
1
2
2
0
5
1
2
1
7
2
4
6
4
3
0
1
4
4
2
5
0
4
5
3
7
3
3
3
3
3
0
4
3
6
7
2
1
3
2
3
3
6
3
3
2
3
3
1
4
4
2
5
4
5
2
1
3
5
1
5
7
1
3
4
3
4
4
5
4
5
7
3
5
4
2
3
2
3
4
5
2
8
1
5
6
1
4
4
6
3
3
4
2
2
3
4
5
1
2
1
5
3
4
2
3
4
1
2
3
4
1
4
5
4
4
3
3
5
7
2
4
6
2
2
5
2
2
0
4
1
1
3
0
6
2
2
2
4
3
3
5
4
3
4
1
2
3
4
4
7
3
3
3
2
6
3
5
5
4
4
3
0
2
1
2
3
3
3
1
2
3
2
3
3
3
2
1
1
0
2
1
2
2
4
3
2
3
4
1
4
0
4
6
4
2
7
1
5
4
5
1
1
1
5
1
4
0
4
2
4
1
5
2
5
2
4
1
2
4
2
3
3
6
3
6
4
4
1
4
2
3
1
8
2
1
2
3
3
3
2
4
1
3
1
5
1
6
1
3
1
1
1
5
2
2
4
1
5
2
1
1
1
4
1
3
1
1
0
4
2
2
4
4
1
3
0
3
4
5
3
0
5
4
4
4
4
2
0
3
2
4
2
1
5
2
3
1
1
5
3
1
2
8
1
1
3
1
3
0
7
2
0
2
4
3
7
2
3
2
4
2
6
2
5
4
3
1
2
6
6
4
4
1
2
2
4
2
4
2
4
5
1
0
2
4
1
0
0
3
2
1
3
3
1
2
3
0
3
1
4
5
4
4
5
3
6
3
0
2
4
5
2
5
3
3
2
2
6
1
3
1
2
1
5
5
5
2
0
7
5
1
4
3
3
3
8
3
2
1
5
2
1
5
2
0
0
3
2
6
6
6
4
2
5
5
6
1
3
3
2
1
5
5
3
2
3
3
3
3
6
3
2
2
5
2
0
5
2
3
5
4
2
0
2
1
3
6
4
3
1
4
4
3
2
0
2
2
6
4
3
1
2
3
6
1
3
3
2
10
2
5
2
4
2
2
5
3
4
7
5
6
2
0
6
3
2
1
1
0
1
3
2
1
2
3
4
3
3
2
1
8
1
6
4
5
1
1
1
2
2
2
5
3
2
1
2
5
1
1
6
3
2
1
1
1
2
6
8
3
2
3
2
1
5
0
3
6
2
4
0
0
5
3
4
4
4
3
2
1
2
4
4
2
3
1
1
2
1
2
1
4
2
4
1
4
4
3
3
3
4
2
1
1
6
1
0
1
2
4
5
2
3
3
1
4
4
4
5
1
5
1
2
3
5
6
5
2
4
4
3
1
1
2
5
6
3
4
4
4
4
5
4
6
8
3
6
10
7
9
5
8
10
5
8
6
5
1
4
3
8
14
9
7
4
4
4
7
10
9
4
3
5
3
5
4
7
14
6
3
7
5
10
9
8
3
6
0
3
2
1
7
7
2
6
9
8
4
7
6
4
4
7
5
5
9
10
5
2
4
3
3
5
3
1
3
5
4
4
6
6
4
7
3
4
7
9
2
1
5
5
0
3
1
4
2
8
6
3
2
3
5
6
2
2
4
4
4
3
1
4
2
3
2
4
4
3
1
2
2
3
4
3
3
3
2
1
4
2
3
1
4
4
4
3
2
4
0
3
8
3
4
1
0
2
2
1
0
5
6
3
3
1
6
2
3
4
0
5
2
3
1
1
1
3
4
1
3
2
6
3
1
2
8
1
1
1
4
3
1
4
2
2
0
3
2
3
5
0
3
2
1
0
4
3
1
5
3
2
0
1
4
1
1
3
2
1
4
3
6
3
3
1
2
1
2
3
2
0
7
3
3
5
5
2
0
3
2
3
4
1
2
6
8
4
0
5
2
2
3
5
2
1
3
2
3
3
3
1
1
4
3
1
4
2
4
4
3
1
4
0
2
3
1
6
6
3
4
3
5
2
5
4
1
2
3
3
2
4
0
1
7
3
2
0
3
3
1
6
3
3
5
3
6
2
3
0
1
3
4
3
2
5
2
4
1
1
3
2
2
1
1
4
4
7
4
2
3
2
4
3
3
4
2
4
2
1
4
5
5
1
0
2
3
3
2
2
2
2
2
0
1
5
2
4
3
4
3
1
3
7
2
0
1
2
6
4
1
9
4
1
4
4
3
5
1
2
5
2
2
2
1
4
3
3
0
6
3
5
3
2
4
4
3
1
4
3
5
4
2
0
3
3
7
1
4
2
2
8
4
6
3
5
1
5
4
2
3
7
2
5
2
2
4
4
2
0
4
0
2
2
2
0
3
6
5
0
2
2
2
5
2
1
1
5
4
0
1
1
5
5
2
3
4
1
2
4
5
4
1
4
1
4
3
5
7
4
1
4
1
4
4
4
3
2
10
1
3
4
1
3
3
0
2
2
3
2
1
3
6
3
0
1
3
1
4
4
1
5
3
2
3
4
5
3
3
4
2
1
2
5
6
3
0
4
2
2
1
3
5
0
3
3
5
7
2
3
6
3
2
1
1
4
4
6
2
5
1
3
1
2
4
3
2
4
3
3
1
4
6
1
2
5
2
6
1
1
3
3
2
3
3
9
3
3
1
7
2
1
3
1
2
9
3
5
2
2
1
1
3
2
3
1
1
0
1
1
2
3
0
3
2
5
1
2
3
3
3
1
3
1
3
1
1
1
2
1
1
2
2
3
2
1
5
3
1
1
3
3
2
3
1
3
1
1
6
2
1
1
1
1
3
2
4
2
2
2
0
4
2
4
4
3
1
1
8
2
2
6
3
1
2
4
1
3
3
5
3
3
4
6
2
1
2
3
1
2
2
2
2
3
3
3
2
2
1
8
3
3
3
0
4
4
8
0
2
2
5
1
6
2
4
2
4
2
1
3
1
2
2
4
3
3
4
0
3
3
2
1
3
5
2
4
3
6
3
4
4
4
3
2
2
4
5
5
3
3
4
3
1
3
0
4
2
5
1
2
4
2
2
2
3
4
4
2
6
5
1
3
4
2
2
1
5
3
5
0
2
2
2
3
2
1
2
1
4
1
2
1
1
2
3
5
2
6
1
1
4
2
3
1
3
3
5
3
2
4
2
2
4
4
1
0
2
3
1
2
1
0
1
7
1
2
3
2
2
5
1
5
6
2
4
2
1
5
2
3
1
3
1
2
2
1
3
0
3
1
1
2
2
5
1
8
2
3
1
4
2
6
3
0
7
4
2
4
2
2
4
4
2
4
3
2
3
4
2
3
2
1
2
6
2
1
2
4
4
2
0
1
4
2
3
3
1
3
4
3
5
0
4
4
3
2
3
3
4
4
2
3
5
5
6
2
1
0
4
4
6
5
6
5
1
1
3
2
3
2
5
4
6
2
4
4
2
3
2
1
4
2
3
6
3
2
2
1
2
3
3
5
6
1
1
3
7
1
2
3
3
1
3
2
0
4
3
3
4
0
2
1
0
3
7
4
3
1
2
0
0
6
4
3
3
3
2
2
4
2
3
2
4
1
3
3
1
1
3
4
2
3
2
5
3
1
4
3
1
3
2
3
0
1
2
4
5
3
3
1
3
3
2
3
2
3
5
2
3
6
1
0
0
2
2
0
5
2
4
2
3
3
4
2
3
1
3
4
1
4
5
1
0
2
2
5
3
2
2
3
5
2
4
1
5
4
6
2
1
2
4
0
2
5
2
2
4
1
4
1
3
4
0
5
1
4
2
1
4
2
4
3
1
1
3
2
2
5
3
1
2
6
3
2
3
3
4
1
3
3
3
2
2
2
6
5
1
1
4
8
2
1
3
5
2
1
3
3
3
2
0
1
5
0
2
1
2
1
4
5
2
2
5
4
6
4
3
4
3
2
8
1
5
3
2
3
3
5
1
2
4
0
1
6
4
4
3
1
4
2
5
5
2
4
3
2
1
1
2
4
2
7
2
0
4
3
2
0
2
2
1
5
4
7
7
2
3
2
2
2
1
1
1
4
2
3
2
3
4
5
3
3
3
0
3
0
2
2
2
5
5
3
4
6
3
1
4
3
1
6
2
7
1
4
4
3
5
4
2
4
3
4
5
2
2
1
2
2
2
3
5
5
3
2
3
3
1
2
4
3
3
7
2
3
2
2
2
1
4
2
2
4
2
5
5
5
3
6
3
4
3
3
2
2
2
3
3
4
4
4
5
7
6
2
5
7
3
1
3
2
5
5
2
4
1
3
2
2
5
4
3
6
4
5
2
6
4
4
2
4
5
4
3
5
3
3
1
2
10
6
2
2
3
2
5
3
1
1
3
1
3
2
4
5
1
3
5
4
4
3
5
4
2
1
4
5
4
1
1
1
0
1
5
2
4
2
3
3
2
0
2
2
4
3
2
1
3
3
4
4
3
0
3
1
1
3
2
3
0
3
1
1
3
4
4
3
3
1
2
0
3
2
1
2
3
1
0
1
4
1
3
2
0
3
2
1
2
1
0
1
1
3
5
0
1
4
3
4
2
2
1
2
2
4
2
2
1
1
1
0
2
4
1
1
1
2
2
3
4
5
3
4
3
4
0
2
1
1
3
1
2
1
0
3
1
2
2
4
1
4
1
4
4
2
1
3
1
2
2
2
0
3
3
3
1
1
1
0
0
1
2
4
2
5
4
3
2
1
0
1
3
1
1
0
4
2
0
2
4
4
1
3
3
3
1
2
4
2
0
1
3
0
1
5
2
2
1
1
1
2
3
1
1
0
2
0
3
2
2
2
3
5
0
0
0
0
2
2
0
1
1
4
1
5
3
0
5
1
1
2
0
1
4
2
1
3
3
3
2
4
4
2
1
3
2
4
2
1
0
3
2
2
0
1
1
0
1
0
2
3
1
3
2
0
0
1
1
1
2
4
1
2
4
3
1
1
0
4
1
1
2
0
4
1
0
2
0
5
1
4
2
2
2
0
2
2
2
2
2
1
1
1
1
0
2
0
3
4
0
2
1
0
1
1
3
1
2
1
1
3
1
1
0
1
3
0
1
3
0
4
0
1
1
2
1
2
1
1
0
2
0
1
2
1
3
1
2
2
0
2
1
2
2
0
0
0
1
0
2
1
2
0
1
1
4
2
1
4
1
2
3
1
1
1
4
1
1
3
1
3
3
2
1
1
2
1
0
1
3
2
2
2
1
5
2
1
4
1
4
3
0
0
2
1
2
0
1
2
1
3
5
1
3
0
2
3
3
0
1
2
1
3
1
3
5
3
3
2
1
0
3
1
2
1
3
3
1
1
4
1
0
0
1
0
2
1
4
2
3
2
0
1
3
4
3
1
1
1
2
1
0
0
2
4
1
0
2
0
2
0
1
3
2
1
4
2
1
2
2
1
0
1
0
1
3
0
4
3
4
2
2
2
3
3
0
0
2
2
1
1
0
1
1
2
2
0
1
1
2
2
3
0
0
0
1
3
4
3
3
4
2
2
1
0
2
3
1
2
2
3
0
5
0
1
2
2
1
0
2
1
4
2
1
2
2
1
0
2
1
2
1
2
2
1
1
1
1
3
1
3
0
5
1
6
1
0
2
0
1
1
2
1
0
2
1
1
1
2
4
0
1
1
1
1
0
1
1
2
2
0
1
2
2
2
3
1
3
2
0
3
0
0
2
0
1
2
3
1
1
1
1
1
1
1
1
1
1
2
0
3
3
7
3
0
2
2
3
3
0
1
2
4
1
1
2
4
1
2
1
4
1
3
0
3
1
2
0
1
2
2
2
0
0
1
0
0
1
1
0
2
0
0
0
2
1
2
4
2
3
0
0
0
2
0
1
0
1
1
1
3
0
1
1
2
1
1
2
0
2
1
1
1
5
2
0
2
2
0
1
2
1
0
0
2
1
1
0
1
0
1
1
0
2
3
3
0
0
0
1
0
2
1
2
0
0
1
0
1
1
0
1
2
3
0
0
2
1
2
0
2
2
2
2
1
2
0
1
1
2
1
3
5
0
3
0
3
1
0
0
1
0
0
1
2
2
4
1
0
0
0
2
1
2
2
1
1
1
0
1
1
1
2
2
3
0
1
3
0
0
0
1
3
0
0
2
1
1
0
0
1
1
0
1
1
3
0
1
0
4
1
2
0
0
1
0
1
1
0
0
1
1
1
1
2
1
2
1
2
0
1
1
0
5
1
1
4
1
1
1
0
0
1
4
1
1
2
2
0
2
6
1
1
3
1
0
1
0
2
4
0
1
0
0
0
4
3
1
1
1
2
0
1
3
3
1
1
1
2
0
0
0
1
4
0
2
0
1
0
1
1
0
3
3
2
2
3
5
0
2
2
1
1
1
0
1
2
2
0
2
3
3
1
1
3
4
0
1
3
0
1
1
3
1
1
3
3
2
0
4
0
1
2
0
1
1
0
2
3
0
0
0
1
0
0
0
2
1
2
0
1
0
2
2
1
1
2
4
0
1
1
1
1
0
0
0
0
1
2
1
0
2
2
1
1
0
0
1
1
1
2
0
1
0
1
0
2
0
1
1
2
2
2
2
1
0
1
1
1
0
2
1
0
0
1
0
1
1
2
5
1
0
2
1
1
0
2
0
1
0
1
1
0
1
2
0
0
0
0
1
1
3
1
0
1
0
1
0
0
0
2
0
1
0
1
3
3
0
0
1
0
1
1
1
0
0
1
0
2
2
0
1
0
1
2
1
1
3
1
0
0
0
1
1
1
2
3
1
0
2
1
0
0
0
2
2
0
0
1
3
0
1
1
1
0
1
1
3
1
1
4
0
2
1
3
0
4
1
2
0
0
0
0
1
1
1
1
0
1
1
0
1
1
1
0
1
3
2
1
1
0
0
0
0
1
1
1
0
2
0
1
2
2
1
3
0
2
0
2
1
0
1
2
0
0
1
0
0
0
0
1
2
1
0
0
1
1
2
0
0
0
2
1
0
1
1
2
4
1
1
0
1
1
1
1
1
1
0
2
1
0
1
1
0
0
1
1
2
2
0
1
2
0
0
1
1
1
0
4
1
0
0
0
0
0
0
1
1
2
2
2
0
1
0
0
1
1
2
1
3
0
0
2
1
1
0
1
2
0
0
1
2
0
1
0
2
0
2
0
0
0
0
0
0
1
2
0
0
1
3
0
1
1
2
4
1
4
0
0
0
1
2
0
1
2
1
1
1
2
1
0
0
2
1
0
1
1
0
2
0
2
0
1
0
0
0
4
3
0
4
0
4
1
0
0
2
2
2
0
0
1
1
1
2
0
3
1
2
2
1
1
1
0
0
4
0
0
0
1
1
2
2
1
1
0
2
3
1
2
1
1
0
0
3
2
1
3
1
1
0
1
2
0
1
1
2
2
1
2
1
1
1
0
1
2
3
5
0
0
0
0
0
0
0
1
1
0
1
2
3
1
1
0
1
2
2
1
1
0
0
0
0
2
0
2
0
0
2
0
1
1
4
0
1
1
1
1
1
2
1
1
0
1
0
0
0
2
0
1
2
0
0
4
0
1
0
1
1
2
3
0
2
1
2
1
1
0
1
4
2
1
1
4
1
1
1
2
0
3
0
2
2
1
3
0
1
2
2
1
0
1
0
1
1
1
1
0
1
0
0
2
2
0
4
1
1
0
1
1
0
1
1
1
1
2
0
0
3
2
0
2
1
0
0
3
1
1
0
1
1
1
0
0
3
0
0
1
0
2
0
0
2
0
0
0
1
0
1
1
1
1
2
1
1
1
0
0
1
1
2
1
2
0
0
0
1
2
1
3
0
0
1
1
1
1
2
1
1
2
2
1
0
1
0
0
2
0
0
1
0
1
0
1
0
0
3
0
0
1
1
1
0
1
1
2
3
1
0
1
1
1
0
2
2
1
1
0
0
3
0
0
0
0
2
1
0
0
2
0
1
0
1
1
1
2
2
1
0
0
2
2
0
3
0
0
0
0
2
0
1
1
2
2
3
0
0
1
1
0
1
2
1
1
2
1
0
1
1
1
1
0
1
1
0
0
3
0
1
1
1
0
2
1
0
4
0
5
0
2
1
0
1
1
1
0
0
0
2
1
0
2
1
0
1
0
0
2
2
2
1
3
0
1
4
2
2
3
2
1
0
0
2
1
1
3
2
1
1
0
1
1
1
1
1
0
2
0
2
2
2
3
0
0
1
0
1
0
0
2
2
0
1
1
3
0
1
0
4
2
0
0
2
0
3
1
4
1
2
0
1
1
0
1
0
1
0
0
2
0
1
1
2
1
3
1
0
2
0
3
0
0
1
2
3
2
2
0
1
3
0
0
0
0
0
1
1
2
0
1
2
0
2
0
1
2
2
2
0
1
0
0
0
2
0
1
0
1
0
3
0
2
0
1
0
0
0
2
1
0
0
2
0
2
0
1
1
0
1
1
0
0
1
0
0
0
1
0
2
2
0
0
5
0
1
1
3
2
1
1
0
1
0
1
0
0
2
1
0
0
0
1
2
0
0
1
0
3
0
1
1
0
1
1
0
1
0
3
1
0
0
2
2
0
3
1
0
1
1
0
1
1
4
1
0
2
1
0
2
1
1
1
1
0
0
2
1
0
0
1
1
1
0
0
1
0
0
1
0
0
0
0
0
0
3
4
1
0
0
1
0
1
1
2
1
0
0
1
0
3
1
3
1
0
4
0
0
0
0
0
0
1
2
0
1
1
1
0
0
0
3
0
0
1
3
1
2
1
2
2
0
1
1
1
0
2
1
1
0
1
1
1
0
0
0
2
0
1
2
1
0
0
1
1
1
2
0
2
0
0
3
0
0
0
0
0
0
1
1
0
0
1
1
1
2
2
2
1
0
1
1
1
3
1
0
0
0
1
0
2
1
0
0
1
0
1
2
0
1
0
1
0
2
1
1
0
2
2
0
1
1
2
1
0
0
1
1
0
2
1
0
2
0
1
2
0
1
1
1
0
1
1
0
2
1
2
1
1
2
4
0
2
1
0
1
1
0
0
1
0
0
0
0
2
1
0
1
0
1
1
1
0
1
2
1
1
2
1
0
2
1
3
1
2
1
1
2
1
2
1
1
1
0
0
2
0
1
1
0
0
1
2
2
0
1
2
0
1
1
0
1
0
1
0
2
1
2
4
2
2
2
0
1
3
0
0
1
0
1
0
0
0
2
2
3
1
0
2
1
4
2
0
1
0
0
0
4
0
1
0
1
2
3
1
0
2
0
1
2
2
2
2
0
1
0
0
1
1
0
1
2
4
3
0
3
1
0
2
1
2
0
3
0
4
4
2
3
1
2
2
1
4
8
6
3
3
2
4
6
7
4
5
5
9
6
6
6
6
8
12
8
3
10
10
7
10
3
9
10
5
8
8
15
8
6
7
11
21
9
10
13
8
16
10
9
13
16
14
12
9
10
12
15
12
19
12
5
13
16
17
21
6
19
7
8
7
15
9
9
11
18
10
15
8
14
16
11
8
15
11
9
13
14
11
9
10
9
11
10
10
7
15
10
9
7
8
10
8
7
9
7
9
8
7
3
3
3
5
5
3
8
5
5
3
2
7
6
8
5
4
4
5
3
4
3
3
5
3
3
1
3
1
2
3
1
4
1
2
1
2
3
3
2
1
0
2
2
3
0
2
2
4
3
1
1
1
0
0
1
0
1
1
1
1
0
3
1
0
0
0
0
1
1
0
1
5
1
2
0
0
0
0
1
1
0
1
1
0
2
1
2
0
0
3
1
0
3
0
0
1
1
0
1
0
0
0
2
2
0
0
1
0
0
0
1
0
1
2
0
1
1
1
2
0
1
1
0
0
2
1
0
0
1
0
2
0
1
0
3
0
0
0
3
1
1
2
1
1
0
0
1
2
2
1
0
0
1
0
0
0
0
2
0
1
1
1
1
0
0
0
3
0
1
2
0
1
2
0
0
0
1
1
1
0
1
0
2
2
0
0
0
0
0
2
2
0
1
1
0
0
0
0
1
1
0
1
1
2
0
0
1
1
0
2
0
1
0
0
2
1
0
1
1
0
0
1
0
0
0
0
0
0
1
0
3
0
0
0
0
0
0
0
0
0
1
1
0
0
1
2
1
1
1
0
0
2
0
0
0
0
0
0
0
2
0
0
0
0
0
1
1
0
0
0
0
1
3
0
0
1
1
0
0
1
0
0
1
1
1
2
0
0
1
1
1
1
1
0
0
0
1
0
1
1
1
0
0
0
1
1
1
0
1
1
0
0
1
1
0
0
0
0
2
0
0
0
0
2
0
3
0
0
2
0
0
0
0
1
1
1
0
1
2
1
0
1
1
1
1
0
0
0
1
1
0
1
1
0
0
0
1
0
0
0
1
1
2
0
0
0
0
0
0
1
1
2
0
0
0
0
1
0
0
0
0
1
0
1
1
1
0
0
1
1
0
0
4
1
1
0
0
0
1
1
0
1
0
1
0
0
0
1
0
0
1
0
3
0
2
0
0
0
1
0
1
1
0
1
0
1
0
0
1
2
0
0
1
0
0
0
1
1
1
0
0
0
2
0
0
1
0
0
0
1
1
1
4
1
0
0
0
2
1
0
0
0
3
3
0
0
3
0
2
1
0
0
0
1
0
3
1
0
1
0
1
0
1
1
1
0
0
2
4
1
0
1
0
1
0
1
0
0
1
0
0
2
0
0
2
0
0
0
0
0
0
1
1
0
0
1
2
0
0
1
0
0
2
0
2
0
1
1
2
1
1
0
0
0
0
0
0
0
0
1
0
0
0
1
0
1
2
1
1
1
2
0
0
1
0
0
0
0
1
0
2
0
2
0
0
0
0
0
0
0
0
0
0
0
0
0
0
1
0
0
1
1
1
1
1
0
0
2
1
0
0
1
1
1
0
0
2
1
0
3
1
1
1
0
0
1
0
2
1
0
1
0
0
0
1
1
0
3
0
1
0
1
0
0
0
0
0
0
2
0
0
0
1
0
0
1
0
0
0
0
2
0
0
0
1
0
0
0
0
0
0
0
0
2
2
1
0
0
0
0
1
1
0
0
0
0
0
0
0
1
0
0
0
2
0
0
0
1
2
0
1
0
1
1
1
0
1
0
0
0
0
0
0
2
0
2
0
0
1
0
0
2
1
1
0
0
0
0
0
0
1
1
1
1
0
0
0
0
0
0
0
2
0
0
0
0
0
1
0
1
1
0
0
0
0
1
1
0
2
0
1
0
0
1
0
2
1
1
0
0
0
1
1
0
0
0
0
0
0
0
0
1
1
1
3
0
0
0
0
2
0
0
1
0
0
2
2
2
0
1
0
0
1
1
3
1
0
0
0
1
1
0
0
0
0
0
0
0
1
0
0
0
2
0
0
0
0
0
1
1
0
1
0
0
0
0
0
0
0
2
0
0
0
0
0
1
0
0
0
1
0
1
0
1
0
0
0
0
0
2
2
0
0
0
0
0
1
0
0
2
0
0
0
2
0
0
0
1
2
0
1
0
1
0
0
1
1
1
0
0
0
1
0
0
0
0
0
0
0
0
1
0
1
0
0
0
1
0
0
0
1
0
0
0
0
0
0
0
1
0
0
0
0
0
0
0
0
1
0
0
0
1
0
0
1
0
1
0
0
0
0
0
1
0
0
0
0
0
0
1
0
0
0
0
0
1
2
0
1
2
0
0
0
0
0
0
0
0
0
0
0
0
0
0
0
0
0
0
0
0
0
0
0
0
0
0
0
0
0
0
0
0
0
0
0
0
0
0
0
0
0
0
0
0
0
0
0
0
0
0
0
0
0
0
0
0
0
0
0
0
0
0
0
0
0
0
0
0
0
0
0
0
0
0
0
0
0
0
0
0
0
0
0
0
0
0
0
0
0
0
0
0
0
0
0
0
0
0
0
0
0
0
0
0
0
0
0
0
0
0
0
0
0
0
0
0
0
0
0
0
0
0
0
0
0
0
0
0
0
0
0
0
0
0
0
0
0
0
0
0
0
0
0
0
0
0
0
0
0
0
0
0
0
0
0
0
0
0
0
0
0
0
0
0
0
0
0
0
0
0
0
0
0
0
0
0
0
0
0
0
0
0
0
0
0
0
0
0
0
0
0
0
0
0
0
0
0
0
0
0
0
0
0
0
0
0
0
0
0
0
0
0
0
0
0
0
0
0
0
0
0
0
0
0
0
0
0
0
0
0
0
0
0
0
0
0
0
0
0
0
0
0
0
0
0
0
0
0
0
0
0
0
0
0
0
