0
0
0
0
0
0
0
0
0
0
0
0
0
0
0
0
0
0
0
0
0
0
0
0
0
0
0
0
0
0
0
0
0
0
0
0
0
0
0
0
0
0
0
0
0
0
0
0
0
0
0
0
0
0
0
0
0
0
0
0
0
0
0
0
0
0
0
0
0
0
0
0
0
0
0
0
0
0
0
0
0
0
0
0
0
0
0
0
0
0
0
0
0
0
0
0
0
0
0
0
0
0
0
0
0
0
0
0
0
0
0
1
5
574
4520
8768
8741
8112
7463
7480
7298
7351
7249
7476
7467
7774
7694
7916
7951
8097
8011
8198
8110
8266
8121
8327
8255
8193
8222
8123
8071
8054
7946
8072
8036
7922
7906
7980
7925
7931
7851
7784
7835
7958
7691
7699
7690
7649
7625
7669
7542
7488
7550
7460
7530
7450
7520
7560
7483
7365
7341
7458
7235
7251
7269
7316
7239
7362
7352
7231
7264
7242
7189
7025
7144
7224
7263
7186
7184
7159
6983
7236
7117
7036
7163
7044
7033
6907
7086
6967
7036
6950
6966
6982
6951
6837
6905
6824
6852
6726
6789
6735
6764
6846
6831
6828
6813
6861
6743
6712
6655
6674
6678
6765
6704
6629
6715
6667
6628
6398
6697
6471
6704
6678
6617
6681
6497
6676
6780
6497
6706
6526
6522
6635
6488
6554
6542
6407
6415
6469
6383
6348
6490
6420
6401
6435
6503
6433
6430
6485
6317
6386
6411
6311
6328
6359
6298
6328
6307
6365
6262
6299
6217
6326
6373
6496
6196
6373
6342
6223
6264
6214
6260
6330
6213
6176
6228
6246
6307
6171
6149
6330
6160
5970
6069
6221
6088
6173
6177
6072
6183
6153
6166
6151
6182
6108
6115
6148
6195
6143
6115
6064
6045
5997
6083
5987
6035
6009
6057
5923
5980
5948
5967
6040
5956
5977
5892
5903
5978
6011
6088
5974
6076
5820
6032
5893
6010
5873
5859
6058
5777
5917
5985
6028
5878
5900
5884
5856
5846
6015
5824
5883
5764
5936
5787
5874
5851
5783
5848
5757
5865
5832
5835
5859
5807
5817
5867
5779
5682
5763
5913
5964
5804
5942
5827
5692
5639
5839
5658
5768
5622
5744
5855
5742
5672
5767
5909
5695
5841
5638
5759
5787
5779
5684
5754
5688
5669
5752
5607
5780
5627
5609
5688
5618
5748
5606
5839
5707
5643
5875
5774
5591
5688
5795
5746
5524
5526
5637
5560
5670
5581
5645
5603
5599
5654
5630
5736
5566
5628
5605
5546
5668
5608
5727
5576
5718
5532
5654
5631
5532
5509
5575
5550
5624
5520
5551
5443
5561
5521
5597
5461
5500
5424
5593
5452
5560
5440
5562
5481
5500
5563
5626
5535
5500
5584
5503
5493
5446
5638
5486
5427
5479
5481
5405
5493
5532
5450
5544
5393
5427
5441
5400
5476
5520
5612
5490
5519
5455
5361
5320
5321
5497
5422
5305
5426
5397
5515
5576
5415
5208
5504
5550
5453
5305
5557
5365
5348
5464
5422
5411
5499
5447
5348
5426
5354
5361
5383
5338
5403
5449
5402
5283
5279
5431
5328
5348
5349
5589
5389
5324
5429
5370
5256
5366
5300
5301
5370
5254
5214
5261
5507
5317
5313
5372
5483
5255
5395
5324
5246
5147
5423
5351
5353
5317
5254
5329
5295
5321
5410
5373
5237
5322
5164
5128
5203
5362
5333
5264
5306
5313
5290
5230
5391
5268
5212
5453
5440
5202
5140
5292
5290
5366
5197
5220
5143
5173
5254
5134
5196
5359
5262
5430
5225
5271
5233
5279
5251
5221
5185
5311
5226
5250
5153
5250
5119
5170
5244
5198
5240
5230
5229
5353
5237
5255
5178
5277
5323
5202
5239
5131
5207
5226
5165
5315
5051
5299
5032
5159
5065
5135
5251
5179
5203
5253
5123
5314
5335
5267
5361
5105
5106
5123
5186
5190
5324
5276
5245
5132
5260
5186
5223
5301
5255
5133
5190
5201
5337
5339
5278
5263
5280
5164
5262
5275
5217
5141
5233
5139
5212
5111
5181
5232
5224
5278
5067
5180
5333
5314
5235
5189
5264
5236
5097
5203
5272
5248
5318
5344
5194
5328
5125
5235
5299
5310
5167
5348
5262
5223
5249
5203
5229
5171
5294
5315
5229
5331
5065
5156
5382
5124
5341
5156
5333
5185
5247
5151
5207
5206
5343
5241
5277
5248
5284
5330
5227
5150
5169
5062
5301
5291
5178
5299
5378
5252
5263
5190
5345
5226
5220
5264
5323
5158
5165
5139
5170
5277
5111
5186
5343
5205
5298
5187
5116
5147
5336
5324
5256
5322
5201
5110
5113
5239
5216
5100
5209
5091
5177
5152
5291
5283
5188
5159
5222
5287
5336
5286
5257
5128
5148
5285
5229
5208
5201
5228
5231
5204
5300
5275
5324
5376
5209
5166
5164
5375
5234
5339
5286
5305
5376
5432
5098
5318
5385
5435
5286
5298
5356
5163
5231
5344
5438
5200
5245
5244
5193
5232
5283
5244
5265
5233
5348
5301
5323
5209
5307
5317
5210
5134
5189
5329
5212
5318
5275
5263
5290
5407
5375
5143
5227
5211
5357
5331
5322
5494
5538
5447
5518
5568
5785
5806
5994
5810
5746
5713
5756
5622
5755
5574
5538
5451
5445
5390
5411
5452
5403
5366
5348
5420
5464
5304
5388
5160
5291
5179
5183
5300
5214
5240
5235
5172
5140
5143
5127
5120
5109
5029
5081
5072
5221
4973
5011
5166
5042
5076
5104
5183
5172
5151
5009
5268
4998
5144
5108
5109
5139
5225
5201
5137
5092
5071
5236
5127
5183
5225
5112
5130
5109
5145
5245
5095
5238
5145
5241
5137
5134
5137
5196
5257
5106
5254
5094
5076
5092
5172
5186
5300
5227
5185
5190
5307
5273
5229
5228
5140
5371
5205
5255
5177
5236
5160
5148
5322
5111
5213
5228
5273
5310
5169
5235
5209
5303
5361
5358
5278
5195
5269
5277
5357
5351
5410
5376
5277
5428
5436
5333
5514
5459
5521
5361
5440
5341
5341
5280
5518
5436
5494
5520
5417
5497
5342
5458
5500
5341
5357
5458
5569
5565
5504
5541
5500
5612
5384
5502
5429
5532
5630
5494
5576
5478
5480
5542
5680
5627
5555
5631
5602
5627
5707
5620
5442
5616
5577
5510
5452
5676
5583
5663
5501
5624
5744
5758
5597
5890
5647
5748
5814
5628
5720
5518
5688
5763
5715
5652
5798
5718
5805
5846
5911
5919
5755
5717
5820
5746
5831
5771
5972
5841
5911
5854
5808
5775
5843
5781
5805
5837
5901
5854
5741
5785
5819
5997
6015
5798
5903
5978
5805
6013
6055
5871
5967
6035
5985
6021
6011
5812
5811
6092
6074
5982
6111
5928
6145
6013
6114
6032
5984
6030
6096
6125
6039
6036
6208
6036
6019
6236
6105
5940
6187
6188
6096
6051
6159
6205
6185
6255
6038
6064
6238
6079
6217
6055
6170
6081
6135
6143
6232
6104
6180
6201
6274
6215
6085
6208
6187
6305
6303
6313
6376
6273
6311
6153
6211
6340
6165
6281
6315
6328
6292
6284
6475
6199
6460
6330
6253
6216
6495
6416
6172
6396
6262
6423
6384
6363
6533
6330
6247
6497
6343
6375
6478
6364
6418
6466
6403
6429
6322
6445
6501
6488
6476
6418
6349
6548
6567
6454
6450
6610
6438
6445
6505
6412
6589
6500
6538
6589
6506
6650
6432
6402
6550
6528
6542
6550
6409
6458
6498
6526
6634
6679
6521
6723
6588
6726
6602
6641
6608
6749
6545
6632
6722
6632
6577
6635
6642
6619
6749
6680
6646
6575
6713
6754
6775
6772
6624
6775
6639
6663
6825
6714
6668
6700
6830
6666
6622
6613
6852
6769
6617
6679
6845
6803
6864
6645
6662
6779
6769
6734
6842
6845
6899
6814
6703
6765
6629
6958
6839
6827
6679
6775
6828
6970
6827
6964
6946
6849
6920
6844
6878
6941
6843
6922
6944
6813
6897
6751
6794
6854
6934
7018
6981
6857
6844
6977
6979
6942
6918
6893
6955
6960
7074
6881
6904
6818
6923
6967
6831
7095
7068
6931
7074
6991
6979
7007
7102
7129
7035
7129
6919
7200
7083
6953
6983
7112
6989
7106
7271
7152
7028
7196
7023
7128
6977
6946
7074
7097
7039
7273
7324
7062
7087
7063
7191
7082
6998
7194
7042
7020
7233
7349
7225
7114
7226
7105
7176
7181
7204
7290
7317
7292
7303
7290
7294
7160
7064
7279
7414
7374
7332
7286
7140
7349
7451
7208
7262
7188
7227
7188
7352
7383
7506
7396
7341
7600
7436
7350
7442
7462
7516
7460
7434
7283
7450
7524
7348
7363
7452
7440
7323
7500
7465
7520
7509
7378
7436
7392
7407
7525
7617
7586
7303
7411
7445
7535
7614
7497
7742
7580
7536
7579
7608
7671
7507
7564
7534
7582
7632
7663
7716
7677
7739
7621
7815
7804
7615
7726
7716
7729
7778
7689
7727
7634
7708
7876
7861
7696
7711
7685
7917
7685
7867
7538
7788
7733
7857
7789
7854
7840
7740
7831
7819
8037
7921
8021
7906
7834
7913
7816
7912
7911
7900
8019
7940
7896
7925
7946
7892
7993
8010
7881
7965
7949
7947
7854
7915
7753
8019
7891
7900
7986
7949
8055
8071
7990
8065
8115
8068
7979
8200
8029
8099
8193
7987
8095
7882
8119
8309
8206
8149
8098
8161
8050
8057
8171
8284
8197
8106
8065
8186
8114
8118
8137
8114
8235
8072
8282
8330
8145
8121
8320
8287
8207
8294
8287
8217
8363
8274
8320
8239
8403
8306
8417
8569
8356
8310
8452
8441
8363
8287
8456
8538
8438
8489
8512
8571
8332
8490
8455
8614
8578
8617
8520
8644
8455
8473
8777
8706
8673
8647
8668
8641
8558
8772
8556
8739
8699
8526
8711
8958
8853
8645
8718
8545
8841
8731
8812
8697
8744
8744
8760
8727
8863
8818
8731
8644
8868
8783
8650
8629
8856
8701
8808
8739
8920
8870
8850
8776
8744
8743
8735
8808
8970
8777
8801
9010
8902
8812
9021
8827
8944
8854
8944
8954
8736
8899
8953
8890
8996
8879
8967
8842
9018
8869
9056
8899
8758
8803
9022
8873
8879
8969
8934
8919
8969
8965
8981
9068
8965
8967
8958
8993
8994
9168
9011
8879
8850
8868
9001
8776
8895
8901
9018
8885
8955
8977
8967
8818
8939
8938
8940
8980
8956
9054
9180
9298
9111
9128
9326
9347
9265
9309
9184
9314
9181
9293
9177
9131
9204
9157
9078
9022
8950
8730
8875
8950
8924
8813
8926
8847
8789
8760
8746
8703
8585
8743
8564
8602
8352
8661
8467
8333
8673
8589
8571
8321
8451
8282
8384
8340
8482
8391
8433
8408
8435
8620
8143
8326
8424
8302
8182
8247
8319
8300
8261
8180
8218
8295
8213
8297
8154
8188
8209
8120
8283
8116
8147
8211
8158
8148
8200
8199
8288
8013
8275
8149
8064
8142
8120
8072
8115
8131
8186
8122
8137
7884
8002
7973
8062
8002
8081
8007
7996
8025
8130
7905
8137
8088
8178
8012
8022
7972
8107
8028
8073
7964
8069
7985
7946
8026
7961
7920
7876
7960
7821
7976
7932
7871
7917
7953
7913
7946
7833
7897
8034
7925
7854
7885
7726
7767
7795
7780
7835
7904
7601
7828
7790
7846
7842
7765
7962
7867
7772
7760
7886
7725
7785
7779
7826
7677
7962
7869
7768
7804
7810
7758
7830
7796
7726
7781
7668
7767
7650
7699
7768
7844
7762
7635
7685
7792
7669
7804
7743
7525
7579
7752
7689
7643
7688
7499
7617
7735
7661
7630
7527
7428
7477
7688
7658
7523
7519
7616
7619
7653
7749
7425
7557
7436
7555
7675
7730
7532
7644
7567
7658
7496
7620
7472
7340
7558
7388
7475
7531
7642
7469
7554
7503
7538
7627
7558
7469
7579
7357
7418
7396
7531
7517
7338
7460
7549
7472
7589
7545
7460
7466
7400
7661
7468
7506
7226
7629
7400
7376
7508
7441
7467
7410
7329
7430
7426
7450
7302
7330
7379
7464
7276
7304
7393
7375
7336
7291
7374
7260
7448
7335
7114
7272
7294
7329
7374
7318
7206
7246
7322
7222
7249
7319
7175
7260
7260
7161
7240
7180
7199
7276
7201
7327
7240
7296
7116
7086
7227
7240
7210
7295
7083
7216
7235
7206
7348
7130
7132
7273
7121
7129
7135
7158
7227
7035
7210
7166
7167
7012
7281
7243
7072
7076
7104
7154
7156
7126
7013
7202
7131
7112
6945
7010
7225
7045
7024
7156
7168
7130
6961
7029
7055
7046
7068
7059
7089
7022
6927
7017
7037
7023
7057
6865
7022
7123
7045
6954
7053
6977
7033
7082
6952
7015
7004
7033
7017
7029
6844
7012
6927
7008
6755
6875
6861
6967
6904
6973
6948
6866
6862
6989
6927
6775
6784
6907
6972
6967
6983
6742
6847
7007
6859
6933
6821
6774
6744
7029
6768
6766
6754
6975
6832
6774
6639
6849
6824
6624
6856
6817
6831
6745
6797
6826
6680
6753
6753
6648
6786
6727
6775
6639
6824
6616
6716
6616
6778
6757
6713
6587
6665
6746
6540
6523
6590
6630
6574
6488
6708
6613
6701
6631
6557
6489
6527
6501
6571
6592
6539
6362
6528
6676
6525
6288
6366
6469
6465
6448
6420
6394
6474
6389
6263
6471
6389
6263
6259
6170
6260
6261
6293
6346
6158
6259
6130
6131
6193
6158
6117
6166
6045
6077
6285
5920
6025
6065
6158
5974
6054
6004
5940
5911
6113
5925
6079
6079
5927
6067
5978
5692
5796
5851
5741
5673
5867
5904
5778
5784
5615
5615
5769
5771
5746
5650
5693
5634
5742
5667
5552
5695
5718
5637
5523
5497
5572
5592
5599
5597
5444
5425
5544
5491
5478
5381
5403
5393
5447
5434
5373
5369
5502
5492
5359
5443
5380
5397
5420
5367
5356
5344
5324
5150
5281
5265
5414
5399
5318
5352
5282
5339
5315
5230
5336
5202
5276
5211
5259
5356
5200
5216
5299
5201
5125
5074
5185
5176
5105
5213
5056
5195
5141
5096
5105
5043
5191
5130
5222
5151
5064
5187
5022
5043
5077
5185
5116
5054
5096
5075
5083
5150
5144
5142
5069
5088
5239
5235
5236
5103
5151
5199
5116
5133
5082
5139
5162
5148
5112
5188
5057
5117
5163
5149
5116
5027
5133
5119
5152
5134
5066
5018
5203
5153
5073
5082
5096
5235
5022
5102
5124
5030
4995
5060
4889
5007
4915
5169
5137
5050
5078
5058
5131
5240
5294
5187
5221
5464
5405
5447
5396
5359
5486
5514
5367
5216
5245
5237
5188
5208
5129
5160
5151
5108
5021
5012
4939
4903
4977
4939
4985
4877
4842
4912
4773
4741
4848
4806
4690
4696
4761
4777
4652
4600
4700
4728
4671
4538
4633
4632
4683
4675
4585
4475
4626
4498
4553
4547
4552
4629
4597
4490
4536
4657
4604
4594
4655
4604
4571
4509
4518
4564
4482
4449
4501
4605
4483
4573
4482
4452
4468
4414
4397
4378
4508
4379
4443
4328
4451
4455
4395
4518
4240
4524
4445
4404
4469
4371
4481
4485
4420
4354
4381
4290
4363
4400
4344
4250
4299
4285
4254
4306
4347
4410
4335
4316
4291
4321
4434
4328
4281
4429
4350
4346
4281
4286
4332
4305
4222
4156
4157
4369
4225
4382
4246
4297
4305
4269
4122
4284
4217
4245
4303
4300
4150
4218
4219
4124
4225
4221
4216
4239
4239
4189
4170
4253
4268
4074
4257
4089
4120
4126
4225
4093
4225
4114
4156
4114
4229
4182
4227
4214
4193
4150
4139
4232
4105
4208
4086
4117
4275
4236
4268
4112
4172
4139
4213
4059
4125
4139
4181
4168
4073
4134
4199
4120
4011
4030
4222
4071
4162
4112
4169
3976
4096
4163
4131
4106
4066
4050
4082
3951
3939
4052
4069
4089
3978
3940
4097
4059
4087
4028
4069
4071
3993
3957
4042
3946
4001
4018
4019
3934
3911
4086
4012
4025
3990
3914
3984
4044
3927
3995
4006
3985
3867
3948
3793
4070
3905
3912
3877
4064
4014
3899
3938
3919
3917
3937
4051
3968
4005
3923
3971
3864
3885
3976
3854
3888
3893
3871
3879
3842
3943
3946
3812
3836
4009
3911
3958
3972
3904
3825
3862
3854
3975
3808
3863
3838
3862
3817
3848
3852
3941
3812
3748
3727
3811
3835
3905
3750
3870
3781
3840
3809
3911
3849
3843
3898
3808
3875
3768
3829
3813
3909
3741
3974
3851
3831
3885
3701
3841
3805
3861
3862
3863
3788
3825
3774
3752
3785
3821
3893
3673
3790
3828
3735
3688
3809
3846
3691
3635
3700
3808
3766
3681
3695
3865
3819
3744
3762
3741
3778
3722
3747
3733
3578
3730
3743
3830
3702
3765
3689
3741
3809
3680
3663
3731
3803
3740
3726
3597
3700
3602
3757
3739
3716
3739
3767
3754
3576
3765
3792
3629
3608
3683
3701
3652
3655
3645
3760
3713
3565
3664
3668
3674
3646
3643
3748
3795
3742
3744
3747
3657
3689
3779
3688
3646
3680
3698
3624
3613
3654
3625
3739
3639
3703
3514
3571
3586
3699
3655
3496
3625
3536
3612
3709
3624
3704
3674
3545
3690
3653
3596
3567
3763
3646
3667
3659
3592
3542
3632
3657
3694
3642
3502
3684
3571
3681
3542
3609
3646
3706
3687
3611
3540
3628
3545
3611
3570
3617
3589
3501
3632
3576
3621
3674
3673
3614
3581
3578
3630
3521
3609
3580
3659
3597
3653
3675
3616
3580
3653
3661
3713
3711
3771
3836
3707
3959
4147
4019
4012
4173
4329
4175
4538
4489
4473
4532
4568
4609
4762
4864
4928
5049
5160
5138
5195
5218
5402
5429
5357
5701
5751
5648
5719
5805
5656
5764
5872
5847
5997
6038
6092
5906
5997
6137
6162
6143
6078
6023
6205
6086
6191
6179
6010
6055
6148
6176
6174
6172
6346
6161
6298
6129
6247
6425
6490
6630
6756
6948
7004
7446
7579
8261
8547
9042
9562
10125
10402
11029
11387
11597
11536
11477
11759
11680
11298
11037
10944
10457
10164
9946
9469
9081
8573
8380
8102
7937
7449
7123
6868
6564
6389
6157
5967
5624
5468
5271
5098
4770
4722
4605
4295
4207
4250
4129
4013
3956
3899
3872
3646
3620
3401
3478
3560
3456
3301
3369
3415
3415
3177
3294
3261
3118
3305
3059
3271
3176
3100
3197
3022
3172
3108
3146
3058
3166
3164
3107
3138
3023
3111
3159
3132
3064
3178
3110
3207
3108
3116
2971
3027
3007
3004
3209
2997
3024
3118
3012
3052
3108
3171
3077
3076
3188
3073
3117
3138
3013
3058
3082
3047
3075
3107
3063
3011
3086
3020
3106
3096
3108
3136
2978
3063
3179
3073
3154
3072
3145
3114
3131
3151
3028
3120
2981
3083
3142
3097
3173
3099
3071
3122
3147
3083
3089
3017
3159
3119
3054
3119
3035
3099
3014
3086
3088
3087
3101
3084
3089
3098
3130
3159
3055
3037
3072
3083
3063
3107
3113
3147
3143
3034
3134
3160
3077
3095
3193
3055
3114
3085
3164
3188
3085
3034
3096
3212
3133
3070
3036
3097
3094
3142
3096
3077
3084
3198
3078
3140
3078
3184
3169
3107
3147
3224
3237
3440
3437
3548
3563
3591
3755
3836
3849
4114
4115
4296
4599
4613
4733
4923
5099
5150
5399
5555
5773
6029
6061
6291
6516
6699
6952
7010
7278
7457
7552
7681
7876
8039
8190
8354
8334
8501
8660
8504
8939
8993
8925
8972
9355
9247
9116
9407
9159
9392
9475
9669
9312
9673
9423
9577
9602
9635
9813
9619
9518
9717
9774
9872
9778
10075
10035
10635
10459
10962
11431
11752
12335
12995
13842
14958
15983
17305
18182
19094
20316
21040
21565
22223
22394
22393
22323
21887
21353
20864
20441
19338
18686
17999
17280
16541
15308
14893
13875
13407
12519
11839
11172
10483
9922
9403
8577
8134
7613
7275
6869
6445
6067
5712
5386
5005
4830
4453
4380
4108
4010
3775
3673
3469
3405
3162
3122
3201
3004
2851
2886
2760
2638
2622
2625
2541
2454
2507
2535
2478
2408
2363
2356
2324
2361
2434
2368
2361
2295
2299
2290
2252
2251
2372
2290
2381
2256
2193
2262
2262
2289
2268
2217
2331
2247
2302
2291
2225
2281
2233
2201
2297
2186
2225
2239
2266
2238
2291
2374
2237
2234
2158
2231
2192
2207
2328
2261
2266
2265
2102
2340
2224
2281
2324
2248
2210
2210
2212
2250
2233
2253
2253
2196
2193
2227
2233
2207
2281
2221
2181
2230
2307
2188
2162
2163
2163
2196
2282
2243
2238
2208
2187
2191
2221
2318
2231
2271
2236
2204
2148
2185
2152
2220
2144
2176
2254
2202
2183
2232
2210
2156
2229
2186
2177
2070
2163
2180
2231
2215
2161
2360
2168
2182
2169
2108
2156
2176
2181
2188
2157
2203
2143
2232
2201
2193
2157
2140
2201
2185
2106
2191
2089
2206
2237
2200
2190
2165
2145
2125
2121
2146
2142
2189
2155
2071
2137
2172
2138
2221
2177
2106
2199
2174
2082
2167
2129
2187
2169
2216
2076
2152
2083
2164
2120
2210
2218
2144
2141
2230
2246
2098
2152
2079
2212
2181
2095
2140
2203
2196
2150
2143
2107
2105
2082
2243
2189
2106
2226
2150
2140
2145
2134
2124
2100
2145
2132
2135
2148
2107
2106
2185
2155
2148
2137
2118
2109
2121
2106
2086
2178
2178
2187
2088
2132
2168
2154
2123
2076
2146
2096
2121
2136
2128
2179
2094
2154
2121
2212
2203
2161
2199
2073
2133
2115
2095
2075
2064
2156
2168
2100
2163
2206
2088
2068
2085
2071
2087
2120
2143
2082
2054
2154
2140
2158
2102
2079
2197
2123
2120
2099
2134
2175
2130
2143
2164
2111
2188
2144
2169
2154
2122
2136
2084
2078
2147
2191
2205
2076
2231
2175
2070
2077
2091
2210
2137
2125
2065
2116
2135
2097
2115
2104
2133
2124
2135
2167
2128
2052
2006
2105
2256
2049
2011
2126
2164
2130
2132
2106
2156
2144
2105
2121
2157
2101
2010
2206
2166
2142
2157
2051
2204
2102
2103
2082
2126
2115
2091
2196
2143
2175
2097
2054
2170
2120
2078
2055
2157
2114
2112
2138
2072
2094
2115
2240
2100
2167
2160
2138
2147
2131
2129
2195
2172
2111
2104
2184
2093
2088
2222
2144
2094
2174
2171
2132
2212
2101
2080
2139
2147
2207
2201
2176
2227
2185
2163
2206
2127
2188
2169
2171
2168
2144
2138
2228
2334
2119
2234
2195
2169
2180
2234
2248
2251
2239
2291
2275
2344
2338
2229
2323
2370
2382
2383
2339
2365
2492
2520
2556
2585
2758
2715
2887
3150
3217
3334
3667
3758
4042
4393
4726
4908
5266
5793
6142
6634
6915
7556
8020
8477
9038
9633
10073
10589
11303
11684
12368
12800
13364
13887
14773
15001
15456
16255
16507
17205
17473
18225
18393
18819
19236
19450
19422
20262
20245
20933
21169
20970
21326
21633
21700
21766
22086
21961
22168
22280
22783
22247
22427
22719
23050
22644
23183
23244
23582
23605
23877
24320
25056
25277
26260
26899
28305
28708
30861
32640
34738
36834
39457
41942
44786
47420
49811
52171
54396
55574
56966
57511
57244
57147
56069
55316
53239
51466
49958
48429
45510
43688
41458
39088
37450
35138
32890
31144
28902
27261
25018
23518
21704
19764
18351
16773
15345
14221
13050
11823
10778
9705
8853
8087
7291
6677
6195
5543
5101
4445
4065
3714
3267
2999
2744
2510
2249
2118
1889
1821
1667
1547
1385
1294
1228
1100
1147
998
949
868
877
822
822
738
711
672
675
613
649
607
605
594
624
594
542
567
546
558
529
567
550
537
527
537
529
525
506
525
515
478
461
464
488
514
476
431
493
508
446
460
486
467
470
473
496
489
475
463
498
472
493
449
498
496
484
489
489
445
452
508
457
455
484
436
475
447
462
460
436
480
480
469
476
453
485
455
448
479
469
432
448
468
431
474
459
441
459
389
437
455
444
457
483
468
466
460
425
436
426
438
468
406
456
442
453
474
415
491
459
433
437
448
433
467
451
471
434
433
431
450
430
488
448
494
477
440
442
467
467
482
456
463
429
468
461
460
417
489
486
453
521
496
502
554
488
541
588
605
606
599
671
649
763
763
826
885
947
1026
1093
1151
1147
1211
1377
1329
1422
1533
1618
1647
1725
1865
1867
1895
2071
2123
2220
2297
2324
2357
2468
2491
2532
2598
2654
2717
2920
2741
2920
2910
2976
3045
3027
3017
3071
3144
3156
3184
3167
3169
3220
3165
3264
3201
3327
3339
3277
3264
3234
3446
3390
3486
3430
3594
3588
3761
3918
4046
4321
4268
4655
4880
5255
5666
5887
6107
6579
6740
7132
7413
7495
7645
7623
7587
7458
7508
7300
7089
6960
6686
6383
6193
6055
5595
5340
5204
4788
4510
4251
4124
3847
3503
3294
2955
2711
2556
2413
2312
2132
1887
1785
1593
1472
1362
1209
1114
1060
969
971
820
721
709
594
612
555
485
466
456
403
419
365
369
318
308
298
298
291
264
242
265
264
274
241
249
249
218
236
225
211
229
192
218
230
220
242
230
213
218
191
209
187
184
167
187
200
206
182
201
199
184
190
185
178
216
180
206
209
188
212
188
191
146
185
186
182
191
204
153
183
181
198
208
180
195
181
175
159
181
174
184
188
189
186
243
180
167
198
195
191
189
173
167
179
172
183
162
188
136
202
171
164
139
166
171
177
184
162
185
195
185
188
186
170
189
170
181
168
165
155
189
180
184
186
172
182
163
165
172
204
171
183
160
176
191
190
169
190
157
167
180
197
160
148
161
172
167
163
176
176
159
196
162
168
170
188
170
173
160
171
171
177
161
180
156
159
166
144
162
158
164
192
147
151
146
174
140
166
160
164
175
173
152
175
168
194
161
153
190
161
165
161
178
146
166
155
146
164
170
156
146
159
185
168
142
155
166
169
172
141
193
142
152
166
143
160
142
141
169
166
150
166
133
155
153
152
165
157
157
150
142
154
172
144
143
165
152
151
162
146
155
153
183
163
144
161
131
161
134
169
158
127
136
170
161
159
137
150
151
137
150
158
151
166
141
152
153
127
165
150
138
146
159
138
159
164
147
171
135
182
132
134
151
152
148
144
161
148
169
156
136
138
139
141
161
141
141
136
162
161
147
161
151
121
126
150
152
149
147
164
154
132
131
151
160
152
141
114
158
152
144
134
142
132
155
136
157
154
152
143
130
131
150
160
164
119
146
141
147
151
141
142
137
139
146
157
160
143
150
147
149
167
146
136
141
129
127
146
157
121
137
145
141
133
149
160
156
145
131
144
137
151
158
129
137
134
166
140
149
140
132
152
141
152
160
143
153
165
145
150
139
125
151
129
138
131
147
122
128
145
150
123
134
127
140
125
149
142
141
146
143
123
145
143
160
137
148
125
139
123
132
149
122
133
140
144
117
144
165
131
123
152
114
122
117
136
119
147
130
121
138
136
142
128
137
147
137
141
129
134
136
121
135
137
127
121
119
146
159
139
119
151
128
119
141
140
125
120
132
131
151
158
131
147
119
126
138
125
141
157
126
117
127
160
130
143
158
127
119
115
136
124
118
123
136
135
122
126
128
134
135
124
153
126
132
141
134
106
117
160
140
131
119
150
146
129
127
125
127
116
117
127
126
133
122
120
111
126
135
125
133
132
125
112
132
126
141
146
121
125
122
126
128
135
109
120
106
99
109
122
125
107
135
117
118
131
129
107
126
109
120
128
121
117
142
114
106
147
112
118
129
141
127
131
124
118
103
145
135
100
103
128
99
120
120
99
117
111
106
101
112
121
107
133
123
120
125
113
125
99
100
110
126
121
132
107
115
116
96
117
98
126
119
127
110
117
106
129
130
105
89
106
111
114
111
97
120
112
117
108
132
115
115
118
120
108
123
104
106
123
124
90
103
119
112
110
110
111
124
117
107
99
123
129
105
102
109
143
107
103
109
104
136
132
129
96
108
125
127
116
124
94
113
99
110
113
95
100
121
116
93
104
117
128
84
139
108
104
98
97
120
87
103
101
116
116
102
114
118
113
110
120
104
120
118
89
104
125
99
100
109
100
119
116
108
115
126
96
117
96
106
110
113
123
122
111
102
101
98
101
116
96
114
91
94
103
98
118
113
126
103
102
110
117
113
120
102
103
110
105
118
126
110
124
102
91
122
103
102
99
123
107
112
105
107
122
107
106
114
110
101
105
95
115
102
106
83
104
114
114
106
112
98
116
109
99
119
104
109
107
120
91
102
126
91
111
98
94
99
117
136
115
95
105
102
121
113
99
87
99
93
110
100
95
110
109
111
113
106
88
96
122
82
113
92
97
111
106
112
101
83
88
101
96
86
86
103
85
110
91
98
82
82
99
110
90
106
120
100
98
98
99
109
98
94
97
114
125
106
125
95
99
106
97
110
92
79
93
103
98
98
97
101
106
94
94
87
98
104
85
90
101
104
99
75
122
83
91
100
103
84
100
104
104
104
110
87
92
94
102
96
94
66
70
93
89
83
90
93
90
92
87
102
116
98
95
92
91
87
87
94
84
73
115
92
90
87
98
97
78
98
105
92
74
94
102
93
91
88
83
97
76
99
101
82
94
91
99
97
93
85
99
88
113
95
91
103
84
82
112
111
79
101
101
80
98
94
87
102
86
86
83
87
103
85
80
79
84
72
87
95
90
93
99
91
99
94
100
91
86
85
84
95
70
85
91
82
78
89
88
80
72
96
85
98
90
87
85
85
102
88
110
78
96
91
79
80
100
83
95
69
82
99
91
80
101
93
88
91
96
85
97
92
88
79
99
99
112
90
78
84
96
86
104
87
69
108
69
79
78
77
84
96
88
94
91
82
71
61
82
63
96
93
79
87
89
95
85
76
86
64
77
97
85
85
83
82
70
81
86
66
67
90
106
81
95
92
81
90
87
78
77
85
96
104
94
92
85
83
87
100
88
96
73
88
69
85
74
80
81
74
78
78
65
75
78
77
74
100
101
84
91
90
75
74
78
82
87
85
87
94
70
79
79
75
77
88
79
77
84
73
86
87
77
71
73
86
74
85
83
73
89
87
97
85
71
84
67
90
102
61
74
80
83
81
86
84
85
71
93
76
78
72
80
75
75
84
78
89
67
67
83
73
77
64
86
86
70
72
67
76
88
79
68
88
78
76
87
94
91
73
95
89
68
77
85
79
86
81
78
77
68
86
83
86
77
64
69
78
99
80
95
56
86
74
64
72
77
84
84
87
87
81
74
79
100
75
83
77
78
92
79
75
67
73
76
89
82
84
91
75
87
100
83
75
86
85
85
82
79
70
88
100
62
70
73
83
71
85
82
86
69
91
86
91
68
74
71
79
89
83
85
81
104
101
92
84
78
76
67
94
73
76
63
82
78
73
69
98
80
86
81
62
75
70
89
72
68
82
73
54
71
79
72
63
89
67
62
65
70
63
69
71
87
68
72
66
71
70
72
63
89
72
79
63
72
67
77
65
80
58
65
87
62
79
70
53
77
79
72
54
82
58
67
68
59
66
67
67
56
65
62
75
66
79
66
78
58
67
52
65
60
74
80
72
71
61
68
68
62
66
78
68
69
70
61
69
67
69
80
80
68
64
62
63
78
56
71
65
63
66
60
65
69
65
66
59
58
79
60
64
58
61
70
61
62
65
60
59
63
51
62
50
65
61
72
52
72
53
65
65
65
58
56
74
69
62
60
63
74
51
59
60
64
57
60
52
57
59
46
51
54
54
59
60
72
61
60
55
84
49
61
66
64
53
66
64
54
70
54
66
59
64
74
61
73
71
63
64
55
64
57
69
70
61
48
50
51
58
58
58
68
60
56
65
64
65
57
65
41
69
75
47
66
53
70
62
56
63
46
61
73
52
51
66
61
53
70
55
59
55
63
53
65
63
65
61
59
58
62
65
63
57
43
63
64
58
63
53
62
65
57
62
55
49
72
51
51
64
57
47
67
69
52
51
55
57
65
62
50
61
72
50
36
57
56
53
57
67
54
54
57
54
62
53
58
55
54
62
44
66
53
45
50
65
45
42
52
56
45
64
56
57
53
51
47
53
69
45
56
56
55
60
64
72
48
56
47
62
43
51
53
60
65
59
59
54
60
56
48
51
54
49
56
51
54
56
55
53
45
48
46
50
72
53
57
54
51
52
60
62
58
48
55
59
47
61
60
61
48
55
47
54
59
62
42
59
72
54
51
60
44
59
41
39
47
51
48
55
50
49
59
50
46
52
52
54
48
40
47
61
50
48
58
52
39
37
58
51
61
47
53
40
57
52
42
51
55
64
59
50
49
54
56
65
49
46
45
56
56
55
61
48
51
53
48
54
60
49
50
38
51
44
62
60
39
49
42
55
47
40
44
51
43
47
57
45
56
51
44
45
59
51
57
44
57
45
39
53
45
58
45
47
40
50
57
47
49
45
58
48
44
33
51
57
55
53
39
48
57
51
51
50
57
62
45
36
46
48
48
51
38
56
45
47
55
44
31
59
45
44
58
54
36
49
54
47
39
49
44
48
47
44
47
46
50
42
56
50
44
44
41
55
45
34
58
41
38
41
42
47
43
38
42
43
35
41
43
40
64
62
52
52
54
51
49
46
39
42
55
38
35
53
41
48
52
36
58
41
58
38
39
53
52
48
34
49
53
39
43
44
35
43
48
47
40
35
43
47
42
39
48
39
28
41
43
39
36
38
68
56
47
52
38
50
43
59
39
42
28
48
47
34
45
46
35
45
50
45
38
22
44
33
46
41
31
42
33
59
39
34
34
47
38
48
43
45
47
44
46
47
47
48
36
40
34
48
40
49
45
50
34
47
34
49
46
45
53
42
52
35
40
47
43
49
40
39
49
43
42
35
45
36
34
35
57
45
36
38
39
49
43
42
46
44
46
27
41
46
47
35
44
43
33
55
42
50
43
55
42
55
44
47
48
51
44
45
54
37
28
41
38
42
48
39
44
40
42
42
33
57
41
43
57
34
40
48
39
41
43
58
30
38
39
58
44
48
57
43
56
41
37
39
43
47
67
56
54
43
50
63
46
53
41
58
43
47
46
42
47
54
46
44
54
51
52
50
46
40
51
41
49
49
32
31
31
45
37
40
38
40
43
26
35
37
32
38
31
44
43
45
45
34
33
29
46
39
37
38
38
38
21
35
28
29
29
37
30
44
38
27
30
35
38
41
50
36
25
38
34
32
42
42
37
26
43
36
34
42
37
41
35
44
35
40
36
30
43
28
50
41
40
41
44
39
38
27
31
36
36
33
28
33
42
42
37
31
43
44
39
33
29
34
40
31
25
28
42
42
42
25
35
40
34
33
35
24
51
36
39
42
29
41
32
24
35
42
36
29
33
32
37
34
28
29
41
33
30
22
42
41
36
42
41
44
38
32
43
35
31
45
38
29
32
44
23
33
25
42
39
35
29
33
34
43
29
41
28
30
33
30
29
33
39
38
37
29
35
39
36
41
34
32
39
29
35
37
47
37
32
52
32
37
38
49
39
45
49
51
45
34
41
36
40
44
46
49
27
46
45
39
51
40
39
33
55
47
42
43
44
46
45
45
37
60
57
50
49
42
50
48
45
41
37
33
38
53
49
30
52
43
52
54
43
43
50
63
49
57
52
51
56
51
50
52
49
39
59
54
57
52
46
49
50
52
55
57
43
53
46
66
45
51
61
66
47
56
43
49
48
39
38
48
36
40
32
44
38
39
43
39
42
46
34
38
29
35
48
37
31
25
28
32
35
29
39
25
35
30
27
20
34
33
41
21
28
29
27
33
29
34
30
34
39
31
26
42
40
34
26
34
29
30
23
30
24
27
38
17
28
31
32
24
28
26
29
28
41
32
29
32
33
30
23
21
24
28
33
38
26
28
35
27
25
37
31
29
27
27
22
27
23
29
34
33
35
36
25
29
33
29
24
42
34
24
27
23
32
27
35
39
30
31
28
24
28
26
33
19
31
28
38
25
28
33
27
22
26
32
38
21
32
22
19
23
31
32
28
38
25
21
25
20
33
31
31
29
22
35
22
27
30
23
29
34
31
34
34
32
32
27
29
24
23
32
37
37
27
25
30
24
28
31
23
25
35
25
31
32
21
26
25
30
22
22
22
30
34
31
33
30
30
21
28
25
26
35
30
29
31
36
20
33
30
21
20
24
26
24
24
33
29
22
19
22
31
29
18
22
33
27
24
30
15
21
22
35
23
29
25
26
25
25
31
29
27
22
29
21
24
26
27
20
29
29
15
16
27
27
32
27
19
27
27
27
20
19
19
27
23
24
37
23
33
21
15
28
25
31
32
22
24
20
22
30
27
20
25
21
24
21
28
17
29
27
21
21
22
18
27
19
21
23
22
19
27
23
26
35
19
28
22
13
27
23
20
18
19
18
18
23
20
29
20
21
33
26
28
22
29
23
22
24
26
20
29
28
23
24
28
21
23
20
31
20
25
29
17
16
24
18
27
23
21
24
25
28
31
28
29
24
26
28
17
23
22
15
21
36
18
25
24
25
35
23
23
19
30
27
25
19
22
16
20
23
31
29
21
23
18
28
25
25
21
18
18
26
19
22
26
18
19
22
17
27
27
30
28
27
28
22
21
16
24
22
22
24
19
23
26
24
24
28
20
26
23
24
18
25
27
27
31
30
24
17
25
26
26
32
38
27
35
31
26
28
24
35
25
29
23
30
22
24
29
23
23
26
25
31
29
27
27
25
34
36
23
23
22
32
21
19
35
30
26
28
18
28
19
29
22
29
26
27
33
19
30
30
28
38
31
26
21
21
29
19
39
26
29
32
31
29
29
21
32
18
27
36
26
22
30
29
26
29
31
21
24
17
25
24
21
20
28
22
18
24
13
24
17
18
22
20
21
20
14
23
29
18
20
22
23
19
32
14
13
17
14
21
6
15
14
25
14
11
15
19
19
19
17
28
23
15
16
8
15
25
18
22
13
16
14
21
27
17
15
18
20
18
16
15
20
14
15
20
22
17
23
16
18
14
16
15
13
17
16
11
13
13
18
16
26
11
21
18
19
22
12
17
19
12
10
15
23
19
22
17
18
14
21
17
22
13
17
14
20
21
16
20
12
15
13
16
17
20
10
11
12
14
11
16
19
15
12
19
20
17
15
16
20
17
15
18
19
18
20
16
18
6
17
23
17
13
14
15
24
14
18
16
15
26
17
25
11
23
14
21
22
15
17
19
15
16
22
13
8
13
8
18
19
14
24
31
14
20
11
15
18
14
23
21
20
17
20
10
21
14
15
17
21
16
18
23
17
18
16
16
26
14
16
16
16
18
19
24
19
18
19
13
17
13
16
14
18
18
18
16
21
19
16
13
27
12
16
13
17
10
16
23
17
18
9
13
24
17
17
19
14
16
16
16
20
17
6
13
18
17
19
14
24
14
10
20
13
21
21
16
19
24
14
15
11
16
15
19
19
15
22
23
17
13
19
15
21
18
21
18
19
16
11
11
12
22
18
10
13
15
17
12
15
10
13
20
16
19
11
16
9
16
14
11
21
12
13
26
11
14
11
17
15
18
22
17
16
9
14
16
14
17
21
14
14
12
20
20
15
13
11
18
12
25
16
13
12
16
18
15
17
16
20
10
17
7
18
12
17
22
15
8
12
20
19
16
11
12
20
19
19
16
11
7
16
18
16
12
19
14
13
20
24
9
16
15
20
24
12
14
15
16
17
17
15
15
19
20
12
18
9
17
23
14
22
11
21
27
17
18
21
14
21
18
17
15
20
13
12
14
25
16
17
27
18
9
16
17
22
17
14
19
13
18
15
13
11
16
18
15
12
15
10
16
21
13
19
26
17
18
20
21
22
15
24
14
14
18
18
15
13
18
22
16
18
12
14
14
20
14
13
24
21
14
17
16
22
19
15
14
20
20
25
20
13
14
27
27
25
25
22
20
19
21
17
17
17
17
16
13
23
19
17
12
16
25
18
16
18
15
28
32
16
24
18
17
21
20
22
26
26
27
18
13
18
19
19
17
17
29
18
24
35
15
25
22
15
19
17
23
15
23
22
19
21
20
23
19
19
17
25
19
16
9
24
23
19
19
18
16
11
15
17
17
11
9
9
7
13
15
12
17
15
14
15
14
16
10
11
12
11
8
13
9
13
11
9
7
12
12
6
16
11
18
12
8
4
13
9
15
7
15
10
13
5
6
11
6
6
13
12
6
13
8
12
12
7
12
8
7
4
14
10
11
13
12
8
12
18
8
9
10
12
10
17
14
4
5
12
10
14
5
13
7
6
10
13
11
9
12
5
8
9
9
11
8
12
8
8
8
7
11
12
12
8
17
5
7
7
4
10
10
11
10
14
15
9
10
15
11
8
12
7
12
5
9
6
9
18
12
9
10
14
12
9
8
10
15
10
9
8
7
7
11
12
9
15
9
10
16
7
10
19
13
11
10
13
11
14
12
12
20
10
14
5
17
9
17
13
10
15
9
14
8
13
13
8
11
12
13
15
11
10
10
12
7
5
6
5
6
11
9
5
14
4
13
12
19
9
7
9
7
12
6
8
14
9
10
11
10
9
9
6
9
10
13
12
8
8
8
11
10
8
7
7
15
17
8
6
9
11
5
6
9
11
5
10
10
10
7
8
8
10
12
6
11
10
8
9
9
8
10
7
12
9
12
9
10
18
10
8
6
6
9
10
9
6
13
7
6
7
14
8
10
16
7
10
10
6
16
6
10
7
9
3
4
12
7
8
11
9
9
10
11
6
6
12
12
8
15
10
13
9
11
8
10
11
5
4
4
6
4
8
6
5
6
6
9
9
4
8
9
6
7
6
11
4
7
5
6
6
4
8
11
5
7
11
4
7
7
10
5
8
10
7
13
8
4
10
4
6
7
16
11
5
8
8
9
4
5
5
11
4
8
5
9
6
6
7
7
6
9
7
7
6
4
5
7
4
8
5
6
5
9
11
8
8
6
8
7
7
8
5
10
4
6
8
3
6
9
7
11
8
8
6
8
7
4
8
5
5
10
5
13
7
8
5
13
7
10
7
12
5
9
6
10
9
10
8
7
7
5
10
5
4
4
6
4
7
7
5
9
16
8
8
9
7
5
8
4
1
4
9
10
9
6
11
11
7
5
4
11
3
2
2
2
7
9
10
6
5
5
1
7
3
10
11
7
11
13
4
3
4
5
2
5
12
15
7
7
8
3
7
4
5
3
11
5
6
7
4
6
9
6
10
9
4
5
8
7
7
12
5
4
8
6
10
6
4
11
12
11
11
3
10
7
1
13
5
9
11
3
13
17
6
7
10
3
12
9
8
14
13
10
8
7
7
12
9
14
7
3
12
5
6
3
9
8
15
10
13
9
7
8
16
13
11
6
10
9
8
9
6
11
7
5
12
7
9
7
7
13
5
8
14
11
9
8
15
6
10
11
5
13
8
9
8
9
9
9
7
14
9
3
14
10
7
5
11
7
7
10
3
7
9
8
10
7
7
8
6
9
5
10
7
8
9
4
7
11
10
8
5
6
5
5
8
4
7
5
10
4
7
6
11
8
3
2
3
2
6
9
6
8
7
9
5
4
10
8
4
6
5
6
12
8
5
8
8
9
4
5
9
7
10
5
8
8
9
8
4
9
5
8
4
2
2
10
7
6
12
7
4
8
10
4
5
5
6
8
10
6
7
5
7
7
8
3
3
5
6
5
8
6
6
9
8
3
8
4
10
5
3
8
6
6
5
8
10
5
4
8
7
4
4
3
9
5
4
14
7
10
7
4
7
12
11
7
9
5
9
6
5
4
5
4
11
4
8
8
5
13
7
9
4
6
7
3
8
7
7
4
5
9
8
7
8
8
6
8
3
5
4
6
8
11
9
6
8
8
2
8
9
6
9
7
8
5
6
10
5
4
7
7
6
5
9
10
5
4
10
7
10
8
5
5
4
10
8
5
7
6
6
4
8
9
5
6
11
4
6
2
8
7
11
7
8
8
7
6
6
8
7
7
7
7
8
10
10
14
6
7
11
5
6
12
7
6
14
8
9
15
8
5
5
10
9
8
8
12
6
8
6
7
9
9
7
5
13
7
9
10
5
5
7
5
4
9
4
6
7
4
5
7
9
5
6
4
5
8
5
2
9
4
5
4
6
5
3
8
3
7
1
8
8
3
4
10
5
3
6
3
12
8
5
6
9
5
9
5
5
7
6
5
7
4
4
10
9
7
11
4
6
7
6
3
8
7
6
5
6
8
12
4
1
7
7
11
6
7
5
6
5
7
3
4
8
8
6
7
4
4
6
5
7
7
3
6
3
3
10
5
9
2
11
5
6
4
2
5
5
7
4
5
8
9
9
4
4
4
6
10
4
5
7
7
5
3
6
6
6
4
5
8
2
7
6
5
9
5
3
4
5
6
6
5
6
5
3
5
5
3
4
6
3
6
8
2
3
5
2
6
4
5
7
4
8
7
3
5
12
7
4
4
6
2
7
5
5
11
9
3
8
7
5
5
3
4
4
8
8
3
7
6
4
5
6
5
6
1
4
3
4
6
4
3
5
7
8
11
5
7
7
6
2
7
4
4
10
4
6
3
6
3
6
2
3
3
5
9
4
5
2
6
9
6
7
3
7
7
3
10
2
8
4
7
5
5
7
8
7
11
3
1
7
2
4
5
8
9
4
2
5
4
3
6
5
6
2
3
4
4
9
5
6
8
6
5
5
9
5
6
5
6
3
3
8
6
5
7
7
10
5
6
6
5
10
7
5
8
2
7
8
3
10
6
5
2
7
2
5
3
3
10
9
7
3
4
8
8
5
2
6
3
9
5
8
7
5
6
6
6
4
5
10
6
5
1
9
3
6
8
10
9
6
9
7
8
5
4
9
11
11
7
4
0
5
6
6
8
7
7
6
5
5
5
4
9
8
8
6
6
8
7
5
3
1
5
8
7
7
3
4
3
6
5
5
7
6
7
7
7
9
5
6
4
6
4
11
2
7
7
6
4
6
10
6
9
5
5
8
4
8
8
3
5
3
2
4
7
6
5
7
5
7
8
6
5
11
1
8
4
4
8
4
9
8
4
9
6
1
4
5
6
2
8
4
3
4
2
3
7
4
6
9
5
8
6
4
8
4
9
6
8
6
5
5
10
7
7
3
6
6
5
2
4
4
3
4
4
7
5
7
5
3
4
8
4
8
5
3
7
6
0
12
10
5
2
7
8
6
2
6
5
6
2
2
8
5
5
4
7
3
2
7
6
3
2
14
4
4
2
4
8
8
3
7
7
8
6
8
0
5
4
4
5
7
10
4
6
5
3
4
3
3
5
2
7
4
6
3
6
8
5
2
5
7
5
5
4
2
4
6
4
7
7
3
7
5
6
8
5
2
5
5
3
7
5
4
7
6
3
3
8
3
3
6
9
5
7
4
1
3
7
3
3
11
6
4
7
3
6
6
6
2
2
10
7
2
9
7
6
5
6
7
6
1
5
12
4
2
8
6
1
5
5
5
9
8
11
3
7
1
7
5
4
7
5
5
5
1
7
6
8
4
6
4
9
7
4
7
10
5
7
4
5
7
5
3
6
2
3
4
3
8
6
2
4
4
4
3
3
9
6
5
7
2
5
4
2
2
3
5
10
9
7
6
4
3
6
2
5
5
4
9
2
6
5
1
6
5
3
8
2
5
6
5
5
3
6
2
10
4
2
5
7
6
13
0
4
4
4
2
8
4
2
4
1
7
7
5
2
7
3
6
4
4
4
3
6
8
5
5
4
5
4
6
3
3
4
4
4
10
5
2
7
7
5
8
2
4
2
8
3
5
5
2
3
4
1
1
6
2
3
3
3
6
4
6
3
2
8
4
4
4
0
3
4
7
2
4
8
4
6
2
3
4
5
3
4
7
8
2
3
5
8
5
9
1
1
5
2
5
6
4
4
4
9
3
3
4
4
8
4
4
7
3
4
2
2
5
8
2
11
5
3
8
10
5
6
5
7
2
3
2
9
5
6
3
6
7
4
3
4
4
4
8
2
2
6
6
3
7
6
3
6
8
5
5
2
1
5
2
5
4
3
9
4
8
6
6
6
4
2
4
3
5
5
11
4
3
3
3
8
1
3
3
6
5
4
2
3
5
10
3
3
3
4
4
5
10
6
7
3
0
4
5
2
5
5
5
7
2
4
7
2
5
3
4
6
3
5
4
4
5
5
7
6
3
1
3
1
5
1
3
4
4
5
4
1
5
6
2
6
7
7
7
8
5
3
5
9
2
3
11
3
3
2
7
8
4
7
8
1
5
3
6
3
3
3
4
6
6
7
7
3
6
1
3
6
4
4
2
8
4
9
6
3
4
2
5
1
3
4
5
1
5
6
3
1
2
0
5
5
5
0
6
5
5
6
4
3
3
5
3
3
8
4
4
6
2
3
5
4
2
4
6
1
3
2
6
4
3
5
4
3
4
5
5
1
6
5
6
4
3
1
6
4
10
5
9
4
1
5
5
5
7
3
2
4
6
3
11
5
10
8
8
6
4
7
7
3
5
6
3
8
5
3
4
9
1
8
4
5
4
5
7
11
3
3
4
5
7
7
3
3
11
2
5
3
7
5
5
5
9
6
6
9
6
5
10
12
4
4
7
6
6
8
4
4
8
2
4
5
9
3
6
9
6
8
4
7
6
7
8
11
3
8
8
5
7
6
12
8
4
12
5
11
4
8
12
6
9
12
9
15
13
12
12
10
3
9
9
12
13
12
11
14
11
10
14
16
10
6
16
10
4
9
7
6
6
7
6
14
9
5
9
8
6
2
7
6
9
6
6
4
9
6
7
5
2
6
7
10
5
7
7
2
6
2
4
2
8
2
8
4
6
5
3
3
1
2
2
3
1
3
5
3
4
7
6
4
9
6
4
6
2
3
4
9
2
3
11
6
5
4
5
1
4
3
9
3
4
4
2
8
5
7
4
3
3
3
4
6
2
2
7
4
5
0
3
3
3
1
6
2
2
8
4
2
4
7
3
8
2
4
2
7
4
0
9
2
5
5
6
4
7
6
4
3
1
7
5
1
1
3
6
3
1
4
6
3
2
3
1
2
1
4
3
3
5
6
6
6
5
2
6
6
9
2
6
8
5
1
5
4
6
4
5
6
4
3
7
3
3
4
7
6
8
7
3
4
5
5
4
7
3
4
5
5
2
5
5
3
4
3
3
2
0
5
6
3
4
4
3
6
4
7
6
4
1
3
3
6
3
3
4
3
4
4
7
3
3
4
4
4
1
6
4
6
4
4
7
7
8
2
5
4
3
2
4
2
5
7
4
4
3
6
7
5
4
4
2
7
6
3
0
4
2
3
5
4
2
3
11
3
5
3
1
7
5
4
3
1
1
2
4
3
6
3
4
9
2
3
3
6
8
4
4
4
5
6
4
9
5
5
6
5
4
6
0
1
2
1
6
2
5
0
3
2
8
5
3
1
1
2
5
3
5
4
2
3
4
7
4
3
4
5
5
6
3
5
4
6
4
3
2
2
4
8
3
2
6
3
3
2
4
4
5
6
5
4
2
4
3
3
6
4
5
3
5
4
7
2
3
7
4
4
4
4
8
6
2
6
6
4
6
2
3
5
2
12
9
5
7
5
4
2
6
2
4
8
1
4
3
6
5
2
5
1
2
6
5
5
7
2
4
5
4
5
3
3
2
3
6
4
6
3
6
4
6
3
2
5
5
8
5
2
3
5
1
6
3
2
4
5
4
2
6
1
2
1
2
2
4
5
7
6
1
1
4
5
1
6
2
6
5
4
5
6
3
4
3
0
4
7
3
5
1
2
0
2
4
4
3
6
6
2
5
2
2
5
3
1
1
3
3
4
5
7
4
2
3
5
5
3
6
5
3
7
4
5
1
3
3
1
4
4
5
5
3
4
7
7
7
0
6
2
5
4
1
5
2
4
5
4
8
3
8
5
6
8
7
3
3
4
7
3
7
4
8
4
5
6
5
8
6
5
7
7
5
7
8
4
8
10
5
4
4
7
2
5
4
4
4
7
6
9
8
9
7
8
7
10
3
10
8
11
9
9
6
16
6
11
4
5
1
4
5
11
7
9
5
9
12
3
9
10
8
7
5
10
7
10
7
9
8
8
2
2
4
6
10
5
6
7
8
7
6
6
7
7
5
4
3
5
5
6
3
7
7
6
4
2
8
4
2
6
2
11
1
5
6
6
2
3
3
4
2
3
1
5
5
4
6
2
3
2
0
2
3
2
5
4
2
7
2
4
3
3
5
3
2
4
6
5
2
3
6
5
4
2
3
4
4
2
4
3
8
2
5
6
5
3
2
1
2
3
4
1
2
4
2
0
3
3
6
6
3
1
6
5
5
2
5
2
4
3
4
6
3
2
6
2
0
2
5
5
2
8
4
5
2
3
2
2
5
5
2
6
5
4
4
5
2
4
6
6
5
5
3
1
4
2
7
1
5
4
2
0
2
1
2
3
2
1
2
4
2
0
3
3
5
5
4
1
4
4
1
5
3
4
3
1
1
4
3
3
2
4
3
4
6
7
1
4
1
5
3
6
2
1
2
7
4
2
4
5
5
1
2
10
1
6
4
4
3
2
1
1
2
4
2
2
2
3
3
3
5
4
4
2
6
3
3
1
3
5
3
3
3
5
3
4
4
0
4
3
2
5
4
1
3
7
4
4
2
4
2
2
3
5
4
3
6
4
4
1
2
5
3
6
5
5
0
5
2
3
2
3
5
5
2
3
3
3
3
3
5
1
4
3
1
3
2
2
1
5
4
3
1
4
6
2
5
3
3
4
1
2
3
1
6
5
2
5
3
5
1
3
3
1
3
1
4
2
5
0
5
4
2
2
2
4
5
3
3
2
3
6
1
5
2
4
3
3
5
5
1
3
3
0
3
1
2
6
2
4
8
3
4
1
3
8
1
3
2
3
2
0
5
3
0
4
2
2
8
2
2
4
2
1
5
4
2
6
3
1
2
5
4
4
4
3
2
5
1
2
5
8
5
6
3
2
3
5
5
1
4
3
3
0
2
1
1
1
2
5
1
2
4
3
1
1
4
3
3
2
3
1
5
4
2
1
5
4
3
0
2
3
3
2
3
3
4
1
3
0
3
1
5
6
1
1
4
4
3
0
3
0
5
2
5
3
4
3
2
6
1
1
5
3
4
0
6
3
5
3
1
3
5
3
1
3
0
3
3
3
6
3
2
2
5
8
5
0
5
2
4
7
2
3
5
6
4
3
4
6
2
5
7
3
3
0
3
3
2
4
2
2
4
6
6
3
2
3
3
2
5
2
2
5
4
4
4
5
1
4
3
3
4
2
3
3
2
0
1
1
1
3
1
3
3
4
4
4
3
2
2
2
5
2
6
4
3
0
2
4
2
2
4
6
2
6
3
1
6
1
2
1
2
3
2
2
2
6
8
2
3
5
3
3
4
4
4
3
1
4
2
0
4
2
4
1
4
6
2
1
4
3
2
7
1
3
3
5
2
3
3
4
2
2
2
1
3
2
4
5
6
2
5
5
0
6
10
4
5
1
4
2
6
4
2
1
2
2
4
3
1
0
0
2
0
3
2
3
2
1
3
2
5
3
2
4
2
6
4
0
3
2
4
2
6
2
2
6
2
3
2
0
2
7
2
0
1
0
4
3
0
6
4
2
8
3
3
4
7
4
3
5
4
1
3
4
2
2
3
2
3
6
1
1
2
3
3
3
3
4
6
4
5
0
7
5
4
2
1
4
5
1
5
3
3
4
3
6
5
2
2
1
3
3
1
5
1
2
6
7
1
1
2
1
4
1
7
2
4
4
4
3
3
2
2
1
1
3
2
5
4
5
2
2
3
4
0
8
3
3
1
4
2
3
2
0
3
5
4
4
2
2
4
6
1
2
2
2
1
3
8
1
4
0
2
5
4
3
1
3
1
3
4
2
4
1
3
4
5
3
4
2
2
3
2
1
2
1
3
4
2
1
2
3
3
4
4
5
11
3
2
3
1
3
2
5
3
0
5
4
4
1
4
2
1
4
3
1
1
7
0
3
3
4
2
6
1
4
5
1
3
2
1
2
6
5
3
6
3
2
3
3
4
4
2
1
3
1
3
5
5
4
5
3
3
4
2
5
3
2
2
1
3
2
2
2
2
2
3
3
1
1
4
8
2
2
1
4
2
6
6
3
2
1
3
2
1
5
2
4
2
2
3
5
1
8
3
2
3
8
10
1
4
2
4
4
2
3
2
3
4
2
3
4
4
1
3
4
2
3
5
3
5
4
1
7
4
2
5
4
4
5
3
7
4
3
2
2
3
5
6
7
7
3
5
3
1
4
5
4
6
5
7
4
2
5
0
2
2
4
2
1
3
3
7
7
2
4
3
2
2
1
1
2
4
2
1
6
2
0
3
0
1
4
3
1
3
5
3
1
0
2
2
4
2
5
0
2
3
3
4
4
2
4
4
2
4
1
5
1
1
5
4
3
4
1
1
1
1
0
3
0
3
2
7
2
2
3
1
2
6
6
5
5
1
4
4
3
1
5
2
4
5
3
2
3
4
5
3
1
0
3
5
5
4
2
3
2
2
1
2
3
3
4
2
7
1
4
2
2
3
3
3
6
1
5
2
2
3
5
2
3
3
6
3
2
3
4
3
6
3
3
2
1
4
2
4
2
3
4
2
5
4
4
3
2
5
5
2
6
2
5
1
1
0
4
4
1
1
1
2
0
5
4
5
2
3
3
5
4
2
3
5
2
0
5
3
4
4
3
3
1
2
3
2
3
4
6
2
4
3
2
1
5
3
2
3
7
2
4
3
1
3
3
1
2
4
2
1
0
3
3
3
3
4
1
7
5
4
4
3
2
4
1
0
4
4
6
1
1
3
4
2
2
6
4
2
3
2
2
3
1
5
3
0
3
4
3
3
3
0
3
2
3
1
0
0
6
3
4
2
3
2
5
4
6
2
5
5
4
0
3
5
6
2
4
2
1
2
3
4
4
0
3
1
3
3
2
4
4
3
0
1
5
1
4
0
2
3
2
0
4
2
4
4
3
2
6
1
0
7
2
2
1
4
4
2
2
3
2
4
2
6
1
0
4
4
3
2
3
2
4
3
2
0
1
1
3
3
2
2
4
1
2
2
2
0
1
2
2
1
0
4
4
1
3
2
3
3
4
4
6
7
4
3
3
2
3
4
1
4
3
2
2
5
0
2
2
4
2
3
2
3
2
5
3
6
5
2
2
3
2
5
4
5
3
6
5
0
1
6
4
2
2
3
4
2
5
2
3
2
7
4
1
2
3
6
1
6
3
5
2
4
1
5
7
1
2
1
3
4
6
10
2
4
3
2
6
2
4
0
1
2
5
5
2
3
2
4
4
1
1
3
3
2
1
1
3
1
3
3
3
0
2
1
3
2
4
6
4
4
3
2
1
3
2
3
6
2
4
1
3
2
2
1
3
2
1
5
3
2
1
5
3
1
2
4
2
2
2
3
7
3
6
4
4
0
4
6
6
1
5
3
7
5
5
5
3
6
2
7
5
6
3
3
9
6
8
8
6
0
4
3
6
6
3
6
4
5
5
4
4
6
4
5
5
4
3
10
9
4
8
5
7
8
2
10
8
5
9
3
6
5
7
5
5
8
5
4
5
8
4
5
5
3
4
7
6
6
7
5
6
7
2
4
2
1
3
3
4
3
6
5
5
6
1
8
3
4
3
0
6
3
2
4
2
5
5
4
8
3
4
5
4
2
6
3
3
3
7
5
7
2
3
2
5
6
3
3
1
3
2
6
1
3
4
2
3
8
2
1
2
2
3
2
4
6
3
3
3
3
1
1
2
3
3
2
1
1
1
3
1
2
5
2
4
2
4
2
5
3
2
4
5
5
1
4
2
2
1
5
3
4
3
4
4
0
3
7
2
3
3
3
1
0
0
5
4
3
1
3
0
3
3
1
4
2
2
2
4
10
3
3
2
3
9
2
3
1
4
2
4
6
5
1
4
5
3
3
5
1
1
0
3
6
4
1
4
2
5
1
1
3
3
3
2
4
1
2
3
2
3
6
1
2
1
2
2
5
4
3
0
3
2
3
1
1
1
1
1
0
1
2
1
2
4
2
2
3
1
4
1
6
2
4
2
4
3
3
3
5
1
4
5
1
3
0
3
4
0
5
2
1
5
1
4
2
2
0
2
2
3
6
1
3
4
7
0
1
8
2
1
2
2
4
3
2
0
4
5
4
2
0
2
3
1
2
1
1
1
2
2
0
2
3
4
2
3
3
1
1
4
5
2
5
4
3
4
2
2
5
1
2
2
3
3
2
2
2
3
1
3
1
3
0
2
4
2
0
3
4
4
5
2
3
5
4
3
4
5
1
1
2
3
1
5
2
2
6
3
0
1
3
6
7
2
2
3
4
1
4
3
5
6
3
3
5
1
3
2
5
2
3
1
2
2
2
5
5
3
3
5
2
3
1
0
5
4
3
7
1
3
3
5
4
3
2
3
2
2
2
3
4
6
3
3
3
1
3
3
2
3
2
1
2
2
4
2
10
2
8
0
2
5
4
3
2
3
4
3
1
2
2
3
1
4
1
2
0
0
2
3
1
1
5
2
2
3
2
5
2
4
4
1
2
3
3
1
0
2
1
7
2
3
1
2
2
1
2
2
2
7
3
5
4
1
1
5
4
3
1
2
3
4
1
2
6
3
3
2
2
2
1
2
6
4
0
4
1
2
0
1
4
2
0
0
5
3
2
1
2
1
1
6
1
4
2
3
2
2
2
3
3
3
3
4
1
2
5
3
2
4
4
0
1
0
1
1
2
2
1
3
6
4
3
5
1
2
4
6
5
2
4
3
3
5
2
2
2
1
1
3
4
1
2
2
1
3
2
3
3
2
2
2
3
1
1
3
1
2
1
3
2
3
5
2
2
1
5
3
2
3
5
4
2
2
2
3
0
3
3
1
1
1
2
0
2
4
3
2
3
0
3
5
1
3
0
2
2
1
3
4
2
2
2
3
0
3
0
0
4
5
4
6
3
4
1
1
1
3
3
3
1
4
1
1
6
6
4
1
1
7
2
3
2
1
5
2
1
0
1
4
2
4
3
4
3
3
3
1
4
2
1
5
2
1
2
3
2
5
3
3
2
1
3
3
4
2
2
5
3
0
4
2
1
5
1
1
4
3
1
3
3
2
4
4
3
3
4
2
3
1
2
4
2
3
3
2
3
1
2
5
5
5
2
2
0
5
0
1
8
5
1
1
2
2
3
3
4
2
1
4
5
5
3
4
3
5
0
2
0
0
2
7
5
2
3
4
1
3
2
1
3
1
5
3
3
2
2
2
2
0
4
2
4
2
3
5
4
2
2
2
4
3
4
2
2
1
3
2
3
2
3
3
4
3
1
2
4
2
1
4
2
1
3
2
3
2
2
5
3
6
2
2
2
1
8
5
4
1
5
0
1
1
3
2
4
2
1
4
1
6
2
3
2
1
2
4
0
4
4
4
4
4
2
3
3
3
3
5
2
4
1
3
1
5
5
1
3
1
2
1
1
0
10
1
4
5
5
2
2
1
1
4
5
2
3
1
3
0
5
3
4
4
2
0
2
2
1
7
3
5
3
2
3
7
2
2
3
2
3
1
3
2
5
5
1
6
3
6
4
3
4
4
2
2
3
1
5
1
3
2
2
1
5
2
2
2
2
1
1
1
6
1
2
2
2
6
3
5
6
4
3
1
1
1
4
4
2
1
3
3
5
4
2
0
0
1
2
0
2
2
3
0
3
1
2
2
5
2
3
4
4
2
4
1
2
3
3
5
3
3
1
2
2
4
2
3
3
3
1
2
5
5
3
3
4
3
3
5
1
3
1
3
0
2
4
4
5
4
2
4
1
4
5
3
5
6
4
2
2
2
3
3
4
4
4
5
3
1
4
1
3
5
1
3
3
1
2
2
5
2
2
1
5
5
1
2
8
4
1
3
3
3
3
1
3
2
6
2
6
4
8
3
1
3
5
3
2
2
1
5
4
2
1
5
1
3
2
3
2
4
5
0
2
2
6
2
7
3
1
1
7
0
4
4
4
1
0
2
1
2
2
3
7
1
1
5
2
1
4
4
2
5
1
1
4
2
1
2
0
5
2
4
6
3
1
1
7
3
3
4
3
6
5
3
2
5
4
3
2
3
2
3
4
5
4
2
2
0
3
2
1
3
2
3
6
1
1
2
1
1
3
3
2
1
4
1
2
7
4
2
4
4
2
4
6
3
3
2
10
2
3
2
1
3
0
2
3
4
2
3
1
3
4
4
4
2
1
5
4
2
0
3
5
2
6
0
3
6
2
5
7
4
2
1
5
3
2
1
0
3
5
6
3
1
2
3
5
2
2
3
4
3
3
4
6
4
3
3
4
2
1
2
7
1
4
1
1
5
1
4
2
2
3
4
1
3
1
5
4
2
0
3
3
5
5
4
6
3
4
4
1
1
2
3
5
4
2
2
2
2
2
4
3
3
1
2
5
4
4
2
1
4
7
0
4
1
3
3
1
3
4
2
1
3
1
2
4
1
2
3
1
2
1
1
6
4
1
0
4
3
0
3
2
2
1
2
1
1
1
2
0
2
4
3
1
1
5
0
2
3
3
0
0
2
0
1
2
3
1
1
0
3
1
2
0
4
2
3
1
3
2
1
3
2
6
3
2
2
1
3
1
2
2
2
1
1
0
1
3
3
1
2
4
2
1
0
3
1
2
0
3
3
5
1
1
1
1
3
1
1
1
3
2
3
2
3
4
3
1
1
1
1
1
2
0
3
1
2
2
0
2
2
4
1
0
2
1
1
3
1
1
1
2
1
2
0
1
1
2
4
0
1
1
3
3
1
2
4
0
1
1
5
3
1
1
2
1
1
1
3
3
1
1
2
4
1
1
0
1
0
3
0
1
2
1
1
2
3
3
1
4
1
4
0
2
2
2
0
1
3
1
2
1
0
1
3
1
1
2
0
0
2
5
2
1
3
5
3
3
2
5
1
2
2
2
3
0
4
0
1
1
1
1
3
5
1
2
3
2
1
2
1
2
2
0
2
1
2
3
0
2
0
1
1
3
1
0
2
1
2
0
4
0
0
2
0
1
2
1
5
1
2
0
2
0
1
4
0
3
1
1
1
2
0
2
2
2
1
0
1
1
6
6
1
3
2
2
2
5
1
0
0
2
1
0
0
1
2
1
1
2
0
6
4
2
3
0
4
2
0
2
1
1
4
2
3
0
3
0
1
1
0
2
0
5
3
3
1
2
2
3
5
1
0
1
2
1
1
4
0
1
1
4
2
2
2
2
2
3
1
1
2
4
1
1
1
0
1
1
5
1
1
6
0
1
0
2
0
3
5
1
2
1
2
3
2
1
2
1
0
4
2
0
2
1
0
2
4
3
1
2
8
2
1
0
4
2
1
4
2
3
0
2
1
2
2
0
1
3
3
1
1
2
1
2
0
2
2
4
2
1
2
2
1
2
3
1
1
0
1
4
2
1
0
2
3
1
3
2
2
3
1
2
0
2
0
1
1
1
1
1
2
0
0
1
1
2
0
0
1
0
0
1
2
3
0
3
1
2
1
1
2
2
1
2
1
0
2
1
0
1
1
0
1
1
1
1
1
1
1
0
2
1
1
1
0
1
0
2
1
0
1
2
1
2
2
1
1
2
2
0
2
2
0
0
2
0
1
2
2
1
0
2
2
1
2
0
2
1
0
0
1
2
4
4
1
0
2
2
0
0
1
1
2
2
2
0
1
1
2
2
1
0
1
3
3
0
1
2
2
4
0
0
2
2
3
1
3
1
4
2
1
2
2
4
1
1
4
0
3
0
1
3
2
0
1
0
0
0
3
1
1
1
1
1
0
1
2
2
1
0
1
1
0
2
2
3
0
1
1
0
2
3
2
1
2
1
2
4
1
0
1
0
0
1
2
0
0
1
4
1
0
0
0
5
1
3
1
1
1
2
2
1
1
1
1
2
1
2
2
2
4
0
2
2
2
2
2
0
0
0
2
2
1
2
1
1
1
2
1
1
1
1
0
2
0
1
3
1
5
1
2
2
0
4
1
0
3
2
1
0
2
1
1
1
1
1
0
1
2
2
1
3
3
3
1
2
2
1
2
2
2
2
0
2
3
2
1
1
1
0
1
3
2
0
1
0
1
0
1
2
1
2
1
1
1
2
0
0
1
1
1
1
3
1
1
3
2
2
1
3
0
1
1
1
0
1
0
1
1
1
2
1
1
2
2
2
1
1
2
0
0
3
1
1
3
1
1
2
0
1
2
1
0
1
1
1
0
1
5
3
1
1
1
3
2
2
3
2
3
1
1
1
0
3
0
1
1
0
0
2
0
2
2
1
1
3
0
0
2
4
3
2
1
3
1
2
1
0
2
0
1
2
1
1
2
1
0
2
0
1
2
1
0
1
1
1
2
0
1
2
3
2
1
4
0
2
1
2
1
0
4
1
1
0
0
1
1
0
1
1
1
1
1
1
0
0
1
0
2
1
1
5
0
2
1
2
1
1
3
1
1
2
1
1
1
5
1
0
1
2
1
0
1
1
0
2
0
2
1
3
0
0
0
1
0
0
1
0
3
1
0
2
0
0
1
1
2
2
0
0
2
1
1
1
2
0
1
1
1
0
1
0
2
0
3
3
1
1
2
2
1
1
1
1
1
2
0
3
1
0
3
1
1
3
2
0
1
1
0
0
1
1
2
0
2
2
0
0
1
2
0
2
2
1
1
1
0
1
2
2
0
0
0
2
1
3
1
1
1
2
2
1
2
1
0
2
4
1
2
1
2
3
1
1
3
0
0
1
2
1
0
2
1
3
1
1
0
1
0
1
0
1
3
1
1
0
3
0
1
1
0
1
3
1
2
0
1
0
2
2
1
0
2
1
0
1
2
1
2
1
1
2
1
1
0
1
1
1
1
1
2
0
1
2
1
0
2
0
2
0
0
0
1
0
2
0
1
1
2
0
0
0
1
0
0
0
0
0
1
0
3
1
0
0
0
1
3
3
2
1
0
0
0
1
3
0
2
2
1
0
2
1
1
2
0
1
3
1
1
0
1
0
1
2
1
0
3
0
2
0
1
1
0
3
1
1
0
0
2
2
2
2
0
1
1
1
0
1
0
1
0
1
1
1
1
1
1
1
1
3
0
1
0
1
3
0
3
2
0
0
0
2
2
4
0
2
0
3
1
1
1
0
1
0
0
4
1
0
0
4
1
0
0
1
0
1
0
0
1
0
1
1
0
1
1
1
2
2
0
0
0
2
2
2
0
0
0
1
2
1
1
3
3
1
1
1
2
1
2
1
1
1
2
1
3
0
0
1
1
2
1
0
1
2
2
1
0
3
2
0
0
0
0
1
4
2
2
2
1
3
0
2
2
0
0
0
1
1
0
1
1
2
0
0
1
1
2
0
0
1
1
1
3
0
0
0
2
0
1
1
1
0
1
4
0
2
1
1
0
0
3
1
3
0
0
4
3
0
1
1
1
5
1
0
1
1
1
0
1
1
2
2
1
2
1
3
1
2
4
3
3
2
3
0
0
1
0
2
1
2
1
0
1
2
0
0
2
1
3
4
0
0
0
1
1
1
2
5
1
1
1
1
3
2
3
2
1
0
0
4
0
2
1
1
1
2
1
3
0
1
1
1
0
1
2
2
1
0
0
0
1
3
1
2
3
0
1
1
1
0
3
2
1
4
1
0
1
0
2
2
1
0
2
2
0
3
0
0
1
2
2
0
1
1
0
3
3
2
3
0
1
0
3
2
0
1
0
1
0
0
0
0
0
2
1
1
5
3
1
2
0
1
0
1
0
3
0
2
0
2
2
1
0
0
0
0
1
1
1
0
1
3
1
0
1
1
2
2
2
0
2
0
2
0
1
0
1
1
3
2
1
1
1
0
0
0
2
3
1
0
0
3
1
1
0
1
0
0
1
2
1
0
2
1
1
1
0
2
0
0
0
0
0
1
0
0
0
0
0
0
0
1
0
0
1
1
2
0
1
0
0
3
3
0
1
1
0
2
0
2
0
0
0
1
1
0
0
1
0
1
2
3
0
2
2
0
2
1
1
3
0
0
1
1
0
1
0
2
0
1
0
1
0
0
0
1
1
1
0
2
1
0
0
2
1
0
2
1
1
0
2
0
3
0
0
1
2
0
2
2
2
3
1
2
1
1
0
1
0
1
2
2
2
2
0
0
2
0
1
1
1
0
1
0
0
2
2
1
2
2
4
0
1
0
2
4
1
0
2
0
1
0
1
1
1
2
1
3
0
1
1
0
0
0
1
2
1
1
2
2
1
2
1
1
0
2
1
1
1
1
0
0
0
2
3
1
0
2
0
5
0
0
0
1
1
0
1
1
2
0
0
1
0
0
1
0
2
2
2
0
1
3
0
2
2
0
1
0
1
0
0
0
0
0
1
0
1
0
0
1
0
0
1
1
2
0
3
4
1
2
1
1
0
1
1
1
2
1
0
0
2
2
0
0
0
1
0
1
0
0
0
0
1
0
1
0
1
0
0
0
0
0
0
2
1
0
0
0
0
0
0
1
1
0
2
0
0
0
2
0
2
1
0
3
0
0
3
1
0
0
2
0
0
0
2
0
0
0
1
0
0
0
1
1
0
0
3
1
3
1
1
0
1
1
0
2
1
1
1
0
1
1
2
1
0
0
0
3
0
1
1
1
1
0
2
0
0
1
1
1
0
4
0
2
1
1
0
1
0
0
1
1
0
3
1
1
1
1
0
0
0
3
1
0
0
0
0
2
0
0
2
1
1
4
1
0
1
1
1
1
0
1
1
0
1
2
0
1
1
1
1
0
1
1
1
1
1
0
1
0
0
1
1
0
1
1
2
0
0
3
2
0
1
1
2
1
1
0
0
4
0
1
1
0
1
1
0
0
1
1
1
0
1
1
0
2
0
0
0
0
0
1
1
3
3
2
0
0
0
2
1
0
2
0
1
1
0
0
0
1
0
0
2
1
0
0
0
0
0
0
1
2
0
0
1
0
2
1
0
1
2
1
0
0
0
1
0
0
0
1
2
0
1
2
1
0
0
0
1
0
0
0
0
1
0
1
2
0
2
1
1
2
0
0
3
1
0
0
0
0
1
0
0
0
1
0
0
0
0
1
1
0
1
0
1
2
0
1
2
0
0
1
0
1
2
0
1
0
1
3
2
0
1
0
1
3
1
0
1
1
0
3
1
1
3
2
1
1
0
2
0
0
0
0
0
3
2
3
1
1
2
3
1
1
1
0
1
1
0
0
2
0
1
1
2
1
2
0
1
0
0
0
1
3
1
1
0
2
1
1
1
1
3
0
1
1
2
0
0
2
1
1
4
3
1
1
3
1
2
4
1
0
1
0
3
2
1
0
1
2
0
3
1
2
4
6
4
5
2
5
1
5
3
4
1
8
5
7
4
6
5
4
3
6
11
6
8
10
6
8
8
6
14
10
9
11
12
5
8
6
5
8
9
5
4
13
12
8
16
3
12
13
11
14
7
15
8
10
18
10
13
8
9
6
11
10
9
18
18
13
10
18
6
5
14
5
7
16
14
12
13
18
9
10
12
8
21
11
14
9
13
6
9
9
10
5
9
8
9
9
13
5
11
9
10
5
7
8
5
6
8
7
4
7
7
8
7
6
3
6
4
5
7
4
7
4
4
5
1
1
1
3
4
2
1
3
2
2
1
3
4
2
1
2
2
2
5
2
3
3
1
3
5
3
2
0
2
2
0
1
3
1
0
2
0
0
2
2
1
3
1
1
0
3
1
1
1
2
0
1
1
0
1
0
1
3
2
0
2
1
0
0
0
0
2
0
0
1
0
0
0
1
0
0
1
0
1
0
2
0
3
1
0
0
0
0
1
1
0
0
2
0
2
0
0
1
1
2
0
1
0
0
0
0
0
2
0
2
0
0
0
1
0
0
0
2
2
2
1
1
1
0
0
1
1
1
0
0
1
1
0
0
0
1
0
0
0
1
2
0
0
0
0
0
1
0
1
2
0
1
1
1
0
0
1
0
0
0
0
1
1
1
1
2
0
0
0
0
0
2
1
0
0
1
2
1
0
1
0
0
1
1
0
1
0
1
1
0
0
1
0
0
1
0
1
0
1
0
1
1
0
0
3
0
1
0
0
1
1
0
0
0
0
1
0
0
0
0
0
0
2
0
1
1
1
0
2
1
1
1
1
0
0
1
0
2
0
0
0
1
2
0
2
2
1
3
0
1
0
0
2
0
1
0
0
0
1
0
1
2
1
3
1
1
0
0
0
2
2
0
1
0
0
1
0
1
0
1
0
0
0
1
0
1
0
0
0
1
1
0
0
1
0
0
2
1
1
0
1
1
1
0
1
0
1
0
1
4
0
0
0
1
0
0
0
0
0
1
1
1
1
0
2
0
0
2
1
0
1
0
0
0
0
2
0
1
0
0
1
0
0
0
2
0
0
0
0
2
0
1
1
1
0
0
0
0
2
0
1
2
2
0
1
0
1
0
1
1
0
0
0
0
1
1
1
0
0
1
0
1
0
2
0
0
2
0
0
1
2
1
1
0
1
1
1
0
0
0
0
1
1
0
0
2
1
0
0
1
1
2
0
1
0
0
0
1
2
0
3
1
0
1
0
1
0
2
1
0
2
1
0
2
0
1
0
0
1
0
4
0
0
0
0
1
0
0
0
0
0
0
0
0
0
0
0
1
1
0
0
1
0
1
0
2
0
1
3
0
1
1
0
0
0
0
1
0
0
0
0
1
1
0
0
1
0
0
1
0
0
0
0
0
0
0
0
1
0
1
1
0
1
0
0
0
0
0
1
1
1
3
0
0
0
1
0
0
0
0
0
0
1
0
1
1
0
0
0
1
0
1
0
1
0
1
1
0
0
0
0
0
1
0
2
0
1
0
0
0
2
0
1
0
0
0
0
0
1
1
0
0
0
0
0
0
2
1
1
0
0
2
1
1
1
0
1
0
0
3
2
0
0
1
0
0
0
0
1
0
0
2
0
1
0
0
0
0
0
0
2
2
0
1
1
1
0
1
0
0
1
1
0
0
1
0
0
1
0
1
0
0
2
1
1
0
2
1
2
1
0
0
0
0
0
1
0
0
0
0
0
0
0
1
1
2
1
1
0
1
1
0
0
2
0
0
0
1
1
0
1
0
0
0
0
0
0
0
0
1
0
0
0
0
1
0
0
2
0
1
0
0
2
1
1
2
1
1
0
1
0
0
0
1
0
1
1
0
0
1
1
1
0
1
0
0
0
1
1
0
1
0
0
1
0
1
0
0
2
1
1
2
0
0
0
1
2
0
1
1
1
1
0
0
1
0
0
1
1
0
0
3
0
1
0
0
0
0
1
0
1
0
0
0
1
0
0
1
0
0
1
0
2
0
0
0
0
1
1
0
0
0
1
1
1
0
1
0
0
1
0
0
0
0
0
0
2
0
1
2
0
0
1
0
1
0
1
1
1
1
0
0
0
0
1
0
0
1
1
0
0
2
0
0
1
0
0
0
0
0
1
1
0
0
0
1
0
1
0
1
0
0
0
0
1
0
2
0
0
1
0
0
1
0
1
0
0
1
1
0
0
0
0
1
1
0
0
1
1
0
0
0
0
0
1
0
1
0
0
0
0
0
1
0
1
1
0
1
0
1
1
1
0
0
0
0
0
0
1
1
0
0
0
1
0
0
0
1
1
1
0
3
0
0
2
1
1
2
0
0
0
2
0
0
0
1
2
0
0
1
1
0
0
0
0
0
0
0
0
0
0
0
0
0
0
0
0
0
0
0
0
0
0
0
0
0
0
0
0
0
0
0
0
0
0
0
0
0
0
0
0
0
0
0
0
0
0
0
0
0
0
0
0
0
0
0
0
0
0
0
0
0
0
0
0
0
0
0
0
0
0
0
0
0
0
0
0
0
0
0
0
0
0
0
0
0
0
0
0
0
0
0
0
0
0
0
0
0
0
0
0
0
0
0
0
0
0
0
0
0
0
0
0
0
0
0
0
0
0
0
0
0
0
0
0
0
0
0
0
0
0
0
0
0
0
0
0
0
0
0
0
0
0
0
0
0
0
0
0
0
0
0
0
0
0
0
0
0
0
0
0
0
0
0
0
0
0
0
0
0
0
0
0
0
0
0
0
0
0
0
0
0
0
0
0
0
0
0
0
0
0
0
0
0
0
0
0
0
0
0
0
0
0
0
0
0
0
0
0
0
0
0
0
0
0
0
0
0
0
0
0
0
0
0
0
0
0
0
0
0
0
0
0
0
0
0
0
0
0
0
0
0
0
0
0
0
0
0
0
0
0
0
0
0
0
0
