$SPEC_ID:

$SPEC_REM:
DET# 1
DETDESC# MCB 25
AP# ORCA (11.0h)
$DATE_MEA:
2017-08-14 02:20:44 +0000
$MEAS_TIM:
3774.72 4320.00
$DATA:
0 16383
0
0
0
0
0
0
0
0
0
0
0
0
0
0
0
0
0
0
0
0
0
0
0
0
0
0
0
0
0
0
0
0
0
0
0
0
0
0
0
0
0
0
0
0
0
0
0
0
0
0
0
0
0
0
0
0
0
0
0
0
0
0
0
0
0
0
0
0
0
0
0
0
0
0
0
0
0
0
0
0
0
0
0
0
0
0
0
0
0
0
0
0
0
0
0
0
0
0
0
0
0
0
0
0
0
0
0
0
0
0
0
16
729
5507
10371
10347
9457
8861
8988
8772
8719
8588
8724
8889
8950
9407
9175
9137
9391
9437
9668
9713
9502
9761
9771
9701
9748
9675
9783
9613
9634
9530
9492
9517
9373
9372
9521
9327
9394
9193
9397
9328
9187
9172
9043
9066
9021
8902
9092
9052
9058
9045
8899
8996
8884
8792
8862
8768
8907
8827
8832
8687
8569
8785
8761
8632
8567
8692
8708
8487
8658
8656
8604
8731
8529
8602
8512
8459
8514
8277
8348
8265
8297
8465
8407
8290
8186
8306
8344
8259
8353
8407
8178
8322
8174
7980
8156
8157
8168
8142
8178
7953
7905
8125
8154
8058
7982
8132
7969
7903
8039
8002
8052
7939
7945
7921
7861
7771
7962
7828
7883
7644
7740
7762
7817
7823
7803
7780
7671
7846
7932
7791
7796
7685
7783
7591
7587
7627
7428
7537
7557
7561
7577
7695
7543
7518
7821
7644
7632
7509
7432
7412
7514
7462
7423
7429
7600
7329
7427
7435
7517
7355
7435
7425
7511
7533
7444
7438
7385
7353
7413
7391
7266
7367
7383
7367
7267
7286
7302
7247
7524
7376
7357
7153
7350
7244
7271
7363
7133
7294
7294
7310
7236
7173
7283
7142
7223
7227
7136
7123
7253
7220
7098
6990
7101
7086
7142
7257
6977
7053
7222
6952
7059
7184
7256
7110
6984
7164
7095
6848
7162
6976
7020
7125
6916
6841
7136
6900
7033
6939
7134
7042
6970
7023
7000
6963
6932
6829
6895
7094
6982
6944
7010
7032
6951
7024
6875
7038
6917
6929
6951
6889
6916
7019
6976
6963
6902
6837
6787
6761
7001
6790
6807
6808
6858
6693
6719
6821
6903
6925
6784
6794
6768
6760
6868
6781
6703
6725
6803
6751
6765
6682
6804
6865
6823
6805
6638
6673
6709
6593
6675
6619
6757
6783
6752
6607
6584
6656
6755
6689
6583
6564
6775
6538
6687
6545
6529
6605
6766
6586
6700
6661
6629
6677
6618
6707
6724
6631
6525
6449
6622
6651
6643
6603
6693
6668
6561
6494
6604
6569
6533
6676
6606
6563
6570
6613
6655
6621
6539
6493
6622
6325
6456
6397
6544
6481
6592
6403
6492
6365
6410
6490
6620
6570
6533
6443
6441
6548
6522
6483
6494
6479
6185
6461
6499
6451
6477
6591
6465
6510
6394
6359
6332
6594
6408
6498
6374
6303
6364
6405
6434
6425
6399
6448
6265
6365
6380
6369
6438
6491
6444
6440
6407
6283
6300
6371
6289
6480
6311
6473
6297
6427
6323
6280
6421
6368
6315
6304
6301
6342
6256
6286
6278
6349
6462
6376
6394
6425
6195
6142
6228
6234
6298
6278
6232
6188
6304
6124
6301
6208
6186
6210
6280
6300
6220
6271
6310
6289
6209
6206
6161
6183
6245
6328
6252
6158
6268
6313
6322
6297
6233
6114
6266
6169
6124
6282
6144
6097
6156
6154
6088
6146
6193
6206
6192
6197
6044
6092
6114
6223
6190
6171
6124
6186
6106
6069
6046
6226
6239
6094
6166
6091
6160
6168
6226
6075
6097
6132
6144
6040
6259
6159
6153
6146
6141
6092
6030
6205
5995
6204
6066
6218
6041
6111
6064
6089
6219
6098
6060
6010
6162
5984
6170
6210
6009
5978
6130
6223
6156
6220
6057
6196
6135
6132
6072
5971
6122
6032
6146
6031
6039
6093
6068
6079
6121
6024
6216
6237
6081
6055
5949
6115
5999
5995
6092
6236
6069
6075
6163
6152
6285
6101
6210
5986
6124
6075
6185
6150
6076
6078
6053
6066
5938
6027
6063
6098
6128
5952
6102
6062
6005
5988
6144
6010
6124
5954
6136
6138
6113
6235
5978
6047
6012
6073
6112
6282
6092
6102
5930
6015
6098
5940
6033
6066
5956
6304
6116
6069
6062
6085
6128
6102
6160
6069
6110
6052
5934
6087
6121
6041
6030
6068
6121
6110
6173
6170
6161
6006
6164
6078
6064
6184
6151
6075
5995
6007
6001
6158
6064
5978
6076
5998
6129
6039
6082
5993
6022
5981
6112
6037
6143
6070
6234
6066
6128
5962
6181
6018
6150
6215
5987
5940
6222
6137
5991
6053
6133
6181
6025
5972
5978
6072
6064
6085
6166
6166
5995
6108
6074
6188
6046
6131
6101
6080
6229
6160
6225
6138
6314
6167
6210
6220
6129
6148
5989
6200
6236
6163
6277
6147
6270
6241
6264
6463
6384
6331
6298
6491
6305
6384
6345
6440
6360
6290
6380
6263
6372
6214
6397
6264
6424
6399
6333
6271
6360
6269
6324
6239
6232
6315
6283
6353
6335
6506
6317
6304
6354
6560
6438
6390
6462
6454
6641
6431
6512
6685
6877
6910
7045
7156
7201
6968
7051
7085
6913
6837
6785
6745
6677
6765
6559
6733
6624
6496
6387
6444
6426
6368
6428
6502
6327
6378
6125
6005
6233
6187
6035
6028
6057
5866
5983
5984
6048
6027
5923
5973
5981
5966
6086
5852
5923
5908
5953
6039
5915
5887
5817
5820
5871
6022
5807
5836
5724
5799
5954
6006
5943
5936
5937
5895
5872
6021
5954
5898
6026
5901
6028
5927
5947
5943
5922
6001
6008
5881
6067
6024
5927
5988
5913
6029
6134
5960
6068
6122
5985
5902
6136
6155
6128
6035
6145
6001
5993
6086
6143
6140
5989
6062
6009
6138
6019
6160
6022
6191
6018
6091
6082
6103
6082
6062
6046
6106
6202
6123
6049
6222
6137
6236
6182
6107
6163
6221
6144
6132
6126
6189
6211
6157
6289
6149
6138
6167
6230
6188
6349
6220
6358
6282
6353
6183
6430
6237
6313
6386
6302
6233
6607
6460
6138
6405
6569
6450
6327
6435
6309
6453
6465
6414
6295
6400
6527
6469
6440
6464
6516
6452
6544
6486
6547
6306
6486
6413
6456
6524
6521
6487
6477
6630
6541
6605
6457
6380
6653
6621
6423
6472
6525
6573
6508
6532
6638
6658
6600
6602
6652
6670
6694
6653
6560
6637
6624
6694
6763
6687
6791
6668
6638
6828
6638
6820
6795
6854
6859
6678
6663
6803
6808
6811
6954
6800
7004
6922
6747
6951
6793
6870
6857
6877
6864
6989
6873
7035
6899
6776
6959
6892
6867
7000
6967
7046
7025
6817
6989
7122
6873
7128
6927
7145
7041
6993
6943
7049
7014
7034
7065
7026
6948
6961
7067
7099
7093
7006
6996
7044
6997
7151
7067
7195
7101
7140
7316
7165
7148
7202
7107
7223
7257
7172
7172
7185
7259
7272
7229
7301
7308
7089
7189
7193
7240
7251
7200
7210
7200
7144
7272
7280
7307
7322
7516
7367
7259
7320
7430
7455
7277
7496
7317
7356
7331
7372
7421
7293
7192
7430
7305
7496
7423
7414
7321
7457
7231
7312
7311
7336
7370
7442
7423
7538
7425
7390
7431
7600
7393
7363
7490
7513
7584
7441
7561
7624
7563
7674
7529
7435
7531
7632
7536
7466
7417
7559
7587
7499
7642
7510
7624
7596
7413
7536
7453
7655
7655
7592
7703
7646
7517
7644
7554
7571
7496
7558
7769
7558
7660
7650
7589
7701
7711
7694
7666
7572
7746
7744
7663
7693
7592
7890
7702
7822
7770
7784
7781
7878
7864
7810
7840
7784
7767
7731
7703
7821
7727
7686
7779
7828
7818
7793
7712
7748
7734
7975
7800
7942
7977
7996
7728
7862
7927
7941
7857
7757
7687
8037
7927
7935
7866
7892
7905
7987
8014
7829
8023
8088
7884
7995
7810
7928
8040
8113
8025
8183
8042
8056
7832
7940
8037
8106
8271
8093
8053
8040
8013
8156
7979
8116
7989
8229
8094
8017
8069
8009
8127
8090
8027
7990
8098
8035
8091
8174
8106
8204
8145
8177
8112
8141
8080
8117
8132
8175
8362
8277
8200
8151
8149
8238
8089
8058
8158
8163
8273
8265
8136
8274
8390
8137
8335
8402
8288
8156
8247
8280
8435
8194
8263
8305
8513
8352
8364
8337
8308
8320
8428
8440
8400
8388
8358
8525
8394
8383
8434
8431
8283
8530
8370
8493
8519
8385
8517
8480
8500
8227
8509
8349
8549
8551
8453
8464
8529
8480
8595
8439
8668
8711
8545
8568
8604
8621
8540
8708
8708
8684
8690
8584
8643
8683
8576
8818
8492
8635
8725
8644
8824
8549
8778
8765
8791
8658
8765
8684
8781
8530
8781
8689
8833
8698
8896
8854
8897
8812
8758
8759
8692
8875
8859
8901
8815
8943
8957
8768
8723
8957
8857
8780
9015
8961
8860
8973
8957
9167
9135
8997
9153
9188
9136
8971
9024
9047
8889
9184
9040
9062
9110
9037
9062
9066
9216
9202
8952
9188
9015
9064
8979
9139
9195
9036
9258
9074
9289
9090
9268
9202
9427
9212
9278
9259
9279
8938
9413
9144
9226
9196
9244
9241
9179
9275
9212
9271
9249
9333
9388
9338
9489
9504
9477
9348
9372
9459
9493
9424
9512
9400
9536
9420
9405
9577
9435
9623
9542
9373
9564
9518
9564
9502
9550
9391
9571
9355
9606
9405
9405
9578
9400
9546
9565
9527
9843
9828
9641
9740
9645
9571
9618
9693
9588
9671
9636
9828
9673
9950
9756
9733
9639
9708
9885
9904
9694
9810
9719
9756
10036
10114
9933
9886
10038
10043
9959
10012
9768
10100
10022
10053
9988
10053
10012
10110
10099
10034
10050
9928
9982
10090
10063
10223
10258
9998
10156
10032
10264
10233
9976
10147
9981
10208
10262
10098
10214
10173
10209
10322
10258
10106
10290
10368
10244
10207
10280
10296
10279
10297
10163
10329
10366
10318
10268
10305
10357
10399
10378
10269
10209
10293
10538
10291
10340
10387
10268
10219
10327
10374
10313
10340
10472
10221
10341
10440
10356
10276
10464
10361
10391
10541
10372
10278
10250
10310
10489
10450
10309
10339
10564
10382
10422
10327
10537
10264
10425
10625
10379
10437
10222
10317
10183
10305
10347
10468
10300
10411
10301
10356
10295
10328
10478
10381
10544
10534
10679
10561
10706
10737
10827
10885
10855
10646
10913
10488
10771
10588
10501
10598
10574
10251
10407
10258
10419
10290
10303
10251
10204
10042
10131
10091
10130
10091
10050
9977
9866
10007
9812
9799
9891
9757
9724
9779
9715
9967
9564
9514
9778
9808
9712
9662
9683
9604
9591
9685
9687
9796
9709
9451
9661
9667
9586
9635
9552
9453
9507
9487
9568
9452
9532
9462
9427
9629
9300
9338
9489
9333
9383
9324
9217
9469
9323
9356
9392
9422
9515
9384
9123
9249
9208
9353
9362
9271
9381
9211
9335
9335
9253
9072
9336
9460
9357
9219
9258
9096
9375
9231
9207
9191
9128
9137
9215
9308
9210
9225
9125
9170
9319
9297
9213
9041
9227
9177
9176
9182
9127
8968
9130
9286
9168
9352
9094
9182
8960
9153
9265
9119
9065
9260
9260
9233
9131
9165
8957
8995
9095
9123
9022
9143
9155
8847
9011
9035
9255
8990
9184
8949
8981
9092
9022
8943
9178
9122
9125
8956
8939
9029
8903
8987
8988
8907
8870
8820
8893
8913
8993
8842
8841
8876
8793
8960
9027
8832
8951
8944
9095
8755
8914
8698
8828
8911
8894
8851
8787
8780
8790
8914
8959
8724
8769
8860
8845
8700
8859
8858
9001
8681
8639
8913
8745
8676
8759
8810
8728
8821
8812
8828
8721
8900
8666
8900
8617
8665
8768
8614
8747
8661
8729
8708
8701
8694
8858
8524
8746
8630
8720
8412
8879
8635
8660
8553
8683
8659
8679
8607
8657
8587
8708
8763
8628
8650
8586
8511
8644
8667
8703
8666
8594
8595
8469
8603
8518
8415
8595
8362
8448
8476
8551
8677
8584
8442
8364
8565
8475
8458
8574
8509
8659
8708
8445
8508
8608
8471
8374
8577
8538
8470
8316
8479
8313
8362
8514
8527
8523
8527
8534
8524
8213
8573
8416
8464
8331
8436
8329
8416
8332
8316
8247
8400
8403
8389
8436
8413
8367
8473
8348
8420
8369
8399
8283
8500
8380
8309
8503
8298
8306
8205
8337
8395
8291
8124
8288
8150
8350
8328
8463
8205
8168
8212
8268
8376
8325
8282
8289
8156
8344
8125
8376
8241
8125
8331
8349
8144
8238
8122
8214
8046
8203
8134
8233
8111
8276
8196
8049
8299
8131
8018
8178
8280
8176
8320
8271
8146
8250
8034
8152
8336
8054
8047
8203
8156
8069
8066
8087
8152
8073
8160
8009
8083
7915
8027
8080
8059
8051
7943
8033
8186
8050
7951
7998
8092
8028
7878
7968
7880
7995
7911
8050
7909
7988
8046
7928
8113
8073
7951
7948
8004
7923
7925
7921
7811
7863
7878
8010
7914
7815
7916
7842
7732
7752
7741
7724
7892
7848
7716
7795
7834
7800
7686
7700
7701
7763
7743
7806
7845
7582
7592
7649
7667
7633
7601
7735
7664
7658
7662
7630
7481
7516
7562
7534
7613
7501
7387
7451
7442
7538
7315
7275
7353
7485
7345
7267
7276
7495
7261
7292
7283
7326
7312
7158
7328
7210
7273
7159
7319
7144
7143
7184
6978
7032
6972
7104
6949
7043
7004
7034
6986
6975
6859
6876
7040
6870
6838
6748
6818
6794
6761
6710
6873
6718
6723
6662
6873
6767
6703
6715
6723
6530
6684
6488
6576
6521
6676
6599
6536
6524
6567
6476
6484
6393
6505
6465
6668
6362
6603
6450
6315
6542
6472
6355
6398
6264
6425
6355
6302
6368
6283
6197
6296
6218
6306
6240
6290
6252
6218
6201
6110
6283
6185
6131
6225
6096
6190
6297
6223
6153
6078
6191
6073
6066
6260
6121
6113
6144
6156
6147
6051
6019
6020
6137
6213
5986
5936
5991
6066
6066
6010
6054
6079
5960
6041
6056
6051
5938
6008
6128
6055
6047
5989
5954
6095
6134
6063
5991
6100
6045
6006
5993
6135
6089
5963
6134
6058
6066
5976
6093
6054
6046
6137
6188
6164
6121
6022
6088
6098
6032
5976
6037
6114
6124
6041
6065
6046
6017
5961
6014
6115
6047
6032
5944
6052
5857
6002
5977
6092
6052
6032
5729
6053
5955
6029
6126
6117
6175
6155
6092
6350
6242
6282
6316
6319
6320
6153
6342
6389
6201
6116
6245
6047
6110
6065
6028
5987
6029
5806
5807
5958
5965
5750
5687
5712
5681
5828
5663
5721
5541
5658
5559
5617
5515
5491
5517
5500
5454
5619
5522
5558
5686
5647
5529
5358
5347
5365
5519
5375
5555
5326
5339
5406
5383
5376
5485
5379
5280
5386
5363
5246
5352
5147
5274
5372
5228
5296
5265
5186
5268
5054
5222
5222
5298
5158
5197
5205
5135
5185
5246
5173
5189
5141
5189
5203
5057
5135
5117
5145
5199
5178
5182
5120
5096
5280
5082
5205
5158
5034
5076
5008
5140
5187
5127
5151
5060
4964
5071
5107
5195
4984
5121
5054
5044
5059
5108
5053
5137
5024
5000
4986
4993
5011
4928
5031
4977
4888
4958
4989
4950
5058
4984
5028
4972
5060
4931
5021
4931
4938
4995
4972
4919
4900
4844
4804
4883
4903
4960
4871
4898
4922
4869
4952
4917
4959
4861
4921
4922
4883
4890
4860
4952
4859
4759
4888
4994
4906
4942
4859
4767
4736
4831
4908
4889
4752
4836
4869
4779
4851
4983
4845
4787
4803
4769
4864
4721
4781
4799
4733
4713
4861
4827
4729
4739
4720
4789
4869
4790
4736
4615
4696
4768
4703
4827
4636
4717
4666
4734
4644
4649
4622
4736
4757
4648
4719
4514
4820
4588
4639
4761
4507
4738
4761
4665
4624
4627
4632
4579
4699
4713
4522
4599
4697
4538
4753
4603
4668
4623
4605
4614
4665
4582
4572
4584
4690
4677
4649
4631
4599
4617
4641
4634
4584
4523
4579
4617
4593
4457
4496
4539
4476
4463
4657
4419
4509
4593
4499
4601
4539
4460
4436
4502
4487
4553
4535
4345
4521
4422
4505
4472
4589
4443
4491
4416
4633
4459
4520
4568
4390
4403
4461
4520
4447
4580
4496
4525
4539
4469
4549
4396
4435
4517
4359
4323
4392
4377
4383
4496
4374
4368
4455
4443
4456
4436
4331
4404
4439
4460
4382
4420
4421
4378
4292
4292
4355
4483
4422
4457
4377
4388
4456
4321
4364
4412
4446
4335
4378
4413
4285
4311
4396
4346
4322
4263
4344
4369
4383
4366
4277
4471
4381
4414
4355
4286
4349
4271
4403
4298
4444
4411
4131
4278
4307
4254
4340
4330
4223
4201
4340
4324
4496
4331
4324
4206
4266
4331
4354
4119
4336
4223
4182
4326
4299
4264
4284
4275
4203
4191
4228
4285
4230
4308
4317
4179
4190
4306
4223
4249
4171
4241
4273
4310
4262
4196
4267
4132
4294
4067
4183
4241
4169
4181
4266
4172
4188
4267
4259
4234
4206
4276
4054
4076
4329
4294
4157
4182
4176
4188
4087
4101
4187
4136
4159
4264
4228
4224
4186
4215
4113
4182
4214
4170
4152
4247
4161
4142
4246
4168
4238
4162
4203
4201
4201
4120
4131
4113
4167
4131
4109
4083
4191
4175
4168
4102
4220
3946
4148
4190
4176
4138
4071
4166
4159
4164
4236
4116
4146
4403
4241
4401
4342
4420
4574
4585
4697
4814
4662
4924
4850
5073
5204
5218
5234
5408
5267
5542
5583
5719
5738
5919
5876
5982
6190
6196
6417
6421
6540
6590
6765
6713
6876
6949
7032
7075
7247
7224
7211
7255
7203
7434
7534
7381
7578
7513
7603
7486
7566
7678
7655
7745
7650
7866
7780
7725
7745
7814
7905
7955
8086
7968
8107
8212
8310
8714
8990
9193
9347
9971
10377
10818
11344
11616
12168
12497
12868
13164
13182
13305
13047
12884
12842
12574
12423
12252
11673
11588
11092
10707
10108
9717
9654
9308
9058
8552
8171
7814
7544
7371
6997
6859
6642
6233
6180
5812
5766
5523
5324
5042
5062
4931
4824
4569
4520
4311
4352
4211
4178
4258
4163
4015
4012
3965
3942
3816
3848
3762
3780
3723
3776
3739
3782
3719
3564
3717
3709
3578
3670
3573
3616
3596
3622
3638
3595
3554
3719
3529
3661
3502
3710
3646
3544
3542
3545
3592
3730
3491
3531
3477
3581
3496
3589
3532
3548
3580
3643
3640
3614
3562
3588
3531
3552
3563
3575
3503
3473
3671
3698
3602
3574
3502
3574
3557
3438
3551
3649
3615
3502
3670
3480
3605
3559
3525
3580
3569
3605
3510
3612
3467
3480
3599
3574
3568
3538
3559
3587
3535
3567
3553
3648
3473
3602
3580
3526
3511
3612
3586
3533
3568
3560
3585
3591
3540
3559
3604
3670
3528
3526
3645
3468
3496
3582
3531
3490
3598
3647
3553
3511
3537
3515
3578
3632
3543
3548
3563
3470
3543
3611
3541
3595
3612
3473
3618
3622
3508
3658
3529
3462
3560
3563
3560
3673
3609
3627
3530
3651
3690
3783
3784
3845
3827
3803
3984
4007
4125
4198
4305
4415
4516
4676
4839
4986
5172
5235
5478
5677
5793
6037
6269
6441
6797
7086
7127
7437
7718
7878
8340
8470
8390
8905
9101
9131
9544
9680
9983
10030
10151
10681
10624
10914
10966
11280
11342
11564
11850
11798
11742
11974
12034
12283
12095
12209
12199
12468
12735
12338
12559
12520
12512
12952
12982
12978
12911
13208
13334
13712
13989
14257
14551
15429
15921
16632
17293
18217
19300
20411
21241
22411
23364
23656
24424
24837
25192
25155
25117
24503
24513
23725
22957
22245
21672
20816
20070
19242
18128
17537
16582
15948
15089
14200
13503
12854
12144
11434
10839
10182
9619
9032
8535
7911
7581
7168
6644
6300
6042
5570
5355
5098
4908
4670
4347
4312
4017
3954
3909
3553
3484
3456
3317
3335
3088
3116
3063
3022
2877
2916
2918
2762
2812
2727
2735
2705
2794
2753
2751
2753
2800
2689
2621
2642
2617
2636
2589
2529
2678
2591
2608
2655
2669
2712
2605
2592
2694
2666
2645
2573
2578
2548
2666
2617
2519
2617
2643
2664
2647
2591
2570
2577
2627
2533
2479
2579
2558
2486
2568
2540
2609
2696
2542
2631
2561
2593
2598
2652
2562
2498
2562
2547
2533
2557
2597
2533
2625
2519
2643
2527
2526
2539
2559
2517
2542
2549
2599
2559
2503
2473
2576
2619
2596
2541
2482
2580
2525
2587
2542
2484
2616
2649
2539
2579
2554
2567
2470
2599
2409
2400
2597
2484
2588
2614
2544
2428
2544
2489
2444
2499
2447
2443
2538
2549
2502
2571
2559
2533
2409
2550
2459
2493
2581
2575
2487
2470
2516
2538
2547
2557
2476
2532
2459
2469
2459
2539
2532
2446
2544
2526
2565
2488
2478
2556
2558
2537
2522
2483
2533
2526
2535
2407
2483
2493
2406
2527
2569
2435
2538
2460
2566
2532
2396
2507
2445
2483
2489
2463
2560
2466
2492
2492
2485
2479
2437
2540
2467
2423
2456
2519
2440
2580
2476
2404
2457
2447
2530
2534
2463
2434
2513
2483
2419
2517
2504
2411
2410
2411
2415
2428
2415
2400
2522
2539
2570
2470
2432
2452
2498
2431
2496
2386
2505
2434
2439
2529
2483
2461
2419
2506
2361
2355
2367
2500
2421
2423
2522
2528
2536
2451
2487
2377
2418
2394
2412
2534
2471
2472
2439
2412
2416
2533
2439
2459
2463
2351
2427
2344
2431
2401
2432
2467
2460
2434
2391
2408
2415
2438
2385
2410
2522
2506
2499
2382
2491
2407
2402
2447
2308
2371
2469
2422
2418
2326
2376
2511
2429
2379
2394
2390
2371
2423
2416
2419
2423
2468
2348
2452
2512
2413
2467
2444
2434
2445
2427
2470
2416
2384
2315
2412
2506
2347
2475
2373
2355
2461
2417
2417
2443
2550
2436
2473
2463
2353
2463
2360
2470
2423
2436
2429
2443
2460
2485
2360
2425
2429
2437
2395
2440
2524
2434
2466
2377
2425
2515
2478
2467
2438
2375
2466
2404
2513
2369
2589
2415
2394
2476
2391
2387
2542
2417
2397
2494
2419
2405
2486
2547
2513
2496
2487
2344
2372
2475
2430
2444
2378
2481
2485
2535
2435
2468
2499
2469
2433
2453
2454
2563
2433
2506
2571
2493
2431
2476
2567
2429
2508
2577
2465
2488
2520
2499
2574
2573
2530
2415
2569
2640
2674
2619
2571
2546
2685
2622
2738
2627
2650
2661
2829
2862
2855
2878
2977
3049
3121
3256
3398
3663
3669
4056
4218
4475
4654
5034
5277
5793
5979
6842
7134
7718
8290
8843
9357
9980
10456
11073
12024
12488
13291
13842
14591
15391
15880
16696
17372
18374
18787
19677
20273
21059
21641
22093
22777
23441
23994
24697
25330
25731
25979
26297
26589
27211
27499
28209
28084
28632
29081
28982
29789
29637
30128
30022
30495
30786
31198
31321
31386
31687
32154
33027
33464
34023
34740
35770
37081
38186
39844
41533
43752
45351
47875
50150
52762
55251
58443
60343
62041
63172
64521
64677
64482
63739
63335
61928
60970
58771
57016
54936
53095
50999
48717
46673
44074
41710
39533
36636
34969
32690
30807
28547
26081
24431
22408
21132
19168
17858
16617
14972
13590
12358
11499
10502
9650
8696
7890
7037
6536
5773
5414
4947
4342
4038
3550
3298
2956
2757
2544
2254
2167
1979
1829
1670
1576
1470
1420
1253
1229
1120
1155
1073
1009
968
932
918
814
839
811
810
798
753
724
735
713
719
745
733
678
639
682
676
676
661
676
672
628
666
628
657
632
703
595
580
632
666
638
602
613
612
639
641
623
633
596
573
620
580
560
640
612
588
617
617
571
622
593
611
584
600
558
568
593
605
613
533
549
505
565
564
559
561
557
598
553
557
579
577
585
574
540
588
550
548
547
551
561
596
563
559
553
535
576
591
534
553
531
512
612
549
533
555
559
586
583
573
549
566
521
547
580
555
569
565
512
559
571
586
539
546
545
565
530
553
558
563
533
559
522
581
586
535
546
544
581
568
589
545
573
549
647
573
621
586
563
636
703
701
728
679
751
854
786
829
881
871
1001
1056
1131
1203
1289
1312
1400
1494
1470
1607
1676
1769
1917
2031
2160
2188
2298
2410
2434
2535
2578
2796
2770
2916
3017
3120
3200
3203
3406
3447
3585
3572
3627
3753
3783
3919
3933
3920
4053
4045
4140
4230
4082
4127
4216
4343
4383
4282
4332
4435
4440
4461
4615
4558
4718
4861
4976
4921
5157
5166
5382
5641
5920
6232
6363
6656
7099
7349
7684
7862
8049
8462
8303
8591
8597
8842
8717
8536
8400
8114
7987
7642
7404
7078
6966
6729
6291
5948
5843
5341
5230
4855
4455
4272
4045
3767
3452
3323
2998
2736
2588
2411
2175
2032
1961
1666
1604
1455
1365
1251
1137
1007
968
935
838
818
697
672
661
556
576
533
491
509
420
419
400
377
398
390
351
366
355
331
338
311
342
281
307
290
302
295
310
269
287
306
297
264
280
278
286
277
249
239
287
284
273
250
238
239
246
259
232
258
270
249
261
263
269
235
257
267
259
280
248
218
262
256
241
240
261
295
238
295
276
259
224
230
211
230
278
205
254
256
242
244
242
269
240
231
230
225
269
223
242
214
241
244
248
230
210
258
206
265
280
220
241
238
235
223
210
234
217
236
216
266
247
233
223
228
223
245
219
219
232
225
249
235
243
213
232
254
251
250
214
219
227
232
231
237
237
223
235
214
225
233
212
242
219
247
237
231
250
205
227
225
217
243
235
224
217
235
230
240
230
240
227
236
206
208
220
220
204
219
225
218
232
221
215
199
221
214
226
224
226
208
207
215
215
213
227
192
229
200
232
210
223
197
235
210
235
216
196
212
211
204
216
219
220
222
198
169
195
173
182
217
202
224
217
193
210
215
215
220
209
219
225
209
207
193
230
202
213
186
186
203
218
197
208
208
229
215
200
213
206
235
214
216
233
228
202
186
193
195
207
211
193
187
208
222
208
208
179
200
231
194
215
196
203
200
207
217
227
222
179
185
201
202
232
203
204
190
198
201
215
178
202
211
225
198
193
201
223
213
174
210
221
159
179
194
199
230
217
191
190
202
184
214
197
198
194
205
194
217
204
197
168
185
180
211
194
191
169
206
173
186
191
179
219
182
188
214
218
196
208
200
182
217
216
180
210
202
219
176
198
198
203
188
203
215
213
196
177
174
197
167
169
184
195
202
187
186
194
189
193
147
187
191
166
183
193
197
167
211
163
209
189
190
173
207
172
212
174
169
179
163
189
187
192
207
184
184
162
194
199
171
210
195
176
188
196
199
204
203
188
170
187
191
203
171
188
187
182
167
202
184
168
171
170
164
196
205
191
180
185
186
184
218
187
171
168
206
153
171
175
189
167
167
194
163
168
164
169
204
204
188
183
182
187
194
178
177
192
181
176
179
183
156
176
179
165
184
140
176
186
159
161
193
194
204
181
207
192
180
166
162
170
162
181
205
181
143
188
216
171
181
161
195
180
185
190
159
192
173
158
170
192
172
167
184
162
167
164
185
173
183
168
175
196
153
192
177
184
193
170
174
173
168
165
174
174
173
167
170
175
165
170
166
211
158
175
184
169
194
151
156
180
180
174
169
169
163
188
150
166
179
156
160
195
190
146
136
152
140
143
171
171
159
168
143
186
186
167
179
155
175
165
160
155
158
150
172
163
169
143
167
146
151
162
151
179
161
163
164
156
136
167
170
145
156
145
153
156
180
136
163
161
174
166
167
146
176
165
170
158
144
147
138
139
149
143
141
148
144
153
151
147
152
182
172
150
145
165
152
157
159
145
153
160
166
167
161
135
160
158
146
141
166
156
170
167
177
168
156
134
144
183
147
174
144
162
195
159
132
149
159
172
168
144
159
159
147
151
155
158
174
161
156
145
133
147
129
169
166
140
146
129
140
140
153
158
152
162
147
149
140
160
147
152
121
158
155
150
161
158
132
131
138
139
157
163
153
171
175
130
151
150
127
154
154
141
137
156
169
140
126
155
127
150
152
145
150
156
136
129
187
166
139
153
120
126
144
164
150
153
138
158
171
146
142
149
144
164
134
147
147
133
157
130
164
135
153
169
136
134
170
146
140
149
154
134
134
152
143
127
155
148
152
142
176
147
123
143
113
145
140
138
148
146
125
143
135
148
134
166
117
142
142
137
147
144
136
164
157
145
148
137
131
140
151
145
153
150
149
139
148
145
125
118
126
136
141
127
130
142
143
138
139
147
144
128
158
126
135
143
136
121
152
127
142
139
130
151
137
146
134
124
115
146
116
121
122
128
130
138
142
142
158
135
126
145
134
135
133
115
116
138
140
125
129
123
128
127
132
122
116
115
124
144
121
129
122
147
145
125
128
142
131
123
122
118
125
130
113
121
134
126
147
152
125
132
123
119
133
130
142
133
137
124
154
114
126
121
133
121
133
125
151
118
124
132
129
138
125
135
134
134
125
118
134
137
116
128
134
110
132
138
143
118
122
128
127
129
129
128
124
116
145
125
128
123
123
98
151
122
134
123
112
123
115
131
127
131
132
112
122
124
132
133
145
127
122
132
108
105
122
142
118
116
116
128
117
129
105
140
110
131
119
109
107
110
111
131
113
112
117
113
119
121
108
108
112
129
134
134
129
109
118
122
140
135
113
122
125
114
112
111
117
121
128
105
129
117
127
117
112
124
115
107
124
120
123
121
133
123
121
114
106
139
135
104
98
105
106
140
110
118
125
113
128
120
131
128
111
116
99
106
123
126
117
121
122
133
122
112
122
137
131
112
104
121
110
122
122
126
96
134
107
123
99
116
100
110
102
137
115
118
125
108
99
114
113
120
110
104
112
98
88
110
107
124
109
132
118
99
113
113
111
95
121
97
115
124
112
109
105
110
119
116
113
125
116
125
125
112
93
134
126
94
104
105
104
105
114
119
128
105
109
124
114
105
103
121
114
104
124
119
102
107
100
118
112
118
104
117
93
124
105
131
123
99
119
118
123
119
108
88
86
98
78
104
103
118
92
98
89
104
117
101
106
93
125
101
98
113
98
106
101
94
100
98
108
116
96
109
114
105
108
94
94
111
96
107
111
114
92
107
117
113
74
105
102
90
84
95
109
102
127
96
113
108
93
92
95
110
106
109
90
101
99
100
108
89
107
99
97
129
93
107
102
101
123
109
98
113
94
115
110
95
118
114
126
99
109
107
104
98
120
107
119
106
109
123
96
102
109
125
123
136
122
113
99
112
130
102
107
105
115
117
97
105
102
105
119
108
94
95
97
100
123
124
93
124
111
117
99
111
113
99
110
114
114
105
111
118
111
99
101
125
82
107
96
101
104
103
113
107
103
86
97
114
82
93
98
70
94
101
102
107
90
96
90
88
95
98
85
81
99
95
108
83
105
107
93
102
93
82
96
89
63
94
88
89
84
98
100
99
98
79
97
95
94
84
103
97
92
93
87
82
95
88
95
70
100
101
104
94
79
80
84
98
91
82
94
85
94
90
94
93
97
82
72
97
100
100
79
81
93
97
68
76
73
94
101
87
94
86
94
98
80
99
90
76
90
90
78
83
82
84
88
90
68
84
80
87
98
85
77
104
97
66
90
96
78
74
103
66
82
96
91
99
87
92
83
76
89
109
98
85
87
80
73
87
84
90
78
67
106
71
66
76
82
82
87
76
81
71
67
76
94
82
88
62
89
77
80
82
71
74
103
94
84
83
84
80
80
80
59
72
80
67
79
84
97
80
78
57
64
105
79
85
83
80
90
81
77
98
81
78
78
86
69
93
82
85
93
68
98
83
74
85
74
95
76
84
75
94
54
71
57
68
72
79
82
67
71
68
84
72
85
81
85
84
70
73
76
72
76
91
69
81
80
76
92
66
68
76
80
87
78
56
68
84
77
66
72
79
76
78
92
67
71
73
69
83
78
74
69
75
72
66
73
81
65
60
69
84
56
74
91
89
78
63
57
54
75
93
75
90
66
76
84
69
97
78
73
80
82
75
74
73
82
72
80
72
72
82
83
90
84
76
85
60
74
95
69
75
64
63
65
83
72
68
69
79
70
82
63
63
63
80
71
85
67
70
65
68
67
61
68
63
64
71
55
68
68
65
64
85
58
72
53
67
73
63
53
63
71
75
57
72
83
80
69
77
56
62
64
81
70
71
77
75
65
67
75
74
83
70
66
63
79
81
80
70
67
72
61
73
83
69
83
64
58
77
71
68
69
54
73
71
70
73
81
80
64
64
66
69
68
64
60
73
70
72
73
68
72
62
56
73
53
74
69
61
59
64
52
63
67
59
61
75
58
61
60
55
66
62
78
62
59
66
67
70
53
76
58
84
77
55
58
66
57
54
60
69
63
75
66
65
64
64
69
60
52
66
54
57
63
74
64
64
60
64
65
72
70
73
67
66
61
61
72
63
45
62
55
55
58
54
58
55
57
67
54
77
65
58
57
53
57
53
48
38
72
60
66
62
64
71
52
67
55
59
59
52
60
61
56
71
61
52
52
53
65
61
50
61
62
52
62
66
59
55
68
68
51
68
47
64
69
56
55
55
61
63
55
62
65
56
58
59
53
59
74
65
56
75
67
40
55
43
59
61
65
61
68
68
67
58
52
55
52
57
53
54
57
49
61
59
65
50
54
74
69
58
52
53
54
59
48
60
61
54
47
55
48
63
57
43
59
55
53
62
61
64
73
43
62
72
46
58
55
49
49
51
41
47
48
56
59
47
52
70
59
50
53
55
60
46
68
53
56
64
52
59
64
66
54
58
62
69
33
54
67
54
56
41
61
63
71
47
48
43
42
55
45
50
49
56
45
51
55
55
56
65
57
54
54
49
64
64
58
49
61
48
47
49
64
53
66
59
42
52
65
48
43
67
60
64
44
49
60
54
57
56
57
53
43
66
42
61
60
78
43
70
59
56
48
44
57
46
58
52
50
59
70
51
77
60
59
59
55
63
58
59
58
65
61
64
59
62
66
77
55
57
45
54
41
49
66
61
47
51
52
53
65
54
63
51
59
52
56
41
56
48
64
58
40
48
50
64
42
54
51
55
47
44
55
58
37
38
39
47
59
49
50
45
51
51
44
47
52
50
48
55
38
51
40
51
35
36
46
51
48
48
54
52
54
60
42
42
48
48
47
48
40
39
52
48
41
34
37
37
37
45
62
41
55
56
43
38
59
41
41
50
38
51
45
50
45
50
49
46
47
46
39
40
43
41
54
46
51
50
47
55
41
45
58
46
48
51
52
50
42
44
33
41
43
36
51
43
54
37
44
47
51
44
42
43
47
44
40
56
52
39
40
49
44
46
35
37
35
43
35
47
45
36
33
31
41
50
44
44
40
41
45
53
53
39
49
33
43
37
56
52
40
60
40
44
50
34
50
36
44
47
48
39
48
35
56
52
47
42
37
55
34
60
48
34
45
48
50
37
53
49
49
54
57
35
60
50
49
55
54
53
57
36
60
49
57
56
57
63
50
64
50
58
55
44
53
56
57
59
47
58
51
51
61
55
62
57
53
62
47
67
65
63
43
72
60
55
46
55
45
53
45
59
47
47
60
53
64
74
58
61
76
57
60
62
57
58
65
47
70
56
65
58
59
46
57
47
60
57
49
59
59
45
48
55
67
49
49
39
47
39
57
44
51
44
38
45
52
43
45
53
36
39
47
47
47
42
44
38
34
45
35
32
27
41
37
45
37
41
38
40
41
40
50
35
38
45
33
33
36
55
33
52
26
38
56
33
33
29
45
41
48
41
39
24
45
36
52
29
42
23
42
49
33
43
40
33
33
40
43
37
43
32
39
48
25
43
28
40
35
42
44
43
27
51
41
33
41
32
28
32
35
30
41
38
45
33
43
38
33
34
40
31
36
43
38
37
45
28
28
38
40
40
38
35
43
37
37
32
35
27
39
21
39
37
41
35
31
43
40
28
31
41
35
52
30
33
42
29
41
45
46
37
31
36
47
51
35
33
45
32
39
38
33
51
39
45
38
42
37
32
36
42
31
37
48
37
39
43
37
34
30
44
36
27
46
35
41
44
38
36
41
45
50
37
39
38
35
47
45
32
35
33
37
49
46
34
43
33
35
42
41
41
39
29
27
40
33
38
37
40
35
28
42
36
38
30
36
26
33
48
38
25
34
32
30
35
30
24
37
29
33
32
43
32
33
38
31
40
34
38
28
25
34
32
29
30
35
33
37
36
36
27
31
31
28
30
34
33
26
42
38
23
32
36
36
29
31
33
38
33
39
30
29
30
30
27
26
37
28
28
25
35
35
29
36
39
24
29
31
32
34
41
32
28
29
31
35
25
26
37
36
29
31
26
43
35
27
30
25
39
28
27
30
26
31
41
33
23
30
35
33
23
26
38
31
32
43
33
29
29
31
33
35
25
31
26
23
27
22
26
32
37
28
38
35
35
32
30
28
30
31
31
34
28
27
29
28
27
38
33
36
39
30
28
35
26
36
34
31
23
42
25
38
23
37
24
34
31
29
34
25
37
26
27
41
38
23
37
35
28
26
31
34
39
21
24
35
39
38
28
34
21
25
43
29
27
39
34
32
43
32
29
24
26
38
26
39
36
32
41
27
38
21
34
34
34
37
35
30
40
34
23
36
27
39
35
32
34
33
29
29
33
36
38
27
39
39
34
30
35
29
33
23
32
35
40
30
36
39
31
27
33
38
35
32
34
29
30
43
27
30
34
43
29
35
26
37
30
36
49
28
33
32
34
31
32
36
29
28
34
32
31
33
32
34
20
27
27
39
29
29
25
35
34
37
22
30
22
27
28
16
38
25
19
31
31
20
29
24
12
31
25
23
20
22
20
14
17
20
16
28
28
20
24
30
20
22
20
23
19
22
20
37
23
19
19
21
21
22
20
29
26
28
20
28
21
25
21
21
23
12
28
22
14
20
24
21
24
21
19
22
25
33
24
22
22
23
22
20
23
13
32
20
22
23
24
26
22
27
18
24
16
26
20
24
20
27
15
22
21
19
18
21
19
20
13
23
26
25
33
28
22
25
19
27
20
22
24
20
21
17
18
20
24
21
19
16
25
22
27
20
20
22
19
24
21
20
23
26
17
20
26
20
20
26
23
28
25
15
26
20
18
13
20
18
29
23
25
18
21
18
21
24
22
23
25
27
14
18
26
21
21
13
27
20
22
21
22
18
33
18
17
13
20
14
18
23
20
15
12
18
19
16
24
29
21
14
16
20
23
21
24
19
19
22
31
28
17
19
28
12
12
24
21
27
28
22
24
22
26
14
22
27
20
28
17
14
27
25
24
19
25
18
16
24
24
30
20
14
24
25
27
18
26
23
17
24
18
21
18
20
20
18
12
23
18
21
20
16
16
21
24
30
28
17
26
17
18
23
16
14
25
26
25
9
20
27
23
16
22
29
18
20
17
24
14
22
28
18
25
13
23
22
20
29
18
22
15
19
29
22
18
24
26
22
14
14
26
10
10
28
17
23
19
19
14
23
18
25
25
30
16
27
24
21
20
21
21
23
23
22
31
26
21
20
25
26
23
24
24
13
21
14
20
18
15
19
17
13
19
14
30
16
15
20
24
20
18
20
21
20
23
20
11
18
18
15
19
24
25
23
22
28
17
17
16
14
29
21
21
25
16
14
22
20
18
15
22
26
28
26
24
18
21
26
23
26
25
17
19
21
29
20
17
18
18
13
29
18
19
23
22
26
21
24
24
23
19
15
19
15
24
19
23
22
20
28
20
18
21
24
18
25
31
21
17
20
32
22
26
18
18
17
29
25
24
18
20
13
26
26
23
23
13
18
28
27
24
28
29
21
24
16
20
26
21
23
18
19
19
30
23
16
31
27
23
21
25
27
21
26
25
18
24
26
23
25
28
25
22
32
21
27
25
31
28
30
27
29
35
24
26
20
30
22
23
38
22
28
19
20
25
25
24
34
28
18
28
30
25
19
24
31
26
36
24
17
21
24
24
28
30
23
27
26
24
28
27
20
35
29
21
26
24
24
22
20
21
19
23
23
29
20
18
12
14
16
13
17
10
17
21
14
15
25
8
16
12
15
18
13
13
14
16
12
17
11
13
12
13
8
12
8
15
16
13
17
9
17
8
7
14
6
12
8
13
12
16
13
10
8
7
11
7
9
8
9
11
8
7
7
4
12
12
10
12
17
7
7
11
8
17
11
6
5
13
12
12
14
8
12
7
14
8
10
15
12
6
8
11
18
9
10
13
10
12
10
4
16
15
13
13
6
9
16
13
10
12
13
12
9
10
11
11
14
12
17
13
10
15
16
9
10
7
11
10
10
16
18
10
11
18
13
17
7
15
18
11
11
9
13
11
13
8
13
12
10
14
20
13
12
11
15
18
13
11
8
12
15
12
8
14
11
6
7
8
7
8
8
14
15
17
8
6
14
13
11
14
10
11
9
11
8
10
9
11
12
9
11
2
11
14
6
7
14
11
8
10
9
14
17
13
8
12
15
13
12
15
12
9
10
12
6
7
10
16
8
9
6
17
12
11
12
14
4
8
12
11
16
15
11
9
11
13
9
7
14
6
14
10
18
11
15
11
9
10
16
10
13
9
10
10
11
12
17
9
7
11
9
3
7
11
11
16
10
13
12
12
11
4
14
17
13
15
9
13
13
11
12
9
7
19
6
13
7
9
6
17
7
4
7
7
8
8
10
11
7
10
14
9
7
6
10
11
9
11
11
6
8
6
11
5
13
12
11
4
4
4
2
9
4
7
11
7
10
3
12
6
8
8
6
9
9
5
8
10
7
8
9
3
9
7
11
6
6
3
10
5
7
6
6
8
11
5
13
7
9
7
10
4
8
9
7
4
6
10
8
4
10
2
11
8
14
6
7
7
8
9
12
5
7
7
10
4
8
5
9
12
8
12
10
11
10
12
12
3
6
4
5
10
6
5
7
8
8
4
10
12
8
6
6
3
5
7
5
11
5
10
6
10
5
6
7
12
10
6
9
4
7
8
6
14
2
7
10
8
9
6
11
9
10
16
8
7
13
8
3
5
13
6
7
4
10
8
7
9
7
7
6
10
5
13
5
7
7
11
10
9
3
11
8
3
4
10
8
4
7
9
8
15
13
4
9
5
8
5
6
5
4
8
11
5
8
7
7
7
5
7
3
9
11
6
8
9
11
10
10
10
6
7
5
4
4
15
7
6
8
5
5
5
6
9
5
10
9
10
8
9
9
8
11
13
10
6
7
8
6
4
13
4
5
11
10
4
10
12
7
5
11
11
7
7
9
12
11
8
13
7
7
11
8
4
5
11
14
14
8
7
6
8
5
3
5
10
9
14
14
11
4
11
6
13
6
11
5
8
9
8
9
7
8
10
9
8
7
6
8
6
5
5
8
10
6
10
6
13
2
10
9
5
8
4
4
3
10
8
6
7
6
4
5
5
9
6
7
10
5
4
5
5
8
5
2
5
8
7
5
11
9
8
11
10
4
4
8
6
7
6
10
4
4
7
7
8
7
9
5
7
5
7
6
10
6
8
4
4
7
3
5
6
7
6
6
2
2
5
5
4
5
5
8
13
4
7
12
3
3
9
9
6
2
7
6
9
6
4
6
5
5
5
7
4
7
7
7
4
11
5
7
7
5
7
10
7
2
3
6
5
5
4
7
9
6
8
8
6
4
6
2
10
4
9
8
5
9
5
3
3
6
6
7
3
3
6
4
4
7
7
10
4
6
8
8
7
10
5
9
6
11
5
7
4
8
7
5
8
14
6
8
5
8
6
6
12
6
5
7
4
6
8
7
6
6
5
7
6
5
5
4
6
4
13
5
6
4
9
8
3
5
8
6
10
6
11
5
11
5
11
7
6
10
11
1
10
9
7
6
8
6
7
7
13
7
8
10
9
8
7
9
12
6
13
6
6
3
11
6
8
8
8
6
11
7
3
8
9
8
7
9
11
7
6
9
7
4
9
10
7
11
2
7
7
11
10
10
6
6
10
7
9
7
9
5
10
4
8
6
5
4
3
3
7
6
10
8
5
11
5
3
8
6
6
4
7
4
5
4
7
3
3
15
11
12
4
8
6
6
3
11
6
6
9
7
2
5
3
3
6
6
10
3
4
5
8
10
8
4
9
6
5
11
3
3
6
6
5
7
6
5
4
3
4
4
6
6
7
6
6
12
3
5
2
9
5
4
12
4
6
4
5
5
6
9
8
4
7
5
13
4
6
3
3
9
8
6
5
7
3
7
10
7
3
5
7
8
3
4
3
3
4
3
9
6
4
3
5
6
6
6
8
5
6
8
6
8
7
5
6
8
12
3
6
8
4
6
4
6
6
3
5
5
7
6
7
7
4
6
6
5
7
9
3
5
5
6
7
7
9
9
5
4
2
4
6
3
5
4
7
4
8
5
8
7
2
4
6
3
6
5
3
5
2
6
4
6
9
6
6
7
5
4
3
4
6
3
3
6
6
6
1
6
8
4
3
4
3
2
12
1
5
6
6
8
3
5
9
5
5
3
8
5
3
11
7
8
7
4
3
4
5
4
4
9
6
2
4
8
7
6
9
4
2
8
5
1
6
6
9
9
5
7
9
5
4
4
3
3
4
3
6
8
4
2
4
7
7
3
3
1
3
6
6
9
5
7
5
6
7
7
6
8
1
7
4
6
3
5
6
8
5
6
4
4
2
7
3
4
8
2
8
3
6
10
3
9
6
5
7
2
2
3
7
1
9
9
7
6
6
7
3
8
8
7
5
3
4
11
3
4
4
4
7
11
10
9
5
11
5
5
8
6
7
6
4
2
2
5
10
2
2
9
6
5
7
8
10
8
7
8
7
4
6
1
7
2
7
1
2
10
5
4
5
2
7
8
6
5
7
5
7
5
7
3
5
1
5
7
5
6
5
4
3
2
3
5
8
5
6
3
10
5
4
7
6
6
6
7
7
9
7
4
4
7
8
4
5
5
8
5
7
1
4
4
4
7
4
7
6
8
3
4
6
8
6
5
1
6
8
4
10
8
7
8
3
5
5
7
5
4
4
9
9
6
5
6
6
2
10
8
5
7
5
4
3
3
1
5
5
4
4
9
7
8
10
3
3
6
7
3
5
8
4
5
1
8
4
6
5
7
6
4
3
2
4
6
7
2
5
7
4
7
6
4
7
7
2
6
6
4
10
4
7
10
9
4
4
7
7
8
3
6
2
7
4
4
7
5
1
4
3
5
5
4
7
2
6
7
1
3
1
8
3
5
6
5
6
8
6
5
8
4
4
7
0
7
4
7
2
4
6
3
5
3
5
3
4
6
8
5
2
3
4
3
6
3
3
3
3
3
6
4
7
3
5
5
1
6
2
5
6
5
8
3
5
6
1
8
6
2
5
7
4
7
7
3
2
5
6
4
5
9
6
10
3
4
2
2
5
6
6
5
5
6
4
4
3
4
6
7
4
11
4
7
10
5
6
5
7
8
6
4
11
8
4
4
10
2
2
7
4
7
5
9
10
7
4
5
6
4
5
8
6
10
3
6
5
6
3
4
4
2
6
6
2
3
4
6
4
6
5
5
5
4
3
7
2
3
3
6
3
2
4
10
3
3
0
4
4
4
9
5
3
6
8
2
1
4
3
6
6
9
2
3
8
3
4
5
6
4
6
3
4
9
5
5
7
4
6
10
8
4
6
4
4
7
8
4
6
6
3
8
3
8
10
1
5
4
9
2
8
4
6
1
6
6
7
4
6
5
3
0
5
4
1
5
6
3
4
4
3
1
7
3
1
6
6
6
3
6
3
3
3
3
6
6
5
4
4
3
7
4
7
4
5
4
7
5
5
5
4
5
4
5
10
2
4
7
3
8
5
0
1
8
5
3
4
2
1
4
4
6
4
9
1
7
9
3
5
2
3
3
7
8
2
7
5
4
3
1
4
4
4
4
2
9
2
8
1
3
5
6
10
4
6
8
5
3
9
5
4
9
3
1
4
3
5
6
2
7
3
3
3
8
5
5
4
4
4
3
5
2
7
5
8
4
6
4
5
2
6
4
7
7
2
5
3
6
3
4
4
4
9
5
7
7
9
3
4
2
3
5
4
4
4
5
3
1
2
8
4
2
2
5
4
6
2
4
5
5
7
9
3
3
4
4
2
4
5
1
3
6
6
3
7
3
6
2
7
4
7
3
7
3
4
5
3
3
7
4
7
5
7
6
11
6
6
2
2
3
7
1
2
3
5
3
5
5
7
4
4
6
3
3
2
6
5
8
3
7
3
5
4
4
7
7
5
7
2
6
1
4
4
5
4
4
5
6
6
4
6
4
6
4
4
5
5
5
1
3
3
6
4
5
7
5
7
5
4
3
5
6
3
3
4
8
2
5
5
6
7
3
7
5
3
4
5
6
5
4
5
1
7
6
2
3
3
6
3
2
7
11
5
7
3
5
5
3
4
10
5
8
7
4
6
6
6
3
1
9
7
8
3
0
4
5
4
4
7
3
2
12
7
5
8
4
11
6
3
4
4
5
3
10
4
5
2
6
9
2
3
6
8
3
4
6
10
6
9
5
2
6
6
4
8
9
8
6
8
6
5
9
4
12
9
6
8
8
5
8
10
8
8
3
15
3
10
9
3
5
7
8
13
6
10
11
10
7
10
13
11
8
9
9
9
9
13
8
13
10
10
6
5
11
8
7
6
13
7
8
6
14
8
11
6
7
9
10
6
8
8
5
6
7
3
11
6
12
9
5
9
6
9
6
4
8
9
8
9
3
5
4
3
6
4
3
6
11
1
1
2
2
4
3
5
5
6
7
9
5
4
4
4
5
3
2
1
7
5
3
2
4
6
3
4
2
3
2
4
2
3
4
5
3
4
6
7
3
3
3
3
5
11
4
6
3
4
6
2
1
4
1
5
3
2
10
4
2
2
2
3
3
7
3
2
3
6
6
9
3
2
0
9
4
3
4
4
0
4
4
6
2
4
7
3
3
7
7
4
6
5
3
3
5
5
8
5
1
4
0
3
1
4
6
5
6
5
2
5
4
2
2
1
6
2
4
7
6
6
2
5
6
2
5
3
4
5
2
7
7
7
6
7
3
8
3
5
4
2
5
4
4
6
0
7
3
1
4
3
1
2
0
5
6
4
3
4
4
5
2
6
4
4
6
4
7
4
4
5
6
4
4
1
8
6
3
7
5
8
5
2
8
4
1
3
1
2
3
4
4
8
6
7
3
4
5
5
8
1
6
6
4
6
2
2
1
5
3
5
6
4
5
1
6
6
3
2
3
2
6
0
7
7
5
7
2
3
3
3
8
5
5
9
2
3
6
3
2
7
5
3
2
1
3
3
6
6
1
2
5
2
6
6
4
3
7
4
5
0
5
4
6
2
1
5
5
2
1
4
6
2
2
3
2
1
8
2
3
5
2
1
1
2
2
5
2
5
6
4
7
6
2
2
4
0
4
3
2
4
10
3
6
3
4
3
6
3
8
3
0
8
1
6
3
6
1
1
5
5
3
2
0
5
4
6
6
3
6
4
1
2
5
2
6
6
3
0
1
4
2
1
6
4
4
4
6
5
3
8
6
4
4
1
7
13
1
2
1
5
3
4
3
1
7
5
4
7
6
0
3
2
3
4
0
6
2
2
2
5
2
3
6
1
2
1
4
3
3
8
4
2
6
5
1
4
3
7
4
2
3
6
2
4
5
2
2
3
3
8
2
3
2
2
4
7
2
2
5
3
7
2
3
1
6
2
1
3
2
1
3
3
4
3
1
5
2
5
2
2
6
4
5
2
1
5
5
5
4
6
6
3
4
7
2
4
0
2
2
2
3
3
5
4
3
4
3
5
3
5
4
5
8
4
3
8
3
7
7
4
6
6
3
5
6
5
6
6
2
4
2
7
2
5
3
8
3
9
8
6
10
3
3
8
3
4
10
8
6
7
9
5
9
5
5
2
3
5
1
13
10
10
2
9
8
12
7
7
11
10
3
8
7
6
10
8
12
3
3
6
10
11
12
9
4
4
10
5
7
13
4
7
5
7
6
11
11
7
3
7
9
8
6
2
4
3
8
3
7
4
12
4
4
4
3
2
2
8
6
4
7
5
5
5
5
2
7
6
3
4
5
1
2
6
7
1
6
3
5
2
6
4
5
4
5
6
6
5
4
3
1
2
2
3
7
3
0
1
3
3
4
7
5
5
3
3
3
4
2
3
3
2
3
3
5
7
5
2
2
3
7
2
2
3
7
8
1
3
2
6
3
9
4
5
2
6
2
5
5
2
4
2
4
3
3
6
1
2
4
4
5
3
3
2
2
6
2
5
3
7
6
1
3
4
2
2
0
3
3
2
4
4
2
10
3
2
3
3
4
2
4
2
0
3
6
0
6
5
3
1
5
2
2
6
2
2
2
5
6
7
7
2
4
2
5
6
0
5
1
3
3
7
3
4
7
8
1
3
1
3
3
5
1
4
6
2
3
4
2
2
4
4
3
2
2
2
6
4
2
2
3
4
1
4
4
2
6
5
4
2
5
6
1
5
2
2
3
5
4
2
3
3
2
3
2
6
4
2
4
1
1
1
1
2
5
3
4
4
3
3
1
4
2
9
0
4
1
7
3
3
3
3
2
5
2
6
1
6
6
1
2
2
1
1
4
3
2
3
3
5
7
3
4
8
3
3
0
4
6
4
4
5
5
2
3
1
7
5
5
6
1
5
3
6
5
5
3
5
2
6
6
3
3
3
3
3
2
2
4
1
4
8
4
8
5
3
3
3
1
6
4
5
3
4
1
0
0
6
2
4
3
2
4
3
2
4
1
1
4
2
1
3
2
7
7
4
5
1
3
2
4
2
5
1
6
4
1
5
3
7
3
5
2
5
4
5
6
2
3
3
4
3
3
3
1
4
2
8
2
6
7
2
0
1
2
5
4
2
3
2
5
4
6
4
2
1
3
2
2
6
3
3
7
5
5
4
4
2
4
0
4
3
1
8
3
4
2
4
3
4
2
0
4
5
1
5
2
3
2
7
1
5
4
1
3
6
1
2
2
5
1
2
4
5
3
6
2
7
5
2
3
2
3
3
5
1
4
6
1
7
3
2
2
9
3
2
6
5
5
2
5
4
2
2
5
2
2
4
2
1
3
3
7
4
5
5
5
5
0
2
4
3
1
2
0
4
4
4
6
3
3
8
5
6
5
5
1
3
4
6
6
1
7
4
2
3
3
7
4
7
6
3
10
6
6
4
6
4
5
3
4
2
1
3
5
1
1
7
4
1
5
1
3
0
3
3
9
1
3
3
0
2
3
2
2
6
3
3
3
2
3
2
2
4
4
5
4
5
1
4
4
2
2
3
1
2
0
3
4
3
7
3
5
3
4
6
3
3
3
3
4
3
4
5
4
1
7
4
1
3
3
5
3
2
2
2
3
3
2
1
3
2
1
3
1
5
4
3
3
1
1
5
5
1
1
7
0
5
4
1
5
2
1
4
1
4
1
1
3
2
4
2
2
2
1
4
3
3
4
4
1
4
3
1
3
3
2
3
0
1
1
2
2
5
3
3
4
4
2
4
6
4
0
4
5
1
4
1
4
3
2
3
6
3
4
5
1
5
3
3
1
1
0
5
5
4
4
7
5
0
3
6
4
2
3
4
5
2
3
2
3
8
3
4
5
5
3
1
1
2
5
4
3
2
3
2
7
4
1
6
2
0
5
0
3
5
4
1
5
9
3
3
4
3
3
2
1
2
3
3
4
4
6
1
2
2
3
1
2
2
2
6
6
5
7
2
3
3
5
2
3
5
4
4
6
2
4
3
5
4
5
2
1
3
0
1
7
4
0
3
2
6
2
5
2
3
4
1
1
2
3
4
3
4
3
4
3
4
3
5
4
4
5
2
0
4
1
3
3
5
4
2
4
5
3
6
4
3
4
4
4
4
4
3
2
5
3
3
3
5
3
2
3
0
4
4
2
5
4
4
2
7
0
2
2
3
0
4
1
2
4
5
3
1
4
5
2
3
2
4
2
1
1
6
3
3
3
6
8
4
3
4
3
1
3
0
3
5
5
0
3
1
1
2
5
1
3
2
1
1
2
2
1
2
3
4
1
4
1
3
2
4
1
5
3
0
2
1
1
3
10
1
4
2
5
2
1
3
3
6
7
1
4
5
2
1
3
3
5
5
2
5
3
1
2
5
4
5
4
2
2
4
5
5
3
2
5
2
1
4
3
1
3
4
5
2
0
5
0
2
0
3
2
5
6
2
2
2
2
3
4
3
4
5
2
4
2
6
5
4
7
1
0
5
4
1
3
2
4
7
3
4
2
3
5
2
2
2
3
4
4
4
5
1
1
3
2
3
4
1
2
1
2
1
1
3
5
1
4
1
3
2
3
2
1
4
2
2
5
3
3
4
1
5
3
4
2
0
5
1
2
0
6
5
4
6
1
1
5
3
1
1
3
1
6
2
3
2
3
2
3
2
4
6
2
4
3
1
4
4
5
5
4
2
3
5
1
8
0
4
2
2
7
1
3
1
5
4
3
5
2
5
1
2
4
4
3
4
6
2
3
3
0
5
3
4
5
1
0
6
5
5
2
2
6
5
3
4
2
1
0
2
4
3
3
1
8
3
7
1
3
4
5
0
6
5
5
1
4
1
4
3
0
4
3
2
2
6
3
5
3
2
1
3
5
5
7
1
0
4
6
3
3
4
3
2
2
3
2
3
8
5
1
0
3
2
4
2
2
2
4
3
1
0
2
2
1
4
5
1
1
2
1
1
2
2
3
1
3
1
6
2
3
7
1
3
3
4
1
1
4
4
5
5
5
4
4
3
3
1
1
4
2
4
1
1
1
3
4
4
1
4
6
4
1
3
1
4
3
1
7
0
3
4
3
2
5
2
3
2
5
5
6
3
1
2
2
2
1
2
2
3
1
2
1
3
2
3
4
3
5
1
1
3
4
3
2
4
1
3
4
3
5
3
4
5
0
1
2
4
2
5
3
4
3
8
4
0
3
3
4
4
4
3
1
1
0
2
1
2
3
4
3
2
3
4
2
4
2
3
0
2
2
3
2
3
2
4
5
1
3
4
1
2
4
1
4
1
5
5
0
2
2
1
2
2
2
2
3
3
4
4
5
1
6
0
4
2
5
1
4
2
1
1
5
2
5
2
5
6
3
2
1
2
5
3
1
4
3
1
0
5
2
3
4
2
3
5
6
3
1
4
1
1
5
2
2
5
5
0
3
3
3
1
6
1
3
7
5
6
5
1
4
2
3
4
2
3
4
3
6
4
2
2
3
1
7
0
5
4
3
2
3
4
3
2
4
4
2
3
2
2
3
2
3
3
2
4
3
3
3
6
3
2
2
2
4
2
4
2
1
1
8
1
2
2
2
3
0
3
3
7
5
1
8
3
1
7
9
3
1
4
2
3
3
4
3
9
1
2
2
2
6
7
3
5
2
1
6
3
3
5
2
1
2
6
1
2
3
5
4
3
5
5
8
5
4
1
6
5
6
7
9
1
8
7
3
6
5
7
3
3
7
2
11
4
6
7
5
5
10
3
2
6
4
4
9
6
3
8
8
7
8
4
3
3
6
6
6
5
3
5
3
7
7
5
3
2
4
3
1
3
3
4
3
1
2
1
2
0
4
8
5
6
2
3
6
2
2
2
5
3
1
4
4
4
3
4
6
4
3
1
4
6
1
3
0
5
3
6
2
5
2
1
4
5
2
5
2
5
2
5
0
7
2
3
4
4
5
3
1
4
4
5
1
2
2
4
1
3
6
6
4
6
2
4
4
4
4
2
1
8
3
3
1
1
1
3
0
3
4
2
4
2
4
0
0
4
2
2
6
2
1
2
3
4
2
6
3
0
2
2
3
0
5
3
2
2
5
2
1
3
4
1
2
3
2
4
1
3
1
5
2
4
1
3
4
3
4
3
4
1
2
1
4
2
3
4
3
0
2
3
1
3
3
7
3
2
1
3
4
6
0
2
1
4
5
1
3
1
5
2
1
1
1
2
1
4
2
0
2
1
3
2
6
0
1
1
4
3
5
5
4
3
2
6
1
2
2
2
1
4
4
4
4
2
4
4
3
7
5
5
1
3
2
2
2
3
2
5
3
2
1
0
4
3
3
3
3
0
3
0
3
1
3
2
1
2
0
1
6
4
3
5
1
2
3
1
4
6
5
4
2
2
1
1
3
3
5
3
1
1
2
3
3
5
2
5
2
1
0
3
1
1
1
2
1
2
2
3
2
2
4
5
5
1
5
1
0
2
0
0
2
5
1
3
3
5
3
4
2
4
1
0
4
1
2
1
1
4
2
1
1
4
2
3
1
5
3
3
1
4
2
3
0
3
3
3
5
3
4
4
3
1
4
1
2
6
4
5
0
2
5
3
3
2
8
3
1
1
1
1
0
5
2
7
2
2
1
3
4
2
3
3
1
0
2
2
1
0
3
4
0
0
3
2
1
2
2
4
4
3
4
0
3
1
3
2
1
3
2
2
2
3
4
2
4
5
3
0
2
1
3
3
1
5
4
2
2
3
1
3
3
3
1
2
1
4
1
4
2
1
0
3
1
2
4
3
1
1
7
2
2
6
6
0
4
4
5
1
4
2
6
5
6
3
1
2
6
4
7
3
2
7
0
5
3
4
1
1
2
3
1
3
4
4
5
4
2
4
3
3
4
6
2
2
0
1
2
0
1
4
4
1
1
4
4
4
0
2
2
1
2
0
1
2
2
2
3
2
2
3
3
2
1
1
2
2
6
3
5
2
3
1
4
2
1
2
1
3
1
7
4
0
0
1
2
1
2
1
4
1
2
6
3
1
2
4
5
3
2
2
1
3
2
3
1
3
3
0
4
7
2
2
2
4
1
3
2
2
1
4
3
2
0
3
5
4
2
4
4
1
4
2
1
4
3
0
2
2
0
2
3
3
2
1
3
3
6
1
2
4
3
3
2
5
3
5
2
1
1
2
5
1
1
3
1
4
3
4
1
2
1
4
4
4
1
1
1
3
4
6
2
3
6
0
2
2
4
5
1
2
6
3
1
3
1
4
0
4
5
3
2
1
2
4
5
3
2
2
3
2
4
2
3
2
4
0
1
1
3
1
4
5
1
4
2
3
2
1
5
4
5
1
4
0
3
1
1
8
2
3
3
1
4
1
2
2
2
3
3
2
0
0
4
4
0
1
2
0
2
2
3
3
1
5
0
1
0
5
5
5
10
4
3
8
0
3
3
2
10
2
4
2
3
1
2
2
2
2
2
3
5
4
2
4
4
3
0
2
3
3
5
2
3
2
3
2
1
1
6
3
3
2
1
2
2
9
4
2
1
3
3
1
3
1
1
3
1
1
0
3
2
2
1
5
1
2
1
2
1
4
4
0
4
4
3
1
5
4
2
2
4
3
1
2
0
0
1
4
3
3
4
3
2
7
0
4
2
1
2
2
5
5
4
1
1
2
3
1
3
2
4
2
1
1
3
5
4
1
5
1
1
0
5
1
2
0
3
0
3
0
5
2
6
3
4
0
2
3
4
4
3
2
1
4
5
3
2
1
2
6
0
2
2
1
3
2
3
2
3
1
3
3
5
4
4
1
5
0
4
3
1
4
0
2
2
3
2
1
5
2
2
6
2
7
1
2
4
2
3
3
4
3
4
2
2
1
2
5
5
1
2
2
3
3
0
1
2
3
1
1
4
7
1
1
3
6
2
6
2
2
1
1
1
2
3
1
3
2
5
7
1
4
3
4
4
7
5
3
4
6
4
3
4
3
3
1
1
2
1
7
3
5
1
2
3
2
4
1
3
3
5
2
2
1
2
0
3
4
3
1
0
3
4
2
2
3
4
1
1
3
4
1
2
2
2
1
0
5
1
1
4
1
1
1
5
3
1
2
3
0
1
3
3
2
4
3
2
3
3
5
3
5
3
3
4
3
2
1
3
4
0
3
1
0
2
4
3
4
0
4
1
3
3
4
0
4
2
1
1
4
2
1
1
2
2
2
3
0
4
3
5
4
2
0
0
1
2
1
4
1
2
1
1
1
3
0
4
1
2
2
4
2
2
0
3
2
1
3
4
2
3
0
6
2
2
2
3
2
4
3
2
4
2
2
2
4
1
3
1
4
1
4
1
4
2
4
0
2
3
5
4
2
3
3
1
1
4
2
6
1
0
4
4
2
4
2
3
1
1
4
1
2
2
2
4
3
3
6
2
0
2
2
3
1
3
1
3
3
5
3
1
1
4
5
0
3
2
0
4
5
3
7
1
5
1
6
3
3
2
1
4
7
4
9
5
5
5
3
5
4
3
1
3
4
2
4
4
6
1
3
2
3
2
4
3
7
2
3
4
1
5
2
1
1
1
6
2
4
4
3
7
5
5
4
1
2
4
2
1
3
3
5
3
7
6
2
5
2
5
3
2
3
3
2
3
1
0
5
1
2
6
3
2
2
2
2
5
1
4
2
1
1
6
3
4
4
2
3
6
3
0
2
3
6
1
5
4
0
1
2
5
4
5
3
1
3
2
1
2
2
2
5
1
4
2
0
2
2
5
4
2
1
2
2
0
6
3
3
1
0
3
6
3
1
3
1
5
3
4
5
1
3
0
2
2
3
1
3
0
2
2
3
2
1
3
1
4
0
1
3
1
3
1
2
2
2
0
2
1
6
3
2
1
1
1
4
2
1
1
1
1
2
1
1
0
4
3
3
5
2
2
5
2
3
4
0
1
3
4
2
3
3
3
0
2
2
1
3
2
1
4
2
1
0
1
0
4
0
0
2
1
0
1
1
3
1
1
2
0
0
2
0
2
0
0
3
3
2
3
5
1
0
2
2
2
4
4
2
3
3
2
3
2
3
3
1
1
2
2
4
1
3
1
0
2
1
1
2
2
3
0
2
0
2
1
2
4
2
1
1
5
4
3
1
3
2
1
0
3
0
2
1
2
2
3
0
0
1
1
4
1
1
2
1
1
0
5
0
1
4
3
1
0
3
3
0
2
2
2
2
1
2
2
1
3
1
2
0
2
1
0
2
1
1
2
0
0
3
1
2
3
3
1
1
1
2
1
4
2
2
1
1
3
2
3
2
0
1
2
2
0
1
3
3
1
0
0
1
2
3
2
3
5
1
1
1
4
0
3
4
4
2
1
0
4
2
2
1
3
3
0
1
2
0
3
2
1
2
1
2
3
2
2
2
4
1
3
3
2
1
2
1
3
4
2
2
0
2
1
1
2
0
3
2
4
2
2
1
1
3
1
3
0
4
4
2
4
2
0
1
4
1
0
0
2
0
4
3
4
4
1
2
3
1
2
0
1
4
1
3
0
2
1
2
3
4
4
0
1
3
2
3
1
2
2
2
4
1
4
2
3
5
3
2
4
2
4
1
5
2
1
0
2
3
1
0
2
0
0
6
1
1
2
2
3
1
2
2
0
4
0
1
3
2
2
1
1
2
0
1
3
3
5
2
2
0
3
3
2
2
1
1
1
1
1
0
1
1
0
1
0
0
1
1
2
0
1
3
1
2
2
1
0
1
2
3
1
2
2
3
3
0
1
3
1
0
2
2
1
4
2
0
0
4
1
1
2
0
1
0
0
6
3
2
1
1
2
1
1
2
1
0
1
2
5
2
0
0
0
2
2
3
4
2
0
2
3
2
2
2
3
0
4
1
1
2
0
0
1
1
4
2
2
3
2
1
1
1
2
2
0
2
0
1
1
1
1
2
5
1
3
0
1
2
5
0
0
2
1
3
2
3
4
3
0
2
1
2
0
2
3
1
1
3
3
3
1
3
2
1
0
3
1
1
2
2
2
0
1
2
1
2
3
3
2
1
0
0
3
2
0
1
2
1
1
1
1
2
1
1
2
1
3
1
3
0
1
1
1
0
2
3
4
0
2
2
3
2
0
0
1
1
2
0
0
2
0
6
0
2
2
0
2
1
0
1
1
2
1
1
3
2
2
1
4
1
2
3
2
0
1
1
2
1
0
2
0
1
1
2
1
0
1
3
1
3
2
1
1
2
0
1
0
2
1
4
1
1
1
0
3
2
4
0
1
0
1
3
0
3
1
1
1
2
1
1
1
1
1
1
3
0
3
3
1
3
1
2
1
1
0
0
2
1
0
2
1
2
3
2
0
1
2
5
6
0
2
2
3
2
1
1
0
0
1
2
4
1
0
1
0
2
2
1
1
3
2
2
2
0
1
2
1
1
1
2
0
2
1
1
2
2
0
4
2
3
1
3
4
1
1
2
1
0
0
4
0
1
2
2
0
0
2
1
0
2
1
2
2
1
1
2
1
1
1
1
1
2
2
1
2
0
3
1
0
0
2
0
3
2
4
2
0
1
1
1
2
1
0
2
0
2
1
3
1
0
1
4
2
1
1
0
1
1
0
1
2
4
1
1
2
0
2
0
1
1
1
1
0
1
2
1
3
0
0
0
2
1
1
3
0
1
2
0
3
1
3
3
1
0
0
1
1
1
2
1
0
0
3
0
1
0
2
0
2
3
3
0
1
1
0
0
2
1
3
0
0
0
0
6
0
2
0
2
2
4
1
2
1
0
2
4
0
1
2
2
0
2
3
2
1
2
0
3
2
3
3
1
0
0
1
1
1
0
2
0
0
2
1
3
0
2
0
4
0
0
0
0
1
1
0
1
1
3
1
0
2
0
0
2
1
1
1
0
0
0
3
2
1
1
1
0
1
0
2
1
1
0
0
0
0
0
1
0
2
1
0
5
1
1
0
2
2
1
3
0
1
4
0
0
1
2
1
0
0
2
0
1
3
0
1
1
1
1
3
1
0
1
0
1
0
1
2
1
1
1
3
2
3
2
2
0
1
1
2
0
0
0
1
0
1
2
2
3
0
1
0
2
0
3
0
1
4
2
2
0
2
1
1
1
1
0
3
2
2
2
4
2
1
0
2
0
0
2
0
2
1
1
0
0
0
1
3
0
1
1
1
0
3
1
0
1
1
1
0
2
1
1
1
0
2
0
0
0
0
0
1
0
0
3
1
2
2
0
1
1
0
1
1
3
0
0
0
1
1
2
0
0
2
2
1
0
2
1
1
2
1
0
1
2
1
3
0
1
6
1
2
0
1
0
2
1
0
2
2
0
1
1
0
0
2
1
1
0
1
0
2
0
0
3
2
1
2
1
1
1
0
3
3
1
0
0
1
2
1
1
1
0
3
0
1
2
2
3
2
0
1
0
0
1
1
0
0
1
0
0
1
3
1
0
1
2
3
1
1
0
2
1
0
0
2
0
0
1
4
1
2
1
2
2
0
0
1
0
0
1
0
1
0
1
1
2
2
1
2
0
4
2
0
0
3
1
2
1
0
0
1
0
1
1
1
1
0
1
1
2
1
4
0
1
0
0
0
1
0
1
2
1
1
0
0
2
0
0
2
1
1
1
0
0
0
1
1
1
1
0
0
1
0
0
0
1
2
1
0
1
3
1
3
1
1
1
0
0
1
1
2
1
2
2
1
1
1
0
0
2
0
0
0
1
0
0
4
1
1
2
1
0
1
2
2
2
1
2
0
2
1
1
3
1
1
2
3
0
1
3
3
0
2
1
1
0
2
1
2
0
3
0
0
2
1
1
3
2
1
0
1
0
0
0
2
0
3
1
2
2
2
2
3
0
2
1
4
0
2
0
0
0
2
0
0
0
2
4
4
2
0
1
0
1
0
0
1
1
0
0
0
4
0
1
2
3
0
1
4
1
0
0
2
1
0
1
2
1
2
1
2
2
2
2
2
0
0
1
2
0
0
0
1
1
0
2
1
0
2
1
0
3
1
0
0
1
0
2
1
2
0
1
0
2
1
1
3
0
0
1
1
0
0
0
0
3
0
0
2
1
0
1
1
0
0
2
1
0
0
0
1
1
0
0
3
2
1
0
1
0
2
2
1
2
0
1
0
1
3
0
1
0
1
1
0
1
0
1
1
1
0
0
0
4
3
0
0
1
1
1
1
0
1
0
1
1
0
0
1
0
2
0
1
2
1
1
2
1
1
0
0
0
0
4
0
1
0
4
1
4
0
0
2
1
2
0
0
1
1
0
1
1
0
1
2
0
0
0
1
2
0
2
3
0
1
3
0
0
0
1
0
0
0
3
1
0
0
1
0
3
0
1
0
1
1
0
1
1
0
2
0
0
1
0
0
0
2
0
1
2
0
0
1
0
0
1
0
3
0
5
1
1
4
2
4
2
2
1
2
2
3
1
2
2
4
0
0
5
1
0
0
1
2
2
3
1
2
1
1
0
1
1
3
3
0
0
1
1
0
0
1
2
1
2
2
0
0
1
0
0
3
0
2
0
1
2
1
0
1
0
0
0
2
1
1
0
0
1
1
0
1
0
1
1
1
0
0
0
0
0
1
1
0
2
0
1
1
2
0
0
1
4
2
1
1
0
0
0
0
2
0
0
1
0
1
0
0
2
2
1
2
1
0
0
0
1
1
1
1
0
1
1
0
2
0
0
1
0
1
0
1
1
0
1
0
0
1
0
1
2
1
1
0
0
1
2
0
0
0
0
0
1
0
0
0
2
2
1
0
1
0
4
0
1
1
3
1
3
0
0
0
3
0
2
0
0
2
1
1
0
2
2
1
1
0
2
0
1
0
1
0
1
2
0
0
0
0
0
1
2
1
2
1
0
1
0
1
0
0
0
1
2
3
0
0
0
1
0
0
0
1
0
0
1
0
0
0
2
2
1
1
0
1
0
1
3
1
0
0
1
1
0
0
0
1
0
2
2
1
1
1
0
1
0
0
0
1
0
0
3
2
1
0
1
1
0
3
0
1
0
1
1
1
0
2
0
1
1
1
1
0
0
0
0
1
2
1
1
0
1
1
4
1
0
1
2
0
1
0
1
1
2
1
2
1
1
0
0
2
1
1
0
1
0
0
2
1
0
3
1
1
1
0
0
2
0
0
0
3
2
2
3
0
0
3
2
0
2
2
0
2
1
0
4
0
0
1
1
1
1
0
1
1
0
1
0
4
1
0
1
0
0
1
0
0
1
3
0
0
2
1
0
1
3
0
1
0
1
0
0
3
1
1
1
2
1
2
0
0
0
0
3
0
0
0
0
0
0
2
1
1
3
1
0
0
1
0
1
0
1
0
0
2
1
2
1
1
2
1
1
1
0
1
0
2
3
0
1
0
2
3
1
0
1
0
1
1
1
0
0
0
1
2
0
1
3
1
0
1
0
1
0
0
3
1
1
0
0
1
1
1
0
1
1
0
1
0
0
0
1
1
1
2
1
2
1
2
1
1
0
1
0
1
0
0
2
0
0
0
1
1
2
0
0
3
1
0
2
1
0
0
2
1
2
5
1
2
3
0
0
0
1
2
2
1
0
0
3
0
2
1
4
0
3
0
3
3
2
3
5
4
2
1
1
6
3
3
5
3
4
10
2
3
4
4
7
9
8
9
4
11
8
9
7
11
12
10
11
11
7
7
7
8
10
12
16
17
8
9
17
17
10
8
19
10
16
14
5
10
14
14
15
8
15
13
8
22
17
10
15
13
16
10
10
11
11
12
15
12
9
13
12
7
16
9
9
14
9
13
5
7
14
9
5
10
5
9
8
11
15
7
9
10
9
10
9
6
2
4
6
6
6
6
4
6
2
2
6
4
7
4
5
2
6
1
3
4
3
3
3
3
6
1
1
4
2
3
0
3
5
2
2
1
2
1
0
7
2
2
2
1
0
1
1
1
2
0
0
1
1
2
0
0
1
0
1
1
2
0
0
1
2
0
1
1
0
1
4
1
2
0
2
0
0
0
1
0
0
1
0
1
0
0
0
0
1
0
1
0
1
1
1
0
1
0
0
1
1
0
0
0
0
0
1
0
0
1
1
0
0
0
0
0
1
0
0
3
1
1
3
1
0
0
0
0
0
1
2
0
1
1
1
0
0
2
0
1
0
2
0
0
0
0
1
0
0
0
0
2
0
0
1
0
0
0
0
0
0
1
2
0
1
1
0
0
1
1
2
2
2
0
0
1
0
0
2
1
1
1
0
2
0
1
0
0
0
1
2
0
3
1
0
0
0
1
0
0
2
2
1
0
1
1
1
2
0
0
1
0
0
0
0
1
2
0
1
0
0
0
0
0
0
1
1
0
1
0
0
0
2
0
0
0
2
3
0
0
2
1
2
0
1
1
1
0
1
2
0
0
2
0
0
0
0
1
0
0
1
0
1
4
0
1
2
0
2
3
0
0
0
0
0
1
1
0
0
2
0
0
0
1
0
2
0
0
0
1
0
0
1
0
0
0
0
0
1
2
0
1
0
0
2
1
0
0
0
0
0
0
0
0
0
0
0
0
0
0
0
1
0
0
0
1
1
0
1
1
0
0
1
1
1
0
0
0
1
0
2
0
0
0
1
1
1
0
0
0
0
2
0
1
1
0
1
0
0
0
0
0
2
2
0
0
1
1
0
0
1
1
0
0
0
1
0
2
1
1
0
1
0
1
1
1
0
2
0
0
1
0
1
1
0
1
0
0
0
1
0
2
0
0
0
1
0
2
1
1
0
0
1
2
1
0
1
1
0
2
0
2
1
1
1
0
0
0
2
2
0
1
1
1
0
0
0
0
1
0
0
0
1
0
1
1
0
1
0
0
0
1
1
1
1
1
1
3
1
0
0
0
1
4
1
2
2
2
1
0
0
0
0
0
0
1
0
0
0
0
1
1
0
0
0
1
0
0
0
2
0
2
0
0
0
0
1
2
0
0
3
1
1
0
0
0
1
0
1
0
1
1
1
0
2
0
1
0
0
1
0
0
0
1
2
1
0
0
0
0
0
1
0
1
0
0
0
1
0
0
1
0
0
2
0
0
0
0
1
0
0
2
0
0
0
1
1
0
0
0
0
2
0
1
0
0
1
1
1
0
0
0
0
1
0
1
1
0
0
0
0
0
0
0
1
1
0
0
0
0
0
0
0
0
0
2
1
1
0
0
0
2
0
0
3
2
0
3
0
0
0
0
0
1
0
0
1
1
0
1
0
0
1
1
1
2
0
0
1
1
0
0
1
0
1
1
0
1
1
1
0
0
0
1
2
0
4
1
1
0
0
1
0
0
0
0
0
0
1
2
1
0
1
0
2
0
1
0
0
0
1
1
1
0
3
0
0
0
0
0
0
0
2
0
0
0
0
2
0
1
0
0
0
1
0
1
0
1
0
0
0
0
1
0
0
2
2
0
0
2
1
0
0
0
1
0
0
0
1
0
0
0
0
1
0
0
1
0
0
0
0
0
0
0
0
0
1
0
0
1
2
0
1
1
0
0
0
1
1
0
0
0
0
0
0
1
1
0
2
0
1
0
0
0
1
0
0
1
1
3
0
0
0
0
0
1
1
0
2
1
0
1
1
1
0
0
0
0
0
0
0
1
2
1
0
0
0
0
0
1
2
0
1
1
0
0
0
0
0
0
0
0
0
1
0
0
0
0
0
0
0
0
0
0
0
1
0
0
0
2
0
1
0
0
0
0
1
0
0
1
0
0
0
0
0
1
0
0
1
0
1
0
0
1
0
1
0
0
0
0
0
1
0
0
1
1
1
0
0
0
0
0
0
1
0
1
0
0
0
0
0
1
1
0
0
1
0
0
0
0
1
1
0
1
1
0
1
0
0
0
2
0
1
0
0
0
0
1
1
0
0
0
1
1
0
0
0
1
1
0
1
0
0
0
1
0
0
0
0
0
1
0
0
0
0
0
0
0
0
0
0
0
0
0
0
0
0
0
0
0
0
0
0
0
0
0
0
0
0
0
0
0
0
0
0
0
0
0
0
0
0
0
0
0
0
0
0
0
0
0
0
0
0
0
0
0
0
0
0
0
0
0
0
0
0
0
0
0
0
0
0
0
0
0
0
0
0
0
0
0
0
0
0
0
0
0
0
0
0
0
0
0
0
0
0
0
0
0
0
0
0
0
0
0
0
0
0
0
0
0
0
0
0
0
0
0
0
0
0
0
0
0
0
0
0
0
0
0
0
0
0
0
0
0
0
0
0
0
0
0
0
0
0
0
0
0
0
0
0
0
0
0
0
0
0
0
0
0
0
0
0
0
0
0
0
0
0
0
0
0
0
0
0
0
0
0
0
0
0
0
0
0
0
0
0
0
0
0
0
0
0
0
0
0
0
0
0
0
0
0
0
0
0
0
0
0
0
0
0
0
0
0
0
0
0
0
0
0
0
0
0
0
0
0
0
0
0
0
0
0
0
0
0
0
0
0
0
0
0
0
0
0
0
0
0
0
0
0
0
0
0
0
0
0
0
0
0
0
0
0
0
$ROI:
0
0
$PRESETS:
Live Time
0
0
