$SPEC_ID:

$SPEC_REM:
DET# 1
DETDESC# MCB 25
AP# ORCA (11.0h)
$DATE_MEA:
2017-08-13 06:52:13 +0000
$MEAS_TIM:
3403.74 4320.00
$DATA:
0 16383
0
0
0
0
0
0
0
0
0
0
0
0
0
0
0
0
0
0
0
0
0
0
0
0
0
0
0
0
0
0
0
0
0
0
0
0
0
0
0
0
0
0
0
0
0
0
0
0
0
0
0
0
0
0
0
0
0
0
0
0
0
0
0
0
0
0
0
0
0
0
0
0
0
0
0
0
0
0
0
0
0
0
0
0
0
0
0
0
0
0
0
0
0
0
0
0
0
0
0
0
0
0
0
0
0
0
0
0
0
1
2
33
1319
9105
16786
16903
15303
14310
13909
13810
13724
13936
14047
14353
14523
14849
15106
14984
15136
15418
15308
15351
15503
15711
15709
15590
15622
15581
15622
15503
15240
15608
15420
15321
15193
15084
15109
15150
15148
15009
14896
14772
14731
14739
14901
14607
14457
14359
14722
14425
14566
14493
14399
14321
14639
14422
14208
14168
13998
14104
14178
13979
14018
14034
14057
13965
13889
13863
13974
13950
13862
13638
13793
13800
13691
13706
13810
13654
13708
13441
13522
13410
13583
13531
13304
13435
13454
13324
13281
13293
13292
13026
13183
13159
13072
13103
13123
13165
12883
13030
13035
12906
13004
12986
12972
12774
12821
12936
12797
12961
12775
12870
12653
12793
12825
12869
12809
12651
12747
12339
12664
12655
12572
12630
12370
12600
12579
12453
12473
12590
12398
12548
12361
12529
12552
12413
12413
12257
12325
12356
12323
12166
12472
12160
12307
12402
12220
12081
12090
12232
12129
12127
12267
12163
11983
11896
11898
11884
11893
11912
11998
11998
12094
11988
12143
11914
11923
11842
11787
11723
11821
11803
11671
11797
11531
11652
11903
11668
11757
11859
11595
11677
11735
11644
11792
11642
11281
11467
11661
11542
11669
11474
11645
11616
11649
11484
11365
11464
11491
11481
11392
11341
11557
11525
11337
11324
11303
11441
11395
11354
11449
11225
11361
11296
11150
11511
11045
11409
11296
11471
11244
11363
11084
11302
11213
11203
11283
11027
11033
11137
11073
11146
11171
11031
11255
11235
11179
10864
11076
11061
11236
11223
10927
10905
10867
10923
10896
10897
11098
10921
11060
10889
10999
11061
10780
11226
10816
10823
10794
10889
10965
11047
11023
11086
10620
10870
10832
10938
10928
11047
10895
10929
10849
10743
10761
10600
10558
10791
10670
10666
10666
10725
10584
10734
10762
10441
10719
10657
10879
10685
10625
10527
10660
10536
10879
10622
10607
10513
10822
10537
10576
10574
10594
10784
10655
10502
10586
10619
10721
10502
10644
10616
10390
10445
10659
10483
10405
10422
10408
10286
10452
10562
10408
10430
10480
10288
10688
10285
10284
10601
10436
10349
10369
10288
10477
10462
10426
10369
10372
10332
10368
10280
10382
10363
10317
10250
10430
10226
10144
10411
10241
10191
10171
10228
10343
10174
9935
10038
10296
10092
10269
10292
10022
10099
10267
10133
10121
10021
10315
9909
10231
10015
10312
10207
10224
10186
10282
10157
10039
10164
9963
10064
10049
10093
10038
10103
10029
10095
10092
10251
10042
10019
10000
9998
10017
9897
10034
9918
9967
10018
10011
9962
9953
9858
9907
9995
10036
9957
10006
9903
9965
9915
9758
9721
9977
9881
9834
9973
9647
9892
9864
9791
9972
9922
9816
9914
9819
9894
9888
9909
9683
9897
9826
9733
9873
9789
9962
9783
9791
9760
9910
9870
9616
9718
9789
9706
9831
9868
9675
9831
9799
9538
9735
9638
9621
9677
9753
9615
9550
9663
9616
9619
9706
9600
9652
9757
9664
9628
9667
9492
9611
9476
9410
9709
9568
9414
9567
9387
9473
9570
9546
9575
9527
9695
9636
9443
9433
9506
9555
9509
9351
9563
9354
9259
9498
9509
9421
9484
9316
9477
9560
9469
9370
9320
9345
9481
9411
9511
9486
9336
9449
9435
9317
9384
9387
9422
9480
9345
9420
9234
9341
9427
9497
9363
9298
9369
9343
9135
9227
9430
9359
9226
9414
9452
9480
9353
9194
9225
9299
9168
9253
9330
9288
9298
9177
9436
9247
9137
9238
9205
9286
9165
9166
9235
9291
9299
9284
9260
9102
9083
9276
9161
9367
9421
9429
9316
9254
9196
9243
9369
9147
9472
9215
9213
8892
9410
9129
9263
9202
9352
9168
9073
9228
9176
9176
9273
9195
9153
9103
9171
9310
9073
9072
9130
9224
9015
9197
9155
9122
9199
9165
9001
9226
8959
9146
9187
9110
9207
9193
9086
9222
9257
9268
9180
9125
9103
9087
9385
9120
9089
9070
9165
9298
9196
8841
9267
9197
9087
9259
9133
9223
9234
9177
9203
8928
9153
9287
9280
9044
9182
9179
9200
9071
9146
9031
9045
9099
9099
9350
9200
9054
9227
9164
9358
9227
9244
9104
9166
9138
9192
9291
9385
9418
9250
9466
9346
9373
9331
9397
9549
9495
9365
9611
9512
9596
9584
9688
9856
9659
10102
9913
9991
10147
10103
10333
10470
10451
10807
10512
11006
10702
11045
10976
11501
11362
11516
11487
11671
11802
11850
12043
11808
12081
12119
12269
12367
12546
12551
12875
12775
13022
12844
13145
12784
12993
13049
13363
13145
13262
13359
13517
13480
13680
13839
13917
14030
14099
14074
14178
14369
14250
14616
14646
14637
15289
15216
15322
15930
16086
16136
16235
16344
16180
15951
16091
15797
15564
15453
15349
15046
14775
14705
14400
14199
14224
13951
13714
13677
13355
12900
13110
12780
12505
12372
11985
11937
11697
11609
11373
11149
10882
10817
10741
10567
10353
10075
10188
9853
9900
9459
9421
9587
9394
9449
9350
9230
9176
9027
9016
9066
8983
8946
8944
8833
8889
8870
8646
8740
8924
8813
8796
8677
8897
8605
8513
8759
8813
8728
8661
8748
8751
8909
8748
8780
8849
8942
8966
8695
8950
8774
9039
8740
8788
8860
8730
8890
8875
8867
9047
8800
8846
8982
8886
8872
8854
8788
8882
8900
8944
9029
9016
8875
9068
8953
8878
9021
8778
9039
9143
8939
8898
9019
9114
9066
8987
8938
9036
9124
9066
9257
9016
9056
9261
9021
9016
9060
9159
8976
9038
9083
9305
9038
9134
9051
9230
9178
9148
9281
9065
9284
9331
9230
9429
9141
9303
9110
9361
9191
9329
9440
9280
9447
9292
9318
9356
9359
9250
9473
9241
9259
9454
9393
9564
9310
9333
9573
9387
9427
9501
9432
9428
9426
9623
9503
9483
9373
9692
9609
9570
9646
9543
9719
9581
9594
9501
9776
9749
9636
9685
9594
9825
9696
9732
9834
9668
9729
9621
9806
9727
9676
9760
9791
9654
9838
9727
9821
9892
9895
9819
9852
9964
9765
9836
9767
9925
10045
9890
9889
9836
9866
9883
9941
9707
9984
9947
10001
10100
10098
9895
10229
10181
9858
10109
9997
10016
10063
10025
10160
10173
10081
10065
9850
10050
10083
10050
10213
10170
10214
10341
10162
10311
10226
10022
10289
10396
10282
10291
10315
10334
10392
10228
10612
10172
10361
10263
10390
10381
10418
10279
10344
10461
10280
10324
10543
10498
10350
10514
10356
10378
10444
10519
10422
10417
10367
10415
10423
10576
10610
10498
10410
10333
10509
10548
10352
10678
10530
10590
10481
10489
10611
10679
10536
10502
10828
10671
10674
10745
10740
10694
10541
10569
10704
10718
10734
10762
10817
10595
10644
10813
10691
10711
10658
10713
10937
10811
10833
10809
10767
10922
10910
10870
10884
10812
10911
10842
10894
10857
10892
10944
11007
11005
10959
10838
10940
10994
11023
10977
10995
10911
11063
10852
11024
11003
10917
10994
11047
11018
11039
11106
11084
11033
11092
11016
11150
10995
11087
11252
11121
10909
11020
10977
11170
11121
11136
11107
11161
11165
11162
11264
11271
11296
11233
11048
11202
11121
11153
11266
11402
11400
11208
11196
11347
11243
11381
11272
11448
11462
11243
11283
11448
11358
11315
11379
11254
11405
11254
11334
11388
11228
11266
11489
11394
11612
11327
11424
11435
11556
11598
11587
11531
11473
11643
11312
11399
11466
11491
11482
11453
11475
11637
11482
11571
11551
11557
11530
11621
11717
11517
11547
11876
11789
11626
11577
11734
11581
11709
11758
11861
11782
11550
11774
11741
11586
11750
11775
11817
11683
11842
11732
11806
11807
11674
11802
11956
11946
11763
11708
11753
11781
11896
11820
11939
11895
11999
12096
11788
12044
11860
12179
11891
12086
12036
12125
11897
11905
12049
11977
12064
11995
12034
11981
12000
11969
12191
11964
11929
12228
12234
12094
12085
12116
12123
12160
12152
11999
12198
12070
12121
12409
12137
12264
12311
12254
12269
12182
12144
12290
12301
12116
12386
12456
12426
12603
12027
12533
12508
12347
12326
12396
12327
12466
12352
12475
12504
12515
12300
12422
12652
12297
12482
12492
12760
12354
12592
12384
12573
12790
12642
12757
12746
12656
12663
12606
12738
12750
12849
12866
12816
12729
12774
12879
12840
12737
13054
12949
12972
12750
12787
13064
12845
12902
12949
13107
13048
13232
12879
12940
12904
13089
13050
13043
12938
13059
13327
13032
13173
13145
13213
13289
13335
13113
13395
13031
13276
13291
13420
13097
13279
13524
13134
13244
13168
13345
13274
13326
13595
13448
13298
13360
13527
13479
13386
13665
13662
13622
13416
13451
13677
13758
13548
13808
13788
13483
13640
13672
13612
13681
13656
13701
13605
13697
13536
13671
13751
13827
13865
13809
13758
13618
13676
13791
13702
13899
13688
13657
13880
13788
13984
13949
13877
13745
13758
13926
13628
13915
14033
14058
14135
14052
13930
13822
13911
14011
14050
14205
14112
14055
14134
13930
13925
14244
14133
14030
14239
14221
13925
14309
14265
14393
14247
14274
14333
14264
14357
14303
14505
14197
14293
14207
14431
14400
14498
14310
14726
14604
14282
14575
14357
14595
14528
14750
14749
14716
14514
14863
14632
14825
14814
14752
14838
14846
14870
14981
14877
14917
14998
14729
14855
15001
14935
15121
15100
15156
15056
15109
14993
15154
15076
15207
15109
15363
15323
15071
15256
15254
15293
15146
15387
15063
15553
15506
15053
15188
15377
15484
15216
15274
15362
15424
15205
15383
15473
15414
15273
15258
15516
15375
15180
15445
15423
15420
15410
15246
15113
15098
15579
15308
15308
15297
15398
15592
15502
15470
15511
15213
15240
15472
15701
15687
15677
15411
15661
15790
15493
15736
15562
15739
15492
15765
15500
15743
15732
15728
15540
15836
15707
15700
15706
15751
16065
15797
15608
15910
15996
15776
15951
15890
15895
15805
15810
15910
15684
15723
15695
16070
15742
16037
16005
15894
16045
15951
16131
16119
15953
16211
15850
16281
16234
16190
16331
16122
16361
16183
16124
16178
16345
15922
15897
15930
15860
15739
15630
15986
15460
15312
15681
15534
15379
15375
15433
15524
15405
15323
14993
15124
15111
15169
14926
15113
14980
14819
14791
14895
14900
14679
14541
14618
14867
14680
14358
14491
14375
14588
14309
14264
14419
14447
14476
14269
14282
14210
14164
14315
14200
14231
14196
14085
14225
14120
14252
14106
14032
14276
14161
13933
14145
14070
13895
13953
13962
14091
14096
14051
13942
14000
14008
14034
13940
13847
14109
13810
13903
13720
13853
14060
13835
13849
13842
13781
13742
14128
13985
13753
13834
13801
14161
13665
13894
13717
13567
13715
13617
13531
13565
13845
13666
13797
13577
13771
13781
13633
13764
13809
13674
13562
14001
13624
13589
13626
13580
13527
13558
13678
13743
13658
13555
13370
13383
13483
13472
13479
13478
13568
13493
13426
13564
13715
13358
13661
13303
13413
13637
13531
13559
13461
13442
13338
13474
13442
13526
13234
13421
13362
13335
13435
13274
13327
13603
13418
13390
13436
13200
13397
13442
13224
13154
13415
13273
13429
13350
13335
13428
13459
13279
13466
13417
13476
13253
13352
13441
13328
13273
13386
13422
13464
13225
13224
13154
13385
13290
13078
13281
13285
13000
13035
13198
13265
12935
13208
13128
13259
13000
13345
13186
12882
13142
13077
13371
13102
13050
12970
13068
13099
13314
13131
13127
13344
13141
12945
13003
13260
13166
13122
12899
13128
13145
13117
12868
13169
13156
13045
13159
13138
12993
12916
13112
12947
12917
12829
12900
13112
13267
13053
12991
13097
13068
12928
12945
12948
12729
12828
13006
13022
12929
13204
12732
13101
13013
12963
12986
13122
13011
12974
12965
13021
12736
13048
13033
12961
13009
12835
12745
12749
12687
12793
12982
12974
12771
12800
12823
12755
12872
13014
12852
12681
12864
12696
12906
12688
12646
12756
13021
12715
12723
12723
12922
12849
12798
12955
12836
12686
12598
12666
12764
12753
12779
12687
12780
12676
13083
12585
12728
12624
12736
12727
12730
12791
12758
12748
12821
12844
12692
12680
12390
12526
12449
12639
12779
12646
12533
12615
12568
12630
12547
12664
12513
12740
12610
12625
12706
12534
12714
12822
12717
12455
12524
12594
12638
12685
12638
12557
12586
12672
12479
12699
12682
12571
12714
12470
12582
12540
12638
12597
12488
12425
12580
12629
12474
12529
12354
12492
12532
12396
12419
12344
12569
12397
12461
12494
12659
12561
12668
12344
12492
12405
12365
12405
12406
12332
12416
12584
12335
12421
12329
12501
12417
12246
12217
12363
12434
12398
12349
12465
12365
12306
12205
12386
12197
12165
12441
12347
12273
12335
12121
12261
12207
12221
12298
12324
12258
12368
12338
12162
12102
12180
11941
12210
12132
12313
12352
12153
12028
12278
12079
12004
12118
12107
11671
11931
11961
11926
11909
12044
11900
11696
11880
11797
11606
11710
11830
11744
11543
11652
11714
11693
11594
11583
11561
11568
11471
11530
11318
11482
11566
11544
11418
11342
11609
11256
11294
11364
11148
11312
10955
10982
11145
11016
10919
11001
11180
10864
10753
10794
10979
10864
10871
10844
10740
10824
10700
10672
10623
10728
10732
10528
10409
10499
10434
10573
10296
10625
10366
10400
10312
10233
10454
10112
10369
10311
10094
10153
10276
9982
10055
10034
9997
10136
10055
10012
9908
9882
10027
9804
9842
9851
9992
9886
9771
9795
9770
9703
9839
9794
9711
9894
9683
9746
9660
9934
9651
9648
9494
9401
9794
9555
9520
9638
9341
9483
9593
9486
9464
9538
9474
9410
9453
9390
9273
9546
9352
9398
9472
9352
9378
9231
9238
9191
9437
9172
9381
9191
9356
9302
9276
9098
9193
9192
9326
9236
9346
9211
9176
9227
9127
9256
9190
9047
9036
9156
9334
9210
9285
9144
9186
8995
9052
9104
9324
9226
9179
9389
9180
9048
9246
9277
9231
9321
9248
9384
9178
9086
9218
9366
9277
9229
9365
9335
9497
9356
9224
9399
9293
9362
9289
9388
9325
9146
9468
9237
9491
9186
9467
9144
9448
9248
9158
9339
9312
9367
9411
9516
9287
9579
9372
9580
9452
9444
9413
9638
9391
9402
9566
9505
9588
9543
9374
9408
9488
9514
9544
9490
9224
9273
9398
9234
9202
9166
8856
8941
9134
8823
8985
8821
8828
8657
8706
8574
8629
8578
8523
8598
8545
8452
8435
8419
8478
8521
8351
8423
8351
8415
8296
8294
8264
8103
8007
8051
8184
8170
8086
7948
8134
8087
8066
8213
8076
8038
8032
8043
8011
8096
7968
7961
8046
8011
7947
7952
7873
8026
7931
7981
7999
7855
7997
8001
7978
7922
7952
7674
7734
7852
7714
8005
7792
7777
7947
7809
7749
7922
7892
7900
7780
7752
7624
7710
7747
7655
7690
7561
7641
7588
7682
7672
7622
7393
7625
7451
7616
7427
7613
7587
7548
7423
7475
7590
7507
7547
7643
7710
7513
7624
7602
7453
7583
7457
7506
7589
7338
7401
7404
7472
7467
7299
7527
7546
7473
7433
7464
7427
7321
7455
7401
7364
7376
7380
7327
7296
7286
7375
7472
7411
7385
7269
7387
7367
7355
7293
7197
7464
7375
7156
7254
7175
7199
7357
7142
7093
7306
7051
7444
7135
7220
7168
7255
7323
7163
7240
7232
7276
7149
7372
7215
7095
7199
7023
7227
7187
7115
7043
7182
7086
6983
7166
7063
6992
7055
6997
7005
7055
6900
7245
7085
6976
6925
7092
7025
7060
7071
7028
6968
6823
6843
6932
6978
7028
6995
6947
7017
6997
6926
6820
7052
6967
6981
6834
6911
6892
6878
6879
6944
6786
7038
6684
6975
7013
6810
6831
6820
6702
6906
6907
6956
6828
6812
6922
6872
6675
6881
6801
6740
6691
6879
6690
6910
6644
6818
6811
6700
6782
6930
6772
6791
6719
6671
6645
6883
6623
6644
6644
6650
6755
6612
6686
6785
6659
6702
6651
6825
6721
6588
6631
6714
6677
6564
6533
6699
6597
6650
6717
6621
6595
6507
6652
6608
6489
6673
6646
6555
6572
6614
6562
6667
6673
6573
6544
6632
6541
6653
6554
6481
6598
6461
6517
6665
6653
6626
6531
6664
6496
6617
6493
6520
6382
6345
6458
6465
6466
6472
6568
6344
6459
6629
6456
6503
6546
6436
6456
6439
6406
6544
6414
6467
6547
6412
6448
6303
6524
6450
6368
6498
6484
6383
6226
6303
6311
6367
6331
6283
6334
6382
6423
6537
6343
6354
6240
6427
6374
6304
6406
6268
6294
6402
6472
6242
6200
6300
6252
6466
6424
6300
6244
6241
6320
6240
6146
6145
6269
6111
6248
6092
6371
6238
6356
6227
6276
6221
6199
6206
6309
6191
6114
6059
6342
6233
6250
6241
6265
6178
6174
6232
6212
6235
6159
6194
6222
6136
6142
6293
6218
6049
6125
6113
6173
6058
6276
6251
6253
6037
6011
6128
6034
6150
6133
6172
6000
6175
6185
6013
6152
6153
6148
6083
6024
6149
6104
5912
6108
6078
5885
6145
6160
6100
6139
5990
5981
6043
6040
6045
6098
5982
5997
6010
6138
6097
6066
5995
6146
6055
6132
6001
6146
6008
6074
6185
6153
6229
6195
6216
6141
6140
6280
6361
6322
6332
6540
6565
6723
6777
6665
6895
6905
6998
7232
7354
7562
7623
7717
7929
8293
8382
8521
8605
8752
9069
9290
9670
9699
9975
10228
10355
10737
10843
11128
11303
11459
11730
11910
11969
12280
12312
12583
12817
13229
13183
13218
13361
13918
13820
14004
14248
14586
14582
14817
14811
14889
15156
15448
15664
15845
16004
16398
16821
17012
17323
17607
17886
18273
18562
18817
18979
19341
19503
19480
19718
19579
19999
19346
19536
19057
18927
18558
18052
17657
17305
17433
16614
16159
15637
15258
14857
14536
13767
13117
12884
12421
11701
11347
11165
10797
10353
9927
9524
9159
8901
8600
8375
8109
7533
7511
7400
7175
6965
6848
6599
6631
6272
6205
6075
5859
6065
5963
5774
5728
5641
5687
5642
5680
5603
5629
5416
5411
5451
5541
5388
5362
5218
5200
5514
5318
5283
5354
5267
5304
5234
5369
5323
5132
5346
5292
5230
5322
5316
5158
5252
5200
5171
5354
5177
5317
5210
5343
5263
5196
5197
5235
5246
5280
5269
5178
5335
5309
5230
5277
5083
5221
5266
5152
5129
5236
5244
5108
5209
5210
5245
5187
5156
5219
5065
5168
5275
5125
5237
5202
5225
5173
5217
5128
5306
5285
5206
5220
5202
5207
5191
5286
5311
5135
5145
5017
5014
5108
5148
5158
5192
5204
5197
5192
5139
5092
5180
5255
5133
5212
4986
5050
5233
5214
5236
5139
5147
5129
5077
5158
5204
5104
5129
5046
5201
5182
5204
5231
5111
5219
5114
5288
5152
5048
5132
5141
5210
5101
5128
5167
5124
5079
5290
5172
5301
5160
5040
5263
5331
5281
5249
5255
5217
5374
5380
5350
5376
5498
5478
5548
5671
5678
5904
5930
6053
6277
6295
6482
6704
7010
7289
7324
7661
7930
8283
8710
8885
9256
9708
10017
10411
10926
11163
11915
12297
12647
13468
13639
14178
14945
15452
15832
16365
16726
17469
17978
18452
19073
19419
19759
20505
21149
21693
21680
22229
22697
23066
23588
23837
24499
25055
24942
25771
26202
26090
26550
27181
27868
28121
28852
29336
29854
30573
31367
31630
32519
33319
34149
35038
35372
36151
36997
37221
37487
37758
37625
37947
37278
37429
36617
36656
35856
35214
34041
32988
32810
31132
30416
29360
28424
26936
26124
24762
23850
22605
21510
20266
19176
18406
17380
16349
15684
14603
13758
13028
12038
11471
10975
10198
9542
9166
8549
8084
7803
7406
7013
6643
6377
6028
5852
5592
5509
5231
5253
5140
4778
4833
4656
4565
4436
4389
4421
4404
4312
4348
4312
4156
4232
4138
4165
4106
4028
4168
4083
4083
3979
4034
4066
4014
4026
4073
3903
3917
3894
4036
4010
3993
3917
4026
3891
3972
3919
3998
3971
3794
3929
3869
3776
3934
3942
3839
3935
3769
3828
3869
3981
3817
3872
3863
3817
3831
3981
3730
3944
3906
3853
3898
3814
3836
3869
3802
3788
3864
3886
3806
3857
3928
3895
3847
3783
3841
3872
3957
3742
3787
3755
3807
3797
3809
3792
3902
3667
3814
3881
3830
3805
3726
3778
3709
3677
3808
3787
3845
3841
3768
3738
3709
3780
3782
3727
3766
3719
3788
3665
3755
3709
3775
3712
3660
3665
3763
3724
3768
3654
3734
3657
3827
3698
3703
3743
3703
3721
3680
3780
3766
3655
3772
3754
3740
3864
3699
3768
3636
3656
3773
3687
3659
3687
3713
3650
3641
3688
3667
3631
3746
3836
3697
3701
3621
3662
3664
3636
3655
3744
3810
3707
3720
3675
3571
3702
3671
3691
3717
3645
3683
3714
3548
3532
3561
3554
3717
3778
3638
3641
3688
3628
3594
3618
3684
3558
3621
3612
3633
3732
3656
3638
3691
3681
3677
3636
3572
3720
3655
3649
3642
3635
3709
3594
3612
3617
3610
3604
3584
3582
3597
3554
3634
3590
3537
3568
3550
3633
3492
3676
3635
3612
3664
3555
3521
3500
3497
3558
3505
3644
3626
3545
3552
3509
3553
3546
3592
3424
3640
3530
3571
3547
3563
3650
3615
3635
3597
3540
3632
3524
3604
3575
3641
3549
3514
3549
3502
3663
3509
3562
3537
3444
3475
3500
3482
3525
3519
3554
3528
3599
3579
3507
3607
3593
3578
3536
3503
3563
3499
3570
3552
3481
3518
3576
3564
3534
3607
3533
3398
3479
3528
3401
3563
3494
3478
3443
3572
3535
3675
3439
3581
3478
3562
3538
3556
3505
3357
3481
3441
3502
3614
3516
3531
3472
3467
3552
3483
3446
3481
3511
3453
3532
3391
3522
3506
3448
3515
3461
3565
3437
3580
3651
3542
3438
3542
3543
3532
3558
3566
3562
3458
3504
3509
3371
3504
3422
3515
3597
3496
3557
3515
3482
3529
3491
3569
3527
3460
3484
3464
3482
3562
3602
3437
3571
3617
3630
3413
3515
3391
3564
3484
3499
3593
3603
3627
3594
3594
3503
3643
3493
3529
3669
3519
3602
3697
3614
3603
3525
3661
3592
3750
3589
3492
3540
3657
3636
3716
3647
3619
3598
3667
3754
3711
3702
3734
3721
3684
3763
3705
3840
3791
3826
3933
3897
3883
3870
3927
3979
4049
4036
4142
4159
4320
4426
4599
4680
4897
4948
5280
5663
5949
6081
6641
6962
7382
7868
8310
9075
9911
10540
11219
11934
12798
13783
14700
15730
17103
18451
19121
20443
21994
23295
24612
26213
27184
28979
30913
31829
33525
35041
36334
38135
39768
41074
42478
44370
46068
47233
48814
50162
51934
53269
54454
55577
56910
58553
59587
61151
62121
63971
64997
65923
67172
68216
69840
70770
72549
74554
75689
76999
79213
81203
82655
84549
86798
89077
89961
91801
94663
95341
95978
97225
97527
97607
97975
97120
96342
95638
93266
91941
89602
87750
85416
82606
79683
76579
73574
70920
67746
63994
61147
57865
54646
51187
48558
45565
42370
39606
37075
34057
31972
29367
27261
25287
23118
21150
19347
17566
16349
14853
13306
12240
11136
10009
9262
8445
7702
7023
6449
5730
5436
4985
4608
4318
3890
3594
3324
3219
2988
2751
2732
2574
2381
2262
2279
2101
2070
2000
1867
1916
1780
1804
1724
1783
1711
1670
1566
1601
1570
1606
1524
1546
1477
1479
1434
1388
1436
1469
1414
1406
1424
1376
1424
1360
1378
1422
1458
1209
1302
1355
1336
1333
1347
1304
1362
1312
1348
1332
1311
1312
1361
1241
1341
1248
1222
1252
1312
1233
1230
1248
1273
1235
1233
1262
1208
1241
1220
1185
1214
1232
1168
1212
1173
1269
1274
1264
1247
1136
1279
1211
1195
1202
1197
1237
1175
1203
1179
1175
1177
1157
1204
1255
1146
1094
1161
1140
1121
1194
1179
1237
1157
1246
1130
1203
1125
1097
1102
1189
1089
1172
1157
1165
1166
1084
1128
1141
1161
1167
1083
1112
1064
1100
1138
1058
1095
1126
1161
1110
1090
1151
1127
1105
1123
1103
1079
1060
1121
1130
1157
1060
1089
1088
1175
1132
1122
1147
1141
1106
1165
1202
1187
1238
1198
1183
1261
1284
1314
1329
1314
1401
1514
1486
1544
1557
1743
1847
1869
1885
2008
2134
2265
2295
2426
2627
2698
2903
3008
3210
3371
3501
3725
3925
4049
4388
4344
4796
4761
5085
5198
5518
5711
5752
6052
6294
6608
6676
6941
7112
7252
7508
7653
7998
8054
8041
8494
8538
8718
8764
9207
9438
9477
9710
9840
9959
10183
10310
10528
10896
10938
11314
11462
11504
11903
12292
12694
12751
12880
13055
13172
13166
13526
13434
13511
13620
13386
13101
13040
12940
12707
12287
12141
11822
11346
11067
10736
10298
9950
9517
9034
8588
8160
7653
7484
7012
6627
6242
5812
5376
5111
4786
4336
4189
3841
3534
3392
3127
2831
2645
2462
2359
2195
1981
1874
1768
1668
1526
1404
1339
1267
1263
1192
1093
1080
1052
1023
998
948
908
905
856
827
841
821
824
824
808
728
797
732
747
720
689
744
717
734
694
683
712
670
674
687
705
708
693
672
688
681
659
684
697
713
663
701
692
711
659
685
662
694
720
690
632
634
611
663
655
634
631
632
659
639
705
636
670
666
663
627
614
670
686
580
596
649
640
620
605
585
668
611
607
658
620
599
648
631
662
631
630
642
637
630
616
656
616
602
585
623
607
582
627
629
605
600
615
595
586
556
607
633
609
587
618
565
601
629
588
615
606
607
619
601
613
583
579
595
603
571
598
603
628
576
619
591
555
607
542
607
542
581
548
606
575
615
572
602
601
617
585
580
583
592
573
573
611
607
575
573
591
602
520
561
538
557
581
547
554
535
594
562
581
577
529
547
560
572
564
573
559
531
571
584
555
546
588
564
534
540
546
523
530
584
577
531
566
559
544
541
550
531
572
548
493
574
584
546
575
551
527
553
523
548
519
526
506
528
529
570
570
524
519
511
519
498
542
545
496
530
556
529
567
528
495
524
558
519
505
566
521
519
564
522
494
526
505
514
504
528
544
523
551
501
515
514
505
545
540
525
521
520
570
479
517
520
500
520
559
493
518
553
509
495
543
487
495
534
526
513
546
510
474
501
475
512
518
484
532
475
504
473
526
556
521
515
529
505
479
509
496
512
497
490
470
534
505
528
494
510
512
518
511
494
470
511
501
528
489
512
525
538
511
521
506
498
483
500
495
496
466
470
485
508
509
483
528
473
495
478
474
497
504
471
460
449
533
522
456
492
483
450
506
483
492
505
473
514
476
530
471
523
483
491
503
466
479
490
470
507
524
495
500
500
499
476
455
480
467
508
482
475
462
478
487
465
487
475
469
482
469
477
442
449
455
492
502
507
484
461
418
481
486
469
481
512
442
509
464
476
501
485
499
461
532
449
477
441
455
471
489
437
473
476
480
455
428
461
443
490
474
442
483
452
481
439
488
453
481
480
506
469
476
492
509
465
461
466
490
488
489
473
504
481
518
492
545
528
496
485
505
496
489
540
495
570
516
532
531
520
514
519
529
523
524
557
502
538
528
570
529
528
514
546
545
556
511
559
565
545
517
570
552
551
576
546
523
576
522
582
555
574
545
561
561
552
541
514
593
545
518
561
552
494
495
524
515
469
506
493
486
491
512
433
466
465
498
450
456
439
425
457
456
458
488
416
443
421
430
455
426
439
423
449
392
427
422
397
410
392
415
398
374
418
418
400
380
421
438
385
422
407
393
427
398
409
406
414
420
398
400
422
373
422
367
423
404
393
427
397
423
404
382
388
448
395
376
389
437
389
425
405
431
393
350
421
389
400
394
411
406
400
393
405
371
419
372
393
393
391
415
400
371
364
410
371
412
386
399
426
396
391
394
408
418
374
379
368
369
389
374
394
415
374
414
374
420
403
391
356
375
368
336
422
408
374
368
416
410
401
386
417
390
365
361
378
378
375
367
377
388
369
360
384
405
396
379
399
396
409
386
382
395
389
378
380
345
383
373
378
349
352
391
343
379
389
373
381
364
351
340
391
349
360
376
383
357
351
381
371
349
399
370
357
338
360
382
353
389
380
384
382
357
370
391
374
390
357
353
354
342
361
369
390
358
362
358
335
359
347
333
369
375
381
370
361
349
337
367
349
351
378
357
372
348
345
333
361
357
356
372
356
358
361
315
364
323
360
326
350
337
374
370
364
374
370
382
357
347
350
369
371
345
371
356
335
345
409
364
347
373
366
373
343
342
344
384
342
317
327
377
332
325
337
336
365
353
351
328
335
370
358
367
327
349
300
341
335
318
346
310
323
328
294
328
338
321
350
367
341
349
361
307
323
308
326
312
338
333
362
328
322
352
335
324
337
354
339
338
315
335
336
346
350
315
321
311
324
295
324
330
340
310
315
328
340
363
273
355
347
303
319
338
332
369
331
307
322
335
322
315
332
333
334
332
352
323
306
295
331
353
331
336
296
319
292
336
312
329
309
321
351
327
295
313
314
323
330
318
310
325
318
311
296
337
305
344
291
331
320
295
309
327
321
321
328
323
341
294
323
284
306
321
348
294
307
344
337
332
360
312
321
298
315
309
324
295
318
311
360
320
337
309
320
331
304
313
327
275
309
302
319
322
329
318
308
277
310
301
324
315
311
313
311
329
311
272
298
310
313
330
317
320
302
276
335
320
312
323
296
294
292
319
276
286
299
277
322
291
285
333
273
296
295
264
324
295
304
308
299
308
279
302
303
316
303
313
288
291
261
308
307
295
282
275
322
281
335
281
294
297
295
286
315
310
284
263
301
288
288
264
298
301
307
329
300
310
278
282
277
294
323
287
282
278
305
269
319
301
292
291
288
275
263
270
297
284
282
275
298
248
278
286
294
275
282
298
271
261
287
295
267
293
271
286
283
269
278
289
288
285
282
292
277
254
299
317
271
295
292
282
302
305
276
275
281
298
269
304
294
273
270
268
291
275
286
275
273
276
280
310
264
284
280
245
277
261
269
268
288
269
241
265
263
290
271
271
317
283
290
279
291
294
277
247
274
246
236
258
276
282
270
270
290
284
248
287
260
265
263
266
285
241
264
252
269
248
282
277
280
285
281
247
284
279
262
229
260
267
264
261
263
255
306
269
222
278
277
265
252
248
253
264
246
237
285
252
258
247
247
270
248
264
270
253
281
262
231
251
242
278
259
264
247
263
254
238
284
271
262
285
247
283
252
272
232
269
269
237
269
248
269
249
276
271
246
268
282
263
252
243
278
248
227
256
267
256
257
267
269
235
260
254
256
281
239
272
242
279
267
270
259
253
252
258
269
270
269
237
269
269
249
264
252
246
288
231
263
248
286
231
265
254
260
260
264
261
277
302
265
226
276
262
256
225
245
245
265
238
240
241
254
240
226
240
256
249
262
246
236
231
239
253
239
209
241
230
248
217
247
252
246
221
253
233
233
257
249
240
254
286
231
222
239
225
258
213
266
243
240
236
226
220
199
253
228
251
228
236
198
267
208
248
240
228
217
233
234
225
235
225
238
238
205
250
230
217
250
241
234
220
211
236
221
239
223
202
213
191
200
231
198
214
229
216
222
206
218
226
179
211
224
236
210
245
219
226
259
244
242
217
218
253
244
221
231
206
235
238
233
228
223
223
212
231
235
219
180
176
236
207
219
216
231
234
201
226
226
220
202
200
212
198
202
226
198
208
211
179
229
194
204
208
202
241
199
209
206
191
213
236
257
190
209
230
219
195
188
218
227
216
206
226
212
211
202
204
218
209
202
202
198
202
208
218
198
187
214
185
209
203
187
186
225
192
187
205
201
204
204
206
187
211
212
195
202
198
180
208
209
201
185
222
174
185
194
205
203
160
177
190
178
191
191
207
192
200
187
191
203
187
171
185
186
197
230
204
199
171
179
173
188
183
201
187
218
189
200
208
219
221
177
197
191
199
187
193
177
171
203
206
191
208
195
203
220
197
154
186
190
180
181
175
185
175
206
192
212
198
174
173
205
177
155
191
208
164
196
195
209
186
183
174
168
199
200
181
179
175
201
179
178
185
174
210
197
183
182
193
167
196
207
195
185
186
166
162
203
187
201
191
196
190
173
164
177
179
167
192
171
192
183
181
174
202
179
174
163
153
185
172
189
181
183
201
174
174
186
185
193
177
182
171
163
176
184
185
180
184
171
160
178
176
180
162
183
182
181
178
180
170
177
162
195
159
160
171
194
179
166
175
177
173
166
144
171
192
169
185
170
167
172
195
169
183
174
186
158
176
169
168
175
176
176
150
196
174
181
177
155
163
140
150
143
157
162
162
148
151
146
174
171
160
178
165
173
179
151
152
182
178
163
160
160
168
169
177
175
151
168
160
168
163
172
162
155
166
168
165
171
149
158
150
172
162
181
153
157
158
152
160
150
156
164
170
147
141
175
148
154
162
143
158
163
154
165
184
154
160
141
151
154
144
169
148
162
134
146
144
180
144
162
162
135
153
149
156
147
138
153
140
144
153
167
155
160
145
150
172
167
154
163
164
153
156
151
146
143
169
144
175
142
127
158
154
146
148
155
147
125
140
169
171
124
163
162
147
182
158
141
151
144
142
151
135
130
142
156
129
156
153
147
136
122
126
153
147
152
142
153
160
146
155
160
149
145
144
135
133
138
156
145
152
171
138
161
141
138
139
143
154
162
152
154
146
124
128
140
130
130
137
129
124
115
133
135
138
135
170
132
151
146
110
136
131
143
141
137
130
133
122
134
138
147
150
143
134
133
137
146
141
137
119
137
159
130
146
140
136
161
156
122
125
151
131
127
127
128
132
141
117
134
131
118
114
134
130
109
120
138
146
125
121
133
134
112
110
126
162
139
142
141
128
155
125
148
134
129
125
126
128
142
154
141
138
139
127
122
124
133
122
124
153
136
123
150
127
120
138
121
146
140
131
153
139
140
144
132
130
131
118
150
142
138
147
129
129
147
139
129
135
133
156
137
139
143
133
129
151
139
152
162
139
115
145
134
123
141
143
129
91
130
114
144
131
147
115
125
133
120
136
138
132
119
131
117
114
109
128
131
128
125
149
139
99
123
138
107
107
132
107
115
139
145
132
136
129
113
139
121
141
109
123
120
110
117
136
118
116
120
127
114
131
109
122
119
123
111
115
119
110
100
110
121
126
95
119
107
106
113
107
111
113
126
98
110
117
103
117
119
101
100
130
113
118
113
99
109
115
113
112
110
92
112
119
102
123
115
100
130
100
114
107
125
126
116
86
124
103
135
118
107
135
91
116
131
120
103
107
119
111
110
100
114
113
101
98
110
106
118
126
118
107
101
98
105
106
95
99
111
104
104
98
106
113
104
96
97
116
117
114
94
111
112
114
116
117
111
119
109
113
98
113
109
106
109
110
107
114
119
102
117
118
103
111
92
104
101
108
104
110
97
108
127
102
108
101
94
99
116
115
120
105
98
92
112
96
104
108
107
117
121
101
106
109
121
107
117
98
134
100
110
102
118
95
110
105
127
108
127
107
130
130
101
97
101
126
99
116
106
107
123
115
122
122
116
116
123
121
107
131
121
114
117
126
126
107
138
115
107
117
116
136
104
118
116
111
122
118
106
113
123
111
134
116
111
115
133
112
107
112
133
126
135
126
127
142
121
148
113
124
119
114
128
103
114
112
106
108
123
112
124
124
98
119
119
107
116
97
111
103
92
113
130
98
108
106
102
120
86
96
100
117
91
84
103
108
89
95
100
122
95
87
124
123
85
87
86
95
86
93
98
99
105
85
91
95
85
77
97
104
92
97
102
90
79
117
96
92
95
83
91
107
99
96
88
106
106
98
89
89
86
96
100
94
88
108
93
98
85
94
86
98
94
86
85
105
103
90
89
90
74
95
93
95
84
79
104
88
96
99
87
83
82
84
98
109
91
100
91
77
79
89
92
79
112
100
71
77
91
93
81
103
94
106
85
103
91
74
77
100
92
81
89
92
104
88
78
99
94
98
102
105
95
87
91
89
87
95
83
84
88
83
94
88
78
93
96
90
88
101
84
97
99
100
81
98
82
87
91
87
96
85
101
90
88
93
105
89
95
90
100
75
82
115
95
108
100
81
89
97
78
105
97
101
76
95
83
108
80
88
100
77
93
103
102
88
90
88
79
95
84
110
93
91
96
91
114
99
99
98
93
93
84
66
104
89
92
99
83
96
92
90
104
78
88
90
93
85
107
81
94
77
97
99
94
86
65
88
83
73
97
73
95
68
71
82
77
77
78
73
68
70
88
81
81
81
79
65
64
77
85
85
80
82
75
75
75
65
98
71
72
83
81
77
54
58
80
62
86
66
88
81
83
83
68
82
82
72
79
64
74
79
79
77
74
76
76
59
87
94
66
69
70
86
84
77
64
65
87
74
90
77
65
63
84
77
77
70
62
77
68
85
80
65
74
71
80
91
68
71
90
95
68
90
76
74
86
71
80
81
72
62
72
71
87
67
68
83
73
64
87
59
91
74
84
91
76
77
68
64
70
80
78
73
73
72
67
79
74
84
66
82
87
66
87
62
80
79
72
95
68
71
85
73
82
74
81
68
85
100
72
85
73
81
76
98
89
67
65
90
90
77
67
79
99
86
83
77
80
82
88
77
67
78
78
86
82
69
81
82
85
60
86
97
81
96
57
96
72
81
86
73
79
77
89
92
94
72
79
108
99
86
92
86
98
83
86
87
91
90
84
76
90
88
75
86
107
94
91
90
90
66
104
85
97
93
82
93
93
96
105
91
103
95
92
94
88
91
92
89
99
99
108
103
95
88
93
96
95
90
86
74
90
96
82
109
86
89
89
81
84
77
80
81
76
75
78
65
54
69
68
69
73
74
65
77
57
73
61
77
54
63
46
57
52
60
53
42
58
60
60
48
58
53
60
67
54
49
70
44
41
63
67
51
60
59
54
52
48
50
57
34
52
53
49
73
52
48
59
48
58
60
54
51
62
41
57
37
47
50
54
67
52
46
57
62
55
47
46
48
53
44
49
42
44
51
56
47
47
55
49
64
44
47
61
50
39
41
39
46
50
52
49
59
42
58
56
46
67
52
41
50
46
44
45
53
64
39
55
59
49
42
48
48
56
56
49
60
50
40
54
39
45
45
56
38
52
51
57
52
66
54
61
47
50
42
51
55
52
54
44
54
52
47
46
58
50
46
48
44
47
47
42
59
49
44
46
42
51
46
44
37
40
53
58
49
48
58
57
49
49
43
41
46
36
44
39
55
55
46
50
46
42
49
47
56
43
51
41
55
53
53
61
57
42
41
46
50
48
36
36
45
53
53
43
56
58
26
42
52
46
56
37
61
42
55
51
54
47
49
48
46
51
50
43
72
53
58
45
53
48
55
51
42
47
60
53
49
48
52
53
47
55
43
51
55
55
57
55
53
47
47
44
45
44
52
60
47
47
53
54
49
35
43
47
60
51
45
59
45
46
56
55
61
57
55
48
61
56
35
46
49
40
48
49
52
47
33
50
49
33
57
41
48
51
45
41
53
50
51
61
39
38
43
40
44
42
44
45
37
34
44
49
50
46
36
43
41
63
44
45
50
60
55
47
54
41
45
49
43
44
41
52
42
41
58
51
61
49
44
59
38
44
44
49
45
54
53
31
32
47
54
49
39
50
42
42
54
43
50
47
42
47
44
33
61
51
46
39
54
50
55
55
48
36
46
46
47
48
45
57
54
44
33
46
45
45
54
49
38
46
44
51
35
44
52
58
44
45
55
32
52
49
48
49
50
39
46
49
48
52
53
57
58
43
55
58
51
42
46
48
43
49
41
41
58
53
48
57
51
48
43
61
53
66
52
64
47
53
38
42
58
63
42
49
57
44
44
56
57
49
56
56
58
49
54
54
52
60
66
53
52
55
52
61
52
54
55
60
59
51
42
57
62
57
68
58
67
59
60
64
55
55
72
65
60
64
57
54
60
76
68
84
72
66
71
70
67
80
72
76
87
85
69
70
69
83
69
76
57
74
72
68
86
76
64
70
78
66
74
65
57
74
75
89
67
58
86
65
57
58
75
75
47
62
68
59
46
64
50
56
47
67
48
56
41
58
47
56
47
51
44
40
47
47
34
46
32
25
37
34
32
30
43
18
33
38
30
33
38
34
25
32
30
26
24
15
19
31
24
24
22
17
13
23
17
23
20
19
19
20
25
20
24
21
27
21
28
22
17
17
18
24
22
14
18
19
21
12
14
17
10
15
18
17
19
20
27
24
18
19
11
20
28
19
14
24
23
13
15
22
21
18
22
13
13
22
25
23
18
17
17
17
25
21
18
31
22
23
12
16
17
20
22
19
21
19
12
28
20
19
21
14
23
17
20
20
23
23
19
16
16
22
16
19
15
17
17
17
19
17
25
25
22
17
20
21
18
18
16
25
15
30
20
25
15
34
20
15
16
17
27
26
16
21
17
21
25
22
28
14
23
13
28
15
17
21
22
17
22
19
26
21
12
18
23
18
18
20
18
13
16
19
16
21
24
26
25
22
28
24
22
11
20
26
25
23
18
19
28
18
22
21
21
16
28
14
21
26
23
23
23
19
21
26
21
30
27
14
17
23
20
22
28
21
24
25
23
18
25
21
24
24
28
26
20
21
27
22
24
18
12
19
24
24
29
35
24
29
28
32
33
23
29
28
25
20
24
17
20
16
17
25
24
26
27
28
27
22
32
20
22
17
17
30
22
20
12
16
19
23
18
8
23
17
30
17
17
27
16
17
26
14
21
21
19
11
15
14
11
12
16
15
14
16
19
17
16
10
16
12
11
20
19
12
12
12
13
8
17
9
7
14
12
15
11
8
10
9
14
9
7
7
8
9
14
13
4
11
16
10
13
14
9
13
5
6
12
11
10
12
9
8
9
15
6
10
11
13
11
9
5
10
6
7
10
10
7
11
7
14
10
5
12
10
14
8
7
15
11
9
9
10
8
10
16
15
12
4
6
11
18
11
8
14
10
13
10
10
8
9
13
7
12
9
13
11
12
9
9
14
11
9
6
2
11
9
11
19
9
7
4
10
4
18
16
12
11
15
16
6
12
11
9
7
7
12
7
8
7
3
10
7
13
12
11
11
8
6
7
13
9
8
7
8
11
10
10
8
12
7
8
8
13
11
11
8
12
6
14
8
10
10
11
14
16
8
10
9
12
1
12
9
13
10
13
12
4
11
13
12
6
7
9
12
11
10
12
16
11
12
3
8
13
5
17
7
9
5
10
13
18
18
14
9
9
9
14
13
12
10
8
13
5
9
11
8
12
12
10
7
14
8
13
11
8
9
13
16
12
12
8
8
13
16
15
4
11
8
8
7
6
10
11
13
8
6
14
13
15
12
15
8
17
7
7
10
9
14
12
16
9
16
12
8
9
12
15
13
13
15
10
11
8
7
11
15
9
8
10
11
8
8
7
10
10
12
10
5
8
12
14
11
18
9
9
11
8
8
14
6
5
12
6
13
8
10
9
6
11
5
8
3
12
8
4
10
10
9
8
9
8
10
6
7
5
7
5
4
3
14
7
8
4
11
11
6
7
10
5
7
9
14
6
3
6
6
8
14
7
10
3
9
5
4
5
8
3
11
3
10
7
4
2
8
7
3
6
8
12
12
6
7
9
5
8
7
9
6
12
8
14
4
12
4
10
9
4
6
9
12
9
6
8
9
8
11
11
6
6
10
10
8
10
6
6
8
12
7
11
3
8
8
7
7
4
7
8
5
6
15
7
5
10
8
6
13
8
5
9
7
11
11
10
4
5
3
2
9
9
7
6
8
3
13
6
7
9
12
11
8
14
9
7
9
9
7
7
8
8
10
3
8
5
11
8
12
7
11
4
6
8
14
11
11
7
5
5
7
10
3
7
8
11
6
6
10
11
11
3
10
12
11
9
15
8
6
5
6
4
10
7
3
11
8
16
10
6
8
18
6
8
12
10
8
8
6
7
9
8
10
9
17
11
11
13
10
5
11
6
7
11
4
14
11
12
13
6
10
14
6
12
11
7
16
11
7
5
10
9
7
8
5
9
15
8
6
11
12
5
9
9
8
6
8
6
10
7
8
9
15
5
13
9
4
5
10
7
12
13
11
17
6
4
8
13
4
5
15
7
11
6
8
3
6
6
3
6
7
8
6
11
11
3
9
7
9
13
7
7
6
9
6
8
3
5
13
6
7
2
10
13
6
7
8
6
10
7
7
11
6
1
7
7
9
6
6
7
11
8
5
8
11
8
9
10
8
9
8
16
6
6
9
3
4
3
12
8
10
8
4
9
10
6
6
11
3
12
7
5
10
9
11
4
6
13
7
6
7
8
6
10
6
12
6
7
9
3
11
4
9
5
7
6
8
4
12
1
5
7
5
5
9
5
8
6
11
5
5
8
10
11
6
4
9
10
3
8
5
3
9
7
3
6
3
8
6
6
9
5
7
6
4
8
8
9
5
4
5
7
3
5
4
7
6
4
10
9
12
5
5
7
10
8
7
5
6
6
7
9
10
7
5
5
5
8
9
9
7
7
7
5
4
6
7
6
6
4
7
9
4
4
9
10
8
6
3
6
8
8
7
9
9
5
4
8
6
4
8
8
5
14
6
5
9
5
9
8
4
3
8
6
6
10
6
8
6
6
9
5
12
10
4
7
12
7
11
4
5
5
13
4
4
7
4
7
3
7
3
10
2
5
6
5
7
7
9
6
7
8
11
3
2
7
8
7
7
7
6
6
8
7
4
6
8
8
7
4
5
11
5
5
7
11
5
3
8
9
4
8
6
4
4
6
3
6
11
5
5
5
2
5
4
10
6
10
9
5
5
9
9
8
10
9
5
3
7
12
10
6
6
7
4
6
7
6
7
10
5
5
7
8
5
3
9
10
4
7
10
1
6
7
6
11
6
7
4
5
2
9
9
7
8
10
10
3
7
9
7
10
6
8
8
9
6
4
10
3
8
7
2
3
5
3
8
6
12
8
10
10
3
8
7
6
3
6
9
5
6
5
9
5
5
6
5
7
7
7
7
5
6
8
8
11
9
8
9
11
7
3
8
10
8
3
2
3
6
5
5
6
10
4
6
7
5
5
6
4
3
7
4
7
10
6
9
7
13
6
3
5
7
8
8
5
3
4
1
2
3
6
1
5
4
8
8
5
2
5
5
3
3
3
5
7
6
6
4
7
4
4
6
3
7
3
3
4
4
5
4
5
7
5
2
9
9
10
2
5
8
7
9
7
5
5
5
6
4
5
9
4
4
4
6
3
9
4
8
7
8
9
9
5
9
10
5
7
9
3
10
4
14
3
6
5
8
11
2
2
3
7
4
3
2
8
9
4
10
5
7
5
9
2
2
6
4
2
6
5
9
4
9
8
3
8
6
8
2
7
5
10
3
10
7
6
7
6
7
6
2
7
8
5
7
5
5
6
6
6
7
7
5
4
1
7
10
7
7
7
5
8
6
9
7
5
3
3
6
4
1
5
4
9
5
8
9
7
6
7
6
8
3
8
7
6
5
5
4
6
4
1
10
4
6
7
7
6
8
7
4
9
11
11
2
7
9
2
5
9
5
3
4
5
10
8
4
8
5
6
5
9
3
2
3
6
6
9
6
4
3
6
5
2
8
4
5
9
3
2
6
5
8
6
7
5
6
8
5
2
5
6
3
11
3
5
5
7
5
14
5
8
3
7
1
8
2
6
8
5
6
1
6
7
4
8
4
5
5
4
6
6
6
5
3
4
9
3
3
2
7
4
7
4
2
5
8
3
6
4
2
7
3
7
2
6
7
1
7
3
3
5
6
6
5
6
1
2
1
3
4
5
6
4
4
3
8
5
4
5
4
1
2
4
4
8
5
6
3
5
5
11
6
3
2
2
4
5
4
6
4
2
1
3
4
7
7
5
7
4
6
2
5
5
4
4
3
8
5
3
6
4
6
4
2
1
4
1
8
7
1
8
4
5
9
4
3
5
8
6
2
4
7
3
1
3
0
9
5
7
3
2
5
5
3
5
4
10
5
10
4
4
7
8
7
3
7
4
7
4
9
3
1
5
2
2
7
2
5
2
3
6
2
5
4
2
3
7
4
7
3
10
5
5
12
2
3
5
4
4
5
5
3
4
1
1
4
3
4
2
3
3
1
4
3
5
6
4
5
6
6
8
10
4
4
7
4
6
5
8
1
5
2
5
2
5
4
3
7
5
8
2
5
2
2
5
2
5
1
3
6
2
7
6
7
5
10
1
4
7
6
4
5
3
6
5
6
5
3
6
5
3
2
5
3
4
5
4
6
2
2
6
6
4
1
3
2
5
4
3
5
4
8
3
5
5
4
4
4
5
5
7
4
5
10
5
4
6
3
4
5
4
3
3
7
3
3
4
5
2
1
3
4
5
2
4
4
7
4
3
4
5
6
5
4
5
4
1
2
2
2
6
10
8
5
4
5
4
5
3
7
8
4
5
4
8
3
7
7
6
5
2
5
3
5
3
3
5
7
5
3
4
7
3
2
3
2
4
9
2
10
4
7
1
3
7
6
9
5
4
2
2
2
5
4
4
8
5
2
3
7
4
6
4
6
9
1
5
5
5
9
6
5
7
9
8
3
7
8
5
10
5
11
8
6
3
8
4
9
3
5
3
11
9
3
6
6
6
5
7
4
9
8
9
2
9
6
6
6
10
8
7
8
10
6
5
8
6
7
4
11
6
7
11
9
7
5
10
10
11
10
9
6
6
12
7
7
12
6
12
11
11
13
11
10
10
7
6
15
9
8
12
18
8
6
10
7
5
4
7
3
3
5
6
5
6
2
6
4
8
3
3
7
2
4
9
5
4
8
5
4
11
7
6
6
7
1
5
6
4
5
4
6
2
3
7
6
6
3
5
1
3
2
6
4
5
3
7
5
6
5
3
3
3
4
2
4
3
3
4
4
3
5
6
0
4
11
4
2
7
3
1
2
4
3
5
8
4
7
5
4
2
2
7
4
4
4
5
2
5
3
7
2
2
2
4
3
2
3
5
3
5
4
4
9
5
6
7
3
5
6
6
3
4
3
2
5
8
3
4
5
9
4
3
3
6
6
4
6
3
2
6
4
3
8
6
2
6
3
1
6
8
1
1
3
4
6
2
6
3
4
4
3
3
5
3
2
2
4
4
4
3
2
7
4
3
3
5
3
4
3
3
4
4
7
5
5
2
5
3
6
6
4
5
6
2
5
3
5
4
9
4
6
8
3
1
6
6
7
9
5
6
12
4
9
3
10
3
11
6
6
5
3
7
6
7
3
3
5
5
5
5
8
4
1
1
4
3
6
4
7
3
5
5
6
3
8
8
5
9
3
5
5
3
3
2
3
5
2
4
1
1
5
0
4
5
8
6
5
3
3
4
4
1
2
2
4
0
7
2
3
0
6
1
5
3
5
4
4
5
3
6
5
3
0
2
2
6
6
3
3
4
3
0
2
2
7
8
3
2
2
2
2
3
3
5
6
3
3
4
4
4
2
4
1
6
4
3
0
5
5
4
1
3
6
4
5
0
6
3
1
3
5
3
4
1
4
7
5
3
3
8
3
1
4
5
2
1
4
2
4
3
0
5
4
5
5
5
3
8
5
3
5
4
3
2
3
3
2
2
5
4
2
2
5
5
4
1
11
3
8
6
5
4
1
1
2
3
6
3
5
0
0
3
4
2
4
4
6
3
5
6
2
5
1
4
7
5
4
2
0
1
4
3
5
0
5
3
4
3
2
2
1
7
6
6
5
2
5
5
0
3
5
4
4
3
6
5
2
5
4
6
2
2
1
1
3
0
2
3
5
6
1
7
5
0
7
2
6
2
3
4
3
6
1
4
5
0
3
8
8
5
1
2
4
2
0
8
5
2
3
4
5
1
5
5
9
3
2
5
4
3
1
4
1
3
6
7
5
3
2
4
4
4
5
11
4
5
5
6
3
7
0
3
6
5
4
11
12
5
2
9
6
10
7
7
7
9
7
5
9
3
3
4
4
8
3
5
5
4
7
10
4
6
7
7
6
6
4
13
3
9
3
10
7
2
7
8
3
5
6
7
5
5
9
3
6
14
7
5
6
5
5
6
9
7
5
13
7
8
7
2
10
3
10
4
3
2
3
9
3
4
10
6
9
3
6
3
8
5
5
6
3
6
1
3
0
4
5
11
8
6
7
6
5
4
6
6
1
4
7
2
5
7
4
4
7
4
3
1
2
0
4
4
6
2
2
5
7
0
0
1
6
3
3
3
3
5
2
0
1
3
2
4
3
6
3
5
2
4
4
3
4
7
2
3
6
4
4
2
3
2
3
6
1
2
3
5
4
4
5
1
4
6
3
2
1
3
2
2
2
3
3
3
2
3
3
4
0
4
1
5
1
2
4
3
4
1
3
5
2
2
2
4
2
5
2
4
2
4
5
2
4
3
4
6
2
4
3
2
5
2
0
2
2
5
5
2
3
3
1
3
1
2
3
1
2
7
1
5
3
2
3
5
3
4
2
5
4
3
1
7
8
2
3
3
1
2
5
4
4
0
1
7
2
6
3
2
1
1
3
1
6
4
5
1
4
2
2
2
5
3
6
3
5
2
5
5
4
3
7
4
2
4
1
4
3
6
1
2
2
3
6
3
6
2
3
2
3
3
4
6
4
7
3
4
0
2
6
4
1
7
2
3
0
2
5
1
1
2
4
3
4
7
4
5
6
4
0
3
7
4
5
2
4
3
1
6
4
7
4
2
3
4
0
4
1
2
2
5
4
7
3
4
3
4
5
4
4
6
1
3
4
4
4
2
1
3
6
4
6
7
2
1
8
3
3
2
2
2
2
1
5
6
2
6
2
2
5
4
3
4
2
2
1
5
6
2
2
4
2
1
1
2
1
5
2
5
4
5
3
3
2
4
4
5
4
4
2
3
10
4
2
2
4
3
2
3
5
1
1
4
4
2
1
3
4
2
3
3
1
1
4
4
6
1
4
5
2
2
5
3
1
1
1
4
3
2
2
4
9
2
2
3
4
4
5
2
3
4
2
3
4
2
2
2
6
5
4
2
4
2
2
4
4
6
3
4
5
3
2
2
0
4
9
3
4
1
1
4
2
4
2
2
5
1
3
2
3
3
6
3
2
5
4
8
2
3
3
5
5
1
4
4
4
2
1
1
2
2
4
3
4
1
3
2
4
1
2
2
2
4
2
2
3
2
2
1
6
3
3
4
6
4
5
0
4
5
2
2
1
6
2
3
5
1
2
4
3
3
2
0
2
2
2
1
1
3
2
3
6
3
1
2
4
9
4
3
3
3
2
7
2
2
2
5
3
3
4
2
5
6
0
3
3
4
10
2
2
6
3
3
3
2
2
3
4
1
4
5
1
1
5
3
1
4
2
3
1
2
2
3
1
3
3
1
1
3
5
1
4
5
3
5
1
2
3
5
3
4
2
5
1
0
2
1
3
3
2
1
2
2
4
1
2
3
1
3
4
5
3
4
4
3
3
2
0
3
5
3
0
0
3
6
4
2
2
1
6
4
1
4
2
4
2
1
3
7
2
3
4
5
2
2
3
4
2
1
3
1
4
3
4
0
2
2
5
2
2
5
2
2
2
1
1
3
1
2
2
2
3
3
3
7
4
5
2
3
3
1
2
3
0
5
4
3
2
5
2
1
1
3
1
3
3
3
2
6
4
5
1
2
0
2
2
4
4
0
2
0
1
0
4
3
2
0
1
2
4
7
1
4
2
6
2
4
3
2
2
6
4
3
5
3
4
1
3
1
6
1
2
2
3
2
2
2
3
4
5
5
2
2
2
6
1
6
1
4
2
2
3
5
2
1
1
4
3
3
2
1
2
3
3
3
1
2
3
4
1
2
3
3
1
3
2
2
0
5
1
4
1
3
3
4
2
2
1
4
6
4
5
3
4
1
2
2
4
2
3
2
4
1
3
3
6
0
2
2
3
5
2
2
2
6
2
4
3
3
4
1
3
3
2
3
0
2
1
0
2
4
2
3
4
1
2
3
3
3
3
0
2
4
1
5
2
3
0
4
3
1
2
1
5
4
1
5
0
5
5
5
1
3
3
4
5
3
4
2
1
1
6
1
5
7
2
3
4
6
7
3
2
4
4
5
4
2
0
4
0
4
4
1
1
3
6
3
1
7
4
3
4
1
1
3
3
1
4
3
6
1
2
1
3
2
2
4
4
1
3
5
3
1
1
2
4
4
3
1
4
0
4
4
1
2
2
2
1
3
3
7
1
2
6
1
2
3
2
4
4
3
3
0
4
3
3
2
4
2
0
2
3
3
4
0
2
1
4
2
2
4
4
3
5
1
3
6
5
0
2
1
5
6
4
2
4
4
4
5
5
2
5
2
2
3
0
6
2
2
1
3
5
0
2
3
1
2
2
6
4
5
3
1
3
5
4
0
3
3
4
3
2
1
6
4
2
0
1
1
3
2
1
1
2
2
3
4
4
5
1
1
4
2
4
1
3
2
0
3
0
2
2
4
4
4
1
4
1
3
1
3
0
2
3
2
2
8
3
2
3
3
1
6
4
3
6
0
1
2
0
0
2
2
3
0
6
1
3
2
7
4
9
1
3
4
0
5
2
0
5
1
0
3
0
2
2
2
3
2
2
6
3
3
4
2
6
5
1
3
2
5
2
2
1
6
0
3
1
0
4
4
2
2
3
8
2
1
1
2
2
2
2
1
2
3
4
3
3
1
1
0
2
2
1
3
2
1
2
1
2
1
0
0
1
2
3
5
4
1
3
1
2
4
5
2
2
1
5
4
5
5
3
2
4
2
3
2
0
2
3
4
5
1
4
4
1
6
1
2
3
4
1
7
2
3
1
2
2
1
2
1
1
1
5
0
4
2
2
3
4
2
7
5
1
2
1
1
4
4
0
3
3
4
2
2
2
4
3
6
4
3
3
2
1
2
1
1
5
5
2
1
0
2
0
2
4
2
0
3
2
2
4
4
1
5
2
2
1
0
3
3
1
2
7
2
1
2
3
3
0
1
4
4
2
3
1
4
5
2
1
0
1
3
2
5
0
2
1
2
3
3
3
2
3
1
2
5
4
2
8
3
0
5
2
4
1
5
2
1
3
1
2
3
1
2
4
0
4
3
2
2
2
1
2
3
3
5
1
3
3
1
1
0
4
4
7
3
2
2
1
5
2
3
3
3
2
2
4
2
2
1
2
4
6
1
0
5
3
1
5
5
1
7
4
4
3
1
2
5
1
0
1
2
1
2
4
5
2
2
4
3
2
3
2
3
2
5
4
3
2
2
2
3
2
3
1
2
7
6
3
1
6
2
4
1
2
3
5
1
2
6
0
3
2
3
6
0
2
4
2
2
2
1
0
3
2
2
4
3
1
1
1
5
2
4
3
3
2
3
3
1
6
5
0
3
3
3
1
2
2
1
3
1
2
5
2
3
3
3
1
2
3
2
6
1
1
2
0
1
2
2
3
5
1
4
2
2
1
3
4
1
5
0
4
3
3
3
3
7
3
6
5
4
4
4
3
1
3
5
6
1
2
2
3
2
4
5
2
3
5
3
4
3
4
7
2
2
7
5
4
3
4
6
7
3
6
6
4
5
3
8
5
0
6
1
4
3
5
7
2
11
2
3
5
5
6
5
3
6
9
5
5
7
9
9
3
5
3
5
5
8
4
2
3
4
2
1
4
3
1
2
3
6
5
3
4
5
4
5
7
3
6
3
7
2
3
5
6
4
2
3
3
2
1
2
3
1
3
5
4
4
3
4
2
3
3
5
3
5
4
3
3
6
1
1
3
3
1
2
2
5
1
3
3
4
1
2
7
2
4
2
3
4
3
4
3
3
2
0
4
3
1
4
3
7
2
2
0
3
5
4
1
2
2
1
2
2
3
4
0
0
3
4
2
4
3
3
4
2
1
3
3
4
3
5
2
1
4
3
2
1
1
1
3
3
2
2
2
7
5
3
4
0
1
2
2
1
3
2
2
2
2
1
4
0
3
2
2
0
1
3
2
3
2
2
2
4
4
1
1
3
5
4
3
3
2
0
2
2
5
1
3
4
4
4
1
3
0
3
2
2
4
2
5
6
2
3
2
1
2
4
0
2
4
1
2
1
1
0
1
1
3
3
1
3
1
1
3
1
2
6
4
3
3
1
5
2
4
5
4
5
3
3
1
8
2
2
4
4
5
3
1
1
2
3
3
5
1
4
1
2
0
4
1
3
1
0
3
3
2
1
6
2
4
2
1
4
2
3
2
4
2
0
2
0
1
3
3
3
6
1
1
4
2
5
3
1
2
2
4
1
2
1
3
3
3
2
1
4
3
3
4
4
5
1
2
5
0
4
1
2
3
3
0
2
1
1
3
1
5
0
4
2
1
5
2
4
3
1
1
0
2
2
3
2
4
1
5
5
3
1
4
1
1
1
6
3
5
2
6
1
0
3
0
3
1
4
4
2
3
1
3
0
2
0
4
3
5
3
3
6
2
1
3
5
4
3
0
1
0
2
3
4
3
5
2
5
2
3
2
5
3
1
0
2
1
2
4
2
3
4
4
2
5
4
1
1
1
1
4
0
4
0
2
4
2
2
2
4
2
1
1
6
1
3
0
0
3
1
4
4
2
3
1
1
4
1
4
2
1
2
3
3
3
1
1
4
3
2
2
2
3
2
4
1
1
3
1
2
0
4
3
3
0
3
5
2
1
4
2
2
3
3
1
3
4
5
3
2
0
0
1
2
1
2
4
2
2
0
3
3
3
2
1
1
3
0
1
2
2
0
2
1
4
1
3
2
4
5
1
3
2
6
3
1
3
1
4
0
1
3
5
4
2
2
0
3
3
3
3
2
0
0
3
2
3
2
4
3
2
4
5
2
2
1
1
3
0
2
1
0
4
2
5
2
4
2
2
2
2
1
3
2
2
0
2
2
0
2
0
2
1
2
1
5
3
1
2
2
0
4
4
3
3
5
0
1
0
4
3
2
0
3
0
2
0
4
0
1
2
5
3
0
3
1
5
7
2
3
2
3
2
5
2
2
0
1
3
0
1
3
5
4
2
3
1
2
2
5
1
2
4
1
0
3
3
2
2
4
1
0
3
2
7
0
2
4
4
2
0
1
5
3
2
1
5
2
1
3
3
3
3
2
3
1
1
2
1
4
1
4
2
3
2
0
4
1
4
4
3
1
2
5
1
4
3
3
1
2
3
4
0
4
4
3
2
2
3
3
0
0
4
2
0
2
3
2
3
3
1
1
5
1
1
2
2
0
2
3
2
0
1
1
2
4
5
4
3
2
1
1
4
1
4
4
0
3
4
2
2
5
4
1
2
2
3
2
0
2
2
3
1
4
1
2
1
4
2
3
1
2
4
3
4
2
1
3
1
1
1
4
2
0
1
6
3
4
2
1
5
0
2
0
3
0
0
1
1
2
3
5
2
1
3
3
1
2
2
2
2
2
2
5
3
4
1
5
1
1
5
2
2
4
4
1
2
1
7
2
1
1
4
1
4
1
2
6
2
3
4
0
0
1
4
1
2
4
4
1
7
4
2
1
3
0
2
2
2
1
3
4
2
1
1
1
4
3
2
2
3
0
2
2
2
3
1
4
2
3
2
1
4
5
2
1
1
4
5
0
1
7
2
2
1
1
1
6
2
1
0
2
0
5
3
2
3
2
2
2
4
0
1
3
2
4
2
0
1
2
0
3
1
1
2
2
2
2
4
2
3
1
1
1
0
2
1
4
1
2
2
4
3
3
2
2
1
4
1
4
2
0
1
2
0
4
2
1
1
1
3
1
3
2
3
1
2
2
3
5
4
1
2
0
3
6
2
1
4
4
4
4
4
3
4
2
1
4
3
1
4
3
6
4
5
1
2
1
3
2
4
4
4
2
1
5
1
6
1
1
1
1
3
1
4
1
2
1
3
3
3
2
2
3
5
1
3
0
2
4
4
1
3
0
0
4
2
4
2
2
2
0
4
6
1
1
2
3
1
2
3
3
3
3
1
2
2
4
3
2
2
3
2
2
2
5
2
0
0
1
4
0
1
2
0
1
1
3
4
3
2
0
1
2
1
2
1
6
1
3
4
0
0
1
4
3
4
4
2
4
2
0
4
1
2
1
3
3
2
2
1
4
3
0
4
3
3
1
1
0
2
2
1
4
3
2
1
3
0
4
3
1
0
1
3
3
3
8
1
4
4
4
3
4
2
2
1
2
2
3
2
4
4
0
3
4
3
4
5
2
3
1
3
2
0
1
1
3
1
2
6
4
3
3
1
1
4
5
4
3
3
3
2
1
4
3
6
3
1
4
0
1
2
2
2
4
4
2
1
3
3
3
3
2
2
2
2
1
3
3
0
2
1
3
3
6
6
2
2
0
5
2
3
5
2
5
1
3
2
4
2
3
2
4
4
2
1
4
5
3
4
4
3
5
4
4
2
6
2
3
2
2
1
1
2
2
4
2
3
1
2
3
1
4
2
3
3
4
2
2
1
3
3
3
1
2
0
0
4
1
3
0
1
3
2
1
4
2
6
0
5
4
2
4
3
2
2
6
1
3
1
3
2
3
4
2
3
3
1
3
2
4
1
1
3
3
3
3
3
3
0
3
6
0
2
1
2
2
1
3
3
1
0
2
3
2
3
2
1
1
2
5
3
0
6
2
2
3
0
1
2
1
5
1
3
1
5
2
1
1
2
1
1
1
4
2
0
4
1
3
3
0
2
1
2
2
3
4
1
1
4
2
4
1
0
3
0
4
0
5
3
3
3
4
0
1
0
0
3
3
1
0
3
1
1
3
0
4
1
3
1
5
2
1
2
2
2
0
3
5
1
1
1
2
1
3
1
4
4
2
0
4
2
1
3
1
1
2
1
2
4
1
0
1
1
2
0
0
3
3
3
4
1
2
0
0
1
2
2
3
2
2
2
1
0
1
1
2
1
1
4
3
3
4
2
0
3
2
1
2
1
2
0
1
3
1
2
2
1
2
1
3
0
1
0
1
3
1
0
0
2
1
1
0
4
3
3
1
1
0
2
1
2
2
1
0
3
0
5
0
2
0
2
2
0
3
1
1
1
0
3
0
6
1
2
1
1
1
1
1
2
1
2
3
0
5
0
0
1
3
1
0
1
1
1
3
1
2
1
3
1
3
0
2
2
2
3
1
0
0
1
1
1
0
1
2
2
2
1
2
2
2
2
3
3
0
0
1
1
0
1
3
1
1
1
3
3
0
1
2
0
3
0
2
2
1
1
1
1
1
1
1
1
1
0
0
2
2
4
1
1
1
0
0
4
1
1
1
1
3
3
1
2
0
2
1
3
0
1
2
3
3
2
1
2
2
0
2
2
1
1
1
1
2
5
2
2
2
1
2
1
0
1
3
1
2
0
1
3
5
4
1
1
2
0
1
3
2
0
1
1
0
3
1
0
0
1
1
4
0
2
2
1
4
1
2
1
4
0
0
1
2
1
3
3
2
0
1
3
1
1
2
1
3
0
0
4
2
1
1
1
2
0
0
2
0
1
0
4
2
2
2
2
1
1
2
0
1
2
0
3
0
2
0
1
2
2
0
2
0
1
2
2
0
0
2
0
2
1
0
0
2
2
1
1
2
0
3
2
0
0
1
0
1
1
3
3
3
4
0
1
1
1
1
4
2
3
2
0
0
1
3
1
2
0
3
2
1
1
3
1
2
0
0
3
0
1
0
2
0
0
3
0
1
0
1
0
2
2
3
2
1
2
2
0
1
2
3
2
2
0
0
3
3
1
3
1
2
0
3
2
1
2
0
1
1
0
0
2
1
3
0
1
1
0
0
0
0
0
1
0
3
1
0
2
1
2
1
0
1
0
0
1
1
0
1
2
3
0
1
3
1
2
1
0
1
1
2
4
1
1
1
1
3
2
0
2
0
2
1
2
0
2
0
1
1
0
2
0
0
2
1
2
2
0
5
1
3
4
1
1
1
1
1
2
0
1
3
0
3
1
1
2
0
0
0
1
1
1
1
5
1
3
2
2
2
2
1
1
1
1
0
2
2
1
1
0
1
2
1
2
1
0
4
1
1
4
2
2
1
1
0
0
1
1
1
0
1
1
1
2
0
1
1
2
3
0
0
1
2
1
3
2
0
0
0
1
2
1
0
1
1
1
2
0
0
0
0
0
1
2
0
1
0
1
0
0
1
0
0
3
1
1
0
0
0
1
0
0
2
1
1
3
1
1
1
0
0
2
2
2
1
1
0
2
2
0
0
0
0
3
1
0
0
2
0
1
0
1
1
0
3
0
0
2
2
0
0
2
1
2
1
5
1
1
1
4
1
0
1
3
1
1
0
0
1
1
2
1
1
2
0
2
1
1
1
2
2
0
2
1
0
0
2
1
2
1
1
1
2
1
0
1
2
1
2
1
2
1
1
1
5
1
0
2
3
0
0
1
4
1
0
2
1
1
1
0
1
3
3
4
0
3
0
1
1
0
1
2
2
1
1
1
1
3
0
0
0
1
1
0
0
1
1
0
1
2
1
0
1
0
1
1
1
1
1
1
0
0
2
2
0
1
3
1
4
1
3
0
0
0
0
0
0
2
2
2
3
0
1
0
0
0
2
1
1
0
1
1
0
1
0
1
1
0
1
2
1
0
1
1
3
3
2
0
2
2
2
0
3
0
1
0
2
0
2
1
1
1
2
0
1
4
2
1
0
4
0
0
0
1
0
2
0
0
1
0
1
1
0
0
2
3
3
2
1
0
0
1
0
1
4
0
0
0
0
1
1
1
1
1
0
2
0
2
0
1
0
0
0
0
0
1
1
2
2
1
2
1
0
3
1
2
1
2
2
2
0
0
1
2
3
0
1
3
0
0
0
0
0
1
0
0
1
0
2
0
1
1
1
2
0
2
3
1
2
2
1
0
2
0
0
0
0
1
0
0
2
0
1
0
0
1
2
3
0
0
0
1
0
1
1
1
0
0
1
0
1
1
2
1
2
1
1
1
1
1
2
0
0
1
2
1
1
1
0
1
0
1
0
0
0
3
0
1
2
4
3
0
1
0
2
1
0
1
1
3
0
0
0
1
0
0
2
3
1
2
0
1
0
1
0
1
0
0
0
2
0
6
2
0
0
0
1
2
2
0
1
0
0
2
2
0
1
0
1
0
2
0
0
4
0
0
0
1
1
1
2
0
1
0
0
1
0
0
0
0
0
0
1
0
2
1
0
1
0
2
3
0
0
0
2
0
1
1
2
1
0
0
0
0
1
3
1
3
3
2
1
1
2
1
1
1
4
0
1
1
2
0
1
2
0
0
0
0
1
0
2
0
0
0
2
2
0
1
0
0
1
1
2
1
2
0
1
2
1
1
1
0
1
0
1
0
0
1
2
0
4
1
2
0
1
2
1
1
1
1
1
1
0
1
1
0
0
0
2
1
1
0
1
1
2
0
1
0
0
2
0
1
2
1
0
1
1
1
3
3
0
0
0
1
1
0
1
1
0
0
1
1
0
1
2
1
2
0
0
0
1
0
1
0
3
0
0
0
1
1
1
2
0
0
1
1
0
1
0
1
3
1
0
1
1
1
3
2
0
3
0
0
2
0
4
2
3
2
1
0
3
1
0
3
1
2
2
0
3
2
0
0
2
0
0
1
1
0
0
2
1
0
2
1
1
1
1
1
0
0
0
0
1
1
1
1
3
3
0
3
2
2
1
1
1
0
6
1
2
0
1
0
1
3
2
3
2
3
1
2
0
1
0
3
0
2
2
3
1
1
1
1
0
0
0
0
0
0
1
1
0
3
0
1
2
4
1
0
1
1
1
2
0
2
0
3
1
1
0
2
1
1
0
2
0
0
1
0
1
0
0
2
0
1
0
2
2
3
1
1
0
1
0
1
0
1
1
0
0
2
1
0
1
1
2
0
0
1
0
0
1
0
1
0
0
2
0
2
0
0
0
0
1
2
1
1
1
1
0
0
2
1
1
0
0
0
2
1
1
0
0
0
0
0
0
0
0
0
1
0
1
0
1
1
0
2
1
0
1
0
1
1
2
1
0
0
1
0
2
0
0
0
1
1
0
2
2
2
1
2
0
1
1
1
0
1
0
1
1
0
1
1
2
1
0
0
0
0
0
0
1
0
1
1
2
0
2
0
0
2
0
1
0
1
1
2
3
1
0
1
1
1
1
2
0
1
4
0
1
1
1
0
2
0
1
2
0
0
3
0
1
1
2
1
0
2
1
1
4
2
1
0
1
0
0
0
0
1
4
0
0
2
1
3
0
2
2
0
3
1
0
3
1
1
0
4
0
1
2
1
1
1
1
4
1
0
0
0
0
3
1
3
3
1
1
3
0
1
2
0
0
1
2
1
0
1
1
0
1
1
1
0
1
1
0
0
1
0
0
1
0
1
0
3
1
0
2
0
0
0
1
2
1
1
0
0
1
0
2
2
0
0
2
0
1
0
1
1
0
2
0
0
3
0
0
1
0
0
0
0
1
1
2
0
1
0
0
0
0
0
1
1
2
0
0
1
0
2
1
0
0
0
0
0
0
0
0
3
0
1
0
1
0
1
1
1
0
1
2
0
2
1
0
0
0
0
0
0
1
1
1
0
2
1
0
1
2
1
1
0
1
1
2
0
0
1
0
0
1
0
1
0
2
0
0
2
2
0
0
0
0
1
0
1
1
0
0
0
0
1
1
0
0
1
1
2
1
1
0
0
0
0
2
0
2
1
1
0
0
1
0
2
1
1
2
0
0
1
1
0
2
1
0
0
0
1
0
1
0
0
1
1
0
2
1
2
0
2
0
0
1
0
1
0
1
1
0
0
0
1
2
0
0
1
1
0
1
0
1
1
0
0
0
0
0
0
0
1
2
2
1
0
1
0
0
1
0
1
2
0
0
0
0
0
0
0
1
0
2
3
0
0
3
1
0
0
0
0
1
1
0
0
1
1
0
2
0
0
2
1
0
1
0
0
1
1
1
2
1
0
1
1
1
0
0
1
1
1
0
2
1
0
1
0
0
1
1
1
0
2
1
0
1
1
1
1
1
2
0
0
2
1
1
2
0
0
1
1
2
1
2
0
1
0
1
1
0
0
0
2
1
1
2
1
1
0
1
0
0
0
1
0
1
1
2
1
1
1
1
1
0
0
0
0
0
1
0
0
0
1
1
1
0
0
1
1
0
1
0
0
2
0
0
0
1
1
1
1
1
1
0
1
0
0
1
1
1
0
1
0
0
1
0
2
1
0
1
1
0
0
1
0
0
1
1
2
0
1
0
1
0
1
1
1
0
2
0
0
1
0
1
2
0
0
0
1
1
2
0
1
1
0
2
2
0
0
1
0
0
0
3
1
1
1
0
2
1
0
2
2
1
2
0
0
1
1
0
1
1
2
1
1
1
0
0
5
1
1
2
3
2
0
1
2
1
1
0
3
1
3
2
2
3
5
1
2
2
0
2
3
1
3
1
1
2
3
3
0
1
3
1
1
3
5
3
0
5
4
4
3
7
5
4
3
6
9
8
2
4
4
4
6
4
7
8
6
6
8
10
11
7
12
3
5
12
12
8
14
9
8
9
14
13
5
12
11
16
9
10
12
13
9
9
7
6
15
9
11
10
4
10
7
7
13
8
12
15
11
11
8
11
7
9
12
10
19
14
6
10
5
9
6
9
19
6
10
6
6
7
5
4
11
6
7
11
5
3
2
8
4
6
5
7
4
4
5
5
4
2
5
5
6
2
4
0
9
3
3
2
3
5
2
5
2
6
4
3
3
1
2
2
0
2
3
1
4
0
1
2
1
2
4
2
1
1
2
5
1
1
1
1
0
2
0
1
2
0
2
1
0
0
0
1
1
0
2
2
4
1
1
2
1
2
0
1
0
2
4
0
1
0
0
0
0
0
0
4
1
1
0
1
0
0
0
0
1
1
0
1
2
0
1
0
1
1
1
0
1
0
0
1
2
1
1
1
0
0
0
1
1
0
0
0
0
0
2
2
1
2
1
1
2
1
0
0
1
0
0
2
0
2
1
1
0
0
0
1
0
0
0
0
1
0
0
1
2
0
3
1
0
2
0
0
0
0
1
4
0
1
1
0
1
1
0
3
0
1
0
0
1
2
0
0
0
0
0
0
0
1
0
0
1
0
0
0
0
1
0
0
1
0
0
1
0
0
0
1
0
1
0
0
0
0
0
0
1
0
0
0
1
1
1
1
0
0
0
0
0
1
0
0
0
1
0
0
2
1
0
1
1
0
2
0
1
0
0
0
0
1
0
0
0
0
1
1
0
1
0
1
1
0
1
0
0
0
0
0
1
1
1
1
1
0
1
0
1
0
1
0
0
0
1
1
2
1
1
0
1
1
0
0
0
0
0
0
0
0
1
1
1
1
1
1
1
0
1
1
0
0
0
0
1
1
0
0
0
1
0
0
0
1
0
0
0
0
1
1
0
1
1
0
1
1
1
0
0
0
0
1
1
0
0
0
2
2
1
2
0
0
0
1
2
1
0
1
1
0
2
0
0
2
1
2
0
0
0
0
0
0
0
0
0
3
1
1
0
0
0
2
1
0
0
0
0
0
0
2
1
0
1
1
1
0
0
1
1
0
0
0
0
1
0
0
0
1
0
0
0
0
0
0
0
0
0
1
0
0
1
0
0
0
2
0
2
0
0
0
0
0
0
0
1
0
0
0
1
1
1
1
0
1
1
0
3
0
1
0
0
1
0
2
2
0
2
3
0
0
1
2
0
0
3
0
0
0
0
0
0
2
3
0
0
0
0
1
0
1
0
3
0
2
0
0
1
0
0
1
0
2
1
0
1
0
1
0
2
1
0
2
0
1
2
0
1
1
0
0
1
0
0
0
4
0
0
0
0
1
0
1
0
0
0
0
0
0
0
0
0
0
0
0
1
1
0
2
0
0
0
0
0
0
0
1
0
0
0
0
0
0
0
0
0
0
0
0
0
0
2
3
1
0
0
1
0
1
0
1
0
0
0
2
1
0
0
0
2
0
1
2
0
1
0
0
1
0
0
0
1
0
0
0
0
1
1
2
0
0
1
0
0
0
0
0
0
2
0
0
1
1
2
0
0
2
1
1
0
0
2
1
1
0
0
0
0
1
2
2
0
0
0
0
0
1
0
1
0
1
0
0
0
1
0
3
0
0
0
0
1
0
0
1
2
1
0
1
1
1
0
1
0
1
0
0
0
1
0
0
0
0
0
1
0
0
0
0
0
1
0
0
1
0
0
0
0
1
0
0
1
0
1
1
0
1
0
0
0
1
1
0
0
0
0
0
0
0
0
1
1
0
0
0
0
1
0
1
1
0
0
1
0
1
0
1
0
0
0
1
2
0
0
0
1
0
1
1
0
1
0
0
0
1
0
0
0
0
1
0
0
2
2
0
0
0
0
0
0
0
0
0
2
1
0
0
2
1
0
0
0
0
0
0
0
2
0
1
1
2
0
0
0
0
0
0
0
1
1
0
1
0
0
0
0
1
0
0
1
1
0
0
1
0
0
0
2
0
0
0
0
0
0
2
0
0
2
0
1
0
0
0
1
1
0
0
1
0
0
0
1
1
1
0
0
0
0
1
0
0
0
0
0
0
0
1
0
0
0
1
2
0
0
1
1
0
0
0
2
1
0
1
0
1
0
0
0
0
1
0
0
0
0
0
0
0
1
0
0
0
0
1
1
0
0
0
1
1
2
0
1
2
0
0
0
0
0
0
2
0
0
0
0
1
0
0
0
0
0
0
1
1
0
0
0
0
0
0
0
0
1
0
0
0
0
0
0
0
0
0
0
0
0
0
0
0
0
0
0
0
0
0
0
0
0
0
0
0
0
0
0
0
0
0
0
0
0
0
0
0
0
0
0
0
0
0
0
0
0
0
0
0
0
0
0
0
0
0
0
0
0
0
0
0
0
0
0
0
0
0
0
0
0
0
0
0
0
0
0
0
0
0
0
0
0
0
0
0
0
0
0
0
0
0
0
0
0
0
0
0
0
0
0
0
0
0
0
0
0
0
0
0
0
0
0
0
0
0
0
0
0
0
0
0
0
0
0
0
0
0
0
0
0
0
0
0
0
0
0
0
0
0
0
0
0
0
0
0
0
0
0
0
0
0
0
0
0
0
0
0
0
0
0
0
0
0
0
0
0
0
0
0
0
0
0
0
0
0
0
0
0
0
0
0
0
0
0
0
0
0
0
0
0
0
0
0
0
0
0
0
0
0
0
0
0
0
0
0
0
0
0
0
0
0
0
0
0
0
0
0
0
0
0
0
0
0
0
0
0
0
0
0
0
0
0
0
0
0
0
0
0
0
0
0
0
0
0
0
0
0
0
0
0
0
0
0
0
0
0
$ROI:
0
0
$PRESETS:
Live Time
0
0
