$SPEC_ID:

$SPEC_REM:
DET# 1
DETDESC# MCB 25
AP# ORCA (11.0h)
$DATE_MEA:
2017-08-12 06:12:02 +0000
$MEAS_TIM:
3131.02 4320.00
$DATA:
0 16383
0
0
0
0
0
0
0
0
0
0
0
0
0
0
0
0
0
0
0
0
0
0
0
0
0
0
0
0
0
0
0
0
0
0
0
0
0
0
0
0
0
0
0
0
0
0
0
0
0
0
0
0
0
0
0
0
0
0
0
0
0
0
0
0
0
0
0
0
0
0
0
0
0
0
0
0
0
0
0
0
0
0
0
0
0
0
0
0
0
0
0
0
0
0
0
0
0
0
0
0
0
0
0
0
0
0
0
0
0
0
10
58
1625
11080
19866
19466
17732
16982
16697
16143
16248
16444
16707
16881
16994
17192
17488
17704
17791
18057
18059
18403
18509
18337
18390
18503
18415
18356
18376
18223
18122
18339
18194
18184
18072
18057
17966
17913
17804
17801
17826
17750
17869
17676
17407
17635
17334
17479
17449
17241
17430
17271
17447
17195
17280
17150
17046
17078
16873
17102
16764
16859
17040
16884
16863
16813
16686
16639
16514
16671
16539
16432
16423
16739
16526
16569
16381
16479
16207
16454
16283
16502
16157
16201
16243
15981
15979
16053
16053
15939
15720
15784
15829
15999
15648
16071
15467
15765
15936
15595
15636
15568
15404
15638
15552
15548
15560
15662
15446
15684
15223
15487
15208
15344
15455
15273
15240
15192
15455
15177
15194
15065
15243
15206
15140
15309
15405
14858
15362
15026
14939
15222
14865
15269
14884
15021
14646
14675
14847
14638
14770
14797
14702
14835
14653
14714
14586
14525
14816
14648
14753
14804
14473
14652
14566
14488
14518
14500
14585
14342
14727
14345
14277
14361
14497
14297
14286
14374
14202
14268
14366
14230
14139
14295
14136
14181
14157
14242
14179
14093
14037
14193
14034
14058
14052
14298
14227
14119
14068
14109
13970
14174
14063
14024
13965
13933
14100
13883
13995
13772
13912
13771
13915
13814
13828
13683
13730
13854
13793
13849
13623
14032
13522
13840
13651
13603
13599
13951
13639
13610
13511
13576
13537
13551
13653
13491
13725
13409
13568
13378
13533
13495
13694
13656
13611
13514
13393
13471
13714
13570
13381
13299
13281
13294
13358
13330
13208
13191
13151
13101
13296
13365
13140
13273
13325
13225
13132
13142
13169
13185
13295
13123
13171
13304
13072
12882
12998
12972
13098
13027
13237
12981
13089
13175
12878
13016
12990
13201
13036
12876
12858
12790
12911
12799
12966
12798
13008
12715
13093
13158
13156
13028
12911
12941
13021
13023
12897
13004
12822
13010
12823
12680
12871
12789
12819
12755
12697
12798
12834
12608
12804
12745
12600
12816
12834
12693
12642
12736
12513
12647
12763
12632
12433
12520
12609
12500
12720
12280
12613
12332
12580
12510
12730
12591
12425
12391
12411
12698
12524
12408
12403
12741
12390
12243
12495
12518
12529
12345
12196
12356
12174
12393
12320
12244
12418
12493
12384
12312
12360
12170
12414
12104
12252
12271
12192
12044
12280
12247
12096
12157
12121
12248
12313
12256
12065
12348
12268
12140
12241
12208
12456
11955
12039
12242
12148
12087
12349
11974
12181
12135
12219
11976
12183
11843
11972
11879
12198
12007
12131
11914
11946
11976
12147
11986
11883
11984
11968
11920
12019
12165
12069
11911
11732
11918
11956
12009
11806
11945
11821
11824
12039
11797
11965
11905
11740
11924
11848
11903
11658
11872
11781
11890
11689
11703
11878
11724
11538
11915
11887
11833
11719
11781
11614
11647
11668
11777
11697
11661
11540
11693
11529
11709
11541
11718
11796
11707
11715
11657
11627
11652
11724
11720
11452
11685
11706
11576
11724
11519
11576
11651
11584
11554
11382
11484
11859
11554
11550
11312
11577
11324
11458
11436
11346
11363
11499
11482
11369
11407
11153
11568
11335
11355
11270
11369
11130
11331
11374
11341
11403
11199
11304
11219
11214
11119
11288
11238
11255
11210
11249
11247
11206
11135
11224
10977
11149
11201
11281
11194
11201
11034
11122
11301
11149
11145
11033
11282
11293
11312
11195
11248
11108
11095
11010
11081
11239
11142
11155
10944
10959
10893
11047
11080
10969
10969
10764
10972
11039
11031
11156
11123
11354
11009
11015
11009
10951
10916
10908
10987
10979
10895
11110
10821
10895
11205
11000
10870
10984
10915
10680
10917
10725
11167
10880
10838
10720
10887
10860
10901
10722
10929
11000
10789
10771
10944
10757
10821
10905
10834
10673
10793
10710
10816
10724
10732
10791
10739
10629
10802
10636
10946
10823
10857
10746
10802
10924
10722
10887
10632
10867
10767
10621
10786
10760
10872
10686
10762
10625
10790
10719
10730
10709
10762
10909
10698
10756
10626
10660
10679
10491
10720
10567
10676
10803
10809
10726
10749
10546
10790
10872
10638
10736
10720
10582
10580
10723
10788
10727
10430
10739
10576
10683
10946
10861
10658
10518
10637
10952
10732
10741
10819
10689
10667
11134
10707
10808
10750
10914
10840
10972
10930
10929
10893
11043
10897
11131
10855
11248
11176
11195
11218
11345
11420
11321
11441
11733
11900
11772
11776
12099
12070
12127
12248
12408
12468
12611
12851
12908
12701
13067
13268
13203
13452
13516
13769
13792
13881
13867
14006
14027
14352
14418
14960
14721
15023
14954
15012
15432
15251
15386
15384
15505
15530
15679
16070
15955
15952
16259
16426
16511
16614
16659
16714
16645
17032
17038
17290
17282
17391
17739
17719
18053
17830
18059
17948
18138
18031
18077
17951
17806
17525
17335
17136
17025
16930
16694
16203
16216
16109
15953
15905
15512
15196
15261
14739
14836
14383
14098
14005
13876
13375
13513
13225
13070
12729
12435
12387
12014
12035
11802
11608
11504
11446
11383
10953
11024
10893
10981
10806
10686
10530
10617
10412
10389
10551
10500
10412
10413
10313
10195
10221
10344
10387
10396
10292
10423
10146
10269
10264
10320
10166
10303
9992
10113
10126
10228
10116
10385
10492
10318
10350
10282
10248
10339
10395
10330
10292
10431
10391
10272
10289
10408
10335
10399
10326
10417
10238
10395
10399
10524
10171
10421
10308
10388
10383
10383
10317
10578
10474
10442
10496
10497
10553
10280
10477
10329
10432
10699
10379
10370
10461
10500
10494
10648
10637
10738
10771
10506
10537
10652
10567
10373
10401
10847
10508
10608
10583
10700
10916
10643
10847
10750
10861
10775
10888
10987
10786
10823
10780
10884
10645
10870
10776
10855
10702
10586
11045
10875
10795
10961
10700
10824
10902
11061
10863
10932
11076
10975
11045
10998
11126
11119
11077
11028
10988
10974
11075
11348
11021
11073
11148
11074
11221
11047
10995
11179
11257
11283
11212
11326
11063
11202
11214
11327
11327
11370
11296
11273
11274
11363
11429
11140
11290
11298
11090
11260
11490
11394
11570
11623
11389
11456
11522
11534
11510
11584
11389
11475
11608
11590
11564
11432
11603
11590
11644
11631
11821
11511
11566
11663
11679
11834
11595
11816
11660
11732
11580
11737
11664
11947
11706
11890
11852
11813
11948
11875
11740
11875
11850
11896
11758
12042
11878
11884
11830
11934
11902
11877
11935
11874
11891
11891
11914
11991
11974
12057
11998
11968
12081
11822
12068
11949
11820
12139
12045
12086
12045
12114
12042
12103
12134
12046
12121
12152
12068
12133
12153
12372
12187
12359
12088
12211
12239
12348
12221
12339
12224
12168
11978
12417
12423
12267
12377
12577
12408
12311
12306
12284
12278
12453
12160
12297
12436
12332
12435
12431
12322
12363
12499
12354
12641
12401
12543
12557
12380
12674
12565
12643
12706
12582
12520
12592
12627
12561
12607
12631
12467
12606
12809
12554
12766
12637
12711
12800
12746
12598
12705
12677
12634
12732
12833
12683
12595
12690
13074
12570
12771
12934
12899
12736
12749
12761
12752
12751
13055
12801
12805
12773
12861
12936
12921
13011
12979
13055
12853
12849
13015
12893
12896
13270
13070
12953
13033
12903
13052
13035
13259
13009
13166
13191
12986
13034
13019
13006
13235
12964
12991
12886
13055
13333
13106
13063
13119
13229
13137
13225
13324
13010
13094
13175
13317
13269
13266
13371
13104
13277
13470
13248
13546
13469
13334
13345
13326
13393
13384
13256
13378
13393
13611
13529
13404
13562
13589
13474
13386
13474
13434
13174
13861
13494
13719
13552
13319
13566
13617
13547
13629
13540
13432
13535
13483
13529
13873
13572
13902
13813
13726
13780
13793
13589
13629
13796
13556
13837
13768
13897
13992
13608
13467
13774
13960
13964
13778
13823
13934
13900
13792
13943
13702
13803
13832
14005
14107
13780
14009
13688
13931
13993
14086
14261
14030
14123
13943
13982
14222
14110
14055
14171
13958
14320
14158
14270
14144
14155
14095
14134
14407
14172
14424
14113
14207
14442
14188
14361
14320
14055
14473
14008
14479
14367
14239
14416
14588
14349
14554
14332
14684
14590
14575
14386
14680
14715
14807
14469
14433
14574
14599
14888
14600
14559
14668
14667
14702
14763
14812
14755
14836
14834
14932
14807
14877
14673
14993
14804
14974
14995
15238
14821
15046
14876
15045
15084
15077
15237
15122
15025
15196
15294
15101
15108
15139
15019
15182
15175
15307
15347
15374
15187
15482
15451
15506
15288
15517
15171
15474
15299
15333
15411
15401
15268
15564
15544
15602
15776
15334
15438
15566
15762
15569
15801
15833
15848
15836
15810
15895
15803
15948
15509
15934
15698
15866
15645
15763
16014
16103
16106
16209
16007
15939
15905
15833
15809
16006
16204
16003
15908
16170
16140
16116
16277
16065
15951
16125
16349
15950
16073
16193
16209
16119
16120
16284
16400
16248
15892
16343
15961
16441
16181
16321
16467
16299
16428
16317
16286
16594
16598
16628
16475
16306
16296
16305
16408
16382
16689
16319
16692
16648
16533
16492
16664
16470
16467
16506
16761
16779
16446
16756
16590
16740
16711
16881
16722
16759
16829
16961
17057
17115
16994
17005
16943
16963
17220
17050
17304
17083
17192
17170
17189
17061
17374
17084
17566
17417
17175
17490
17510
17391
17528
17629
17591
17739
17541
17533
17700
17813
17806
17856
17781
17698
17694
17790
17792
17951
17953
18056
17810
18055
18127
18200
18075
18059
18440
18312
18146
18336
18207
18276
17990
18380
18527
18536
18171
18367
18279
17981
18337
18197
18168
18291
18359
18332
18526
18124
18269
18301
18079
18162
18082
18255
18517
18405
18535
18437
18450
18334
18360
18355
18262
18133
18026
18455
18304
18380
18477
18767
18524
18644
18436
18473
18539
18448
18320
18630
18617
18822
18580
18692
18659
18633
18569
18493
18741
18628
18696
18754
18574
18848
18653
18771
18817
18875
18807
19254
18776
18830
19001
19256
19039
18982
19082
18805
19129
18912
19212
19075
19165
18896
19166
19030
19332
18936
19237
19185
19339
19097
19268
19054
19498
19137
19250
19152
19233
19553
19265
19052
19334
19251
19298
19335
19074
19211
18832
19009
18846
18806
18848
18637
18718
18808
18418
18400
18464
18444
17943
18118
18206
18102
18139
17994
17933
17888
17753
17708
17789
17539
17449
17623
17468
17448
17143
17160
17322
17359
17172
17081
16871
16981
17135
16976
16666
17008
16879
16933
16643
16879
16926
16783
16694
16642
16877
16357
16856
16570
16760
16695
16531
16266
16713
16705
16777
16524
16465
16670
16704
16442
16541
16530
16484
16328
16313
16312
16616
16480
16338
16331
16278
16541
16201
16443
16265
16256
16267
16292
16396
16422
16356
16206
16335
16088
16182
16150
16268
16137
16219
16212
15974
16130
15916
16005
16373
16071
16111
16020
16040
16371
16192
15886
16161
15956
15896
16017
16021
15917
15994
16006
15751
15868
16022
16176
15603
15847
16006
16067
15997
16048
16024
16014
16008
15689
15910
15771
16002
15975
16103
15812
15803
15928
15739
15967
16043
16077
15835
15714
15690
15697
15953
15922
15751
15830
15769
15778
16137
15587
15622
15792
15957
15981
15754
15906
15708
15778
15843
15640
15663
15431
15620
15666
15672
15635
15862
15564
15636
15578
15579
15653
15440
15680
15629
15762
15681
15664
15289
15474
15593
15812
15683
15688
15673
15601
15780
15419
15477
15340
15559
15389
15636
15368
15477
15504
15495
15680
15599
15577
15480
15512
15680
15411
15661
15358
15438
15631
15525
15318
15322
15514
15471
15493
15534
15623
15145
15449
15782
15463
15465
15274
15578
15405
15374
15654
15394
15316
15417
15444
15624
15419
15423
15282
15440
15498
15505
15464
15323
15277
15366
15480
15386
15228
15532
15577
15547
15154
15524
15301
15258
15220
15321
15561
15375
15160
15460
15427
15250
15366
15425
15359
15308
15349
15283
15083
15445
15205
15383
15193
15281
15358
15358
15360
15523
15496
15240
15406
15269
15106
15121
15468
15322
15478
15161
15348
15108
15289
15075
15266
15159
15401
15191
15216
15149
15264
15245
15436
15225
15382
15114
15483
15388
15271
15179
15236
15413
15155
15381
15362
15289
15234
15334
15417
15027
15267
15311
15297
15279
14815
15167
15251
15094
15045
14909
15455
15187
15224
15097
15305
15200
15191
15105
15303
15240
15268
15316
15098
15218
15043
15322
15182
15157
15224
15176
15373
15109
15004
15087
15200
15068
15242
15353
15132
14970
15062
15317
15261
15200
15104
15067
15189
15090
15417
14954
14961
15248
15057
15087
15311
15251
15305
15085
15047
15251
15106
15076
14940
15047
15168
14981
15124
15173
14955
15232
15220
14851
15059
15095
15178
15213
15223
15132
15139
15083
15137
14920
14994
15022
14903
15047
14863
14904
15059
14905
15030
14975
15011
15070
14906
14842
14902
15022
14663
14677
14891
14841
14689
14869
14955
14810
14958
14775
14598
14524
14782
14583
14751
14713
14505
14656
14389
14591
14762
14247
14598
14697
14528
14420
14512
14443
14437
14341
14409
14423
14565
14354
14248
14107
14138
14116
13956
13982
13751
13965
14003
13992
13790
13770
13767
13732
13729
13702
13549
13663
13653
13515
13506
13602
13531
13579
13572
13363
13479
13254
13072
13232
12973
13030
13145
13074
13102
13410
12980
13045
13064
12965
12847
12945
12909
12921
12788
12575
12760
12766
12773
12578
12567
12481
12406
12439
12540
12509
12302
12390
12435
12258
12261
12165
12116
12102
12046
12134
12186
12039
12261
12045
12060
11885
11799
11948
12063
12204
11948
11901
11920
11847
11856
11731
11948
11824
11832
11808
11942
11617
11533
11667
11592
11594
11475
11440
11555
11595
11382
11316
11385
11578
11528
11395
11431
11319
11411
11300
11452
11479
11439
11303
11431
11560
11472
11319
11259
11321
11395
11262
11318
11211
11391
11334
11153
11032
11128
11027
11045
11100
11114
11216
11101
11106
11191
11144
11169
11351
11111
11329
11098
11195
11283
11232
11262
11144
11281
11331
11402
11595
11436
11395
11519
11216
11508
11518
11271
11487
11540
11304
11442
11544
11501
11534
11535
11382
11397
11605
11542
11578
11494
11417
11551
11641
11676
11376
11667
11776
11544
11491
11785
11671
11491
11879
11795
11735
11690
11793
11811
11739
11898
12077
11738
11717
11926
11616
11756
11751
11767
11772
11560
11530
11631
11651
11542
11387
11365
11495
11506
11343
11223
11191
11232
11054
11141
11064
11044
10751
11012
10711
10518
10786
10866
10604
10591
10822
10620
10399
10348
10282
10210
10407
10255
10061
10106
10147
10252
10328
10246
9992
10103
10105
10238
10000
10201
10055
10139
10037
9942
9967
9904
9943
9866
9822
9889
9818
9752
9598
10053
9921
9819
9799
9927
9651
9715
9624
9878
9614
9814
9726
9766
9635
9763
9710
9553
9703
9596
9623
9625
9759
9738
9580
9475
9566
9417
9555
9512
9357
9424
9416
9693
9433
9403
9361
9546
9407
9254
9336
9199
9362
9394
9324
9347
9358
9260
9389
9403
9385
9422
9301
9247
9091
9287
9203
9339
9433
9208
9059
9246
9251
9369
9304
9192
9218
9125
9119
9246
9172
9049
9099
9187
9131
9057
8947
8833
9109
9152
9047
8951
9032
9070
8891
8906
9081
9025
9011
8858
8911
8958
9034
8984
9099
9059
8891
8768
9193
8841
8753
8884
8914
8991
8851
8831
8748
8650
8914
8858
8814
8749
8920
8847
8760
8459
8634
9025
8840
8654
8725
8810
8706
8905
8830
8728
8741
8740
8709
8565
8779
8890
8667
8632
8602
8663
8607
8746
8614
8764
8699
8623
8564
8564
8625
8619
8596
8498
8442
8688
8587
8573
8307
8389
8574
8606
8503
8488
8558
8370
8371
8595
8475
8490
8401
8487
8448
8443
8499
8438
8406
8527
8352
8333
8292
8362
8317
8342
8438
8492
8564
8257
8477
8472
8217
8277
8442
8242
8408
8350
8231
8375
8345
8213
8322
8178
8285
8310
8294
8356
8118
8203
8209
8187
8224
8076
8242
8203
8269
8249
8242
8048
8165
8332
8109
8120
8094
8179
8272
8104
8151
8243
8071
8184
8152
8037
8210
8103
8143
7977
8066
8093
8084
8087
8157
8069
7923
8119
7927
8042
8040
7956
8145
8041
8196
8042
7927
8029
8074
8061
8130
8073
7948
7862
7830
7870
7950
7896
8064
7966
7984
8025
7921
7855
7994
7830
7973
7981
7971
7959
7764
7800
7862
7807
8003
7891
7944
8003
7877
7878
7807
7828
7765
7812
7856
7846
7775
7748
7842
7709
7789
7877
7809
7760
7791
7860
7860
7586
7901
7809
7968
7647
7869
7782
7771
7789
7706
7726
7891
7797
7747
7676
7713
7689
7835
7669
7766
7755
7472
7586
7630
7745
7643
7593
7484
7703
7690
7505
7700
7564
7706
7562
7677
7585
7656
7736
7560
7479
7593
7517
7700
7463
7691
7403
7504
7635
7537
7610
7620
7575
7630
7510
7616
7585
7587
7292
7538
7476
7658
7591
7465
7579
7546
7472
7526
7447
7498
7402
7531
7497
7480
7325
7468
7398
7467
7444
7395
7374
7652
7362
7420
7409
7627
7372
7339
7430
7469
7307
7352
7250
7398
7376
7388
7390
7381
7376
7477
7481
7448
7443
7298
7279
7473
7429
7362
7442
7407
7246
7370
7327
7348
7490
7535
7562
7478
7516
7327
7580
7612
7710
7722
7809
7725
7967
7878
8049
8351
8168
8439
8517
8562
8631
8998
9011
9318
9593
9762
9835
10113
10297
10571
10966
11181
11328
11528
11869
12366
12488
12645
13051
13432
13721
14089
14259
14656
14977
15150
15545
15837
16137
16513
16759
16860
17254
17483
17708
18128
17979
18589
19079
19184
19481
19634
20234
20533
20548
21093
21144
21468
21914
22034
22805
23028
23598
23529
23863
23953
24078
24704
24618
24421
24641
24733
24543
24066
24003
23812
23597
23348
22885
22559
22080
21389
20786
20296
19944
19457
18905
18109
17610
16925
16355
15930
15406
14649
14270
13717
13081
12579
12118
11760
11513
10933
10682
10212
9947
9743
9212
9062
8851
8537
8403
8166
8046
7770
7599
7664
7442
7396
7123
7138
7121
6891
7053
6825
6912
7008
6694
6731
6687
6579
6716
6577
6628
6685
6630
6667
6388
6488
6482
6519
6413
6515
6589
6430
6627
6427
6447
6537
6536
6609
6525
6567
6458
6394
6471
6372
6405
6324
6422
6450
6466
6448
6518
6298
6397
6428
6376
6485
6360
6403
6569
6337
6343
6334
6332
6305
6422
6378
6274
6395
6567
6352
6262
6338
6384
6315
6443
6346
6453
6435
6476
6523
6370
6428
6410
6311
6334
6351
6391
6229
6282
6285
6371
6387
6291
6349
6368
6314
6363
6355
6214
6414
6354
6408
6372
6355
6228
6193
6345
6412
6326
6328
6395
6439
6379
6301
6350
6365
6296
6313
6365
6525
6346
6105
6246
6339
6419
6376
6277
6358
6395
6219
6411
6177
6364
6235
6232
6194
6405
6270
6183
6356
6246
6314
6181
6509
6348
6382
6361
6448
6413
6367
6372
6498
6471
6427
6643
6773
6613
6927
6774
7037
7007
7071
7163
7428
7339
7742
7941
8029
8306
8566
8942
9269
9564
9809
10238
10681
11101
11665
12106
12602
12908
13671
14099
15061
15425
16083
16842
17305
17795
18761
19684
20515
21300
21724
22523
23197
23824
24786
25312
26183
26969
27447
28442
28818
29520
30472
31349
31956
32669
33075
33678
34655
35041
35813
37038
37208
37739
38840
39770
39875
40814
41353
41931
43004
43974
44886
45124
46118
46141
46781
47143
47232
47311
47368
47504
47157
47008
46124
45689
44538
43866
42883
41813
40809
40054
38729
37725
36061
35040
33449
32199
31071
29419
28123
26678
25658
23880
22966
21662
20727
19229
18362
17484
16293
15315
14413
13452
12855
12290
11464
10849
10563
9752
9347
8981
8565
8109
7813
7469
7200
7151
6903
6517
6444
6285
6171
5946
5806
5767
5755
5530
5500
5514
5326
5333
5397
5302
5310
5253
5152
5197
5230
5118
5101
5202
5131
5177
4918
5132
5107
5087
4883
5043
5040
5064
4987
4942
4910
4946
4908
5016
4947
4974
4919
4864
4866
4939
4934
4868
4885
4857
4847
4925
4916
4844
4777
4792
4893
4813
4802
4798
4842
4830
4815
4835
4878
4899
4862
4815
4896
4747
4809
4845
4795
4911
4788
4869
4724
4781
4791
4760
4771
4841
4774
4818
4798
4858
4874
4738
4666
4755
4898
4755
4854
4815
4739
4711
4668
4735
4626
4671
4785
4520
4694
4565
4768
4838
4600
4619
4727
4728
4677
4675
4686
4561
4701
4707
4598
4542
4695
4709
4704
4836
4651
4651
4710
4671
4659
4518
4728
4729
4568
4604
4477
4634
4655
4579
4624
4786
4607
4611
4571
4557
4474
4654
4637
4626
4650
4574
4598
4512
4552
4523
4676
4634
4488
4532
4489
4559
4647
4562
4535
4527
4621
4553
4659
4558
4669
4501
4482
4579
4480
4566
4656
4572
4565
4489
4544
4664
4546
4643
4587
4511
4526
4602
4527
4550
4409
4524
4551
4451
4355
4549
4533
4569
4396
4464
4436
4474
4559
4526
4533
4510
4475
4490
4513
4478
4529
4448
4480
4477
4570
4371
4600
4440
4444
4409
4556
4409
4490
4613
4582
4442
4432
4585
4608
4339
4430
4503
4381
4501
4601
4474
4431
4475
4590
4562
4402
4407
4361
4444
4419
4366
4400
4553
4493
4373
4529
4504
4482
4476
4220
4321
4492
4344
4370
4439
4460
4314
4418
4324
4434
4439
4328
4360
4317
4389
4431
4328
4328
4370
4323
4400
4345
4425
4457
4340
4482
4283
4418
4369
4297
4344
4409
4321
4389
4354
4452
4358
4307
4377
4359
4438
4281
4415
4440
4377
4314
4413
4329
4257
4232
4403
4262
4249
4441
4210
4429
4346
4396
4442
4415
4311
4427
4374
4230
4369
4266
4247
4344
4403
4311
4483
4280
4182
4301
4344
4361
4248
4295
4296
4345
4347
4327
4224
4290
4282
4272
4248
4298
4361
4318
4379
4350
4343
4257
4410
4269
4377
4434
4253
4344
4331
4333
4336
4398
4349
4297
4412
4387
4318
4391
4291
4412
4370
4393
4286
4340
4266
4326
4343
4398
4332
4278
4391
4278
4475
4373
4362
4343
4355
4305
4400
4430
4366
4457
4418
4328
4455
4448
4320
4469
4430
4504
4483
4408
4460
4504
4454
4509
4536
4546
4544
4511
4439
4393
4423
4587
4644
4570
4613
4649
4680
4657
4730
4761
4811
4805
4907
5013
4975
4966
5073
5135
5305
5363
5623
5679
5663
6116
6248
6516
6807
7018
7522
7890
8427
8913
9399
10015
10671
11437
12480
13227
14030
15420
16361
17124
18411
19922
21180
22912
24300
25774
27727
29234
31063
33058
34635
36872
38768
40585
42327
44790
46832
48823
51113
52931
55548
57995
59580
61335
63993
65992
68725
70263
72620
74368
76976
78975
81027
82450
84402
87105
88833
91285
93116
95759
96988
98825
101278
103552
105944
108115
109816
111795
113859
115687
116979
118634
119749
121357
122175
122629
123269
123164
122457
121717
120372
119522
118039
115823
113894
111677
108380
105513
102183
98615
95711
91562
87642
84195
80315
77308
72618
68637
65167
61010
57813
54011
50652
47416
44064
41168
37920
34860
32338
29786
27530
25221
23192
21358
19780
17920
16498
15267
13955
12669
11528
10630
9916
9051
8352
7808
7214
6900
6382
5859
5453
5243
4780
4675
4277
4146
3893
3886
3550
3447
3305
3138
3084
2949
2907
2968
2720
2705
2735
2607
2606
2477
2444
2452
2359
2449
2340
2254
2250
2234
2261
2159
2121
2182
2112
2165
2166
2055
2048
2072
2116
2112
2077
1978
2118
2032
1990
1945
2031
2025
1996
2027
1969
1995
1975
1929
1891
1994
1959
1880
1943
1903
1913
1913
1825
1959
1876
1860
1905
1906
1829
1870
1833
1876
1812
1869
1706
1863
1849
1869
1877
1839
1872
1725
1816
1767
1759
1856
1796
1714
1783
1807
1750
1686
1797
1751
1772
1808
1724
1747
1750
1685
1707
1769
1696
1743
1633
1764
1710
1707
1719
1703
1678
1776
1691
1756
1693
1717
1645
1696
1712
1730
1636
1785
1688
1675
1748
1713
1688
1667
1659
1615
1727
1669
1663
1686
1621
1709
1621
1714
1760
1674
1672
1613
1728
1750
1665
1628
1681
1693
1648
1720
1684
1749
1715
1746
1696
1691
1818
1879
1824
1855
1920
1957
1965
2000
2105
2058
2264
2312
2313
2435
2509
2626
2710
2896
3011
3320
3386
3362
3540
3789
3951
4120
4443
4616
4907
5081
5285
5525
5820
6195
6294
6689
6941
7070
7564
7721
7900
8322
8577
8735
9044
9530
9686
9934
10403
10607
10825
11220
11369
12107
12006
12281
12443
12901
13105
13279
13570
13807
14053
14554
14832
15067
15356
15653
16037
16221
16540
16390
17002
16954
17023
17161
17210
17277
16930
17251
16831
16667
16663
16232
15947
16007
15684
15282
14678
14504
13939
13690
13015
12811
12024
11705
11176
10557
10063
9802
9013
8603
8058
7602
7290
6723
6443
6003
5520
5167
5011
4549
4320
3945
3826
3550
3261
3070
2924
2732
2532
2398
2416
2196
2151
2043
1865
1860
1766
1726
1683
1614
1535
1492
1439
1375
1442
1418
1327
1350
1343
1284
1275
1264
1251
1245
1213
1189
1172
1140
1159
1146
1179
1152
1206
1160
1127
1141
1100
1087
1116
1122
1097
1152
1093
1171
1072
1101
1034
1083
1070
1029
1034
1059
1070
1063
1068
1106
1085
1023
1086
1078
1038
1013
1093
1089
1026
1094
1056
1062
1096
1058
1096
1046
1045
1104
1123
1038
1017
1076
997
1021
1033
1026
1009
1022
1024
1017
1009
1035
995
1096
978
972
1079
983
955
968
950
1066
1005
979
990
977
1035
905
1020
1003
1002
965
978
998
992
940
1014
976
977
931
972
1042
999
1011
1010
957
925
926
939
948
981
974
1006
943
969
992
972
977
934
901
890
939
945
953
930
996
959
976
931
909
956
958
994
964
960
983
880
950
985
863
913
903
898
920
914
950
943
888
906
1001
961
922
935
884
898
879
944
902
913
947
938
876
879
904
912
940
903
841
888
921
883
881
910
947
901
875
914
868
888
948
866
930
878
876
873
892
927
852
922
890
898
902
838
896
889
902
889
893
898
880
900
890
875
872
886
810
894
867
904
864
863
899
883
923
805
927
872
870
872
872
861
867
794
858
908
871
831
846
842
819
826
899
865
824
874
870
842
920
832
814
841
788
830
847
836
863
810
833
882
877
860
894
842
867
831
784
833
841
863
864
833
819
855
764
827
823
844
858
836
785
780
846
840
841
835
829
850
834
836
840
798
859
756
779
830
807
831
799
780
812
797
799
861
810
788
776
807
867
809
756
776
811
825
783
848
784
841
811
846
808
801
833
808
843
799
786
787
828
814
783
785
848
770
836
826
795
772
812
774
853
801
814
801
770
830
784
744
846
826
783
742
750
812
838
819
763
771
781
855
806
742
785
802
824
781
747
794
847
776
794
758
766
767
811
800
786
805
731
768
827
791
767
713
791
805
802
825
733
758
805
781
801
711
778
738
790
780
789
811
777
789
800
748
744
813
825
777
781
792
758
834
787
786
785
745
758
748
734
800
783
826
753
731
807
751
750
742
762
762
781
749
774
767
868
789
777
794
778
736
745
816
799
751
807
831
765
807
758
770
843
768
777
796
769
830
826
835
847
795
861
813
838
817
821
826
814
853
859
881
813
861
872
873
915
843
887
851
908
877
865
851
892
891
877
892
900
838
916
891
891
907
874
871
916
828
932
894
856
875
876
893
862
881
938
885
923
839
867
876
852
832
886
796
853
784
851
842
866
801
792
788
843
771
761
765
752
723
790
750
704
700
687
679
689
707
700
700
719
692
710
668
749
733
679
725
701
672
706
664
668
706
665
641
655
624
639
665
680
674
677
717
680
680
682
680
669
692
635
712
694
671
689
644
646
721
659
678
685
688
671
676
657
708
682
662
660
657
604
667
627
686
635
677
662
649
634
723
629
669
665
680
666
670
659
644
667
619
593
633
619
657
660
640
638
666
620
576
625
664
619
632
685
593
633
634
626
657
619
637
593
682
621
605
633
590
645
611
629
680
626
583
587
605
629
642
609
615
645
663
636
599
631
606
631
597
623
615
627
634
637
613
633
588
592
600
644
635
614
636
604
645
615
621
664
557
620
592
630
611
644
593
586
634
601
597
590
564
596
585
588
550
624
570
647
607
630
627
600
594
590
642
608
609
580
626
568
630
616
561
554
571
629
625
578
620
574
605
604
595
612
602
591
597
603
575
585
566
563
590
610
617
614
615
621
584
548
628
602
570
599
543
584
606
593
554
602
579
589
573
574
579
625
591
630
570
618
622
583
601
607
563
581
636
587
629
534
550
568
588
567
568
562
576
566
541
579
577
596
580
548
516
555
595
592
568
565
589
603
587
531
528
580
609
544
542
615
598
566
577
584
557
561
588
500
528
596
589
547
554
607
557
531
548
554
568
604
550
591
554
565
543
594
575
582
533
542
534
545
534
554
532
577
524
595
526
562
586
570
564
542
535
549
577
551
553
556
545
550
566
509
534
545
561
524
535
537
540
549
527
514
573
519
500
547
591
593
545
531
533
528
560
547
549
563
573
521
554
571
509
562
505
555
545
518
536
574
449
522
566
581
512
523
517
521
499
487
551
567
526
514
544
526
538
499
511
544
532
554
519
533
522
544
510
537
557
521
530
526
533
519
508
549
523
530
537
493
499
521
496
466
505
530
523
509
511
526
485
530
545
533
549
491
534
547
548
531
519
522
495
512
508
492
552
455
522
539
480
477
496
501
531
476
527
524
514
519
522
474
506
535
526
507
521
484
470
492
464
523
500
527
468
513
524
478
523
495
512
508
504
470
500
531
537
514
494
501
473
486
487
496
512
511
494
474
459
496
497
519
495
497
513
486
516
508
516
472
508
487
495
496
505
498
439
467
511
514
485
495
512
487
477
493
485
449
474
506
492
485
495
517
478
487
496
479
483
494
476
461
475
471
498
480
487
491
506
467
489
468
494
489
457
447
490
495
497
490
497
485
437
461
508
495
480
464
474
475
488
472
465
445
471
471
461
496
471
417
479
489
487
474
463
495
485
478
468
451
444
460
494
456
467
476
489
471
471
460
430
453
492
458
450
420
482
464
466
475
461
459
483
438
475
459
439
479
423
478
501
493
507
455
483
485
477
411
463
456
444
468
427
463
457
444
479
449
472
467
430
475
489
477
422
446
455
480
442
452
489
487
466
418
477
459
432
437
447
464
483
439
424
454
453
413
436
476
445
422
487
457
457
462
470
449
471
445
401
485
426
461
437
436
449
457
421
440
444
448
382
436
417
403
445
433
419
414
433
410
424
444
483
407
425
438
420
417
419
445
412
437
457
413
444
409
444
415
447
424
415
412
432
409
423
422
437
457
414
464
420
438
418
374
421
409
418
408
405
418
411
437
415
396
390
428
421
434
439
419
429
422
435
417
477
419
443
393
424
435
456
480
457
402
411
370
379
392
403
450
421
405
456
384
389
388
428
444
389
412
420
404
399
408
391
417
408
421
426
371
413
404
389
403
392
375
365
368
406
401
371
408
396
422
393
404
399
441
422
378
391
401
391
398
374
343
362
412
382
417
370
385
400
427
425
382
419
408
385
378
385
385
376
377
372
388
343
364
381
366
388
346
403
374
366
381
419
396
391
391
349
399
412
375
393
345
376
376
341
356
352
373
345
357
340
416
408
395
372
351
395
378
389
367
327
379
367
358
380
357
362
398
371
335
376
376
359
341
347
407
372
385
395
346
346
333
365
374
383
343
350
327
391
378
329
344
362
344
376
364
326
350
367
334
342
351
363
329
333
359
357
359
350
357
362
358
344
336
339
323
380
306
350
375
323
355
365
346
346
339
327
333
361
333
355
335
332
330
332
367
359
337
345
332
347
363
335
335
352
325
297
335
316
289
373
340
360
352
353
348
361
340
344
365
364
297
314
319
316
346
339
332
376
352
320
301
327
341
315
336
324
315
345
336
324
325
317
350
310
317
309
323
320
353
311
330
322
309
376
346
328
314
301
326
319
319
306
311
348
353
315
336
343
329
300
340
305
351
337
316
332
319
350
309
327
324
332
322
316
327
325
293
317
322
324
322
321
333
317
315
319
307
306
347
331
335
317
293
283
334
290
306
287
302
315
321
315
283
316
289
321
308
319
333
318
322
310
323
312
352
307
322
272
287
310
332
344
317
277
293
300
283
337
315
293
295
286
324
278
294
318
348
292
306
294
291
301
326
318
264
291
342
332
306
289
308
274
319
319
286
304
277
323
281
275
316
305
337
263
293
287
342
289
285
283
304
312
300
261
289
306
328
298
305
283
273
320
290
293
267
300
323
294
296
310
292
289
301
296
327
300
278
280
273
317
303
305
267
275
299
298
297
277
310
315
276
278
282
299
243
293
272
287
300
242
271
274
303
301
246
271
276
297
261
282
281
324
299
285
286
302
285
282
266
281
266
290
283
279
262
262
284
265
284
298
277
271
277
276
241
281
275
271
279
263
258
275
291
222
280
281
280
276
292
316
295
268
228
256
275
257
252
263
273
264
284
267
260
271
264
264
302
270
255
238
266
261
262
255
241
289
248
266
245
271
271
248
246
297
238
265
252
266
247
232
289
288
257
258
230
266
279
244
270
257
245
276
283
264
263
262
246
280
254
242
233
245
224
248
239
245
258
258
251
257
244
235
248
237
244
270
267
237
224
268
248
231
271
283
255
261
240
247
268
263
258
235
243
267
227
270
225
250
257
238
240
252
238
237
256
234
248
225
253
246
237
272
262
229
249
219
229
244
227
235
261
238
241
246
228
237
223
240
239
236
229
230
227
227
214
250
230
241
221
236
265
240
231
232
248
210
233
232
232
236
254
222
216
223
241
235
223
238
239
215
210
224
238
205
226
250
242
248
234
199
236
234
208
255
232
233
259
231
248
236
230
247
218
223
239
244
226
237
221
246
235
241
218
234
230
254
225
218
248
228
241
244
221
210
225
216
231
198
228
218
238
242
212
236
230
240
220
225
249
200
211
226
225
207
213
239
211
214
217
193
234
225
246
212
221
231
214
224
200
232
237
229
240
234
233
232
213
230
240
228
240
201
212
204
193
191
197
212
236
199
191
242
226
202
204
228
195
236
222
213
221
223
209
214
205
183
214
202
218
231
188
188
207
183
226
211
220
223
214
209
240
231
201
192
211
208
216
204
200
196
203
199
184
163
230
190
186
203
184
199
191
202
195
193
233
173
216
210
206
202
199
203
193
201
209
217
215
196
205
217
185
212
184
210
190
183
213
215
205
179
204
213
192
183
205
176
183
190
194
200
198
168
193
187
209
203
194
196
185
177
193
194
185
183
203
219
173
213
202
205
193
198
170
178
190
193
194
188
198
219
201
196
164
167
167
201
191
179
184
220
202
192
183
174
184
206
168
197
193
199
186
199
186
198
189
176
177
208
191
173
166
188
185
177
167
167
187
188
185
181
204
184
186
172
214
170
170
212
192
174
199
184
187
186
177
183
201
185
180
217
202
189
184
194
188
170
178
201
188
202
184
190
196
192
184
185
174
187
187
192
201
192
180
173
195
175
216
203
165
187
192
186
199
192
160
189
182
194
191
227
175
169
193
181
187
189
205
181
214
175
201
194
184
198
176
177
186
171
199
210
205
191
184
214
208
192
188
187
200
201
209
206
190
194
200
204
179
183
199
172
168
185
189
197
181
202
181
189
180
204
214
190
170
185
176
200
217
181
163
193
197
201
173
176
212
168
183
175
199
202
187
202
178
185
180
175
183
198
165
179
189
192
161
160
164
177
167
154
180
170
182
169
157
145
167
177
175
190
188
161
182
172
188
159
174
161
162
176
155
164
154
160
165
162
165
154
159
155
159
169
161
159
166
143
146
162
144
164
146
163
167
205
161
158
181
164
166
166
135
167
140
155
156
184
167
147
149
165
163
162
164
169
126
147
161
168
150
151
163
160
160
156
152
149
155
144
167
169
148
152
177
160
143
166
170
157
160
168
161
149
167
151
159
161
174
159
150
158
157
132
139
166
158
155
182
170
133
154
143
161
165
147
169
174
170
168
151
148
139
162
154
173
166
177
180
180
159
145
156
178
152
154
167
150
138
175
161
150
160
146
146
151
163
152
154
154
160
163
157
136
161
149
152
163
166
151
167
176
157
157
166
162
180
158
154
161
136
186
180
151
179
179
161
154
162
176
137
183
177
175
162
155
144
131
166
181
163
167
158
156
152
146
153
172
164
145
145
178
159
173
158
180
143
158
170
143
158
138
165
181
174
158
165
189
150
166
165
166
143
146
158
159
179
170
134
174
178
125
162
136
172
156
158
174
152
151
144
161
158
153
145
135
131
151
155
127
122
141
140
147
143
144
142
133
132
121
142
135
130
111
135
134
123
144
122
134
127
146
143
136
143
158
137
140
115
132
134
138
128
133
134
134
103
124
149
118
142
126
138
118
138
133
119
140
139
133
135
119
129
121
107
118
126
129
119
116
116
130
121
140
131
137
133
106
145
128
133
127
127
114
130
123
123
133
123
135
122
125
158
139
133
132
133
134
111
135
130
139
141
126
141
134
136
148
126
121
155
152
139
153
145
135
148
133
128
128
131
133
115
137
140
131
125
138
149
126
124
144
112
149
139
118
95
132
140
136
130
123
148
127
128
130
131
145
135
135
148
113
148
129
143
133
151
145
139
128
132
148
120
139
122
124
143
152
127
146
136
134
123
119
151
131
130
139
130
143
127
154
146
133
144
145
140
128
115
130
126
132
130
170
135
143
143
157
135
145
134
151
145
149
154
143
139
133
172
167
142
140
144
169
142
147
139
155
156
145
146
173
153
152
147
156
163
157
140
154
165
167
156
177
145
145
158
150
161
176
164
172
157
167
178
163
155
173
155
153
145
177
143
145
151
174
161
136
156
132
151
138
145
142
125
148
135
131
120
114
118
117
105
137
129
102
131
103
104
118
111
99
104
105
105
106
90
107
101
105
112
86
101
114
91
101
91
78
98
93
85
70
101
89
82
95
98
98
100
83
89
85
80
90
85
88
79
90
86
72
87
84
88
78
76
95
91
102
105
77
82
100
95
95
84
113
99
84
85
79
80
78
85
77
73
76
110
84
88
95
76
80
81
85
88
82
77
79
100
77
68
82
71
92
84
88
84
91
81
90
79
82
81
88
70
74
85
89
96
84
88
91
94
89
65
83
94
90
84
79
72
90
80
84
80
87
85
75
61
94
74
63
83
93
75
95
90
90
90
98
85
80
82
86
89
91
77
79
90
76
99
77
90
82
88
53
88
88
87
73
88
86
73
81
71
89
78
95
84
93
108
74
100
87
103
72
87
86
92
81
78
93
88
92
84
78
77
74
75
87
80
76
94
92
77
89
78
93
82
82
75
64
88
85
78
70
92
92
77
75
87
68
78
86
79
103
92
90
91
86
98
98
75
78
89
96
80
81
84
83
96
81
94
87
92
88
80
103
84
82
74
79
85
96
84
103
81
78
73
79
103
88
98
77
112
82
89
96
72
61
72
85
80
76
88
90
87
106
82
94
88
77
78
83
79
90
77
83
94
79
77
83
77
80
77
66
76
76
73
98
98
67
77
76
91
76
73
87
94
68
80
94
75
77
91
75
64
84
62
62
72
72
78
80
68
79
88
76
87
93
68
76
72
65
80
84
75
76
78
87
90
77
80
76
84
88
80
73
70
84
92
80
81
70
78
69
70
82
56
80
87
75
69
72
74
79
82
74
68
90
88
67
81
75
86
83
71
86
86
75
91
69
65
86
74
82
86
84
63
69
80
75
88
80
96
84
77
88
81
87
94
92
73
82
83
84
78
69
89
84
102
68
81
67
84
71
71
84
77
73
73
92
74
93
101
87
76
86
84
82
93
97
81
85
81
92
98
88
110
69
94
77
83
91
83
86
63
94
72
102
91
81
80
83
77
81
85
91
103
72
78
93
107
86
95
86
106
77
90
112
96
89
93
86
81
71
97
76
106
109
94
98
110
84
86
103
99
106
117
102
102
103
103
96
102
119
103
117
104
104
121
102
116
128
114
107
112
137
119
118
128
118
116
111
123
111
128
146
124
141
126
119
140
130
108
114
117
117
119
115
112
125
136
129
115
137
124
104
115
115
104
128
114
111
109
126
119
119
103
111
102
127
93
100
109
87
90
92
84
94
91
81
85
71
69
71
73
77
69
82
61
63
61
47
57
58
48
51
45
50
54
54
41
40
40
31
36
39
30
45
36
29
38
51
37
34
39
46
35
25
40
23
32
24
38
33
30
39
42
26
30
38
32
28
38
38
39
32
26
27
29
33
29
22
27
31
25
33
23
40
19
30
41
38
27
31
26
27
37
35
29
31
33
37
33
42
32
25
39
28
33
47
30
32
36
27
26
32
31
30
34
34
28
38
32
31
37
35
39
32
23
25
36
30
31
36
29
22
26
33
29
24
24
32
28
32
34
38
34
25
19
34
25
29
29
27
28
34
35
26
29
47
26
28
34
36
28
34
28
37
40
36
39
29
30
40
42
35
24
30
34
33
32
26
22
29
31
39
34
45
40
33
23
31
33
28
29
34
35
24
27
36
29
37
30
26
25
34
27
35
33
36
30
31
32
32
49
36
45
33
29
38
37
46
42
33
31
37
39
40
29
38
32
39
32
38
30
37
29
46
45
28
35
43
39
46
37
41
35
36
31
38
28
39
41
38
38
31
37
35
48
35
38
38
37
32
46
49
31
44
44
46
39
44
45
40
42
36
45
40
51
32
41
29
34
36
41
37
40
33
32
50
40
40
33
36
29
51
34
38
35
26
34
38
29
33
27
29
40
38
28
33
28
27
24
25
28
15
28
16
22
18
21
24
19
14
24
20
22
26
16
19
23
27
15
20
19
23
20
15
20
19
17
11
20
18
27
20
10
15
17
27
15
22
14
17
18
14
17
15
10
6
18
20
17
19
7
22
16
11
20
18
18
23
18
12
21
23
9
14
8
10
18
13
17
21
11
17
19
14
10
14
12
13
10
21
16
16
13
13
20
15
16
13
14
16
22
20
15
27
17
19
14
17
12
12
11
15
11
19
21
12
11
16
22
19
14
17
14
12
29
15
11
21
14
13
13
10
14
14
21
13
13
9
11
12
14
13
16
13
12
15
21
14
16
10
18
17
18
21
19
11
11
14
16
10
11
17
11
17
8
14
8
20
15
13
10
10
14
21
15
18
14
6
11
14
14
17
9
15
16
11
16
12
12
11
18
11
9
10
11
13
11
21
14
16
18
11
16
9
11
16
9
22
18
13
17
14
17
15
12
14
16
12
16
12
17
17
12
11
17
19
18
19
24
17
12
17
16
15
13
14
15
11
16
22
18
17
11
10
11
11
13
16
21
14
11
16
18
15
10
10
13
17
20
24
13
19
10
18
12
17
16
12
10
9
20
9
13
16
11
13
25
17
17
13
13
16
15
18
16
12
14
14
18
9
22
7
16
16
13
17
14
11
13
15
20
13
13
18
13
11
11
14
17
11
11
14
12
12
7
16
17
10
11
12
12
15
7
9
12
11
7
13
20
14
12
12
9
11
14
7
11
10
10
18
6
16
20
12
17
8
11
23
9
15
13
7
16
20
6
13
16
18
11
13
10
12
11
13
11
15
16
12
5
10
12
10
13
13
13
14
12
9
10
12
9
10
9
11
5
8
10
9
18
11
10
10
9
13
14
13
14
16
17
8
15
18
7
10
15
15
8
11
12
9
8
12
14
12
16
9
8
6
8
11
8
6
13
15
10
11
12
7
13
10
7
8
11
7
6
8
8
9
10
8
17
10
13
12
13
12
11
14
9
12
12
9
11
9
9
10
16
9
15
13
9
12
13
11
9
12
11
10
11
12
13
7
12
9
15
10
13
16
14
15
11
17
10
11
10
9
13
4
9
13
6
6
15
16
25
15
14
11
14
12
15
10
7
16
14
15
9
10
5
10
12
9
7
13
13
6
18
8
12
12
13
12
18
5
8
13
12
12
11
11
13
15
13
13
12
16
17
14
14
10
15
8
10
6
9
8
19
15
12
17
11
18
15
8
17
15
8
14
17
6
17
14
14
17
6
13
16
14
15
9
21
8
12
10
18
18
9
10
17
15
10
12
18
18
12
14
10
9
13
15
9
11
9
4
10
12
15
12
9
20
8
15
9
9
11
12
13
7
10
8
11
9
15
13
12
10
2
10
13
11
9
10
16
9
6
10
12
11
9
9
7
15
14
11
13
9
10
15
9
9
13
7
12
10
13
12
8
11
8
9
7
10
10
10
15
12
9
11
10
10
5
10
8
12
14
13
6
7
12
16
8
8
9
12
6
11
12
8
8
16
8
9
10
13
8
8
15
6
10
7
9
11
7
5
3
14
9
9
18
7
6
9
6
7
9
13
7
11
11
10
14
6
7
11
11
11
11
15
7
12
14
16
9
2
13
6
8
6
5
12
7
7
15
9
8
11
10
8
11
8
8
6
10
14
5
10
5
7
9
4
11
10
6
9
11
9
3
9
11
9
2
8
8
13
9
9
6
12
9
11
12
8
10
7
6
7
7
7
3
6
8
10
5
8
4
7
10
8
5
5
10
7
1
16
6
6
12
8
11
13
6
11
9
7
16
7
15
5
12
13
5
9
5
10
15
5
13
9
11
3
11
6
10
9
10
2
5
8
10
4
8
9
7
7
7
2
11
6
5
15
6
6
6
5
8
11
12
6
7
5
8
6
8
9
12
10
9
2
7
7
6
8
10
9
10
12
6
10
7
9
9
4
11
19
7
11
12
8
6
11
4
6
5
10
9
7
8
4
5
5
9
8
6
9
6
9
15
7
3
13
10
6
10
9
8
10
13
8
7
9
2
12
5
10
7
7
5
8
11
3
9
15
8
9
15
12
9
7
9
9
2
6
7
11
9
6
5
6
11
12
8
6
4
10
8
10
10
9
10
10
7
9
9
7
14
5
11
8
7
9
6
9
7
8
10
5
8
3
4
13
10
6
9
12
13
7
4
6
7
8
7
11
11
11
6
11
4
7
9
10
8
3
12
9
13
9
7
2
13
8
9
2
9
9
5
11
9
11
7
14
4
5
7
7
11
6
4
10
5
6
4
6
3
6
10
5
10
9
6
5
8
9
9
6
6
8
11
11
10
12
8
5
14
7
9
11
8
5
10
5
16
5
6
8
7
6
5
5
7
4
10
8
7
7
3
13
8
9
9
8
7
3
9
7
6
2
7
8
6
5
13
11
9
4
9
4
10
7
12
6
13
7
10
4
5
9
3
11
6
7
7
8
6
5
12
7
12
8
6
8
13
7
7
5
12
8
8
10
4
6
4
6
8
10
2
3
5
8
9
7
5
5
8
6
8
7
7
6
4
5
5
7
9
4
5
13
8
7
6
8
7
6
7
14
5
4
5
9
5
5
10
8
5
8
6
8
3
6
5
5
6
7
3
7
5
2
4
7
5
9
4
6
6
5
4
4
12
6
9
3
8
8
6
8
9
5
10
7
8
4
10
6
11
10
5
10
2
7
7
7
8
5
6
10
10
5
10
6
13
5
13
3
6
6
8
8
10
4
5
10
7
6
6
8
4
10
7
10
16
10
5
6
8
3
9
7
10
8
8
7
10
8
7
9
6
11
8
3
7
2
5
8
12
7
11
6
10
15
4
6
4
4
9
3
5
8
10
4
5
8
10
7
11
7
7
6
9
6
4
4
4
8
10
5
6
6
6
6
5
3
2
4
9
5
7
5
5
7
6
8
4
9
3
3
4
6
3
7
9
6
5
8
6
11
4
8
4
2
9
5
2
9
4
4
4
2
9
4
11
12
6
5
3
0
5
7
7
3
2
6
6
5
11
7
6
5
1
7
12
2
6
5
7
4
3
5
3
5
8
6
6
7
8
6
5
7
8
5
5
7
4
9
6
4
3
6
6
10
5
5
4
5
3
4
9
9
7
5
7
5
9
5
7
6
4
7
4
8
8
4
6
5
5
4
11
6
2
5
12
8
2
6
4
4
6
6
4
8
4
9
6
6
5
2
9
7
4
3
2
6
6
6
7
4
5
4
9
5
6
7
7
8
4
9
7
5
7
4
9
5
3
8
4
5
6
4
5
6
7
4
4
4
13
4
7
4
3
5
4
6
8
5
5
10
5
6
4
5
3
10
6
4
6
5
8
5
4
8
6
4
5
7
4
5
4
7
3
3
9
8
3
3
2
7
6
6
12
8
7
2
9
3
4
3
3
3
3
4
9
7
4
5
8
3
4
8
3
6
10
3
8
5
6
6
5
5
4
8
5
6
3
8
4
1
7
7
3
3
6
4
3
6
2
2
8
4
7
7
10
4
6
8
6
6
5
10
7
6
6
8
8
3
6
3
9
3
3
6
4
5
8
8
3
4
7
3
5
4
4
6
4
4
9
5
9
10
6
8
9
5
4
6
4
5
5
8
3
6
9
3
6
6
6
5
5
5
2
3
5
3
5
7
2
8
7
8
11
4
4
6
6
4
7
3
2
4
6
2
4
9
2
14
4
3
2
7
2
9
5
4
11
10
5
2
5
8
3
8
6
7
5
6
5
3
2
7
3
1
5
6
6
3
6
5
5
4
2
3
6
5
3
8
9
8
3
3
3
6
7
4
6
4
6
1
5
6
3
2
3
2
7
4
9
7
8
4
8
7
7
4
3
3
6
5
3
5
9
6
7
10
11
4
8
7
3
8
10
8
9
4
7
3
9
4
9
11
6
4
8
5
9
5
9
10
8
14
9
12
4
8
4
3
13
15
6
7
3
5
7
12
7
11
11
12
4
8
9
12
5
6
11
15
7
11
10
8
8
8
5
4
6
4
6
2
7
9
8
4
5
4
5
3
4
4
5
5
15
9
3
8
3
7
6
10
4
2
5
6
1
7
2
3
3
4
1
2
8
6
3
6
0
3
4
6
3
8
9
4
4
8
6
7
5
5
5
8
2
4
5
3
8
6
1
4
5
5
6
2
6
4
6
2
6
6
4
2
1
7
1
3
2
6
7
7
6
5
2
5
4
5
4
2
2
4
3
9
5
2
5
10
4
3
1
8
2
1
8
3
4
3
2
8
5
5
5
4
0
6
3
5
6
6
3
2
7
3
5
1
5
5
3
5
4
3
5
7
7
2
2
4
6
3
6
8
4
2
1
4
7
5
7
3
5
6
8
9
5
1
7
3
3
6
4
2
4
8
3
2
3
4
5
7
2
5
8
11
3
4
7
4
2
1
4
6
6
8
5
7
8
5
6
3
3
1
3
6
3
3
2
8
9
9
6
2
5
4
7
4
6
7
4
3
6
5
6
7
4
8
3
5
3
5
3
4
5
6
6
3
9
3
9
7
6
2
3
7
4
2
5
4
2
7
2
4
4
6
3
5
2
3
1
2
3
5
2
4
3
3
4
3
2
2
5
3
5
5
5
5
8
2
4
2
7
4
7
6
1
2
1
5
4
9
4
2
6
2
6
6
5
9
1
10
7
2
5
2
5
8
5
1
2
1
3
3
4
3
2
3
3
4
3
5
3
5
4
3
6
3
1
6
1
2
5
3
2
2
2
3
2
4
3
2
7
1
3
6
5
8
4
2
6
0
4
2
2
5
4
2
7
5
4
4
3
4
0
1
3
8
8
6
3
7
5
5
6
6
3
6
1
4
2
3
4
3
4
4
2
5
4
0
3
6
5
4
0
6
7
0
4
4
2
9
6
3
1
3
6
3
2
6
2
2
1
3
5
1
5
5
3
6
7
2
7
3
0
3
2
2
6
5
5
8
4
5
4
6
2
3
8
4
4
4
3
5
5
3
5
3
8
3
6
2
7
4
5
7
4
2
3
6
3
1
4
2
6
4
4
5
1
4
5
4
8
3
1
4
5
3
4
6
2
2
5
4
5
4
4
1
5
4
4
7
3
8
2
4
2
6
2
5
1
4
7
7
3
1
3
3
5
8
4
4
1
5
9
9
2
4
4
8
3
6
2
1
6
5
5
7
4
7
2
4
3
5
5
8
9
5
4
11
6
6
6
1
4
4
9
5
5
2
8
6
4
5
6
3
6
6
5
5
11
6
5
5
3
8
6
6
5
4
7
6
8
8
4
7
8
12
2
9
1
6
5
5
10
5
6
5
7
4
5
8
7
7
4
6
6
6
8
9
5
3
6
5
8
6
6
6
5
6
3
6
6
6
3
7
5
6
2
3
5
4
5
6
2
3
10
3
7
4
4
9
3
3
1
1
5
4
6
7
6
7
4
6
7
2
1
3
4
6
5
4
1
3
2
3
1
2
3
4
3
2
6
6
1
2
6
5
3
2
2
3
3
4
3
3
4
1
6
3
10
4
3
3
3
4
7
7
4
4
5
2
2
3
2
2
3
5
2
2
4
6
4
4
1
7
4
2
6
3
7
1
4
6
2
4
1
4
6
4
3
5
0
6
2
1
6
0
5
3
4
4
3
3
4
3
3
5
2
2
6
3
5
4
4
2
3
2
1
8
3
4
5
1
3
5
0
3
3
3
2
1
5
2
3
6
7
6
7
5
9
7
2
7
2
4
5
2
4
1
5
4
1
4
4
1
3
4
3
2
4
3
2
3
5
3
3
5
4
2
1
4
3
3
6
3
6
2
2
5
4
3
3
2
0
0
2
3
5
5
7
2
5
2
3
4
11
3
2
3
2
6
2
5
4
5
1
3
3
4
3
2
2
3
3
1
4
2
0
0
5
3
4
4
4
3
3
4
8
1
2
3
2
4
2
3
5
1
1
3
2
2
4
3
7
3
8
3
4
0
5
1
4
4
6
1
1
2
3
5
2
4
8
5
4
7
4
5
2
7
5
2
1
4
6
3
4
2
5
8
2
3
3
1
1
2
2
4
4
1
3
3
2
3
2
1
1
4
5
2
2
2
5
3
2
4
5
0
2
5
1
2
1
1
5
1
5
2
0
2
6
3
4
2
2
3
4
7
3
4
4
2
5
7
0
4
4
1
5
1
5
0
7
3
4
2
4
6
3
3
2
5
5
2
2
4
5
3
3
4
2
2
3
4
2
3
6
2
1
1
4
4
2
1
1
0
6
5
4
0
2
6
4
4
3
2
5
1
3
6
6
2
1
1
2
2
3
0
1
3
2
3
3
3
6
2
4
3
3
5
3
2
1
0
3
2
1
3
0
4
2
4
3
3
4
5
3
1
2
0
4
2
4
4
4
2
4
3
7
7
2
4
1
3
2
6
5
7
1
4
3
2
0
0
3
4
2
5
2
3
2
1
2
2
4
3
1
0
1
2
1
2
1
2
2
5
4
1
2
4
2
4
1
1
4
5
1
2
1
4
4
2
4
3
5
2
3
2
6
2
1
2
3
1
2
5
3
3
1
3
3
2
3
3
2
3
2
2
2
3
2
1
6
2
4
0
3
4
4
4
3
6
1
2
4
1
1
2
3
3
2
2
1
0
4
2
2
4
6
3
3
2
5
3
2
2
6
3
2
1
5
0
5
3
6
1
6
2
5
1
1
6
4
0
1
4
3
3
5
0
1
2
4
2
3
2
7
1
6
4
1
1
2
3
3
3
3
4
3
4
2
2
0
4
3
6
5
2
3
3
1
7
2
2
1
4
1
1
3
2
3
2
4
2
3
0
3
1
4
2
4
1
1
3
2
3
2
4
6
3
2
2
4
2
2
2
2
3
4
2
2
3
0
5
0
4
2
2
1
3
0
1
2
3
4
2
3
2
2
7
1
1
4
3
1
5
2
3
2
1
3
6
6
2
2
2
1
0
2
1
3
2
4
4
1
5
1
4
1
5
3
2
2
4
1
3
3
5
0
3
1
5
4
0
2
5
3
3
4
3
4
4
4
2
2
4
5
4
2
2
4
3
3
3
5
3
3
0
5
2
3
0
1
4
4
3
3
0
2
2
0
1
1
1
2
5
4
5
4
4
2
3
3
2
0
3
1
3
3
3
7
5
4
4
2
2
2
3
3
2
6
1
4
3
6
3
5
1
0
1
0
2
3
1
0
3
0
3
5
4
1
1
1
4
4
3
1
2
1
0
1
2
2
4
2
4
1
3
3
0
2
4
3
2
2
1
3
2
1
1
9
4
6
3
1
2
3
3
4
1
4
6
2
1
0
2
2
3
0
5
4
2
6
2
0
4
5
2
3
1
4
4
2
2
6
4
1
1
1
2
3
3
6
3
2
1
4
1
1
3
1
4
4
3
1
0
3
2
3
3
2
4
5
5
3
5
2
0
5
0
3
2
1
5
1
3
2
3
3
6
2
2
3
1
5
2
8
3
1
3
2
3
2
2
2
5
1
2
4
3
2
3
3
2
7
3
5
4
1
2
3
1
2
2
2
4
3
2
3
1
3
1
1
2
0
3
1
3
2
2
3
4
2
0
0
2
3
3
3
3
3
5
3
3
0
0
3
1
3
5
0
0
1
2
4
3
5
3
1
2
3
2
1
2
2
3
4
2
1
4
2
1
2
5
1
0
3
2
1
2
2
4
4
3
1
0
2
6
4
2
2
4
2
4
2
1
2
1
4
0
2
4
1
5
2
2
0
4
4
1
2
1
2
2
4
0
1
3
3
2
0
2
1
1
4
7
2
4
6
4
3
2
3
0
2
1
4
1
4
1
4
4
2
2
4
3
3
3
1
2
3
5
3
1
3
3
2
2
2
1
0
1
1
3
2
1
1
2
4
0
1
6
4
5
3
4
2
6
2
1
3
3
1
0
2
3
2
2
4
1
4
1
7
4
0
1
5
3
6
3
3
3
2
3
1
4
1
1
1
3
3
2
3
2
6
2
0
1
4
3
6
2
1
1
0
2
3
4
0
2
7
0
2
4
3
3
2
4
1
2
4
6
5
1
2
4
4
5
3
2
3
2
2
2
4
2
2
1
4
6
0
2
1
2
3
3
3
2
1
2
2
3
5
2
1
0
2
1
2
1
2
0
1
1
2
4
5
4
6
2
1
1
5
2
3
4
2
0
1
1
2
4
0
1
1
2
3
4
3
1
0
0
3
4
0
1
0
2
4
5
2
2
1
2
3
2
1
3
2
3
2
4
3
3
1
3
2
3
0
1
3
2
4
1
2
1
3
3
4
3
2
2
1
3
2
4
4
1
1
0
1
3
3
3
2
3
1
1
1
0
1
1
4
0
2
3
1
1
3
1
2
3
5
0
2
2
1
3
3
1
8
2
2
3
1
0
1
2
2
2
1
1
0
3
3
2
0
3
3
3
0
1
4
4
2
4
2
5
4
1
2
3
4
1
2
1
5
2
1
1
3
1
2
2
4
3
2
2
4
3
2
3
0
3
1
1
2
2
2
2
0
0
0
2
1
3
3
4
0
1
2
2
3
3
1
4
3
1
2
2
2
1
2
3
2
1
2
5
3
3
0
4
3
4
9
4
2
3
0
1
1
2
1
0
2
0
0
3
0
1
6
2
5
1
3
0
0
4
0
1
3
5
2
2
2
1
2
1
1
2
5
2
1
1
2
1
1
3
1
2
5
5
1
1
0
2
3
2
2
2
3
3
3
3
4
4
1
3
1
3
1
2
1
5
0
3
1
5
4
4
4
4
1
5
5
2
1
1
4
2
3
4
1
2
7
3
4
4
4
5
3
2
8
2
3
5
4
2
3
5
7
4
2
4
7
9
6
5
3
4
5
5
7
5
2
5
4
7
3
6
5
7
3
2
1
5
8
3
3
3
3
5
2
2
2
3
3
2
3
1
2
4
6
3
2
3
4
2
3
1
1
2
0
1
4
6
4
1
6
4
1
3
3
5
1
3
1
0
3
1
4
1
3
5
1
2
5
4
0
1
4
1
3
1
3
1
2
1
1
2
1
0
7
0
5
3
3
1
4
0
2
4
4
2
2
2
2
3
3
2
2
1
2
2
3
3
2
1
3
0
0
0
3
1
2
0
2
3
3
4
2
3
2
4
1
3
2
2
5
2
2
2
0
7
1
2
3
5
1
1
2
2
3
6
3
3
3
0
3
1
3
0
6
3
2
5
0
3
1
4
4
1
1
3
2
2
1
0
0
2
2
0
2
1
2
4
1
4
2
2
1
6
3
4
4
2
4
3
4
1
1
2
0
3
7
2
0
4
1
1
0
1
1
3
1
1
4
5
3
3
0
3
0
1
2
2
4
1
1
1
2
2
5
3
3
2
2
2
2
2
1
2
2
1
4
1
2
2
2
4
3
4
4
3
2
3
4
0
2
4
1
2
0
3
4
1
3
4
1
1
3
1
6
1
3
2
0
2
6
1
4
1
2
4
2
1
6
4
1
1
1
4
6
1
5
5
0
2
2
3
3
4
1
3
7
1
6
3
2
1
3
2
2
5
1
2
1
3
0
2
0
1
1
3
2
1
2
2
4
5
3
1
0
0
1
1
2
3
2
0
1
3
1
4
2
3
0
3
0
2
4
1
3
5
1
5
3
2
1
1
3
1
1
2
3
2
0
1
3
2
2
1
2
2
4
4
1
6
2
0
3
2
2
3
4
4
1
3
1
1
2
3
0
4
3
3
4
3
2
3
2
0
2
2
3
3
1
2
5
2
1
2
2
1
6
3
0
5
2
2
1
0
3
1
0
4
0
1
2
5
2
1
1
1
5
2
3
6
2
3
2
6
6
2
0
0
2
1
2
1
3
2
3
2
3
2
3
3
4
1
3
1
1
0
4
1
2
3
3
4
2
2
2
5
4
1
3
2
2
1
2
1
1
0
2
2
3
3
1
2
6
2
2
1
4
2
0
2
3
3
2
0
2
1
0
1
1
1
4
4
4
2
2
3
5
2
1
0
1
1
0
3
1
4
2
3
2
2
0
3
4
1
5
2
0
4
3
1
1
3
0
1
3
3
2
3
3
4
2
0
1
2
4
4
2
2
2
1
1
2
2
3
1
1
1
3
3
1
1
3
3
4
2
4
3
1
0
3
1
3
3
2
5
1
2
5
4
1
1
2
1
5
1
3
1
3
1
1
0
2
1
3
0
0
5
2
2
2
2
3
2
3
0
3
2
3
4
1
0
2
2
1
2
2
3
1
2
3
0
3
1
2
5
1
0
3
4
1
1
5
3
2
2
0
2
2
1
2
1
1
2
1
7
0
2
0
3
1
1
6
2
2
5
2
2
3
5
5
4
3
1
3
1
3
2
8
1
3
1
1
4
2
1
1
2
4
6
4
0
3
1
2
2
1
2
5
2
3
0
3
6
2
3
1
1
3
1
1
5
2
2
1
2
0
2
2
1
4
4
2
3
1
2
3
2
1
2
2
2
2
1
1
3
1
0
6
3
4
1
4
0
2
1
2
1
2
2
3
1
1
3
2
0
0
3
3
3
1
2
1
3
1
2
4
3
6
1
0
0
3
4
0
2
5
5
3
2
5
2
1
3
2
1
4
3
2
1
3
3
2
4
2
2
3
3
3
2
2
2
3
3
0
4
3
1
0
5
3
3
2
2
1
1
3
3
3
0
0
5
2
1
1
2
1
2
3
1
3
2
1
3
4
3
0
2
2
1
1
2
5
1
3
2
1
1
2
2
1
2
3
2
3
1
1
4
5
0
2
2
1
1
0
4
3
4
2
1
2
5
1
2
1
2
2
2
3
2
2
2
0
2
4
3
4
1
3
4
2
3
2
0
1
2
4
2
1
0
1
1
3
1
3
3
4
5
3
3
2
2
3
9
4
0
1
1
1
1
1
1
2
1
1
0
2
3
2
6
5
3
0
5
4
2
3
4
3
2
0
0
3
3
1
1
4
0
5
1
1
0
3
3
0
4
3
2
2
0
2
2
1
2
2
4
4
2
2
1
2
4
1
3
2
1
5
1
2
4
2
3
2
3
0
2
0
5
1
1
2
2
2
1
1
4
1
2
4
6
1
3
1
3
1
5
2
3
0
4
2
2
3
1
1
2
2
0
0
3
0
1
1
2
3
4
1
1
0
4
1
2
3
0
4
2
2
1
2
4
1
2
1
0
2
1
0
3
1
2
4
0
4
3
1
1
0
0
2
1
2
2
2
3
1
2
3
3
1
1
5
0
3
1
2
2
3
1
2
5
4
2
3
7
1
1
1
1
1
0
3
2
1
0
4
2
0
2
2
2
0
1
1
2
3
1
1
1
2
3
0
3
0
2
4
3
2
4
1
1
1
4
1
2
1
2
0
3
3
0
2
1
0
2
1
3
3
3
3
4
3
4
2
1
1
1
2
1
1
0
3
3
3
3
4
3
2
4
1
0
1
3
0
2
0
0
2
3
1
1
2
4
1
1
1
1
2
3
1
1
2
1
2
3
0
0
3
2
5
4
1
1
2
2
4
2
2
2
0
1
2
3
0
1
4
5
3
2
1
3
3
1
0
5
2
4
2
6
1
0
3
1
1
5
5
1
2
4
3
3
2
4
3
1
4
1
2
2
2
3
4
2
0
4
2
3
3
2
4
1
4
2
6
1
5
3
1
5
3
2
1
2
0
5
0
1
1
1
0
5
2
2
6
5
0
3
0
3
1
2
1
2
2
2
1
1
3
2
0
1
4
2
2
2
1
2
1
2
3
5
1
3
0
1
3
6
0
2
0
3
1
3
1
2
1
0
1
0
3
1
1
0
2
0
1
1
2
1
1
2
2
2
0
2
7
0
2
2
1
0
2
1
0
3
4
2
1
0
3
2
2
1
1
1
2
2
1
0
2
2
1
2
4
1
2
1
0
1
2
1
0
1
1
2
1
2
1
2
1
4
2
1
1
1
3
0
0
2
1
1
2
1
4
0
4
2
3
2
1
2
3
0
4
2
2
1
3
0
0
0
0
2
2
1
3
2
1
0
2
3
1
1
2
3
2
2
0
2
2
1
1
2
3
0
1
0
0
0
3
1
1
1
4
2
3
4
2
1
2
1
0
0
2
0
2
0
3
1
2
3
1
1
1
0
2
0
2
1
1
1
2
2
2
1
3
1
6
3
2
1
1
3
1
2
0
1
4
1
1
1
5
0
2
3
0
1
1
0
2
1
2
0
3
0
3
2
3
3
1
2
4
3
3
0
0
0
4
3
0
3
0
2
2
0
1
0
2
2
3
3
2
0
2
1
1
3
2
1
1
2
1
2
1
2
1
2
2
1
2
1
2
2
1
1
0
2
3
2
2
2
3
2
1
0
3
0
5
1
0
2
2
0
1
0
2
1
1
2
1
5
1
1
1
0
1
0
1
1
3
1
0
4
2
1
0
1
1
3
0
0
1
2
1
3
0
0
2
2
0
0
1
2
2
2
0
2
1
1
1
3
2
2
4
2
1
0
2
2
1
1
4
1
1
4
1
2
1
1
3
0
1
0
1
1
0
1
2
1
2
0
1
2
0
3
0
0
2
3
4
1
3
0
0
1
4
0
0
2
3
1
0
3
0
3
2
0
2
0
1
1
1
1
1
0
5
0
0
2
2
3
5
1
1
1
1
4
1
1
1
2
2
1
1
1
5
1
2
1
2
1
0
2
1
1
4
0
1
3
0
4
5
0
4
1
0
1
2
1
1
3
2
0
1
2
1
1
2
1
3
2
2
2
0
1
1
2
0
2
0
0
4
2
0
2
1
2
3
3
1
0
0
1
1
3
1
0
1
2
1
2
2
1
1
0
3
1
3
1
0
0
0
1
2
0
4
1
1
2
3
1
2
0
1
3
3
0
4
0
0
0
2
2
1
1
0
2
2
1
0
2
5
0
2
0
1
4
0
1
0
1
0
1
1
3
2
2
2
0
1
2
0
2
1
2
0
4
0
0
2
1
0
0
0
0
0
0
2
0
0
0
2
0
1
0
1
2
1
1
1
1
0
1
1
2
0
1
0
5
0
1
6
1
3
0
0
0
1
1
2
0
0
0
1
1
0
1
0
0
0
1
1
1
3
3
0
1
0
2
4
2
0
1
1
0
4
1
0
1
0
0
2
1
1
2
5
1
1
1
5
1
2
1
0
5
1
1
2
2
1
2
1
0
1
2
1
0
3
3
0
1
1
1
2
0
1
1
1
3
1
2
2
2
0
2
0
1
1
3
1
0
3
3
1
2
1
0
1
0
0
0
0
1
0
1
0
0
0
2
1
2
0
2
0
3
1
0
0
3
0
1
1
2
2
0
0
1
1
0
0
3
1
0
0
2
5
3
1
0
0
4
2
2
0
3
0
2
0
3
2
0
0
2
2
2
1
1
0
2
0
0
0
0
1
3
0
1
1
1
2
0
2
2
2
1
0
0
0
1
1
2
2
0
1
2
2
1
1
2
0
1
1
0
0
2
1
0
1
1
4
2
0
2
2
1
1
1
1
4
1
2
1
0
1
0
2
1
0
0
0
2
2
1
0
1
2
0
1
1
3
1
0
0
1
0
1
0
1
2
3
1
1
0
0
1
1
1
2
1
1
0
1
0
3
2
0
1
1
0
0
1
1
1
0
1
3
1
1
1
1
0
2
2
1
3
1
3
1
1
1
0
5
2
0
0
1
0
0
0
1
1
0
1
1
1
0
0
1
0
1
0
3
4
1
3
3
0
1
1
2
0
3
1
1
1
1
0
0
1
0
1
1
4
0
0
1
1
1
0
4
2
2
0
2
1
1
0
1
0
0
0
2
2
1
1
0
1
3
1
2
3
2
1
2
1
3
0
1
3
3
0
1
1
0
0
0
2
0
1
1
1
0
1
3
2
1
4
2
3
2
3
0
0
1
3
0
0
2
0
1
2
0
1
2
1
2
1
1
1
1
0
1
1
3
3
1
0
2
0
0
0
2
3
1
1
0
1
0
3
0
2
0
1
2
0
1
1
0
2
0
2
2
1
1
0
3
1
3
1
0
2
0
0
0
2
0
3
1
0
1
2
2
0
0
2
1
1
3
1
0
0
0
0
0
3
3
2
3
1
1
0
1
3
2
1
0
2
1
0
1
1
0
0
0
0
3
0
0
1
0
0
0
0
2
0
1
0
2
1
1
2
1
0
0
1
1
0
0
0
1
1
0
1
0
0
0
0
0
0
2
1
3
0
1
0
2
1
0
0
0
1
0
1
0
0
0
1
1
1
2
0
1
0
1
1
0
2
0
2
0
2
1
1
2
0
0
1
2
0
1
2
0
2
1
2
0
1
0
1
1
0
1
2
1
0
0
1
2
2
1
1
1
0
0
0
2
1
0
1
0
1
0
0
0
0
0
2
1
1
0
0
0
0
1
3
0
0
0
0
1
1
1
1
0
1
1
0
2
1
0
1
0
0
0
1
0
0
0
1
2
2
1
2
1
1
1
3
1
3
0
0
1
1
2
0
1
0
1
0
3
1
1
1
2
4
3
0
0
1
1
0
0
2
0
1
0
0
0
0
0
1
0
2
2
2
1
0
0
1
1
0
0
0
1
1
2
0
0
2
1
1
1
0
1
0
0
1
1
1
1
3
0
0
2
2
0
0
3
1
2
1
1
2
0
1
0
1
1
0
0
0
1
3
1
0
2
1
2
1
0
0
1
1
1
2
0
1
0
0
1
0
1
1
2
0
1
0
0
2
1
2
1
3
2
0
2
0
0
1
2
3
1
0
1
0
0
2
0
1
2
0
0
2
1
0
3
1
3
2
0
2
2
1
1
0
0
0
4
0
1
1
1
0
2
0
1
2
0
4
1
2
0
2
0
4
2
1
1
3
0
0
0
2
1
0
1
1
2
1
1
1
3
1
1
0
0
0
1
1
1
1
0
0
0
0
0
0
2
0
1
0
2
1
1
0
1
1
2
1
1
0
1
0
3
1
0
0
0
1
0
1
4
1
1
0
1
2
1
1
1
1
1
1
1
1
0
1
1
1
2
1
2
0
0
0
2
0
0
0
3
1
0
0
0
0
0
1
1
1
4
1
0
0
0
1
0
0
2
0
1
0
1
0
0
1
1
0
0
0
1
0
0
0
1
0
0
1
1
0
0
2
0
0
0
0
1
2
0
0
1
0
1
0
1
0
0
0
1
0
1
0
1
1
0
1
1
0
0
1
1
0
0
2
2
0
1
0
1
1
0
0
2
0
0
3
0
0
0
1
1
1
2
1
0
1
1
1
0
0
2
0
1
2
1
1
0
0
1
2
2
0
2
2
1
0
0
2
2
0
1
0
3
1
1
0
1
1
0
0
0
0
1
2
1
0
1
1
1
0
1
0
1
4
2
1
1
1
0
1
2
2
0
0
0
0
0
2
0
2
1
2
0
1
2
3
0
1
0
2
1
1
0
0
0
0
0
0
0
2
1
0
1
0
0
1
0
0
0
0
2
1
0
1
0
1
0
0
0
1
1
1
0
1
0
2
0
0
0
1
2
0
2
1
1
0
1
1
0
1
0
0
1
2
0
1
0
1
3
0
2
0
0
1
1
0
1
2
0
1
1
0
1
1
1
0
0
0
1
0
1
0
0
0
0
0
0
1
1
0
1
0
0
1
0
2
0
0
0
2
1
0
1
1
1
3
0
1
0
1
0
1
0
0
0
2
0
4
0
0
2
1
0
0
1
1
0
0
0
1
1
0
1
2
0
0
2
3
0
1
0
0
0
1
0
0
0
2
1
0
1
2
1
0
0
0
1
0
1
2
1
0
0
1
1
0
2
2
0
2
3
0
0
0
1
0
1
2
0
1
0
1
3
1
1
0
0
1
0
1
1
0
1
0
0
0
0
0
1
3
0
0
2
0
1
0
1
0
2
0
0
0
0
1
0
3
0
0
0
1
1
1
1
0
1
1
0
1
0
2
0
1
0
2
1
1
1
1
0
2
1
2
1
1
0
0
0
0
1
0
0
0
0
2
1
2
0
0
0
1
1
1
3
0
1
1
0
0
0
0
0
0
0
1
1
1
0
0
2
1
1
1
0
1
0
1
1
0
2
1
0
1
3
0
0
0
1
0
2
0
1
0
0
0
2
2
0
0
0
0
0
1
0
1
0
0
1
0
1
0
0
1
1
0
2
0
1
3
0
0
0
1
0
1
1
0
1
1
1
0
2
0
2
0
0
0
0
1
0
0
0
0
1
0
2
0
0
0
2
1
1
1
0
0
0
0
0
0
0
1
1
1
0
0
0
0
1
1
0
0
1
2
0
1
0
0
0
0
0
1
0
0
0
0
1
0
0
1
0
0
0
1
1
1
0
0
0
0
1
0
1
1
0
1
0
0
1
1
0
0
0
1
1
1
1
1
0
2
1
0
1
3
0
1
1
0
2
0
1
0
0
0
0
0
0
0
2
0
1
0
0
1
0
0
0
0
0
2
0
0
1
0
0
0
1
1
0
1
1
0
0
1
1
0
1
2
0
1
0
0
1
0
0
2
0
0
0
1
2
0
1
0
1
0
2
0
1
0
1
1
1
0
0
0
0
1
0
1
0
2
0
0
0
3
0
1
0
2
0
1
1
1
1
2
0
1
0
2
2
1
4
1
3
1
1
0
2
1
1
1
1
3
0
0
1
1
2
4
0
0
1
1
2
1
2
3
4
3
1
1
3
0
5
7
3
4
1
2
4
3
5
4
4
3
5
7
5
7
2
3
8
5
7
5
12
4
9
7
5
4
8
11
11
7
7
11
10
5
1
5
8
9
6
9
7
10
15
5
16
11
12
13
7
7
8
11
13
10
12
5
8
8
5
9
9
8
8
7
12
10
5
13
3
10
12
8
6
6
7
3
9
6
4
8
9
8
5
8
5
8
2
4
4
4
4
7
2
2
7
2
6
6
3
3
6
7
4
6
2
4
2
1
3
1
2
2
2
2
2
1
1
4
3
2
5
2
1
1
2
1
2
2
0
2
1
0
1
1
2
0
1
2
0
0
0
1
2
0
0
0
1
1
3
1
0
1
2
0
0
0
2
0
0
3
0
2
1
1
1
0
1
0
1
0
2
2
1
0
0
0
0
0
0
1
1
0
2
1
0
0
1
1
2
0
2
1
1
2
0
1
1
0
1
1
0
0
0
0
0
2
2
0
2
0
1
0
2
1
0
0
0
0
0
0
0
0
1
2
1
0
2
0
0
0
0
0
0
0
2
0
0
0
0
0
2
1
1
0
1
1
0
0
1
1
0
1
0
1
0
0
1
1
0
0
1
0
2
0
1
0
1
2
0
0
0
0
2
1
1
0
0
1
0
0
0
0
1
0
0
1
0
0
0
1
0
0
0
0
0
1
1
0
0
0
2
0
0
0
0
0
1
0
0
0
1
0
2
1
0
1
1
0
0
0
0
1
0
2
0
0
1
0
1
0
1
1
1
2
0
0
0
1
1
0
0
2
0
1
0
1
0
0
1
1
0
0
0
1
1
2
2
1
1
0
0
2
0
1
0
0
0
0
3
0
0
1
0
1
0
1
1
2
1
1
1
1
2
0
0
0
0
0
1
0
0
1
0
0
1
0
1
1
1
1
1
0
1
0
0
0
1
0
0
0
0
0
1
2
0
0
2
1
0
0
1
0
1
0
2
2
0
0
2
0
2
0
1
2
0
0
1
2
0
0
0
0
0
1
0
4
0
1
1
0
0
1
0
0
1
0
0
0
0
1
0
0
0
1
2
1
0
0
1
1
0
0
2
1
0
0
0
0
0
1
0
1
1
0
1
0
1
0
0
2
0
1
0
1
0
2
1
0
0
0
0
0
1
1
1
0
1
0
1
0
0
1
2
1
1
0
0
1
0
2
0
0
0
1
0
0
0
0
1
0
1
0
0
1
0
0
1
0
0
0
0
0
0
0
0
0
0
0
1
0
1
1
0
0
0
0
0
1
0
0
0
0
1
1
2
0
0
0
1
1
0
1
1
1
1
0
0
0
0
0
0
0
0
1
0
0
0
0
0
0
0
1
0
2
0
0
2
0
0
1
0
1
2
0
0
1
0
0
2
2
1
1
0
0
0
0
1
1
1
0
1
0
1
0
1
0
1
0
1
1
1
0
0
0
2
1
1
0
0
1
0
1
0
0
1
0
0
0
1
0
0
0
2
1
0
0
1
0
0
0
0
0
1
1
0
1
0
0
0
1
0
0
1
0
0
1
1
0
0
0
0
0
1
0
0
0
0
2
0
2
1
0
3
0
1
1
0
0
0
0
1
1
0
0
0
0
0
1
0
0
2
1
0
1
1
0
1
1
0
0
1
0
0
0
0
0
1
1
0
0
0
0
1
0
1
1
1
0
1
0
0
1
1
0
2
1
0
0
2
0
0
0
0
0
0
0
0
2
0
0
0
0
0
0
0
0
0
0
0
0
0
1
0
0
0
1
0
1
0
2
1
0
0
2
2
2
0
0
0
0
1
0
0
0
0
0
2
2
0
0
0
1
0
0
1
1
0
0
0
0
0
1
1
0
1
0
0
0
1
0
0
1
1
3
2
0
0
1
0
1
0
1
0
2
0
0
0
0
2
0
0
0
0
0
1
0
0
0
0
0
1
0
1
4
1
2
0
0
1
0
0
0
0
0
0
0
0
0
0
0
0
0
0
1
0
0
0
0
1
0
0
0
0
0
0
0
1
1
0
0
0
0
0
1
0
1
0
0
1
1
1
0
0
1
1
1
0
1
1
1
0
0
1
0
0
0
1
2
0
0
0
2
0
0
2
2
2
0
0
0
0
1
0
1
0
0
0
0
2
0
0
0
1
0
0
0
0
1
0
0
1
0
0
2
1
0
2
0
0
1
0
1
0
0
0
0
1
0
1
1
1
1
1
0
0
0
0
0
0
0
0
1
1
0
0
0
1
1
0
0
0
0
0
0
1
0
0
0
0
1
0
0
1
0
1
0
0
0
0
0
0
0
0
0
0
0
0
0
0
0
0
0
0
0
0
0
0
0
0
0
0
0
0
0
0
0
0
0
0
0
0
0
0
0
0
0
0
0
0
0
0
0
0
0
0
0
0
0
0
0
0
0
0
0
0
0
0
0
0
0
0
0
0
0
0
0
0
0
0
0
0
0
0
0
0
0
0
0
0
0
0
0
0
0
0
0
0
0
0
0
0
0
0
0
0
0
0
0
0
0
0
0
0
0
0
0
0
0
0
0
0
0
0
0
0
0
0
0
0
0
0
0
0
0
0
0
0
0
0
0
0
0
0
0
0
0
0
0
0
0
0
0
0
0
0
0
0
0
0
0
0
0
0
0
0
0
0
0
0
0
0
0
0
0
0
0
0
0
0
0
0
0
0
0
0
0
0
0
0
0
0
0
0
0
0
0
0
0
0
0
0
0
0
0
0
0
0
0
0
0
0
0
0
0
0
0
0
0
0
0
0
0
0
0
0
0
0
0
0
0
0
0
0
0
0
0
0
0
0
0
0
0
0
0
0
0
0
0
0
0
0
0
0
0
0
0
0
0
0
0
0
$ROI:
0
0
$PRESETS:
Live Time
0
0
