$SPEC_ID:

$SPEC_REM:
DET# 1
DETDESC# MCB 25
AP# ORCA (11.0h)
$DATE_MEA:
2017-08-14 08:50:12 +0000
$MEAS_TIM:
3880.42 4320.00
$DATA:
0 16383
0
0
0
0
0
0
0
0
0
0
0
0
0
0
0
0
0
0
0
0
0
0
0
0
0
0
0
0
0
0
0
0
0
0
0
0
0
0
0
0
0
0
0
0
0
0
0
0
0
0
0
0
0
0
0
0
0
0
0
0
0
0
0
0
0
0
0
0
0
0
0
0
0
0
0
0
0
0
0
0
0
0
0
0
0
0
0
0
0
0
0
0
0
0
0
0
0
0
0
0
0
0
0
0
0
0
0
0
0
0
1
14
563
4280
8513
8515
7902
7284
7119
7229
7112
7201
7174
7257
7411
7283
7546
7851
7873
7890
7800
7899
7930
8002
7774
7964
7859
7939
7760
7887
7830
7741
7720
7925
7645
7755
7569
7625
7601
7692
7512
7625
7513
7451
7432
7482
7456
7376
7465
7461
7319
7289
7134
7125
7275
7323
7222
7322
7101
7165
7227
7116
7159
7024
7035
7154
7022
6987
6850
7117
6954
6948
6920
7156
6849
6893
6975
6836
6911
6895
6893
6785
6885
6735
6764
6939
6851
6757
6836
6481
6757
6753
6760
6700
6607
6651
6499
6496
6617
6512
6574
6383
6653
6458
6489
6599
6496
6475
6495
6528
6426
6385
6542
6468
6380
6557
6550
6197
6462
6329
6291
6392
6491
6420
6439
6444
6237
6223
6224
6262
6298
6223
6234
6306
6165
6201
6241
6294
6324
6299
6254
6138
6137
6191
6348
6254
6015
6131
6132
6215
6033
6108
6116
6171
6086
6071
6156
6100
6010
6068
6050
6033
6092
6016
6012
6158
5879
6011
6050
5895
6002
6072
5974
6162
5885
6117
5972
6060
5981
5918
5878
5841
6016
5899
5895
6010
5975
5956
5946
5904
5994
5810
5775
5930
5826
5903
5904
5888
5844
5753
5798
5981
5770
5907
5742
5900
5771
5936
5829
5645
5890
5827
5860
5802
5711
5783
5797
5701
5793
5848
5824
5833
5752
5759
5802
5746
5671
5809
5639
5649
5570
5772
5692
5598
5639
5783
5706
5632
5757
5746
5742
5651
5643
5622
5621
5695
5687
5584
5429
5566
5512
5666
5734
5651
5667
5617
5674
5614
5486
5552
5585
5601
5628
5528
5550
5540
5655
5403
5568
5466
5649
5675
5398
5586
5435
5483
5580
5389
5425
5519
5670
5432
5507
5494
5571
5318
5542
5552
5505
5633
5399
5545
5443
5513
5420
5461
5483
5437
5486
5590
5376
5478
5519
5407
5431
5356
5413
5535
5529
5489
5432
5435
5366
5456
5364
5331
5417
5406
5395
5388
5427
5344
5333
5369
5380
5348
5462
5443
5346
5410
5392
5340
5396
5348
5401
5307
5286
5362
5364
5376
5326
5198
5293
5344
5374
5347
5531
5490
5430
5259
5407
5272
5383
5335
5189
5275
5315
5370
5276
5048
5179
5247
5224
5267
5392
5352
5236
5306
5250
5220
5247
5281
5369
5241
5247
5396
5294
5295
5264
5389
5197
5296
5307
5158
5286
5301
5253
5394
5165
5086
5207
5267
5095
5337
5248
5212
5221
5361
5070
5254
5243
5193
5282
5100
5194
5234
5286
5168
5089
5113
5263
5239
5120
5263
5147
5236
5171
5170
5113
5076
5096
5191
5088
5230
5071
5155
5152
5151
5265
5106
5251
5235
5156
5090
5094
5075
5071
5033
5172
5094
5124
5116
5069
5055
5066
5098
5202
5240
5235
5177
5008
5009
5030
5094
4916
5033
5093
5131
5073
5103
5213
5075
5044
5122
5063
5084
5076
5088
5033
5094
5190
5126
5141
5072
5047
5166
5041
5122
5025
4904
5068
5137
5163
5030
5111
5018
5096
4999
5062
5029
5172
5085
4918
5194
4947
5118
5100
5012
5246
4998
5084
5032
5069
5088
5038
5049
5061
5013
5038
5079
4969
4995
5087
4962
5093
5005
5085
4889
4918
4969
5073
4997
5066
5042
5053
5107
5219
5081
4938
5144
5157
4924
5045
4916
4933
5138
4977
5086
5019
5108
5090
5142
4886
5015
4953
4990
4897
5081
4965
5125
4998
4929
5014
4997
5050
5035
5096
5060
5017
5037
5067
5218
5081
5049
5014
5059
5186
5112
5015
4929
5094
5105
5143
5035
5049
4943
5024
5097
4985
4918
5099
5010
5057
5037
5173
5107
5034
5057
5065
5083
5052
5154
5105
5094
5066
5081
5151
4991
5197
5035
5064
5179
5126
5064
5103
5029
5042
5230
5180
5318
4996
5066
5217
5121
5129
5036
5081
5067
5108
5049
5050
5109
4997
5066
5118
5022
4955
5076
5040
5165
5054
5026
5115
5158
5118
5122
5163
5042
5083
5016
5026
5038
5138
5062
5021
5128
4995
5025
5057
5092
4973
5001
5085
5048
5000
4939
5039
5140
5028
4877
5073
5076
5122
5009
5097
5113
5070
5090
5087
5244
5115
5025
5145
5094
4958
5116
5191
5198
5046
5275
4896
5234
5090
5187
5057
5256
5053
5173
5218
5084
5222
5206
4974
5190
5129
5104
5179
4980
5090
5050
5071
5051
5246
5140
5226
5149
5088
5097
5077
5078
5045
5226
5144
5059
5013
5140
4977
5010
5164
5094
5013
5165
5156
5110
5167
5110
5093
5061
5108
5199
5138
5161
5122
5254
5265
5321
5503
5645
5555
5639
5618
5634
5506
5416
5439
5352
5311
5296
5210
5244
5328
5153
5092
5182
5104
5276
5076
5226
5130
5088
5086
5045
5049
5013
4990
5071
4975
4982
5054
4916
4920
4955
4961
4961
4927
4818
4887
5039
4844
4928
4927
5052
4882
4731
4900
4893
4886
4833
4904
4838
4894
4913
4847
4846
4960
4974
4989
4859
4822
4931
5008
4951
5031
4916
4777
4838
4935
4931
5025
4890
4991
5023
4957
4989
5021
5080
5057
4969
4972
4918
5084
4869
5035
5129
4999
5027
5024
5089
5061
4953
5018
5199
4953
5051
5110
5053
5154
5027
4924
5110
5047
5210
5075
5130
5102
5092
5192
5228
5088
5225
5047
5061
5084
5080
5278
5193
5233
5179
5175
5151
5192
5108
5253
5279
5198
5217
5221
5318
5189
5230
5345
5241
5345
5151
5187
5326
5176
5304
5375
5167
5407
5283
5224
5377
5173
5378
5322
5347
5385
5204
5397
5269
5334
5431
5283
5336
5465
5136
5435
5539
5439
5331
5391
5391
5370
5359
5262
5409
5478
5416
5391
5509
5365
5566
5503
5554
5610
5613
5520
5371
5450
5484
5493
5494
5538
5397
5578
5497
5483
5542
5481
5531
5541
5559
5475
5593
5555
5455
5657
5645
5705
5781
5646
5716
5563
5667
5669
5712
5808
5667
5582
5525
5655
5737
5796
5692
5723
5578
5681
5759
5698
5795
5691
5740
5746
5827
5826
5868
5710
5710
5794
5833
5861
5867
5680
5802
5751
5821
5957
5808
5857
5800
5881
5930
5892
5806
5896
5829
5798
5709
5819
5710
5842
5932
5909
5931
5876
5925
6008
6003
5930
5878
5972
5968
5974
5749
6069
6017
6002
6088
5925
5985
6035
5990
6054
5837
6117
5961
6072
6145
6070
6032
5960
5967
5967
6120
6118
6115
6125
6056
6063
5999
6034
6165
6046
6058
6141
6005
6212
6150
5933
6187
6023
6040
6151
6156
6133
6210
6002
6041
6167
6078
6084
6150
6238
6136
6118
6262
6245
6279
6339
6245
6230
6196
6140
6270
6083
6301
6211
6276
6272
6295
6282
6283
6298
6240
6339
6291
6241
6389
6224
6388
6332
6208
6198
6304
6406
6201
6343
6297
6379
6293
6394
6318
6541
6405
6386
6412
6475
6496
6392
6429
6378
6381
6456
6337
6453
6430
6331
6434
6461
6478
6602
6217
6457
6411
6435
6435
6563
6416
6331
6368
6541
6430
6378
6405
6537
6504
6510
6570
6492
6576
6439
6605
6465
6617
6583
6456
6658
6465
6631
6720
6451
6566
6500
6584
6635
6600
6572
6619
6657
6522
6481
6745
6712
6711
6458
6751
6529
6839
6663
6635
6574
6691
6677
6734
6680
6528
6626
6648
6768
6674
6642
6606
6679
6656
6589
6636
6735
6758
6686
6682
6676
6684
6828
6644
6631
6861
6696
6766
6782
6777
6658
6725
6787
6664
6721
6824
6595
6733
6795
6884
6876
6723
6909
6901
6779
6798
6746
6762
6749
6670
6783
6706
6883
6867
6830
6852
6688
6808
6867
6709
6802
6907
7015
6914
6859
6854
7060
6853
6893
6878
6863
6973
6928
6948
6939
6995
7038
6828
7050
6950
7036
7066
7064
7101
7112
7085
6972
6951
6986
6971
7098
6991
7007
6934
7071
7065
6913
7045
7124
7030
7047
7181
7018
7153
7262
7003
7130
7028
7202
7151
6884
7259
7113
7005
7159
7010
7122
7137
7167
7076
7013
7076
7166
7243
7219
7278
7158
7191
7223
7190
7195
7399
7198
7351
7227
7208
7388
7364
7261
7229
7260
7299
7324
7363
7288
7282
7229
7295
7450
7380
7386
7411
7322
7380
7393
7462
7459
7288
7464
7416
7396
7429
7446
7465
7448
7501
7403
7546
7494
7528
7351
7421
7470
7483
7529
7306
7494
7586
7566
7540
7577
7623
7576
7410
7587
7457
7681
7635
7539
7566
7654
7532
7729
7794
7686
7638
7631
7592
7710
7662
7610
7791
7737
7637
7771
7644
7821
7768
7666
7669
7656
7723
7683
7828
7707
7558
7717
7668
7788
7716
7793
7836
7774
7930
7714
7904
7762
7748
7831
7659
7854
7890
7768
7756
7813
7778
7827
7849
7989
7852
7999
8057
8161
7888
8043
7928
8013
7985
7837
8068
8082
7828
7978
8033
8000
8077
8008
7916
7974
7942
8034
7982
7893
8156
7973
7995
8141
8046
8045
8232
8102
8165
7940
8152
8167
8143
8202
8214
8254
8263
8122
8227
8082
8177
8138
8298
8263
8300
8240
8247
8232
8380
8430
8277
8558
8374
8454
8345
8375
8478
8301
8291
8511
8181
8537
8307
8460
8499
8386
8538
8414
8292
8570
8454
8544
8377
8420
8497
8535
8445
8528
8546
8433
8307
8576
8503
8568
8694
8316
8543
8397
8517
8394
8550
8601
8614
8657
8652
8489
8514
8615
8654
8604
8494
8700
8743
8770
8641
8674
8598
8668
8702
8524
8657
8395
8577
8616
8606
8665
8391
8772
8659
8794
8565
8555
8616
8532
8593
8923
8759
8806
8786
8718
8589
8652
8525
8640
8716
8640
8714
8522
8653
8766
8633
8524
8528
8477
8529
8611
8669
8449
8488
8626
8414
8628
8635
8628
8599
8721
8835
8732
8902
8984
9002
9010
9112
9112
9097
8956
9038
9045
8656
8895
8766
8899
8581
8539
8768
8632
8710
8622
8568
8315
8658
8505
8377
8335
8438
8485
8236
8249
8315
8280
8293
8273
8055
8086
8185
8193
8146
8228
8281
8162
8334
8223
8056
8071
8089
8146
8119
7994
8075
8094
7949
8004
8038
8075
8075
7996
7923
7916
8013
7940
7856
8038
8049
7769
7935
7997
8105
7980
7829
7991
7957
7951
7933
7950
7953
7923
7712
7738
8048
7927
7844
7904
7863
7832
7831
7906
7882
7831
7859
7728
7738
7950
7706
7979
7885
7893
7842
7790
7799
7966
7889
7649
7791
7705
7743
7768
7866
7548
7827
7702
7715
7651
7757
7760
7654
7781
7686
7637
7656
7720
7641
7658
7543
7702
7678
7752
7554
7542
7656
7638
7616
7517
7533
7829
7483
7561
7579
7563
7678
7542
7564
7496
7514
7592
7660
7734
7382
7554
7433
7446
7639
7392
7643
7488
7428
7499
7677
7532
7568
7458
7584
7327
7472
7509
7555
7402
7474
7535
7418
7528
7569
7451
7443
7418
7509
7392
7337
7403
7379
7511
7353
7558
7481
7341
7470
7540
7368
7342
7322
7424
7483
7165
7273
7491
7337
7381
7270
7337
7325
7286
7332
7281
7245
7263
7403
7152
7126
7291
7363
7088
7188
7309
7191
7248
7307
7349
7339
7216
7340
7263
7223
7158
7168
7276
7325
7102
7346
7324
7290
7461
7116
7128
7279
7258
7119
7117
7185
6988
7037
7259
7141
7087
7151
7013
7170
7116
7154
7045
7088
7051
7080
7080
7088
7055
7037
7044
7149
7138
7056
7163
7120
6947
7048
7074
7043
7037
7111
7102
6983
7101
7120
6965
6975
7171
7014
6804
6922
7054
6945
7043
7122
7053
7064
6913
7136
7064
7018
6885
6985
7051
6909
6960
6949
6892
6975
6957
7006
7008
6882
7046
6790
6944
7021
6971
6976
6985
6831
6982
6877
6912
6962
6958
6832
6849
6844
7034
6869
6774
6892
6895
6811
6870
6958
6922
6932
6835
6851
6976
6881
6796
6878
6907
6645
6834
6939
6890
6695
6652
6832
6971
6878
6812
6784
6803
6678
6804
6740
6923
6795
6781
6679
6888
6706
6800
6697
6640
6839
6655
6682
6828
6751
6651
6816
6760
6800
6769
6907
6841
6776
6657
6682
6671
6582
6640
6797
6573
6612
6502
6697
6703
6538
6560
6624
6624
6603
6568
6735
6676
6551
6658
6652
6504
6743
6754
6643
6466
6741
6601
6534
6490
6564
6551
6577
6627
6493
6547
6491
6459
6508
6431
6618
6550
6512
6585
6475
6510
6431
6358
6562
6585
6534
6422
6401
6518
6471
6420
6510
6487
6348
6252
6531
6446
6123
6443
6419
6264
6337
6239
6275
6310
6196
6303
6287
6187
6230
6241
6163
6070
6247
6251
6345
6204
6332
6126
6244
6030
6102
6124
6028
6103
6196
6163
6065
6034
6091
5917
6117
5936
6012
6006
6014
5901
5793
5941
5985
5886
5914
5888
5782
5762
5750
5867
5892
5799
5743
5804
5735
5679
5703
5848
5688
5696
5600
5399
5626
5649
5548
5508
5641
5621
5536
5624
5517
5663
5420
5402
5521
5523
5483
5440
5449
5312
5432
5326
5363
5356
5547
5363
5261
5336
5325
5355
5330
5414
5283
5239
5235
5332
5339
5206
5250
5251
5099
5275
5198
5230
5251
5068
5323
5268
5187
5145
5104
5159
5098
5051
5144
5263
5108
5148
5086
5178
5028
5074
5048
4983
5112
5109
4931
5109
5183
4982
5065
4952
4968
5033
4914
4982
5018
5026
4939
5010
5073
5073
4931
5046
4894
4918
4882
4955
5136
4980
4957
4942
4818
4950
4786
4966
5061
4928
5013
5019
5026
4927
4999
4965
4935
5022
4929
5104
5045
4912
4827
5017
5007
4932
5051
4845
5082
4882
4787
4959
4889
4994
5014
4918
4928
4943
4952
4973
4967
4878
4875
4999
4804
4799
4835
4967
4977
4889
4971
4863
4974
4913
4863
4884
4874
4853
4783
4787
4995
4863
4909
4848
4942
4965
4837
5056
5126
5172
5215
5216
5100
5210
5199
5065
5213
5167
5268
5028
5248
4969
4969
4950
4933
4902
4927
4779
4753
4805
4839
4899
4840
4710
4645
4634
4563
4652
4646
4606
4621
4666
4638
4528
4547
4337
4572
4514
4500
4463
4503
4491
4476
4559
4475
4594
4580
4458
4316
4482
4468
4565
4342
4473
4472
4310
4369
4403
4393
4328
4268
4359
4331
4423
4271
4346
4271
4358
4250
4332
4327
4453
4300
4405
4427
4321
4290
4257
4329
4241
4196
4265
4248
4219
4171
4208
4296
4188
4211
4297
4060
4325
4187
4177
4235
4278
4295
4202
4217
4311
4223
4270
4272
4189
4203
4184
4150
4190
4124
4169
4083
4139
4097
4209
4163
4155
4217
4139
4124
4219
4095
4181
4038
4186
4226
4130
4135
4136
4134
4204
4267
4140
3994
4110
4087
4018
4148
3971
4127
4122
4123
4083
3988
3932
3987
4137
4116
4178
4097
3955
4202
3968
4105
3947
4049
4029
4036
4031
4104
4055
4145
4042
4020
4077
4064
4171
4026
4087
4035
4017
4040
4003
4002
4007
4038
4099
3910
3943
3952
3908
4051
4037
4054
3899
4048
3961
3955
4135
3986
3892
3965
3991
3970
3860
3962
3803
4058
3935
3851
3796
3898
3896
4017
3847
3805
3884
3836
3896
3943
3940
3927
3864
3928
3875
3876
3740
3874
3915
3761
3832
3888
3732
3857
3789
3834
3912
3847
3790
3914
3945
3893
3968
3754
3814
3868
3929
3847
3789
3803
3894
3764
3710
3769
3789
3896
3740
3860
3916
3783
3826
3695
3794
3814
3831
3937
3713
3757
3770
3849
3626
3828
3719
3751
3800
3756
3764
3832
3706
3679
3752
3663
3789
3678
3629
3700
3829
3696
3719
3742
3750
3721
3850
3700
3767
3689
3807
3685
3780
3696
3648
3650
3732
3615
3660
3736
3675
3694
3632
3591
3651
3738
3736
3618
3819
3705
3652
3661
3712
3694
3684
3650
3769
3690
3671
3593
3657
3660
3659
3597
3572
3705
3675
3696
3675
3715
3515
3785
3760
3673
3715
3593
3659
3493
3676
3601
3650
3572
3501
3553
3530
3432
3640
3545
3524
3602
3528
3631
3646
3645
3617
3602
3555
3726
3598
3694
3635
3591
3549
3709
3683
3563
3677
3670
3614
3613
3620
3602
3590
3616
3452
3528
3589
3463
3540
3605
3624
3487
3583
3534
3641
3616
3595
3556
3545
3578
3594
3423
3502
3620
3523
3533
3496
3624
3572
3613
3527
3544
3663
3575
3498
3494
3656
3480
3656
3502
3468
3562
3553
3520
3468
3421
3608
3493
3462
3427
3565
3510
3474
3463
3541
3457
3409
3443
3362
3570
3488
3562
3549
3376
3540
3417
3493
3432
3474
3414
3514
3494
3558
3618
3470
3520
3550
3545
3453
3407
3577
3470
3466
3468
3429
3434
3527
3548
3489
3410
3446
3560
3542
3436
3433
3417
3469
3454
3424
3542
3380
3423
3634
3463
3475
3506
3439
3578
3651
3650
3639
3640
3645
3634
3852
3733
3900
3902
3977
3926
4136
4079
4183
4201
4375
4596
4638
4571
4631
4683
4791
4868
4890
5043
5175
5172
5133
5195
5207
5263
5429
5499
5423
5481
5494
5524
5476
5651
5857
5627
5704
5873
5668
5785
5879
5722
5950
5905
5742
5755
5875
5796
5827
5847
5839
5845
5785
6005
5963
5980
5934
5992
5902
6063
6227
6192
6281
6597
6666
7180
7453
7675
8155
8746
9233
9824
10332
10691
11105
11222
11404
11294
11368
11016
10985
10732
10416
10013
9783
9411
8994
8703
8445
8130
7686
7322
7119
6876
6517
6290
6070
5816
5705
5248
5224
4984
4768
4603
4493
4477
4210
4095
3912
3885
3832
3699
3672
3651
3547
3601
3325
3272
3285
3350
3337
3266
3319
3110
3200
3041
3126
3011
3056
3059
3061
3033
3167
3045
3037
3140
2984
2990
2950
3037
3014
2940
3103
2963
3012
3006
3054
2994
2934
2916
2971
2973
3010
2990
3091
3015
3023
3075
3012
2992
2994
3084
3040
2928
3063
2967
2967
3030
2970
3038
2921
3036
2935
3012
2977
3005
2985
3030
2973
2947
2953
3040
2985
2940
3120
2942
2974
2974
2955
2958
2961
3003
2911
2916
2935
3089
3036
2992
2879
2999
3094
2931
2991
2906
2997
3011
3028
2943
2946
3044
3038
2995
2956
2901
2911
3031
2978
3000
2934
2920
2915
2972
2911
2950
2949
2895
2980
3098
2928
3005
2928
3011
2992
3067
3077
3029
2987
2889
2989
2888
2979
3077
2994
2953
3092
2958
2993
2944
2995
2960
3049
2931
2867
2992
2970
2976
2966
2966
3021
2979
2977
3026
3092
3060
3187
3112
3159
3184
3273
3240
3373
3525
3467
3565
3775
3808
3895
3946
4166
4383
4454
4623
4786
4986
5249
5433
5405
5768
5864
6081
6068
6353
6574
6790
6889
7065
7283
7399
7413
7473
7886
7724
7944
8021
8188
8202
8363
8475
8480
8539
8607
8636
8848
8670
8735
9017
8785
8851
9044
9148
8862
9009
8892
9018
9037
9149
9020
9125
9046
9086
9192
9370
9452
9667
9704
10019
10385
10807
11453
11620
12581
13315
14199
15392
16663
17554
18962
19561
20516
21193
21590
21760
21731
21784
21188
20614
20131
19438
18448
17842
17129
16553
15566
14976
14291
13272
12513
11947
11084
10651
9957
9225
8714
7910
7848
7284
6943
6299
6016
5709
5402
4982
4762
4416
4196
4182
3900
3729
3447
3586
3315
3168
2973
2948
2911
2778
2650
2710
2546
2524
2525
2549
2436
2428
2419
2401
2310
2415
2351
2276
2250
2363
2251
2255
2183
2204
2117
2255
2274
2321
2201
2236
2215
2250
2176
2240
2179
2100
2223
2169
2253
2179
2155
2210
2196
2176
2249
2216
2224
2204
2213
2113
2206
2239
2191
2181
2154
2168
2156
2181
2131
2192
2169
2155
2173
2189
2156
2165
2152
2126
2124
2122
2166
2128
2097
2081
2135
2192
2177
2189
2127
2212
2239
2159
2117
2149
2124
2196
2106
2085
2094
2091
2076
2126
2219
2100
2111
2135
2106
2163
2108
2137
2138
2163
2137
2109
2138
2216
2153
2079
2094
2175
2081
2069
2114
2172
2119
2152
2067
2232
2137
2196
2129
2009
2171
2112
2208
2128
2118
2124
2208
2094
2122
2115
2093
2112
2132
2004
2137
2116
2209
2212
2124
2084
2139
2156
2138
2205
2108
2170
2065
2054
2173
2077
2131
2143
2158
2068
2147
2086
2170
2153
2154
2044
2108
2099
2018
2098
2092
2107
2091
2190
2205
1994
2128
2216
2102
2064
2054
2125
2048
2101
2158
2129
2031
2058
2083
2076
2098
2089
2092
2170
1996
2115
2089
2104
2143
2033
2127
2135
2106
2106
2130
2109
2204
2146
2103
2127
2054
2100
2148
2059
2093
2084
2040
1981
2126
2025
2090
2092
2117
2082
2134
2161
2042
2058
2103
2086
2029
2066
2055
2042
2006
2118
2036
2090
2075
1981
2118
2062
2047
1988
2095
2018
2057
2027
2066
1990
2036
2068
2087
2033
2145
2049
2114
2105
2057
2063
1990
2111
2107
2040
2069
2071
2087
1952
2059
2036
2062
2059
2143
2090
2055
2040
2156
1951
2136
2066
2094
2109
2096
2067
2056
2065
2046
2078
2074
2056
2124
2042
2116
2095
2025
2079
2096
2029
2086
2050
1977
2025
2118
2010
2118
2055
2044
2042
2076
2026
2038
2092
2011
2095
2078
2017
2146
2116
1960
2111
2062
2060
2042
2117
2067
2003
2030
2128
2109
2023
2117
2109
2015
2170
2017
2036
2059
2082
2070
2054
2124
2123
2090
2054
2113
2009
2127
2074
2066
2070
2020
2074
1952
2049
2077
2142
2142
2068
2123
2035
2107
2044
2098
2000
2072
2046
2041
2077
2096
2070
2036
2125
2069
2043
2138
2035
2067
2067
2144
2182
2111
2073
2095
2071
2128
2028
2108
2022
1989
2090
2124
2073
2135
2120
2061
2094
2166
2190
2147
2199
2131
2156
2114
2117
2177
2098
2184
2222
2153
2154
2245
2169
2103
2193
2233
2169
2154
2200
2279
2290
2287
2308
2307
2332
2487
2493
2525
2584
2554
2701
2819
3059
3158
3499
3673
3767
4091
4365
4714
5051
5386
5864
6237
6778
7106
7425
7975
8552
8988
9631
10131
10579
11230
11512
12314
12447
13081
13684
14227
14676
15107
15328
16154
16362
16794
17200
17650
17997
18301
18770
18918
19127
19354
19637
19632
19766
19886
20280
20198
20766
20795
20782
20743
20780
20920
21364
21025
21024
21474
21428
21217
21735
22147
22042
22471
22906
23523
23858
24426
25395
26688
27393
29259
31242
33695
35572
38081
40965
44020
46634
49255
51328
53345
54655
55590
55854
55833
55440
54318
53156
51470
49890
47813
46030
43874
41675
39653
37645
35190
33412
30854
28898
27319
25355
23701
21587
19957
18637
17102
15496
14414
13050
11669
10905
9858
9079
8192
7517
6768
6038
5517
5131
4492
4124
3665
3290
3023
2842
2539
2338
2086
1904
1799
1634
1521
1344
1360
1222
1136
1045
1004
1003
921
870
859
790
752
674
641
643
584
629
603
589
637
554
581
549
552
560
541
521
464
480
478
507
450
485
475
475
511
497
517
494
475
489
490
490
468
449
477
457
446
466
443
437
419
460
453
433
489
508
487
484
422
421
486
417
429
465
441
451
472
440
416
463
452
438
463
435
447
437
440
450
445
465
438
422
443
413
464
450
421
442
417
439
437
420
436
444
418
417
462
429
431
423
444
473
407
437
431
462
423
461
391
435
433
410
430
424
421
432
428
421
407
436
400
447
405
407
415
416
430
438
439
439
443
425
447
414
461
429
428
427
466
443
443
474
429
422
450
426
467
445
454
493
488
498
483
496
533
584
598
640
687
734
702
813
831
813
947
1029
1073
1078
1244
1227
1242
1358
1409
1453
1574
1610
1724
1749
1872
1853
2011
2049
2148
2240
2277
2304
2373
2386
2489
2506
2494
2567
2671
2647
2773
2745
2784
2810
2807
2861
3060
2935
2905
2993
3062
2942
2972
2927
2943
2964
3085
3025
3081
3131
3074
3279
3213
3205
3307
3380
3447
3526
3748
3787
4014
4356
4500
4858
4946
5497
5761
6096
6506
6593
6942
7163
7505
7331
7540
7604
7292
7229
7046
6691
6796
6285
5982
5997
5589
5385
5163
4956
4561
4258
4080
3756
3411
3231
3111
2878
2592
2432
2195
2055
1943
1741
1656
1468
1338
1227
1152
1098
995
890
804
731
681
632
568
576
485
507
449
424
383
388
375
335
296
328
284
266
298
271
250
295
269
230
221
219
231
214
207
236
236
195
191
171
222
197
206
179
203
192
195
172
210
199
189
175
165
160
187
171
170
146
196
189
198
188
173
186
170
164
171
162
193
187
185
184
155
166
182
194
178
201
166
151
180
174
163
177
165
140
160
170
161
161
163
146
172
188
154
182
178
184
160
197
161
175
158
169
177
185
168
162
163
160
152
151
169
175
182
183
166
152
157
194
177
167
167
160
193
182
153
133
170
172
165
163
156
172
146
137
149
146
157
168
154
142
163
147
177
163
165
181
156
162
156
162
150
169
157
150
156
162
146
172
167
158
175
178
156
146
156
141
152
154
157
163
163
161
157
151
173
146
169
161
163
145
155
144
168
150
142
159
144
151
136
151
155
162
151
154
150
191
147
157
149
147
135
177
150
142
147
147
150
131
147
150
154
149
154
143
165
148
146
165
137
138
145
127
154
158
138
179
142
151
155
140
128
156
154
168
141
120
146
148
142
149
150
137
134
151
136
153
158
139
126
141
152
158
152
134
153
158
142
131
143
134
140
143
144
158
162
133
148
151
148
128
164
126
148
130
133
141
143
154
125
139
139
158
134
118
136
127
131
138
136
121
152
156
129
135
144
122
156
129
135
133
150
130
128
129
147
148
154
153
122
135
130
118
146
138
140
140
147
135
145
133
142
110
153
120
138
144
155
124
126
141
124
126
144
136
133
130
135
148
127
127
138
149
120
130
129
119
134
138
144
138
128
152
143
160
138
146
124
142
135
132
138
141
151
136
105
148
126
146
122
125
132
130
131
138
130
126
117
141
104
136
124
125
124
123
139
139
154
124
127
124
139
139
127
130
124
120
138
110
122
132
123
115
121
122
129
135
119
138
130
125
121
126
124
130
119
131
121
122
134
128
136
123
115
137
138
123
125
113
124
131
110
109
114
129
117
129
121
123
111
124
107
123
119
122
128
116
125
102
116
128
116
137
129
127
103
138
120
135
108
123
136
130
143
129
138
119
131
126
122
122
117
122
132
130
126
127
141
115
125
128
115
127
109
115
140
123
119
111
110
119
131
133
135
115
130
126
122
109
116
105
119
133
120
148
113
108
113
138
115
124
115
124
111
116
131
139
120
109
110
120
130
107
135
96
121
118
113
108
134
118
117
102
112
122
122
111
109
100
124
117
107
127
103
110
124
145
114
114
122
111
107
118
108
110
121
90
115
102
108
106
111
119
117
112
107
113
112
107
125
111
125
125
106
109
120
115
111
114
112
106
115
105
101
128
96
117
135
121
135
118
128
115
111
103
117
115
97
108
118
104
127
100
105
99
98
124
115
115
139
104
123
136
115
107
92
100
113
113
115
127
123
118
110
104
118
123
119
126
106
114
87
103
91
104
118
100
94
115
112
109
110
88
92
110
120
104
100
87
113
87
98
108
81
96
95
100
97
102
121
109
99
115
128
101
94
107
95
93
117
105
103
100
97
104
106
95
107
98
91
113
101
112
108
110
109
115
111
104
106
95
108
113
96
99
90
115
117
95
102
109
113
113
96
103
102
101
97
112
101
92
94
116
120
110
97
105
99
121
92
94
97
99
119
90
95
109
93
99
108
98
98
97
105
113
111
113
89
95
109
90
118
103
95
104
81
121
90
93
104
99
94
107
115
112
110
85
93
96
95
97
104
94
84
100
115
89
86
108
103
113
93
98
97
108
90
107
90
107
99
84
116
100
100
86
96
90
94
89
116
94
96
85
94
97
100
99
107
99
107
93
112
98
108
109
99
95
99
83
98
94
105
97
85
102
99
96
90
93
77
84
91
94
92
93
85
103
92
94
86
88
104
111
100
96
91
88
91
83
94
91
96
82
95
96
100
100
105
94
107
85
79
94
86
89
102
90
78
84
91
83
86
80
82
88
82
96
75
112
97
85
100
86
82
86
99
92
125
92
77
87
94
110
110
80
88
91
105
103
97
88
95
96
99
101
97
94
93
95
95
82
81
76
104
82
113
104
97
102
82
89
91
101
86
68
93
102
101
95
96
93
89
83
96
77
89
97
89
94
80
87
93
77
83
89
83
79
82
97
89
101
96
91
99
87
106
77
73
81
72
94
78
83
87
101
82
94
81
86
93
91
83
103
83
74
100
88
67
100
82
80
73
83
83
68
99
71
87
80
114
92
100
82
87
81
88
95
80
86
91
68
89
80
91
79
88
76
78
87
96
85
93
72
93
69
93
81
75
78
82
79
85
104
85
90
93
97
80
76
78
74
73
85
68
77
95
78
113
91
89
115
102
96
82
84
82
82
85
79
88
73
96
92
82
81
84
79
95
88
70
79
83
98
82
69
73
79
71
91
68
77
90
86
84
79
84
67
79
82
79
78
79
68
64
64
71
78
90
68
84
91
82
87
75
77
85
74
76
75
96
66
86
83
80
81
61
102
65
86
89
85
83
68
67
80
66
82
58
90
74
87
71
89
65
86
90
80
69
55
78
76
64
87
86
64
73
70
78
73
71
74
95
76
77
82
77
83
70
96
81
80
95
78
68
101
71
75
80
72
85
83
68
77
73
62
69
80
82
74
71
74
77
76
72
77
73
75
67
68
75
71
61
103
68
68
72
72
72
76
96
90
67
68
67
62
68
72
72
66
89
66
80
75
69
79
76
90
75
63
83
59
87
65
82
81
70
57
78
87
81
76
86
78
65
77
63
76
73
79
66
72
71
67
82
80
88
85
63
76
67
78
76
77
86
81
88
79
60
68
84
75
64
83
75
78
57
80
63
90
73
75
77
74
69
70
68
82
71
66
77
77
75
70
80
83
98
80
59
85
89
77
72
81
68
84
84
77
71
67
95
71
79
76
75
73
82
81
77
98
83
83
81
79
81
65
93
76
69
93
74
87
80
68
83
87
78
96
77
76
83
61
69
76
77
73
88
65
79
78
69
60
74
75
75
61
67
73
68
68
77
59
69
60
60
63
69
56
56
71
59
69
72
75
71
67
66
67
53
68
73
51
50
66
74
70
67
59
54
78
80
64
64
62
57
54
67
64
64
65
68
65
68
48
52
62
61
66
74
72
67
61
60
61
67
54
70
67
63
61
72
62
64
61
59
71
59
61
73
53
48
57
54
55
68
55
57
66
60
70
63
65
52
63
57
66
59
60
53
53
72
45
69
57
53
57
58
77
63
53
61
59
57
58
60
73
63
44
64
62
59
54
64
68
50
54
54
73
45
65
52
65
61
52
63
62
59
61
70
67
67
68
54
62
49
48
64
52
49
56
57
57
66
60
57
61
47
59
57
61
61
50
69
64
59
56
60
57
67
56
74
48
60
51
65
53
64
54
62
52
59
50
45
61
54
50
65
62
50
73
52
70
61
63
42
48
57
54
54
51
46
60
54
50
54
61
51
65
57
51
56
57
44
51
59
55
49
54
51
50
62
51
52
44
61
67
55
42
60
52
54
50
51
59
48
64
54
60
52
59
53
55
46
63
51
56
51
50
52
55
54
58
56
49
45
59
48
45
54
47
37
53
51
60
50
47
43
56
65
53
37
64
50
38
52
44
46
54
64
55
50
52
43
68
43
53
46
50
49
46
32
49
62
56
65
58
43
63
48
46
55
44
58
48
52
53
48
52
46
77
50
69
52
45
47
51
45
50
36
45
57
48
62
37
37
65
46
37
49
51
50
50
51
32
47
44
45
46
48
46
57
44
53
64
50
53
51
50
48
47
51
50
47
32
46
52
46
40
44
48
56
40
49
60
37
62
51
43
48
39
56
49
53
48
40
35
32
46
42
45
56
53
37
57
49
53
37
38
42
39
43
41
50
51
53
47
52
39
37
50
45
50
52
43
57
40
36
46
48
54
48
50
35
36
59
45
48
37
49
42
43
52
49
47
48
36
44
54
55
37
44
55
38
51
39
38
49
42
49
35
37
45
41
40
48
59
41
38
37
43
42
68
44
35
42
51
38
47
54
46
39
40
43
50
39
34
44
43
50
54
50
44
37
51
38
38
44
52
46
50
45
36
39
47
48
45
39
38
43
46
45
37
28
56
43
37
54
44
38
43
40
47
37
42
39
42
35
27
51
56
54
41
36
39
38
38
53
47
49
39
44
33
48
37
50
37
49
40
49
25
50
51
35
42
37
40
57
45
37
36
51
29
35
45
43
35
34
43
43
36
43
40
37
45
46
35
34
45
44
34
48
47
48
37
41
37
41
47
41
40
49
48
41
36
52
43
45
38
45
29
40
47
35
38
46
42
33
27
44
32
37
42
34
39
52
35
53
34
26
51
35
33
37
38
39
41
40
42
31
39
27
39
45
45
31
38
39
35
28
36
36
43
46
43
39
38
44
42
48
43
42
26
36
29
44
33
41
33
40
49
45
33
32
45
52
30
40
56
38
44
41
42
43
43
46
44
48
37
40
51
41
40
34
45
41
51
48
36
52
43
45
57
46
41
35
38
27
47
53
34
40
42
49
52
38
39
39
58
46
49
42
36
24
46
30
45
46
47
36
46
43
49
27
31
35
49
52
37
46
58
54
62
42
48
43
38
40
39
45
40
39
49
48
55
48
40
50
35
46
45
37
46
42
48
48
46
56
42
36
45
34
43
35
40
36
37
45
38
38
35
34
33
52
54
36
45
24
27
35
38
36
33
31
39
37
33
37
37
24
28
32
32
38
36
41
34
40
40
31
28
30
29
31
34
37
31
33
29
35
32
33
39
31
32
33
46
30
28
32
31
40
43
18
44
43
33
30
43
34
33
47
22
28
37
41
39
27
34
45
41
35
29
34
30
42
34
33
40
23
32
45
29
43
25
40
37
26
28
31
24
28
37
20
22
48
22
38
35
30
40
31
38
41
38
27
35
28
43
33
32
34
27
36
29
30
40
22
34
30
38
25
32
36
31
33
32
28
30
35
29
34
41
45
33
31
27
34
34
30
30
27
40
31
33
33
33
41
36
35
34
29
39
37
34
20
33
34
32
39
38
35
39
27
41
37
22
28
44
31
32
57
43
37
36
47
45
35
50
32
40
38
41
41
29
41
40
53
39
37
35
45
41
31
50
44
43
55
36
33
47
42
39
42
47
53
46
55
46
30
50
32
46
48
42
45
41
46
41
41
40
41
46
45
40
42
50
42
45
44
51
37
58
51
45
54
40
54
48
50
46
67
44
44
57
48
53
42
47
58
51
38
41
57
34
40
46
34
46
39
40
37
41
32
43
36
40
39
33
39
24
35
37
30
30
30
35
38
38
25
29
27
24
37
34
29
26
31
26
27
29
25
31
27
33
31
29
28
27
26
28
25
17
33
38
33
26
30
25
31
22
26
29
34
26
21
24
31
25
32
36
25
28
20
26
28
29
34
37
30
31
30
35
32
36
23
16
26
33
13
31
23
34
32
28
25
27
31
20
27
21
24
25
40
26
27
22
23
25
32
35
39
32
29
22
20
29
30
28
34
23
29
26
35
31
39
27
24
34
29
28
30
22
30
17
22
21
27
31
25
37
19
21
23
29
31
33
25
35
26
33
20
36
26
33
39
27
29
25
28
25
26
24
22
35
32
25
20
21
36
25
28
39
22
23
23
28
26
28
26
25
25
34
32
26
26
29
29
36
23
28
22
29
23
26
23
26
21
25
23
33
25
26
34
26
34
20
28
21
20
33
29
21
31
26
18
24
29
25
30
29
19
26
33
21
22
33
19
25
30
37
23
26
26
26
35
23
24
32
32
30
24
28
29
28
27
21
21
20
28
22
19
22
34
31
21
31
28
19
23
29
31
24
17
24
18
19
31
26
24
25
18
21
19
18
23
30
35
26
26
17
20
27
29
33
30
22
17
27
29
34
20
15
23
22
33
21
21
25
27
15
14
28
21
22
32
27
32
34
29
27
22
29
27
21
28
23
23
30
22
19
19
22
25
24
24
17
21
21
24
23
20
21
12
24
22
20
19
18
23
23
26
21
16
31
20
26
24
21
16
29
25
22
27
33
20
18
27
29
23
18
22
23
16
23
27
21
19
23
18
28
28
30
20
18
21
24
23
29
27
24
27
23
27
27
29
23
29
22
16
39
24
35
20
25
19
23
25
31
28
24
24
15
19
22
23
34
13
20
17
21
29
18
21
38
23
25
18
17
23
27
13
20
21
31
35
24
19
28
24
20
24
26
35
18
29
29
23
23
27
28
23
20
31
17
22
18
24
18
33
24
26
27
25
34
31
30
21
22
25
38
27
24
26
25
21
19
25
24
34
26
21
20
17
33
20
19
25
15
19
20
24
19
14
21
21
16
26
24
25
23
22
21
19
19
33
32
23
17
14
29
27
22
13
22
22
30
26
25
18
19
27
25
32
28
26
24
17
23
21
17
23
25
12
18
27
16
21
16
23
13
19
17
18
19
17
24
12
10
24
17
16
16
15
19
14
19
19
20
20
25
23
22
16
20
19
8
34
20
18
14
16
19
23
10
14
18
12
19
18
10
19
23
16
13
18
12
21
14
18
9
15
15
15
25
15
18
16
19
12
13
16
13
20
17
16
25
11
16
16
29
21
21
23
19
12
19
20
15
13
15
22
15
19
18
25
14
23
14
11
25
15
10
18
23
10
16
19
22
17
16
11
18
21
14
16
20
20
15
20
21
22
9
21
23
17
22
22
15
15
18
15
21
24
17
17
22
11
13
12
13
15
25
20
13
20
12
20
13
9
14
8
15
16
18
14
18
17
19
20
14
19
21
16
12
14
10
16
12
17
12
14
21
16
16
16
16
17
18
23
16
19
19
21
19
17
16
13
16
9
19
27
16
12
19
14
23
15
22
10
24
14
15
14
18
12
22
14
16
11
19
22
8
15
15
19
15
14
17
18
15
24
23
17
12
23
15
14
13
16
15
14
21
13
16
23
9
19
10
19
22
15
18
18
19
15
20
14
15
19
20
12
12
25
19
12
17
20
15
10
15
15
18
16
15
18
20
15
14
17
13
10
17
22
20
20
15
19
16
13
16
11
23
11
18
17
10
9
9
15
11
16
20
18
17
20
14
19
12
21
19
9
17
16
28
19
14
13
12
18
14
24
18
15
13
17
13
14
12
19
15
16
15
16
13
20
15
26
13
11
15
8
15
20
21
13
18
17
20
18
12
15
18
16
20
20
14
21
11
17
17
9
16
18
18
12
23
14
20
15
20
18
19
17
21
17
18
22
16
24
6
16
16
10
17
23
11
16
10
10
19
14
14
17
16
14
17
16
15
18
16
18
20
19
15
14
18
14
16
13
17
15
18
19
26
17
23
11
26
14
8
16
13
19
12
21
19
20
22
14
9
11
15
17
20
14
21
8
11
17
18
13
10
16
10
10
29
16
22
18
25
19
11
8
18
18
22
21
20
14
16
16
21
11
20
22
23
22
19
13
17
17
23
20
19
12
15
20
22
22
21
25
20
13
19
16
13
11
24
15
15
22
11
19
21
9
8
9
16
18
13
19
18
26
14
18
32
23
17
23
23
17
19
31
8
23
18
24
17
17
17
20
16
10
23
13
15
17
12
23
14
15
22
20
13
13
13
14
17
20
12
17
11
19
6
16
12
17
25
15
11
21
11
20
9
11
29
16
14
14
10
12
14
17
10
9
11
16
18
14
8
11
6
10
7
12
8
10
7
5
7
7
13
9
11
10
14
5
13
8
10
16
8
13
12
8
9
18
6
10
6
8
9
8
11
8
9
11
5
11
13
11
9
10
10
13
9
14
14
11
8
7
9
12
11
9
7
12
5
11
12
7
10
9
8
9
9
7
8
11
11
9
8
10
14
11
11
9
6
10
11
10
13
13
8
12
7
14
16
8
14
10
10
8
5
17
12
10
8
14
14
12
14
6
12
6
7
10
22
14
6
13
9
10
12
15
12
9
9
18
8
6
13
8
15
12
10
8
11
16
10
4
12
16
13
10
9
6
8
10
19
17
4
15
14
16
13
12
9
8
8
11
18
14
7
10
10
9
10
9
11
10
14
12
12
12
9
15
7
16
8
14
12
5
7
7
8
16
12
7
10
13
7
10
10
11
8
10
14
9
10
10
9
9
7
9
13
3
10
7
9
13
8
10
7
3
9
6
6
11
11
7
12
7
8
8
14
11
11
12
11
14
7
11
11
12
7
18
8
6
13
5
18
8
14
8
8
7
7
6
10
1
6
7
17
13
9
9
12
11
8
10
9
8
7
11
3
6
7
4
11
2
9
12
8
5
10
11
6
9
6
11
7
12
6
10
7
11
5
10
13
11
3
7
7
10
14
6
7
9
5
9
11
5
8
12
10
11
9
4
6
5
10
6
5
7
6
5
10
7
6
3
6
8
7
8
4
5
8
10
8
2
0
7
7
8
8
4
5
6
8
9
13
7
10
3
9
3
13
4
6
10
3
8
4
8
10
7
10
8
7
6
9
1
9
7
6
10
7
6
5
3
8
10
6
9
6
7
10
4
6
7
7
9
6
10
5
11
5
9
9
7
9
8
7
9
5
6
8
9
7
7
6
14
7
5
6
3
6
10
4
13
9
11
12
16
6
7
3
3
9
10
6
5
5
6
8
12
8
4
11
6
5
13
4
5
12
6
6
11
7
5
6
8
6
6
3
8
7
6
5
11
1
9
8
3
10
8
3
9
8
4
3
4
2
11
6
10
8
8
11
7
7
6
6
14
7
8
8
8
9
5
5
5
9
7
4
10
8
11
6
6
8
8
5
1
8
4
6
5
4
4
7
7
9
2
6
3
6
4
6
2
9
7
5
12
10
7
5
15
12
9
4
3
6
14
8
12
9
10
4
8
11
7
13
8
3
5
5
6
11
13
9
9
8
9
8
7
6
12
11
11
7
6
9
3
12
8
7
12
5
10
5
12
8
10
5
4
4
9
7
8
9
10
8
12
15
16
5
9
6
4
9
6
6
7
8
10
6
11
11
7
14
13
11
7
7
9
13
6
12
3
14
10
8
7
5
7
7
6
9
11
5
4
11
3
6
14
7
7
10
7
6
7
6
6
9
7
7
6
6
4
5
3
4
7
6
3
6
4
10
6
7
6
5
8
7
6
6
6
5
8
6
5
8
9
5
3
5
7
6
3
5
5
5
5
5
3
8
5
5
7
4
5
8
7
4
3
6
3
12
4
5
10
3
9
9
6
6
7
4
3
7
8
3
4
3
4
5
8
2
5
5
8
7
7
7
7
5
7
7
1
5
10
6
6
3
5
7
8
7
9
7
5
8
7
3
6
6
8
9
12
3
4
5
5
5
11
12
5
6
9
4
7
8
8
2
1
6
5
6
11
10
13
6
4
9
7
8
10
8
6
6
7
6
7
8
3
5
5
7
4
3
8
4
8
6
5
3
9
10
7
6
5
7
5
2
5
14
6
7
7
5
8
3
8
11
11
7
7
2
9
2
6
6
8
9
11
5
16
8
5
8
4
6
5
7
0
10
8
6
10
12
8
2
9
9
4
7
6
3
6
6
6
9
5
9
11
5
3
8
5
9
5
8
10
9
10
8
11
4
5
8
7
9
7
5
11
7
6
8
9
11
4
2
6
4
5
10
1
6
11
2
8
7
7
6
3
7
10
7
7
5
11
3
5
7
5
9
10
6
3
5
11
6
4
11
9
5
5
7
7
3
6
6
6
9
6
5
5
5
9
9
3
8
4
5
3
9
6
6
3
3
8
10
6
5
6
3
6
9
8
10
5
8
8
4
6
6
10
4
4
5
9
3
4
10
5
7
4
8
5
8
3
11
6
4
6
7
10
13
12
3
2
8
4
9
4
3
6
6
2
6
3
4
6
8
5
5
3
5
7
7
6
3
4
9
6
8
2
6
5
6
7
4
5
6
5
6
5
8
3
5
5
2
3
6
4
8
4
5
9
6
2
4
5
6
7
6
3
5
6
4
3
9
7
3
5
8
4
5
6
4
2
4
9
3
5
2
6
3
6
3
4
10
5
5
3
5
5
10
5
5
4
6
7
6
5
6
4
2
10
3
7
4
5
7
8
5
3
4
4
9
7
4
4
4
3
4
2
4
5
7
3
5
7
4
8
4
3
7
8
9
6
9
5
13
3
6
2
8
9
7
6
9
5
5
2
4
10
6
5
6
6
12
7
4
10
6
5
7
9
1
4
4
1
6
7
2
6
3
6
3
6
6
8
7
2
8
5
8
5
4
3
7
5
6
6
8
6
5
9
5
4
4
7
8
3
7
4
4
6
6
2
9
6
4
9
4
10
3
2
8
5
6
8
5
5
7
8
4
9
2
3
3
4
7
10
7
1
4
5
6
3
4
7
6
5
8
4
6
4
6
2
4
8
3
7
3
5
5
2
7
10
8
7
8
4
3
2
4
5
8
6
7
5
4
7
6
5
6
7
6
7
7
5
2
8
3
5
8
5
4
2
8
2
7
8
4
5
8
7
4
5
3
7
5
2
12
4
12
8
5
5
11
5
6
11
4
5
3
5
8
4
6
4
8
12
8
6
5
5
9
8
3
8
8
8
6
6
10
10
8
6
7
7
5
6
4
6
6
4
2
7
4
6
7
7
4
7
9
10
7
2
4
4
5
3
9
5
8
6
6
9
4
8
3
8
2
7
6
5
5
7
2
5
4
4
3
6
3
6
6
10
2
3
3
5
7
4
3
2
5
4
3
2
8
1
10
11
3
7
3
6
4
4
5
6
7
4
6
1
3
3
4
4
2
8
3
2
0
3
6
3
5
2
7
8
3
5
3
8
6
4
8
6
7
8
1
5
6
12
7
6
7
4
6
7
8
9
5
7
5
7
6
5
3
4
8
6
7
4
10
6
6
7
9
3
1
7
4
3
6
13
5
7
6
6
4
6
3
6
3
5
6
6
4
4
2
5
7
8
2
5
3
4
3
5
4
3
9
2
2
11
6
5
7
4
9
3
9
7
5
2
7
3
5
3
4
4
6
7
5
4
6
9
5
3
4
4
4
10
5
3
5
4
2
4
7
3
8
9
7
2
1
8
5
4
4
6
2
5
5
6
9
5
4
5
5
6
8
4
3
5
4
6
11
4
4
3
3
4
7
0
1
5
5
5
8
2
6
3
7
6
5
6
5
10
4
5
10
3
7
5
6
6
5
4
4
3
2
8
7
6
5
5
6
4
5
8
9
7
4
3
6
2
9
0
6
4
4
6
2
4
10
2
5
2
4
6
1
11
4
2
3
7
5
2
4
7
6
6
3
8
6
2
4
8
3
6
5
5
3
5
5
4
7
7
6
11
6
5
6
3
5
3
4
6
4
6
3
5
3
4
9
4
1
6
2
6
7
4
7
5
5
6
6
4
5
3
6
2
9
5
4
2
6
3
9
6
5
3
7
4
4
5
2
3
4
3
5
5
7
2
4
3
4
6
7
5
3
2
3
3
0
7
9
5
5
5
8
6
6
3
6
4
6
1
7
5
3
4
4
4
3
5
3
2
4
3
6
4
3
4
7
4
2
3
3
6
4
8
9
5
8
4
4
5
7
5
3
6
11
7
5
4
7
5
4
3
6
3
4
4
3
3
5
2
7
4
6
6
5
4
5
4
3
3
6
4
8
4
6
4
6
6
4
6
5
7
10
1
7
1
4
4
2
7
7
7
8
5
3
8
4
5
7
6
8
3
8
2
4
5
7
4
1
4
8
6
2
6
5
4
6
4
6
3
4
4
9
8
3
3
5
8
2
5
3
3
5
5
7
8
6
5
4
4
5
5
4
6
4
6
7
2
5
2
3
3
7
5
8
2
2
3
2
6
4
5
4
7
3
5
3
5
4
7
2
3
3
3
6
7
2
5
7
2
4
4
3
7
7
7
1
5
6
5
7
3
3
7
3
5
1
4
5
9
6
3
7
5
4
3
3
3
3
5
1
4
6
5
8
5
8
4
7
2
3
5
6
8
2
3
4
3
7
2
3
4
8
6
4
2
4
2
0
4
1
1
2
5
5
0
8
4
2
5
4
3
4
5
1
10
2
6
5
5
3
6
2
7
8
4
0
2
2
3
5
7
5
2
6
3
3
5
3
7
6
4
6
5
5
8
5
5
1
8
9
5
6
4
10
3
6
4
3
5
8
6
4
10
6
6
7
7
10
5
13
10
3
11
14
12
10
3
4
9
4
3
8
7
4
8
6
10
5
5
6
11
9
10
9
9
11
5
13
14
7
9
7
7
11
12
9
7
6
6
6
12
17
14
8
10
10
15
4
10
10
10
13
14
8
13
10
10
4
7
10
9
11
6
9
11
9
8
6
11
10
5
6
9
10
9
6
10
10
4
8
9
6
6
6
11
9
7
6
4
4
5
4
7
4
4
2
2
6
7
6
6
7
3
6
9
6
6
5
7
5
2
5
5
5
6
4
3
5
3
4
5
4
3
4
3
1
2
4
6
5
1
3
3
7
6
3
3
7
6
6
4
5
6
6
3
5
4
4
3
3
3
4
9
4
4
6
6
3
4
5
2
0
9
4
5
7
2
4
6
5
4
7
7
5
5
5
8
8
4
1
3
3
1
3
5
2
3
5
5
3
3
1
5
7
3
5
4
6
4
2
5
1
5
3
6
4
5
4
5
4
1
4
4
9
1
7
8
5
3
3
5
9
8
2
4
0
1
6
2
5
7
8
7
6
1
6
6
3
1
9
3
4
3
7
1
3
6
2
3
4
3
3
1
3
4
1
3
5
3
2
4
5
9
5
9
3
6
3
5
4
3
6
7
3
4
6
6
5
5
3
5
9
6
4
3
4
7
6
5
3
1
3
6
6
7
2
4
9
9
3
7
5
3
3
3
5
1
2
6
4
5
1
4
7
6
6
2
3
5
2
3
5
5
1
2
3
5
2
2
3
3
2
1
4
1
4
4
3
5
3
2
5
2
6
7
1
4
4
4
6
3
1
3
2
4
3
5
2
6
2
4
7
3
4
0
4
3
2
4
3
4
4
6
4
4
3
4
5
2
2
2
5
3
2
2
2
8
4
3
4
6
6
5
4
7
2
2
3
4
4
7
3
6
7
5
1
2
4
4
6
0
2
4
4
0
2
3
1
4
7
5
6
8
3
5
3
4
4
5
4
7
4
4
5
1
4
4
3
3
4
1
2
7
2
2
3
4
9
6
4
3
3
5
4
4
6
1
2
2
4
4
2
3
6
2
5
7
4
1
3
3
3
12
5
3
4
6
5
5
3
2
4
4
2
2
2
7
3
1
6
4
3
6
0
6
4
4
6
1
3
4
4
3
1
5
1
4
6
2
3
4
2
4
4
4
5
1
3
3
5
5
6
2
4
5
5
4
5
6
4
3
7
2
4
4
4
2
4
6
5
2
1
3
3
5
8
2
5
4
5
1
7
6
5
5
7
4
6
6
5
8
3
5
1
4
3
8
4
7
7
10
7
5
3
3
7
5
3
5
7
4
1
4
9
9
7
6
7
4
4
9
6
9
6
5
4
5
9
5
2
10
7
6
7
5
7
6
7
11
6
5
4
9
8
3
7
2
6
5
11
7
6
1
9
3
4
7
6
5
13
3
2
8
9
7
3
7
13
10
14
3
9
7
7
7
5
1
7
9
9
9
10
8
5
7
5
7
8
5
4
8
12
10
2
6
9
7
2
4
7
8
3
6
6
6
8
4
5
2
3
4
10
1
6
5
4
5
4
1
3
4
3
4
2
3
2
2
7
5
2
5
6
1
0
7
2
4
4
8
4
4
2
1
2
3
1
3
3
6
8
7
7
4
2
2
1
0
2
2
8
4
5
4
7
5
2
4
0
4
4
1
8
1
3
2
5
0
2
5
2
3
4
5
2
7
2
3
0
4
2
2
2
5
2
2
0
2
3
3
4
6
6
3
8
6
2
3
5
5
3
4
2
4
11
2
10
2
3
2
4
3
5
2
1
10
2
3
2
2
1
3
6
3
2
3
7
4
3
3
5
7
7
3
4
3
2
2
1
4
3
6
2
6
1
3
3
5
6
5
2
4
3
3
7
5
5
4
4
9
3
3
3
5
5
5
2
3
3
3
2
3
6
7
4
3
3
2
4
2
4
3
4
3
1
4
2
7
2
3
4
2
2
7
4
5
4
2
1
2
6
4
3
6
6
5
3
2
3
3
1
5
4
7
4
5
2
7
0
5
5
5
2
2
2
3
1
7
7
3
1
3
4
5
4
4
5
3
1
2
5
2
1
2
4
4
7
4
4
2
2
5
1
7
4
3
5
3
3
2
5
5
3
3
1
6
1
4
1
3
6
5
7
3
2
4
2
4
3
1
3
4
2
3
2
5
2
2
3
4
7
3
5
4
4
1
6
6
1
1
4
4
6
6
9
0
4
3
2
5
4
5
2
1
1
1
5
1
6
2
3
4
2
1
4
5
5
3
4
2
4
3
4
3
5
3
1
2
4
5
5
2
3
4
6
0
3
2
5
5
2
7
3
2
1
1
2
3
2
1
7
3
4
5
3
2
6
3
5
3
3
6
2
2
3
5
1
4
3
3
1
3
3
7
2
4
4
4
2
2
2
1
5
5
1
4
0
6
6
3
4
1
2
5
4
3
2
3
3
2
3
1
4
1
7
3
5
4
7
5
3
4
4
2
5
5
3
5
3
2
3
4
1
4
3
5
3
4
3
0
3
2
5
2
5
1
3
1
5
8
0
4
5
3
4
3
4
6
5
5
4
2
1
3
3
2
1
7
1
3
3
4
5
4
2
2
4
7
5
2
4
3
5
3
5
3
10
0
2
1
2
3
1
5
5
0
3
4
5
7
5
4
3
5
3
3
4
3
4
3
3
2
1
2
2
5
2
4
2
1
1
2
4
2
2
1
2
2
4
2
3
5
2
6
1
2
2
5
3
3
5
2
0
3
1
7
1
5
5
3
3
1
3
3
4
4
2
3
3
3
1
4
2
2
2
2
3
8
2
3
0
0
3
5
3
6
6
2
3
2
3
3
3
5
2
5
6
3
5
1
5
1
1
1
4
4
1
6
4
0
2
2
4
2
2
1
1
3
2
2
5
4
2
3
3
10
1
4
6
1
3
2
3
1
3
2
5
4
0
3
2
3
4
3
0
1
7
3
4
2
9
7
3
3
2
2
2
3
3
5
2
2
5
6
3
3
4
3
2
6
8
5
3
3
7
0
2
6
5
3
1
2
3
3
3
4
5
4
2
1
3
1
2
2
6
1
5
1
4
4
1
0
1
1
2
5
2
6
1
5
6
3
1
9
4
0
2
4
2
5
2
2
3
3
1
0
3
1
4
5
0
4
6
0
2
2
4
1
3
1
3
2
3
2
3
3
3
6
6
0
6
4
1
5
3
4
3
2
6
3
5
4
4
5
4
4
2
5
1
4
4
3
3
5
0
4
6
4
5
5
4
7
4
4
0
4
2
4
2
2
2
7
2
2
3
1
1
5
5
4
9
6
2
2
2
2
3
1
2
2
5
3
6
1
3
1
4
2
1
6
2
2
1
6
3
0
5
2
7
2
0
5
2
1
4
2
1
3
4
1
2
3
3
2
6
4
1
5
4
1
3
8
3
5
2
3
2
3
1
3
3
3
3
0
5
1
2
0
1
3
3
6
1
2
1
3
1
4
4
5
6
5
4
4
5
3
4
6
2
2
3
2
6
6
3
3
5
2
1
1
5
4
2
3
6
3
0
0
2
1
6
1
3
4
2
4
7
3
3
2
4
6
6
2
4
1
1
3
6
2
1
4
3
6
4
2
5
2
2
3
1
5
3
3
3
5
7
2
2
3
0
6
1
1
4
3
4
4
2
2
2
5
4
1
5
4
2
3
3
9
4
4
4
2
3
3
5
4
2
5
1
2
4
1
1
3
2
1
2
6
2
3
2
3
3
3
3
5
0
3
5
3
3
2
6
5
2
3
4
5
4
1
1
6
6
1
1
7
1
0
5
1
1
2
3
5
4
5
5
6
9
2
2
3
0
2
1
4
2
3
2
4
3
2
7
2
5
2
1
3
5
2
4
1
2
2
5
4
0
3
4
4
1
3
1
3
6
5
6
2
5
5
1
5
5
3
6
3
3
6
4
0
1
1
3
1
3
2
3
3
2
5
4
4
1
4
2
4
1
3
2
5
2
5
2
0
2
4
3
4
3
6
4
2
1
1
2
4
2
4
5
6
4
4
3
3
1
4
4
1
1
7
4
2
2
0
2
1
8
2
3
3
3
5
3
4
2
4
3
2
0
2
1
0
4
5
1
0
2
5
6
0
3
0
3
3
4
4
5
1
2
2
1
3
4
4
3
4
2
4
6
2
5
1
2
0
4
2
5
3
3
4
2
3
2
5
5
1
2
5
4
6
2
3
3
3
0
1
3
1
0
3
4
2
3
5
4
2
1
4
3
2
0
1
2
4
3
8
1
4
4
1
3
1
6
7
5
3
2
2
4
5
3
1
4
2
1
3
1
8
4
4
3
3
3
2
5
4
2
3
3
5
3
1
4
3
6
5
4
1
8
3
7
6
1
3
2
3
2
2
2
4
2
0
6
4
3
3
3
4
1
4
4
3
4
3
5
1
1
3
5
2
4
5
9
2
2
1
2
4
0
8
3
4
0
3
2
1
3
0
2
1
3
2
4
0
2
4
3
4
3
1
1
4
4
3
2
3
2
3
3
2
3
3
1
1
1
1
5
0
3
2
1
0
3
2
3
4
5
4
4
2
4
4
3
4
1
5
3
6
6
3
3
4
3
2
3
2
3
3
4
5
4
2
4
1
2
1
1
10
3
4
3
4
3
2
4
6
3
1
3
3
2
2
4
3
3
1
4
4
1
4
6
4
1
4
0
4
3
3
3
0
3
2
2
3
6
1
2
3
5
4
1
4
9
0
4
1
8
1
4
5
2
4
4
1
2
1
1
2
3
3
2
1
3
3
4
1
3
4
1
3
5
4
0
0
2
2
2
4
2
2
4
6
1
3
4
4
1
0
6
4
3
3
3
4
3
4
3
5
4
2
4
6
4
7
5
4
3
2
5
5
4
4
6
6
2
7
4
7
5
11
2
8
3
9
6
5
8
5
8
2
8
8
4
4
5
6
5
7
6
10
8
4
5
5
9
9
4
4
7
5
10
5
6
3
5
6
4
8
4
7
6
6
8
9
7
3
0
8
6
7
5
4
6
5
3
6
6
12
6
3
5
6
6
7
3
5
1
5
5
3
3
3
1
2
7
7
4
4
5
4
2
8
3
1
5
1
1
7
4
1
1
5
3
3
1
1
2
2
0
1
2
3
3
4
1
2
4
3
3
4
5
2
2
5
4
1
2
5
1
3
3
1
0
2
2
4
0
3
2
4
2
5
7
0
5
4
4
1
4
3
2
2
0
2
4
0
3
3
0
3
3
5
9
2
0
2
6
1
4
1
2
5
9
2
2
3
3
3
2
2
3
7
5
1
2
4
1
2
1
4
5
4
1
3
2
1
1
4
5
1
2
2
4
6
6
1
1
2
2
2
4
0
0
3
4
5
4
3
4
6
1
5
2
4
5
2
1
5
3
1
2
4
4
4
3
2
4
1
6
1
1
4
1
2
3
1
4
2
1
3
5
0
6
4
3
2
2
1
3
2
6
1
2
5
1
2
3
1
1
1
2
1
3
2
5
1
5
3
2
3
6
2
1
3
6
1
3
1
3
2
3
3
4
3
2
3
2
2
4
6
1
2
2
0
1
4
6
3
2
2
2
1
4
4
7
3
1
1
2
3
6
4
1
3
0
4
2
2
1
1
1
4
3
4
0
4
1
3
2
3
1
4
1
4
2
4
3
1
2
3
0
3
3
4
3
2
3
1
3
3
4
11
1
4
1
4
1
5
4
1
2
5
3
4
0
2
4
2
3
2
3
3
4
5
3
5
4
3
2
4
6
4
5
4
2
1
3
2
4
2
5
2
4
1
0
7
4
5
2
4
3
0
1
3
1
4
2
2
2
1
1
6
2
1
2
6
3
2
4
3
3
2
4
1
1
4
2
4
6
1
5
2
3
3
4
5
1
1
4
3
2
3
1
5
2
4
2
6
1
1
0
4
4
4
6
3
2
4
3
1
2
5
3
2
2
3
2
3
4
1
4
1
1
2
1
6
5
3
6
4
3
4
2
1
1
2
2
2
5
1
1
1
2
3
3
1
4
4
3
3
4
3
2
4
2
4
2
1
1
4
6
0
1
5
0
2
5
3
0
0
1
4
1
6
4
3
2
1
5
3
3
6
2
1
4
0
1
1
2
1
2
3
3
2
2
7
2
1
2
3
4
3
2
1
1
1
4
0
1
1
1
2
3
5
1
1
2
5
3
3
4
3
1
1
5
2
0
1
3
4
3
1
4
3
4
4
2
2
5
1
4
5
2
0
1
0
2
2
0
3
4
1
2
2
1
3
3
2
3
5
1
1
0
4
9
1
1
4
2
4
2
0
1
2
2
1
4
2
3
1
3
3
2
5
2
1
1
0
5
6
5
3
2
4
3
5
6
4
3
3
1
4
2
3
2
4
1
1
2
0
4
2
5
3
2
4
2
2
0
3
1
3
1
1
2
2
1
3
0
3
2
2
5
2
2
1
3
3
5
3
1
1
4
4
3
3
0
3
5
2
0
3
2
4
5
2
2
3
1
4
3
3
5
2
2
3
3
4
2
2
0
2
2
0
1
3
0
1
2
1
3
2
1
2
1
2
3
2
4
2
1
3
2
2
3
3
2
4
4
3
2
3
4
3
3
2
3
4
5
0
2
1
4
5
2
3
6
1
3
4
3
2
3
3
1
1
3
0
2
3
3
3
3
3
3
3
5
5
2
1
2
2
3
2
2
2
2
4
3
3
1
4
7
1
1
1
5
3
2
4
2
4
2
2
4
6
3
1
2
4
4
2
3
3
3
1
5
5
1
2
1
2
4
1
6
2
4
4
2
1
5
2
2
3
4
1
3
5
2
0
4
1
1
6
3
4
1
3
2
1
1
7
4
4
2
3
1
6
1
1
2
2
2
5
1
1
1
3
1
2
2
2
3
7
0
2
2
0
2
2
4
1
1
1
3
2
2
0
2
5
2
5
1
3
1
1
3
4
1
4
5
3
0
1
5
5
4
5
2
0
2
3
3
4
0
3
3
2
3
5
1
6
0
3
3
1
5
1
2
3
4
1
2
0
4
3
3
1
3
2
3
3
4
3
2
6
5
2
4
3
4
1
8
1
1
2
2
3
4
2
4
3
6
1
3
1
3
1
2
1
5
5
0
0
2
3
5
5
6
3
4
5
0
4
6
2
2
2
2
2
0
2
3
4
2
1
6
5
3
0
2
5
3
4
4
2
2
2
2
5
2
2
1
0
3
3
8
0
0
2
3
4
2
1
2
6
2
2
3
1
6
0
4
3
1
5
3
1
3
3
2
3
5
1
4
0
2
3
3
2
2
2
3
1
1
2
3
1
3
2
2
3
2
5
3
2
4
2
3
3
5
0
2
3
2
2
2
6
6
2
1
3
4
2
3
5
2
4
0
2
3
5
5
2
2
2
0
1
2
4
3
3
2
0
4
4
2
2
3
2
1
5
1
4
2
2
3
3
3
2
2
1
5
1
1
1
2
5
4
0
1
2
0
4
2
2
4
2
2
3
0
3
5
3
3
3
0
1
3
3
4
1
7
1
4
3
2
1
3
1
5
2
4
3
3
0
3
3
1
4
4
2
5
5
3
2
2
3
4
1
2
3
5
3
3
3
4
4
2
2
5
3
6
3
3
3
2
4
4
1
4
4
5
1
4
6
4
5
6
5
3
3
6
2
3
4
2
2
3
3
1
1
2
2
4
2
3
3
3
1
2
6
2
1
4
4
2
1
7
2
5
3
4
1
2
2
2
2
3
2
5
5
5
5
5
4
1
3
5
1
1
3
5
5
1
2
3
3
3
4
2
3
2
1
2
4
1
3
4
2
3
4
1
3
1
1
3
3
3
3
2
1
1
5
4
4
2
5
5
0
4
1
2
4
1
3
2
2
2
1
1
1
0
1
2
1
0
0
0
4
1
4
3
2
1
3
4
4
3
2
2
1
3
4
5
0
1
3
0
4
2
2
5
1
3
2
0
2
2
3
5
4
0
2
2
2
0
1
3
1
1
4
3
3
1
1
0
1
1
2
2
0
2
1
7
1
3
1
3
0
2
0
2
1
2
6
3
4
1
4
3
0
0
1
1
1
2
0
4
1
1
1
1
2
0
1
3
3
2
2
1
1
0
0
1
1
1
4
1
5
1
1
3
1
1
2
0
2
2
1
3
1
2
3
4
2
5
1
1
3
4
0
2
0
4
3
2
3
6
2
4
3
1
1
4
1
5
1
0
0
1
3
0
3
1
2
1
2
3
2
1
1
1
0
2
0
2
3
4
0
0
1
2
1
3
2
2
1
1
1
1
3
2
2
2
1
3
3
1
0
1
0
1
1
2
2
1
2
2
3
1
1
0
1
1
0
1
1
2
2
2
5
2
1
7
1
2
1
1
2
2
0
2
0
2
5
3
2
2
0
3
0
3
2
2
2
1
1
3
3
3
0
0
0
4
2
2
1
1
2
1
3
2
2
4
2
2
1
2
3
1
2
4
3
2
4
3
3
4
1
1
2
4
0
2
3
3
0
3
0
0
0
1
0
3
0
0
2
6
2
1
3
0
1
1
0
1
3
0
4
1
2
2
2
4
0
0
0
3
1
3
0
2
0
2
4
0
5
1
1
1
2
0
1
2
0
2
0
1
0
4
0
2
2
2
3
2
3
1
3
1
3
3
1
1
1
3
5
2
1
3
2
3
3
2
2
0
6
1
2
1
3
1
0
0
3
2
3
1
1
1
2
1
1
2
2
1
2
2
1
1
1
5
3
1
2
4
6
2
3
1
0
3
3
4
0
1
3
4
1
2
1
3
2
1
0
0
1
1
3
0
2
3
0
0
1
0
5
2
2
5
2
0
2
1
2
1
2
1
2
2
4
0
1
2
3
2
2
2
0
3
1
2
3
0
4
2
1
1
0
0
0
1
1
2
1
3
2
1
2
1
2
0
3
2
0
1
3
1
3
1
3
3
2
3
1
2
0
2
0
2
0
1
3
0
2
1
0
2
0
1
1
2
1
2
1
0
3
0
0
1
2
0
2
3
0
1
1
3
3
3
2
0
4
0
2
1
4
1
0
1
2
3
0
3
1
0
2
2
1
0
3
3
2
4
0
2
2
1
5
1
0
2
1
0
0
2
2
0
0
1
3
1
2
3
3
1
1
2
2
1
2
1
1
4
0
2
0
1
2
2
2
0
0
1
1
0
4
0
4
1
2
2
3
0
0
2
0
0
4
4
1
1
1
2
2
2
1
2
4
1
3
2
4
1
4
1
1
2
3
3
0
0
3
0
1
2
3
1
2
1
0
3
3
1
0
2
1
1
4
1
0
0
3
1
0
4
3
1
0
1
2
0
2
0
0
1
3
1
0
3
2
2
1
0
1
2
0
1
1
3
2
2
0
5
1
0
2
0
1
3
0
0
3
1
2
0
6
2
1
0
3
3
1
0
1
1
2
0
1
2
2
2
1
3
2
2
1
1
2
5
1
3
1
0
0
0
0
1
0
1
3
0
1
2
1
1
1
3
0
1
1
0
0
4
1
5
0
1
2
1
1
1
1
0
2
2
4
3
2
1
1
1
3
0
5
1
1
0
0
0
1
2
0
3
2
0
0
2
2
1
0
0
1
0
2
1
2
3
2
1
1
2
0
4
1
5
2
1
0
4
3
0
3
1
3
3
0
2
1
1
2
0
1
1
1
0
2
1
1
0
1
1
1
4
2
3
0
1
0
2
4
2
2
1
1
1
1
2
1
2
2
4
4
1
1
0
1
1
2
3
0
0
1
2
1
1
0
2
1
2
2
1
1
1
2
0
1
1
3
2
2
0
0
1
3
1
0
2
1
0
3
3
1
1
2
2
1
0
1
2
3
4
0
1
0
1
2
2
0
2
2
0
0
0
2
4
1
2
1
2
1
0
1
1
2
3
1
1
1
1
0
2
2
0
1
2
1
0
1
1
0
1
0
1
0
0
0
1
0
0
1
2
1
1
1
1
0
1
0
2
2
0
2
3
0
1
0
2
0
1
1
2
2
1
3
0
1
3
0
0
1
1
0
1
2
1
4
2
0
1
0
3
4
0
0
1
1
1
1
0
2
0
0
2
1
1
1
1
3
2
3
5
0
1
3
3
1
0
1
2
3
2
0
1
2
1
0
1
0
1
1
1
0
1
1
0
1
0
4
0
1
1
0
2
0
1
1
1
1
2
3
2
2
1
1
0
1
1
1
1
3
0
1
2
3
0
2
2
2
1
0
2
0
2
3
0
0
1
0
1
0
1
0
0
0
2
1
1
0
2
1
0
3
2
0
0
0
2
1
1
1
2
1
0
0
1
4
0
0
1
4
0
1
0
2
1
0
1
1
0
3
1
0
0
0
1
0
0
3
1
0
1
1
0
0
1
1
2
1
1
1
2
2
2
0
1
0
0
1
2
0
1
2
3
0
0
0
1
1
1
1
1
1
2
1
1
2
2
1
1
3
1
0
1
2
0
3
2
0
0
0
0
1
1
0
3
1
0
1
1
3
0
1
0
2
0
0
3
1
2
2
0
0
2
1
2
0
1
1
2
1
1
1
2
1
1
2
2
1
4
3
1
2
2
0
1
1
4
2
1
2
0
0
2
0
0
0
1
2
1
0
2
1
2
0
1
1
0
1
1
4
2
2
1
0
1
1
2
1
3
1
1
0
0
0
1
0
2
1
0
3
0
0
1
0
0
0
2
2
0
1
6
1
2
0
1
0
0
0
1
1
0
2
2
0
1
1
1
2
1
0
1
1
1
2
2
1
3
2
1
0
1
1
0
0
0
1
1
1
1
1
1
1
2
0
1
1
4
0
3
1
1
3
1
1
2
3
1
0
4
1
0
1
0
1
2
2
1
0
0
1
0
1
1
1
2
0
0
0
1
1
0
1
2
1
2
0
0
1
4
2
4
2
2
2
1
1
1
3
1
0
0
1
4
3
0
1
6
0
0
0
1
0
4
1
0
4
0
2
3
2
1
2
2
1
0
0
2
1
1
3
1
1
3
0
3
1
2
3
2
1
0
1
1
0
0
0
0
2
2
1
1
1
0
0
2
1
1
0
1
2
0
4
0
1
1
0
1
2
3
1
0
1
1
1
0
2
3
0
2
3
1
1
2
0
1
0
1
0
2
2
1
1
1
0
0
1
0
2
1
0
2
1
0
0
2
2
0
0
0
1
0
2
0
0
2
1
1
1
3
0
1
0
0
0
1
1
0
3
0
0
2
1
0
0
1
1
1
2
1
0
0
1
1
0
2
1
0
1
0
0
0
0
1
1
3
1
1
0
1
2
0
1
2
0
0
4
1
0
1
2
0
1
0
1
0
1
3
0
1
3
1
2
1
0
1
1
1
1
1
1
0
1
1
0
1
3
1
2
2
0
2
0
1
1
1
1
1
2
1
1
2
0
1
1
1
1
0
2
2
0
1
1
3
0
0
3
0
0
0
1
1
0
4
0
0
2
0
0
0
2
1
1
1
0
1
0
0
0
0
1
0
0
1
3
1
0
1
1
3
0
0
3
0
2
2
0
1
1
1
0
1
1
2
1
0
1
3
0
1
1
0
1
0
1
1
2
1
2
1
1
1
1
1
1
0
0
2
0
5
0
1
3
1
0
0
0
1
1
1
1
1
1
1
0
3
1
1
3
2
1
0
1
0
1
1
0
1
2
1
1
1
1
3
2
2
0
1
0
0
0
1
0
1
1
1
0
2
0
0
3
1
1
2
1
1
1
0
1
1
0
0
0
0
0
0
0
0
1
0
1
0
1
0
2
1
1
1
0
1
2
2
2
0
1
0
1
2
0
1
3
0
1
1
0
1
1
0
0
2
2
0
2
0
1
0
0
1
1
1
0
1
3
2
0
3
5
0
3
0
0
1
1
1
1
1
0
1
0
2
0
2
0
0
3
0
2
1
1
0
1
0
0
0
3
0
0
0
0
1
2
1
1
1
1
0
2
1
1
2
0
1
0
2
0
2
0
0
0
1
0
2
0
3
0
1
1
2
0
0
0
1
0
0
2
0
1
2
3
0
0
2
4
0
2
0
0
0
0
1
1
1
3
0
0
4
0
1
1
1
2
2
0
3
2
2
0
2
0
0
1
1
0
1
3
1
1
3
2
0
2
0
2
0
2
1
0
0
2
0
0
1
0
0
1
1
0
1
1
1
1
2
1
1
0
1
0
1
2
0
1
1
2
0
3
0
2
0
2
1
2
1
2
0
1
1
1
0
0
0
0
0
0
1
0
0
0
0
1
1
2
1
1
1
1
0
0
0
0
1
0
1
1
0
2
0
1
0
1
2
3
0
0
0
1
0
0
1
0
0
0
1
0
1
0
0
2
2
0
0
1
1
0
1
1
2
2
0
0
0
2
1
0
1
2
1
0
0
1
0
2
0
0
0
3
0
1
0
1
0
1
2
1
0
2
2
1
0
0
1
1
1
3
2
0
1
0
0
2
0
0
0
1
1
1
2
2
0
0
1
0
0
3
0
0
0
2
2
2
0
1
1
0
1
0
1
1
0
0
2
2
1
4
1
2
0
1
2
2
1
1
2
0
6
0
3
0
0
1
3
1
1
1
1
1
0
1
1
0
1
0
2
1
0
1
0
1
0
2
0
1
1
0
1
1
0
4
2
3
0
1
2
2
2
0
0
2
1
1
0
1
1
0
1
2
0
2
0
1
2
2
2
0
1
0
1
0
1
1
0
0
1
1
1
3
4
1
1
0
3
4
1
2
1
1
0
0
0
6
0
3
3
1
4
5
4
1
3
4
2
5
6
4
0
3
6
6
5
2
4
3
3
8
6
8
3
8
4
6
9
5
7
2
13
12
5
10
6
10
10
8
15
12
7
8
11
10
9
10
11
14
8
9
15
11
10
9
20
12
6
14
17
12
11
14
12
15
15
10
9
9
7
9
15
11
13
15
15
18
16
12
18
17
11
10
10
7
7
13
13
9
10
11
12
8
9
11
10
11
5
9
13
6
3
7
9
0
5
6
4
7
6
4
4
3
5
4
9
9
8
9
11
6
5
5
6
5
1
2
2
3
2
3
5
2
3
3
4
1
3
4
3
3
6
2
4
6
1
2
5
2
0
1
1
3
2
1
1
1
1
1
1
1
1
3
2
1
2
2
0
1
1
1
1
2
0
0
0
0
2
0
0
1
3
1
3
1
0
0
1
2
2
1
2
1
0
2
0
0
0
3
0
2
0
1
1
1
1
0
1
1
0
1
2
0
0
1
0
0
0
1
0
0
1
0
1
0
1
0
0
0
0
0
1
0
0
0
0
1
0
0
0
0
1
1
0
0
1
0
0
2
1
0
1
1
0
1
0
0
1
0
1
0
1
3
0
0
1
0
0
1
1
0
0
0
1
2
1
3
0
0
0
0
0
0
1
1
2
0
1
1
2
2
0
3
0
1
0
0
0
0
1
1
0
0
0
0
0
0
1
1
0
1
0
0
0
1
0
0
0
1
1
0
1
0
0
0
0
0
0
0
0
0
1
0
0
0
1
0
2
2
0
0
1
1
2
0
0
1
0
1
4
1
1
0
0
2
0
0
0
0
0
1
0
0
1
1
0
0
1
0
1
0
0
1
0
3
0
0
0
1
0
1
1
0
1
0
1
1
2
2
0
0
0
2
1
0
0
0
1
0
0
0
0
0
0
0
0
1
0
0
2
0
1
0
1
2
0
1
0
0
1
0
1
1
1
0
0
0
1
0
0
1
0
0
1
1
1
1
3
0
1
2
0
1
0
0
0
0
0
0
0
0
2
2
0
0
0
1
0
0
2
0
0
2
0
0
1
2
1
1
0
3
0
0
1
1
0
1
0
0
0
0
1
1
2
0
1
0
0
0
1
2
0
2
2
0
0
1
1
1
0
0
0
0
0
1
1
0
0
2
0
0
0
0
1
1
0
0
0
1
2
0
2
0
1
1
0
1
1
0
2
1
1
0
1
3
1
0
2
1
0
2
3
1
3
0
1
1
1
2
1
1
0
0
1
1
1
0
1
0
0
1
2
0
1
1
0
2
1
0
1
1
0
2
0
0
1
0
0
0
0
0
1
1
1
2
0
2
1
1
0
0
0
0
3
0
0
0
0
1
1
0
0
0
1
0
0
0
0
0
1
0
1
2
1
0
0
0
0
0
0
0
1
0
0
2
0
1
0
1
1
2
0
0
1
0
0
0
0
1
0
0
2
2
0
0
1
1
1
1
1
1
0
0
1
1
1
0
0
2
0
1
0
0
2
1
1
1
0
0
0
2
1
0
0
1
1
0
1
0
1
0
0
0
1
0
1
2
0
0
1
1
0
0
0
0
0
1
0
0
0
0
3
1
0
1
1
2
0
0
0
1
0
0
0
0
0
1
0
0
1
2
0
1
0
0
1
0
1
1
1
0
2
1
1
2
0
1
0
0
1
0
0
0
1
0
0
0
1
0
0
0
1
3
0
1
0
1
1
2
3
0
0
1
3
0
0
0
0
0
2
0
0
0
0
0
0
1
1
0
0
0
1
0
1
1
1
0
1
1
2
1
0
1
1
0
0
0
0
1
0
1
0
0
0
0
0
0
0
0
0
0
0
1
0
1
1
0
1
1
0
0
1
0
1
1
0
0
0
0
0
1
0
0
1
1
1
0
0
1
0
0
0
2
1
0
1
0
0
0
2
0
0
0
0
0
0
2
0
0
0
1
1
0
1
1
0
0
1
0
1
0
1
0
0
1
0
0
2
0
0
1
1
1
0
0
1
0
0
1
2
1
0
0
0
0
1
0
2
0
1
2
1
0
0
1
0
0
2
0
0
0
1
0
0
0
0
0
0
1
0
0
1
1
1
1
0
0
0
1
1
1
0
0
2
1
0
1
0
0
0
0
0
3
0
0
0
0
1
0
1
0
0
1
0
0
2
0
1
0
0
1
0
0
1
3
0
1
0
1
1
0
1
0
0
1
0
0
0
0
0
0
0
0
0
0
1
1
1
0
0
1
1
1
0
1
0
0
0
0
1
0
0
1
1
1
1
0
0
0
1
0
0
0
0
0
0
0
3
0
0
0
2
1
0
0
0
1
0
0
0
0
0
0
0
1
0
1
0
0
0
0
0
0
0
1
0
0
0
0
0
0
0
0
0
0
0
0
0
0
0
0
0
0
0
0
0
0
0
0
0
0
0
0
0
0
0
0
0
0
0
0
0
0
0
0
0
0
0
0
0
0
0
0
0
0
0
0
0
0
0
0
0
0
0
0
0
0
0
0
0
0
0
0
0
0
0
0
0
0
0
0
0
0
0
0
0
0
0
0
0
0
0
0
0
0
0
0
0
0
0
0
0
0
0
0
0
0
0
0
0
0
0
0
0
0
0
0
0
0
0
0
0
0
0
0
0
0
0
0
0
0
0
0
0
0
0
0
0
0
0
0
0
0
0
0
0
0
0
0
0
0
0
0
0
0
0
0
0
0
0
0
0
0
0
0
0
0
0
0
0
0
0
0
0
0
0
0
0
0
0
0
0
0
0
0
0
0
0
0
0
0
0
0
0
0
0
0
0
0
0
0
0
0
0
0
0
0
0
0
0
0
0
0
0
0
0
0
0
0
0
0
0
0
0
0
0
0
0
0
0
0
0
0
0
0
0
0
0
0
0
0
0
0
0
0
0
0
0
0
0
0
0
0
0
0
0
0
0
0
0
0
0
0
0
0
0
$ROI:
0
0
$PRESETS:
Live Time
0
0
