$SPEC_ID:

$SPEC_REM:
DET# 1
DETDESC# MCB 25
AP# ORCA (11.0h)
$DATE_MEA:
2017-08-12 10:05:41 +0000
$MEAS_TIM:
3151.42 4320.00
$DATA:
0 16383
0
0
0
0
0
0
0
0
0
0
0
0
0
0
0
0
0
0
0
0
0
0
0
0
0
0
0
0
0
0
0
0
0
0
0
0
0
0
0
0
0
0
0
0
0
0
0
0
0
0
0
0
0
0
0
0
0
0
0
0
0
0
0
0
0
0
0
0
0
0
0
0
0
0
0
0
0
0
0
0
0
0
0
0
0
0
0
0
0
0
0
0
0
0
0
0
0
0
0
0
0
0
0
0
0
0
0
0
0
3
6
56
1733
11133
19651
19159
17272
16569
16382
16011
16105
16264
16936
16814
16866
17371
17428
17411
17617
17879
17962
18180
18251
18196
18391
18524
18322
18207
18035
18077
17987
18014
18032
17793
17889
17890
17529
17964
17752
17613
17533
17479
17353
17107
17354
17324
17339
17123
17053
17245
17282
17118
16896
17204
17072
17224
16787
16837
16877
16836
16914
16761
16844
16383
16617
16492
16260
16363
16338
16460
16277
16032
16381
16223
16346
16167
16203
16009
16154
16172
16302
16085
15886
15917
15988
15951
15750
15937
15863
15899
15827
15948
15635
15575
15614
15571
15733
15544
15537
15579
15540
15577
15468
15479
15418
15394
15281
15655
15327
15101
15133
15211
15043
15316
15342
15280
15140
15280
15178
15113
14995
14924
14912
14971
14955
15046
14850
14929
14744
14946
14906
14752
14813
14825
14819
14606
14742
14639
14813
14714
14490
14625
14479
14530
14572
14644
14678
14291
14408
14547
14476
14470
14512
14600
14461
14579
14409
14522
14284
14171
14331
14221
14110
14199
13994
14507
14005
13989
14198
14154
14098
14053
14076
14064
14021
14130
14018
14000
13855
14129
13930
14105
13899
13856
13941
13908
13707
13865
14002
13892
13570
13761
13807
13730
13951
13762
13691
13830
13964
13662
13853
13932
13730
13856
13788
13864
13851
13638
13535
13448
13791
13582
13653
13445
13561
13583
13522
13641
13493
13419
13558
13469
13468
13382
13383
13557
13442
13563
13172
13424
13267
13412
13503
13246
13136
13284
13186
13397
13230
13434
13321
13459
13228
13057
13254
13267
13186
13217
13304
13133
13098
13144
13076
13174
13119
13104
13215
13110
13019
13042
13110
13296
13079
13065
13115
13105
12913
12854
12997
12909
12938
13132
12865
12817
12669
12794
13004
13036
12779
12640
12972
12917
12841
12882
12895
12778
12700
12858
12628
12855
12667
12901
12810
12735
12711
12656
12687
12687
12781
12663
12524
12671
12548
12454
12640
12694
12587
12560
12524
12500
12586
12476
12430
12505
12493
12613
12359
12337
12475
12518
12483
12573
12482
12298
12534
12596
12522
12551
12581
12408
12235
12462
12450
12237
12400
12432
12464
12360
12178
12370
12091
12273
12395
12347
12311
12338
12260
12365
12417
12260
11996
12117
12334
12096
12159
12189
12294
12302
12064
12244
12117
12132
11936
12164
12140
12067
12252
12206
12005
12062
12289
12132
12025
12055
11964
11929
12036
12116
11938
11915
11958
12019
12055
11917
11984
11883
12056
11878
11857
12059
11779
12052
11794
12050
11706
11879
11939
11845
12055
11864
11909
11980
11945
11769
11898
11898
11837
11768
11900
11520
11851
11896
11659
12026
11591
11827
11733
11866
11673
11901
11951
11756
11865
11882
11592
11322
11648
11775
11659
11714
11733
11673
11555
11608
11650
11524
11564
11450
11776
11671
11452
11449
11637
11410
11676
11635
11551
11624
11649
11461
11505
11482
11363
11507
11649
11469
11502
11546
11551
11436
11470
11508
11453
11412
11438
11385
11494
11366
11406
11370
11245
11397
11375
11154
11323
11153
11457
11366
11356
11258
11316
11204
11076
11301
11125
11246
11184
11257
11352
11082
11159
11341
11201
11102
11003
11383
11103
11040
11167
11154
11253
11027
11232
11194
11105
11139
11101
11101
11190
11246
11020
11038
11045
10907
11039
11011
10958
10804
11152
11252
10918
10904
10844
11155
11058
10998
10932
10994
11077
11078
10675
11052
11219
11093
10972
10830
10962
10718
10862
10990
10987
10987
10954
10869
10959
10951
10820
10937
10881
10797
11169
10797
10791
10832
11025
10764
10757
10790
10777
10925
10794
10986
10943
10776
10754
10912
10709
10654
10707
10741
10928
10743
10920
10870
10734
10779
10698
10831
10817
10719
10809
10804
10975
10649
10770
10818
10901
10728
10651
10872
10710
10762
10595
10603
10639
10717
10663
10705
10596
10743
10599
10364
10541
10730
10483
10556
10831
10490
10722
10746
10525
10461
10815
10507
10818
10590
10492
10412
10495
10537
10601
10554
10754
10505
10539
10609
10588
10361
10651
10534
10642
10526
10355
10640
10456
10600
10415
10776
10741
10412
10587
10516
10562
10522
10561
10710
10718
10434
10738
10663
10676
10482
10716
10743
10623
10601
10529
10753
10660
10755
10812
10638
10752
10697
10585
10608
10799
10745
10748
10767
10948
10793
11000
10848
10886
10906
11065
11006
10988
10928
11178
11375
11413
11414
11568
11797
11539
11768
12125
12191
11870
12150
12555
12508
12499
12794
12804
12780
13267
13210
13121
13635
13448
13382
13675
13976
14008
14381
14302
14558
14578
14742
14690
14922
15201
15180
15123
15165
14998
15253
15556
15854
15750
15857
15929
16080
16060
16369
16401
16546
16515
16621
17051
16548
16872
17451
17391
17451
17481
17643
17827
17996
18022
18080
17614
17961
17758
17478
17536
17423
17248
17017
16789
16663
16476
16300
16236
15807
15868
15691
15430
14886
14875
14751
14732
14220
14119
14037
13429
13157
13094
12873
12676
12671
12199
12075
11983
11770
11782
11597
11268
11347
11188
10833
10857
10756
10732
10851
10586
10479
10365
10340
10341
10457
10455
10321
10207
10450
10277
10283
10383
10060
10160
10190
10328
10180
9972
10135
10049
10306
10276
10149
10199
10056
10117
10072
10095
10114
10147
10006
10240
10357
10394
10245
10219
10242
10166
10120
10119
10217
10140
10215
10477
10326
10446
10195
10361
10281
10273
10415
10264
10277
10295
10377
10470
10368
10426
10404
10425
10185
10251
10487
10372
10460
10173
10521
10358
10575
10397
10196
10349
10372
10623
10610
10614
10661
10424
10463
10598
10532
10476
10578
10587
10404
10593
10619
10621
10812
10581
10613
10514
10669
10766
10880
10578
10623
10606
10482
10669
10624
10860
10826
10612
10764
10790
10810
10689
10909
10806
11016
10838
11005
10657
10664
10775
10651
10780
10926
10798
10617
10967
11218
10841
10964
10982
10710
11213
10913
10997
11040
10891
10864
11081
11190
10997
11344
11052
11121
11070
11061
11023
11033
11090
11189
11055
11317
11123
11222
11133
11192
11222
11287
11223
11189
11099
11244
11068
11209
11370
11200
11378
11497
11385
11314
11499
11159
11303
11654
11225
11566
11574
11473
11650
11525
11387
11374
11437
11530
11480
11428
11504
11453
11507
11553
11755
11552
11553
11687
11596
11770
11644
11592
11665
11613
11751
11782
11829
11744
11653
11749
11816
11829
11765
11595
11903
11832
11763
11774
11937
11892
11773
11944
11763
11797
12014
11921
11971
11983
12087
11953
11852
11902
11921
11877
12037
12110
12034
11969
12043
11944
12001
12016
12064
11998
11974
12004
12068
12165
11972
12087
12280
11955
12281
12176
12091
12128
11986
12221
11968
12198
12119
12274
12164
12316
12201
12240
12206
12367
12115
12102
12278
12178
12287
12323
12164
12286
12503
12421
12435
12316
12387
12302
12416
12641
12670
12556
12365
12457
12450
12326
12608
12435
12402
12508
12274
12375
12496
12526
12408
12597
12453
12364
12616
12602
12437
12436
12717
12625
12689
12757
12750
12614
12604
12702
12679
12689
12800
12616
12660
12631
12694
12651
12604
12702
12930
12668
12941
12751
12792
12663
12741
12686
12764
12825
12796
12846
12876
12908
12520
12825
12885
12980
13110
13011
13043
13111
12715
12908
13002
12896
13078
13113
12807
13011
12942
12994
12981
13193
13021
12894
12934
12955
13099
12966
13157
13213
12982
13104
13272
13351
13151
13144
13262
13195
13297
13224
13161
12994
13104
13316
13210
13314
13187
13134
13345
13358
13267
13189
13217
13193
13280
13213
13269
13322
13396
13181
13373
13406
13302
13277
13271
13555
13458
13341
13346
13529
13266
13397
13602
13508
13508
13662
13560
13501
13535
13432
13591
13573
13686
13482
13636
13632
13567
13689
13581
13810
13728
13580
13656
13687
13928
13554
13825
13856
13636
13788
13729
13587
14056
13816
13862
13741
13934
13673
14013
13868
13878
13689
14077
13912
13952
13789
13790
13971
14002
14000
13837
13932
14013
14118
14126
14032
14198
14155
14094
14269
14206
14193
14204
14073
14214
14142
14069
14173
14106
14165
14386
14291
14352
14318
14155
14310
14305
14211
14140
14381
14319
14552
14114
14197
14436
14494
14349
14453
14446
14536
14347
14612
14435
14673
14671
14485
14519
14522
14468
14857
14695
14577
14570
14562
14829
14758
14856
14732
14800
14822
14945
14851
14800
14840
14859
14786
15124
14808
14802
15021
14988
14837
15128
14996
15208
15024
15100
15242
15292
15018
15002
15211
15014
15046
15123
15209
15244
15544
15296
15299
15569
15553
15154
15403
15470
15460
15340
15547
15463
15368
15622
15532
15560
15480
15574
15501
15555
15745
15692
15699
15681
15968
15907
15733
15829
15917
15788
15680
15716
15866
15770
15900
15695
15787
15722
15768
15841
15828
15675
15886
15989
15884
15890
15726
15851
16105
16005
15858
15879
16190
16200
16048
16111
15931
15846
15751
16085
16078
16260
15924
16134
16117
16040
15996
15989
16474
16342
16442
16291
16269
16323
16209
16349
16290
16527
16321
16416
16256
16622
16682
16461
16380
16463
16386
16689
16412
16561
16323
16593
16578
16475
16498
16633
16720
16832
16642
16643
16958
16838
16848
16941
16931
16860
16826
16943
16971
17012
17079
17128
16999
17082
17191
17276
17085
17321
17394
17221
17577
17044
17381
17366
17354
17024
17298
17458
17320
17544
17392
17395
17732
17490
17713
17684
17666
17617
17891
17980
17777
17766
17589
17839
17857
17847
17667
17951
17924
17893
17779
17933
18052
17894
18040
17920
18140
18077
17879
18086
18071
17845
17993
17925
17683
18081
18409
18150
18049
18076
18096
18160
18127
18115
18176
18226
17919
18346
18421
18116
18328
18156
18175
18019
18049
18057
18102
18170
18221
18379
18087
17997
18257
18335
18157
18453
17966
18215
18582
18295
18339
18515
18395
18516
18508
18510
18844
18540
18518
18364
18638
18724
18591
18437
18660
18775
18578
18631
18678
18780
18631
18550
18582
18586
18849
18608
18866
18680
18957
18970
18714
18810
18729
18663
18700
19076
18980
18893
18655
19123
19034
19142
19063
19087
19075
19263
19194
19158
18844
18741
18989
19207
19152
18981
18898
19082
19137
18622
18860
18726
18680
18540
18593
18518
18294
17999
18277
18219
18289
18312
17931
17920
17756
17807
17883
17668
17747
17428
17455
17335
17253
17286
17347
17218
17271
17120
17041
17125
16992
17057
17053
16788
16970
17006
16758
16876
16877
16571
16655
16508
16897
16686
16654
16523
16485
16772
16812
16337
16460
16325
16448
16554
16625
16581
16519
16588
16468
16320
16425
16383
16578
16303
16251
16280
16437
16378
16144
16087
16381
16288
16227
16433
16323
15894
15969
16216
16051
16100
16256
16199
16274
16163
16065
16093
16298
16096
16006
15991
16135
16064
16195
15820
16006
15860
15673
16095
15996
16199
16046
16036
15967
16084
15649
15924
15910
16080
15850
15852
15734
15861
15858
15963
15844
15891
15842
15868
15737
15788
15508
15829
15867
15822
15606
15651
15757
15904
15648
15700
15942
15623
15778
15749
15655
15610
15667
15453
15461
15780
15671
15677
15642
15265
15557
15670
15576
15700
15612
15371
15490
15711
15364
15741
15408
15726
15614
15720
15694
15579
15509
15546
15587
15532
15466
15527
15571
15601
15582
15688
15474
15324
15404
15582
15564
15286
15503
15568
15480
15234
15440
15500
15649
15252
15404
15321
15375
15457
15371
15236
15550
15353
15524
15587
15212
15352
15148
15353
15425
15179
15304
15304
15161
15337
15529
15525
15612
15260
15435
15271
15342
15399
15255
15147
15085
15157
15439
15462
15255
15441
15433
15234
15268
15014
15206
15154
15145
15386
15473
15350
15535
15447
15386
15220
14976
15514
15153
15283
14952
15353
15248
15119
15168
15117
15068
15210
15104
15097
15151
15365
14987
14778
15269
15076
15290
15081
15139
15074
15281
15159
15043
14991
15354
15266
15191
15135
15172
14837
15330
15133
15304
14956
15193
15070
14998
15133
15333
14924
15274
14774
15175
14952
15129
15036
15239
14911
14944
15060
15072
15149
15182
15099
15094
15290
15065
14995
14966
15127
15026
15025
15043
15040
14837
14979
14911
15126
15309
15110
14979
15267
14940
14960
14797
15016
15242
15021
14867
15084
14925
15262
14929
14997
14927
15074
15318
15164
15040
15251
14915
15142
15010
14656
14853
14874
15047
14943
15058
15167
15010
14968
15162
14939
15054
14979
15047
14954
15113
14848
14855
15081
15206
14835
15228
14816
15012
14978
14962
14944
14783
15114
14886
14936
15048
14937
14948
14762
15019
14778
14895
14707
15051
15107
14849
14914
14963
14983
15030
15056
14699
14694
14915
14944
14786
14718
14863
14743
14632
14812
15049
14986
14817
14703
14775
14965
14769
14759
14799
14876
14736
14731
14969
15033
14773
14821
14606
14557
14683
14750
14586
14421
14900
14735
14745
14717
14758
14513
14857
14589
14708
14758
14614
14524
14428
14331
14397
14493
14537
14376
14324
14463
14565
14583
14364
14317
14310
14325
14491
14419
14197
14045
14235
14180
14121
14284
14027
13986
13808
14006
14083
13994
13957
13673
13966
13601
13764
13810
13844
13708
13581
13650
13597
13480
13620
13531
13421
13490
13475
13391
13489
13451
13358
13172
13195
13234
13087
13195
12961
13003
12640
13089
12905
12745
12817
12875
12847
12904
12675
12822
12656
12498
12532
12383
12610
12306
12632
12370
12401
12283
12458
12311
12231
12347
12278
12449
12295
12090
12079
12214
11902
11938
12276
11862
11962
11875
11905
11949
11871
11802
11802
11744
11909
11748
11536
11957
11827
11503
11716
11708
11744
11512
11727
11534
11664
11441
11454
11506
11679
11435
11573
11336
11456
11625
11382
11418
11379
11389
11308
11318
11434
11305
11337
11348
11300
11127
11241
11254
11187
11225
11150
11151
11242
11255
11236
11152
11184
11029
11098
11040
11111
11074
11307
11056
11174
11180
11006
11113
11106
10856
11036
10990
10897
11231
11275
10985
11100
11020
11103
10996
11088
11278
11018
11225
11135
10989
11023
10792
11129
10995
11157
11253
11064
11115
11087
11169
11147
11303
11194
11154
11178
11116
11409
11079
11399
11359
11414
11186
11264
11411
11355
11425
11500
11294
11398
11406
11264
11367
11541
11556
11511
11612
11400
11559
11597
11638
11609
11401
11446
11825
11693
11812
11615
11866
11679
11592
11816
11600
11485
11452
11605
11522
11534
11308
11313
11401
11099
11094
11049
11071
10953
10958
10885
10924
10763
10903
10648
10570
10761
10432
10605
10378
10336
10566
10272
10320
10215
10213
10103
10021
10045
10129
10059
10162
9997
10135
10107
10021
9885
10190
10075
9887
10101
9827
9859
9815
9960
9750
9691
9853
9847
9743
9798
9625
9614
9775
9837
9825
9788
9838
9579
9604
9519
9802
9689
9726
9542
9582
9532
9518
9636
9403
9586
9506
9402
9363
9445
9540
9303
9382
9500
9292
9283
9331
9524
9253
9110
9283
9340
9214
9401
9357
9234
9211
9360
9324
9297
8999
9449
9205
9192
9255
9111
9207
9095
9241
9206
9208
9182
9174
9081
9276
9046
9128
9142
9084
9171
8938
8920
9042
9161
9104
8996
8858
9005
9015
9054
8929
8918
8878
9000
9038
8997
8742
8898
9006
8822
8662
8707
8730
8683
8842
8774
8702
9076
8873
8860
8980
8958
8819
8868
8837
8798
8785
8796
8688
8862
8810
8577
8652
8705
8740
8677
8625
8768
8592
8679
8698
8652
8734
8619
8571
8578
8726
8630
8681
8616
8668
8712
8494
8663
8565
8627
8512
8475
8674
8545
8468
8422
8545
8452
8644
8615
8631
8488
8641
8383
8499
8248
8267
8332
8426
8341
8520
8322
8422
8269
8492
8613
8483
8486
8422
8524
8323
8339
8358
8498
8216
8342
8271
8232
8388
8332
8332
8248
8302
8340
8336
8421
8097
8326
8275
8372
8369
8347
8267
8236
8274
8233
7965
8233
8286
8173
8098
8203
8181
8067
8207
8177
8155
7916
8066
8153
8126
8186
8088
8202
8010
8089
8051
8059
8115
8136
7962
8143
8002
7905
7936
7890
8037
7909
7990
8105
8226
8073
7923
8070
7970
8088
7936
8081
8020
7954
7993
7979
7944
7899
8037
7902
7953
7871
7889
8015
7900
7809
7928
7849
7942
7791
7938
7810
7972
7977
7892
8004
7842
7780
7960
7865
7952
7774
7809
7905
7882
7705
7723
7690
7820
7665
7749
7655
7727
7824
7882
7794
7610
7798
7669
7695
7736
7723
7683
7817
7785
7722
7766
7822
7658
7807
7693
7720
7671
7708
7631
7507
7682
7659
7623
7647
7593
7808
7640
7612
7622
7696
7531
7552
7666
7491
7472
7688
7700
7665
7449
7620
7527
7574
7503
7747
7816
7640
7615
7520
7384
7423
7683
7362
7517
7445
7603
7599
7577
7582
7351
7562
7654
7445
7606
7427
7436
7601
7310
7426
7351
7488
7428
7486
7374
7450
7391
7428
7429
7379
7575
7392
7353
7282
7338
7446
7347
7520
7404
7458
7396
7328
7401
7318
7553
7335
7239
7257
7136
7360
7252
7305
7377
7368
7337
7330
7339
7274
7357
7300
7407
7378
7196
7233
7358
7316
7401
7158
7192
7377
7390
7229
7261
7257
7320
7262
7281
7377
7259
7251
7172
7246
7240
7268
7375
7192
7342
7242
7288
7217
7223
7295
7450
7492
7109
7302
7483
7304
7558
7482
7397
7541
7588
7641
7726
7834
7815
7864
8038
8072
8104
8236
8391
8627
8721
9034
9223
9445
9506
9711
10052
10357
10444
10858
10965
11463
11412
11847
12102
12524
12759
12991
13328
13481
13882
14166
14524
14876
15064
15338
15635
16058
16347
16437
16992
16958
17132
17849
17727
18182
18513
18496
19231
19045
19562
19812
20190
20559
20775
20875
21435
21932
22050
22428
22842
22672
23176
23511
23885
23929
24142
24209
24456
24640
24455
23848
24116
23763
23545
22868
22641
22324
22150
21514
20941
20500
20309
19288
18961
18285
17773
17215
16674
15983
15662
15037
14112
13749
13429
12834
12229
11942
11529
10994
10625
10374
10035
9616
9327
8986
8556
8509
8367
8166
8057
7797
7670
7455
7471
7367
7042
7169
7018
6946
6881
6865
6806
6782
6652
6530
6513
6651
6361
6575
6554
6464
6544
6567
6341
6478
6291
6407
6318
6579
6451
6361
6291
6374
6340
6480
6490
6280
6382
6352
6273
6340
6407
6309
6336
6365
6415
6233
6153
6283
6361
6379
6350
6273
6326
6375
6236
6273
6256
6326
6351
6266
6329
6239
6287
6280
6208
6180
6193
6140
6409
6322
6287
6201
6310
6225
6339
6196
6169
6227
6102
6263
6162
6166
6248
6291
6247
6200
6235
6359
6329
6115
6191
6258
6344
6397
6362
6316
6196
6305
6262
6208
6300
6279
6211
6203
6202
6128
6327
6373
6203
6141
6124
6125
6194
6201
6347
6230
6182
6132
6265
6131
6294
6208
6239
6210
6223
6132
6226
6250
6208
6327
6167
6227
6217
6175
6269
6179
6226
6189
6307
6224
6169
6145
6220
6297
6200
6318
6324
6280
6276
6233
6410
6486
6496
6431
6388
6636
6657
6803
6663
6942
6958
7027
7240
7423
7473
7727
7901
8282
8422
8636
9251
9469
9958
10312
10416
11182
11500
11931
12366
13098
13550
14181
14825
15375
16043
16820
17330
18189
18845
19270
20206
20676
21262
22302
23114
23673
24354
25247
25925
26679
27260
27944
28536
29235
30160
31283
30943
32018
32932
33286
34360
34814
35300
36000
37103
37430
38162
39332
39557
40458
41292
41838
42460
43875
44092
44668
45163
45953
46258
46628
46741
47118
46897
46534
46430
45942
45358
44870
43811
43470
42551
41217
40337
38662
37816
36482
35268
34105
32672
31201
30082
28723
27404
26059
24374
23325
22133
20941
19733
18617
17655
16542
15642
14630
13927
12997
12256
11464
10946
10618
9986
9575
9020
8618
8134
7703
7518
7252
6947
6838
6757
6518
6206
6104
5816
5870
5657
5691
5484
5520
5405
5305
5386
5358
5359
5270
5211
5256
4974
5156
5034
5125
4983
5052
4965
5005
4830
4924
4923
4806
4859
4869
4822
4956
4845
4915
4946
4864
4803
4795
4783
4952
4794
4812
4782
4770
4752
4798
4858
4871
4709
4883
4697
4892
4846
4811
4559
4714
4806
4732
4587
4758
4823
4758
4721
4659
4722
4718
4743
4626
4744
4719
4799
4677
4658
4858
4626
4724
4782
4678
4506
4540
4745
4639
4718
4749
4646
4565
4579
4581
4654
4716
4607
4525
4675
4538
4724
4753
4720
4502
4560
4620
4643
4658
4587
4681
4741
4603
4675
4672
4617
4661
4575
4707
4465
4617
4562
4554
4620
4588
4549
4539
4580
4644
4562
4615
4464
4630
4542
4486
4417
4488
4669
4403
4604
4601
4501
4556
4507
4498
4559
4596
4499
4505
4535
4576
4417
4489
4458
4655
4480
4599
4400
4510
4505
4412
4509
4580
4586
4533
4437
4480
4499
4387
4547
4563
4557
4406
4461
4590
4427
4448
4501
4476
4494
4455
4396
4394
4443
4539
4415
4398
4494
4347
4476
4462
4377
4309
4400
4468
4439
4416
4489
4338
4425
4497
4441
4312
4340
4378
4425
4353
4336
4387
4532
4401
4383
4395
4482
4494
4352
4431
4446
4387
4416
4450
4309
4419
4311
4301
4470
4319
4424
4376
4333
4281
4332
4359
4401
4392
4373
4338
4366
4354
4190
4340
4384
4365
4393
4403
4349
4341
4305
4545
4322
4373
4329
4266
4292
4357
4341
4336
4342
4198
4363
4441
4392
4334
4153
4326
4328
4397
4314
4328
4251
4213
4308
4130
4281
4235
4356
4468
4283
4342
4282
4243
4371
4263
4219
4253
4334
4214
4255
4294
4085
4374
4366
4198
4305
4246
4198
4262
4308
4265
4298
4276
4242
4056
4380
4262
4201
4389
4263
4327
4221
4326
4287
4254
4405
4407
4387
4026
4285
4278
4351
4248
4236
4338
4323
4191
4294
4278
4316
4272
4203
4309
4196
4302
4110
4272
4241
4092
4283
4281
4253
4177
4234
4317
4213
4234
4138
4275
4177
4295
4219
4245
4169
4287
4170
4288
4350
4309
4151
4306
4328
4328
4160
4236
4254
4247
4153
4224
4338
4252
4325
4189
4291
4346
4240
4382
4285
4222
4327
4401
4167
4270
4282
4259
4430
4289
4229
4330
4321
4369
4381
4356
4291
4405
4399
4322
4288
4390
4294
4288
4308
4306
4429
4260
4450
4420
4328
4369
4536
4323
4413
4467
4470
4411
4397
4570
4594
4596
4646
4423
4670
4708
4793
4881
4777
4868
4917
4998
5151
5127
5142
5264
5460
5592
5900
6149
6455
6636
6964
7385
7697
8099
8772
9484
9999
10804
11426
12245
12953
14094
15237
16126
17097
18655
20026
21171
22495
24335
25610
27124
28901
31161
32662
34561
36245
38472
40571
42474
44577
46706
48517
50508
52971
54914
57147
59363
61633
63007
65351
67931
69985
72524
73407
76360
77886
80103
82026
84095
85671
87948
89783
92420
93846
96256
98767
100154
102451
104854
106978
109006
111302
111992
114633
116576
117608
119031
119666
120946
121241
121490
120465
120652
120378
119580
117183
115256
113764
111252
109196
105938
103156
100279
96687
92914
89664
85841
82106
77748
73824
69968
66448
62426
58415
55349
51765
48253
44762
42276
38878
36043
33222
30635
28204
25943
24017
22146
20347
18510
16944
15574
14163
13140
12053
11027
9902
9179
8586
7824
7250
6724
6247
5701
5497
5127
4959
4643
4350
4139
3853
3691
3582
3419
3363
3184
3042
2920
2939
2817
2725
2632
2569
2553
2553
2521
2315
2477
2271
2306
2199
2230
2191
2193
2082
2157
2093
2157
2127
2096
2096
2076
2069
2026
2000
2100
1990
2041
1984
1921
1899
1936
2035
1942
1817
1922
1940
1877
1923
1868
1900
1802
1887
1845
1848
1859
1835
1942
1840
1834
1800
1813
1810
1822
1745
1810
1826
1848
1801
1776
1749
1813
1707
1726
1758
1743
1787
1778
1812
1706
1782
1715
1674
1695
1690
1712
1790
1745
1697
1653
1672
1746
1648
1696
1672
1711
1686
1607
1716
1714
1657
1662
1630
1782
1796
1742
1658
1627
1661
1620
1681
1588
1616
1599
1579
1679
1590
1620
1678
1688
1667
1697
1615
1648
1632
1607
1560
1644
1633
1595
1637
1548
1614
1633
1584
1592
1651
1588
1613
1695
1618
1650
1596
1662
1655
1672
1644
1660
1631
1685
1708
1648
1709
1697
1773
1806
1856
1788
1820
1921
1932
2043
2061
2123
2206
2278
2337
2421
2577
2833
2815
2967
3180
3299
3476
3536
3732
4019
4170
4289
4717
4853
4998
5324
5334
5779
6170
6289
6423
7041
7096
7275
7591
7928
8172
8399
8769
8851
9279
9589
9997
10105
10441
10633
10980
11612
11423
11796
12150
12401
12607
13058
13154
13496
13728
14146
14098
14394
14833
14963
15605
15715
15808
16124
16552
16688
16650
16874
16847
16987
17052
16884
16728
16566
16635
16585
16301
15962
15502
15309
15112
14471
14133
13673
13130
12755
12383
11733
11310
10888
10096
9886
9262
8671
8110
7703
7331
6790
6342
6114
5590
5359
4991
4712
4319
4023
3699
3498
3372
3105
2952
2682
2580
2443
2386
2165
2101
2009
1905
1834
1785
1691
1645
1590
1484
1500
1417
1425
1435
1314
1330
1252
1269
1358
1272
1244
1181
1098
1205
1176
1185
1160
1158
1212
1101
1191
1147
1158
1112
1111
1099
1116
1063
1068
1036
1086
996
1064
1051
1111
1051
1105
1047
1014
1023
1059
1059
1022
1027
1034
1048
973
1059
1036
1004
1056
1056
1013
967
1022
1055
1031
997
974
1000
931
1069
1014
962
1015
984
1024
1009
944
957
994
1040
988
986
991
986
952
951
1005
955
1017
985
941
927
1007
981
988
958
998
942
937
924
1012
1030
913
964
953
984
959
947
1001
932
935
939
975
929
1024
906
965
926
917
936
925
990
956
956
961
976
908
927
936
909
932
968
967
912
917
950
874
881
899
959
890
928
894
895
908
874
919
917
896
839
927
940
903
913
874
868
883
858
877
974
910
888
854
858
948
919
807
882
911
900
923
987
843
893
907
872
887
918
877
894
901
897
889
912
919
888
872
884
923
901
857
883
852
869
856
912
829
845
844
854
850
869
899
821
871
882
870
875
796
853
859
788
821
877
821
874
807
837
889
783
922
812
846
885
845
852
794
831
805
835
807
838
830
826
872
842
822
815
812
890
764
812
835
874
820
894
777
843
841
779
785
774
856
849
867
853
760
828
758
766
811
834
862
842
819
773
778
826
829
786
824
804
784
795
773
808
805
802
816
880
777
852
788
823
759
799
787
769
789
813
763
767
780
837
812
806
801
712
799
752
781
774
776
805
781
747
762
811
804
733
790
800
804
713
801
768
779
793
800
807
761
806
794
780
793
764
778
793
805
768
812
770
804
804
787
769
790
795
754
785
827
794
845
776
755
805
749
793
803
775
786
736
760
734
755
724
805
772
777
822
768
780
824
717
784
785
734
767
789
731
743
741
759
707
799
731
711
774
792
769
695
751
748
791
730
740
698
726
718
767
730
741
768
737
802
726
752
733
714
782
719
763
734
714
736
724
765
760
717
736
750
758
768
727
751
719
724
733
731
739
718
716
715
788
695
758
770
757
721
715
703
765
680
747
725
745
799
724
734
726
714
771
738
776
787
747
814
718
749
755
745
706
720
753
775
770
803
789
778
773
777
779
772
782
791
831
795
789
811
813
844
798
808
777
805
880
777
953
819
817
800
820
817
886
839
856
841
855
884
882
882
839
931
859
860
910
862
823
874
897
861
832
859
887
863
847
803
871
880
856
817
815
857
783
820
815
821
820
776
805
782
800
767
795
744
800
738
750
705
720
687
738
735
706
671
715
677
706
674
662
700
672
698
656
669
626
669
621
656
622
650
679
660
636
656
618
661
623
689
637
618
621
642
606
654
629
654
592
597
649
665
691
668
636
641
661
638
636
582
642
659
624
627
629
598
577
616
635
645
575
575
648
643
648
637
575
590
600
607
617
630
619
636
589
602
600
622
683
588
620
639
644
644
582
580
616
585
607
615
548
593
622
605
612
584
632
564
582
637
607
587
611
622
606
662
621
601
554
631
587
567
587
610
595
631
534
601
603
612
592
613
571
589
637
591
596
637
617
638
630
565
602
575
623
561
602
595
573
588
621
612
588
594
585
568
577
567
575
601
580
586
569
576
529
622
579
569
559
544
626
590
570
596
592
627
592
587
566
588
578
645
609
619
564
599
604
617
603
574
585
578
587
586
549
576
553
565
565
589
594
564
562
573
580
558
560
613
612
592
583
597
570
561
614
529
555
581
578
570
567
558
599
607
553
603
555
595
528
481
564
574
577
585
549
578
560
574
544
609
591
579
556
556
616
547
587
585
547
557
589
524
565
587
571
570
546
568
557
528
560
547
528
547
575
546
595
525
563
551
514
571
615
539
553
580
513
537
548
547
532
547
504
551
551
532
535
536
568
559
546
540
525
568
577
564
529
512
538
507
553
537
534
502
527
551
491
535
562
521
498
531
575
532
508
530
543
505
537
517
497
536
561
542
575
530
548
543
503
554
517
492
565
497
524
539
546
483
558
548
528
521
523
531
515
536
506
502
504
495
524
499
515
562
529
495
550
509
489
511
491
505
493
488
529
492
511
478
504
524
541
516
524
538
508
531
480
486
522
470
508
539
489
476
510
483
512
499
503
529
503
542
497
460
494
522
520
498
483
511
522
532
519
505
522
519
502
506
527
490
483
536
519
484
468
488
465
472
459
500
515
463
505
483
479
487
500
460
519
486
498
498
510
491
507
461
492
481
447
464
458
487
482
472
481
493
467
507
479
514
512
508
435
453
525
508
504
530
513
460
486
500
472
500
503
500
468
493
510
509
469
438
537
484
489
482
485
445
499
464
465
460
462
498
486
486
502
455
479
455
487
450
515
492
460
492
461
460
468
524
488
468
471
441
476
421
469
515
489
507
467
475
461
487
474
490
495
444
493
480
472
430
478
458
471
458
442
469
493
468
457
494
453
446
408
459
425
449
441
454
469
459
426
492
484
460
439
440
448
468
455
429
467
474
410
478
493
468
439
436
470
498
462
487
453
475
475
480
479
471
450
432
462
444
474
443
436
438
422
437
448
428
433
456
465
447
408
448
466
459
479
495
426
434
479
426
446
419
460
465
414
453
461
466
452
456
420
467
457
451
448
444
428
429
436
431
465
447
461
418
459
443
433
439
411
430
388
446
474
481
440
395
436
432
461
396
442
432
444
413
425
400
415
438
457
445
452
452
438
424
415
434
437
450
458
410
421
398
438
399
439
411
433
412
421
439
443
435
382
431
434
419
432
441
403
417
405
450
443
417
425
417
407
413
407
399
424
458
438
411
416
438
417
414
371
396
411
401
382
424
443
413
393
362
437
389
422
410
407
413
398
397
385
421
403
405
426
409
398
404
379
374
420
397
406
412
434
415
382
378
411
402
388
407
415
416
426
375
404
392
402
432
411
424
428
417
418
420
394
395
384
428
395
394
406
383
423
394
356
392
368
396
421
408
378
389
407
432
403
403
425
405
411
400
424
369
364
371
410
416
409
415
396
402
414
397
402
373
356
413
389
369
378
395
356
390
366
391
364
388
374
384
390
340
410
344
374
385
368
411
348
351
364
358
325
346
371
401
362
398
366
379
398
389
386
387
358
392
339
379
395
408
365
341
360
387
356
350
340
374
360
372
365
376
322
340
396
364
322
350
320
362
354
337
355
359
366
378
367
372
403
343
340
361
355
394
358
336
363
349
347
322
328
335
365
353
358
346
325
360
322
335
335
365
353
335
389
356
367
351
348
349
331
331
311
328
355
367
329
346
353
342
354
329
334
345
395
344
331
326
345
340
346
319
309
321
382
348
352
325
343
326
339
356
317
352
333
357
325
323
328
350
344
356
384
326
319
362
333
311
313
314
367
329
342
327
304
329
317
342
324
351
324
323
340
331
302
333
296
324
333
341
341
324
301
339
347
333
303
331
366
341
345
340
330
305
290
362
317
305
318
320
323
308
338
293
332
292
295
334
320
281
268
349
301
334
333
305
328
319
319
329
347
332
302
342
310
323
313
320
338
330
253
331
315
318
335
288
320
328
337
357
337
308
292
288
304
312
323
277
308
327
319
316
300
326
312
336
309
321
329
304
272
317
286
299
290
295
284
266
312
279
286
305
315
274
293
314
281
310
300
316
298
332
311
292
310
293
311
317
275
288
300
298
292
310
288
306
300
263
276
280
294
304
298
279
320
293
275
275
298
296
309
272
310
280
265
306
293
294
282
296
277
310
282
280
280
321
308
288
271
263
275
290
258
285
278
305
289
274
280
280
268
283
285
293
294
280
255
285
309
273
285
303
306
285
288
252
297
291
302
275
268
270
267
237
278
287
273
264
263
256
265
299
232
260
295
277
284
273
311
293
293
304
267
277
266
311
267
254
260
270
306
253
295
248
263
280
265
268
275
273
247
283
280
274
273
250
279
271
284
274
263
261
277
273
275
283
259
282
242
247
272
274
275
281
278
256
251
260
256
271
259
242
265
288
285
267
222
249
280
250
260
244
250
271
250
252
258
263
248
226
235
247
269
245
236
292
240
229
256
265
252
287
271
273
253
279
253
247
287
285
259
253
226
244
245
268
229
258
250
264
265
228
253
263
264
288
214
243
261
260
265
238
245
231
243
231
256
236
246
238
215
243
241
261
229
284
249
286
243
232
247
232
229
239
234
234
260
251
227
241
238
238
233
242
250
229
273
234
259
238
220
212
229
224
227
219
195
222
232
220
260
234
233
254
237
241
255
223
230
269
228
219
255
237
220
220
234
247
232
244
235
217
229
207
214
227
221
244
247
212
223
243
238
228
221
207
183
199
214
240
219
249
210
234
218
237
244
222
190
225
195
225
211
204
199
264
231
214
233
221
213
200
205
225
217
214
205
238
207
228
224
223
192
245
225
236
206
238
218
214
239
233
215
243
220
233
219
220
216
209
241
206
237
235
231
221
211
243
220
202
204
215
230
225
211
228
211
228
223
213
228
199
229
236
226
207
241
237
199
224
216
189
215
235
212
232
223
224
230
222
220
227
226
215
208
227
202
243
219
204
213
230
213
225
228
218
197
215
240
210
200
225
212
227
212
200
210
212
244
178
195
221
207
209
201
200
200
218
218
202
221
226
212
208
220
219
211
244
194
223
200
186
209
213
197
203
222
209
185
183
213
210
194
233
183
215
213
194
210
173
183
180
187
188
188
168
194
190
182
178
182
185
188
211
198
188
205
202
194
189
207
220
203
182
189
175
210
181
202
179
173
190
181
189
173
204
210
193
181
197
185
192
186
182
174
213
197
174
179
180
196
223
171
182
208
171
195
190
184
168
187
199
181
184
204
194
181
190
179
192
168
198
195
190
172
192
184
171
173
181
191
169
166
171
179
179
183
180
167
192
192
189
171
199
199
169
196
167
187
146
172
165
181
193
180
181
172
203
161
200
188
186
185
154
201
203
165
174
156
159
147
199
182
177
166
192
182
151
195
167
173
177
179
177
158
173
148
179
184
191
176
175
197
159
180
146
170
168
160
188
147
186
182
165
175
196
181
168
196
193
172
182
183
177
184
172
163
163
189
200
164
172
189
178
191
181
197
168
187
172
175
176
185
199
171
186
190
193
155
195
208
208
182
187
183
186
164
189
195
169
186
173
189
213
179
187
179
178
192
173
185
151
191
161
183
178
204
183
186
193
187
179
218
197
179
196
190
194
198
210
181
209
188
177
182
175
190
192
172
176
176
179
190
182
176
160
166
176
172
151
182
171
180
162
174
146
157
176
185
169
174
178
165
163
161
158
147
164
143
154
169
153
167
179
194
170
181
155
177
175
156
185
165
187
140
170
163
160
131
143
161
136
146
145
144
157
162
153
161
150
163
182
144
128
145
148
185
151
141
134
156
154
160
160
133
138
158
175
138
160
150
169
137
145
166
181
140
150
134
154
156
138
169
173
146
145
162
156
131
139
141
147
166
152
154
142
160
159
143
146
148
153
151
162
163
137
149
146
140
150
139
131
159
143
161
129
126
166
150
158
154
166
155
167
150
170
138
124
145
159
158
151
181
148
140
173
150
148
148
149
134
154
155
148
150
158
136
137
146
144
141
129
144
162
156
145
144
139
137
162
154
162
151
156
154
140
133
173
154
172
155
150
150
148
143
156
154
149
148
148
179
154
171
159
140
147
158
165
154
150
151
160
120
168
181
130
153
163
156
133
178
164
147
164
155
156
151
155
181
174
146
171
166
136
153
167
150
168
150
170
155
144
141
159
146
162
152
154
159
134
159
148
159
174
170
156
163
137
184
138
134
166
157
165
153
146
154
162
161
132
137
153
149
130
126
139
137
138
153
140
156
150
153
156
141
134
148
143
144
129
117
131
126
145
152
121
127
119
131
130
137
131
135
113
144
110
112
133
120
121
129
131
107
146
126
125
132
111
123
122
144
117
129
125
127
146
106
126
126
142
132
123
120
105
125
121
109
116
117
126
124
139
131
120
119
124
141
138
129
120
123
100
130
141
127
134
129
106
119
104
140
119
132
122
124
116
129
128
121
125
119
148
103
143
110
126
109
107
111
119
117
113
123
127
129
127
133
139
123
139
125
134
124
147
110
125
142
123
121
126
140
138
126
135
138
115
125
121
134
152
111
134
118
135
117
112
143
114
134
132
130
136
155
121
109
127
120
115
115
114
135
113
121
129
118
144
110
155
118
126
106
135
124
118
133
137
144
132
131
137
140
131
130
145
99
146
127
126
140
122
144
132
127
136
158
140
136
136
134
136
142
115
142
146
131
134
140
165
131
128
142
146
137
166
169
148
130
142
141
138
150
146
141
141
151
159
136
156
152
152
152
156
135
150
159
141
157
142
144
128
151
168
139
130
150
150
169
158
165
133
157
144
163
151
167
145
155
144
142
157
165
138
122
140
127
137
142
143
126
143
129
136
110
137
139
113
123
144
114
140
126
123
121
117
117
141
118
129
110
111
101
103
108
96
96
101
90
83
81
84
89
94
97
78
103
106
90
95
81
99
83
84
90
85
83
82
76
76
81
98
87
72
74
80
81
82
79
87
76
89
81
73
90
82
85
79
79
87
88
96
98
74
74
93
79
79
81
99
84
95
71
75
66
75
81
72
74
89
75
89
71
80
66
95
70
69
84
83
74
85
81
68
68
97
71
84
86
71
78
85
91
80
84
85
70
85
76
64
66
87
78
75
83
101
73
92
79
72
80
85
91
84
69
82
73
78
75
71
70
72
70
71
70
78
73
82
79
68
81
72
80
86
83
86
80
88
89
70
81
99
78
81
90
86
60
85
85
87
77
69
83
58
68
76
91
86
70
60
79
90
67
89
79
68
87
70
80
85
83
79
73
70
83
89
62
87
88
82
72
78
82
96
80
82
81
83
69
74
82
73
92
75
75
74
83
73
83
78
105
82
73
82
87
87
75
93
60
83
87
76
71
60
85
113
66
65
71
86
99
80
80
74
76
66
71
86
97
69
78
99
86
75
75
78
83
88
66
83
62
78
68
89
101
71
99
94
89
73
93
89
99
82
91
96
66
73
83
93
76
80
88
75
81
73
76
77
83
63
86
70
87
75
65
65
90
58
80
78
90
80
73
79
63
84
67
65
77
75
81
69
74
97
76
95
62
82
80
87
86
77
72
61
86
87
59
62
84
72
71
69
70
69
72
64
70
87
82
66
72
71
93
64
70
78
77
89
82
83
82
68
62
90
78
67
69
68
81
86
76
66
68
59
71
73
75
62
72
56
73
89
78
67
69
72
73
69
53
69
60
84
67
74
69
88
77
89
69
76
72
75
82
83
66
79
80
66
75
70
81
74
78
79
74
75
75
76
95
78
101
82
81
73
73
73
71
69
95
63
65
77
73
80
79
82
81
61
69
76
91
70
65
75
88
69
86
87
81
76
86
89
75
88
77
86
94
101
88
83
92
95
88
93
93
89
71
89
89
103
79
90
87
73
105
78
81
84
87
100
87
81
85
91
92
89
94
97
86
91
92
98
92
92
107
98
86
83
99
94
97
103
94
97
113
105
96
116
97
93
91
109
106
99
97
111
88
100
101
126
113
109
132
111
119
129
115
122
110
119
131
113
134
134
129
116
117
99
115
142
120
106
114
129
111
110
114
106
131
136
129
127
121
105
125
106
114
120
101
98
130
102
109
105
97
93
91
99
102
94
78
94
68
65
74
84
64
59
63
54
57
73
64
47
56
53
52
52
47
48
49
47
43
49
32
41
40
31
33
38
31
39
26
34
29
28
27
37
28
35
41
31
31
27
33
23
21
30
45
35
29
26
29
23
31
22
25
31
35
29
26
25
27
30
30
43
24
33
31
38
38
29
23
28
22
22
31
29
28
24
28
27
40
35
32
36
33
31
20
25
37
25
33
20
32
24
27
32
31
19
21
35
36
34
22
27
34
31
30
26
28
31
33
25
24
29
24
33
24
21
28
37
39
26
35
30
31
20
35
37
29
36
30
32
25
20
39
35
29
26
29
29
39
41
28
37
31
28
24
20
29
33
29
33
33
33
24
27
34
37
37
40
28
25
31
33
31
34
34
29
30
35
44
29
29
28
38
33
26
24
27
20
30
30
29
28
32
30
38
27
37
31
31
21
22
34
29
32
35
35
32
33
32
29
27
32
34
29
31
30
30
32
49
29
40
28
37
29
35
27
28
38
26
38
35
30
37
27
25
21
39
36
34
28
44
29
28
27
35
35
35
39
43
46
48
40
45
33
56
37
52
40
34
36
42
38
39
38
35
42
29
62
32
41
32
39
37
44
38
32
34
23
30
41
35
41
25
34
44
49
49
40
31
33
37
26
46
23
19
18
27
20
32
30
45
29
26
25
22
24
21
22
27
34
23
22
22
15
20
20
23
21
19
17
8
15
16
22
17
21
7
16
16
15
13
12
17
11
14
15
18
11
8
18
17
16
21
21
18
13
13
17
14
9
16
19
16
15
15
12
15
16
13
11
12
19
11
16
21
12
11
20
23
15
13
17
16
12
16
17
13
15
16
15
16
21
9
13
12
11
18
16
14
9
10
9
12
14
15
18
17
7
7
14
22
15
16
13
19
17
15
19
14
19
11
12
12
11
14
22
15
12
14
14
9
12
19
12
21
15
19
18
17
11
9
18
18
8
14
16
13
16
8
14
20
17
11
9
13
13
13
13
12
26
9
15
19
10
6
11
17
10
11
12
14
10
10
21
16
16
7
9
12
17
21
14
10
14
19
24
18
23
17
11
14
21
16
14
15
9
10
14
18
16
11
9
19
6
19
9
13
18
8
10
8
19
21
8
16
13
14
14
9
13
11
15
16
14
18
14
16
11
16
14
18
16
8
15
10
11
10
16
22
14
15
10
11
7
11
13
11
16
12
16
17
13
15
12
11
16
13
11
14
15
18
9
13
19
15
17
15
11
8
13
20
21
15
8
23
11
18
15
13
16
13
15
19
10
13
9
17
14
9
17
14
14
13
19
15
11
23
16
18
16
17
15
11
10
14
13
20
15
16
10
13
12
12
13
4
10
11
9
14
13
7
9
14
14
21
9
13
7
13
6
12
16
10
7
14
13
13
11
17
20
12
9
15
16
16
14
11
13
16
8
11
19
16
18
17
11
13
11
10
14
14
12
9
14
12
5
13
8
14
16
6
7
9
7
8
4
13
11
14
8
7
11
7
14
17
9
7
9
10
13
7
8
9
17
11
12
10
15
18
13
13
7
10
14
12
13
13
12
11
9
7
7
6
10
13
12
14
9
11
8
9
11
12
5
12
11
11
9
15
11
12
13
12
13
6
11
14
14
5
11
18
10
5
17
8
12
10
10
12
8
14
13
13
10
18
15
9
11
17
14
13
14
8
13
6
13
12
12
7
7
10
8
14
13
15
8
13
8
14
11
12
14
13
14
15
6
8
10
7
14
9
11
10
10
10
15
9
11
10
10
9
14
12
15
8
9
9
13
5
16
8
13
9
8
9
9
9
10
13
14
14
13
4
10
10
12
6
7
9
9
10
14
8
10
16
7
14
12
18
6
11
10
11
12
15
13
9
15
9
12
17
15
8
11
8
4
17
15
9
15
14
19
8
18
12
16
6
11
17
12
12
8
13
11
10
11
17
13
11
11
9
15
12
17
11
12
8
8
10
19
23
18
9
12
11
6
17
12
14
7
10
6
11
12
13
2
9
9
18
9
10
10
6
11
7
9
15
8
17
9
9
6
8
8
9
13
15
5
11
10
11
12
13
8
13
12
10
4
9
10
4
14
9
7
7
13
9
10
12
7
14
10
7
5
12
10
9
10
7
4
10
9
6
11
15
14
10
11
8
10
12
10
10
7
13
13
7
6
9
11
11
9
8
8
14
14
8
7
5
12
7
10
14
10
4
11
7
6
8
11
13
13
9
2
7
7
12
13
6
9
9
12
13
5
10
7
12
7
6
10
10
11
6
12
9
8
8
9
13
12
13
14
14
6
6
5
14
10
4
6
11
7
13
8
12
9
6
5
9
7
5
10
7
14
10
7
8
6
7
10
9
9
10
11
4
5
10
5
9
2
7
10
10
3
14
10
5
8
3
7
11
4
10
11
5
7
8
6
10
6
7
8
7
5
10
4
8
7
6
9
10
8
11
10
12
11
8
11
3
9
9
7
8
13
10
8
6
9
6
9
8
8
4
6
4
5
9
15
11
9
3
11
14
6
14
9
8
11
7
5
5
9
13
8
8
1
9
8
4
9
8
10
7
12
6
6
4
4
12
7
7
9
7
8
5
11
6
9
5
11
8
13
7
8
7
12
8
9
7
13
9
16
4
7
5
16
4
7
10
7
9
5
14
11
5
10
9
7
7
7
9
4
6
6
9
9
2
7
13
7
7
8
2
6
17
12
4
6
12
6
9
11
9
6
6
9
10
10
6
8
6
8
5
10
9
6
2
9
8
5
6
14
4
6
12
7
9
3
10
6
10
13
8
10
8
8
8
8
6
11
9
6
5
7
6
9
10
7
5
6
8
4
9
12
3
6
8
7
5
9
5
8
13
11
9
13
10
11
7
12
11
6
7
6
10
8
11
9
6
6
7
15
9
8
11
8
9
7
8
5
5
12
10
7
5
7
11
9
5
15
7
13
8
4
10
5
4
5
6
4
9
9
7
9
12
5
3
9
7
7
8
12
9
9
10
9
8
8
5
9
5
4
10
4
8
8
4
6
2
6
4
6
2
9
10
5
5
7
6
7
4
10
8
10
10
13
5
9
4
14
8
6
3
7
6
5
8
5
3
9
5
9
6
10
4
9
12
10
7
7
8
7
9
5
9
11
4
4
8
8
8
6
4
11
7
3
6
7
3
6
6
11
8
5
6
10
8
7
4
3
4
5
5
4
11
9
7
6
9
6
10
9
6
10
8
4
7
7
8
18
2
4
5
6
13
6
11
5
4
5
12
5
4
6
7
7
4
4
9
5
5
7
5
6
2
6
9
6
5
7
8
3
2
4
7
11
3
5
6
6
4
3
5
5
5
5
14
8
5
12
7
8
7
10
6
6
4
6
7
10
12
7
8
7
7
10
7
12
3
5
8
7
8
13
6
10
6
8
2
12
5
8
10
7
7
6
11
11
10
1
5
8
10
9
5
5
7
8
5
6
6
6
6
5
8
9
5
1
7
2
6
9
7
3
7
7
5
7
3
7
7
9
5
1
8
6
5
10
6
6
10
15
4
9
7
4
6
6
4
8
8
5
6
6
10
8
6
7
9
6
2
7
9
8
0
9
4
10
7
10
6
3
5
6
7
4
6
5
6
16
6
9
3
3
9
10
3
7
5
6
3
6
5
2
4
9
7
8
4
4
5
2
5
14
6
7
5
10
2
8
3
2
6
4
3
4
6
5
9
2
8
1
13
5
4
5
3
1
7
9
9
7
5
7
4
4
5
7
5
4
5
4
4
6
6
7
12
11
3
6
4
11
4
4
5
2
7
3
5
5
6
9
7
10
8
7
6
6
9
10
5
3
8
8
5
8
7
4
9
2
2
8
5
10
3
5
7
2
7
3
6
6
10
8
7
7
4
3
5
8
5
2
4
8
3
5
3
6
7
2
5
6
5
4
6
4
6
8
2
5
4
12
3
4
6
5
6
6
9
3
3
7
6
10
4
10
8
6
9
7
3
7
7
7
6
7
9
7
3
7
3
4
6
3
2
4
7
4
7
5
7
7
6
8
3
6
4
4
13
10
3
7
6
5
2
7
3
3
4
6
3
3
6
6
5
3
2
4
9
2
7
2
2
2
2
5
3
6
8
3
6
5
2
4
11
9
3
2
1
1
5
9
7
4
3
4
7
8
4
6
6
9
3
7
6
5
9
5
6
5
6
7
3
7
5
1
5
5
6
6
4
8
3
9
7
4
6
5
5
9
2
8
5
2
3
2
3
3
4
3
8
5
4
4
4
7
5
4
3
5
2
5
6
5
4
2
5
5
6
2
6
6
6
4
7
6
6
6
5
5
3
2
7
8
3
5
8
5
7
4
6
4
0
7
3
6
8
9
6
6
5
6
11
2
10
5
3
7
5
4
4
12
4
3
4
5
8
9
3
13
10
5
6
4
8
2
5
4
2
2
6
4
4
4
7
7
6
11
2
6
10
3
5
5
5
4
5
5
6
4
7
4
6
7
6
2
9
8
3
8
4
4
6
9
1
3
3
3
10
6
4
5
5
7
8
5
8
5
7
10
4
12
8
5
9
12
6
3
9
7
6
10
8
7
9
13
6
8
5
5
7
5
6
6
9
7
5
7
8
8
9
6
10
5
8
6
11
9
16
9
6
9
11
6
8
10
12
8
13
8
7
10
8
11
6
11
7
7
12
3
5
8
6
9
5
6
10
2
10
7
10
5
3
9
5
8
7
5
5
11
7
5
8
5
6
9
5
3
7
8
5
4
2
8
4
4
2
1
6
6
5
6
3
7
4
6
2
6
5
5
4
8
6
3
6
8
10
3
5
5
3
5
5
5
4
6
4
4
1
4
4
6
2
3
1
3
3
4
3
2
9
6
5
4
3
8
3
3
2
8
7
6
4
2
4
3
7
4
5
2
1
6
3
4
3
5
2
6
2
4
6
6
6
3
6
4
6
5
6
7
3
7
3
6
4
3
3
8
7
0
5
6
2
4
8
0
6
3
2
2
6
4
8
6
2
7
5
4
4
6
5
5
5
3
3
3
7
1
3
4
4
8
6
5
6
1
5
7
1
4
3
3
2
4
3
6
6
2
7
3
9
5
9
3
3
2
6
7
2
3
2
6
2
9
2
1
3
4
6
5
4
1
4
5
5
4
4
6
12
5
3
3
8
7
4
4
7
4
3
6
6
10
3
3
5
3
5
1
7
2
11
3
5
5
5
6
3
9
2
3
5
2
9
7
1
2
3
3
7
0
1
2
7
7
3
1
7
2
4
2
3
4
3
2
2
1
5
4
9
5
2
3
5
5
9
4
4
2
7
6
5
5
5
4
3
2
6
2
4
2
2
6
2
6
8
1
2
5
2
3
4
2
4
3
5
5
2
5
6
3
5
3
4
2
3
6
7
1
9
4
7
5
2
5
3
2
2
11
3
2
6
6
2
8
4
1
6
2
6
5
4
5
3
2
4
6
7
3
5
2
5
4
3
2
6
8
4
1
3
6
9
7
7
6
1
3
6
4
4
8
5
4
7
6
5
4
3
5
5
4
8
4
1
3
6
2
3
2
6
3
2
3
5
3
3
11
4
2
3
3
6
4
5
6
2
3
6
8
1
3
3
6
2
5
1
8
4
3
9
5
5
3
2
5
4
6
5
3
3
3
6
5
2
2
2
4
3
1
6
3
2
4
4
4
4
4
3
9
4
5
1
4
2
0
2
0
4
1
5
4
3
5
8
5
5
5
7
2
0
5
3
4
2
5
7
7
3
0
2
4
6
4
3
1
4
6
3
4
5
4
8
8
3
4
2
7
6
5
3
7
7
6
5
4
4
4
6
1
6
7
4
6
7
8
2
5
3
3
4
5
5
6
2
2
6
3
4
1
4
7
9
5
5
5
3
4
6
6
4
6
4
10
3
7
4
7
5
8
4
6
5
9
7
9
8
8
8
5
4
2
7
5
7
6
7
4
7
6
6
8
7
5
5
5
5
4
8
6
8
8
9
6
6
12
5
7
10
8
5
3
8
3
6
4
8
5
7
5
4
5
1
7
6
1
8
9
2
5
7
2
6
6
0
7
6
8
4
1
1
2
3
8
6
5
3
1
4
1
2
4
3
2
3
4
3
5
2
4
3
3
3
3
2
3
3
2
4
4
2
1
3
4
4
4
1
7
5
1
5
2
4
0
3
2
5
3
7
4
0
3
5
1
1
3
5
4
3
7
2
3
1
2
2
2
6
2
3
1
5
4
3
3
3
3
5
4
3
3
4
3
4
3
4
3
1
3
3
4
4
4
2
1
0
1
2
5
3
2
6
6
4
8
1
3
4
5
2
8
5
5
2
5
4
2
5
2
3
3
5
0
3
6
3
4
3
7
2
4
4
2
6
6
7
4
5
4
5
1
1
2
5
2
1
3
2
0
5
5
4
1
2
8
6
3
2
2
2
3
5
4
3
5
3
3
3
5
5
3
3
5
2
2
4
1
1
3
3
2
0
3
3
2
2
5
3
4
4
5
3
3
6
6
1
2
4
2
3
3
3
6
3
5
1
4
1
4
3
3
3
4
3
1
3
6
4
3
8
3
1
8
2
2
1
4
2
5
2
5
2
1
4
4
7
5
2
1
3
2
1
7
3
4
4
7
1
1
6
4
2
5
3
1
1
7
4
2
7
0
3
4
3
2
3
5
6
2
1
7
5
1
1
6
2
1
3
7
3
4
3
1
5
5
0
4
1
4
1
3
5
3
4
1
5
4
4
3
5
2
5
4
1
4
4
2
4
3
7
0
4
1
2
4
5
3
6
1
2
1
6
4
4
5
3
2
2
5
3
3
2
1
3
2
3
4
3
2
3
7
3
3
4
1
2
3
4
3
4
5
1
3
3
5
4
2
4
5
3
7
4
0
1
4
6
4
3
0
1
1
3
4
2
2
6
2
4
2
5
3
2
4
1
4
2
4
2
5
5
5
1
5
2
3
3
3
3
2
4
3
4
3
1
6
4
3
1
3
1
0
2
2
3
2
1
6
1
6
3
1
3
3
1
5
1
6
7
4
0
0
5
1
4
3
3
4
1
0
6
3
3
5
4
2
2
7
5
2
1
2
1
3
1
4
2
3
2
4
1
2
1
2
3
4
2
7
3
3
4
1
3
3
3
3
2
1
2
4
6
2
5
4
4
4
6
6
5
4
1
4
5
5
5
1
2
2
0
2
2
0
5
1
7
5
2
5
3
6
0
5
7
4
4
6
4
2
4
0
5
1
5
0
5
3
4
2
2
4
2
10
2
3
2
2
4
2
4
3
3
4
4
1
3
4
4
3
4
2
2
2
3
3
5
2
4
3
4
4
4
2
2
2
2
1
5
1
6
2
1
4
3
1
2
2
2
2
3
3
5
4
3
2
5
3
0
3
4
6
1
1
1
3
4
1
2
5
2
4
1
2
3
3
2
5
1
2
2
0
1
1
3
2
1
2
4
1
0
2
4
4
2
4
2
5
3
3
4
5
4
1
5
2
2
2
3
2
9
1
2
4
5
4
4
1
2
2
1
2
5
2
3
0
4
1
4
3
4
0
6
2
4
3
0
5
3
3
4
3
3
2
3
1
3
7
1
4
1
4
4
1
1
3
2
5
4
1
3
2
2
4
1
1
6
2
3
0
5
6
2
3
3
3
4
1
4
4
1
3
3
6
3
2
0
1
3
3
4
2
3
2
0
1
4
1
2
2
3
3
0
4
4
2
6
1
1
4
2
2
4
1
1
4
0
2
2
4
1
3
2
2
4
4
1
2
1
2
2
1
5
3
5
2
5
1
2
7
3
5
2
5
1
4
5
2
5
6
3
1
4
2
5
3
2
1
3
3
4
3
4
4
3
4
3
2
1
5
3
3
2
1
4
0
2
5
1
3
6
2
3
2
3
4
5
6
2
4
2
4
3
4
1
5
2
3
1
0
3
5
5
4
4
3
4
3
5
2
1
4
6
2
0
3
3
2
4
2
4
4
3
4
2
2
7
2
0
3
3
4
2
3
0
5
4
1
1
1
1
0
3
3
3
1
1
2
1
3
1
2
1
0
2
2
2
4
3
4
3
5
1
1
0
2
2
6
1
3
4
3
2
1
2
4
2
2
1
2
3
2
2
3
4
2
4
4
2
2
1
4
1
1
2
2
3
1
1
3
1
2
0
0
4
6
1
3
4
7
1
1
2
6
6
1
4
2
5
4
4
2
0
2
0
2
6
5
1
5
4
4
2
3
4
5
2
2
2
2
3
4
3
2
5
2
6
4
2
0
3
2
2
3
2
2
4
3
6
6
5
8
3
1
1
1
1
3
4
5
1
1
2
1
3
1
1
1
2
0
2
1
4
2
2
2
1
4
3
3
0
4
6
7
2
2
3
1
4
5
4
4
1
6
2
4
1
5
1
1
5
7
2
2
0
1
0
2
1
3
1
1
1
5
3
2
2
1
2
3
5
4
2
2
2
2
6
2
3
3
1
1
2
1
1
5
1
3
3
2
2
1
0
2
2
2
2
2
5
0
3
1
1
2
4
1
2
2
3
2
2
1
4
1
2
2
1
2
3
1
0
5
5
1
3
1
1
1
4
4
1
1
2
2
1
2
3
1
2
4
4
1
4
6
4
0
1
1
4
4
3
3
2
3
3
5
4
4
3
3
4
2
3
0
3
1
3
2
1
2
2
3
4
2
3
3
0
5
2
2
3
2
0
1
1
2
1
1
3
3
5
1
2
4
1
4
4
6
1
2
0
3
3
4
4
2
3
1
4
4
2
3
3
1
0
4
3
2
1
2
2
3
2
0
0
3
3
2
2
0
2
2
2
2
1
2
4
2
3
2
1
1
5
4
1
4
1
3
3
0
2
2
2
2
1
1
2
4
2
1
3
5
5
1
1
1
2
2
2
2
1
3
3
1
7
2
1
1
3
3
2
2
5
4
3
2
2
3
0
2
1
3
1
2
3
3
2
2
5
4
4
4
4
1
5
3
5
5
2
4
5
5
4
5
1
4
0
4
1
2
2
2
5
3
1
0
2
2
2
2
0
3
5
2
0
4
1
0
2
3
4
0
1
1
1
2
1
1
0
3
5
1
2
3
2
1
1
2
4
5
0
3
3
3
0
3
0
2
1
1
1
1
0
2
2
3
0
3
1
3
0
1
3
4
4
1
3
1
5
2
4
3
1
5
1
0
1
6
4
3
2
3
2
1
0
2
4
3
3
3
3
0
7
1
3
1
2
3
0
2
3
1
2
4
1
1
3
1
1
3
2
1
3
1
7
2
5
4
1
1
4
2
3
4
3
4
3
4
2
6
2
2
3
3
2
3
2
1
3
3
2
3
1
5
1
3
2
1
1
5
3
1
5
2
2
1
5
0
2
2
0
2
3
5
3
3
4
4
1
4
2
0
2
3
2
2
3
1
5
6
6
3
2
2
2
3
6
4
1
4
4
4
3
5
1
2
2
2
2
3
6
4
2
3
6
8
4
3
2
4
5
7
5
5
4
4
6
8
4
1
7
4
4
1
4
5
3
4
3
6
0
5
8
5
8
4
5
3
4
4
4
3
5
9
5
5
6
2
4
5
4
4
7
2
3
5
3
5
3
2
4
4
2
3
4
4
1
3
2
1
4
3
1
2
2
2
6
1
1
1
2
3
0
5
5
2
0
3
0
1
1
2
2
0
2
3
0
4
3
3
2
1
3
2
3
1
4
0
1
2
4
5
3
0
3
1
2
1
1
1
0
1
3
4
5
3
0
0
2
2
3
3
3
3
2
3
1
3
3
1
3
1
2
0
3
2
1
1
3
3
1
4
2
4
4
6
3
1
2
5
4
4
2
2
3
1
0
1
0
2
2
4
3
1
2
2
4
1
3
2
3
4
3
2
2
1
5
2
4
3
2
1
1
2
2
2
5
0
1
0
2
2
2
5
3
1
4
4
0
4
2
3
2
2
5
3
2
2
2
2
1
1
1
5
2
3
1
2
3
1
3
4
1
5
2
3
5
3
2
1
3
2
1
2
0
1
5
3
2
4
2
3
4
2
2
2
1
0
2
5
3
1
2
2
1
2
2
3
0
2
5
2
3
3
0
2
2
4
3
3
1
4
2
3
0
2
4
3
5
2
4
3
3
3
1
3
1
2
2
3
1
0
0
3
2
4
3
2
4
1
3
2
3
2
1
8
2
2
1
1
2
1
0
2
3
5
2
4
2
3
1
4
2
1
3
2
4
1
3
6
3
5
2
2
1
1
5
1
2
4
4
2
2
1
1
3
1
1
5
4
3
1
4
2
4
3
5
5
3
1
5
2
0
2
2
3
3
1
1
3
1
2
2
2
1
2
2
2
1
2
1
4
4
1
2
3
4
2
3
1
4
3
0
4
1
3
1
1
2
3
3
3
3
3
1
2
2
2
1
1
1
0
2
1
1
3
2
2
0
0
1
2
4
1
2
3
4
1
3
2
3
0
3
3
2
3
2
2
0
4
3
2
1
4
1
6
2
2
3
5
1
2
3
0
3
3
2
3
2
1
1
0
1
1
3
2
3
1
4
2
0
0
3
0
1
3
0
2
4
3
1
0
1
5
2
5
1
0
4
3
0
3
1
1
6
1
4
3
3
5
4
2
1
0
2
2
3
1
1
1
3
5
1
1
2
3
3
5
2
4
3
1
2
3
0
7
3
3
3
2
3
2
1
4
1
1
1
1
1
3
5
1
4
1
3
2
3
4
4
1
2
5
5
4
4
1
2
4
1
3
3
2
1
2
1
1
5
3
0
1
1
2
3
4
3
0
1
2
0
2
3
5
1
1
1
1
0
1
1
1
3
2
4
2
1
3
4
2
1
2
1
3
2
5
0
4
1
5
0
2
0
3
1
2
4
0
1
7
3
0
1
3
1
3
2
3
2
0
0
0
2
2
3
2
3
3
2
2
2
3
1
1
2
2
2
2
4
4
5
1
3
2
2
1
2
1
3
1
4
1
3
4
4
0
1
2
2
3
1
2
0
8
1
3
3
0
2
4
4
1
2
4
1
4
1
1
2
2
0
1
2
1
6
2
3
0
2
3
1
1
5
4
2
5
2
2
0
3
4
0
2
1
3
0
3
2
4
0
3
1
1
2
4
1
3
2
4
2
4
3
4
3
3
4
2
2
4
3
1
3
1
1
1
5
2
2
1
0
1
1
1
5
2
1
2
0
3
2
5
2
3
4
4
5
4
0
3
7
2
2
3
3
4
2
5
1
5
7
4
6
4
3
4
2
1
3
3
2
1
5
1
1
3
4
3
1
1
3
3
0
4
2
2
2
3
3
4
0
2
0
2
2
2
2
1
1
1
1
1
1
3
3
0
3
3
4
1
4
1
4
4
2
0
5
1
1
1
2
2
4
0
2
2
2
2
0
3
1
4
0
6
2
2
0
1
0
2
2
1
1
2
2
2
1
3
1
1
0
1
0
1
2
1
3
4
2
2
1
4
5
3
4
0
1
1
4
1
1
2
3
2
2
3
2
1
2
2
3
1
2
0
0
3
2
1
1
0
2
5
4
3
3
1
2
2
2
1
1
3
0
2
0
0
0
5
6
2
2
1
1
4
2
5
4
3
1
0
1
0
3
0
2
1
2
2
2
2
3
3
2
2
1
1
2
4
2
1
2
1
1
2
2
1
1
1
1
2
1
0
2
0
2
2
1
1
3
3
3
1
2
1
3
2
2
3
2
2
2
1
0
3
0
1
0
2
3
0
4
0
0
3
0
2
3
2
0
1
1
5
3
2
4
2
1
4
1
1
2
2
3
3
1
1
2
0
4
1
1
4
4
1
1
1
2
1
2
1
2
2
2
1
4
0
2
1
3
1
4
4
4
1
3
5
2
3
3
1
5
1
0
7
1
1
4
2
2
3
4
4
1
2
2
2
1
4
3
4
3
0
2
3
2
3
2
1
2
0
1
4
0
6
2
0
4
4
5
0
1
1
2
5
1
0
4
0
3
4
3
4
0
3
2
2
3
1
0
2
1
7
3
0
1
1
2
4
5
1
3
2
1
0
1
3
0
4
4
7
4
3
1
0
4
3
3
2
3
2
0
1
2
3
1
4
1
3
3
4
5
3
1
4
2
1
1
2
5
3
1
2
0
3
0
3
4
3
1
2
3
1
2
3
3
5
3
3
4
3
2
5
2
0
4
1
3
3
1
2
1
3
1
6
2
5
1
1
4
3
3
3
2
3
1
3
4
2
2
3
7
3
1
1
1
3
1
2
3
2
4
6
2
2
3
2
3
3
5
3
4
0
1
0
3
2
4
4
5
6
2
2
5
4
2
1
4
3
2
1
1
1
3
3
3
2
1
3
2
1
1
0
3
3
2
3
2
1
4
1
3
1
1
6
0
0
0
0
0
3
4
1
1
2
1
4
3
4
1
0
1
1
2
2
1
4
2
2
3
3
1
4
2
1
4
5
4
2
0
2
2
0
2
0
1
1
1
2
1
1
6
1
0
3
2
2
2
2
1
1
4
3
4
2
0
1
2
3
0
1
0
0
2
2
1
1
2
2
0
2
2
5
3
4
1
1
3
3
1
1
1
3
2
1
0
4
2
1
2
2
2
1
1
1
5
1
1
3
1
4
0
2
0
4
2
2
2
1
1
0
0
2
1
1
3
2
2
4
3
1
2
2
2
0
0
2
1
3
3
2
2
3
1
4
3
2
0
3
0
1
1
1
2
2
4
0
2
2
0
3
1
2
1
3
3
1
0
1
2
4
1
1
3
3
1
3
0
0
3
2
2
0
0
4
2
2
2
0
2
0
1
2
2
2
0
2
0
1
3
1
1
1
1
2
0
2
0
2
2
0
1
3
3
0
5
3
3
3
2
0
1
1
1
1
2
0
2
1
0
2
1
1
3
0
0
0
2
2
1
5
1
3
4
0
1
3
1
3
3
1
0
1
1
1
1
1
0
4
1
1
2
1
3
3
1
1
7
0
1
1
0
4
1
1
1
1
0
4
3
0
4
0
0
3
1
2
1
3
1
0
3
2
1
1
1
3
0
2
0
1
0
0
1
2
0
0
0
1
1
4
2
0
1
2
1
3
4
3
1
1
0
0
2
1
3
3
0
0
2
2
2
4
0
1
4
2
3
1
1
1
2
1
3
1
4
4
4
1
0
1
1
0
3
1
1
2
1
0
0
3
0
0
3
1
1
1
1
2
1
3
2
2
1
2
2
2
1
1
0
1
1
1
1
3
2
1
2
0
0
0
1
1
2
4
1
1
0
0
1
3
2
2
3
1
2
3
2
5
1
0
2
4
1
1
0
2
1
2
0
3
1
0
0
1
4
0
2
2
1
2
1
2
0
4
1
0
0
3
1
1
2
3
1
3
1
3
3
1
0
2
2
3
2
4
1
1
1
1
1
1
0
0
3
0
2
2
1
1
1
1
0
3
2
2
3
2
2
0
1
1
1
1
1
1
2
1
2
0
2
0
0
1
0
3
1
3
1
1
1
1
2
0
0
2
3
1
2
3
2
2
1
0
1
2
0
0
0
2
1
1
3
1
1
3
1
0
0
3
2
1
4
1
1
1
3
0
1
1
2
2
0
1
2
1
1
2
0
2
1
0
0
5
2
0
0
2
1
1
1
1
0
0
1
1
1
1
2
2
1
3
1
1
2
0
2
1
0
1
1
1
1
2
2
1
2
2
1
0
1
1
1
1
1
2
3
0
3
1
1
0
2
1
2
3
2
1
2
0
1
2
1
2
1
2
1
0
4
1
0
2
3
1
0
1
1
1
0
1
1
3
0
1
1
1
1
2
1
2
1
3
2
1
1
2
3
1
1
3
1
0
1
1
0
1
1
1
3
1
2
3
0
0
1
1
2
2
1
0
4
1
0
1
1
1
1
1
1
0
1
0
2
1
1
3
2
3
0
1
0
3
1
3
1
0
1
1
4
2
0
0
1
1
2
1
1
0
0
1
0
1
1
2
1
2
0
1
0
0
2
1
0
1
1
0
1
2
0
2
1
0
1
2
1
0
2
1
0
0
1
1
1
1
0
0
2
2
0
0
3
1
1
1
0
3
0
1
0
0
1
0
2
1
2
1
1
0
1
0
5
0
2
3
3
1
2
1
1
1
0
1
4
1
1
1
0
2
1
1
1
2
2
1
0
0
0
2
2
2
0
2
0
0
1
1
1
1
4
3
1
1
1
2
1
1
0
1
0
0
0
1
0
2
2
1
1
2
0
0
0
0
0
1
1
2
1
0
0
2
2
0
2
2
1
1
0
0
0
3
1
0
0
1
0
1
1
0
0
2
1
1
3
0
0
0
3
0
3
2
1
1
0
2
2
1
0
0
1
1
0
1
0
4
1
1
0
1
1
2
2
1
1
0
1
0
0
2
0
3
1
1
0
1
0
1
1
1
1
1
3
0
2
0
0
0
1
0
0
1
2
0
2
0
0
2
1
0
2
2
1
1
0
0
1
0
2
0
1
0
0
1
1
0
0
1
1
0
0
1
1
1
2
3
1
3
1
0
1
2
1
1
4
0
1
3
1
1
0
0
0
1
0
1
2
0
0
2
0
0
0
0
3
1
0
1
1
1
3
0
0
2
1
1
0
2
2
1
3
1
1
1
0
0
1
1
1
2
1
0
3
0
0
3
1
2
1
2
1
1
0
0
1
2
2
1
2
1
1
1
3
1
0
1
1
0
0
2
1
1
1
2
0
0
0
1
1
1
1
1
3
0
3
0
1
0
0
1
2
2
0
0
2
1
0
0
4
0
0
0
1
2
0
2
1
0
0
1
0
0
0
0
3
1
3
1
0
0
0
1
2
0
0
1
1
2
1
0
1
3
0
1
1
0
0
0
1
1
0
3
2
0
1
3
2
0
0
0
1
0
6
1
1
2
1
0
1
0
1
1
0
0
0
0
0
0
1
0
1
0
1
0
0
0
1
2
2
1
0
1
0
3
1
1
0
0
1
0
0
2
1
1
1
4
0
1
0
4
0
0
0
1
2
0
1
0
1
2
0
0
1
1
0
1
0
0
0
1
2
1
0
1
4
0
0
1
0
1
3
0
1
2
1
1
0
0
1
1
0
0
1
1
2
0
0
1
2
1
0
1
1
0
0
1
1
0
0
0
0
1
1
0
1
2
3
0
1
1
2
2
1
1
0
0
1
0
0
1
3
0
3
2
2
2
1
0
2
2
0
2
0
0
2
0
0
1
1
1
1
0
0
0
0
1
0
1
3
0
1
1
1
0
1
2
0
0
1
1
0
2
0
1
1
1
0
1
3
3
1
1
2
0
1
0
1
2
1
2
2
1
1
1
3
0
1
2
1
3
2
1
3
1
0
1
2
1
0
1
0
1
0
0
1
2
1
0
0
0
1
0
1
1
1
0
1
0
3
1
1
1
1
2
0
0
0
2
1
1
1
0
2
3
1
1
0
0
3
0
3
1
1
2
0
1
1
2
3
1
1
0
0
0
1
1
2
1
3
3
3
1
0
2
1
2
2
1
1
0
2
1
0
0
1
1
0
1
1
4
2
2
1
0
1
1
1
1
2
1
0
3
1
0
2
3
2
3
0
0
2
2
2
0
1
1
0
1
1
1
0
0
0
2
1
4
2
2
1
0
1
3
2
0
0
0
1
2
1
3
1
2
1
1
5
1
1
1
3
1
1
1
0
1
1
3
1
1
2
1
2
2
0
0
0
0
1
1
1
0
0
1
0
1
1
0
2
1
0
0
0
0
2
2
2
2
2
0
1
1
0
1
2
1
2
0
3
3
0
1
0
0
1
0
0
3
0
2
0
1
0
2
0
0
1
0
0
1
3
3
0
0
0
0
0
1
0
0
1
0
0
0
1
1
1
0
0
0
1
0
1
0
1
1
0
2
0
0
1
3
1
0
0
1
0
0
0
0
2
1
1
0
1
1
0
0
0
1
1
1
1
1
3
0
0
1
0
2
0
1
1
2
1
0
0
0
1
0
0
1
3
0
2
1
0
1
0
0
1
2
1
1
1
0
0
2
2
1
1
1
1
4
0
0
0
3
0
1
2
1
1
0
0
2
0
1
1
1
0
0
1
2
0
0
1
2
0
1
1
1
3
1
0
0
2
1
2
0
0
2
0
0
3
1
1
1
2
1
0
2
1
0
0
1
1
1
2
0
4
0
0
1
1
1
1
0
1
2
0
1
1
2
3
0
1
1
0
3
0
1
2
2
0
0
0
1
1
0
2
0
1
1
0
0
1
0
1
2
1
1
1
0
1
2
0
1
2
1
0
0
1
0
2
1
1
1
2
2
1
0
0
2
0
1
0
2
0
0
1
1
0
0
1
0
0
1
2
1
0
0
0
0
0
0
1
0
2
0
0
0
1
0
0
2
0
0
0
0
1
1
0
1
1
2
2
0
2
0
1
0
0
0
1
0
0
0
0
1
0
0
0
2
2
1
0
0
0
0
1
0
0
0
1
0
0
1
1
0
2
0
1
1
2
0
1
2
0
3
1
2
0
2
2
0
1
1
2
1
2
2
2
1
0
1
0
1
0
0
0
1
0
0
1
0
0
0
2
2
1
0
0
0
0
0
1
0
1
0
0
0
2
0
0
0
2
0
0
1
0
1
1
0
0
0
0
0
0
1
0
0
0
2
0
2
1
1
1
0
0
2
0
0
0
1
0
0
0
2
0
2
0
0
0
1
1
0
0
0
0
0
1
0
2
0
0
2
2
0
1
0
1
1
1
0
0
1
1
0
0
1
1
1
0
1
1
0
1
0
0
0
1
2
0
0
0
0
0
1
0
0
0
0
0
0
0
0
0
0
1
1
0
1
0
0
0
0
0
2
0
1
1
3
1
1
0
1
0
1
0
0
1
1
1
0
0
1
2
0
0
1
2
0
0
0
3
0
0
1
0
0
1
0
0
2
1
0
0
1
0
1
0
1
1
1
0
1
0
0
0
2
2
0
0
0
1
0
2
0
0
0
0
1
0
2
0
0
2
1
0
0
1
0
0
0
0
0
0
0
1
2
2
1
2
0
2
2
0
0
2
1
0
0
1
0
1
1
2
0
0
0
1
1
0
1
0
1
1
0
0
2
0
0
0
0
1
0
2
0
0
0
0
0
0
1
1
2
0
1
2
1
1
2
0
1
0
0
0
0
0
0
0
0
0
1
0
1
2
2
0
0
3
1
0
0
1
2
1
0
0
2
0
2
0
2
0
1
0
1
0
1
2
1
1
0
1
0
0
3
1
0
1
1
0
0
2
3
1
1
0
2
1
1
1
0
0
0
3
0
1
2
1
1
0
1
1
3
1
2
1
1
2
0
1
0
1
1
2
0
2
2
0
0
1
2
2
1
1
1
2
1
3
3
2
5
1
1
4
4
6
3
5
4
1
2
2
9
5
3
9
4
5
9
6
4
7
9
5
5
6
10
11
7
6
6
6
11
9
7
9
10
9
6
7
11
5
6
16
10
13
8
10
3
11
12
15
9
10
8
8
10
8
8
11
12
12
7
8
7
10
12
13
12
8
8
4
10
9
1
4
9
5
10
6
5
4
3
3
8
5
7
5
4
8
4
10
5
1
5
5
2
3
3
6
4
5
2
2
7
2
2
4
2
2
2
4
2
7
3
1
1
2
2
3
1
2
1
2
3
2
3
3
4
5
4
1
1
3
1
2
2
1
0
3
1
4
0
2
0
0
2
2
3
0
1
0
0
1
1
1
0
1
1
1
0
2
0
0
0
1
3
0
1
0
1
0
1
0
0
2
2
0
0
0
0
2
1
0
0
1
0
0
0
1
0
1
3
0
0
0
0
2
1
0
0
0
1
1
0
2
0
1
1
1
0
1
0
1
1
0
1
0
0
0
1
1
0
1
0
1
1
1
1
0
1
0
2
1
1
1
1
0
0
1
1
0
0
1
0
1
0
0
1
0
0
0
1
0
0
0
0
3
0
0
0
0
0
1
0
0
1
0
0
1
0
0
0
2
1
0
0
0
1
1
0
1
0
1
0
0
0
1
3
0
0
1
0
1
3
1
1
0
0
1
0
0
0
0
1
0
0
0
0
0
0
0
0
0
2
2
2
0
0
0
0
1
0
0
1
1
1
1
1
1
1
1
2
2
1
1
1
4
0
0
0
0
1
0
0
1
1
0
1
1
0
0
0
1
3
2
0
1
1
0
0
0
0
0
0
0
1
0
0
1
0
0
0
0
1
0
1
1
1
0
0
0
0
1
0
0
0
0
0
1
0
0
0
0
0
0
0
0
0
2
0
0
1
0
1
0
0
0
1
1
1
0
0
1
0
1
0
1
2
1
0
0
0
0
0
0
1
0
1
0
0
1
0
0
0
0
0
0
0
1
0
0
0
0
1
0
0
0
0
2
0
0
1
0
0
0
0
1
0
0
0
1
2
0
0
2
0
0
1
0
0
0
0
0
0
1
1
1
0
0
2
0
0
1
0
2
0
1
1
0
3
0
0
0
0
1
0
0
1
1
0
1
0
1
2
0
1
0
3
0
0
0
1
1
0
1
0
0
0
1
0
0
0
2
0
1
1
0
1
0
0
1
0
0
0
0
0
1
0
0
0
0
1
0
0
0
1
0
1
0
1
0
1
0
0
0
0
0
1
0
0
1
0
0
0
0
4
0
2
0
0
0
1
1
0
0
1
1
0
0
0
0
1
1
0
1
2
0
0
1
0
0
1
0
0
1
1
0
0
1
0
0
2
0
0
0
0
0
1
0
0
0
1
0
0
0
0
0
0
0
0
0
0
0
0
0
0
1
1
0
0
0
1
0
0
0
0
1
3
0
0
1
1
0
0
0
0
1
0
1
0
1
0
1
0
3
1
1
0
0
1
0
0
0
1
0
0
0
0
0
0
1
0
0
0
0
0
0
0
0
1
0
0
1
1
0
0
0
0
0
1
0
0
1
1
3
0
1
0
0
1
0
1
0
0
1
1
0
0
0
0
0
0
0
2
0
1
0
0
0
0
1
0
0
1
0
2
1
0
0
0
0
0
0
0
0
0
1
0
0
0
0
0
0
0
1
0
1
0
0
1
1
0
0
2
0
0
0
0
0
0
0
0
0
0
1
1
0
0
1
1
0
1
1
0
0
2
0
0
2
0
0
0
0
0
0
1
0
0
0
1
0
0
1
0
0
0
0
0
0
0
0
1
0
1
1
0
0
0
1
0
0
0
0
0
0
1
0
0
0
0
1
0
0
1
0
1
1
0
1
0
0
1
1
1
0
0
1
1
2
1
0
0
1
0
0
1
0
0
0
1
1
0
0
0
0
0
0
0
0
0
2
1
0
0
0
0
1
0
0
1
0
0
0
0
0
1
1
0
0
0
0
0
0
0
0
0
0
1
1
0
1
0
1
0
1
1
0
1
1
1
0
0
0
0
0
0
0
0
0
0
1
0
1
1
1
0
0
0
0
0
0
0
0
0
0
1
1
0
1
0
0
2
2
0
0
0
0
0
0
0
0
1
0
0
0
0
0
1
1
0
0
1
1
2
0
0
0
0
1
0
0
0
0
0
0
2
0
0
0
0
0
0
1
1
0
0
0
1
0
0
0
1
0
1
0
0
0
1
1
0
0
1
0
1
0
0
0
1
0
0
0
1
0
0
0
0
0
0
0
0
0
0
0
0
0
0
0
0
0
0
0
0
0
0
0
0
0
0
0
0
0
0
0
0
0
0
0
0
0
0
0
0
0
0
0
0
0
0
0
0
0
0
0
0
0
0
0
0
0
0
0
0
0
0
0
0
0
0
0
0
0
0
0
0
0
0
0
0
0
0
0
0
0
0
0
0
0
0
0
0
0
0
0
0
0
0
0
0
0
0
0
0
0
0
0
0
0
0
0
0
0
0
0
0
0
0
0
0
0
0
0
0
0
0
0
0
0
0
0
0
0
0
0
0
0
0
0
0
0
0
0
0
0
0
0
0
0
0
0
0
0
0
0
0
0
0
0
0
0
0
0
0
0
0
0
0
0
0
0
0
0
0
0
0
0
0
0
0
0
0
0
0
0
0
0
0
0
0
0
0
0
0
0
0
0
0
0
0
0
0
0
0
0
0
0
0
0
0
0
0
0
0
0
0
0
0
0
0
0
0
0
0
0
0
0
0
0
0
0
0
0
0
0
0
0
0
0
0
0
0
0
0
0
0
0
0
0
0
0
0
0
0
0
0
0
0
0
0
0
0
0
0
0
$ROI:
0
0
$PRESETS:
Live Time
0
0
