$SPEC_ID:

$SPEC_REM:
DET# 1
DETDESC# MCB 25
AP# ORCA (11.0h)
$DATE_MEA:
2017-08-13 00:22:38 +0000
$MEAS_TIM:
3303.60 4320.00
$DATA:
0 16383
0
0
0
0
0
0
0
0
0
0
0
0
0
0
0
0
0
0
0
0
0
0
0
0
0
0
0
0
0
0
0
0
0
0
0
0
0
0
0
0
0
0
0
0
0
0
0
0
0
0
0
0
0
0
0
0
0
0
0
0
0
0
0
0
0
0
0
0
0
0
0
0
0
0
0
0
0
0
0
0
0
0
0
0
0
0
0
0
0
0
0
0
0
0
0
0
0
0
0
0
0
0
0
0
0
0
0
0
0
1
4
50
1517
10213
18323
17967
16138
15439
15166
14823
14990
14799
15487
15576
15629
15671
16044
16284
16250
16759
16548
16754
16852
16883
17087
16733
16676
16703
16860
16692
16586
16642
16787
16623
16381
16290
16402
16412
16450
16356
16088
16324
16056
16219
15678
15944
15890
15854
15862
15580
15745
15650
15671
15815
15593
15528
15285
15529
15408
15438
15341
15120
15149
14969
15011
15252
14970
15060
15237
15050
15134
15072
14923
14759
14657
15050
14982
14856
14797
14631
14518
14991
14733
14588
14500
14280
14711
14562
14585
14424
14284
14447
14355
14361
14216
14345
14055
14250
14156
14201
14225
14094
14068
14056
14017
14000
14102
13956
13770
14053
13948
13814
13979
13754
13864
13929
13773
13876
13796
13831
13759
13657
13819
13730
13564
13711
13762
13446
13542
13430
13642
13638
13480
13573
13342
13275
13401
13435
13467
13231
13365
13272
13344
13313
13146
13350
12915
13240
13121
13071
12980
12963
13041
13242
13129
12986
13174
13158
12936
12908
13037
13009
13020
12762
12659
13100
13147
12806
12902
12830
12805
12829
13054
12595
12733
12726
12728
12555
12826
12631
12579
12717
12619
12826
12439
12643
12774
12289
12490
12587
12601
12524
12470
12418
12485
12458
12319
12415
12483
12338
12312
12411
12514
12400
12368
12317
12250
12350
12234
12315
12234
12505
12133
12364
12227
12273
12380
12368
12233
12132
12346
12366
12205
12303
12069
12139
12166
12343
12260
12223
12096
12316
12196
11982
12121
11874
12210
12110
11914
11855
12182
11912
12019
12301
11955
11913
12017
12135
12049
11898
11931
11915
11659
12051
11916
11788
11873
11667
11788
11848
11856
11835
11828
11646
11833
11812
11760
11571
11853
11855
11737
12000
11680
11729
11683
11767
11613
11766
11654
11513
11630
11592
11630
11773
11575
11697
11547
11377
11481
11539
11507
11444
11591
11523
11486
11331
11438
11588
11401
11504
11469
11452
11464
11147
11490
11307
11460
11623
11459
11350
11290
11342
11463
11368
11414
11461
11407
11350
11338
11175
11398
11141
11510
11240
11387
11418
11315
11176
11054
11234
11172
11313
11164
11398
11269
11176
11188
11023
11175
11354
11254
11340
11218
11169
11118
11034
11170
11021
11170
11066
11041
11327
10952
10875
11099
11042
10876
11130
10950
10939
10900
11262
11090
11000
11130
10952
10877
10849
11016
10989
11027
10974
10925
11055
11004
10904
10787
10970
10842
10906
10928
10820
10743
11048
10696
10819
10891
10884
11010
10763
10713
10723
10655
10748
10857
10799
10833
10734
10863
10661
10835
10627
10776
10863
10763
10871
10972
10796
10552
10567
10753
10595
10905
10792
10611
10663
10774
10579
10580
10732
10641
10419
10592
10763
10704
10647
10612
10647
10679
10748
10647
10669
10726
10403
10601
10575
10598
10543
10347
10630
10401
10505
10533
10428
10538
10642
10384
10491
10477
10374
10429
10688
10641
10457
10628
10457
10391
10479
10629
10361
10160
10277
10389
10343
10399
10392
10353
10287
10403
10424
10471
10420
10399
10404
10358
10383
10202
10239
10241
10352
10272
10321
10213
10074
10390
10366
10407
10140
10297
10382
10161
10338
10143
10162
10221
10427
9884
10013
10124
10231
10193
10063
10121
10137
10118
10001
9963
10451
10132
10253
10124
10186
10014
10160
10089
10092
10050
10370
10003
10137
10166
10106
9871
10124
10114
10178
10032
9947
9938
9904
9964
10200
10199
10057
10090
9962
9891
9909
9903
9971
10078
10072
10017
9924
9995
9961
10080
9853
10143
9947
9920
10025
9830
9907
9889
10101
9856
9968
9980
9863
9796
9872
9841
10045
10021
9833
9920
9981
10003
9821
9812
9866
9823
9919
10078
9827
9851
9970
9708
9699
9932
9889
9863
9693
9832
9744
9840
9869
9912
10082
9821
9731
9916
9847
9693
9910
9579
10034
9907
9785
9897
9971
9625
9811
9643
9832
9946
9830
9751
9888
9685
9864
9771
9829
9825
9690
9697
9778
9712
9618
9853
9571
9610
9667
9760
9792
9789
9687
9786
9733
9712
9799
9778
9539
9621
9746
9642
9771
9975
9861
9727
9783
9761
9658
9922
9782
9811
9899
9810
9923
9814
9929
9921
9900
9729
10072
9937
9858
9830
9757
9870
9915
9979
9680
9928
9970
9978
9921
9916
9970
10157
10151
10206
10082
10254
10199
10263
10419
10349
10490
10493
10558
10691
10583
11036
11075
11392
11216
11303
11541
11405
11447
11540
11903
11863
12221
12109
12301
12484
12579
12667
12828
12928
13044
13091
13336
13385
13536
13587
13645
13798
13806
13800
14051
13958
14246
14364
14594
14277
14252
14498
14741
14794
14882
14919
15203
14760
15164
15182
15470
15481
15757
15680
15732
16037
16334
16610
16593
16714
17082
17176
17042
17394
17138
16919
16786
16269
16608
16328
16108
16074
15621
15632
15325
15490
15214
14902
14737
14479
14431
14056
13797
13546
13115
13278
12899
12816
12375
12157
11907
11820
11690
11507
11361
11184
11219
11046
10739
10787
10532
10636
10385
9916
10034
9775
9811
9766
9641
9670
9645
9592
9480
9450
9512
9476
9495
9278
9395
9568
9519
9273
9425
9370
9319
9264
9540
9435
9435
9288
9507
9335
9364
9361
9533
9472
9388
9535
9405
9268
9618
9484
9384
9496
9480
9556
9459
9412
9486
9514
9366
9478
9424
9514
9635
9563
9547
9342
9488
9538
9620
9584
9679
9453
9484
9378
9439
9577
9732
9675
9498
9659
9549
9604
9554
9670
9594
9643
9675
9665
9607
9714
9853
9583
9706
9760
9902
9914
9729
9646
9608
9897
9737
9695
9835
9670
9856
9731
9600
9651
9748
9934
9947
9861
9998
10048
9903
9920
9968
9851
9821
9854
9767
10146
9941
9836
10031
10010
10033
9879
9944
9962
9991
10110
10052
10086
10067
9991
10009
10064
10083
10149
10163
9958
10190
10061
10290
10025
10112
10304
10054
10167
10272
10396
10223
10326
10290
10291
10203
10308
10404
10401
10212
10321
10182
10395
10436
10242
10522
10389
10429
10488
10394
10309
10342
10528
10529
10527
10634
10529
10462
10366
10637
10653
10665
10361
10739
10682
10710
10663
10617
10550
10654
10675
10744
10742
10657
10738
10788
10551
10617
10810
10602
10672
10919
10708
10855
10850
10685
10788
10881
11065
10814
10854
10853
10750
10686
10906
10819
10882
10955
10943
10972
11012
11069
10794
11026
11171
11024
10763
11021
10923
10806
11004
10967
11215
11069
11142
11174
11157
11043
11325
11037
10955
11100
10989
11056
11016
11066
11143
11307
11012
11141
11251
11220
11286
11078
11309
11286
11224
11299
11233
11006
11139
11321
11234
11351
11342
11414
11392
11409
11282
11403
11365
11371
11397
11382
11484
11274
11312
11519
11408
11497
11334
11336
11288
11500
11488
11398
11467
11340
11411
11530
11524
11529
11299
11641
11518
11642
11591
11531
11553
11517
11529
11564
11505
11671
11624
11732
11576
11471
11784
11544
11510
11768
11699
11768
11632
11859
11548
11634
11631
11723
11798
11690
11678
11650
11748
11746
11802
11684
11650
11751
11800
11778
11896
12045
11895
11879
12029
11734
11727
11909
12003
11964
11862
11804
11969
11784
11985
11940
12140
11825
12066
12047
11881
11717
11778
12069
11997
12012
12070
12051
11997
12095
12083
12071
12168
11959
12257
11991
12089
12012
12019
11841
11970
12115
12102
12201
12079
12317
12120
12199
12224
12218
12195
12173
12154
12336
12266
12195
12387
12222
12186
12390
12287
12319
12305
12262
12382
12116
12374
12305
12268
12529
12275
12339
12558
12429
12363
12478
12456
12545
12398
12505
12588
12425
12401
12573
12551
12275
12367
12564
12644
12492
12541
12395
12597
12789
12594
12555
12527
12483
12508
12670
12579
12574
12668
12455
12336
12737
12598
12617
12836
12508
12717
12728
12800
12539
12670
12469
12581
12599
12939
12684
12749
12778
13103
12866
12778
12804
12996
12693
12760
12773
12959
12868
12905
12880
13033
12737
12946
12925
12829
12738
12918
12939
13032
13217
13241
12876
13226
12988
12986
13003
13254
13015
13333
13330
13186
13189
13300
13328
13158
13306
13366
13417
13290
13231
13326
13362
13239
13460
13401
13302
13325
13238
13265
13233
13479
13292
13567
13499
13486
13368
13501
13322
13411
13558
13654
13621
13576
13612
13478
13817
13574
13659
13672
13811
13776
13805
13669
13747
13805
13653
13696
13807
13882
13688
13757
13755
14027
13712
13879
14063
13759
13788
13881
14262
13914
13946
13847
14025
14038
14141
13970
14368
14071
14279
14066
14319
14058
14366
14106
14210
14177
14029
14065
14246
14139
14375
14131
14384
14232
14336
14085
14391
14271
14320
14440
14379
14334
14407
14364
14336
14709
14098
14862
14616
14582
14564
14604
14488
14636
14597
14613
14598
14574
14570
14734
14951
14698
14437
14649
14572
14542
14945
14892
14813
14595
14705
14749
14644
14617
14485
14700
14801
14763
14782
14813
14869
14751
14761
14843
15094
14989
14743
14844
14689
14904
14856
14937
14928
14928
15057
15099
14789
14930
15153
15006
14909
15046
14866
15266
15063
15160
15360
15142
15163
15374
15253
15244
15237
15134
15281
15414
15237
15407
15463
15460
15354
15436
15527
15554
15506
15496
15674
15742
15610
15482
15877
15600
15636
15811
15578
15711
15954
15922
15781
15893
15949
15897
15984
16057
16164
16248
16172
16235
16156
16108
16306
16115
16127
16159
16399
16151
15976
16537
16171
16364
16363
16368
16185
16157
16437
16226
16457
16402
16421
16293
16390
16428
16447
16346
16431
16497
16301
16513
16259
16480
16694
16383
16398
16385
16425
16412
16643
16331
16612
16693
16418
16412
16602
16552
16422
16535
16275
16675
16807
16593
16256
16584
16642
16572
16468
16624
16576
16514
16822
16772
16487
16996
16707
17026
16935
16556
16892
16859
16821
16854
16950
16732
16932
16983
17035
16877
16788
17250
16855
17407
16956
17035
17046
17074
17407
16878
17054
17380
17262
17003
16999
17046
17005
17055
17255
17039
17359
16938
17230
17146
17289
17128
17427
17360
17333
17692
17458
17321
17360
17532
17304
17328
17511
17515
17433
17564
17292
17300
17291
17234
17315
17138
17081
17101
16747
17033
17010
16831
16839
16465
16489
16577
16148
16534
16380
16306
16291
16110
16154
16218
16186
15749
15673
15991
15794
15775
15727
15915
15798
15628
15846
15653
15713
15610
15425
15776
15463
15440
15418
15421
15575
15283
15109
15547
15393
15301
15160
14989
15240
15153
15122
15064
15108
15013
15090
15059
14979
14992
15080
14925
15037
15141
14988
15037
15055
14967
15050
15034
14932
14873
14829
14745
14919
14939
14919
14898
14840
14865
14807
14670
14917
15104
14961
14844
14905
14744
14852
14860
14859
14755
14839
14723
14592
14979
14724
14634
14663
14712
14680
14567
14846
14660
14503
14300
14613
14480
14732
14638
14570
14635
14737
14784
14409
14662
14537
14467
14505
14594
14442
14419
14337
14511
14472
14588
14521
14516
14268
14507
14346
14272
14478
14474
14324
14367
14354
14449
14413
14377
14438
14366
14468
14310
14597
14675
14410
14215
14217
14442
14366
14276
14355
14371
14166
14175
14278
14297
14386
14206
14204
14392
14208
14372
14394
14410
14134
14230
14214
14366
14281
14201
14090
14082
14263
14412
14177
14124
14147
14078
14158
13884
14127
14153
14300
14110
14038
14195
14154
14056
13982
13950
14207
14263
14248
14259
14297
14177
14085
14225
14039
14163
13973
14243
14045
14176
14107
14088
13953
13966
13981
14129
13937
14028
14044
13953
14136
14174
14074
14088
13963
13915
14253
14101
13928
13908
13953
13746
14210
14038
14075
14041
13925
13963
13811
13996
13833
13784
13959
13995
13860
13822
13910
13999
13761
13916
13923
13757
13865
13743
14041
13983
13754
13949
13896
13874
13878
13807
13895
13987
13750
13684
13777
13875
13680
13977
13762
13835
13923
13824
13779
13653
13938
13720
13871
13841
13665
13890
13893
13625
13898
13825
13979
13716
13826
13643
13849
13754
13519
13625
13716
13560
13846
13753
13805
13735
13988
13648
13687
13666
13676
14001
13610
13593
13817
13759
13757
13709
13536
13724
13612
13975
13764
13726
13388
13733
13792
13911
13658
13508
13586
13615
13451
13607
13639
13399
13607
13578
13659
13679
13637
13405
13621
13401
13790
13731
13524
13648
13617
13737
13555
13503
13582
13707
13731
13483
13533
13507
13289
13664
13458
13741
13498
13677
13589
13565
13509
13639
13714
13672
13585
13651
13603
13659
13617
13587
13574
13613
13430
13428
13573
13585
13411
13744
13431
13428
13539
13533
13564
13551
13428
13361
13484
13596
13438
13724
13560
13197
13412
13376
13501
13449
13460
13463
13542
13446
13202
13412
13503
13198
13343
13373
13254
13451
13211
13467
13420
13202
13427
13130
13286
13201
13183
13188
13324
13265
13367
13091
13123
13046
13404
13083
13023
13042
13072
13128
12963
12983
13027
12997
12972
12865
12858
12826
12961
12850
12785
12755
13037
12858
12831
12638
12660
12898
12831
12688
12692
12672
12785
12627
12696
12598
12248
12418
12726
12342
12511
12441
12600
12436
12228
12430
12398
12487
12320
12402
12273
11991
12212
12228
12205
11879
11949
12051
11986
11722
11903
11800
11682
11677
11601
11468
11585
11677
11848
11622
11574
11596
11488
11317
11543
11434
11293
11164
11253
11312
11322
11150
11218
11143
11177
11138
11118
11159
11041
10927
10985
10881
10823
11076
10908
10910
10782
10827
10748
10698
10642
10708
10979
10676
10772
10694
10320
10483
10519
10512
10630
10442
10787
10522
10391
10292
10437
10390
10344
10282
10419
10441
10279
10276
10242
10256
10355
10353
10169
10172
10269
10109
10279
9999
10118
10305
10143
10118
10169
10024
10219
10133
9949
9940
10083
10069
10065
9965
10027
9989
10004
10045
9993
9900
9887
10098
10022
9829
9899
9954
9942
9821
9881
10014
9882
10040
10046
9859
9857
9889
9986
9917
10004
9747
9832
9975
9785
10062
9879
9861
9912
9973
10133
10063
10167
10169
9974
10131
9933
9984
9937
10109
9999
10118
10089
10006
10134
10153
10049
10096
10085
10122
10056
10299
10300
10287
9963
10166
10192
10200
10212
10356
10059
10329
10266
10184
10130
10256
10348
10313
10501
10324
10217
10229
10460
10309
10493
10412
10243
10559
10432
10322
10366
10190
10278
10147
10308
9965
9891
10108
9930
10067
9959
9774
10055
9949
9810
9810
9858
9526
9608
9655
9370
9313
9467
9311
9268
9357
9345
9134
8966
9100
9142
9138
9218
9061
9067
8790
9007
9214
9002
9053
8978
9069
8868
8904
8800
8866
8862
8666
8974
8827
8701
8673
8806
8753
8880
8636
8729
8743
8744
8661
8605
8676
8447
8764
8735
8565
8466
8471
8584
8674
8546
8478
8514
8624
8392
8379
8482
8339
8548
8569
8428
8497
8430
8449
8450
8371
8321
8454
8417
8467
8180
8526
8423
8378
8364
8170
8409
8257
8139
8408
8321
8325
8250
8245
8332
8269
7984
8114
8107
8050
8342
8182
8114
8147
8203
8215
8102
8214
8022
8216
8206
8121
8058
7876
8157
8192
8182
7890
7955
8136
8082
8208
7938
7894
7888
7876
7955
7884
7869
7933
7830
8011
7940
7765
7840
7946
7829
8013
7906
7865
7918
7819
7925
7834
7761
7769
7794
7898
7985
7682
7830
7910
7742
7616
7796
7880
7776
7750
7895
7783
7926
7677
7748
7916
7660
7650
7683
7745
7740
7678
7828
7743
7742
7661
7667
7621
7518
7597
7526
7719
7556
7561
7597
7601
7488
7769
7723
7590
7625
7561
7367
7575
7525
7409
7464
7578
7527
7442
7523
7512
7374
7509
7554
7602
7712
7439
7526
7486
7376
7415
7541
7470
7392
7534
7347
7435
7405
7519
7349
7342
7441
7403
7389
7283
7348
7569
7312
7316
7253
7375
7414
7474
7293
7232
7319
7437
7434
7345
7351
7351
7317
7212
7209
7241
7260
7253
7305
7237
7250
7313
7413
7138
7327
7238
7345
7105
7109
7195
7195
7158
7063
7222
7294
7042
7279
7222
7221
7130
7201
7192
7196
7314
7167
7170
7249
7210
7209
7087
7091
7142
7066
7181
7050
7078
7116
7116
7102
7180
7029
7075
7101
7060
7166
7111
7100
7102
7022
7037
7019
7189
7138
7105
7051
6969
7020
7025
7008
7147
7159
7097
7106
7044
6870
6977
6971
7027
6859
6934
7014
6883
6922
6989
6967
6962
7004
6821
6894
7097
7029
6836
6950
7020
6787
6925
6856
6923
6948
6906
6896
6908
6864
6919
6870
6940
6836
6954
7063
6834
6832
6776
6878
6963
6653
6829
6980
6673
6921
6787
6753
6728
6707
6787
6679
6840
6696
6822
6791
6824
6778
6791
6851
6736
6717
6722
6757
6813
6664
6638
6876
6681
6841
6715
6625
6746
6793
6684
6776
6868
6619
6664
6822
6701
6761
6740
6620
6713
6673
6698
6610
6619
6625
6593
6611
6757
6821
6591
6629
6641
6654
6659
6698
6821
6523
6512
6580
6610
6628
6505
6624
6546
6663
6607
6641
6617
6358
6479
6558
6786
6657
6559
6440
6557
6473
6597
6561
6554
6659
6644
6528
6463
6495
6499
6591
6479
6549
6560
6455
6553
6505
6548
6435
6518
6655
6476
6661
6460
6534
6560
6506
6460
6553
6551
6620
6548
6651
6575
6587
6807
6816
7026
6928
7023
7105
7150
7305
7400
7423
7645
7579
7768
7856
7981
8428
8575
8700
8957
9030
9227
9519
9706
10130
10152
10488
10947
10880
11232
11460
11825
12132
12054
12390
12817
13040
13149
13443
13788
13816
14283
14519
14797
14723
15126
15198
15455
15811
15872
16150
16304
16620
16902
17008
17178
17229
17505
17898
18026
18195
18675
19262
19540
19599
20006
20366
20746
20644
21128
21203
21749
21574
21663
21491
21307
21273
21133
20835
20529
20180
19727
19332
18957
18375
17886
17447
17230
16443
16144
15622
15098
14640
14022
13513
12983
12471
12151
11592
10988
10838
10358
9893
9523
9485
8959
8609
8551
8269
7869
7631
7489
7352
7112
6868
6995
6734
6680
6590
6355
6299
6279
6225
6216
6151
6108
5907
5819
5780
5924
5935
5850
5829
5820
5719
5716
5819
5684
5745
5766
5741
5699
5721
5748
5785
5654
5644
5745
5819
5646
5644
5688
5732
5604
5511
5798
5626
5776
5648
5500
5597
5672
5594
5703
5625
5561
5583
5773
5682
5581
5690
5638
5694
5654
5486
5617
5666
5623
5591
5575
5647
5538
5712
5663
5671
5540
5751
5418
5458
5548
5611
5480
5529
5540
5427
5593
5506
5730
5738
5478
5672
5523
5688
5583
5657
5523
5552
5488
5617
5550
5621
5635
5556
5610
5623
5643
5533
5528
5521
5542
5517
5639
5515
5626
5542
5623
5526
5626
5510
5598
5683
5566
5546
5584
5629
5499
5610
5580
5491
5770
5729
5563
5670
5492
5731
5523
5598
5627
5567
5637
5646
5639
5701
5580
5662
5503
5656
5560
5483
5725
5550
5561
5704
5703
5721
5676
5698
5729
5792
5990
5929
5924
5922
6070
6182
6257
6337
6453
6642
6858
6874
7102
7428
7698
7731
8257
8432
8677
8935
9398
9857
10155
10609
11100
11632
12062
12588
13178
13784
14228
14680
15449
15766
16237
17092
17935
18196
19057
19431
20162
21089
21329
21866
22490
23237
23737
24060
24720
25827
25947
26336
26667
27499
28179
28511
28843
29259
29873
30785
30964
31747
32342
32762
33382
34153
34579
35177
36375
36920
37637
38098
39531
39786
40420
40787
41184
41276
41954
41941
41395
40685
40895
40398
39951
38756
38236
37054
36152
35326
33977
33175
32041
30785
29386
28549
26899
25617
24703
23574
22400
21062
20152
19112
18020
16961
16023
15209
14148
13446
12598
11601
11102
10553
9796
9408
8889
8452
7915
7648
7331
6798
6619
6346
6125
6065
5798
5560
5484
5339
5219
5162
5094
4904
4922
4764
4724
4718
4652
4658
4705
4569
4452
4445
4521
4566
4376
4489
4379
4373
4490
4341
4408
4435
4417
4326
4334
4314
4338
4242
4342
4376
4224
4412
4368
4260
4157
4175
4296
4285
4171
4300
4350
4243
4166
4290
4295
4317
4155
4193
4207
4130
4230
4365
4154
4187
4249
4255
4123
4274
4065
4261
4151
4125
4154
4269
4060
4231
4105
4120
4203
4211
4085
4086
4112
4117
4122
4150
4202
4102
4126
4074
4105
4065
4123
4060
4087
4166
4064
4184
4146
4057
4098
4037
4179
4116
4104
4148
4048
4229
4024
4005
4084
4081
3915
4178
3976
4022
4030
4173
4188
4048
4007
3993
4154
4161
4128
4055
3952
4018
3961
4129
4009
3984
4106
4098
4047
4024
4093
4073
4004
4093
3944
3973
4134
3949
4111
3939
3976
3988
4091
4057
3942
4016
3892
3986
4016
3964
4054
3953
4039
4031
3988
4089
4004
3950
3913
3955
3940
3935
4024
3991
3983
3980
4096
4033
3911
3932
4069
3950
3966
3964
3976
3915
3948
3897
3934
3890
3862
3987
3897
3829
3982
4038
3890
3897
3990
3916
3821
4006
3979
3903
4010
3904
3918
3980
3905
3901
3931
3957
3760
3940
3865
3834
3924
3877
3914
3901
3904
3877
3888
3957
3959
3990
4042
3933
3865
3935
3837
3866
3881
3826
3830
3770
3788
3941
3895
3992
3807
3832
3805
3882
3790
3949
3789
3866
3837
3809
3904
3930
3851
3898
3884
3855
3854
3729
3872
3830
3849
3720
3923
3852
3875
3853
3921
3747
3874
3847
3755
3814
3742
3778
3809
3851
3799
3793
3871
3843
3940
3922
3813
3763
3910
3871
3833
3826
3831
3900
3790
3900
3708
3916
3820
3869
3769
3763
3860
3849
3710
3801
3808
3903
3835
3662
3759
3845
3753
3852
3762
3873
3735
3712
3859
3777
3811
3729
3932
3866
3823
3780
3813
3926
3796
3709
3808
3658
3796
3813
3796
3791
3707
3721
3803
3723
3774
3851
3919
3697
3783
3932
3772
3747
3695
3716
3711
3801
3912
3797
3706
3814
3743
3695
3757
3753
3811
3644
3666
3883
3723
3804
3791
3741
3798
3835
3702
3838
3939
3704
3837
3855
3705
3834
3827
3688
3891
3738
3816
3882
3872
3836
3904
3852
3841
3775
3910
3845
3758
3785
3788
3889
3819
3780
4030
3963
3878
3973
3824
3990
3914
3940
3897
3872
3834
3974
3954
3860
3871
4020
4079
3991
3880
4034
3946
4074
4090
4079
4061
4046
4133
4102
4051
4020
4209
4181
4241
4211
4369
4430
4436
4521
4615
4720
4854
5052
5261
5407
5443
5946
5997
6499
6860
7169
7755
8322
8656
9402
9979
10772
11723
12434
13362
14410
15316
16397
17431
18758
20251
21745
22933
24297
25869
27717
28903
30860
32210
34371
36090
37716
39025
41297
42950
44788
46747
47957
50117
51684
53694
55599
57252
59172
60145
62217
64002
64796
66908
68515
70167
71745
73127
74652
75971
77632
79684
81555
83204
84833
86533
88946
89670
92002
94610
96486
97572
99683
101539
103267
104952
105674
107087
107394
107803
107524
106908
105767
105474
104082
101874
100595
98245
95389
92418
90087
86760
83683
80777
77130
73284
70419
66872
63289
59987
56327
52836
49631
46557
43756
40047
37584
34880
31920
29612
27140
25184
23048
21091
19094
17725
16277
14850
13214
12385
11259
10267
9320
8461
7880
7237
6437
6185
5633
5161
4733
4400
4247
3834
3670
3382
3272
3132
3064
2857
2609
2593
2434
2454
2378
2398
2264
2200
2101
2020
2022
1961
2010
1828
1814
1888
1891
1796
1797
1712
1709
1768
1685
1654
1688
1722
1677
1599
1657
1647
1634
1640
1646
1631
1503
1570
1498
1551
1586
1543
1575
1588
1518
1532
1541
1567
1503
1517
1505
1523
1483
1505
1520
1499
1471
1514
1509
1478
1445
1444
1507
1457
1419
1492
1462
1474
1417
1382
1420
1457
1457
1421
1372
1531
1464
1387
1352
1432
1394
1394
1373
1392
1365
1344
1376
1391
1356
1428
1355
1414
1429
1342
1359
1347
1340
1365
1346
1270
1362
1288
1323
1311
1383
1323
1367
1285
1345
1327
1330
1336
1327
1292
1356
1349
1369
1322
1395
1233
1370
1312
1312
1352
1339
1414
1340
1306
1339
1317
1295
1293
1305
1251
1286
1337
1291
1216
1313
1373
1224
1301
1362
1361
1287
1353
1330
1343
1364
1391
1419
1405
1394
1379
1425
1507
1560
1478
1577
1579
1684
1803
1739
1888
1824
2041
2085
2141
2294
2270
2443
2581
2773
2931
3150
3287
3363
3563
3704
3964
4093
4294
4530
4816
5006
5263
5501
5637
5810
6085
6410
6642
6966
7123
7435
7652
7741
8057
8292
8530
8776
8905
9203
9496
9547
10012
10025
10337
10647
10677
10925
11119
11421
11532
11864
11835
12272
12499
12826
12984
13236
13745
13724
13982
14254
14200
14430
14713
14993
14920
14813
14767
14770
14753
14508
14535
14056
13814
13443
13311
12759
12604
12033
11757
11355
11140
10403
10054
9715
9119
8522
8160
7653
7328
6984
6359
5975
5673
5255
5006
4705
4274
4014
3724
3426
3265
3052
2786
2579
2439
2321
2052
1993
1927
1825
1651
1607
1466
1449
1432
1296
1277
1235
1172
1209
1144
1102
1070
1008
1020
977
989
970
993
956
973
943
928
900
922
890
852
874
882
826
813
878
850
871
849
822
857
809
838
834
809
812
760
836
815
804
821
823
779
800
834
811
783
856
764
789
812
812
781
801
830
785
761
814
778
820
797
788
763
766
807
769
782
767
780
778
792
752
785
758
728
782
784
786
745
783
787
752
725
762
735
765
761
699
766
814
745
736
775
752
702
753
753
766
710
819
714
717
719
730
724
748
752
682
715
746
705
727
768
723
757
745
719
723
766
703
720
721
717
714
741
772
691
680
758
714
726
691
677
747
702
727
693
688
711
728
680
674
687
672
667
655
679
687
690
690
646
714
717
660
678
655
716
689
700
701
709
678
647
693
659
674
719
642
612
682
699
668
704
647
720
663
682
681
657
703
661
705
675
713
659
643
676
690
687
669
694
651
696
670
620
625
647
675
656
720
671
641
668
714
628
682
650
645
648
684
629
666
648
705
627
652
674
612
625
631
646
617
590
680
638
678
690
615
633
663
630
643
604
587
636
654
623
638
632
618
626
660
609
591
607
620
643
607
638
658
664
614
622
623
606
641
641
629
642
599
606
619
615
638
635
639
632
660
633
563
621
605
567
623
629
611
570
626
629
624
618
577
620
579
631
604
653
599
613
574
626
610
632
597
629
602
622
631
634
585
656
622
590
579
590
618
620
575
616
579
587
592
575
627
593
574
640
604
594
608
568
590
649
597
621
600
594
580
568
557
612
558
557
562
574
623
571
581
619
600
640
567
568
587
623
555
613
606
595
636
596
605
595
630
581
608
584
590
600
551
567
618
622
569
595
572
576
573
598
589
553
546
596
561
577
586
567
590
548
552
595
587
542
573
609
582
584
554
585
557
597
592
530
586
522
552
577
579
579
562
581
535
579
535
537
559
558
577
560
579
561
507
580
583
582
556
543
547
575
583
598
538
586
532
597
590
559
606
567
565
535
577
568
570
622
585
601
584
557
586
577
582
544
642
588
642
622
565
590
611
545
571
625
614
598
631
606
643
629
605
633
656
580
634
625
613
617
604
663
618
626
610
643
649
656
638
653
628
682
666
673
634
677
628
649
704
723
659
652
657
710
708
679
683
637
709
637
675
688
713
727
664
659
657
654
639
642
638
639
614
595
614
620
642
588
592
622
622
576
578
586
604
552
538
546
556
548
518
524
524
570
545
544
544
534
513
514
502
521
501
522
484
475
508
502
482
494
497
536
494
499
475
458
522
476
454
484
484
485
493
518
490
471
488
468
480
485
542
534
509
486
450
474
492
495
492
481
520
459
480
467
486
467
489
467
478
446
503
480
469
493
460
457
486
456
457
467
506
443
434
477
478
523
492
478
481
454
461
449
478
469
477
507
463
503
453
485
482
477
477
461
438
430
498
475
435
475
456
432
458
438
486
486
468
455
454
447
410
452
480
456
454
452
498
455
490
460
440
473
451
479
456
498
472
441
412
460
444
459
433
448
469
424
434
462
473
442
468
432
478
470
457
447
453
442
417
435
438
443
441
430
451
492
431
459
456
454
392
419
425
452
425
431
450
441
424
432
483
426
469
431
426
469
474
442
452
445
415
457
450
434
449
440
415
451
452
477
453
445
467
440
426
418
462
412
408
439
445
476
455
431
451
454
443
435
463
437
456
477
455
440
415
418
400
440
416
431
429
419
493
449
446
427
430
460
428
418
466
416
415
424
415
422
389
426
412
424
445
422
404
439
444
458
426
453
433
447
399
404
431
396
411
445
402
412
415
431
424
406
408
406
394
442
425
401
390
414
422
447
424
410
418
445
398
408
398
425
436
409
391
403
400
406
381
405
402
420
392
408
404
404
441
385
414
415
393
418
427
415
409
404
397
389
413
437
436
427
404
398
397
416
393
408
415
367
430
416
439
388
432
399
413
380
379
402
387
384
390
390
416
379
369
405
375
415
392
421
422
417
422
421
380
408
349
404
356
394
407
386
397
372
344
379
402
396
392
399
390
368
404
408
412
415
419
392
366
372
389
402
386
385
378
389
386
389
416
401
442
377
359
380
407
378
369
371
415
366
374
388
419
397
381
366
364
382
389
371
406
422
369
381
394
384
382
376
386
347
368
368
346
395
376
360
378
352
355
346
357
359
373
396
402
349
353
359
377
366
400
390
361
373
362
361
358
353
360
390
389
372
382
380
342
346
400
328
379
353
375
354
360
363
374
345
350
380
382
334
370
384
392
376
355
382
358
358
374
363
359
426
376
386
315
394
350
330
372
355
342
359
349
349
364
389
347
370
336
340
376
376
337
378
385
359
351
297
379
365
359
383
355
314
309
351
373
363
336
371
347
384
349
359
360
356
369
381
376
326
346
339
365
337
341
364
364
353
371
374
345
347
358
333
395
332
328
356
321
337
355
358
359
376
345
343
316
299
349
347
341
331
330
358
345
338
345
341
373
365
321
339
328
347
316
329
335
333
323
365
322
333
357
330
364
345
364
309
353
316
342
341
329
336
322
351
338
337
344
346
344
346
340
344
297
331
319
330
297
329
354
321
348
342
318
369
341
369
334
340
339
363
338
329
346
331
335
339
318
337
313
349
294
333
321
355
332
296
339
288
328
325
291
302
319
305
329
313
308
342
300
321
297
335
361
336
297
344
301
318
342
316
326
336
285
347
325
312
340
313
369
328
326
320
344
332
285
314
320
335
310
326
335
307
363
315
296
334
315
323
315
324
321
309
331
279
340
304
310
311
315
326
313
335
288
350
329
312
309
304
299
310
332
321
315
330
325
305
299
289
324
298
357
308
303
292
315
282
307
311
322
310
307
324
304
327
290
344
330
332
309
302
292
295
286
313
319
301
305
311
296
297
331
313
325
342
327
280
298
316
296
330
292
328
322
296
295
312
276
298
278
281
315
286
282
301
302
275
341
294
320
323
288
334
329
301
323
284
315
310
270
277
309
292
280
297
270
253
297
316
304
279
283
290
301
280
287
335
305
277
272
296
274
257
293
272
306
278
271
282
258
282
295
252
272
277
274
258
278
275
295
263
275
252
296
269
255
278
253
258
292
284
238
267
264
303
285
279
267
251
269
275
274
274
254
248
281
279
255
243
279
295
279
278
279
276
242
222
257
286
229
253
260
267
273
274
264
262
260
272
285
264
255
248
260
287
238
263
258
260
251
262
287
234
262
259
284
258
243
261
240
273
263
267
251
232
225
270
280
257
264
266
280
261
281
291
240
273
238
249
238
242
258
268
270
256
235
243
270
260
264
265
264
235
236
248
268
248
245
251
239
242
244
234
232
259
225
237
254
249
258
262
287
248
242
254
245
237
213
249
219
244
239
244
236
285
266
244
254
243
231
233
245
242
226
236
226
263
229
261
270
259
251
253
227
268
267
245
233
235
247
237
220
264
232
264
227
246
249
252
257
231
213
248
246
231
226
240
196
236
236
237
236
243
240
223
249
245
198
248
231
234
241
201
241
234
224
237
246
212
269
244
254
249
258
238
222
230
232
241
231
242
220
244
219
225
228
240
219
223
228
209
247
241
219
222
218
227
224
239
217
216
253
211
218
233
203
234
235
247
221
221
242
227
246
234
210
219
210
216
218
205
212
210
193
227
216
209
203
244
209
234
264
215
233
219
235
215
209
229
217
237
191
227
221
225
204
218
228
230
236
242
212
231
187
197
221
207
188
224
211
207
198
207
231
201
227
191
194
210
202
217
210
232
187
206
201
209
210
224
216
206
200
231
221
203
231
211
206
188
237
223
196
207
213
214
241
220
199
197
175
206
225
214
201
211
245
208
193
199
213
213
221
230
221
215
191
210
173
219
204
207
213
197
189
185
204
199
187
201
203
218
218
186
189
203
204
167
191
201
208
212
200
220
209
186
199
194
180
191
197
206
198
164
197
207
188
217
203
177
188
202
199
175
214
180
193
195
199
195
198
189
182
206
191
194
181
202
174
182
220
194
214
195
212
187
202
201
167
219
184
198
183
183
189
177
190
156
189
178
178
197
159
191
178
183
177
189
181
179
176
163
185
180
180
166
168
175
206
179
153
186
199
189
190
206
171
174
190
192
167
177
187
188
163
160
189
180
192
199
150
159
159
181
196
184
178
186
167
181
184
191
183
170
172
161
171
174
182
214
178
184
176
189
169
180
170
155
167
175
171
170
163
174
175
160
196
180
185
160
159
159
166
173
152
157
182
141
157
176
164
157
177
164
174
189
163
184
161
188
183
160
164
171
160
168
191
165
172
192
169
164
175
156
164
156
162
168
175
149
187
179
196
170
162
187
161
184
178
157
191
170
166
162
171
168
180
164
146
154
162
172
182
175
177
177
172
161
141
158
163
190
166
171
188
166
171
154
151
143
163
180
153
142
171
174
164
182
153
175
167
169
166
170
149
190
167
163
194
162
160
168
156
178
155
185
186
175
168
180
161
148
161
160
199
181
152
167
160
179
152
170
196
154
164
163
170
171
172
157
150
147
170
156
132
188
143
153
178
180
181
164
170
143
164
143
156
157
161
159
157
146
163
163
159
156
171
165
165
149
165
162
164
150
151
160
171
145
139
157
141
154
150
170
145
126
144
135
137
156
155
157
148
152
141
143
153
143
130
139
148
143
128
136
145
118
135
151
153
127
165
158
144
157
142
141
135
107
140
150
130
145
144
152
150
167
128
144
144
147
152
148
141
122
153
139
140
137
141
132
140
173
156
141
142
125
139
122
132
142
144
123
125
122
147
128
134
126
131
124
131
153
124
133
137
125
119
139
142
130
128
161
141
125
144
138
119
142
117
140
141
131
127
144
122
134
105
129
121
157
132
156
138
122
152
125
135
115
122
129
127
128
132
159
181
131
129
125
144
126
181
122
129
164
156
149
128
133
146
147
125
122
131
144
153
157
145
161
127
145
144
131
130
129
112
130
123
151
123
132
129
122
141
113
138
133
144
144
108
138
138
127
130
161
129
155
124
134
134
121
119
140
123
130
152
154
142
149
152
136
142
114
143
149
135
135
131
142
124
136
153
171
147
140
144
134
130
140
116
140
125
145
136
131
131
139
122
144
130
139
158
145
122
148
127
134
158
132
143
156
139
133
121
126
133
144
136
129
132
120
132
150
157
137
159
122
150
144
142
125
140
141
131
134
140
129
131
131
122
135
131
121
148
156
138
136
118
148
146
124
124
147
134
144
141
123
140
131
125
139
101
125
115
118
127
128
110
136
151
112
119
121
117
118
129
113
126
103
129
107
124
117
135
98
120
141
112
111
119
99
118
136
116
90
103
106
103
119
105
118
108
103
117
115
127
107
119
105
123
124
102
102
118
96
126
98
118
133
121
121
112
113
121
113
112
105
111
100
132
114
109
104
117
116
110
122
132
111
110
117
111
112
109
129
123
129
112
113
119
96
118
127
112
93
110
113
109
109
92
110
90
107
110
116
121
108
120
121
115
119
114
124
121
128
117
116
115
110
119
118
113
113
99
116
107
130
104
127
103
104
85
116
127
113
101
105
142
117
121
112
118
107
105
100
111
115
112
103
125
115
112
107
119
107
98
108
132
114
110
115
122
114
116
112
124
105
116
142
117
120
130
107
116
119
117
139
134
106
118
109
125
126
105
101
110
111
121
142
104
127
116
111
111
113
118
108
111
117
126
117
119
123
108
109
94
106
126
126
110
133
101
115
123
128
93
118
129
118
118
123
108
89
111
108
121
116
107
107
115
101
89
117
121
114
121
92
114
105
107
99
95
91
92
117
97
99
115
98
100
90
105
84
103
86
109
105
91
117
87
97
98
99
80
88
101
96
99
109
80
88
112
97
106
97
83
86
78
105
83
89
99
86
97
98
86
92
113
107
72
100
87
96
89
79
106
100
103
92
106
83
90
80
89
100
93
95
87
92
109
92
92
92
94
107
96
98
75
106
95
104
88
91
82
85
99
92
90
89
83
87
75
109
93
77
97
99
93
80
105
85
94
101
86
90
88
96
76
69
97
91
86
99
91
88
95
83
86
99
78
97
103
103
90
90
85
86
99
76
98
82
86
97
82
87
81
83
97
96
91
94
87
83
94
98
73
107
96
100
85
100
84
107
102
95
103
105
93
97
98
87
91
98
92
85
89
87
92
102
91
86
79
77
98
89
90
108
94
98
103
105
89
109
109
110
99
108
88
115
102
112
118
88
106
102
93
110
90
99
102
102
117
98
107
106
125
85
115
109
112
102
104
103
114
125
126
130
131
109
118
98
119
103
133
100
114
105
119
109
102
119
114
89
97
120
115
109
105
118
120
90
102
108
95
95
113
109
103
115
108
98
106
128
115
97
96
118
124
119
105
117
97
94
119
82
103
82
99
79
72
81
91
89
90
77
89
87
80
85
80
75
68
92
83
72
62
90
73
66
69
67
66
63
70
64
69
61
76
67
73
74
50
52
71
57
60
58
65
63
56
56
65
53
54
61
70
55
66
61
64
65
62
62
55
60
62
56
56
72
59
43
75
60
62
70
57
55
62
52
50
59
58
62
62
59
53
61
57
60
74
67
52
48
64
71
71
60
67
59
52
49
66
75
54
52
72
61
57
63
55
60
51
50
47
50
52
62
57
73
50
59
67
53
47
46
66
48
38
62
58
64
59
71
45
67
69
54
54
48
75
57
75
58
66
62
61
63
55
59
58
57
62
66
60
66
66
62
64
71
63
66
46
69
67
56
45
63
61
61
58
70
71
49
56
69
65
69
49
56
48
64
66
42
59
44
42
67
56
51
67
72
56
58
51
55
61
73
59
54
54
54
51
65
53
73
76
52
58
54
68
66
60
64
49
59
51
52
58
49
69
69
62
55
56
54
48
73
56
64
49
64
71
70
61
59
58
63
52
56
74
58
58
77
61
44
48
60
61
66
63
52
50
74
59
57
58
60
54
61
61
73
53
75
63
63
74
61
70
75
52
70
72
58
70
54
55
58
61
58
53
67
80
72
55
65
51
58
71
46
70
64
57
56
60
51
74
70
53
65
57
58
50
54
65
57
56
64
51
61
67
54
59
41
63
56
67
50
51
60
52
64
64
58
55
62
60
50
65
65
64
46
56
55
54
53
62
53
55
47
59
55
58
45
49
59
51
62
50
46
52
53
50
59
55
49
50
49
67
53
65
50
54
59
55
61
57
58
56
49
63
55
48
53
48
56
54
52
46
57
47
54
61
55
58
48
45
47
57
62
52
58
59
60
51
66
64
56
57
61
49
59
54
53
58
48
56
47
46
60
60
46
69
66
54
64
75
66
53
57
66
61
49
51
60
57
55
64
58
71
55
62
52
78
53
65
67
63
63
59
51
56
55
55
62
59
50
58
66
57
73
60
63
63
57
71
51
61
69
64
71
53
70
57
53
55
74
51
65
76
65
84
72
78
73
56
56
68
77
67
65
70
68
58
74
83
62
73
77
67
69
64
73
87
69
83
77
77
75
70
84
86
61
77
70
103
76
95
92
86
73
86
86
78
80
82
85
86
86
91
104
109
93
89
94
83
82
97
70
102
74
98
93
80
85
70
83
85
90
78
92
77
87
86
74
81
71
89
68
81
71
75
56
79
83
62
65
62
65
75
60
84
54
50
51
58
54
59
58
53
46
52
42
30
45
40
37
33
38
31
33
24
26
31
33
33
34
30
28
29
27
30
24
29
23
27
24
27
20
27
25
23
26
29
29
31
23
34
24
33
37
27
19
20
23
25
26
29
20
20
28
15
20
20
25
25
13
31
15
24
17
21
25
25
20
26
29
25
20
21
30
17
18
21
22
25
22
20
33
33
22
17
17
22
30
25
16
18
15
25
21
27
28
25
17
27
25
35
21
17
26
20
30
26
20
13
31
26
29
15
21
18
21
21
20
18
19
17
20
27
21
24
22
22
24
19
20
30
29
32
21
30
20
18
21
18
31
28
25
32
14
16
16
24
23
18
33
22
32
25
26
30
29
25
23
23
28
23
32
20
23
28
33
24
26
27
20
13
26
29
26
26
26
22
34
27
30
20
26
23
22
35
22
24
24
27
22
18
16
23
19
36
24
29
16
19
37
22
27
34
21
18
25
38
25
20
26
29
23
31
33
22
29
32
30
29
29
32
29
25
23
36
27
23
25
23
29
22
37
40
24
35
34
22
25
29
20
25
31
22
22
28
35
23
28
26
35
20
28
25
32
35
23
29
35
31
26
27
34
25
40
28
24
36
21
31
16
24
21
33
26
24
27
26
33
30
30
16
28
28
26
16
21
29
12
24
20
18
16
12
20
9
11
19
9
19
18
14
14
17
14
14
15
11
12
16
10
10
13
18
11
11
13
14
15
13
7
11
16
7
9
10
4
14
7
21
17
8
12
10
8
13
16
16
13
16
14
14
11
12
16
8
16
9
15
10
12
15
10
21
12
19
12
10
6
14
10
16
9
7
15
11
6
13
10
14
14
12
12
13
17
13
14
12
14
14
14
17
7
10
14
12
10
14
17
13
14
14
14
6
9
10
17
14
7
13
14
7
14
11
12
12
11
12
9
6
10
15
7
6
9
11
13
14
12
8
9
10
11
10
18
10
12
11
11
7
14
16
8
8
16
14
7
13
15
13
15
14
14
9
11
18
9
8
6
9
9
11
11
10
9
15
9
7
10
7
14
10
11
8
10
13
19
12
4
5
6
7
13
7
19
15
5
9
13
9
12
14
11
7
9
13
11
5
7
7
10
8
12
12
13
13
8
19
5
11
16
16
11
11
15
12
18
8
10
8
7
16
8
12
8
12
4
13
14
14
5
9
15
9
9
13
11
9
9
7
11
14
9
14
11
12
3
10
10
7
9
14
18
8
11
13
21
8
13
11
24
19
12
9
15
15
17
14
13
11
14
9
14
14
10
13
11
8
16
18
8
14
10
16
9
8
11
12
14
8
8
11
7
15
8
13
12
15
8
9
14
12
9
13
12
6
8
13
9
8
9
5
17
8
8
8
9
8
14
11
3
10
5
9
12
14
7
9
8
6
11
9
12
6
10
7
7
11
8
6
13
1
12
8
10
9
7
5
12
6
7
5
5
9
10
15
8
8
12
5
12
11
10
14
11
6
14
12
9
3
9
15
10
12
15
9
7
10
10
8
8
7
10
8
8
10
2
6
11
11
10
4
10
7
7
10
11
13
10
6
18
6
8
12
7
12
6
6
12
8
7
9
9
5
7
12
3
8
13
6
11
11
6
13
7
19
4
7
8
13
14
8
11
6
4
10
6
8
8
14
9
6
13
9
8
8
10
7
15
8
11
6
4
8
8
7
6
7
8
8
17
8
14
11
10
8
7
6
7
11
5
3
5
9
5
5
8
14
12
7
7
11
10
12
6
7
6
11
8
14
16
6
11
13
9
5
15
6
11
8
8
9
4
13
7
9
9
10
9
7
10
8
9
8
12
6
7
10
13
11
9
7
11
7
9
8
9
8
12
11
11
6
8
14
13
13
10
14
8
6
4
13
9
10
11
7
16
9
11
10
6
10
11
9
7
12
12
10
15
7
11
13
13
16
11
8
14
15
11
20
11
12
11
14
10
6
10
8
11
15
11
13
9
10
12
10
8
9
8
12
11
10
11
9
8
7
6
5
5
7
11
5
9
14
12
6
9
13
10
11
6
9
6
6
8
7
9
14
12
9
7
6
3
11
12
2
10
8
7
9
12
9
8
7
12
9
12
4
7
4
12
10
4
4
8
10
6
9
9
15
6
6
5
7
9
9
8
11
6
4
6
13
8
5
9
8
2
6
6
10
7
9
13
6
14
5
2
7
10
9
6
8
5
10
10
8
7
4
10
8
10
6
8
12
5
5
11
7
10
10
11
12
5
7
5
7
10
13
3
6
4
9
8
4
4
8
5
7
8
11
7
10
5
6
8
5
8
10
6
14
7
7
10
9
3
7
8
4
9
5
7
3
8
3
14
5
6
9
3
10
14
7
11
5
6
7
9
9
5
10
6
5
10
9
9
9
5
4
8
6
7
9
3
6
4
9
5
9
12
7
10
9
4
8
6
9
3
4
8
3
10
3
8
7
5
4
6
10
8
5
8
8
12
6
4
9
2
11
12
3
7
11
10
8
7
8
1
3
7
6
5
6
8
9
5
7
4
13
8
4
10
7
3
1
6
3
6
3
8
6
16
7
5
4
7
6
7
6
3
9
6
9
6
4
7
10
2
3
3
6
6
10
4
5
12
6
8
10
5
5
4
8
4
7
7
4
7
5
10
8
5
9
4
6
9
10
4
10
6
6
3
11
8
13
8
10
10
9
6
8
7
9
4
7
16
5
5
5
10
1
8
2
7
8
6
4
9
8
9
5
9
8
11
9
5
6
6
6
11
6
6
5
5
8
6
8
4
12
9
13
4
3
6
6
6
6
6
6
11
7
6
7
7
6
9
5
6
10
10
7
4
5
3
5
7
8
7
7
10
5
9
11
6
7
9
2
4
7
6
6
9
9
7
5
8
8
7
2
5
7
6
7
10
12
6
8
8
5
8
6
8
3
10
10
7
6
6
6
9
10
8
6
8
3
6
4
9
2
4
4
11
3
12
8
6
9
4
10
9
7
4
8
7
6
7
7
7
5
7
1
7
7
2
5
4
8
8
8
4
11
5
7
11
6
3
4
11
5
11
5
5
8
3
9
9
2
7
2
4
7
6
6
8
6
3
6
7
14
2
6
5
3
6
5
5
9
4
4
3
6
8
10
8
9
10
4
6
5
5
5
9
8
10
4
6
7
3
2
7
5
5
5
2
9
4
6
7
8
6
4
3
8
7
8
10
5
4
4
3
5
3
3
8
5
8
5
6
8
4
4
8
7
3
11
5
8
3
6
9
4
2
9
12
6
2
7
8
9
5
8
3
5
5
6
9
8
6
8
11
8
10
3
6
6
8
9
5
4
2
5
2
4
6
4
3
6
9
7
5
6
8
8
6
7
5
4
6
8
6
4
9
1
11
10
5
12
7
4
6
5
2
4
5
10
3
14
5
6
10
4
5
3
9
0
9
10
8
4
9
9
3
8
5
4
6
7
6
7
10
4
6
8
3
5
8
4
9
6
12
4
4
3
5
8
10
3
5
4
6
10
2
8
6
8
10
9
6
5
7
7
6
6
5
10
3
4
12
4
9
6
4
5
6
7
2
5
6
7
12
3
6
8
6
3
1
6
4
7
6
3
6
6
8
3
7
8
3
1
1
5
5
6
4
8
5
9
6
1
2
6
11
4
4
4
6
4
6
4
4
7
10
5
5
3
6
3
4
4
7
6
4
4
8
9
3
6
6
2
5
4
9
4
2
9
6
9
5
5
5
8
10
2
2
6
9
3
5
5
6
4
6
7
4
5
4
4
5
8
6
3
3
6
5
7
3
8
9
8
10
4
3
6
7
4
2
3
6
5
4
5
5
6
11
11
5
4
6
6
5
8
3
5
6
7
6
4
3
5
6
4
5
5
5
2
4
2
7
5
6
3
2
7
7
4
6
8
3
5
3
3
2
3
8
5
6
5
4
6
5
7
8
3
6
8
5
3
9
3
2
3
4
4
2
2
4
4
8
5
3
3
11
2
6
5
3
2
5
8
5
5
6
5
4
6
3
7
1
1
7
5
4
4
7
3
3
2
2
7
3
9
3
1
3
2
5
4
4
3
2
3
3
4
2
4
4
2
3
6
3
1
3
5
3
4
3
5
5
5
3
4
4
9
3
3
7
6
3
10
9
4
10
6
4
1
8
7
4
2
8
4
6
2
9
1
6
4
4
7
3
4
2
4
5
4
5
4
3
1
4
2
6
5
2
3
6
4
3
7
5
2
4
5
1
1
2
2
4
2
5
3
6
5
3
5
7
4
8
2
4
2
3
3
6
8
11
3
6
4
4
5
4
5
6
2
6
6
6
3
1
3
4
9
5
4
5
3
4
3
10
4
5
4
2
6
5
3
5
4
5
3
2
3
8
6
6
2
5
6
3
4
10
4
5
4
1
7
3
5
4
4
7
3
5
3
3
4
10
5
7
2
6
7
4
9
8
8
6
5
3
5
3
2
4
8
1
6
2
7
1
8
5
8
5
9
4
3
10
6
6
3
2
9
9
5
2
7
2
7
2
7
7
7
3
10
8
8
6
7
6
9
8
4
6
8
5
6
8
11
10
9
9
14
9
10
5
6
4
5
6
6
12
11
6
8
9
4
9
8
8
5
17
11
10
10
4
10
13
10
3
6
5
11
10
10
16
13
13
9
9
7
11
8
11
11
14
9
8
4
12
7
8
7
5
10
6
13
5
2
6
3
5
8
7
8
3
7
1
5
3
10
5
6
6
8
1
4
4
5
4
14
4
8
6
2
6
6
3
3
4
4
3
9
5
5
4
6
5
7
7
6
2
6
0
8
1
4
9
3
2
4
6
5
6
2
0
4
4
1
6
3
6
4
5
2
5
6
0
7
6
4
4
3
1
7
8
6
5
6
5
8
5
8
6
0
4
4
5
3
7
4
2
5
6
6
4
1
1
5
5
0
7
7
6
4
7
4
6
4
4
4
7
0
10
8
2
5
4
6
4
3
2
2
6
6
6
5
1
6
2
5
3
10
5
4
1
6
3
5
3
3
9
7
4
3
4
1
2
3
8
3
2
5
3
7
5
5
0
4
5
3
6
2
6
5
5
7
0
7
5
2
3
8
6
4
2
3
6
5
2
8
3
5
2
4
4
2
9
4
8
2
5
6
5
6
4
5
3
6
5
5
3
5
13
5
7
4
3
9
6
4
8
5
3
7
4
9
3
7
7
5
5
4
3
5
3
4
6
8
4
4
5
3
3
5
4
4
1
4
3
5
2
5
5
2
5
2
5
1
7
1
3
6
1
4
4
3
2
6
9
6
1
3
6
2
5
3
8
6
5
1
3
3
3
6
8
5
3
4
4
4
4
4
2
7
1
5
3
3
3
5
3
4
4
2
6
2
2
2
3
3
2
4
5
3
4
6
2
2
5
3
7
3
4
5
1
3
3
2
1
1
4
4
5
1
3
2
6
5
2
4
4
3
3
5
2
4
7
6
2
4
4
2
7
8
6
0
1
4
4
5
6
1
4
6
8
1
3
4
3
8
2
3
2
5
4
3
3
5
6
3
4
7
1
3
3
2
8
2
2
4
4
4
2
6
6
3
6
2
6
2
2
5
2
2
2
3
3
3
5
6
3
2
4
2
5
6
5
4
2
1
4
2
3
3
7
4
6
2
5
1
4
5
5
1
6
2
2
4
3
0
2
3
4
3
6
5
9
2
7
2
5
3
4
4
5
3
3
5
4
6
0
4
3
2
6
2
4
9
2
5
3
5
1
5
1
2
3
2
5
2
3
6
4
6
2
3
1
4
4
5
3
6
2
7
3
4
4
7
4
5
8
8
7
3
6
8
2
4
2
5
1
8
6
6
3
6
4
3
5
7
2
5
6
3
6
6
5
4
3
5
6
5
3
13
4
9
7
9
2
3
5
7
4
7
9
3
3
6
6
6
5
8
6
3
6
7
7
7
8
6
9
2
5
11
5
10
7
6
4
7
6
8
3
4
6
9
9
3
6
6
6
8
8
10
8
9
2
9
5
4
4
5
7
9
6
6
10
3
2
7
5
4
7
6
3
8
8
6
5
5
9
1
5
7
3
4
1
5
7
4
8
3
2
10
2
5
4
7
4
2
2
2
8
2
7
2
1
5
1
2
1
2
0
8
2
4
3
5
3
2
3
3
2
1
4
4
5
7
4
1
3
5
1
2
3
9
4
7
1
6
2
1
3
5
6
8
0
5
2
1
4
1
6
2
3
5
3
1
1
3
6
2
5
5
2
4
2
5
2
2
3
3
7
2
3
2
3
2
8
3
1
2
4
3
6
6
4
4
4
1
3
3
1
2
8
3
5
4
2
3
1
4
4
4
4
4
2
4
6
4
3
5
2
7
5
2
2
1
5
2
4
5
3
1
5
5
3
2
3
0
2
3
4
3
4
3
0
2
1
1
7
4
7
2
3
3
1
4
7
1
4
2
4
4
3
2
3
4
3
2
2
6
2
0
4
2
3
2
7
4
2
7
3
2
1
5
5
2
4
2
3
3
4
3
5
2
3
2
2
0
4
0
3
2
0
3
5
4
2
3
5
2
1
4
2
1
4
0
4
4
3
1
2
2
2
3
7
5
4
3
1
5
2
3
1
3
2
4
1
2
1
0
3
4
4
1
5
0
2
5
2
1
5
2
3
3
7
4
5
5
1
4
2
4
3
2
7
2
3
3
4
1
4
4
3
2
3
4
3
1
5
6
1
3
1
1
5
4
3
2
4
3
4
1
4
5
5
2
1
2
2
3
3
4
2
3
3
0
5
7
2
2
4
3
6
4
2
6
2
4
3
1
3
2
1
6
2
3
4
4
6
5
3
1
4
0
3
2
2
3
3
5
3
1
4
6
0
5
4
3
4
4
2
1
3
3
6
1
3
2
3
6
6
2
2
1
2
2
2
2
3
4
2
3
5
1
5
3
3
2
3
1
2
2
1
5
2
2
5
6
4
4
3
3
0
5
2
4
3
3
2
5
3
2
1
0
0
3
1
4
1
3
4
3
6
3
3
5
4
5
3
3
3
2
4
4
3
3
4
2
6
1
2
3
5
3
2
1
4
4
2
1
1
3
2
1
3
1
5
5
1
5
3
3
4
3
2
4
3
3
1
2
5
4
2
5
3
3
2
3
0
4
3
1
1
5
6
1
3
3
8
3
3
0
3
3
3
4
0
2
5
5
2
1
7
4
2
5
1
2
1
2
2
3
3
1
5
3
1
1
3
1
2
2
2
1
1
3
1
2
2
3
0
3
5
1
2
4
5
4
6
1
3
3
6
0
0
2
1
2
2
3
3
1
3
5
2
3
2
2
2
5
5
2
3
1
4
0
3
2
3
2
3
5
6
4
5
4
5
2
2
2
2
4
3
2
2
2
2
3
2
2
7
7
0
2
2
4
2
2
2
2
3
7
2
4
2
2
4
5
3
0
2
1
3
2
3
4
2
1
3
3
2
4
1
1
3
2
3
4
1
1
2
2
1
5
3
6
1
3
4
0
4
4
1
3
3
3
4
1
1
2
3
3
1
8
1
2
0
2
3
5
5
3
2
5
3
2
5
4
3
1
1
2
2
0
3
2
4
3
4
3
3
1
0
3
6
3
5
1
4
7
1
3
3
2
2
3
4
4
3
5
4
2
0
1
4
1
0
3
2
0
2
1
3
6
3
2
2
0
2
3
2
1
1
2
3
2
1
2
2
3
3
3
4
4
0
2
2
0
2
2
3
2
2
0
4
5
4
3
3
1
2
0
2
2
3
3
3
3
3
2
2
3
4
0
4
2
2
3
2
0
6
5
1
3
0
0
3
1
3
5
2
3
3
5
2
1
1
0
4
3
4
4
3
5
1
2
1
4
1
1
4
6
4
2
3
2
4
2
2
2
2
4
1
2
3
3
5
6
4
0
5
3
2
4
3
3
1
2
5
2
3
0
3
4
0
2
1
7
2
5
4
2
2
2
4
0
4
7
2
3
5
1
4
3
5
3
2
3
2
1
2
5
4
6
3
0
5
1
7
0
1
4
2
4
2
4
1
3
1
2
1
5
3
4
3
1
1
1
0
1
3
2
2
3
1
2
2
8
2
1
5
0
3
4
1
4
3
4
2
0
3
5
3
2
0
2
1
1
2
2
1
3
6
7
3
4
2
3
1
0
1
1
0
1
3
2
2
4
2
3
4
5
1
6
5
1
0
1
4
3
2
2
2
3
3
4
2
1
3
1
5
2
6
3
4
4
4
4
0
2
2
3
3
0
8
2
4
3
2
3
1
3
4
2
1
4
3
2
4
4
2
1
2
3
1
5
5
5
3
0
3
3
2
0
2
3
2
3
3
1
3
2
3
3
3
3
0
2
4
3
3
3
2
1
4
3
3
3
3
1
2
4
4
5
4
5
4
4
2
2
8
4
2
3
6
1
3
4
2
3
4
4
1
7
5
2
5
5
0
3
5
3
3
2
0
4
4
1
1
2
3
2
3
0
2
1
3
1
1
3
2
2
5
4
3
0
4
4
3
5
3
2
2
2
1
5
2
4
2
0
1
3
3
7
2
3
3
2
6
5
2
4
4
5
5
1
3
4
2
3
4
0
3
2
3
2
2
1
5
3
4
3
2
1
2
3
2
2
2
7
2
4
2
5
4
2
2
5
5
2
4
1
4
7
1
2
2
6
3
1
1
2
0
1
0
1
4
2
3
1
4
1
3
4
3
3
1
5
1
2
0
2
2
1
3
3
1
3
3
4
3
0
1
0
5
2
4
4
2
3
2
0
2
2
3
2
2
4
0
4
5
2
3
1
7
2
0
6
3
2
2
4
3
5
2
1
1
2
1
3
4
4
3
0
4
1
3
1
2
2
3
2
3
2
11
1
0
2
5
1
5
1
5
0
2
3
2
3
3
2
2
4
3
2
3
2
4
2
2
1
5
3
2
3
2
2
3
1
3
3
1
4
2
2
0
3
1
3
2
0
5
3
3
1
3
2
2
3
0
3
2
0
3
2
3
2
2
3
6
3
2
2
2
2
1
1
5
4
5
3
7
4
4
4
2
1
3
4
3
2
1
2
3
1
2
1
2
1
3
2
0
5
0
1
6
4
2
5
2
3
5
5
2
3
3
3
1
4
3
2
2
6
3
1
3
5
2
2
3
2
2
5
3
0
1
2
3
3
2
2
0
1
1
1
1
2
5
4
3
0
2
5
2
0
2
5
4
3
1
1
2
4
4
5
3
1
2
3
1
0
1
2
3
2
5
4
2
3
5
2
4
4
0
3
3
3
0
1
3
3
3
0
1
1
1
2
3
3
2
3
6
3
7
1
1
2
4
5
2
5
3
4
2
3
0
4
1
1
4
2
7
4
4
4
6
3
4
2
4
1
2
2
0
0
2
3
2
2
3
0
5
4
2
3
3
1
0
5
2
2
4
3
5
5
5
2
2
6
3
3
5
4
4
3
4
2
3
6
6
1
5
5
4
6
5
9
1
3
1
4
8
1
3
3
3
4
7
7
4
5
8
5
7
9
9
4
5
9
4
2
6
6
7
6
3
7
2
5
5
3
2
6
3
2
6
5
3
2
2
4
3
4
6
3
2
1
3
3
5
4
2
0
4
5
1
1
4
6
3
2
3
1
0
4
1
1
1
1
2
1
5
1
2
5
2
0
1
3
3
1
4
1
3
3
1
3
3
5
1
4
1
1
1
4
3
1
6
4
3
2
1
6
2
2
2
2
1
4
3
2
5
1
0
0
1
0
1
2
3
5
4
2
1
0
3
1
1
6
0
1
2
2
1
2
1
4
4
3
3
0
1
4
1
1
4
2
6
4
2
2
4
1
5
2
1
4
1
3
3
2
3
0
3
0
2
3
5
4
3
2
2
0
2
2
2
5
3
1
2
4
2
2
2
1
5
1
2
3
1
0
2
1
0
1
3
4
7
2
2
1
1
2
1
4
4
3
2
2
2
4
6
3
0
2
3
2
1
0
4
3
1
2
3
5
2
3
2
0
3
0
2
1
1
0
3
0
3
0
1
2
4
4
0
2
3
3
2
2
3
2
3
5
4
0
2
3
3
2
2
1
2
3
4
3
2
3
2
4
2
1
1
3
1
2
2
4
1
5
4
3
3
1
0
1
2
4
0
0
1
2
1
3
4
1
4
2
2
4
3
3
3
4
3
2
1
3
0
1
4
2
4
3
0
4
2
3
3
5
0
5
3
1
2
3
1
4
5
2
0
1
3
0
0
2
1
2
5
0
2
3
3
1
1
6
1
4
6
4
2
3
0
1
5
0
3
3
4
3
5
2
3
2
2
1
3
5
3
1
1
3
3
3
5
3
2
1
1
4
2
2
6
5
2
2
4
1
4
3
1
4
3
5
4
2
4
3
2
0
2
2
3
0
2
2
4
0
4
0
2
1
2
6
3
0
2
2
2
5
5
1
2
1
5
2
1
1
0
2
1
4
2
1
4
2
6
0
2
3
2
2
1
5
4
3
1
0
2
3
4
2
4
2
1
5
1
1
4
3
6
2
2
4
0
3
1
2
3
3
2
7
2
2
3
1
2
2
4
1
1
1
4
2
1
2
1
2
2
2
2
3
3
3
0
1
3
6
3
1
0
0
6
5
9
5
6
3
2
5
2
3
1
1
5
0
1
1
1
3
2
3
2
5
2
5
6
1
0
1
1
2
4
3
0
3
5
4
1
3
2
1
1
2
2
3
1
1
2
3
5
0
2
4
0
6
9
1
2
1
1
1
2
0
2
3
1
2
2
2
1
2
3
2
0
1
1
3
0
2
2
3
1
4
1
1
1
3
2
0
2
1
1
2
1
1
3
3
2
5
3
5
2
1
1
1
3
2
2
0
2
2
2
2
2
2
4
1
3
1
0
2
1
3
2
1
0
0
4
4
3
2
2
3
0
3
1
2
2
5
4
0
5
3
1
2
0
1
3
3
3
2
3
1
3
1
2
1
2
0
2
2
1
0
1
2
3
4
3
1
2
1
1
3
1
1
0
1
2
3
3
2
4
2
0
3
3
4
4
0
1
2
2
1
2
2
2
2
1
1
4
4
3
3
2
3
2
4
2
0
6
3
4
3
1
4
1
2
3
1
3
2
3
2
1
1
4
2
3
5
1
1
0
2
1
3
3
1
1
2
1
0
1
1
3
6
1
6
3
3
3
4
3
3
2
3
4
3
3
2
1
3
1
0
1
5
1
5
2
2
0
2
2
7
1
3
5
1
4
1
3
3
1
4
2
2
2
2
4
0
2
2
1
0
4
5
4
2
2
3
0
5
2
0
2
1
4
3
4
1
3
2
3
5
4
3
2
2
1
2
2
2
0
6
0
4
4
1
1
2
1
3
2
3
1
2
2
2
1
0
4
1
3
3
2
1
3
4
5
4
1
3
0
2
2
4
3
5
4
4
6
0
1
2
2
3
4
7
2
3
0
4
3
2
5
1
1
3
4
2
3
2
3
5
3
1
1
0
3
1
1
5
3
2
3
2
5
3
0
1
1
0
0
4
3
3
3
3
2
2
1
2
3
3
2
2
4
4
3
2
3
3
2
2
5
1
1
2
0
4
1
1
3
2
1
3
0
3
1
4
6
5
5
3
2
3
3
2
1
1
3
1
3
2
2
5
2
2
1
4
1
5
4
2
4
2
3
3
1
2
3
0
1
4
2
3
2
1
1
4
1
2
5
4
2
0
1
1
2
3
2
2
2
2
1
1
0
2
0
1
1
2
2
1
0
2
2
1
0
2
4
1
2
2
2
1
0
6
0
2
3
0
2
6
2
1
2
2
2
1
2
1
2
1
6
2
3
2
2
3
5
1
2
0
1
3
4
4
4
1
2
1
2
1
6
2
3
2
2
2
3
3
2
1
1
2
3
1
2
1
1
4
6
0
3
1
0
3
4
0
0
1
0
2
3
3
1
2
1
1
5
3
2
4
2
4
2
2
2
2
2
2
3
3
2
2
3
1
1
1
1
5
1
1
2
3
2
0
2
4
3
2
6
1
2
3
0
0
3
3
2
2
3
0
3
1
1
3
4
2
1
0
4
2
0
4
4
3
3
2
1
3
1
1
3
4
5
1
2
2
2
2
1
0
3
3
4
3
0
3
2
3
4
1
3
3
2
3
1
1
0
2
2
4
2
3
1
4
3
4
5
2
2
4
1
2
3
2
2
2
3
4
1
5
2
4
3
1
1
1
1
0
3
0
3
3
6
6
2
6
4
3
2
4
2
4
1
3
3
2
4
7
2
1
6
3
8
2
4
1
3
2
3
3
6
2
3
3
0
4
2
1
1
1
1
3
4
2
2
2
3
2
3
2
2
4
2
0
1
0
2
5
3
1
2
3
3
2
7
1
4
1
2
3
3
1
3
1
1
1
2
4
1
1
4
2
0
1
3
3
3
4
4
3
1
1
2
2
1
2
1
3
2
4
1
0
2
4
2
3
3
2
0
0
3
2
1
1
3
0
3
0
3
3
0
3
0
0
1
0
1
0
1
1
4
0
3
2
1
3
3
1
1
3
5
2
2
2
2
4
0
1
2
0
0
4
2
1
2
1
3
2
2
1
1
3
1
1
1
3
2
3
1
1
4
3
2
1
0
0
1
1
0
2
0
2
2
1
1
4
3
0
2
2
2
1
0
2
0
3
1
2
2
2
1
0
1
3
0
1
2
1
1
1
3
2
0
2
3
0
3
1
2
2
2
1
2
3
1
2
2
2
5
5
3
3
3
2
1
1
1
3
2
2
5
3
1
1
1
2
1
5
2
1
0
4
0
0
2
2
0
2
0
3
0
0
1
3
1
0
4
3
1
0
2
3
2
2
3
3
2
2
1
2
1
2
5
2
1
3
3
4
2
1
1
1
2
1
1
1
0
1
0
1
1
2
3
2
2
1
3
0
0
2
3
0
0
2
4
1
0
1
1
2
1
2
2
1
3
0
1
0
3
0
0
0
1
1
1
4
0
1
1
3
1
0
4
2
2
1
3
2
0
4
4
2
5
3
3
2
1
1
1
1
5
3
2
2
0
0
1
2
1
1
0
1
0
3
0
2
0
1
2
3
0
0
2
1
0
0
1
2
3
1
4
3
1
1
1
1
5
2
2
1
0
2
1
2
0
2
0
1
3
0
3
1
1
0
1
4
1
2
0
2
4
1
5
2
1
3
3
0
4
0
1
1
1
1
0
0
2
2
0
1
1
3
2
0
2
1
0
0
1
3
0
1
1
1
1
3
2
3
6
2
1
0
1
1
0
2
2
2
0
4
2
1
0
1
2
4
3
0
0
1
0
1
1
3
0
5
3
2
2
2
2
1
2
2
0
3
0
0
2
3
2
1
0
1
1
2
2
3
0
3
0
2
2
1
0
0
0
1
1
0
1
0
2
1
0
2
1
1
2
0
0
2
1
3
1
2
2
1
2
2
2
1
3
1
2
2
3
3
2
2
1
2
1
0
0
1
2
2
3
1
1
3
1
0
1
1
3
0
0
0
1
2
3
2
0
0
1
1
1
0
1
3
4
2
2
0
1
0
1
1
3
3
0
3
2
2
1
1
1
2
1
0
0
4
0
1
0
1
0
2
0
2
0
0
1
0
0
3
1
1
1
2
3
0
1
1
1
1
0
0
1
3
0
2
0
0
4
1
1
0
0
4
1
1
1
2
3
0
1
1
2
2
1
2
2
4
3
0
2
4
0
0
1
0
1
0
5
0
1
1
1
1
1
0
1
0
1
5
3
1
2
3
0
3
4
1
2
2
2
1
1
3
0
0
2
1
0
3
1
1
1
4
1
0
2
2
2
1
1
4
1
4
0
1
0
2
0
4
1
1
1
2
0
1
0
2
2
2
2
0
0
0
1
1
2
1
2
1
1
1
2
0
1
0
0
1
3
1
2
1
0
0
2
4
4
1
0
0
3
1
0
1
1
1
2
3
1
0
1
0
0
1
0
1
1
2
2
1
0
0
1
2
0
2
1
0
1
3
1
2
0
3
2
1
4
0
2
1
1
3
2
2
0
2
0
0
0
0
0
0
0
0
1
1
2
0
0
2
1
0
2
4
3
3
0
0
1
1
0
1
0
0
0
1
0
1
1
0
4
2
1
2
1
1
0
0
1
0
0
2
1
1
2
1
1
1
0
1
0
1
0
1
0
0
1
1
1
1
2
0
2
1
0
1
0
2
0
0
0
0
1
2
0
2
1
0
0
1
0
1
2
2
1
0
0
1
1
1
1
2
1
1
0
2
0
1
1
2
0
0
1
1
2
1
2
0
2
0
0
1
3
3
2
0
0
3
3
3
4
2
1
1
0
0
2
1
1
2
1
1
2
0
0
1
1
0
2
1
2
1
0
1
1
1
1
0
3
1
0
1
1
1
3
2
1
2
0
2
0
1
2
0
0
2
3
1
0
0
0
0
1
0
1
1
2
2
1
1
3
0
2
0
0
1
0
2
4
1
1
1
0
0
1
1
0
0
0
1
0
0
0
1
0
3
1
0
1
1
2
1
0
1
1
2
2
2
1
0
2
0
3
3
0
2
0
0
0
1
1
2
2
1
1
2
0
2
3
4
2
0
2
1
3
0
0
1
0
1
0
0
0
0
0
2
1
1
2
2
0
1
1
1
0
2
2
2
1
1
1
0
0
0
1
0
0
0
0
1
0
1
0
1
1
1
1
1
2
0
3
1
1
2
1
3
1
1
1
1
0
3
1
0
1
1
0
2
1
0
0
0
0
3
1
1
1
3
1
0
0
0
2
0
2
1
1
2
1
2
0
1
1
2
2
1
3
0
1
0
1
1
1
1
1
2
2
1
1
0
1
0
3
0
0
0
3
1
1
2
2
1
0
0
0
2
1
0
1
0
0
1
1
0
0
2
1
0
0
0
0
0
1
1
0
3
0
1
1
0
1
1
2
1
2
1
1
2
1
0
0
1
3
0
1
1
1
3
1
0
3
2
0
0
0
1
0
1
1
0
2
2
1
0
0
1
1
0
0
0
0
3
3
0
0
0
3
2
3
2
1
0
1
2
1
2
1
1
0
0
0
2
1
0
1
0
0
0
0
0
0
0
0
0
2
1
1
1
0
0
1
0
2
1
1
0
2
2
0
1
1
0
0
0
1
0
0
1
1
1
0
0
1
1
1
0
0
0
1
0
0
0
2
1
1
0
0
1
1
2
0
4
0
0
1
0
0
1
0
0
0
1
0
0
0
2
0
0
1
0
5
0
1
0
1
3
0
1
1
1
1
1
0
2
2
0
1
0
0
1
0
1
2
1
1
0
3
0
2
0
0
3
0
0
1
2
2
0
3
3
2
0
1
1
0
0
0
0
1
0
3
1
1
2
1
1
1
2
0
1
1
1
1
0
1
0
1
4
0
0
0
1
1
1
1
1
0
1
1
0
2
1
1
0
1
0
2
0
1
2
1
0
0
1
0
1
2
0
1
2
1
0
1
2
1
1
1
1
0
1
3
1
0
0
1
3
0
0
2
1
1
2
0
1
1
1
1
3
0
0
1
1
0
0
5
3
0
3
2
0
1
1
2
2
1
3
2
2
0
2
0
1
1
0
2
0
1
0
4
1
0
2
0
3
1
2
0
0
2
1
2
2
4
1
0
0
0
0
1
1
0
0
2
1
4
1
0
0
3
3
1
0
1
2
0
0
0
1
1
0
2
1
4
2
1
1
0
1
1
0
0
2
0
0
2
0
0
3
2
2
0
1
0
0
0
1
1
0
1
1
0
1
0
0
0
1
1
3
1
1
1
4
1
0
0
2
0
1
2
2
3
0
0
0
2
1
2
0
0
1
0
1
2
1
2
1
1
1
0
0
2
1
2
1
2
0
1
0
0
2
0
0
1
0
1
0
1
4
0
0
0
1
1
0
0
0
1
0
1
1
0
0
1
1
1
2
0
1
2
1
0
0
0
2
0
0
1
0
0
1
2
2
2
2
0
1
2
0
1
1
0
1
1
0
1
0
2
1
1
2
2
2
1
0
1
0
1
0
0
1
1
1
0
0
0
1
1
0
2
2
1
0
0
2
0
0
0
0
1
2
0
1
0
0
3
1
0
1
0
0
0
1
1
1
1
0
0
0
0
0
0
3
1
1
1
1
1
1
1
0
1
2
3
1
1
3
1
2
2
1
1
1
2
1
0
0
2
1
1
0
0
2
2
0
2
0
1
1
1
2
3
1
1
0
0
2
2
0
1
1
1
2
2
1
0
1
1
0
0
1
0
0
0
1
2
1
1
0
1
1
1
1
1
1
0
1
0
0
1
2
2
2
1
1
4
2
1
0
0
3
1
0
1
0
1
2
3
0
0
2
0
1
0
3
0
0
0
1
2
3
1
0
1
0
1
1
1
3
2
0
1
1
0
0
0
0
3
1
1
2
0
1
1
0
1
0
1
0
0
1
0
1
0
0
1
2
0
0
1
0
1
0
0
0
0
1
2
2
0
0
0
0
0
0
3
0
0
0
1
2
0
2
0
3
0
3
1
0
0
0
0
0
1
0
0
0
2
0
1
0
0
0
2
0
0
1
1
0
0
0
0
0
0
0
0
1
0
1
0
2
0
1
0
0
0
0
2
0
0
0
1
0
1
0
0
0
0
0
0
0
2
1
0
0
3
0
0
1
2
0
0
0
0
2
1
1
1
0
1
3
1
1
0
0
2
1
0
0
1
3
0
0
2
1
0
0
0
0
0
1
0
1
0
1
1
0
2
0
0
4
0
1
1
1
0
0
0
0
0
0
1
0
0
0
1
0
0
0
1
0
3
1
0
0
0
0
0
0
0
1
0
0
1
3
1
1
0
2
2
0
1
2
0
0
0
0
0
0
1
0
1
1
2
0
0
1
0
0
0
1
1
0
1
1
1
0
1
2
1
0
1
0
0
0
0
1
1
0
0
0
0
0
2
0
0
0
1
1
1
2
1
1
0
0
1
3
0
1
1
0
0
0
1
1
0
2
1
0
1
1
3
0
0
0
0
0
0
0
1
3
0
0
1
0
2
0
0
1
0
0
1
1
1
2
1
1
1
2
0
2
0
0
0
1
2
1
0
1
1
0
0
0
1
1
1
2
0
0
1
0
1
0
1
0
1
0
2
0
2
0
0
0
0
0
1
2
1
0
2
1
1
0
2
1
2
2
0
1
1
1
0
0
0
0
1
2
0
1
2
0
0
0
1
0
0
0
0
1
0
3
0
0
0
0
0
0
0
1
2
1
0
1
0
0
0
1
5
2
3
1
2
1
3
5
0
0
1
1
0
1
2
0
0
1
2
2
2
1
2
0
2
2
2
1
2
2
2
0
2
0
2
4
2
4
4
0
4
4
2
2
3
6
1
6
0
3
0
2
1
3
3
1
3
2
3
5
5
3
6
4
3
6
5
9
10
6
7
8
12
6
5
6
6
7
5
4
10
5
7
12
9
17
11
13
10
21
10
6
8
7
12
9
7
10
5
9
15
11
14
12
9
6
5
13
2
5
10
12
4
12
7
13
11
8
10
6
13
7
5
14
8
3
6
5
9
9
6
7
5
9
7
5
7
4
5
3
5
2
4
8
5
5
2
4
2
5
6
4
5
4
4
8
4
3
1
2
5
1
2
1
4
6
4
2
1
0
3
1
4
1
3
1
1
2
4
0
0
2
3
3
1
1
1
2
1
2
1
1
0
3
1
2
0
0
0
1
0
1
1
1
3
0
0
0
2
0
1
1
0
1
1
4
0
0
0
0
0
0
0
0
2
0
0
2
0
1
0
0
0
3
0
1
1
0
1
0
0
0
1
2
0
1
0
0
0
1
2
1
0
0
1
0
2
1
1
0
1
0
1
0
1
0
1
0
0
0
0
1
0
0
1
1
1
0
0
1
0
1
2
1
0
0
1
0
0
0
0
1
0
0
0
1
0
1
0
0
2
0
2
0
0
2
1
0
0
0
0
0
0
0
0
0
2
1
1
0
0
0
0
2
3
1
1
2
0
0
0
0
1
0
1
0
0
0
0
1
0
0
0
0
1
0
1
0
1
0
0
0
0
0
0
2
1
0
1
1
1
1
0
1
0
0
0
0
0
0
2
1
1
0
2
0
0
0
0
1
0
0
0
3
1
1
1
0
0
1
3
1
0
0
0
0
0
0
0
0
0
2
0
0
1
1
1
0
0
0
0
0
0
0
1
0
1
1
1
0
0
0
0
1
0
1
0
0
0
0
0
0
0
1
1
1
0
0
0
0
0
0
0
0
0
0
0
1
0
0
0
0
1
3
0
0
0
0
0
1
1
2
0
1
0
0
0
0
0
0
0
1
0
1
0
0
0
0
0
0
0
3
1
1
0
1
2
1
1
1
1
0
0
0
0
1
1
0
0
0
0
0
0
0
0
1
1
2
0
0
0
0
0
0
0
0
1
0
0
0
1
1
0
0
0
0
0
0
0
0
1
1
0
1
0
0
0
1
0
1
0
0
1
1
1
0
1
0
1
0
1
2
3
3
2
1
0
1
0
0
0
0
0
0
0
0
0
2
0
0
0
0
2
0
0
0
0
0
1
1
0
0
1
0
0
1
0
0
0
0
1
3
0
0
0
1
3
2
0
1
0
2
0
0
1
0
0
0
2
1
0
0
1
1
1
1
0
1
0
0
0
1
1
0
0
1
1
0
1
0
0
0
1
0
0
1
0
0
1
0
0
0
1
2
0
2
0
1
0
0
0
0
0
0
0
1
0
0
0
1
1
0
0
1
0
0
0
0
1
1
1
0
1
1
0
0
0
0
0
0
0
1
0
0
1
1
1
2
1
0
0
1
0
1
0
1
1
0
1
1
0
0
0
1
0
0
2
0
0
0
0
0
0
0
2
0
1
1
1
0
2
0
0
0
0
0
0
0
0
0
0
0
0
0
0
0
1
1
0
1
0
1
0
1
1
0
1
1
0
0
2
0
0
0
0
0
0
0
0
1
1
0
0
0
1
0
0
1
1
1
0
0
1
0
0
1
0
0
1
0
1
0
0
0
0
0
1
0
0
0
0
0
0
0
0
0
0
1
0
0
1
1
0
0
0
0
1
1
0
1
0
0
0
0
0
0
0
0
0
0
0
1
0
0
0
0
1
1
1
1
2
1
0
1
0
0
1
1
0
1
0
2
0
0
1
1
1
0
0
3
2
0
2
0
1
0
1
0
0
0
1
0
0
0
0
0
0
0
0
0
0
0
2
0
1
0
0
0
0
1
1
1
0
3
0
0
0
0
0
0
1
1
1
1
0
1
1
0
0
0
1
0
0
0
0
1
0
0
1
1
0
2
0
0
0
0
0
0
1
0
0
0
0
2
0
0
1
0
0
0
0
1
1
0
1
0
0
0
0
2
0
1
1
1
0
1
0
0
0
2
0
0
1
0
0
0
0
1
0
1
0
2
1
2
0
0
0
1
0
0
1
0
0
0
0
0
1
0
0
0
0
0
0
0
0
0
1
0
0
0
0
1
1
1
1
0
1
0
0
1
1
0
0
0
0
0
0
0
0
0
0
1
1
0
1
1
1
0
0
0
0
0
1
0
1
0
1
0
2
0
0
2
1
0
0
1
3
0
0
0
1
0
1
0
0
0
0
1
0
0
0
1
0
1
0
0
0
0
0
0
0
0
0
0
0
0
0
0
0
0
0
0
0
0
0
0
0
0
0
0
0
0
0
0
0
0
0
0
0
0
0
0
0
0
0
0
0
0
0
0
0
0
0
0
0
0
0
0
0
0
0
0
0
0
0
0
0
0
0
0
0
0
0
0
0
0
0
0
0
0
0
0
0
0
0
0
0
0
0
0
0
0
0
0
0
0
0
0
0
0
0
0
0
0
0
0
0
0
0
0
0
0
0
0
0
0
0
0
0
0
0
0
0
0
0
0
0
0
0
0
0
0
0
0
0
0
0
0
0
0
0
0
0
0
0
0
0
0
0
0
0
0
0
0
0
0
0
0
0
0
0
0
0
0
0
0
0
0
0
0
0
0
0
0
0
0
0
0
0
0
0
0
0
0
0
0
0
0
0
0
0
0
0
0
0
0
0
0
0
0
0
0
0
0
0
0
0
0
0
0
0
0
0
0
0
0
0
0
0
0
0
0
0
0
0
0
0
0
0
0
0
0
0
0
0
0
0
0
0
0
0
0
0
0
0
0
0
0
0
0
0
0
0
0
0
0
0
0
0
0
0
0
0
0
0
$ROI:
0
0
$PRESETS:
Live Time
0
0
