$SPEC_ID:

$SPEC_REM:
DET# 1
DETDESC# MCB 25
AP# ORCA (11.0h)
$DATE_MEA:
2017-08-12 17:53:05 +0000
$MEAS_TIM:
3224.28 4320.00
$DATA:
0 16383
0
0
0
0
0
0
0
0
0
0
0
0
0
0
0
0
0
0
0
0
0
0
0
0
0
0
0
0
0
0
0
0
0
0
0
0
0
0
0
0
0
0
0
0
0
0
0
0
0
0
0
0
0
0
0
0
0
0
0
0
0
0
0
0
0
0
0
0
0
0
0
0
0
0
0
0
0
0
0
0
0
0
0
0
0
0
0
0
0
0
0
0
0
0
0
0
0
0
0
0
0
0
0
0
0
0
0
0
0
0
13
39
1546
10511
19486
18816
17096
16217
15693
15400
15880
15646
16079
16433
16351
16632
16815
17070
17257
17299
17654
17347
17782
17748
17755
17716
17678
17574
17409
17521
17639
17503
17479
17201
17461
17185
17116
17206
17019
16981
16907
16868
17007
16666
16966
16858
16436
16358
16541
16355
16538
16562
16531
16499
16374
16301
16465
16173
16411
16365
16405
16118
16010
15852
15842
15754
15871
15737
15937
15661
15872
15987
15704
15767
15497
15734
15694
15656
15696
15346
15533
15585
15289
15520
15250
15209
15189
15224
15299
15213
15434
15174
15183
15360
15065
15145
15194
14955
15255
14645
15073
14919
14910
14766
14723
14932
14893
14682
15133
14531
14605
14724
14736
14660
14472
14289
14480
14493
14448
14472
14249
14450
14507
14301
14466
14335
14298
14335
14378
14442
14277
14119
14208
14163
14182
14230
13973
14111
14239
14082
14023
13881
13718
14338
13885
13868
13789
13914
14134
14078
14057
14029
14087
13663
13798
13820
13835
13887
13721
13697
13730
13635
13769
13525
13619
13862
13868
13720
13489
13353
13821
13512
13561
13656
13462
13410
13553
13443
13261
13514
13506
13293
13355
13328
13552
13263
13522
13398
13096
13483
12905
13312
13155
13363
13421
13120
13448
13149
13105
13081
13254
13143
13149
13397
13214
13187
13133
13239
12931
13027
13112
13055
13052
13016
12974
13077
13155
12896
13069
12902
12965
12958
12652
13033
12703
12907
12890
12987
13006
12782
12791
12687
12808
12808
12774
12805
12801
12844
12722
12805
12787
12685
12569
12533
12611
12564
12737
12564
12687
12554
12669
12673
12469
12580
12442
12665
12670
12821
12536
12581
12554
12563
12446
12561
12444
12242
12284
12271
12372
12507
12279
12302
12238
12143
12432
12284
12539
12440
12351
12448
12219
12396
12193
12203
12041
12379
12367
12402
12206
12160
12223
12093
11908
12355
12103
12251
12381
12160
12205
12151
12077
12092
12240
12133
11935
12051
12225
12170
12182
12311
12068
12109
12029
12097
12055
12020
12039
11927
11862
11979
12056
12020
11875
12065
12031
12066
11980
11929
11827
12014
12118
11831
12012
12076
11718
11979
11594
11809
11826
11816
11801
11951
11644
11818
11827
11749
11683
11750
11760
11745
11794
11708
11690
11806
11765
11486
11679
11638
11653
11784
11635
11497
11580
11763
11600
11650
11737
11532
11387
11576
11456
11658
11631
11534
11562
11488
11478
11640
11706
11517
11646
11542
11580
11611
11371
11386
11694
11509
11459
11505
11351
11530
11293
11459
11273
11547
11498
11415
11466
11345
11621
11268
11468
11455
11015
11558
11286
11421
11310
11371
11299
11247
11402
11323
11410
11331
11357
11397
11146
11102
11310
11152
11080
11353
11362
11407
11098
11238
11283
11071
11104
11113
11266
11317
11295
11123
11067
11028
10977
11291
11087
11093
11325
10879
11217
11025
10989
11109
10898
11052
11072
11253
11045
10945
11156
10977
10993
10994
11103
10902
10988
11065
10884
10957
11105
10918
10728
11055
10901
10944
10904
10971
10969
10931
10832
10734
10863
10668
10844
10814
10973
10692
11042
10790
10783
10770
10910
10784
10751
10909
10890
10691
10678
10919
10809
10585
10900
10766
10716
10761
10652
10728
10735
10883
10731
10689
10604
10535
10738
10740
10720
10516
10828
10608
10786
10681
10692
10597
10629
10562
10640
10739
10313
10619
10512
10723
10657
10610
10579
10581
10471
10406
10587
10682
10643
10476
10757
10419
10682
10642
10604
10574
10528
10538
10404
10487
10543
10404
10340
10332
10507
10391
10517
10511
10425
10319
10476
10409
10535
10525
10379
10448
10333
10426
10345
10414
10473
10522
10363
10282
10388
10384
10385
10412
10418
10287
10307
10207
10335
10478
10474
10256
10378
10349
10236
10394
10397
10406
10372
10566
10272
10381
10487
10294
10437
10179
10357
10134
10139
10472
10109
10269
10197
10462
10114
10223
10321
10342
10173
10253
10219
10310
10400
10380
10275
10202
10282
10387
10335
10347
10125
10344
10360
10055
10201
10360
10252
10428
10344
10132
10045
10080
10041
10299
10264
10249
10195
10186
10204
10183
10190
10431
10404
10306
10100
10451
10214
10367
10278
10050
10270
10192
10338
10245
10140
10170
10355
10212
10264
10307
10203
10332
10598
10500
10203
10389
10271
10621
10400
10499
10475
10491
10678
10502
10528
10815
10733
10710
10894
10883
11011
10928
11119
11257
11133
11339
11247
11515
11512
11810
11930
12019
12094
12220
12244
12322
12543
12694
12787
13072
13266
13401
13113
13419
13644
13605
13766
14073
14164
14047
14227
14313
14569
14553
14495
14872
14767
14994
14925
15141
15002
15116
15248
15520
15526
15673
15583
15623
15775
15930
16414
16302
16357
16630
16613
17051
16916
17227
17134
17308
17638
17563
17627
17870
17576
17642
17354
17108
16877
17117
16846
16729
16342
16283
16089
15750
15656
15381
15233
15257
14798
14850
14561
14371
14022
13711
13518
13478
13071
12920
12730
12428
12167
12021
11856
11814
11421
11385
11084
11100
10920
10898
10737
10655
10432
10473
10406
10192
10225
10115
10034
10103
10060
9912
10010
10061
9940
9938
9896
9808
9904
9958
9857
9795
9876
9909
9812
9890
9883
9830
9811
9744
9741
9826
9852
9853
9848
9846
9960
9828
9933
9914
9752
9856
9901
10009
9749
9865
9897
9903
9863
9913
10025
9935
9877
10009
9996
9837
9861
10058
9774
10001
9948
9901
10119
10153
9933
9986
9935
10140
9929
9981
10226
10045
10081
10048
10137
10125
10260
10000
10075
10022
10140
10089
10096
10018
10102
10317
10160
10029
10263
10125
10337
10259
10192
10320
10201
10397
10244
10395
10323
10168
10242
10416
10451
10329
10368
10241
10359
10412
10361
10216
10421
10401
10361
10588
10509
10344
10459
10562
10323
10464
10741
10415
10284
10473
10710
10456
10754
10646
10506
10687
10633
10625
10738
10621
10706
10682
10633
10596
10635
10650
10739
10534
10751
10596
10784
10588
10831
10558
10648
10953
10702
10659
10689
10733
10649
11036
11018
10669
10824
10865
10930
10938
11023
11191
10990
10902
10962
10746
10707
11041
10829
10842
11103
11132
11055
11194
11173
10947
11119
11213
11014
11116
11152
11231
11312
11164
11307
11204
11320
11304
11148
11193
11214
11378
11187
11239
11120
11172
11144
11198
11465
11303
11386
11174
11286
11609
11512
11346
11198
11500
11274
11389
11432
11443
11439
11523
11569
11402
11399
11431
11462
11640
11622
11459
11441
11711
11644
11460
11642
11536
11732
11633
11617
11553
11602
11629
11790
11506
11781
11545
11764
11863
11619
11549
11662
11629
11584
11582
11733
11685
11617
11764
11835
11713
11732
11631
11875
11872
11877
11669
11912
11908
11881
11802
11682
11931
11921
11842
11625
11958
11965
11978
12017
11938
11955
12092
12094
11987
11903
12041
12059
12088
11928
11841
12007
12085
12111
12073
12065
12024
12145
12380
12265
12024
12287
12097
12074
11979
12053
11988
12131
11975
12202
12132
12071
12142
12232
12325
12119
12121
12226
12337
12177
12215
12233
12118
12309
12067
12342
12320
12236
12420
12240
12428
12453
12366
12376
12455
12442
12501
12593
12443
12568
12543
12345
12632
12414
12457
12764
12439
12624
12501
12585
12470
12426
12580
12595
12495
12501
12653
12548
12514
12538
12924
12780
12507
12653
12564
12572
12563
12836
12631
12725
12469
12723
12643
12778
12695
12748
12684
12881
12733
12898
12936
12793
12809
12769
12661
12791
12875
12767
12755
12898
12833
12833
12798
12893
13018
12815
13062
12808
12967
12847
13007
12869
13246
12964
13058
12935
12941
12975
12981
12851
13023
13106
12929
12933
13011
13196
12936
13033
13069
13403
13201
12995
12958
13068
13162
13091
13038
13078
13120
12903
13247
13287
13183
13203
13090
13272
13167
13116
13293
13363
13099
13110
13493
13494
13325
13436
13529
13574
13354
13410
13485
13481
13453
13519
13491
13469
13263
13326
13617
13655
13626
13546
13463
13725
13596
13706
13589
13430
13555
13622
13599
13761
13592
13788
13751
13720
13740
13675
13388
13888
13549
14009
13800
13782
14028
13900
13882
13743
14012
13877
13730
13875
14075
13979
13776
13952
14001
13899
13904
13787
13987
13908
14149
14171
14364
14187
14091
14153
13945
14111
14056
14105
14107
13852
14230
14260
14138
14133
14019
14417
14141
14339
14405
14430
14430
14336
14294
14596
14256
14485
14430
14434
14461
14487
14427
14489
14701
14508
14569
14580
14426
14508
14668
14609
14561
14673
14739
14373
14724
14778
14893
14803
15058
14675
14664
15004
14982
15027
14768
14837
14943
15145
14922
15117
15132
15061
15330
14857
14981
14961
15173
14865
15098
15065
15141
15186
15255
15204
15326
15055
15292
15282
15204
15149
15259
15412
15140
15259
15372
15255
15541
15353
15541
15170
15428
15305
15268
15335
15670
15156
15554
15385
15424
15364
15532
15344
15375
15494
15504
15446
15607
15222
15579
15530
15590
15615
15610
15562
15708
15475
15741
15483
15804
15606
15747
15543
15866
15921
15606
15899
15890
15846
15664
15924
15701
16094
15991
15885
15903
15812
15881
15870
15974
15920
15760
16103
16135
15908
16223
16055
16130
16151
15908
16274
16080
16130
16197
16342
16334
16051
16474
16427
16576
16302
16237
16491
16582
16816
16542
16799
16554
16659
16788
16734
16734
16707
16672
16883
16936
17071
17035
16948
16992
16986
16871
17116
16839
17025
17126
17075
16866
17223
16950
17057
17442
17213
17152
17198
17406
17502
17451
17068
17134
17298
17202
17160
17219
17372
17172
17260
17223
17283
17497
17184
17289
17402
17346
17320
17289
17357
17223
17307
17352
17305
17455
17267
17609
17406
17637
17410
17366
17608
17620
17398
17422
17537
17762
17524
17522
17615
17532
17650
17699
17624
17769
17464
17665
17738
17727
17725
17774
17708
17838
17729
17719
17722
17880
17985
17805
17776
17936
18081
17799
17865
18152
17937
17936
17887
17948
18059
18044
17939
17966
18033
18058
18098
18073
18212
18163
18127
17960
18230
18118
18327
18452
18513
18398
18381
18153
18463
18326
18346
18617
18691
18200
18252
18351
18278
18207
18285
18236
18073
18016
18266
18055
17927
18007
17793
17811
17818
17772
17783
17426
17717
17633
17744
17231
17370
17268
17397
17225
16869
17059
17055
16965
16947
16789
16941
16677
16670
16809
16839
16720
16225
16193
16326
16282
16452
16298
16207
16430
16163
16271
16218
16336
16241
16062
15942
16119
16083
16105
16011
16188
16216
16083
16122
15800
15927
15939
15881
15861
15925
15845
16087
15852
15744
15818
15974
15715
15672
15734
15929
15729
15688
15483
15723
15829
15839
15609
15802
15666
15487
15457
15353
15430
15613
15616
15635
15614
15600
15678
15498
15644
15554
15543
15618
15449
15546
15319
15499
15522
15264
15497
15536
15290
15555
15387
15469
15592
15173
15166
15493
15465
15406
15176
15227
15384
15438
15071
15165
15031
15335
15266
15232
15249
15233
15128
15147
15314
15048
15279
15057
15244
15146
15215
15211
15170
15203
14963
15233
15202
15131
15077
15058
15134
14971
15086
15052
15073
15119
14981
15093
15056
15055
15179
15266
14874
15159
15148
15128
15191
14939
14941
14987
15116
15111
14922
14911
14917
14991
15007
14828
15007
14943
14816
14918
14742
14755
15032
14982
14799
14786
15011
14833
14926
14832
14845
14800
14685
14975
14822
14961
15025
14931
14752
14702
14838
14828
14701
15031
14875
14668
14808
14849
14941
14827
14696
14733
14904
14880
14747
14753
14582
14737
14664
15048
14851
14610
14852
14881
14809
14795
14579
14644
14544
15084
14713
14723
14807
14677
14900
14742
14560
14852
14519
14524
14582
14718
14577
14733
14800
14731
14657
14484
14776
14887
14475
14471
14659
14311
14631
14603
14465
14521
14657
14625
14589
14721
14507
14624
14507
14648
14835
14554
14640
14508
14593
14239
14728
14530
14371
14583
14371
14496
14545
14393
14371
14573
14402
14592
14651
14528
14430
14683
14468
14545
14553
14446
14601
14434
14665
14551
14678
14522
14300
14339
14428
14575
14387
14257
14183
14675
14478
14559
14514
14678
14404
14569
14764
14504
14420
14407
14374
14555
14619
14476
14385
14485
14407
14361
14384
14491
14297
14477
14628
14243
14565
14149
14355
14343
14550
14171
14316
14498
14379
14446
14501
14411
14281
14281
14296
14483
14339
14309
14419
14492
14335
14413
14314
14337
14162
14218
14534
14425
14375
14311
14418
14587
14344
14067
14221
14517
14441
14390
14390
14344
14267
14171
14223
14213
14408
14355
14335
14331
14253
14049
14134
14313
14248
14297
14256
14353
14156
14314
14230
14181
14189
14250
14346
14183
14128
13882
14201
14324
14093
14154
14048
14143
14246
14176
13913
14287
14289
14153
14203
14034
14185
14243
14033
14126
13960
13912
13903
13994
13997
14028
13910
14082
14129
14221
14070
14046
14024
14001
13774
13924
13852
13792
13982
13914
13874
14028
13870
13885
13980
13774
13664
13730
13735
13708
13570
13773
13556
13608
13738
13605
13742
13424
13436
13513
13290
13470
13376
13462
13436
13237
13255
13286
13180
13180
13145
13151
13125
13074
12970
13050
13205
12973
12904
12918
12801
12902
12832
12797
12690
12667
12755
12794
12614
12551
12561
12350
12500
12305
12484
12464
12274
12438
12569
12312
12274
12019
12202
12059
12022
11914
11885
12155
11858
12027
11916
11954
11845
11665
11752
11899
11725
11726
11577
11695
11727
11639
11561
11469
11371
11474
11524
11468
11365
11311
11127
11288
11265
11428
11493
11267
11365
11135
11221
11215
11188
11214
11110
11109
11009
10752
11336
11051
11109
11132
11100
10903
11172
10952
11066
11016
11016
10969
10736
10936
10718
11056
10733
10704
10955
11129
10728
10830
10555
10763
10751
10838
10863
10803
10710
10498
10496
10732
10712
10625
10646
10650
10481
10484
10623
10392
10447
10545
10505
10504
10491
10445
10423
10698
10598
10398
10553
10468
10515
10544
10580
10431
10701
10525
10707
10629
10661
10476
10358
10562
10616
10446
10667
10724
10471
10642
10718
10717
10703
10648
10724
10783
10635
10538
10787
10736
10822
10827
10827
10711
10800
10468
10799
10895
10828
10735
10937
10820
10975
10874
10879
10853
10847
10849
10839
11012
10908
10957
10882
10866
11050
11029
11198
11309
11150
10963
11107
11014
10905
10996
11015
10940
10924
10917
10989
10758
10949
10743
10760
10642
10552
10604
10667
10486
10608
10538
10362
10408
10289
10183
10292
10101
9917
9914
9896
9921
9958
9949
9762
9709
9780
9872
9600
9643
9773
9804
9462
9425
9624
9508
9292
9380
9415
9500
9468
9591
9359
9501
9493
9202
9212
9266
9420
9419
9416
9233
9342
9136
9243
9325
9356
9203
9145
9106
9256
9275
9254
9211
9047
9143
9077
9034
9093
9111
9084
9288
9033
9126
9066
8933
9046
8969
8911
8963
8857
8865
9050
9105
8977
8888
8704
8854
8846
8699
8827
8774
8754
8703
8724
8835
8829
8726
8766
8856
8845
8679
8671
8581
8742
8690
8698
8709
8678
8696
8717
8596
8642
8715
8715
8577
8696
8703
8581
8572
8490
8570
8552
8635
8709
8556
8655
8527
8599
8571
8414
8530
8417
8439
8415
8500
8367
8331
8455
8461
8556
8437
8525
8390
8456
8384
8514
8443
8375
8290
8407
8397
8374
8477
8316
8359
8261
8412
8351
8307
8210
8316
8362
8246
8260
8084
8146
8062
8433
8351
8314
8287
8162
8337
8292
8312
8291
8202
8306
8036
8284
8082
8101
8076
8111
8221
8034
7999
8061
8125
8111
8108
8304
8179
8002
8126
8175
8224
7994
8244
8028
8055
8037
8032
7955
8213
8137
7877
7947
7899
8012
7994
7982
7987
7950
7924
7870
8026
7715
7844
7907
8005
7977
7825
7898
7862
8189
7929
7999
7798
7783
7955
7845
7831
8001
7741
7668
7761
7860
7791
7686
7905
7871
7753
7736
7779
7947
7787
7618
7793
7829
7792
7765
7760
7807
7801
7689
7672
7611
7739
7841
7617
7843
7762
7824
7695
7665
7818
7731
7631
7576
7494
7703
7546
7665
7707
7658
7679
7653
7597
7600
7520
7576
7602
7514
7479
7585
7567
7499
7522
7603
7453
7526
7451
7452
7609
7597
7534
7403
7533
7570
7554
7601
7544
7380
7502
7437
7376
7476
7426
7427
7533
7553
7396
7593
7567
7549
7380
7332
7453
7401
7465
7264
7319
7246
7297
7546
7544
7419
7384
7349
7439
7370
7301
7415
7494
7303
7435
7227
7265
7142
7308
7369
7209
7267
7258
7356
7204
7321
7461
7436
7216
7314
7397
7212
7306
7215
7149
7230
7217
7253
7238
7266
7276
7201
7233
7135
7180
7352
7092
7304
7168
7122
7316
7108
7160
7164
7188
7214
7181
7082
7269
7177
7246
7041
7264
7111
7150
7101
7022
6973
7221
7020
7237
6984
7189
7129
7139
7090
7006
7018
6949
6989
6983
7193
7142
7125
7008
7039
6905
7104
6996
6913
7043
7026
6928
6923
6888
6993
7082
6917
6923
6973
7028
6976
6981
7018
7043
7037
6988
6991
6792
7064
7002
6926
7029
6988
7088
6918
7045
6916
6999
6986
6834
6984
6967
7059
6913
6911
6789
6638
7032
7046
6854
6897
6960
6991
6843
6885
6971
6982
6916
6917
7011
6986
6979
7002
7041
7015
7024
6957
7101
6969
7204
7134
7263
7231
7327
7478
7663
7582
7735
7864
8123
8192
8272
8484
8678
8479
8862
8979
9541
9329
9706
9916
10159
10471
10704
10834
11067
11431
11610
11827
12338
12673
12815
13239
13593
13903
13817
14085
14377
14712
15102
15185
15508
15777
15846
16158
16491
16986
17107
17275
17660
17832
17786
18136
18453
18692
18892
19335
19387
19674
20119
20478
20673
20705
21378
21650
21788
22375
22674
22854
22659
23059
22808
22914
23096
22782
22490
22418
22383
22087
21477
21014
20413
19910
19398
19132
18688
18095
17625
17013
16853
16138
15625
14976
14377
13792
13357
13054
12475
12176
11440
11072
10700
10240
9949
9595
9462
8960
8870
8275
8360
8076
7701
7704
7518
7431
7177
7001
7074
6986
6756
6718
6644
6501
6515
6497
6382
6262
6397
6233
6100
6180
6133
6265
6248
6084
5998
6143
6095
5985
6063
6135
6131
6088
6111
6080
6029
5982
6101
6161
6053
6068
5992
6071
6085
5941
6092
6037
6032
6074
5979
5996
5931
6084
6096
5989
5977
5898
6027
5980
5994
6056
6023
5968
6000
6011
6028
5853
6011
5881
6034
5947
6003
6062
5925
5982
5901
6003
5924
6044
5951
6112
5805
6002
5930
5854
5880
5991
5804
6014
5925
6085
6032
5955
6082
5973
5929
5950
6002
5871
5915
5829
5951
5940
5899
5978
6067
5953
5944
6026
6000
5984
5874
5939
5981
5855
5814
5926
5824
5934
5849
5973
5993
5911
5910
5872
5949
6016
5807
5939
5944
5909
5969
6060
5970
5903
5867
5967
5896
5925
5928
5998
5969
6033
5921
5850
5974
5920
5882
5898
5931
5937
5915
5811
5975
6090
5966
6019
6259
6126
6219
6426
6322
6449
6536
6609
6777
6893
7027
7227
7450
7492
7947
8019
8328
8596
9011
9263
9473
10035
10295
10861
11262
11757
12423
13062
13370
13972
14606
15130
15633
16332
16994
17830
18349
18991
19486
20265
21256
21676
22376
23017
23573
24491
24760
25460
26509
26918
27472
28060
28644
29170
29780
30392
30919
31503
32023
32855
33050
33482
34623
35199
35723
36449
37166
37989
38520
39697
40205
41298
41811
42153
42872
43511
43735
43655
44409
44312
44458
43896
43723
43148
42429
42425
41341
40563
39745
38774
37635
36333
35302
33948
32844
31433
30514
28735
27967
26316
25055
24118
22551
21891
20194
19122
18278
17383
16252
15213
14648
13748
12863
11943
11386
10636
10182
9592
9111
8736
8352
7776
7612
7203
6786
6712
6582
6216
6059
5887
5654
5636
5544
5396
5281
5331
5175
5076
5084
4979
4951
4862
4958
4993
4970
4808
4926
4852
4809
4670
4739
4680
4663
4675
4698
4702
4694
4579
4655
4661
4660
4514
4599
4677
4518
4598
4602
4638
4457
4587
4634
4556
4401
4541
4598
4658
4650
4601
4543
4502
4430
4432
4502
4401
4527
4423
4475
4468
4587
4519
4484
4465
4411
4500
4420
4478
4446
4418
4572
4318
4465
4496
4405
4480
4506
4387
4408
4529
4478
4449
4532
4437
4529
4310
4335
4456
4314
4430
4319
4394
4378
4306
4413
4530
4427
4393
4442
4508
4246
4351
4345
4340
4341
4342
4330
4301
4449
4371
4337
4457
4278
4239
4515
4443
4367
4258
4291
4378
4326
4388
4283
4406
4294
4355
4243
4336
4340
4350
4284
4305
4243
4301
4296
4250
4161
4346
4290
4237
4214
4360
4295
4296
4280
4289
4285
4172
4399
4321
4300
4387
4304
4340
4320
4129
4245
4151
4226
4230
4304
4283
4227
4199
4349
4321
4221
4297
4185
4158
4242
4280
4158
4182
4138
4258
4269
4179
4148
4269
4361
4289
4306
4218
4177
4094
4169
4153
4241
4272
4233
4092
4300
4104
4220
4141
4204
4179
4261
4255
4192
4112
4254
4211
4171
4097
4199
4090
4070
4091
4253
4225
4121
4123
4079
4124
4141
4114
4043
4078
4214
4192
4188
4149
4094
3935
3956
4097
4285
4118
4113
4345
4252
4142
4091
4204
3986
4116
4166
4140
4137
4084
4223
4049
4164
4102
4079
4193
4005
4176
4063
4191
4062
4076
4126
4099
4061
4097
3987
4010
4121
4176
4159
3992
4017
4089
4137
4157
4177
4045
4109
4056
4133
4001
4055
4062
3967
4194
3982
4055
4150
4051
4144
4206
4088
4049
3998
3982
4109
4172
4050
4148
4011
4170
4038
4135
4054
4042
4059
4118
3994
4044
4104
4065
4100
4069
4112
4006
4209
4074
4100
4021
4014
3975
4027
4029
3987
4009
3935
4010
4011
3960
4151
3951
3910
3981
4160
4056
4022
3942
4123
3977
3997
4076
4028
4010
3994
3989
4016
4063
3958
4054
4027
4089
3975
4051
3949
3941
4030
4057
4001
4033
4014
4069
4116
4036
4139
3932
4016
4001
4040
4097
4078
4127
4093
4140
4143
4045
4044
3985
4122
4104
4043
4042
4093
4065
4035
4058
4103
4173
4040
4109
4192
4109
4188
4126
4159
4149
4027
4195
4128
4145
4256
4067
4166
4253
4232
4101
4307
4198
4138
4228
4221
4243
4331
4309
4331
4269
4264
4273
4351
4364
4299
4357
4463
4424
4469
4628
4551
4638
4683
4860
4701
4949
5095
5271
5316
5521
5861
6022
6436
6472
6825
7354
7686
8305
8660
9319
10176
10780
11484
12298
13023
13859
15006
16020
17581
18460
19976
21414
22482
24417
25723
27298
29193
30548
32696
33997
36050
37864
39977
41609
43931
45736
47714
49411
51684
53187
55652
57560
59302
60922
62783
65143
66358
68112
70625
71735
73939
75845
77367
79179
81305
82991
84413
86646
88611
90444
92128
93716
96569
98029
100209
102602
104647
105891
108102
109905
111264
112584
113046
113823
115157
115153
114232
114275
112839
112591
110449
109014
106731
104498
102259
98949
95706
93012
89399
85892
83198
78949
76218
71465
67962
64190
60615
56627
54158
50390
47078
43716
40767
37930
35399
32287
29963
27625
25259
23208
21491
19678
17988
16550
15194
13944
12663
11520
10496
9644
9012
8189
7524
6863
6374
5970
5457
5096
4767
4474
4274
3960
3797
3570
3428
3262
3089
3054
2778
2819
2633
2546
2505
2432
2451
2417
2321
2340
2266
2208
2117
2107
2067
2050
2174
1984
1908
1971
2003
1987
1962
1926
1848
1856
1921
1861
1867
1840
1835
1820
1785
1810
1805
1849
1853
1704
1764
1748
1801
1772
1746
1686
1613
1754
1712
1723
1748
1641
1721
1740
1748
1638
1712
1631
1600
1631
1650
1644
1625
1639
1694
1557
1622
1624
1608
1711
1564
1609
1573
1608
1547
1640
1557
1521
1628
1602
1591
1523
1576
1580
1528
1592
1516
1599
1589
1526
1520
1514
1489
1489
1517
1624
1498
1577
1506
1444
1541
1570
1420
1514
1567
1518
1593
1523
1441
1468
1454
1495
1484
1517
1503
1493
1510
1461
1499
1476
1440
1407
1473
1508
1422
1507
1485
1473
1378
1405
1485
1469
1432
1458
1515
1397
1421
1506
1481
1446
1492
1471
1480
1507
1510
1532
1589
1574
1556
1583
1606
1566
1641
1669
1626
1741
1696
1793
1830
1847
1919
2076
2048
2258
2312
2407
2481
2575
2740
2817
3029
3094
3403
3340
3602
3905
3977
4190
4437
4651
4985
5194
5411
5455
5888
6150
6459
6432
6933
7242
7608
7727
7861
8237
8543
8831
8990
9085
9422
9843
9876
10247
10525
10651
10916
11171
11181
11742
12001
12017
12218
12694
12915
13125
13534
13728
14061
14191
14591
14629
14978
15265
15459
15386
15840
15903
15834
15795
15991
15860
15909
15709
15525
15652
15117
14987
14628
14347
13993
13623
13051
12838
12212
11497
11277
10866
10339
9791
9342
8785
8364
8027
7482
6889
6590
6337
5846
5475
5015
4835
4356
4114
3900
3636
3369
3117
2947
2802
2569
2442
2322
2139
2055
1959
1817
1638
1716
1646
1543
1494
1433
1375
1382
1344
1276
1215
1144
1206
1208
1176
1083
1039
1151
1100
1081
1042
1097
1057
1002
1056
1011
1044
1000
963
967
1019
933
1002
975
1004
953
961
906
977
946
972
1012
979
930
877
971
964
977
942
949
951
910
897
910
887
909
956
894
914
907
909
928
916
877
955
876
911
845
865
872
907
865
892
903
907
863
884
878
893
914
936
888
850
873
877
855
855
870
874
879
833
856
823
900
817
844
905
835
870
878
830
851
857
899
829
845
879
841
858
868
874
893
835
836
757
846
818
916
826
826
864
847
842
800
878
817
798
885
871
760
805
822
803
780
802
838
799
800
846
850
832
779
820
789
848
763
829
806
811
819
809
793
786
817
840
799
762
800
778
783
812
834
786
787
782
764
778
785
767
783
750
835
767
821
800
807
768
780
755
749
751
782
810
745
752
777
779
783
786
783
787
787
761
737
764
838
709
747
757
739
762
788
790
755
755
756
751
768
748
762
739
782
725
753
789
743
736
758
773
784
728
767
740
798
759
746
717
763
781
724
761
711
699
771
727
728
736
706
756
725
793
745
700
786
706
742
707
711
718
728
761
765
708
713
737
741
717
693
688
722
735
762
736
757
687
754
711
745
710
725
705
725
712
703
702
701
722
697
707
645
739
744
739
727
732
707
703
709
719
743
744
697
711
675
718
733
710
703
752
667
745
717
735
735
675
711
725
650
704
708
694
711
686
730
677
672
695
647
758
692
732
694
739
671
694
684
709
700
686
707
683
695
696
755
669
711
743
696
683
689
666
662
710
649
676
672
653
681
684
698
699
661
634
664
669
693
682
666
656
707
731
717
726
691
617
691
700
649
671
671
651
642
690
663
721
651
688
716
718
696
690
683
698
650
666
667
658
666
652
678
649
624
712
663
666
654
633
644
676
743
663
682
673
697
657
664
699
673
621
648
635
678
657
679
716
629
660
639
653
670
632
638
676
660
579
655
640
612
696
688
665
624
660
625
617
701
662
654
633
681
627
709
640
625
647
672
694
666
689
659
713
672
697
708
689
669
730
685
678
729
717
744
696
730
703
737
701
769
701
709
794
730
713
789
724
722
732
724
741
758
786
758
780
777
796
753
805
753
803
756
771
793
808
756
750
796
829
797
809
803
712
844
779
758
745
768
805
744
767
711
715
734
712
761
753
730
708
710
676
763
704
669
669
717
650
659
658
655
677
621
648
637
607
595
620
616
603
622
568
573
566
607
586
553
563
570
565
560
520
537
597
549
623
598
576
562
579
525
550
589
557
564
584
576
536
584
568
565
538
621
547
544
592
564
604
547
543
585
616
597
574
565
516
553
558
558
535
572
528
564
561
562
572
587
532
582
569
550
505
553
550
560
560
555
530
578
550
538
578
510
550
552
503
547
579
514
569
561
520
571
506
507
556
537
586
562
519
556
528
539
568
574
550
569
546
531
537
508
536
544
551
480
503
569
508
533
524
530
494
497
558
510
529
531
552
517
518
511
493
549
555
501
502
552
533
519
509
533
494
540
565
522
537
542
533
535
536
539
588
510
538
547
546
528
538
480
496
501
526
538
499
512
526
549
507
530
516
556
502
526
540
512
570
522
534
509
565
492
509
549
506
544
537
515
503
501
508
505
497
485
502
522
521
485
510
489
471
561
470
549
521
489
459
544
566
520
532
512
461
490
502
497
500
493
502
504
481
480
501
465
505
443
496
497
516
529
476
505
485
550
485
510
507
525
517
496
451
501
477
502
463
485
474
461
509
507
475
467
514
484
574
516
456
454
514
495
507
501
483
484
519
489
477
521
490
460
489
488
489
491
498
484
476
473
522
487
482
508
459
483
502
472
453
486
453
495
461
487
461
437
476
500
487
452
507
506
465
484
490
467
499
484
451
511
496
446
459
476
473
462
498
460
501
484
464
478
448
460
431
452
447
470
513
448
497
489
463
465
456
484
473
466
465
474
475
423
485
457
446
484
433
477
442
455
487
453
457
425
470
444
471
451
480
439
489
434
476
428
475
470
459
434
429
461
458
448
497
440
450
435
416
438
485
443
462
394
428
462
472
426
461
468
454
451
437
438
466
460
461
450
470
437
420
460
431
469
464
460
462
405
449
496
444
412
429
416
436
463
448
427
482
414
445
407
422
451
451
415
435
419
449
450
412
481
435
452
438
422
446
441
439
433
434
421
451
411
438
450
408
454
441
455
450
437
414
449
379
413
454
435
440
419
432
414
426
431
412
419
435
417
440
442
425
418
441
425
440
435
425
419
447
452
427
423
447
415
422
471
421
417
418
401
426
380
425
412
399
412
400
398
396
385
442
413
438
472
378
383
421
423
416
421
451
400
415
392
369
398
392
448
381
377
432
411
412
442
441
429
413
419
438
400
414
385
388
413
435
433
428
408
427
414
444
445
410
388
399
413
399
426
403
394
435
390
442
420
369
383
427
386
415
426
398
418
400
384
431
406
390
383
393
352
422
384
404
381
408
376
363
422
390
363
353
406
409
407
406
373
406
379
367
382
369
398
418
404
381
454
411
386
389
409
363
388
368
402
401
368
385
415
397
365
365
408
408
376
364
384
392
398
366
375
332
385
390
396
391
400
357
348
377
392
404
371
375
388
403
397
410
384
385
352
364
389
361
407
376
386
366
374
359
382
383
380
390
357
399
369
387
396
374
337
393
350
359
376
406
392
320
371
369
385
408
334
384
361
339
359
395
356
344
367
399
385
367
361
407
356
346
392
374
381
367
352
352
367
385
347
342
367
353
351
351
381
361
362
337
351
383
370
342
355
360
373
358
367
387
396
347
354
344
379
342
370
363
378
357
378
351
368
350
387
347
383
390
392
374
352
364
361
371
366
373
399
378
359
367
376
372
361
355
328
326
340
373
326
365
385
393
364
354
349
365
367
359
328
357
330
340
383
334
357
319
356
373
352
359
339
351
315
364
356
337
327
330
339
343
318
331
344
340
376
335
330
360
344
330
382
335
362
319
314
337
299
335
340
328
333
363
297
336
331
326
337
350
352
327
359
325
341
325
351
345
359
350
328
318
339
309
317
290
307
321
368
324
345
292
316
324
297
329
322
355
306
318
272
309
306
300
326
334
300
282
334
316
326
325
322
298
307
326
325
299
315
348
297
323
349
309
316
338
303
296
323
288
328
325
314
294
291
307
322
330
301
297
283
318
308
322
309
265
329
307
284
296
322
292
326
277
312
302
293
299
313
298
310
322
274
310
305
295
311
317
266
288
283
323
295
279
304
307
312
284
302
294
286
277
300
304
321
290
287
308
324
267
312
309
326
281
269
299
292
274
270
298
284
300
329
330
266
295
314
319
275
293
281
284
309
315
277
264
272
311
277
289
269
306
290
299
308
267
285
287
252
314
292
272
284
297
307
298
323
266
269
279
268
264
293
264
306
287
240
271
277
276
285
279
292
262
271
278
291
259
293
272
298
279
283
299
316
296
259
290
295
270
253
287
262
259
302
272
253
256
274
262
297
256
257
257
266
309
259
270
247
253
273
262
250
289
268
276
263
257
262
260
257
288
254
276
286
263
254
253
272
257
274
280
243
252
238
280
268
251
285
289
248
268
206
260
263
272
237
243
265
240
238
286
275
266
253
256
275
254
250
258
248
240
273
230
272
226
230
239
255
264
265
242
227
259
239
255
264
247
307
255
239
230
252
255
264
251
242
230
279
246
257
245
261
242
232
244
270
251
246
211
238
258
234
237
224
279
252
243
252
235
254
239
262
256
235
242
270
237
255
252
230
254
272
246
252
249
232
239
264
248
232
242
251
238
219
252
222
231
223
232
263
277
235
263
258
220
214
256
251
245
242
230
246
229
259
260
229
244
220
237
271
227
226
237
245
255
240
212
247
230
252
258
227
220
254
215
242
251
214
220
230
235
246
249
218
244
243
235
245
210
254
241
229
242
219
242
218
235
244
232
209
233
232
238
233
210
223
233
218
237
252
226
244
218
205
242
199
207
252
236
226
217
242
219
218
208
196
216
222
254
242
225
196
232
229
228
205
242
228
226
203
196
237
215
212
184
231
207
194
231
207
198
173
212
216
209
209
201
221
185
190
228
212
196
225
210
232
181
230
190
216
226
252
218
202
217
214
194
219
198
233
181
210
190
195
223
234
209
214
222
202
213
218
200
201
258
213
203
200
182
209
211
217
206
175
211
210
202
195
202
230
204
228
211
205
223
193
215
227
199
228
192
195
206
186
205
175
208
185
208
207
183
229
212
223
232
230
196
204
183
188
188
206
196
203
187
221
185
207
207
223
198
215
210
175
180
211
187
213
208
180
213
200
208
197
191
179
216
184
205
187
213
227
196
168
213
184
190
194
190
199
207
196
215
183
176
196
222
192
207
174
184
169
185
200
203
211
206
194
190
193
166
217
202
189
180
208
182
173
191
207
185
183
197
216
164
213
197
201
179
189
212
218
227
189
190
187
205
153
178
209
209
187
220
211
181
195
176
172
210
196
191
168
182
182
165
179
176
175
219
202
187
182
173
182
209
155
178
177
179
193
182
198
207
166
166
186
178
166
202
197
173
171
189
185
187
160
180
180
163
165
186
195
177
171
177
177
170
213
207
172
179
190
171
180
170
177
180
172
171
181
167
166
166
150
157
160
168
158
164
175
186
161
169
170
177
160
158
154
158
188
181
176
184
175
150
155
170
179
160
180
150
175
147
207
183
156
177
192
166
157
155
169
166
171
161
159
148
149
175
170
173
178
144
163
153
160
164
162
157
182
165
183
148
156
158
172
181
149
163
165
180
186
170
166
139
170
182
170
173
183
173
143
135
156
163
164
170
171
139
162
142
161
153
145
162
148
150
170
166
132
156
161
170
163
165
163
149
146
150
138
146
151
158
157
155
170
176
158
160
170
167
150
140
127
163
153
141
157
167
172
143
157
148
157
165
144
181
144
161
161
153
153
157
152
153
164
153
151
184
167
163
160
165
166
141
165
145
171
140
175
140
171
162
147
167
155
166
166
150
161
169
173
159
163
148
171
157
141
150
155
141
158
149
177
159
170
149
152
148
176
135
175
152
177
180
140
162
144
160
140
156
177
168
138
160
146
170
162
166
149
163
148
146
153
166
172
162
168
181
157
163
152
176
166
144
158
156
147
151
166
147
155
162
153
164
162
171
148
168
182
162
147
176
184
154
187
154
150
166
148
149
130
164
167
152
130
151
138
152
138
147
175
152
148
152
150
143
139
154
129
146
127
136
151
137
151
137
142
169
134
148
134
125
137
150
126
128
152
137
157
122
156
141
157
147
137
124
120
126
114
144
123
123
118
132
135
127
127
124
151
155
160
127
116
151
142
145
136
128
167
130
126
154
141
138
133
138
139
114
130
113
140
124
134
131
139
113
117
95
132
137
119
140
142
137
160
118
127
111
140
145
118
131
124
132
114
126
139
135
125
137
124
139
117
156
118
127
121
152
135
141
159
130
128
115
130
132
125
140
130
136
145
120
130
152
139
127
146
140
136
125
137
122
115
131
113
151
153
117
142
135
113
149
134
124
136
130
151
126
112
134
122
131
116
132
145
135
130
120
137
113
148
139
124
131
142
131
141
108
110
137
139
134
155
142
134
144
120
158
113
136
141
122
145
165
131
132
144
145
160
148
158
114
141
129
151
143
136
140
167
136
133
120
129
145
123
144
140
144
149
129
118
123
132
138
118
116
120
130
129
130
142
125
118
121
141
130
138
119
114
135
127
126
154
150
113
144
123
135
124
120
128
140
143
115
113
120
104
121
116
136
116
125
111
123
124
112
109
122
120
129
130
99
100
114
122
125
105
121
106
108
111
110
104
124
107
111
96
109
108
94
124
108
105
111
115
109
112
90
127
103
116
123
127
101
124
108
109
123
122
122
117
106
91
99
94
101
116
97
113
105
110
119
106
111
94
125
119
129
110
112
104
123
115
107
123
105
112
96
101
137
126
110
100
120
101
130
102
94
123
123
112
94
96
78
126
134
99
112
122
115
106
102
139
120
121
110
107
122
96
107
122
137
108
128
111
102
121
109
122
113
96
102
105
88
110
122
100
95
106
105
103
129
113
102
114
130
105
102
110
116
114
110
118
117
100
141
125
131
109
107
120
113
105
118
113
125
119
106
106
135
114
107
118
114
111
115
113
106
112
116
126
123
111
120
123
108
141
127
116
115
106
115
125
109
127
126
133
121
139
109
110
124
128
114
133
128
128
144
108
134
113
144
111
130
123
125
134
141
133
129
143
125
124
114
136
122
138
152
132
138
139
152
133
120
139
129
119
117
119
140
137
157
152
114
133
140
122
128
119
133
126
130
128
133
128
159
126
133
113
136
140
140
135
128
103
133
125
99
117
128
128
112
126
110
80
109
86
98
76
113
106
77
88
92
96
94
90
81
68
79
80
89
94
78
80
72
72
82
74
65
70
84
67
66
73
76
77
74
68
81
68
72
80
58
81
62
82
65
77
72
67
70
58
70
75
72
91
82
89
65
64
71
68
82
55
68
74
61
63
66
59
83
63
84
62
80
72
76
66
71
66
74
67
74
73
87
92
81
60
60
77
60
66
82
68
66
54
67
77
69
72
84
71
67
69
79
73
76
61
72
68
69
75
72
70
81
83
57
69
67
72
68
68
78
68
81
77
66
61
73
59
74
64
62
70
68
74
78
64
64
72
56
76
71
69
78
75
79
58
58
58
68
82
68
77
68
63
58
69
68
63
66
75
74
82
79
62
59
76
67
72
77
65
56
86
54
76
69
66
71
69
68
84
66
63
64
73
55
79
76
71
65
68
66
66
72
61
65
68
77
77
64
73
63
76
74
57
76
75
76
57
83
81
79
54
80
64
80
64
70
63
86
66
60
63
55
69
73
77
58
75
72
70
73
76
81
66
73
73
86
65
69
64
49
68
72
65
67
66
88
70
77
69
61
75
84
70
72
78
87
74
69
64
82
75
79
69
67
79
94
81
79
64
73
59
87
80
87
70
66
69
66
76
89
76
58
57
70
75
69
56
76
67
73
54
72
64
64
58
72
72
77
67
76
63
75
45
54
71
69
70
75
57
78
70
55
62
68
72
66
69
62
75
79
53
65
62
54
73
72
82
49
53
82
66
70
49
69
62
71
71
71
81
56
68
62
76
65
91
70
69
85
57
57
56
51
66
65
75
62
69
63
55
71
53
69
57
69
75
81
44
66
69
71
79
68
76
59
73
74
88
65
60
55
76
56
71
60
67
83
72
67
83
56
54
69
56
60
66
60
66
76
72
65
69
73
80
71
82
68
73
59
71
73
72
82
89
74
70
75
84
78
56
78
66
66
71
67
79
68
66
65
73
66
62
75
77
66
66
90
71
63
75
71
82
73
86
72
84
89
65
83
72
73
70
71
72
78
80
72
67
69
64
76
70
65
81
88
74
69
91
82
65
90
86
92
100
99
83
89
65
92
96
82
83
83
82
99
74
91
104
107
103
102
96
93
89
84
108
98
90
100
87
121
90
105
120
83
94
94
103
80
119
92
100
108
101
90
111
90
101
108
101
98
109
97
89
108
109
95
103
100
96
95
99
104
110
95
99
97
89
96
83
102
91
97
80
78
70
77
85
87
84
77
68
77
57
69
50
59
59
55
64
47
58
43
52
45
55
41
36
38
41
35
29
44
44
36
33
39
36
26
26
34
34
23
34
25
27
35
30
25
25
28
30
32
33
28
31
28
35
34
27
17
32
27
34
25
26
27
28
15
30
25
28
24
21
35
25
25
30
29
21
30
23
24
24
24
23
32
21
25
34
27
25
16
32
21
22
30
22
35
20
20
29
30
21
26
43
34
36
22
30
32
26
25
22
34
27
19
24
30
24
25
21
27
18
28
25
27
24
30
27
35
24
27
19
31
25
20
34
23
27
25
35
40
21
26
30
29
27
29
15
31
25
30
40
36
26
36
20
26
25
28
31
25
29
34
36
23
34
27
28
30
25
19
27
29
17
31
27
34
22
26
23
23
21
22
29
23
36
24
28
32
32
29
27
27
29
29
31
17
17
33
41
19
31
24
23
36
19
28
27
31
24
29
23
24
35
37
31
26
28
35
39
23
27
29
33
34
37
24
31
32
36
28
35
33
26
34
28
29
34
33
26
28
42
45
20
24
40
34
34
42
34
33
24
37
38
38
43
23
25
27
33
37
36
32
34
29
33
35
35
37
47
39
39
40
29
33
33
30
32
31
33
37
28
30
26
31
30
29
54
24
27
25
27
26
28
26
22
22
37
17
19
22
19
30
24
24
23
21
20
14
23
21
29
23
17
17
13
15
12
9
19
12
14
25
27
14
18
11
16
16
11
12
18
14
14
12
17
10
12
15
13
8
8
9
12
17
12
12
17
16
11
15
12
8
16
10
18
11
12
10
14
16
10
12
18
8
6
9
13
18
13
10
15
12
14
18
19
9
9
11
11
16
15
15
12
17
9
6
15
10
16
10
17
14
11
14
7
16
11
15
6
15
12
9
10
16
7
16
12
11
12
7
16
13
22
17
10
14
18
10
18
14
10
14
17
13
12
7
11
16
13
16
15
11
9
13
10
12
10
13
11
12
10
12
15
18
7
9
14
9
13
16
10
13
13
16
9
17
15
16
12
12
19
7
10
9
21
11
14
12
5
15
11
18
9
12
22
13
9
16
15
18
16
12
20
12
7
9
12
18
15
11
19
12
14
11
6
11
11
16
11
11
16
14
9
13
13
11
10
14
12
14
11
20
10
16
14
11
20
11
14
9
18
11
19
7
16
14
10
12
13
12
11
12
10
7
17
12
13
8
8
12
15
11
12
20
14
12
14
13
11
15
14
19
15
6
11
21
14
8
17
20
15
21
14
6
8
24
21
14
19
13
12
15
9
17
7
12
7
8
14
15
8
18
15
13
19
9
9
19
14
11
16
15
13
7
14
8
22
13
8
13
13
9
16
14
8
17
13
18
10
6
15
6
5
10
12
12
12
9
9
12
18
14
10
5
14
11
8
5
17
7
5
15
7
12
7
12
11
10
14
12
5
14
14
12
6
12
13
17
11
10
7
12
16
15
16
8
10
9
8
10
6
6
12
6
10
16
10
15
9
10
16
11
15
7
5
16
13
8
10
9
9
14
7
8
7
6
14
12
13
13
11
7
10
4
5
8
5
7
7
8
13
11
12
13
15
11
8
12
17
9
15
10
5
7
7
10
7
7
14
6
14
8
6
7
9
9
14
6
10
6
14
7
6
6
10
16
11
10
9
13
7
6
11
6
10
13
6
8
10
9
9
14
11
16
11
14
8
11
7
9
7
11
9
8
7
13
7
12
8
5
4
10
9
13
11
7
7
6
10
17
7
15
14
8
10
10
8
9
4
12
5
10
13
12
10
12
7
8
14
18
9
10
13
12
13
8
7
9
12
9
12
15
11
8
11
14
8
10
7
7
12
11
7
15
15
9
6
9
11
10
13
7
7
13
7
4
11
6
13
13
14
17
14
11
10
11
11
7
10
10
21
13
11
17
8
14
14
15
14
12
12
8
12
10
15
9
8
8
13
11
7
7
10
9
14
11
11
6
15
12
13
10
7
11
14
9
9
12
5
13
8
8
7
15
10
14
15
7
9
10
10
11
13
11
14
11
6
10
7
13
11
13
8
6
7
14
6
6
6
11
7
8
9
8
7
7
4
7
8
6
14
10
10
7
9
9
11
5
11
10
11
5
6
8
11
9
8
8
6
6
3
9
12
8
8
13
8
12
8
6
9
4
6
8
7
12
10
10
5
2
11
14
2
9
7
3
9
8
8
4
4
7
5
9
6
8
6
10
12
9
12
8
12
10
6
11
13
3
13
5
10
9
6
11
8
7
7
8
7
10
7
7
4
5
6
7
9
3
12
10
8
4
8
11
9
6
9
13
10
9
11
7
8
6
10
6
1
5
7
12
10
6
3
5
10
7
9
9
7
2
8
9
13
8
9
8
9
10
3
7
7
4
10
9
3
8
9
5
7
14
8
12
4
8
10
12
12
8
5
10
7
6
4
10
9
3
7
7
4
10
5
4
9
9
7
11
6
6
5
6
10
4
5
6
15
8
6
7
10
6
5
7
10
8
3
5
10
6
15
7
8
8
4
11
7
7
13
9
8
3
8
9
12
3
8
4
6
5
9
5
7
5
4
8
8
7
5
9
10
3
6
6
8
7
6
4
10
7
7
9
4
7
8
7
6
9
4
7
6
7
12
7
9
9
6
8
9
10
7
9
4
9
12
12
6
6
8
7
5
10
7
4
8
9
8
7
8
6
6
8
7
10
11
4
4
3
5
5
11
7
6
5
6
15
7
10
5
7
9
4
10
7
9
7
5
4
6
9
7
11
7
11
9
8
7
2
7
7
4
8
5
8
3
14
7
9
9
8
11
3
10
7
6
7
9
8
10
7
2
7
7
6
7
9
6
7
10
9
5
1
6
6
11
7
6
6
7
10
9
10
8
4
12
10
8
4
4
10
6
6
6
6
8
9
12
6
5
6
8
9
5
8
6
7
5
6
6
10
4
5
9
9
3
5
8
5
10
11
7
9
5
6
13
6
10
4
8
11
7
6
3
5
8
5
2
5
13
9
8
10
7
7
8
8
4
7
3
2
10
2
10
2
5
9
10
3
5
4
7
4
7
15
8
11
10
4
6
4
7
9
7
5
11
5
2
9
5
5
4
6
5
4
9
12
6
6
12
9
10
10
5
5
7
6
4
7
6
11
8
4
10
7
8
8
4
10
6
3
5
9
7
4
10
5
6
3
5
5
4
10
2
3
7
5
10
6
7
8
5
7
14
3
5
5
3
8
5
6
4
9
5
3
5
7
9
5
4
9
8
6
3
5
9
4
5
6
6
5
8
10
5
3
5
7
9
9
8
6
3
9
5
4
3
5
13
8
5
7
2
2
10
3
3
7
5
8
6
3
3
6
11
5
4
8
9
6
6
3
7
9
5
4
5
4
6
6
8
2
4
6
8
7
6
7
3
9
8
7
9
7
10
8
2
9
9
5
3
3
7
8
9
8
4
7
8
5
4
5
4
8
10
6
6
2
6
7
4
11
7
9
9
6
1
7
4
9
5
6
9
5
6
6
8
5
10
6
5
8
6
8
4
6
8
5
5
5
5
4
2
4
2
4
4
11
3
3
1
5
2
7
11
5
7
5
10
2
6
11
4
6
2
6
4
9
4
7
3
7
6
4
2
4
6
6
6
7
8
4
6
4
4
7
1
3
8
4
3
6
2
6
4
7
6
3
4
2
2
10
5
5
5
4
6
4
5
4
3
9
4
5
4
4
6
6
4
4
9
6
4
6
3
3
4
4
7
5
5
8
6
4
8
8
4
6
2
2
4
1
4
3
5
7
10
5
5
4
9
6
7
3
7
5
4
3
7
2
4
9
10
5
4
11
9
2
4
6
4
6
5
5
8
6
5
9
10
8
5
7
2
8
7
6
9
2
7
4
8
4
4
4
5
4
4
2
8
4
8
5
5
3
6
7
4
5
6
6
4
5
1
10
3
2
7
6
6
3
3
3
6
5
9
4
5
9
5
11
7
2
4
7
7
7
1
8
7
3
4
3
7
6
5
5
11
5
6
1
6
7
7
6
4
8
5
6
4
4
8
6
6
7
8
5
3
5
9
7
6
2
4
8
5
3
1
10
8
3
3
11
9
6
7
3
8
3
7
6
8
2
5
7
5
3
4
6
5
3
6
5
5
3
5
6
3
8
7
4
11
5
2
3
7
7
3
7
4
3
2
4
7
3
2
4
10
6
7
5
4
3
2
6
6
1
6
5
4
5
6
8
4
4
6
5
8
7
4
7
8
6
9
2
2
2
5
4
7
3
9
5
5
8
6
3
4
5
3
6
8
4
4
6
8
6
5
10
6
0
8
6
3
7
2
4
9
6
1
7
7
6
2
5
6
6
5
2
6
4
3
4
3
6
4
4
3
4
3
0
1
0
6
7
4
7
4
5
4
7
8
6
8
3
4
5
6
4
8
7
2
3
7
8
3
8
5
4
3
3
8
6
5
3
3
7
7
3
11
7
4
7
10
1
6
5
10
2
8
9
4
6
6
9
3
7
6
9
7
5
6
4
7
4
4
4
3
6
6
9
4
4
10
5
9
10
3
3
6
7
9
11
4
8
4
6
10
8
12
4
6
7
8
6
9
9
10
3
8
11
6
6
10
7
10
9
10
11
9
7
12
10
9
9
7
7
5
19
8
16
11
7
12
7
12
14
3
4
8
6
6
13
9
8
10
8
5
6
6
6
4
9
3
6
5
8
5
6
6
6
4
8
5
6
6
9
5
5
7
14
7
5
4
9
5
3
3
4
7
3
4
7
3
2
6
6
3
4
1
2
10
4
3
6
2
4
4
3
9
5
3
3
7
4
7
5
3
3
1
8
2
8
7
2
2
5
7
5
5
4
2
1
5
4
7
5
6
5
11
1
4
4
5
4
5
1
3
2
7
5
6
6
3
3
2
1
5
4
3
3
6
7
4
4
7
5
5
2
4
4
2
3
4
6
1
4
2
3
4
2
5
6
7
4
8
6
5
3
7
5
2
6
3
3
7
5
7
5
8
9
3
4
3
5
2
3
4
5
8
2
4
5
8
1
2
5
4
3
9
7
8
6
4
4
5
5
4
4
3
3
4
3
3
7
3
4
4
4
4
5
5
4
4
5
5
7
3
9
3
4
6
8
3
6
5
3
3
1
6
5
5
6
3
6
6
5
6
5
8
3
3
6
6
7
2
4
8
3
5
7
2
7
6
5
10
3
4
3
9
9
4
4
4
2
3
3
1
3
3
7
1
6
2
3
4
3
1
4
3
3
2
3
7
6
7
4
6
2
6
7
3
2
5
5
5
2
2
6
4
2
3
7
3
3
5
5
4
2
3
7
4
6
8
5
5
4
3
4
8
6
5
4
3
6
4
2
3
2
6
4
4
6
3
8
3
2
2
2
3
4
4
1
6
5
2
4
2
4
5
4
5
8
3
3
4
3
5
5
2
5
3
2
3
7
7
4
8
3
2
3
4
2
4
7
4
2
2
4
5
7
4
1
1
4
6
3
5
5
3
3
4
4
9
7
4
3
2
4
5
6
4
1
7
8
7
5
7
4
5
4
7
4
6
3
2
2
3
2
4
9
3
5
5
5
2
3
5
4
5
2
4
5
3
4
2
5
5
3
4
5
3
4
4
7
7
2
5
1
3
3
4
7
2
5
4
8
4
1
4
2
6
4
3
4
2
1
3
0
3
1
7
4
4
4
2
1
3
2
4
5
3
5
4
4
2
2
4
2
6
6
5
1
2
6
4
5
3
4
2
5
5
5
4
2
4
5
3
4
3
4
3
5
6
3
3
5
6
6
10
1
2
7
4
3
5
0
4
6
4
3
2
7
9
2
8
6
6
5
5
4
0
7
8
9
7
5
3
2
4
5
5
3
6
9
5
8
7
9
6
4
6
7
3
3
3
6
6
4
5
4
7
1
3
6
3
3
2
10
7
6
5
7
4
11
5
4
7
11
11
8
3
3
8
7
6
10
10
7
8
3
3
7
11
5
6
7
2
9
6
12
9
6
8
6
6
8
7
7
9
6
7
5
5
2
6
8
10
6
6
7
5
4
5
10
3
4
6
9
2
4
5
7
4
6
3
4
4
5
4
6
3
3
10
5
1
7
6
3
6
1
3
2
2
3
1
2
1
6
10
5
5
6
4
0
4
3
2
6
6
2
6
3
1
2
1
8
2
5
2
2
4
5
6
2
3
3
8
0
3
1
3
5
4
3
4
4
5
3
6
5
3
2
1
1
2
0
3
2
4
8
3
5
2
4
1
8
3
5
2
1
1
6
2
3
2
2
2
4
2
3
5
6
3
5
2
1
1
0
3
3
3
2
3
3
7
10
4
3
3
4
4
2
4
2
6
0
1
4
4
2
7
0
0
5
6
4
1
2
0
3
1
1
5
5
6
5
3
5
5
3
2
6
2
2
2
3
1
6
5
5
9
3
1
4
1
3
1
5
5
6
2
7
7
6
4
4
5
2
3
1
3
1
5
2
2
2
5
6
4
2
4
3
7
3
4
2
1
4
3
2
3
4
2
2
4
5
2
4
3
3
3
3
2
2
2
3
4
1
5
1
1
2
1
1
2
2
6
2
5
1
1
2
7
4
2
8
2
1
1
4
2
2
3
3
3
1
4
4
0
2
3
2
5
3
2
3
3
2
4
4
5
2
3
2
5
1
3
2
5
1
5
2
5
3
6
5
2
4
5
1
4
3
5
4
3
3
2
3
3
6
7
5
4
3
9
6
4
1
3
7
2
3
4
3
8
3
3
2
4
0
3
1
3
4
2
4
1
2
4
6
2
8
3
3
6
3
2
5
3
1
2
2
1
4
1
2
2
3
2
6
1
3
4
2
5
3
4
2
3
3
5
4
4
2
2
0
3
3
4
2
2
3
1
4
6
3
2
3
0
4
1
4
7
3
2
2
6
2
1
2
4
4
2
2
2
2
6
1
1
3
4
5
3
2
2
2
5
2
1
2
2
1
1
4
1
1
2
3
7
5
1
5
1
3
3
0
5
2
7
2
6
4
1
4
6
3
2
6
1
2
2
3
4
2
8
7
3
4
7
6
0
2
1
2
0
1
1
2
3
3
1
4
0
5
2
3
2
3
3
5
2
4
2
5
5
6
2
2
0
4
1
4
3
2
7
1
3
3
5
2
2
2
2
6
2
3
4
3
5
1
3
4
1
7
4
4
2
6
3
5
3
4
6
1
1
1
4
4
6
11
2
2
2
6
4
1
1
2
1
6
4
2
1
3
1
4
2
3
1
2
2
3
1
2
2
3
0
3
1
3
2
5
1
2
0
3
2
3
2
4
3
7
2
3
2
2
1
4
3
4
1
0
0
6
3
3
2
2
2
4
4
2
2
5
3
1
2
3
4
3
1
1
3
1
2
2
1
3
1
4
1
5
3
0
1
0
5
1
4
0
3
2
3
4
1
0
4
1
1
3
1
4
5
5
5
2
6
6
3
2
5
5
1
1
1
7
3
6
2
0
5
2
2
3
3
2
1
5
1
4
1
7
2
4
1
0
3
8
1
1
3
3
1
5
2
3
3
5
2
1
1
2
3
4
1
4
3
3
6
1
4
2
4
1
1
4
1
4
5
4
4
6
7
3
5
0
1
4
5
4
0
3
4
2
2
4
6
5
5
2
3
3
1
5
1
0
0
1
2
5
5
2
0
3
5
4
3
1
1
3
4
2
0
2
3
3
4
1
3
1
2
2
0
1
4
2
3
6
2
0
4
2
2
2
1
4
0
0
4
6
4
0
4
3
4
4
4
3
1
0
3
1
3
0
1
6
3
1
3
1
4
2
3
5
3
2
3
3
2
5
0
0
4
4
0
5
3
1
2
1
5
3
4
2
3
3
5
4
3
3
2
3
2
2
0
1
3
3
4
2
2
2
2
2
2
3
3
2
3
6
5
0
1
5
3
4
3
2
3
4
7
5
0
4
5
3
4
0
3
5
1
2
0
6
1
1
2
3
3
4
3
1
2
3
3
3
7
1
2
1
2
4
2
4
2
0
3
3
2
6
3
4
2
2
2
3
0
3
1
1
4
1
6
1
4
4
1
0
6
2
2
4
6
0
0
5
3
3
4
0
3
3
3
2
2
3
4
1
5
2
3
0
2
5
2
3
1
2
3
2
5
2
3
4
3
1
5
2
3
3
4
3
1
3
1
2
1
4
6
1
5
4
5
2
2
5
3
3
6
4
1
0
2
6
3
2
1
4
1
0
5
2
4
3
3
5
3
1
4
2
1
1
1
5
0
4
4
2
5
2
5
3
1
2
4
2
3
4
2
3
0
1
3
2
2
0
2
0
5
1
1
2
4
2
2
2
2
3
4
2
4
2
4
2
2
3
4
2
4
7
2
5
2
2
4
7
0
2
1
1
3
3
1
0
8
0
2
1
2
3
3
0
3
6
6
2
1
5
3
3
3
2
2
3
0
2
0
1
4
3
4
5
6
3
2
2
3
1
4
2
4
6
5
3
2
1
3
1
2
2
2
2
1
1
2
4
2
6
0
2
4
3
3
4
3
4
3
1
1
3
3
4
2
3
1
3
3
4
3
3
2
3
1
1
0
3
4
3
6
5
2
2
0
0
2
4
2
2
2
1
2
2
4
5
0
1
3
1
4
1
4
2
4
2
3
2
2
4
3
3
0
3
4
1
6
3
4
1
3
2
5
1
3
4
2
2
1
1
1
2
2
4
3
1
2
1
2
3
4
3
4
1
1
2
5
3
0
3
4
1
2
0
2
1
6
4
1
2
1
1
2
3
2
4
2
3
2
3
2
1
2
7
2
6
3
5
2
1
2
2
1
3
0
4
2
0
3
0
3
5
3
4
2
3
0
2
2
3
2
1
2
1
0
5
2
0
2
4
2
1
4
2
3
3
2
1
2
1
3
2
6
3
3
3
1
6
2
5
1
3
5
4
4
1
2
1
4
3
5
1
7
1
0
3
1
3
1
5
3
1
3
3
3
4
3
1
3
2
2
2
1
4
2
5
3
2
2
1
4
3
0
2
4
2
2
4
4
0
2
3
1
1
0
2
6
6
3
2
2
1
1
3
2
4
6
5
1
0
2
5
1
4
7
2
0
3
0
5
3
3
3
2
7
1
2
1
6
2
1
3
3
6
3
0
2
4
1
3
4
4
2
0
3
1
5
1
1
4
3
0
7
1
3
3
1
3
1
3
2
5
5
4
4
7
2
2
5
3
1
3
1
3
3
3
0
2
1
2
8
1
4
2
0
2
0
2
2
1
4
2
2
3
1
3
3
4
2
2
1
3
4
3
1
0
1
5
4
3
3
3
1
2
2
4
2
3
3
5
4
2
7
2
1
4
2
2
2
3
4
2
5
2
3
2
3
4
3
5
2
2
5
3
4
5
3
5
2
4
5
3
1
3
3
2
2
5
5
2
4
7
5
4
2
8
3
5
2
1
2
1
4
0
3
3
2
3
3
4
7
3
4
5
4
2
3
4
1
5
5
5
5
6
5
5
8
6
6
11
3
2
2
9
5
4
4
7
3
3
7
2
3
2
0
4
7
4
3
4
4
3
4
6
6
4
4
5
3
3
1
3
6
7
4
5
2
4
4
1
5
4
5
1
1
3
10
6
2
1
1
0
2
2
0
2
3
3
4
3
1
4
0
4
3
2
4
1
3
2
4
4
2
1
4
6
3
1
2
2
1
4
1
0
3
2
2
4
5
5
1
2
2
2
4
2
2
2
2
2
1
2
3
2
2
1
1
1
1
1
4
4
3
1
1
1
3
3
0
1
2
6
2
2
3
8
3
5
1
3
4
2
2
4
0
3
0
3
3
1
3
1
0
0
2
0
1
2
2
5
2
1
0
3
0
2
2
2
2
1
4
2
2
1
2
2
3
0
3
2
1
4
1
4
1
3
2
2
2
4
3
2
2
3
0
1
2
4
2
3
3
4
2
1
3
4
2
3
4
0
3
4
5
1
2
4
3
4
3
1
4
4
2
3
0
1
0
2
0
1
3
0
1
3
6
2
6
5
1
3
5
1
3
4
3
3
4
0
2
0
4
4
3
2
3
5
0
4
2
1
3
1
1
3
0
4
1
4
2
2
3
4
3
4
4
5
3
3
2
2
2
2
3
4
3
6
3
4
5
0
1
1
3
0
4
2
0
3
6
1
4
3
1
3
1
1
3
1
5
3
5
2
1
2
2
1
5
1
3
2
2
2
5
2
2
2
4
1
2
1
2
2
4
2
2
3
3
0
2
2
5
2
5
5
5
3
0
3
0
4
5
3
1
6
1
4
3
2
1
5
2
2
5
4
1
3
2
3
1
3
2
2
1
1
3
3
3
1
2
2
2
1
2
3
6
2
2
1
3
2
0
4
3
2
4
1
4
8
3
1
2
4
1
6
3
3
4
1
1
2
3
2
1
2
2
0
0
3
1
4
4
2
3
2
2
2
6
1
2
0
2
5
3
0
5
2
0
1
1
2
1
3
3
1
3
4
2
2
2
2
5
1
2
2
4
3
1
1
4
0
2
1
6
3
2
3
2
2
3
0
1
1
3
2
1
1
1
2
3
5
1
1
0
2
3
2
5
2
2
1
2
2
0
1
4
3
6
6
2
1
2
6
3
3
3
4
7
1
2
1
0
1
3
3
2
4
2
3
1
1
5
0
1
1
0
3
5
2
0
4
3
3
1
4
0
2
2
1
5
1
0
1
2
3
5
2
4
4
4
1
3
2
4
2
2
5
4
4
1
2
4
1
3
2
6
2
0
1
3
2
2
5
3
1
1
1
3
3
1
3
1
0
1
1
1
0
1
2
2
3
5
1
3
2
3
4
1
1
5
2
3
3
4
3
0
3
1
2
2
3
2
5
3
1
3
1
3
1
6
2
1
5
1
2
1
2
4
2
2
5
1
3
1
0
2
2
2
2
4
4
7
4
2
1
4
3
3
1
1
2
2
3
2
4
1
3
1
2
5
2
1
4
0
6
4
1
2
2
5
0
2
2
1
3
1
2
2
1
1
5
2
3
4
3
2
1
1
0
2
2
1
0
3
2
0
2
5
0
1
1
3
0
4
0
1
0
3
1
2
2
0
3
2
6
2
4
1
1
1
4
3
7
0
1
2
2
3
2
2
2
2
0
1
2
4
2
1
3
1
1
3
2
1
2
4
0
2
2
4
3
0
3
2
4
4
1
2
0
2
2
0
2
1
2
4
3
1
2
2
8
2
1
3
0
3
1
3
2
1
2
1
0
4
3
0
1
1
2
5
3
3
4
0
1
0
3
1
2
1
3
0
1
4
4
5
6
0
4
4
1
5
3
0
0
4
3
2
1
0
2
5
3
2
3
3
4
1
4
3
3
2
1
1
2
0
2
5
5
2
5
3
3
2
3
2
2
6
1
1
3
3
3
3
4
1
2
2
3
5
1
0
3
5
1
1
3
2
4
3
1
2
6
2
1
3
0
1
0
2
2
3
2
2
1
1
0
2
3
4
5
4
1
2
0
1
1
2
2
2
0
4
3
2
2
0
1
1
2
2
2
2
2
3
2
2
4
0
4
2
1
3
3
1
3
0
3
2
4
2
0
2
3
4
3
3
3
0
2
3
2
2
1
3
2
3
0
1
4
1
2
3
2
2
1
1
1
3
1
1
2
4
4
3
3
3
1
2
5
3
1
1
1
2
3
3
1
2
5
1
3
2
2
0
2
4
0
3
3
4
0
5
2
3
2
1
3
1
6
3
5
2
0
0
3
4
0
3
2
0
1
4
3
0
5
1
3
1
4
1
4
4
1
1
4
3
4
3
5
0
2
2
2
2
3
1
3
2
1
1
0
0
1
1
2
2
1
4
2
3
3
4
2
1
1
2
1
1
1
2
3
0
1
3
2
1
1
1
3
2
3
1
1
2
2
1
3
0
5
2
3
3
4
1
1
2
4
2
1
2
4
2
2
5
0
3
0
1
2
1
2
5
0
1
4
0
2
4
2
1
2
3
4
1
3
0
2
3
3
3
2
4
4
6
0
3
2
1
1
3
1
3
3
3
2
1
5
1
2
1
2
2
1
1
1
2
2
2
1
2
1
2
3
2
0
1
2
1
3
7
5
1
3
3
4
0
1
1
0
0
2
3
2
1
2
2
1
2
0
2
2
2
5
4
2
0
3
4
1
2
3
3
2
0
2
3
7
6
3
3
2
2
2
1
1
5
4
2
1
3
2
5
2
1
5
4
3
4
3
0
6
1
3
3
1
3
5
2
3
2
4
5
0
2
2
4
2
1
2
2
1
3
4
4
1
4
3
1
2
3
3
3
2
8
1
1
3
0
2
3
1
3
4
2
2
1
4
2
1
4
7
1
4
1
1
4
1
3
1
2
2
3
0
3
0
4
1
4
1
0
3
4
1
2
3
1
2
1
0
2
3
1
1
2
2
2
1
0
0
0
0
2
3
2
2
0
0
1
0
3
2
1
1
3
1
0
1
1
3
4
2
1
3
1
0
1
3
1
4
1
2
4
3
1
1
2
2
3
0
2
1
2
4
0
5
1
0
1
1
6
0
1
0
3
3
3
0
1
3
2
1
2
4
4
5
7
1
1
2
1
0
1
3
3
2
2
1
1
0
0
0
3
0
2
1
3
1
1
1
1
3
1
0
1
1
3
1
1
3
3
3
0
0
1
3
3
0
0
4
2
3
0
0
1
0
4
2
0
0
2
1
2
2
4
1
1
2
2
1
1
3
0
1
2
1
2
2
1
4
1
1
1
4
3
4
1
1
1
1
3
0
4
0
1
1
1
2
2
4
1
1
1
2
2
1
4
2
0
1
3
0
4
3
2
2
2
1
1
1
0
2
2
0
1
1
2
3
0
1
0
0
1
1
1
2
3
2
1
2
1
0
3
2
2
0
3
2
2
2
2
0
1
0
1
1
1
0
1
3
1
1
0
2
0
1
1
1
3
1
1
3
1
0
0
1
1
0
0
2
0
1
0
2
2
1
3
2
2
0
3
1
3
0
2
1
2
2
1
1
3
1
2
1
2
2
3
1
2
2
4
2
1
1
0
2
2
2
1
1
0
0
2
1
1
2
2
0
2
0
1
2
1
2
0
2
0
1
0
1
1
1
2
0
2
2
1
0
1
4
1
2
1
0
2
2
2
0
0
2
2
2
3
1
2
1
0
2
0
2
0
2
1
3
1
0
3
2
0
0
0
4
3
3
0
4
6
1
0
1
1
2
2
1
5
0
3
1
0
1
2
3
2
2
1
1
4
2
2
4
0
1
5
0
1
1
0
1
0
0
2
1
2
1
3
0
4
2
2
1
3
1
0
2
0
2
3
1
0
1
0
1
2
2
1
1
2
4
2
1
0
0
3
2
0
1
1
1
1
4
0
1
3
1
2
1
0
0
2
0
0
1
0
2
2
2
1
2
1
3
2
1
3
0
2
1
2
0
1
0
2
0
0
1
2
1
1
1
1
2
1
1
1
2
0
0
2
0
2
3
0
1
0
0
1
0
2
1
2
1
3
0
2
2
0
0
1
1
0
1
2
0
1
2
4
1
0
0
0
1
2
2
2
1
0
1
1
5
4
2
1
3
3
2
3
0
0
2
2
1
0
3
0
0
3
0
2
2
0
2
0
3
0
0
2
1
0
0
1
1
3
0
1
1
1
3
1
0
2
1
3
3
0
0
1
2
0
1
1
3
4
1
1
1
0
0
1
1
0
1
4
1
2
2
2
3
2
2
0
0
0
2
2
2
2
0
2
2
2
1
2
0
2
3
1
1
2
0
1
2
1
3
0
4
2
0
1
2
1
0
0
0
0
3
0
0
1
0
0
0
2
2
1
2
1
2
0
0
1
0
2
0
1
0
0
2
0
1
1
0
2
1
2
1
0
0
0
0
1
0
3
3
1
2
0
1
1
1
0
2
1
0
0
1
0
2
3
3
0
2
3
0
2
2
2
1
0
4
0
0
0
0
0
0
2
0
0
2
1
1
0
1
3
6
0
3
0
1
3
0
1
0
2
1
0
2
0
2
0
0
1
0
3
0
1
1
1
1
2
2
0
1
3
1
0
1
2
0
2
1
0
0
1
0
1
1
0
0
0
1
2
2
1
2
0
1
2
3
1
0
0
1
3
1
0
2
0
0
1
2
0
1
0
1
0
1
0
3
1
1
0
1
0
3
1
3
1
0
1
2
0
0
0
0
1
0
0
1
1
0
2
1
1
1
1
0
2
0
4
2
3
2
3
3
0
1
0
0
1
0
1
3
1
0
0
0
2
1
0
1
0
2
3
1
0
0
1
5
2
3
1
1
0
1
0
0
2
0
4
0
0
1
1
1
0
2
1
1
2
1
1
1
0
1
0
0
1
1
2
2
0
0
1
2
0
2
1
2
5
1
2
1
0
1
0
1
0
0
1
3
1
1
1
1
0
0
2
1
0
3
2
1
1
0
3
2
2
1
0
0
3
2
1
2
1
2
0
0
1
0
2
0
1
0
1
1
0
3
2
1
1
2
3
0
1
0
0
2
1
1
0
1
3
1
1
3
1
2
0
0
0
0
2
1
2
1
0
1
0
1
0
1
1
1
0
1
1
2
0
0
4
0
1
0
0
0
2
0
0
0
2
1
2
1
1
0
2
3
0
3
1
0
0
2
1
1
0
0
1
0
2
1
0
0
1
1
0
1
0
1
0
3
0
0
0
0
0
1
1
1
0
1
6
0
2
1
1
3
1
1
1
1
1
0
1
0
0
1
0
0
1
0
1
1
1
2
1
0
2
1
0
0
0
1
0
0
0
0
1
2
1
0
0
1
1
1
2
0
2
0
2
1
0
2
1
1
1
1
1
1
1
3
0
1
0
1
0
1
0
0
1
0
4
0
2
1
0
0
1
0
0
0
0
0
0
0
0
1
0
0
0
3
3
3
1
0
2
0
0
2
0
0
0
0
1
1
0
3
1
3
1
0
2
1
0
2
0
0
1
0
1
0
1
1
0
1
0
1
1
0
0
0
1
0
1
0
0
1
1
1
1
1
1
1
1
2
1
1
1
0
2
1
1
0
0
1
2
1
1
0
1
0
0
1
0
1
0
2
0
1
0
0
0
0
3
1
1
1
3
0
1
3
1
2
1
0
1
3
0
1
0
2
2
0
1
0
2
1
1
1
1
0
0
0
0
1
1
0
1
1
0
1
0
1
0
1
0
1
1
2
1
1
0
0
0
2
1
1
0
0
2
2
0
2
1
0
0
2
1
1
1
0
0
0
0
0
1
3
2
0
2
1
0
1
0
0
1
1
0
0
2
1
0
0
1
0
1
0
1
0
0
0
1
0
2
0
1
1
0
0
1
0
0
2
1
0
0
1
1
1
1
1
1
1
0
1
0
1
2
2
0
3
1
0
0
0
0
0
1
1
1
1
1
1
0
0
0
1
1
0
0
1
1
0
0
0
1
2
0
1
0
0
0
0
1
1
0
2
1
3
2
0
1
1
2
0
0
0
2
0
1
1
2
1
1
0
1
1
4
1
1
1
2
0
1
4
2
0
2
2
1
4
0
3
1
0
2
1
3
1
1
0
0
1
3
2
1
0
1
1
0
3
2
1
1
2
0
1
1
0
0
0
1
0
1
0
0
0
1
0
0
0
1
2
0
1
1
2
0
0
0
1
1
0
0
0
2
0
1
0
2
1
0
1
1
0
1
1
2
0
0
0
0
2
1
2
0
1
0
1
0
0
2
0
1
2
0
2
2
1
0
1
2
1
1
2
0
0
1
0
0
0
0
2
0
1
0
1
0
1
1
1
0
2
2
1
0
0
1
1
2
0
1
1
1
0
0
0
1
2
1
0
0
1
0
0
1
2
1
0
0
1
0
2
1
1
0
0
0
1
0
1
0
2
0
1
1
2
1
0
2
0
0
0
1
1
0
2
1
2
0
1
0
0
2
0
2
1
0
6
2
1
1
0
0
1
0
1
0
1
1
0
0
0
0
1
3
0
0
1
0
0
3
1
0
0
1
0
1
1
2
0
0
1
1
0
0
2
0
0
1
0
1
0
0
3
0
1
1
0
0
1
1
1
1
1
0
1
2
1
2
0
2
0
0
1
1
1
2
4
2
1
3
1
0
1
0
1
2
0
2
1
0
1
0
2
1
0
0
0
0
0
0
2
3
1
0
1
1
0
1
1
0
0
1
1
0
0
1
0
3
2
0
2
1
1
1
0
0
0
2
1
1
2
0
0
0
0
0
0
1
0
0
0
0
1
2
0
0
3
2
3
2
0
0
3
1
1
0
0
1
0
1
1
0
1
0
0
1
2
1
0
0
1
0
1
0
1
0
2
1
0
1
1
3
1
2
0
1
1
0
0
2
3
0
2
0
0
1
1
0
1
2
0
1
1
2
0
0
0
0
2
0
1
3
0
2
0
0
0
0
0
0
1
1
2
1
0
0
1
0
0
0
0
0
1
0
2
1
0
1
0
1
2
1
0
0
0
0
0
0
0
0
1
1
0
1
0
2
2
3
0
0
1
0
1
0
0
0
0
0
1
2
1
0
1
2
1
0
0
2
0
0
0
2
0
3
1
0
1
1
0
2
2
0
1
2
0
0
0
0
0
0
0
0
1
1
0
0
1
0
1
0
1
0
0
0
1
1
0
2
2
0
2
0
0
0
0
0
0
1
0
2
0
0
0
1
0
0
2
0
0
1
2
1
0
0
0
0
2
0
1
0
1
1
0
0
1
0
1
1
0
0
0
1
1
0
0
0
1
5
0
0
0
3
4
2
1
1
2
1
0
0
0
0
0
1
2
0
1
0
0
1
2
0
1
0
0
1
2
0
2
0
0
2
1
0
0
0
1
1
0
1
0
1
0
0
0
1
1
0
1
0
2
0
0
0
0
2
0
0
1
0
0
0
1
0
3
2
1
0
0
0
0
0
0
0
1
0
2
1
0
0
1
0
1
0
2
0
1
0
1
1
1
1
0
0
0
0
0
0
0
0
0
0
2
0
0
1
0
1
2
1
1
0
1
0
0
1
1
1
0
0
1
0
2
0
1
0
0
0
2
1
0
0
0
0
1
1
2
2
0
1
0
1
0
0
1
2
1
0
0
0
0
2
0
0
0
1
5
1
2
0
0
0
0
2
0
1
0
3
0
2
2
2
0
1
0
1
0
1
0
0
0
0
3
1
1
2
0
2
1
0
0
1
0
1
0
1
1
0
0
2
0
3
0
1
0
1
0
0
0
3
2
1
1
1
0
1
0
1
1
2
1
1
1
1
0
1
0
3
0
2
2
2
2
1
1
3
0
1
1
1
2
0
1
0
0
0
0
3
1
3
4
1
1
4
5
2
2
2
1
5
3
1
1
0
2
4
4
1
5
2
6
8
1
1
5
3
9
2
4
8
4
6
2
2
5
8
4
5
2
7
2
10
4
10
8
15
7
3
13
7
9
10
7
6
6
10
9
14
15
13
8
9
5
6
11
11
11
6
11
15
8
13
7
7
9
9
13
10
8
9
11
12
2
8
6
10
10
13
7
9
11
10
7
4
7
5
1
10
5
2
3
6
6
1
6
8
9
7
6
4
7
3
7
5
4
2
6
3
4
8
4
2
2
6
6
4
1
5
6
5
1
4
1
2
2
2
3
2
0
1
2
1
1
1
2
2
3
1
2
2
3
0
0
2
0
2
1
2
1
1
0
0
0
1
3
2
2
0
0
2
1
2
1
1
2
2
1
2
2
1
0
1
0
2
0
0
2
0
2
1
2
1
0
1
0
1
0
1
0
1
1
1
2
1
0
2
0
0
0
0
1
1
0
1
2
2
0
0
0
0
0
0
0
1
1
0
1
1
0
0
1
1
0
0
0
0
0
0
1
0
0
0
0
0
2
2
1
2
0
1
0
0
0
0
0
0
0
0
0
0
0
2
2
0
0
0
0
1
3
0
0
0
0
0
0
0
0
2
0
1
0
1
0
0
2
0
1
0
0
0
1
1
0
0
0
1
0
0
0
1
0
0
0
1
0
0
0
1
0
1
0
0
0
0
0
2
0
2
0
0
0
0
0
1
0
1
0
0
0
0
1
2
1
1
0
0
1
0
2
0
0
0
1
1
1
0
1
0
1
1
0
0
0
1
0
0
1
0
0
1
0
0
2
0
1
0
0
0
0
0
0
0
0
1
0
0
0
2
2
0
0
0
0
0
1
1
2
1
0
0
0
0
0
0
0
0
0
1
0
0
0
2
1
1
1
1
2
1
1
0
1
0
2
2
0
0
0
0
0
0
0
2
0
0
2
0
0
1
0
1
0
1
2
0
0
1
1
1
0
2
1
0
0
0
1
1
0
0
1
0
0
1
0
1
1
0
1
1
1
1
1
0
0
0
0
0
0
0
0
1
2
1
0
0
1
1
0
0
0
0
0
0
1
0
1
0
0
0
0
0
1
2
0
0
0
0
0
0
0
0
3
0
1
0
0
2
0
0
1
0
0
0
0
0
0
1
2
1
2
0
0
1
0
0
0
0
0
2
0
0
0
0
0
1
0
0
0
0
1
0
0
1
1
0
0
0
0
1
0
0
0
0
0
0
0
1
0
2
0
0
0
1
1
0
0
1
1
1
2
0
1
1
2
2
0
2
1
0
0
1
0
0
1
0
2
1
1
0
0
0
1
3
2
1
0
0
1
0
0
0
0
0
0
0
0
1
0
0
2
0
0
0
1
0
1
1
1
0
1
0
1
0
1
0
0
1
2
0
2
0
0
0
0
1
0
0
0
1
1
0
0
1
2
0
1
0
0
0
0
0
0
0
0
0
1
0
0
1
0
0
0
0
0
1
0
0
0
0
0
1
1
0
2
0
0
0
0
1
0
0
0
1
0
0
0
0
0
1
0
0
2
0
1
0
0
0
0
1
0
0
0
0
1
0
0
0
0
0
1
0
0
0
0
0
1
0
0
1
0
0
0
0
1
0
0
1
0
1
1
0
0
0
0
0
0
0
0
0
0
0
0
0
1
0
1
0
1
1
1
0
0
0
0
0
1
0
1
0
0
1
0
1
0
0
0
0
0
1
0
0
1
0
0
0
1
2
0
0
0
0
0
1
1
0
0
0
1
0
1
0
0
1
1
1
0
1
0
1
0
0
1
1
1
0
0
1
1
0
2
0
0
0
0
0
0
0
1
0
1
0
0
0
0
0
0
0
1
1
1
0
0
0
0
0
0
0
0
0
1
1
2
1
1
2
1
0
0
0
0
0
1
0
0
0
1
0
0
0
0
0
0
0
2
1
0
0
0
0
2
1
1
3
0
1
0
0
0
0
0
1
1
1
0
0
0
1
0
1
0
1
0
1
1
0
0
0
1
0
0
1
2
1
0
0
1
0
0
0
0
0
0
0
0
0
0
2
0
1
0
0
0
0
0
1
0
3
0
0
0
0
1
0
0
0
1
0
0
1
1
1
0
1
0
0
1
0
0
1
0
0
0
1
0
0
0
0
1
0
0
0
0
0
0
0
1
1
0
0
1
0
0
0
0
0
0
0
0
0
0
0
1
3
1
1
0
1
0
0
1
0
1
0
0
0
0
0
0
0
1
1
1
0
0
1
0
0
0
1
0
0
0
2
2
0
1
0
0
2
0
3
0
0
0
0
0
0
0
0
0
0
0
0
0
0
0
0
0
0
0
0
0
0
0
0
0
0
0
0
0
0
0
0
0
0
0
0
0
0
0
0
0
0
0
0
0
0
0
0
0
0
0
0
0
0
0
0
0
0
0
0
0
0
0
0
0
0
0
0
0
0
0
0
0
0
0
0
0
0
0
0
0
0
0
0
0
0
0
0
0
0
0
0
0
0
0
0
0
0
0
0
0
0
0
0
0
0
0
0
0
0
0
0
0
0
0
0
0
0
0
0
0
0
0
0
0
0
0
0
0
0
0
0
0
0
0
0
0
0
0
0
0
0
0
0
0
0
0
0
0
0
0
0
0
0
0
0
0
0
0
0
0
0
0
0
0
0
0
0
0
0
0
0
0
0
0
0
0
0
0
0
0
0
0
0
0
0
0
0
0
0
0
0
0
0
0
0
0
0
0
0
0
0
0
0
0
0
0
0
0
0
0
0
0
0
0
0
0
0
0
0
0
0
0
0
0
0
0
0
0
0
0
0
0
0
0
0
0
0
0
0
0
0
0
0
0
0
0
0
0
0
0
0
0
0
0
0
0
0
0
$ROI:
0
0
$PRESETS:
Live Time
0
0
