$SPEC_ID:

$SPEC_REM:
DET# 1
DETDESC# MCB 25
AP# ORCA (11.0h)
$DATE_MEA:
2017-08-12 23:04:42 +0000
$MEAS_TIM:
3283.28 4320.00
$DATA:
0 16383
0
0
0
0
0
0
0
0
0
0
0
0
0
0
0
0
0
0
0
0
0
0
0
0
0
0
0
0
0
0
0
0
0
0
0
0
0
0
0
0
0
0
0
0
0
0
0
0
0
0
0
0
0
0
0
0
0
0
0
0
0
0
0
0
0
0
0
0
0
0
0
0
0
0
0
0
0
0
0
0
0
0
0
0
0
0
0
0
0
0
0
0
0
0
0
0
0
0
0
0
0
0
0
0
0
0
0
0
0
1
2
36
1447
10111
18522
18257
16510
15688
15078
15132
15269
15370
15344
15595
15917
16041
16279
16429
16553
16695
16680
16645
17321
17062
17125
17074
17158
17043
17152
16701
16732
16598
17027
16824
16463
16743
16572
16530
16361
16454
16402
16169
16180
16253
16243
16186
16052
15989
15926
16045
15765
15877
15884
15741
15843
15764
15550
15522
15448
15351
15715
15536
15377
15389
15306
15302
15096
15242
15244
15176
15136
15089
15402
15237
15129
14855
14967
15033
15035
15114
14846
14645
14776
14858
14981
14635
14777
14626
14568
14750
14616
14466
14399
14521
14417
14560
14474
14337
14528
14297
14300
14236
14186
14096
14276
14408
14362
14143
14004
14201
14161
14213
13965
14002
14006
13940
13933
13897
13813
14037
13833
13849
13798
13937
13833
13772
13756
13907
13681
13642
13741
13628
13658
13733
13623
13774
13503
13561
13337
13583
13573
13424
13665
13297
13534
13589
13477
13372
13459
13478
13191
13188
13313
13335
13417
13517
13068
13109
13175
13002
13260
13452
13182
13073
13331
12942
13038
12936
12831
12823
13150
13082
12945
13070
12998
12971
12831
12834
12854
13056
12996
12570
12827
12696
12885
12677
12933
12722
12766
12759
12639
12705
12713
12891
12568
12817
12770
12634
12616
12451
12548
12346
12664
12469
12473
12591
12509
12600
12275
12575
12499
12529
12313
12421
12488
12591
12359
12432
12449
12422
12366
12527
12233
12171
12493
12436
12253
12102
12238
12271
12223
12373
12188
12358
12292
12085
12064
12224
12137
12067
12065
12309
12026
12289
12158
12108
12158
12065
12076
12075
12099
12012
12245
12055
11925
12037
12345
11963
11951
11893
11742
11812
12052
11943
11999
11907
11915
12070
11806
11953
11903
11752
11745
11965
11934
11882
11807
11701
11585
11889
11608
11841
11741
11763
11628
11786
11767
11787
11783
11597
11657
11769
11716
11563
11564
11602
11494
11400
11632
11680
11454
11665
11538
11508
11740
11666
11358
11571
11627
11584
11466
11340
11489
11652
11411
11687
11402
11381
11472
11537
11293
11123
11435
11334
11404
11250
11417
11485
11458
11559
11350
11204
11312
11200
11381
11498
11382
11393
11435
11535
11351
11165
11390
11222
11564
11332
11111
11184
11273
11028
11224
11107
11238
11118
11270
11272
11233
11136
11103
11223
11196
11257
11019
11280
11153
11063
10998
11134
11068
11300
10990
10849
11086
11249
11064
11234
11033
11035
11040
11026
11017
11022
11194
10997
10865
10965
11008
11001
10820
10808
10865
10998
11240
11020
10888
11058
11062
11034
10741
10851
10857
11059
11016
10954
10790
10827
10676
10892
10843
10791
10806
10938
10702
10778
10778
10945
10848
10911
10772
10705
10770
10844
10755
10799
10803
10767
10788
10805
10718
10676
10706
10907
10815
10859
10680
10787
10655
10687
10840
10894
10714
10542
10709
10617
10741
10596
10557
10768
10583
10408
10608
10648
10803
10377
10574
10650
10460
10625
10432
10674
10485
10580
10626
10547
10459
10752
10639
10541
10458
10427
10582
10532
10532
10419
10566
10578
10623
10529
10362
10386
10338
10331
10576
10388
10383
10309
10081
10577
10447
10429
10444
10434
10242
10465
10229
10242
10255
10382
10554
10300
10375
10235
10070
10395
10348
10121
10212
10222
10168
10082
10251
10213
10104
10254
10108
10383
10158
10214
10265
10292
10404
10195
10123
10224
10217
9970
10111
10092
10185
10169
10071
10244
10157
10070
10146
10111
10301
10252
10179
10214
9991
10214
10051
10119
10234
10140
10169
9911
10232
9970
10201
10006
10088
10122
10141
10042
10181
10001
9871
10262
10014
9998
10099
10101
9999
10018
9963
10050
9993
9969
10056
10148
10011
10170
10027
10016
9947
10019
10062
10016
9967
10099
9766
9992
9825
9901
10076
10078
9949
10059
9946
9940
9966
9876
9999
9763
10031
9892
9841
9868
9805
9840
9830
9992
9900
9879
9927
9740
9874
9952
9940
10093
9832
10063
10008
9954
10036
9838
9824
10201
10002
9858
9774
10036
9936
9854
9959
9882
9955
9758
9953
9816
9853
9825
9820
10031
9943
9622
9937
10017
9780
9851
9950
9874
10018
9829
9799
10116
9908
9996
9957
10029
10022
9794
9858
9930
10001
10095
9829
9815
9921
9945
10004
9914
9980
9893
10177
10095
10121
10182
10092
10178
10096
10282
10269
10342
10354
10252
10439
10527
10652
10809
10770
10621
10946
10840
11066
11273
11363
11666
11721
11639
11797
11856
12120
12305
12270
12121
12512
12591
12508
12967
12951
13009
13162
13349
13421
13425
13429
13699
13953
14176
13959
14106
14229
14308
14041
14438
14440
14658
14640
14792
15035
14812
15110
15361
15216
15170
15617
15565
15535
15820
15752
16082
16170
16316
16675
16757
16913
17248
17168
17614
17191
17310
17116
16817
16764
16936
16592
16333
16319
16053
15878
15381
15324
15126
15215
14855
14699
14327
14366
14111
13936
13551
13255
12969
12935
12698
12323
12309
11937
11818
11444
11536
11223
11006
10901
10835
10594
10540
10427
10362
10198
10102
10028
10063
10106
9721
9755
9815
9782
9520
9715
9775
9632
9567
9573
9506
9487
9693
9642
9509
9559
9576
9549
9455
9485
9531
9518
9425
9343
9491
9444
9527
9451
9553
9513
9625
9532
9416
9485
9647
9496
9657
9526
9657
9616
9680
9521
9568
9470
9641
9686
9549
9658
9673
9810
9628
9531
9650
9615
9692
9708
9635
9500
9540
9535
9774
9640
9802
9700
9699
9704
9775
9593
9785
9502
9760
9876
9739
9711
9768
9454
9745
9686
9880
9749
9939
9783
9917
9788
9909
9808
9985
10118
9744
9939
9967
9932
9833
9986
9943
9861
9898
9980
10002
10012
10027
9899
10078
9960
10118
9895
10076
10102
10276
10061
9903
10046
10005
10195
10077
10175
10149
9938
10267
10250
10137
10339
10398
10420
10098
10286
10371
10228
10495
10298
10241
10334
10208
10089
10215
10296
10338
10293
10526
10349
10398
10204
10201
10459
10439
10520
10471
10626
10423
10331
10604
10489
10477
10355
10512
10565
10365
10612
10519
10594
10603
10634
10492
10568
10697
10652
10691
10578
10713
10654
10654
10664
10646
10736
10894
10840
10709
10601
10771
10818
10721
10900
10658
10531
10811
10896
10946
10930
10885
10782
11012
10870
11032
11022
10845
10884
10977
11070
11013
10874
10887
11069
11104
11118
11159
10994
11040
10926
11133
10822
11067
11027
11137
11268
11070
11133
11023
10996
11087
11372
11161
11079
11113
11309
11213
11151
11262
11132
11401
11279
11265
11457
11195
11325
11241
11152
11410
11263
11419
11207
11120
11346
11431
11369
11309
11368
11335
11275
11324
11448
11495
10991
11357
11277
11283
11503
11416
11344
11602
11427
11490
11425
11381
11502
11519
11407
11583
11700
11448
11500
11587
11590
11632
11481
11675
11541
11831
11707
11589
11594
11599
11474
11528
11854
11713
11752
11669
11839
11757
11579
11782
11958
11682
11956
11865
11908
11884
11616
11902
11799
12127
11957
11827
11869
11776
11771
11694
11901
11718
11807
11650
11988
11943
11933
11935
11834
11923
11952
11924
11966
12034
11968
11998
11955
11977
11839
12088
11950
11967
11799
12184
11941
12125
11953
12078
11897
12228
12035
12099
12222
12090
12428
12103
12124
12039
12191
12123
12335
12291
12199
12195
12219
12364
12329
12282
12376
12257
12193
12360
12254
12330
12340
12247
12379
12427
12254
12505
12351
12439
12419
12360
12163
12508
12550
12495
12400
12464
12235
12443
12526
12446
12410
12504
12299
12515
12566
12616
12624
12273
12480
12495
12502
12560
12572
12549
12423
12726
12707
12654
12484
12501
12712
12500
12614
12724
12620
12690
12634
12612
12783
12520
12781
12488
12805
12911
12572
12829
12549
12786
12742
12594
12731
12946
12670
12588
12680
12783
12662
12819
12759
12934
13016
12781
13010
12946
12871
12820
12934
13112
12755
12942
13240
12974
12834
13060
13043
13223
13109
12942
13007
13059
13024
13128
13060
13218
13175
13126
12949
12976
13186
13190
13014
13409
13270
13088
13231
13355
13323
13502
13360
13466
13353
13366
13190
13275
13353
13391
13444
13168
13472
13346
13358
13274
13457
13442
13261
13304
13427
13578
13268
13808
13692
13593
13451
13625
13603
13644
13810
13644
13614
13725
13689
13616
13844
13600
13698
13700
13956
13857
13821
13788
13946
13906
13815
13864
13778
14014
14091
13965
13923
14043
13855
14226
14062
13828
14014
14004
13851
14029
14319
14301
13957
14187
14377
14166
14045
14276
14260
14245
14259
14138
14434
14187
14286
14435
14326
14375
14599
14421
14156
14313
14388
14465
14459
14281
14452
14404
14287
14443
14410
14294
14586
14583
14578
14638
14534
14581
14656
14730
14792
14691
14933
14644
14588
14769
14729
14622
14884
15032
14931
14783
14841
14740
14928
14891
14863
14901
15099
14873
15028
14881
14648
14706
15022
14961
14869
14865
15063
14985
15160
15072
14876
14997
15025
15085
15143
15119
15112
15155
14696
15221
14963
15048
15130
15116
15170
15176
14905
15220
15365
15141
15282
15312
15183
15311
15265
15236
15202
15140
15286
15448
15365
15370
15495
15484
15499
15547
15431
15431
15505
15615
15546
15639
15535
15633
15904
15662
15675
15854
15799
15697
15880
15951
16147
15819
15928
15918
15968
15926
15982
16027
16006
16022
16279
16278
16134
16090
16209
16214
16284
16391
16424
16175
16386
16332
16359
16502
16402
16466
16539
16714
16366
16521
16505
16532
16665
16377
16612
16458
16749
16881
16674
16715
16565
16672
16785
16687
16806
16692
16800
16651
16774
16751
16794
16664
16625
16554
16884
16550
16643
16766
16955
16671
16805
16610
16801
17033
16738
16836
16555
16794
16818
16683
16812
16827
16689
16649
16839
16842
16787
16970
16754
17065
17010
17084
16993
17000
16964
16952
16943
16940
16989
17206
17220
17052
17258
17102
17086
17265
17310
17020
17416
17375
17122
17104
17417
17243
17086
17279
17251
17597
17132
17362
17476
17287
17422
17580
17224
17357
17475
17382
17323
17376
17394
17533
17525
17617
17842
17651
17522
17760
17634
17526
17754
17580
17805
17551
17442
17693
17375
17452
17298
17263
17410
17081
17097
17207
17094
16967
17344
16897
16772
16489
16646
16537
16517
16392
16596
16407
16604
16243
16109
16338
16161
16234
16184
15944
15902
15827
16090
15813
15978
15752
15850
15688
15866
15441
15596
15574
15521
15523
15362
15593
15430
15428
15383
15335
15324
15407
15171
15309
15231
15352
15310
15381
15500
15048
15222
15383
15314
15106
15233
15278
15454
15035
14961
14958
15215
15112
15203
15285
15187
14775
15028
14801
14995
15049
15061
15034
14742
14970
14925
15206
15002
14936
15141
14870
14982
14775
14811
14778
14950
15106
14733
15016
14874
14940
14967
14725
14935
14740
14807
14659
14676
14830
14792
14690
14855
14438
14647
14869
14693
14864
14948
14658
14695
14699
14594
14661
14741
14875
14714
14704
14539
14643
14508
14636
14944
14643
14388
14755
14608
14517
14891
14627
14662
14650
14591
14695
14630
14622
14690
14498
14488
14625
14515
14614
14340
14451
14533
14668
14491
14595
14503
14530
14468
14268
14426
14470
14475
14512
14544
14467
14431
14505
14519
14277
14391
14259
14349
14220
14352
14096
14348
14364
14335
14405
14537
14304
14306
14348
14245
14341
14343
14365
14188
14303
14370
14368
14406
14216
14216
14052
14318
14400
14292
14234
14305
14023
14202
14167
14273
14234
14278
14084
14170
14362
14169
14234
14177
13947
14419
14167
14197
14298
14165
14087
14147
14103
14023
14211
14428
14133
14086
14159
14168
14106
14234
14229
14066
14001
14313
14114
14019
14122
13970
14165
14020
14245
14035
14165
13918
14155
14200
14002
14156
13954
14021
14008
14137
14077
14084
14066
14109
13797
14065
13922
14227
14164
14024
13867
14019
13766
14172
13968
14032
14045
14439
13850
14001
14064
14077
13713
13866
13894
13899
14069
13883
13997
14070
13596
13980
13867
13922
13697
13981
14048
13900
13963
14198
13909
13929
13768
13987
13831
14077
13745
13705
13821
13907
13739
13751
13815
13621
13732
13744
13719
13806
14121
13709
13786
13791
13682
13850
13811
13926
13557
13996
13551
14010
13884
13871
13877
13886
13773
13983
13858
13702
13670
13803
13746
13901
13721
13899
13776
13830
13586
13688
13884
13864
13671
13928
13813
13488
13607
13800
13835
13972
13931
13703
13641
13910
13537
14079
13571
13784
13736
13799
13570
13700
13668
13642
13777
13819
13595
13658
13661
13697
13859
13606
13688
13709
13669
13542
13717
13812
13826
13684
13855
13607
13746
13579
13608
13682
13536
13664
13701
13454
13570
13547
13604
13256
13491
13438
13544
13411
13426
13509
13495
13483
13524
13420
13397
13413
13437
13205
13586
13415
13475
13301
13454
13198
13385
13418
13470
13366
13306
13641
13446
13319
13184
13428
13299
13317
13189
13037
13198
13459
13268
13115
13109
13187
13044
13000
13186
13137
13025
13059
12951
13029
12878
12893
13005
12939
12725
12947
12912
12887
12752
12921
12800
12879
12544
12896
12728
12647
12619
12729
12256
12515
12494
12534
12493
12283
12562
12498
12353
12172
12368
12210
12212
12308
12128
12132
12223
11916
12055
11896
11882
11882
12013
12042
11872
11932
11839
11665
11600
11772
11644
11621
11556
11382
11415
11451
11358
11307
11421
11560
11276
11232
11309
11287
11256
11140
11238
11214
11118
11214
11060
10967
10907
11186
11062
11285
10836
10881
10773
10765
10833
10665
10769
10755
10960
10733
10815
10745
10662
10753
10820
10747
10570
10708
10674
10560
10563
10518
10610
10557
10488
10502
10335
10553
10407
10372
10360
10157
10355
10280
10334
10310
10368
10312
10313
10356
10259
10274
10264
10137
10174
10185
10276
10344
10164
9980
10053
10106
10119
10149
9859
10157
9947
9998
10115
10055
10072
9928
10062
10118
10057
9892
9935
9886
9893
9903
9910
9956
10114
10180
9954
10027
9985
10063
10078
9983
9978
10039
9975
10068
10014
10268
10087
10007
10209
10183
10042
10068
10121
10361
10186
10118
10196
10205
10094
10247
10361
10223
10213
10392
10378
10095
10321
10196
10220
10393
10430
10430
10389
10226
10280
10352
10432
10292
10335
10117
10410
10400
10690
10350
10580
10472
10501
10497
10709
10519
10617
10509
10309
10529
10427
10484
10442
10323
10371
10360
10347
10145
10049
10162
10064
10089
10065
9958
9862
9897
9768
9748
9662
9794
9748
9661
9520
9505
9561
9386
9382
9311
9358
9321
9120
9201
9198
9014
9075
9109
9109
9012
9159
8941
9125
8979
8926
9003
8768
8908
8970
9148
9019
8905
8945
8928
8710
8835
8645
8637
8849
8880
8801
8716
8912
9002
8693
8678
8805
8760
8660
8589
8682
8771
8802
8742
8577
8711
8518
8588
8514
8512
8807
8652
8552
8595
8605
8415
8578
8509
8449
8551
8446
8521
8406
8390
8425
8586
8422
8446
8487
8567
8260
8304
8484
8335
8336
8329
8477
8288
8323
8312
8377
8381
8192
8348
8400
8117
8184
8436
8231
8210
8152
8259
8148
8167
8272
8302
8071
8188
8281
8330
8018
8105
8116
8173
8023
8137
7992
7963
8141
8087
7939
8066
8110
8083
8068
8197
8000
8085
8067
7924
8248
7927
7978
8112
8045
7859
8108
7829
8036
8040
7977
7893
8024
8011
7993
8015
7948
7750
7767
7887
7875
7860
7791
7595
7840
8056
7822
7726
7745
7989
7824
7890
8024
7690
7633
7803
7817
7700
7976
7831
7666
7694
7654
7679
7731
7771
7844
7742
7730
7772
7800
7560
7767
7685
7853
7574
7641
7601
7673
7747
7592
7690
7682
7579
7580
7650
7569
7527
7674
7467
7499
7500
7556
7622
7443
7662
7529
7575
7605
7557
7664
7502
7413
7530
7672
7387
7520
7667
7550
7583
7537
7599
7462
7481
7279
7427
7481
7501
7583
7495
7432
7341
7518
7367
7324
7386
7397
7485
7359
7424
7255
7277
7405
7401
7267
7272
7368
7309
7173
7292
7432
7217
7314
7271
7336
7339
7377
7514
7280
7291
7174
7339
7382
7345
7138
7269
7283
7242
7232
7357
7285
7254
7319
7069
7327
7278
7189
7196
7115
7161
7136
7179
7053
7225
7170
7245
7257
7249
6938
7159
7003
7240
7146
7098
7165
7146
7159
7143
7152
7041
6980
7190
7125
7314
7171
7148
7050
7128
7240
7048
7001
6922
7127
6955
6949
7031
7130
7020
7184
6938
6955
7069
7120
6985
7128
6896
6901
6968
6857
6893
6825
6864
7039
6927
6863
6931
6952
6923
6816
6946
6804
6987
6872
7008
6965
7005
6926
6940
6857
6975
6784
6790
6977
6813
6773
7000
6818
6911
6931
6730
6832
6875
6786
6793
6764
6900
7050
6860
6736
6892
6863
6717
6583
6677
6790
6874
6838
6795
6816
6841
6833
6835
6846
6780
6621
6788
6637
6738
6776
6742
6747
6728
6753
6659
6800
6873
6757
6749
6698
6765
6682
6731
6721
6701
6588
6763
6754
6718
6591
6732
6558
6779
6677
6728
6600
6733
6642
6665
6629
6644
6662
6605
6567
6696
6755
6607
6698
6526
6655
6733
6546
6701
6644
6682
6656
6610
6726
6619
6704
6546
6668
6609
6547
6674
6703
6519
6616
6577
6603
6550
6608
6539
6823
6738
6620
6684
6675
6828
6742
6851
6984
6987
7150
6959
7296
7134
7184
7467
7384
7627
7769
7841
8069
8341
8263
8584
8623
9105
9089
9315
9593
9677
10108
10510
10635
10773
11026
11291
11498
11894
12288
12257
12504
12744
13272
13383
13793
13813
13979
14240
14754
14873
15257
15168
15328
15625
15798
16013
16329
16496
17085
17032
17308
17443
17854
18059
18078
18741
18799
19282
19587
19582
19939
20266
20992
21159
21410
21438
21670
22196
22168
21985
21969
21729
21528
21472
21204
21066
20587
19974
19742
19242
18894
18530
18084
17488
16726
16376
15819
15153
14709
14355
13808
13232
12740
12155
11854
11450
11070
10595
10281
9981
9441
9020
8720
8654
8106
7975
7845
7716
7542
7185
7128
6896
6792
6833
6609
6535
6499
6272
6415
6340
6270
6064
6052
6033
5884
5926
5943
5924
5982
5993
6021
5846
6044
5887
5690
5871
5844
5833
5758
5736
5752
5942
5652
5744
5714
5700
5766
5752
5739
5660
5755
5756
5698
5868
5643
5744
5754
5885
5784
5583
5791
5865
5785
5775
5613
5669
5721
5717
5769
5702
5703
5771
5608
5716
5663
5767
5729
5667
5697
5720
5698
5522
5605
5547
5702
5623
5608
5610
5594
5673
5650
5670
5733
5599
5587
5654
5729
5697
5519
5562
5703
5689
5619
5720
5668
5730
5731
5583
5550
5634
5742
5739
5686
5695
5670
5796
5780
5645
5720
5566
5660
5710
5802
5638
5624
5695
5676
5747
5557
5682
5689
5564
5728
5664
5620
5662
5571
5697
5823
5811
5650
5658
5697
5581
5630
5616
5658
5767
5612
5606
5765
5757
5586
5827
5647
5713
5602
5698
5669
5755
5613
5812
5762
5812
5756
5742
5868
5925
5975
6035
6358
6312
6398
6427
6721
6775
6916
7102
7327
7567
7893
8013
8379
8717
8930
9238
9920
10185
10434
11069
11524
12135
12529
13231
13555
14350
14777
15436
16012
16617
17196
17775
18898
19008
19604
20496
21020
21788
21932
22597
23297
23949
24461
25416
25671
26132
26860
27466
27781
28413
29056
29514
30018
30171
30945
31587
32498
33027
33265
34047
34504
35642
36367
37078
37377
38722
39763
39839
40751
41262
41442
41814
42571
42388
42225
42047
42022
41498
40977
40922
39805
38857
37774
37074
36166
34711
33829
32699
31243
29930
28699
27435
26935
24947
23958
23002
21836
20600
19355
18235
17243
16262
15325
14383
13639
12764
12043
11447
10710
10123
9693
9131
8436
8156
7905
7426
7203
6783
6340
6298
6135
5964
5682
5759
5461
5353
5299
5175
5171
4938
4932
4881
4802
4639
4751
4712
4611
4424
4660
4685
4506
4548
4543
4524
4569
4455
4470
4455
4475
4409
4364
4514
4556
4381
4381
4415
4340
4301
4331
4375
4341
4479
4290
4285
4271
4263
4433
4268
4326
4342
4343
4374
4345
4195
4239
4284
4332
4372
4133
4326
4288
4320
4232
4133
4271
4348
4315
4337
4158
4270
4206
4219
4306
4307
4241
4259
4126
4301
4089
4273
4213
4294
4111
4102
4140
4270
4221
4140
3989
4180
4114
4169
4187
4258
4118
4122
4183
4153
4187
4120
4200
4108
4072
4093
4091
4103
4149
4215
4146
4135
4099
4112
4320
4042
4131
4079
4150
4074
4072
4153
4169
4037
4104
4185
4084
4130
4023
4004
4072
4031
4178
4088
4010
4116
4051
4066
4159
4127
4024
4123
4072
4060
4065
4112
3995
4080
4004
4041
4187
4018
3962
4054
4101
4083
4014
3978
4102
4086
4004
3960
3992
4155
4003
3896
4048
4051
4004
4027
4205
3949
4163
4005
4128
4048
4060
4062
4054
3923
4008
3978
4024
4023
3939
3970
4002
4019
3994
4026
4041
4053
3970
3913
4014
3905
4077
3932
3934
3901
3957
4114
3873
3942
3952
4020
3969
3954
4003
3868
3973
3926
3954
4004
3929
3929
3999
3983
4019
3958
3919
3932
4079
3851
3846
3962
3932
3856
3922
3899
3949
3964
3932
3891
3880
4057
4003
3970
3825
3909
3861
4045
4016
3928
4008
3870
3901
3854
3998
3901
3858
3807
3964
3943
3972
3902
3996
3859
3843
3937
3818
4031
3803
3813
3928
3930
3908
3813
3961
3922
3934
3914
3836
3932
3936
3875
3877
4042
3855
3920
4075
3833
3896
3969
3815
3877
3888
3957
3962
3827
3880
3972
3886
3856
3906
3865
3928
3826
3948
3897
3746
3868
3760
3717
3785
3884
3906
3909
3845
3820
3898
3863
3741
3901
3839
3859
3822
3774
3842
3736
3849
3799
3782
3906
3822
3830
3739
3850
3856
3757
3871
3830
3871
3807
3824
3758
3849
3845
3885
3741
3935
3864
3812
3825
3833
3869
3839
3901
3845
3832
3893
3832
3823
3899
3914
3926
3850
3714
3784
3689
3791
3913
3838
3873
3902
3969
3764
3830
3805
3826
3870
3859
3883
3797
3927
3988
3871
3817
3901
3778
3863
3756
3878
3885
3806
4064
3929
3906
3980
3825
3958
3811
3955
3960
3925
3990
3835
4049
3866
3942
3951
3939
3948
4025
4056
4097
3914
4080
4063
4095
3972
4082
4060
4091
4166
4005
4138
4075
4140
4156
4266
4391
4377
4267
4420
4538
4550
4714
4878
5008
5109
5389
5379
5592
5904
6044
6386
6877
7286
7681
8015
8591
9166
9943
10480
11664
12265
13138
13937
15036
16133
17592
18616
19702
21301
22562
24255
25709
27088
28808
30436
32297
34019
35764
37160
39167
41214
42370
44731
46711
48370
50222
52374
53934
55676
57324
58838
60950
62970
64392
66263
67513
69074
70874
72483
74058
75931
77957
79297
81106
83248
84086
86458
88299
90110
91937
94333
95952
97822
99743
101816
103964
104977
106255
107906
109409
109884
110090
109459
109112
108332
106902
106287
103828
102712
99401
97548
94832
92003
89243
85651
82727
79234
75280
72081
68432
64659
62006
57494
53863
51298
47690
44399
41458
38847
36044
33355
30865
28426
25926
23857
21767
19923
18369
16858
15162
13883
12596
11618
10583
9657
8821
7970
7484
6750
6264
5873
5341
4999
4689
4474
4053
3742
3454
3392
3212
3064
2946
2808
2718
2590
2553
2392
2386
2333
2233
2235
2139
2111
1996
1977
2047
1917
1923
1954
1873
1868
1805
1809
1733
1720
1738
1734
1795
1735
1735
1758
1721
1713
1705
1654
1673
1615
1656
1561
1583
1600
1593
1554
1594
1565
1536
1673
1519
1437
1584
1539
1583
1511
1548
1544
1551
1571
1537
1430
1462
1490
1493
1565
1463
1519
1479
1448
1516
1474
1410
1490
1466
1519
1465
1497
1428
1420
1434
1492
1435
1428
1453
1409
1445
1409
1356
1385
1413
1399
1453
1426
1465
1435
1409
1438
1403
1391
1377
1429
1395
1429
1446
1377
1394
1292
1381
1447
1378
1423
1384
1411
1375
1313
1361
1330
1364
1375
1386
1391
1313
1368
1400
1293
1302
1384
1335
1385
1339
1386
1418
1272
1400
1342
1369
1341
1388
1325
1296
1326
1352
1391
1294
1411
1416
1340
1331
1285
1401
1427
1379
1433
1434
1464
1412
1425
1487
1575
1545
1611
1660
1695
1738
1863
1836
1954
2081
2128
2150
2405
2370
2455
2636
2683
2894
2988
3220
3449
3454
3849
3933
4068
4310
4651
4782
5007
5217
5390
5556
6027
6219
6409
6720
6920
7237
7226
7745
7978
8200
8366
8624
8742
9192
9223
9740
9693
9879
10079
10512
10896
10681
11241
11299
11570
12005
12082
12318
12431
12788
13153
13358
13467
13937
14290
14331
14401
14515
14884
14986
15272
15267
14984
15176
15207
14872
15050
14652
14411
14299
13917
13582
13281
12875
12470
11965
11527
11099
10673
10375
9774
9337
8709
8316
7835
7385
7021
6579
6153
5859
5632
5007
4813
4527
4150
3794
3557
3309
3064
2918
2749
2547
2359
2230
2188
2029
1819
1663
1624
1589
1479
1476
1425
1342
1302
1254
1253
1153
1143
1094
1092
1105
1036
975
986
963
958
947
940
944
943
997
900
876
930
885
921
944
908
850
843
845
918
840
863
852
844
830
857
855
852
842
852
842
853
843
845
855
864
810
835
784
784
783
821
867
813
876
854
798
806
811
825
893
820
814
780
816
783
778
800
791
761
783
796
807
807
808
768
752
774
864
753
814
780
764
777
807
821
796
781
751
774
751
785
822
792
779
777
771
804
809
754
760
722
702
830
785
804
730
773
765
756
791
757
758
759
762
739
709
749
747
722
732
784
741
796
768
767
742
743
724
713
741
721
729
722
770
730
761
733
732
756
749
737
724
709
713
719
730
726
751
726
761
724
715
698
713
752
692
716
711
710
755
708
705
692
690
737
654
755
689
742
710
657
663
676
706
717
687
701
684
732
699
698
667
692
691
720
688
691
695
711
616
675
687
701
713
683
696
676
713
701
756
672
723
648
646
689
679
639
687
610
675
681
669
730
716
682
684
696
642
717
698
646
662
683
659
638
635
648
727
652
656
692
672
655
680
676
628
691
650
645
633
650
619
669
676
647
587
583
629
675
612
652
645
666
642
640
635
620
645
608
607
650
662
680
625
674
689
648
669
650
643
607
638
631
646
645
656
603
649
639
638
609
593
642
648
613
640
631
619
612
672
662
643
664
613
632
596
612
628
654
651
593
655
636
620
641
637
626
665
643
573
642
654
643
591
664
641
637
616
643
615
584
620
631
610
625
656
642
589
581
674
632
629
645
626
675
653
593
653
583
630
580
624
611
604
600
673
572
645
617
608
610
624
631
612
602
618
611
597
589
614
566
582
591
627
603
616
629
571
660
599
616
660
613
638
573
631
593
582
613
599
582
617
662
550
585
613
585
618
618
592
613
599
590
621
572
580
599
590
600
571
605
585
607
625
610
592
563
618
616
557
565
571
573
589
568
579
603
574
591
617
589
609
587
590
589
609
588
621
614
620
576
618
608
582
580
652
595
610
562
601
607
620
582
639
628
598
623
609
591
589
620
705
647
647
611
573
654
612
616
658
663
647
640
627
661
640
656
662
680
646
699
633
691
654
687
659
659
664
684
679
705
695
634
686
693
711
672
695
711
700
700
714
703
663
670
739
684
670
709
676
732
649
680
728
701
670
665
662
677
650
664
647
670
606
608
672
599
604
578
594
555
587
633
597
556
533
525
569
564
548
567
492
554
563
498
513
542
525
540
581
550
521
512
505
482
499
507
499
488
566
582
509
480
496
522
516
536
502
503
480
495
541
534
515
530
480
506
488
487
524
494
527
542
487
514
496
483
518
516
500
518
489
525
492
488
473
537
502
460
493
447
513
509
494
528
467
493
490
519
498
516
511
507
483
463
459
497
487
508
487
502
488
499
469
489
491
459
503
490
491
516
512
516
456
518
506
472
457
508
493
486
493
465
504
466
482
471
513
470
472
486
487
471
453
476
430
425
479
491
546
467
473
441
495
481
498
469
461
486
457
505
469
472
463
479
475
472
486
471
466
467
494
479
467
440
453
453
491
438
472
461
431
474
484
455
451
413
473
458
440
410
464
463
483
460
481
470
490
464
435
431
501
482
452
464
483
443
486
461
445
456
476
494
463
482
442
420
440
468
472
495
478
459
487
429
450
464
452
422
483
463
479
446
403
451
455
468
410
436
417
456
481
442
453
423
415
448
452
448
489
436
479
442
468
439
432
399
411
461
450
454
436
426
446
434
430
426
426
419
434
434
432
416
430
432
450
447
407
451
389
451
443
494
462
449
491
437
434
453
383
401
448
428
422
445
433
414
474
441
442
447
434
424
440
446
460
445
396
409
438
408
393
435
408
428
392
472
417
413
388
442
416
413
457
420
444
429
425
451
432
406
398
427
410
441
403
378
412
404
413
416
434
394
380
412
423
403
404
418
408
385
419
387
385
437
471
399
431
419
394
373
412
390
394
417
402
421
437
417
398
386
383
398
400
396
391
398
429
392
396
412
423
397
385
399
406
406
427
394
375
452
395
430
406
398
389
429
415
433
407
394
396
392
420
401
403
393
419
395
407
426
440
408
392
378
376
396
405
376
421
402
402
435
400
384
377
402
405
362
367
395
382
419
443
371
385
414
388
407
387
367
353
379
400
383
386
411
379
366
410
360
367
390
406
401
365
379
392
401
371
369
368
366
387
376
375
395
388
399
388
357
360
359
452
392
397
391
397
362
395
349
361
363
405
408
373
376
369
401
382
363
375
377
369
381
399
393
348
390
367
407
353
347
351
373
364
385
360
405
355
357
387
373
430
388
345
381
373
399
361
372
370
354
318
386
377
374
359
360
368
363
359
366
326
352
350
356
343
370
375
374
372
400
358
357
374
349
387
340
357
384
353
345
390
322
357
367
343
379
389
313
362
353
383
376
389
356
334
392
371
347
354
336
359
347
360
349
383
326
357
361
354
376
362
342
379
339
366
402
360
365
364
371
385
375
368
337
343
359
355
357
378
378
329
354
361
333
332
349
351
338
378
369
362
387
356
354
354
373
386
341
340
355
332
364
335
349
305
325
328
383
356
332
342
331
334
364
325
313
354
302
331
319
358
332
335
346
321
339
340
364
337
316
336
362
364
334
376
367
344
344
330
347
354
322
352
338
327
362
336
355
373
329
326
368
369
335
318
341
316
346
301
352
352
317
330
325
314
319
326
332
319
316
347
315
319
324
342
313
307
322
325
321
321
308
318
340
342
312
338
325
306
312
316
342
319
312
336
312
332
346
345
351
327
308
298
317
301
304
317
335
325
378
322
341
336
361
311
324
323
334
332
331
348
333
340
349
307
301
287
313
315
336
301
327
331
301
316
308
335
317
308
295
304
306
346
354
310
330
348
329
298
310
300
324
313
318
333
302
327
296
317
329
332
336
287
282
303
296
293
324
348
311
315
279
271
319
313
286
315
298
318
278
311
300
313
303
284
313
296
312
305
310
285
296
312
307
314
298
307
291
292
295
301
331
272
278
309
317
311
317
276
284
283
298
305
307
283
274
296
288
323
274
299
316
281
259
293
267
279
296
270
286
264
247
303
264
317
281
291
263
272
252
291
277
318
284
299
272
288
283
271
277
245
291
273
291
286
311
268
310
256
306
284
301
294
276
275
284
285
254
258
263
266
301
267
280
298
264
261
283
272
259
237
258
240
284
260
255
266
260
258
282
244
275
255
257
246
268
292
254
237
290
261
236
274
252
256
279
250
281
246
259
275
264
292
267
243
268
277
237
261
273
233
278
254
252
289
253
248
266
250
257
262
262
274
258
259
250
262
272
256
289
263
264
273
268
277
241
253
263
237
266
267
225
246
266
260
268
260
259
212
258
224
217
249
270
251
255
249
262
265
249
261
253
242
236
289
260
272
245
231
250
239
247
216
201
242
261
232
258
221
260
279
247
241
253
244
251
236
252
245
258
293
248
269
267
250
242
238
267
267
257
251
228
249
219
238
221
228
245
233
265
259
245
218
245
254
264
234
231
236
226
227
232
232
242
230
238
229
218
238
230
258
219
217
240
218
241
249
205
232
250
200
236
220
235
209
201
240
238
266
234
204
248
235
243
235
240
225
247
212
236
247
224
248
220
211
216
242
195
213
211
202
208
225
223
226
212
221
258
238
232
219
230
239
230
223
229
231
214
215
203
218
237
249
227
235
216
219
218
241
193
216
250
227
233
238
232
251
191
223
211
219
230
203
238
216
221
195
208
215
239
231
218
245
233
233
194
227
232
217
242
204
198
200
233
200
207
216
205
226
203
228
213
215
199
229
232
215
205
227
198
208
193
225
195
231
219
220
222
216
213
201
204
243
185
196
184
185
205
225
191
219
205
221
206
217
182
212
216
210
193
226
212
200
208
205
205
201
194
213
209
207
225
230
184
217
176
195
222
214
220
226
193
210
202
197
222
200
209
199
208
180
205
209
206
172
207
185
217
207
193
201
177
183
220
206
184
198
190
214
175
178
180
215
181
207
201
179
213
202
196
216
219
215
203
158
172
190
212
167
172
200
199
219
206
211
203
187
201
222
187
191
202
195
199
175
197
188
183
197
201
181
209
163
202
201
197
190
189
185
171
176
182
193
172
204
147
197
187
208
165
161
202
188
160
191
190
182
178
187
178
190
191
188
162
193
168
178
196
199
183
203
181
164
162
144
190
176
171
171
197
177
183
174
207
177
208
174
189
214
191
162
201
184
194
157
172
191
177
169
193
177
197
160
167
186
180
182
174
177
162
186
178
157
165
177
172
184
152
169
177
191
182
160
179
190
157
183
154
171
185
179
176
179
190
174
148
164
168
189
176
185
178
145
176
196
175
170
148
170
164
157
193
170
179
182
162
181
186
173
163
157
158
181
178
183
189
156
183
171
168
171
160
185
167
149
146
152
177
188
158
158
162
171
165
169
166
175
172
185
153
155
164
157
151
169
164
178
196
164
186
195
147
166
168
157
137
169
160
190
169
169
183
184
188
163
158
176
168
164
187
184
189
164
162
154
141
167
164
176
168
160
170
157
164
155
159
141
161
161
161
174
143
164
148
144
181
152
158
153
164
157
160
156
153
154
168
149
138
159
166
133
142
167
140
158
153
164
153
170
152
155
162
155
144
137
164
128
179
175
121
146
147
156
161
120
132
149
141
172
151
116
145
160
125
143
134
175
142
130
168
153
136
129
148
139
154
153
158
151
153
152
156
137
161
149
147
140
125
133
136
125
145
186
158
128
138
148
147
140
148
142
135
151
150
136
160
131
145
133
139
137
142
130
153
123
160
141
147
155
128
141
149
146
155
146
135
146
136
136
142
143
149
119
134
142
133
145
150
142
140
142
148
155
149
129
140
133
126
137
135
144
145
127
150
136
135
146
138
134
136
146
122
162
128
135
140
140
137
139
134
119
135
119
129
127
133
143
142
124
134
140
142
146
148
148
143
138
140
130
157
135
139
153
141
124
128
133
158
156
154
147
119
141
136
118
154
134
130
151
143
144
131
140
154
151
131
142
153
144
137
135
147
121
141
144
136
124
144
155
137
136
135
136
145
166
145
139
125
153
138
134
151
130
145
152
139
148
135
127
124
137
164
128
144
165
146
123
135
136
136
150
138
137
120
139
159
131
125
157
142
143
133
153
121
150
146
147
153
133
151
130
153
114
149
149
133
150
139
144
150
126
145
145
133
148
127
140
123
133
120
134
118
127
133
134
129
124
123
123
125
134
113
121
131
121
108
133
134
111
109
114
138
128
146
128
119
122
115
107
127
108
111
117
125
131
137
128
95
117
145
112
138
110
138
104
121
143
132
133
110
118
142
123
115
108
127
120
108
125
109
122
112
118
104
127
127
111
109
111
130
104
117
122
104
111
117
104
123
117
96
135
107
119
109
127
94
117
129
121
113
121
105
127
121
116
126
109
108
107
103
106
91
122
110
138
106
113
120
105
99
112
120
126
122
105
124
139
120
130
121
94
107
116
119
120
96
114
106
101
100
111
104
124
110
102
103
120
114
123
131
135
113
120
119
105
140
122
111
132
110
99
112
105
130
109
117
119
111
120
111
104
116
98
123
112
131
100
117
146
128
129
111
115
128
105
125
121
111
129
104
112
120
106
126
109
121
128
119
128
120
140
121
129
103
127
111
122
125
119
122
131
109
122
127
130
136
106
125
101
152
138
117
136
109
121
104
111
120
140
145
119
107
110
121
131
127
104
120
120
102
104
119
104
109
105
120
104
110
121
104
106
107
101
82
105
105
98
112
107
97
92
112
111
103
108
90
104
106
91
99
104
88
91
92
96
107
91
117
109
91
110
86
112
85
94
85
98
98
93
104
118
125
87
73
85
89
89
78
106
98
89
92
106
96
105
106
97
101
103
87
88
93
101
95
82
96
104
99
106
99
100
85
116
109
87
107
110
93
117
101
85
107
88
80
79
104
119
106
94
85
107
103
86
95
99
104
90
88
97
96
101
95
115
87
105
100
106
83
77
78
102
89
92
87
91
98
82
93
100
93
103
110
100
108
107
77
87
109
104
94
87
89
109
109
109
91
111
89
113
106
90
99
114
109
100
110
96
94
112
99
96
94
108
110
101
107
112
98
106
106
96
99
112
112
95
98
93
88
97
105
87
119
97
117
103
91
112
97
96
93
110
95
114
120
97
86
100
111
103
98
96
95
114
108
112
103
103
106
107
93
108
113
105
114
131
105
107
113
133
115
114
97
112
114
112
127
123
112
108
115
108
116
130
116
116
125
108
131
109
106
122
120
114
114
117
117
106
129
131
126
135
109
124
124
120
103
122
113
130
114
113
128
108
116
123
122
115
110
107
97
122
108
114
94
91
94
103
92
94
98
99
93
90
86
83
81
78
75
109
92
82
81
76
70
75
68
76
70
79
78
66
67
83
71
68
61
81
90
69
69
65
44
75
66
60
72
69
70
59
70
66
73
67
59
59
65
56
73
63
64
67
66
78
58
65
77
57
55
82
67
72
73
57
50
59
61
63
58
65
70
59
66
70
75
53
52
66
73
70
63
64
81
59
60
58
54
69
61
70
52
60
57
62
63
66
65
67
64
69
57
68
51
62
71
50
71
68
59
54
50
60
63
52
59
76
61
66
61
62
74
57
56
63
71
63
66
46
77
56
54
61
53
55
61
56
47
62
70
69
71
51
59
68
67
47
48
65
64
66
59
68
54
62
62
61
55
75
58
68
56
65
58
64
56
57
68
63
58
46
57
70
48
64
76
65
77
60
62
64
61
57
58
60
55
67
57
53
59
59
49
55
59
60
61
60
61
59
73
58
66
72
51
58
54
64
61
63
61
63
68
60
69
55
67
57
61
60
43
57
59
58
69
61
56
63
68
72
73
61
48
58
51
67
53
77
57
65
66
51
64
47
59
52
65
70
53
57
57
59
73
69
50
53
68
67
64
62
61
54
64
63
85
70
76
63
63
58
62
58
72
58
63
60
68
72
79
70
68
62
59
61
61
54
55
56
57
72
75
51
51
70
62
47
77
58
51
58
54
54
56
68
66
53
73
53
53
57
67
52
62
52
67
63
58
59
53
60
77
63
55
52
68
58
76
52
58
49
59
58
47
72
66
52
72
63
69
65
58
53
53
60
59
58
55
61
62
51
59
63
58
55
61
56
63
49
61
61
62
60
60
69
44
65
55
72
63
54
55
53
59
61
64
58
59
68
52
65
70
56
52
64
52
51
53
55
50
61
50
51
67
67
57
54
59
60
65
54
54
56
65
64
50
57
50
60
53
52
69
63
56
65
68
61
86
67
67
57
58
60
54
67
57
74
50
63
62
63
64
67
66
61
54
61
54
85
56
57
61
61
71
60
65
75
66
75
56
58
75
57
68
58
56
70
70
66
54
52
66
65
61
63
79
69
82
72
59
69
69
63
76
80
60
78
66
59
67
71
78
63
72
82
71
87
76
77
75
84
77
87
81
88
79
73
84
67
79
76
80
87
87
76
67
81
93
88
86
90
98
95
88
80
87
82
101
106
76
92
112
87
89
89
103
70
99
105
105
90
100
76
101
101
83
85
91
91
84
85
91
95
82
82
57
75
89
75
77
85
80
70
73
60
49
63
58
56
59
46
46
49
42
40
47
39
40
49
40
45
34
39
31
43
33
27
27
46
35
34
27
28
23
27
28
26
23
32
31
36
28
31
27
22
19
24
18
28
24
38
28
18
23
18
24
24
20
32
32
26
20
34
20
21
31
24
17
28
23
18
25
16
31
22
28
23
21
22
22
35
26
25
23
21
25
23
24
24
26
31
22
25
20
18
23
20
24
19
18
22
35
25
20
21
26
26
30
30
22
32
23
27
20
17
17
22
22
27
25
27
33
24
21
16
22
21
20
27
29
22
33
14
33
26
18
23
29
29
25
25
25
26
22
24
32
24
22
25
27
28
23
27
27
30
25
23
31
27
23
26
33
22
19
18
20
28
27
24
19
28
30
24
28
28
22
21
25
26
33
34
26
26
17
19
25
26
30
27
21
17
25
12
25
19
19
28
25
22
19
17
24
27
25
23
25
32
29
26
25
30
26
27
28
22
32
31
33
25
24
25
18
29
22
20
30
22
21
22
28
27
30
42
27
26
31
23
23
28
29
24
24
24
35
21
20
24
25
38
27
35
34
34
35
24
33
26
22
29
25
23
34
37
23
25
33
36
22
40
30
31
30
30
27
32
31
33
24
28
15
33
27
26
28
34
28
26
28
37
25
25
23
21
23
22
17
17
16
25
19
19
20
15
13
15
18
19
13
14
16
19
8
11
16
18
19
9
20
10
12
11
15
14
17
14
14
11
9
10
19
12
10
12
11
15
16
16
12
9
11
13
19
8
18
13
13
14
10
11
13
12
15
14
8
14
11
19
14
11
15
12
11
8
15
17
11
8
10
8
8
10
11
11
20
9
14
11
10
15
12
12
12
8
15
14
7
17
13
12
8
14
18
17
12
15
15
10
14
15
5
17
14
11
15
13
8
17
14
7
16
16
8
18
9
11
9
13
8
14
14
13
15
8
17
7
12
20
8
14
7
17
10
5
14
9
14
14
6
11
15
17
12
11
9
11
19
14
10
9
16
19
9
13
9
14
13
8
8
9
18
15
4
15
16
11
12
11
12
17
20
12
12
8
12
12
15
9
12
11
10
14
15
15
6
10
8
9
12
10
11
8
14
11
11
10
10
7
17
10
20
12
11
10
15
10
8
14
10
17
11
16
10
15
12
11
10
10
12
15
11
8
10
11
18
7
16
12
12
9
10
14
17
8
14
11
9
13
19
14
12
16
14
11
9
14
12
8
7
12
12
12
10
11
12
9
10
10
15
11
13
8
9
10
12
11
11
12
13
9
14
20
16
7
15
15
16
12
8
12
10
15
14
10
11
17
10
19
9
11
12
9
15
7
9
12
11
6
4
13
10
16
13
12
11
15
12
12
12
11
7
12
13
18
12
8
7
10
17
8
5
15
10
3
7
8
6
5
7
9
12
9
7
13
14
9
9
7
7
2
11
9
13
15
9
10
10
6
10
7
7
7
7
10
7
7
8
6
10
10
9
9
10
6
10
11
10
5
7
13
11
9
13
6
8
14
6
6
9
11
6
7
7
5
7
11
13
10
9
6
9
10
6
11
10
9
9
10
8
10
15
7
11
9
5
8
8
9
7
6
12
8
8
10
7
12
12
11
11
9
14
7
8
6
13
10
4
8
9
12
16
11
6
9
12
10
7
15
9
9
5
9
9
11
9
12
8
10
12
6
14
10
15
9
6
8
6
11
9
9
9
15
8
4
10
7
9
7
6
9
10
10
8
8
6
15
14
20
8
8
5
8
6
10
8
5
14
7
7
9
11
7
10
11
12
11
11
7
9
7
8
12
10
9
6
9
4
8
17
5
12
9
12
16
7
8
9
10
6
11
8
13
9
13
6
10
13
9
9
12
7
8
10
7
13
6
12
11
17
9
10
10
10
8
13
11
18
13
10
13
11
8
6
10
12
12
9
8
16
12
7
15
14
5
12
15
9
9
9
6
11
10
13
10
9
13
11
8
11
9
12
5
6
11
13
9
6
8
9
16
18
15
8
6
9
10
9
13
14
8
10
6
6
9
11
8
12
4
6
7
5
7
4
17
11
6
8
5
13
8
9
8
6
10
8
9
10
8
4
5
5
8
6
5
7
6
4
6
14
7
4
10
6
4
9
11
5
4
8
7
5
12
10
7
11
4
3
5
8
1
9
6
8
13
16
10
5
7
7
10
6
6
13
12
7
9
10
4
6
5
12
10
10
6
10
6
4
10
8
9
11
4
3
5
13
8
12
7
11
4
7
13
9
6
12
5
11
7
6
10
9
11
6
7
14
9
7
13
10
12
6
7
5
6
1
14
9
11
10
9
10
8
7
11
8
7
7
7
5
10
5
9
10
8
10
11
3
4
5
9
3
11
17
6
9
14
6
10
4
8
5
6
6
7
10
9
4
9
9
1
7
7
6
6
7
7
5
6
8
11
5
7
10
7
8
6
7
6
7
5
9
11
1
3
5
9
6
4
5
7
8
9
11
10
7
7
7
8
8
8
10
8
2
4
8
11
3
7
4
5
9
10
5
5
9
7
7
10
4
7
6
8
8
5
6
4
7
6
6
10
5
10
6
5
8
7
9
9
12
8
6
10
4
9
9
6
6
7
1
4
14
4
7
5
5
6
3
8
8
8
8
2
6
7
4
10
6
6
7
6
11
11
6
6
6
8
8
6
6
6
10
4
4
8
8
4
7
11
6
8
9
3
5
4
10
5
7
2
6
5
4
5
11
8
9
5
7
7
11
7
10
4
5
2
7
5
6
3
5
4
4
3
6
6
6
2
6
4
8
4
6
12
7
5
5
5
7
10
11
4
8
7
4
5
12
2
6
6
7
6
7
10
11
7
7
7
4
9
8
10
8
8
5
4
8
2
6
5
5
7
6
5
10
3
12
10
7
10
8
5
8
5
8
9
3
7
6
6
5
5
8
6
11
8
5
8
7
3
5
5
5
8
2
6
7
7
4
8
7
9
7
3
10
10
7
5
7
2
7
2
7
5
6
6
7
1
5
3
5
8
6
7
1
3
6
5
3
9
6
7
8
13
5
3
5
12
7
6
5
8
5
4
8
5
7
8
5
5
7
4
8
4
4
4
9
9
6
3
8
3
9
8
9
4
10
4
7
3
9
7
2
5
4
6
4
6
3
7
6
3
9
7
5
6
8
7
8
4
4
4
9
8
3
7
6
7
6
3
3
9
7
6
2
4
3
4
0
6
4
3
6
4
7
9
11
5
5
7
5
5
5
3
12
5
3
4
4
5
6
9
6
5
8
5
11
3
5
4
6
3
11
8
6
6
5
8
6
7
5
4
8
10
3
7
2
4
5
12
7
6
5
6
9
6
5
4
5
5
6
4
9
3
7
5
6
9
4
8
7
4
4
5
3
4
0
7
6
6
7
3
4
6
9
12
7
7
3
7
7
8
5
13
10
9
12
6
5
4
8
10
3
5
10
10
7
7
8
6
3
9
9
5
8
6
2
8
4
8
6
4
9
7
6
6
7
5
4
9
9
3
4
5
6
6
7
3
3
10
4
6
6
11
6
3
6
8
10
4
5
4
3
5
8
7
9
9
6
11
6
3
4
5
9
4
5
5
5
3
7
5
8
7
4
7
7
7
9
6
2
4
4
9
7
7
4
5
6
4
1
6
4
3
2
5
4
4
12
4
9
3
4
6
9
3
6
7
9
4
5
3
8
10
8
1
6
2
6
2
4
9
3
5
7
7
4
6
3
3
9
9
2
8
6
3
8
8
6
9
6
6
6
2
3
7
12
4
4
6
6
6
6
7
2
4
5
3
4
1
6
4
10
4
7
8
5
5
2
3
6
6
3
3
5
4
6
5
13
10
7
3
8
9
4
2
3
2
7
9
2
4
4
7
5
2
5
8
3
6
7
3
6
2
3
5
6
4
5
4
6
3
3
3
3
6
6
6
8
3
5
6
10
6
6
5
5
5
6
5
1
6
6
7
6
3
4
8
3
3
4
4
4
3
3
7
7
3
3
6
3
2
2
4
4
12
3
3
3
4
3
5
5
2
9
7
7
6
5
6
8
8
5
4
4
6
5
1
8
2
5
5
7
2
6
2
4
3
4
2
9
2
5
6
7
4
3
8
2
5
2
8
3
5
5
3
4
3
7
2
6
2
8
3
3
6
3
6
4
5
5
5
3
5
3
8
2
7
3
2
5
4
3
3
5
7
8
5
4
3
4
6
6
3
1
7
5
5
4
4
7
7
9
1
3
3
7
3
5
6
9
3
6
4
4
5
4
9
6
5
4
5
5
6
3
5
4
3
3
3
7
9
4
4
8
3
3
0
8
4
7
3
6
6
3
7
6
5
4
6
3
6
7
2
8
2
5
2
10
7
3
5
5
3
6
6
2
8
4
9
6
4
3
3
8
3
2
3
1
3
9
7
5
4
2
5
5
7
4
5
3
4
3
5
2
5
13
3
6
2
4
2
5
3
6
4
4
4
5
7
6
4
4
6
2
3
4
2
7
5
6
4
6
4
12
4
4
8
3
4
4
8
3
8
5
6
7
8
5
4
3
6
5
13
10
7
9
5
10
9
4
6
7
3
14
7
5
5
9
11
3
9
5
9
11
4
6
13
10
9
9
8
14
6
16
6
8
5
17
10
15
9
10
9
3
8
9
5
13
10
7
9
5
11
7
10
7
9
4
6
18
6
11
5
6
16
9
7
9
14
6
8
8
6
3
9
8
8
0
2
7
9
5
10
7
4
3
5
3
1
1
2
6
7
4
11
7
5
4
3
7
1
5
4
2
1
0
6
5
3
1
3
5
3
3
3
2
3
3
4
5
5
4
3
7
4
4
2
3
2
5
3
6
4
2
6
8
5
4
5
3
9
3
5
6
3
4
6
6
2
3
3
4
5
5
4
4
2
2
2
5
8
5
1
3
4
5
1
2
7
2
2
5
3
8
4
4
2
7
2
3
2
2
3
7
3
3
1
2
4
6
3
3
2
6
6
4
5
3
2
2
6
3
6
6
5
1
4
4
4
4
5
4
5
8
5
3
3
4
3
4
5
4
4
6
4
2
6
7
3
1
4
4
4
6
7
4
3
3
0
7
7
4
1
3
6
6
5
5
0
5
5
5
6
3
4
2
5
5
6
7
7
2
3
5
7
7
3
6
2
6
0
4
4
6
3
5
4
4
8
5
3
10
6
3
4
6
0
8
10
4
0
1
3
4
7
5
10
3
3
8
4
3
2
3
5
3
2
5
4
3
2
1
7
2
5
4
3
6
1
2
3
2
4
1
7
4
5
1
5
6
3
4
4
6
2
1
0
8
6
3
4
6
5
4
4
2
0
2
3
3
3
4
4
5
3
3
2
3
3
3
4
4
4
3
3
4
4
4
3
2
2
4
2
3
1
4
5
5
4
2
2
6
2
2
2
4
2
3
4
2
0
2
4
3
2
7
2
3
6
6
4
3
6
4
5
3
3
4
2
5
3
2
5
1
7
2
3
4
3
2
3
8
4
4
5
7
8
3
4
7
5
6
2
5
5
2
3
6
3
4
4
9
4
3
4
5
4
4
6
2
6
4
3
5
0
3
2
3
0
6
1
3
3
6
2
4
3
7
7
2
4
2
1
1
4
5
2
3
4
3
3
3
4
4
2
2
1
6
5
6
5
3
4
5
1
4
3
2
2
6
3
7
3
0
1
3
3
3
4
3
3
8
5
3
4
5
3
5
3
4
1
9
5
1
1
6
4
7
4
2
4
9
8
4
6
2
5
4
2
6
3
6
1
4
3
3
7
8
0
3
7
5
4
5
3
3
7
0
3
4
6
2
5
2
6
8
6
4
4
7
3
3
3
0
3
2
2
3
4
3
1
6
2
3
2
5
7
10
6
7
5
6
5
13
4
6
8
4
8
6
6
6
7
6
2
4
3
7
7
8
6
5
2
2
6
12
5
4
3
8
5
5
6
9
8
9
6
8
9
6
6
6
9
10
5
9
6
8
7
11
7
6
3
5
4
9
6
6
4
10
3
1
7
5
5
7
7
4
4
5
1
4
7
4
4
3
8
1
6
5
5
3
5
3
4
7
6
3
4
6
4
4
2
7
6
6
3
6
6
3
3
3
2
4
2
2
2
9
1
2
4
3
3
5
4
3
5
3
5
6
2
3
1
2
1
2
1
0
1
4
6
3
3
1
4
3
2
4
5
2
3
4
4
1
6
4
4
3
1
3
2
0
2
6
3
6
4
2
5
4
4
3
3
7
4
3
1
3
4
6
8
2
6
4
2
2
1
2
5
3
3
2
5
6
1
4
6
2
3
4
4
2
3
6
3
2
3
3
4
3
2
3
1
3
2
3
3
2
0
1
1
2
2
6
3
3
1
6
5
0
2
3
4
4
2
2
5
4
3
2
3
3
5
3
4
2
3
4
1
2
2
7
1
3
5
3
2
6
5
4
3
2
3
0
5
2
2
7
0
2
6
5
3
1
7
3
2
2
5
4
4
5
0
3
5
1
3
1
7
4
3
2
4
2
2
8
5
2
3
5
2
2
3
2
5
2
2
2
6
3
3
0
3
3
4
2
4
2
2
5
4
3
2
0
8
4
2
3
7
1
3
9
4
3
1
3
3
6
4
3
3
2
5
3
2
1
2
3
5
1
2
5
2
4
2
3
6
2
2
5
5
4
2
3
2
3
2
2
2
2
0
4
2
2
2
2
4
5
2
1
4
3
3
2
1
2
3
3
3
4
2
1
3
2
6
2
3
3
3
2
6
5
1
3
4
4
3
1
3
0
3
5
4
3
4
3
6
6
5
2
4
6
3
2
2
2
2
3
3
2
3
5
4
7
2
1
0
4
4
0
2
2
4
1
1
0
2
6
8
8
4
2
2
2
2
2
2
2
1
2
2
4
4
4
4
2
1
1
3
2
4
2
3
6
2
4
2
5
4
1
1
2
6
6
3
4
0
5
3
6
4
3
1
7
3
5
3
0
2
2
3
1
4
3
3
5
3
2
2
5
5
6
4
3
0
3
2
3
5
5
5
6
1
3
1
1
2
2
2
3
8
4
3
1
1
2
2
3
3
3
1
2
1
3
3
2
1
3
4
4
4
2
3
3
3
1
5
3
4
3
1
2
2
0
4
2
3
1
1
2
3
5
1
2
4
4
4
2
0
2
3
0
1
2
2
4
6
1
2
2
2
2
3
3
2
1
2
5
1
1
4
3
4
3
5
2
2
2
4
2
5
2
4
5
2
0
3
5
1
4
2
2
4
2
4
2
4
1
1
0
4
3
2
2
2
4
2
1
1
2
3
3
2
4
2
2
2
4
3
3
3
3
3
2
7
2
1
5
4
3
4
2
4
2
3
3
1
3
2
7
1
2
5
3
3
3
5
4
3
1
8
4
4
3
2
4
4
3
0
1
2
1
3
4
3
4
2
4
1
8
3
0
7
3
5
0
2
2
1
1
6
2
5
5
1
3
1
4
1
0
5
4
5
2
1
4
4
3
0
2
1
4
4
4
4
4
2
3
5
2
3
1
4
2
2
2
2
3
1
3
4
2
5
2
4
2
1
2
5
2
3
3
4
4
4
1
3
4
6
0
5
2
2
3
5
3
2
1
2
2
2
3
2
2
1
4
1
1
0
3
3
5
2
3
1
3
5
4
2
4
5
2
1
2
2
2
1
3
7
4
3
2
2
3
2
4
1
8
3
1
4
3
1
1
4
3
4
4
3
2
4
2
4
2
3
3
4
3
3
0
0
5
4
0
5
1
2
3
3
5
1
6
2
1
4
2
1
2
3
1
2
2
2
1
3
2
3
5
1
1
2
4
2
3
6
6
2
8
1
0
3
1
3
5
1
4
4
1
2
1
1
3
2
5
1
2
1
4
3
4
1
2
3
2
1
4
2
2
2
3
2
3
0
1
4
3
1
4
1
4
2
3
1
1
1
3
2
1
0
3
4
3
4
1
3
3
5
1
1
3
2
3
3
4
1
5
2
3
2
3
3
1
0
2
3
2
4
3
2
1
3
1
1
5
2
3
3
2
2
2
7
2
4
3
4
5
5
0
2
2
2
3
1
4
3
2
2
3
3
1
2
0
4
0
2
3
3
4
4
2
2
3
5
2
3
7
5
6
3
0
4
3
6
3
2
2
3
7
5
6
0
4
3
1
1
4
4
2
8
3
4
0
1
4
2
2
3
4
3
2
6
2
3
2
0
2
3
0
4
3
4
2
2
3
3
4
1
1
2
2
4
1
3
4
6
4
4
3
3
5
2
3
1
4
4
4
0
3
3
3
2
2
1
7
0
3
4
5
3
4
4
1
1
3
3
2
6
1
3
1
0
4
1
2
3
3
4
7
2
4
2
0
0
3
0
2
1
3
3
3
2
4
4
1
7
5
3
3
4
1
1
4
3
2
6
2
2
2
2
3
4
4
6
4
1
3
3
0
5
0
2
0
3
0
2
5
1
3
3
3
0
2
3
1
5
2
3
2
1
2
6
3
3
2
4
3
4
3
3
0
4
4
3
3
0
2
1
1
1
1
2
4
3
2
1
1
2
1
1
1
1
3
5
2
2
3
2
2
1
1
0
3
1
1
1
3
2
4
3
4
2
1
5
3
4
3
4
1
4
1
4
2
0
3
3
2
1
6
3
2
0
6
2
2
1
3
2
1
1
4
1
6
1
0
1
3
1
2
3
1
1
2
3
2
1
2
5
3
1
1
2
6
3
3
0
2
0
6
1
4
3
1
3
0
4
3
1
2
1
2
3
1
5
4
3
3
1
6
1
0
2
1
1
4
0
0
3
6
0
1
1
4
2
4
1
1
1
8
4
2
4
2
3
2
2
2
2
2
5
5
3
2
3
1
2
3
5
1
2
4
2
2
1
0
1
4
0
3
2
4
0
3
4
1
1
2
1
1
1
4
3
0
3
1
4
1
2
2
2
4
2
3
1
1
0
2
2
4
0
4
1
3
3
2
3
1
3
1
2
3
1
5
1
1
2
0
6
1
3
6
3
1
2
6
2
3
3
2
2
4
2
3
3
2
3
4
5
2
3
2
5
3
2
1
2
1
2
1
2
2
0
2
2
5
4
2
3
4
0
0
1
1
3
4
4
2
2
5
1
5
4
1
4
2
1
1
3
2
1
3
3
3
0
2
0
1
3
2
0
1
2
4
3
3
3
4
0
4
6
3
0
0
3
6
0
3
0
4
3
2
2
2
3
0
3
1
4
3
7
3
1
1
2
3
2
2
0
2
3
2
2
1
3
2
1
0
3
0
3
0
3
3
0
0
3
3
4
3
4
2
5
1
1
3
2
0
3
1
1
1
4
1
4
2
0
2
2
4
0
4
3
3
2
2
0
4
2
1
2
2
3
2
5
4
4
1
3
2
2
3
3
0
2
3
1
3
1
7
2
4
4
2
4
3
4
2
4
1
2
7
4
4
3
2
3
3
0
3
4
3
8
2
0
4
2
7
6
5
4
3
3
2
5
5
5
4
4
6
10
4
4
2
6
4
8
3
6
3
5
7
4
5
8
3
4
2
3
2
4
8
10
3
4
7
5
6
5
3
5
1
3
9
4
5
4
4
3
1
2
2
5
4
3
6
4
3
2
3
3
3
0
6
2
5
4
1
3
3
4
3
3
3
4
3
2
4
3
3
3
3
2
2
1
3
4
3
0
1
0
3
5
1
3
3
3
3
3
1
3
1
5
3
9
3
0
2
1
1
4
4
3
0
1
4
2
0
2
2
1
3
3
4
3
3
1
2
2
2
3
1
1
1
0
4
3
1
1
5
2
3
3
2
2
4
0
1
2
1
1
2
1
2
5
2
2
3
1
7
2
3
2
1
4
4
2
0
0
1
4
4
4
2
2
0
3
1
1
1
4
2
1
1
3
1
4
4
1
3
0
3
3
3
3
2
4
0
3
1
1
1
0
1
2
0
4
3
2
3
1
3
1
5
3
2
0
1
4
4
0
2
6
2
1
1
0
1
2
1
4
3
3
3
2
1
2
2
1
3
2
1
2
1
1
2
3
1
2
3
1
1
2
2
2
0
2
3
1
3
4
0
4
2
1
2
4
5
1
2
2
3
0
1
1
0
5
3
1
1
2
2
1
1
2
2
1
0
2
3
1
1
1
1
1
5
1
2
4
0
4
0
3
2
3
3
2
2
3
3
1
2
2
1
2
1
1
1
2
6
2
4
4
6
2
2
1
1
1
0
1
5
2
2
6
1
1
1
1
2
2
2
4
4
4
2
5
4
2
0
3
6
3
2
0
3
4
5
2
3
3
5
3
2
2
4
1
0
3
3
4
9
3
2
6
2
7
6
1
5
3
2
2
0
1
1
3
4
2
5
4
1
4
2
1
1
3
2
2
0
1
6
3
4
4
1
3
5
2
3
1
2
2
3
0
5
3
2
0
0
5
3
2
2
4
6
0
2
5
2
4
2
2
2
9
1
4
2
0
4
2
5
1
1
1
1
1
3
3
3
2
0
2
3
3
1
2
3
2
2
1
4
2
3
4
1
3
1
1
0
1
0
4
2
2
3
2
1
3
2
2
4
4
2
2
2
3
3
2
0
1
0
3
4
2
7
4
1
1
2
2
1
2
1
3
1
0
4
2
1
2
2
2
0
3
3
3
5
4
2
2
4
4
2
2
2
1
3
1
2
3
1
2
3
5
1
1
3
7
2
7
3
1
0
1
6
5
3
1
2
2
2
4
1
3
1
1
4
1
2
3
1
6
4
3
2
1
0
3
8
6
1
3
3
1
0
2
1
1
2
2
3
3
1
3
3
6
3
1
3
1
2
3
2
2
2
1
3
0
1
2
3
4
2
3
2
1
4
3
2
4
4
4
0
6
1
2
0
0
2
2
6
0
2
3
1
2
1
3
3
0
2
4
1
2
5
1
3
3
0
1
3
5
1
2
2
2
2
1
2
0
2
4
3
1
1
5
2
4
0
3
2
3
2
3
3
1
2
4
2
5
5
3
3
2
3
5
0
1
0
1
2
1
5
3
3
1
1
4
2
2
3
2
5
5
3
2
3
3
3
5
4
1
5
4
1
2
2
1
2
0
4
0
3
2
1
2
1
2
2
3
1
4
0
0
2
2
3
4
3
4
1
2
5
1
2
4
3
1
0
4
1
2
2
5
3
5
5
2
0
3
0
7
2
2
1
3
2
1
3
1
1
2
1
4
2
3
8
2
2
5
2
1
2
5
3
5
2
1
1
0
4
1
2
3
2
2
2
1
2
3
1
2
3
0
1
6
0
1
1
1
3
1
3
2
4
1
2
3
0
1
1
4
0
1
6
3
5
7
3
5
3
0
1
3
4
3
0
1
1
2
4
3
1
2
6
4
1
2
0
3
0
3
3
2
5
2
3
3
2
1
2
0
2
3
0
2
1
1
2
1
4
3
2
3
1
2
2
5
2
0
1
2
5
2
2
4
4
3
3
2
1
2
5
2
2
3
2
3
2
3
2
1
2
2
1
0
8
3
5
2
4
0
1
0
2
1
1
3
3
1
3
4
1
2
2
2
3
4
4
3
2
3
2
2
3
7
6
5
2
0
3
1
1
2
4
2
1
6
3
8
3
4
6
5
5
2
2
3
2
1
7
1
1
5
4
0
2
3
1
3
1
2
4
3
6
4
3
4
2
2
2
3
1
3
4
1
2
0
1
2
2
0
2
2
3
0
3
2
2
2
2
4
2
0
4
2
3
3
2
2
4
4
2
3
3
1
1
3
0
3
3
3
2
2
1
2
2
2
2
0
6
1
2
3
1
0
0
1
2
0
3
4
1
2
2
1
1
4
5
5
2
4
4
1
5
0
1
5
1
3
2
4
0
2
0
2
0
1
0
4
1
1
2
5
4
0
0
3
3
3
2
4
2
1
3
0
5
3
5
4
5
0
5
2
1
3
5
3
7
1
2
1
2
6
2
3
5
3
0
6
1
6
1
3
1
5
3
0
1
3
4
3
3
4
1
3
1
0
3
2
2
2
2
3
1
3
3
0
7
1
0
4
3
0
3
3
2
0
3
1
3
2
2
1
3
1
1
2
1
1
2
2
2
0
3
4
0
0
3
1
1
2
4
2
0
0
0
2
2
1
2
3
5
2
5
2
2
2
1
5
3
6
2
0
5
1
4
4
2
4
0
3
2
2
3
2
2
1
5
2
3
1
3
0
3
2
5
1
4
2
3
0
4
4
1
1
3
2
1
4
5
1
2
2
3
5
4
5
5
5
1
2
4
4
1
5
3
5
2
1
2
1
2
4
3
3
2
5
6
1
2
2
7
2
2
1
7
2
5
1
2
2
2
2
2
4
3
3
4
3
1
2
4
2
1
1
6
1
2
5
4
2
3
2
2
1
2
3
4
3
2
3
1
3
1
1
1
1
3
2
1
2
2
2
1
4
1
1
2
4
1
2
1
0
2
2
1
4
4
1
2
3
3
2
1
1
1
1
2
0
1
3
2
3
4
2
3
1
0
5
4
2
0
1
2
4
0
3
2
4
1
2
2
3
0
1
1
2
2
0
2
4
2
3
1
6
3
4
0
5
2
1
1
2
2
5
1
2
2
0
0
0
2
1
2
2
2
0
0
1
1
1
1
0
2
4
1
3
2
1
1
2
3
3
0
1
2
1
4
1
2
0
1
1
0
2
1
2
1
2
0
3
0
0
0
1
1
4
2
1
0
2
1
1
5
3
3
1
1
1
1
1
1
2
0
2
1
1
1
2
3
0
0
3
4
2
0
3
1
4
3
2
1
4
0
2
2
3
0
3
1
2
0
3
3
0
3
2
1
3
2
2
1
1
0
1
0
1
4
1
1
3
4
1
1
2
2
1
0
0
1
1
0
1
0
0
4
0
1
4
2
0
0
3
2
0
2
0
0
2
1
1
1
1
2
1
3
0
3
1
2
1
2
3
3
2
2
1
0
1
1
4
0
2
2
2
1
3
1
1
2
1
0
5
1
3
2
1
1
2
2
1
1
1
0
2
0
2
2
1
4
2
1
0
1
3
1
1
3
1
5
3
1
2
0
0
0
2
0
1
1
0
1
1
1
0
0
2
2
4
1
0
0
3
1
1
1
0
2
0
0
1
2
2
1
2
1
0
3
2
2
2
3
3
3
3
0
4
2
0
1
0
1
2
0
0
1
3
1
2
0
0
0
0
1
1
3
2
2
1
3
0
0
3
1
2
0
1
1
0
4
0
1
2
1
3
0
2
1
1
3
2
1
2
1
1
2
6
1
1
1
3
1
0
1
1
1
1
1
1
1
0
1
1
1
3
1
1
2
3
3
3
3
1
2
0
1
0
3
1
0
2
2
1
1
1
1
0
4
2
2
0
1
2
0
3
0
0
2
0
2
0
1
1
1
0
0
1
1
0
0
1
0
2
2
1
3
1
1
1
0
2
2
4
1
1
0
3
1
1
3
2
3
2
1
3
2
1
3
1
1
0
2
2
0
1
0
1
1
2
1
0
1
1
0
1
2
1
2
2
2
2
2
3
1
1
1
1
1
2
2
0
1
0
0
1
0
0
0
1
0
2
0
1
1
1
1
0
4
2
1
2
1
1
1
1
2
1
1
1
3
2
1
2
2
0
1
1
1
1
1
3
0
1
1
1
0
1
2
0
1
0
0
1
1
1
0
0
2
1
0
2
1
4
1
0
2
0
1
3
1
2
1
0
0
1
1
1
2
1
2
2
5
0
3
1
4
5
0
2
0
3
3
0
0
1
1
1
0
1
2
0
1
0
3
1
1
2
1
2
4
3
0
0
2
2
0
2
2
1
0
3
1
1
0
0
3
0
4
2
1
1
2
1
1
0
4
2
1
2
2
2
2
1
0
1
2
2
3
0
1
0
0
1
2
2
0
1
1
1
3
3
2
0
1
0
1
0
0
1
0
1
0
0
1
1
0
1
2
3
2
0
1
1
2
2
0
2
2
1
0
1
0
4
0
1
2
0
2
0
2
0
1
1
3
1
0
0
0
2
0
0
4
1
1
2
0
0
0
0
0
2
3
0
0
1
3
1
0
1
2
0
1
5
1
0
1
0
2
0
1
3
0
0
1
2
1
2
0
0
1
0
1
1
1
1
0
0
0
1
0
0
0
0
2
2
1
1
1
1
1
1
1
2
1
0
3
0
1
1
3
1
2
1
1
2
2
2
2
1
3
0
2
2
1
2
2
0
4
0
0
0
2
1
2
1
2
2
1
1
0
0
0
1
0
0
0
1
1
1
3
0
0
2
2
1
0
1
1
0
1
1
0
0
2
2
0
1
3
1
0
2
0
1
3
0
1
2
1
2
2
2
0
3
1
1
3
0
0
1
1
0
1
0
2
1
0
4
0
1
1
0
1
1
2
1
0
0
0
1
1
2
0
0
1
2
0
3
0
2
1
1
0
2
1
1
0
0
1
3
3
0
1
1
2
2
0
3
1
2
1
0
1
1
2
0
3
0
1
0
0
1
1
1
0
3
0
0
0
2
0
0
2
0
0
2
2
1
1
2
0
2
2
0
1
0
0
0
1
0
0
0
2
2
2
0
0
0
1
1
1
0
2
3
2
1
0
5
0
5
1
0
0
2
0
0
1
0
0
2
0
0
1
3
2
0
1
0
2
1
0
0
0
0
0
0
0
3
0
1
0
0
3
2
5
0
1
0
1
1
1
1
0
2
1
0
1
1
2
1
1
0
1
1
1
0
0
2
1
1
1
0
2
0
1
1
2
2
1
0
1
2
1
0
1
0
0
1
0
1
0
4
1
1
1
1
1
0
2
1
0
0
2
4
1
0
0
1
1
0
0
0
0
2
0
0
2
2
0
1
0
3
2
1
0
1
0
2
2
0
1
2
0
1
0
1
3
0
1
0
0
1
1
1
0
1
1
0
0
0
0
0
1
0
2
1
1
0
0
2
1
0
1
0
0
0
1
0
0
0
0
1
1
0
2
0
0
2
2
2
1
1
2
1
0
2
0
1
0
0
0
1
0
4
0
1
1
2
0
0
0
2
0
0
0
0
0
0
1
2
0
0
1
1
1
2
1
2
2
0
0
1
1
0
1
2
0
0
1
1
1
0
0
0
1
2
1
1
2
0
0
1
0
1
2
1
0
0
0
0
0
0
1
0
0
0
3
0
0
1
0
0
1
1
2
2
0
0
3
1
1
1
2
1
1
1
1
1
2
2
1
1
2
1
0
2
0
0
3
2
0
3
0
0
2
1
1
0
0
0
1
1
1
1
0
2
0
0
1
1
0
3
2
1
1
0
1
2
2
1
0
1
0
1
0
0
0
3
0
1
1
1
1
3
0
0
0
1
0
2
3
0
2
1
0
3
0
0
0
2
1
0
1
1
0
1
2
0
0
1
2
0
0
2
1
0
1
0
0
0
1
2
0
0
1
0
2
0
1
1
3
1
0
2
0
2
0
1
0
2
1
1
0
1
0
0
2
1
2
3
0
2
1
0
1
3
1
1
0
1
0
2
0
1
3
1
0
1
0
0
0
2
0
2
0
1
1
2
0
3
2
0
0
1
0
0
1
0
0
0
1
1
0
1
0
0
3
1
0
1
1
1
1
2
2
0
1
0
0
1
1
0
0
2
5
2
3
1
1
3
2
3
2
3
0
0
1
2
0
2
1
1
0
2
0
1
1
0
0
0
1
1
0
0
1
1
0
1
1
0
1
1
0
1
1
1
1
1
0
1
1
2
0
2
0
1
0
0
2
1
1
0
2
0
1
0
0
2
0
1
0
1
1
1
0
1
2
0
0
0
0
0
0
1
2
0
0
0
1
1
2
0
0
0
0
0
0
2
0
0
0
0
0
1
1
0
0
0
2
0
0
2
1
0
0
0
0
0
1
0
2
1
3
3
0
0
0
0
0
0
0
0
2
1
1
1
1
0
0
0
0
0
1
3
2
0
1
2
1
0
1
0
0
0
1
1
0
1
0
2
0
3
1
0
0
1
0
1
2
1
0
1
3
0
1
0
1
0
0
2
1
1
1
1
1
2
1
0
1
1
2
1
0
1
3
1
1
1
0
0
1
0
2
2
1
0
1
1
0
1
2
0
0
3
1
1
0
1
3
1
0
1
0
0
0
1
0
0
1
0
1
0
0
0
0
2
1
0
1
2
1
2
1
0
0
1
1
1
1
2
1
1
0
1
2
1
0
2
0
0
1
2
0
4
1
0
3
2
2
0
0
2
3
1
0
0
0
0
2
1
1
0
1
1
1
2
2
0
2
1
1
1
1
0
0
1
0
2
0
1
0
1
0
1
4
0
1
0
1
0
1
0
1
1
0
1
0
0
1
0
1
0
0
0
2
1
0
1
1
0
3
0
2
3
0
0
0
2
0
0
1
2
1
0
0
0
0
0
1
0
0
0
0
1
0
2
0
1
0
0
0
0
1
1
0
1
1
1
0
1
0
1
2
0
1
1
1
1
2
1
1
0
1
3
0
1
0
0
0
0
0
2
0
0
1
0
2
1
1
0
0
0
1
0
0
0
1
0
1
0
1
0
0
0
0
0
1
0
0
0
0
0
0
0
2
2
0
1
1
0
1
2
0
1
2
0
0
1
1
1
2
1
1
0
0
1
1
0
1
0
1
1
0
2
1
1
0
0
0
0
1
0
0
0
0
1
1
0
0
0
1
0
1
1
0
0
5
1
1
3
0
0
4
1
1
1
1
1
0
0
0
1
0
1
1
0
1
0
1
0
2
1
1
1
2
1
2
1
1
0
1
0
0
1
1
0
1
2
1
1
0
0
0
0
1
0
1
0
0
0
1
1
2
0
1
0
1
2
2
1
0
1
0
3
0
0
2
2
0
0
1
1
0
0
0
1
0
1
1
1
0
1
0
0
0
0
0
1
0
0
1
2
0
0
0
0
0
0
0
1
1
0
2
1
0
2
0
2
0
0
0
0
1
2
2
1
0
2
1
0
1
0
0
1
0
0
1
1
0
0
0
0
1
1
1
1
1
0
2
1
0
1
0
0
2
0
1
0
0
0
0
1
0
0
0
0
0
0
0
1
0
1
0
1
2
0
0
0
0
2
2
0
0
0
0
0
2
1
3
0
0
0
1
0
0
0
1
0
1
0
1
0
0
0
0
0
0
0
0
0
1
0
1
0
0
1
0
0
0
2
0
1
0
1
0
1
1
1
0
0
0
0
0
0
3
1
0
0
0
0
2
4
0
1
1
1
1
1
0
1
2
1
2
1
0
2
1
1
0
1
2
0
2
0
0
1
1
0
1
0
2
3
2
0
0
1
0
1
1
0
3
0
0
0
2
1
3
0
1
4
1
2
0
1
0
7
1
2
2
1
1
3
1
1
3
6
4
4
2
3
3
3
2
2
5
4
5
4
1
4
1
3
6
4
3
4
4
4
7
8
6
7
9
8
6
6
1
8
4
6
8
7
8
12
8
10
7
12
8
5
14
6
11
12
12
11
5
10
10
11
10
12
14
5
7
11
12
3
6
10
9
10
8
10
9
8
10
11
11
13
10
5
7
9
3
2
11
7
5
10
5
7
11
4
6
13
1
11
10
4
2
5
4
2
4
3
5
7
4
4
9
9
1
5
2
4
2
6
3
3
2
1
6
3
3
7
1
1
5
1
3
3
2
5
3
3
0
3
3
1
3
3
1
0
0
4
0
4
1
4
0
2
0
1
0
1
0
0
1
0
0
2
0
1
2
1
1
0
0
0
2
0
0
2
0
1
2
0
1
1
0
2
0
0
0
1
1
2
1
2
0
1
1
1
1
1
0
1
2
3
0
3
0
0
0
1
0
1
0
0
0
1
0
0
1
0
0
1
5
1
0
1
2
2
0
1
0
1
1
2
0
0
1
2
1
1
2
0
1
0
1
1
0
1
0
1
2
2
1
0
0
0
1
0
0
2
0
1
0
2
0
2
1
1
1
0
1
0
0
0
0
0
0
0
0
0
0
1
0
0
1
2
0
0
1
0
1
0
0
0
1
0
1
1
0
0
0
0
0
2
0
0
2
2
1
0
0
0
2
2
1
0
2
1
1
0
1
1
1
2
0
0
2
1
0
1
0
0
0
0
1
2
0
1
0
0
0
0
0
1
1
0
0
0
1
1
0
1
0
0
0
0
0
0
0
0
0
0
0
1
2
0
0
0
0
0
0
1
1
0
0
0
0
1
0
0
0
0
2
0
0
1
1
1
0
2
0
0
1
1
0
1
0
1
0
0
0
1
0
0
1
0
0
1
2
1
0
0
0
1
0
0
0
0
0
0
0
2
0
0
0
1
0
1
1
0
1
0
0
0
0
1
0
2
4
2
2
0
0
1
0
1
2
2
0
1
0
0
0
0
0
0
0
0
1
1
0
0
2
0
0
0
0
0
1
0
0
0
1
0
1
0
0
0
0
0
0
1
2
0
1
0
0
1
3
0
1
0
0
0
2
0
2
0
0
1
1
0
1
1
0
0
0
0
1
1
0
0
0
0
1
0
0
0
0
0
1
1
0
0
0
1
0
1
0
0
2
1
2
0
1
0
0
0
1
0
1
1
0
0
2
1
1
0
0
0
1
0
1
2
2
0
0
1
0
0
1
2
0
0
1
2
0
1
0
0
0
1
1
1
4
1
0
1
2
1
0
0
1
0
1
0
0
1
1
3
1
0
0
0
0
2
0
0
1
0
0
0
0
1
1
0
2
0
0
1
0
0
0
0
0
2
0
0
0
0
1
2
1
0
1
1
0
1
1
0
2
0
1
0
0
0
0
1
1
0
1
0
1
1
1
0
1
0
0
0
0
0
0
0
0
0
1
1
1
0
1
0
0
0
0
0
0
1
1
1
1
0
0
0
0
1
1
0
1
0
1
1
0
1
0
1
0
0
2
1
0
0
0
0
0
0
0
0
0
2
0
0
0
1
0
1
0
1
0
1
0
0
2
1
0
0
1
1
0
0
2
0
0
0
0
1
1
0
2
1
0
0
1
0
0
0
0
0
0
0
0
1
0
1
2
0
0
1
0
0
1
0
0
0
2
0
0
0
0
0
1
0
0
1
0
1
0
0
0
0
1
0
1
0
1
0
2
1
1
1
1
0
0
1
0
0
0
0
1
0
0
0
1
0
1
1
1
0
0
0
0
0
0
0
0
0
0
0
1
0
0
0
0
0
0
0
0
0
1
0
0
1
1
0
0
1
0
1
0
1
0
0
1
1
0
0
0
0
0
0
0
1
0
0
0
0
1
1
0
0
0
0
0
0
0
1
0
0
0
1
0
1
0
1
1
1
0
0
0
0
0
0
1
0
0
0
0
0
0
0
0
0
0
0
0
0
1
1
1
1
1
0
1
0
0
0
0
0
1
1
0
0
1
0
0
0
1
0
1
0
1
0
0
1
0
0
1
0
0
1
0
1
1
0
0
0
0
0
0
0
0
0
0
0
0
1
0
0
0
1
0
1
1
0
0
1
0
0
1
0
0
1
0
0
1
0
1
0
0
1
0
1
0
1
0
0
1
0
1
0
0
0
0
0
0
0
0
1
0
1
0
0
0
2
0
1
1
0
0
0
0
0
1
0
0
0
1
2
0
1
0
0
0
0
0
0
0
1
0
0
0
0
0
0
0
0
0
0
0
0
0
0
0
0
1
0
0
0
0
0
0
0
0
0
0
0
0
0
0
0
0
0
0
0
0
0
0
0
0
0
0
0
0
0
0
0
0
0
0
0
0
0
0
0
0
0
0
0
0
0
0
0
0
0
0
0
0
0
0
0
0
0
0
0
0
0
0
0
0
0
0
0
0
0
0
0
0
0
0
0
0
0
0
0
0
0
0
0
0
0
0
0
0
0
0
0
0
0
0
0
0
0
0
0
0
0
0
0
0
0
0
0
0
0
0
0
0
0
0
0
0
0
0
0
0
0
0
0
0
0
0
0
0
0
0
0
0
0
0
0
0
0
0
0
0
0
0
0
0
0
0
0
0
0
0
0
0
0
0
0
0
0
0
0
0
0
0
0
0
0
0
0
0
0
0
0
0
0
0
0
0
0
0
0
0
0
0
0
0
0
0
0
0
0
0
0
0
0
0
0
0
0
0
0
0
0
0
0
0
0
0
0
0
0
0
0
0
0
0
0
0
0
0
0
0
0
0
0
0
0
0
0
0
0
0
0
0
0
0
0
0
0
0
0
0
0
0
0
0
0
0
0
0
0
0
0
0
0
0
0
0
$ROI:
0
0
$PRESETS:
Live Time
0
0
