$SPEC_ID:

$SPEC_REM:
DET# 1
DETDESC# MCB 25
AP# ORCA (11.0h)
$DATE_MEA:
2017-08-12 13:59:19 +0000
$MEAS_TIM:
3183.78 4320.00
$DATA:
0 16383
0
0
0
0
0
0
0
0
0
0
0
0
0
0
0
0
0
0
0
0
0
0
0
0
0
0
0
0
0
0
0
0
0
0
0
0
0
0
0
0
0
0
0
0
0
0
0
0
0
0
0
0
0
0
0
0
0
0
0
0
0
0
0
0
0
0
0
0
0
0
0
0
0
0
0
0
0
0
0
0
0
0
0
0
0
0
0
0
0
0
0
0
0
0
0
0
0
0
0
0
0
0
0
0
0
0
0
0
1
1
7
64
1598
10901
19206
18764
17318
16371
15853
15646
15976
16020
16255
16464
16752
16820
17050
17300
17486
17899
17736
17829
18068
17766
18268
18064
18112
18048
17865
17875
18000
17721
17600
17797
17549
17592
17922
17352
17600
17311
17373
17274
17186
17189
17078
17042
16916
16900
16814
17197
17230
17108
16710
16759
16710
16526
16542
16477
16542
16327
16744
16533
16272
16348
16325
16394
16279
16326
16356
16072
16033
16192
16477
16087
16072
15777
15977
16061
15841
15975
15663
15555
15669
15704
15628
15741
15549
15792
15569
15587
15652
15762
15419
15498
15433
15444
15532
15470
15236
15085
15147
15398
15457
15062
15117
15152
15264
15034
15257
15084
14986
15126
14920
15075
14867
14862
14973
14898
14895
14814
14834
14962
14691
14687
14736
14511
14714
14797
14414
14706
14586
14607
14345
14442
14450
14590
14659
14436
14539
14416
14706
14223
14216
14238
14129
14430
14272
14187
14378
14291
14405
14209
14320
14177
14213
14323
14331
14298
13974
14181
14271
14227
13921
13945
14050
13975
14097
14018
13994
14024
13972
13998
13789
13885
13971
13968
13783
13849
13636
13629
13804
13975
13840
13771
13758
13532
13443
13600
13736
13692
13352
13828
13556
13758
13481
13375
13547
13565
13515
13489
13399
13603
13391
13597
13423
13541
13497
13461
13296
13251
13299
13265
13126
13318
13193
13505
13183
13397
13277
13174
13350
13260
13425
13107
13182
13331
13079
13214
13054
13229
13142
13285
13131
12945
13118
13132
13099
12937
13037
12992
12761
12959
12916
13156
13068
12937
13293
12828
12815
12983
12960
12989
12856
12893
12737
12676
12737
12861
12821
12716
12759
12775
12839
12759
12680
12855
12962
12860
12817
12828
12792
12631
12770
12466
12793
12554
12730
12609
12575
12629
12747
12614
12699
12672
12635
12505
12296
12729
12507
12559
12548
12516
12372
12504
12552
12433
12564
12375
12526
12473
12426
12384
12216
12500
12332
12275
12269
12315
12446
12398
12326
12299
12208
12217
12407
12085
12513
12345
12212
12148
12030
12279
12103
12317
12362
12248
12223
12135
12323
12310
12124
12324
11968
12374
12249
12041
11951
12266
12101
12214
12163
12240
12182
12103
12050
12026
11901
11992
12178
12010
11962
12135
12058
11981
12014
12037
12072
11836
12149
11972
12158
11959
11937
11792
11777
11777
12004
11735
11966
11983
11731
11828
11818
11924
11909
11900
11859
11896
11798
11849
11866
11929
11817
11756
11960
11627
11843
11717
11677
11793
11733
11819
11595
11758
11707
11723
11794
11864
11521
11700
11680
11603
11723
11720
11566
11621
11660
11498
11577
11587
11669
11492
11535
11461
11415
11328
11624
11606
11688
11570
11503
11646
11410
11523
11465
11465
11579
11507
11418
11351
11459
11546
11466
11339
11294
11190
11377
11428
11656
11432
11408
11418
11507
11502
11465
11395
11285
11406
11277
11145
11309
11343
11298
11300
11352
11405
11506
11344
11182
11170
11268
11405
11242
11138
11174
11291
11368
11373
11113
11121
11414
11010
11251
11147
11218
11042
11221
11159
11063
11261
11102
10913
11184
11059
10960
11102
11001
11074
11056
11020
11026
10954
11090
11071
11264
10905
11104
10944
10874
10989
10920
11067
10977
10919
11096
10998
10861
11065
11057
10845
10981
10859
10917
10827
11030
11061
10845
10972
10673
10915
10756
10860
10787
10779
10735
10892
10783
10867
10746
10740
10906
10674
10806
10722
10870
10769
11083
10667
10596
10684
10781
10866
10556
10807
10638
10800
10659
10693
10896
10741
10697
10761
10621
10653
10554
10815
10734
10592
10752
10820
10728
10548
10737
10594
10630
10781
10612
10762
10602
10730
10843
10506
10667
10661
10600
10535
10502
10604
10588
10603
10643
10528
10552
10624
10529
10556
10579
10539
10576
10488
10448
10367
10767
10428
10549
10437
10424
10431
10540
10571
10427
10501
10457
10459
10383
10404
10674
10447
10278
10623
10499
10447
10515
10354
10497
10559
10467
10206
10488
10518
10579
10395
10381
10500
10449
10520
10146
10323
10341
10535
10455
10528
10445
10553
10371
10463
10448
10449
10209
10522
10434
10604
10392
10483
10703
10358
10520
10483
10370
10364
10524
10467
10423
10422
10427
10409
10620
10542
10508
10451
10536
10472
10483
10541
10486
10673
10713
10566
10703
10824
10857
10716
10734
11016
10795
10885
11071
10853
11054
11192
11155
11331
11225
11359
11222
11523
11741
11708
11878
11980
11975
12170
12312
12396
12658
12645
12809
13050
12983
13111
13418
13174
13304
13627
13779
13799
14052
13931
14373
14177
14513
14382
14741
14503
15003
14947
14945
15015
14984
15530
15454
15491
15348
15873
15849
16077
15944
16013
16404
16440
16659
16654
16490
16712
16941
17011
17173
17132
17356
17396
17621
17796
17764
17840
17803
17987
17750
17636
17324
17246
16920
16643
16598
16620
16053
16022
15994
15760
15671
15403
15142
14998
14754
14452
14114
14019
13728
13382
13428
13181
12803
12656
12603
12096
12146
11920
11807
11744
11489
11308
11210
11080
11063
10834
10705
10629
10420
10546
10493
10513
10388
10305
10211
10196
10086
10022
10291
10064
10165
9983
10101
10312
10073
10255
9988
9981
10102
10032
10129
10113
10040
9939
10057
10270
10000
10072
9867
10084
10095
10016
10043
10111
10080
10140
10036
10083
9996
10097
10131
10104
10095
10131
9999
10110
10191
10097
9989
10224
10101
10193
10170
10176
10282
10107
10286
10273
10251
10328
10312
10212
10311
10171
10319
10415
10200
10495
10446
10214
10371
10284
10372
10465
10402
10411
10380
10212
10451
10359
10440
10310
10261
10345
10305
10223
10404
10390
10373
10507
10607
10334
10497
10385
10496
10436
10779
10491
10563
10481
10605
10624
10567
10476
10690
10690
10658
10782
10674
10574
10581
10597
10737
10694
10792
10647
10573
10707
10811
10704
10546
10610
10722
10715
10732
10812
10784
10939
10920
10852
10959
10989
10816
10961
10738
10915
10890
11062
11107
10987
10937
10982
10997
11000
10963
11000
11019
11013
11227
11086
11141
11015
10992
11146
11199
11167
11131
11292
11171
11176
11281
11078
11241
11384
11192
11081
11180
11217
11480
11281
11298
11379
11197
11352
11288
11491
11319
11254
11304
11478
11492
11422
11364
11574
11437
11541
11356
11463
11598
11410
11602
11561
11299
11493
11618
11558
11619
11367
11504
11597
11425
11436
11430
11611
11572
11529
11529
11624
11633
11534
11543
11740
11777
11511
11677
11871
11670
11411
11778
11737
11867
11686
11799
11825
11853
11814
11908
11821
11798
11945
12025
11930
11666
11986
11934
11920
11841
12004
11751
11889
11838
11918
12104
12075
12090
12014
11909
12066
11879
11863
12079
11910
11867
12165
11911
12159
12090
12062
12219
12082
11962
12285
12073
12283
12044
12162
12217
12143
12282
12106
12089
12171
12219
12166
12164
12069
12420
12288
12101
12216
12387
12315
12433
12507
12501
12373
12439
12351
12163
12456
12274
12361
12411
12474
12424
12355
12447
12470
12311
12638
12627
12342
12328
12452
12808
12527
12561
12425
12478
12650
12712
12529
12527
12494
12533
12623
12699
12469
12462
12394
12731
12847
12598
12833
12561
12782
12654
12633
12782
12920
12622
12759
12714
12399
12658
12783
12713
12677
12854
12850
12772
12888
12862
12765
12864
12866
12887
12934
12979
12748
12929
12762
12906
12993
12757
12842
12783
12840
13004
13042
13002
13026
12821
12830
13096
13181
13012
13064
13163
13118
13155
12974
13084
13281
13164
13075
13048
13229
13097
13097
13018
13090
13206
13441
13317
13210
13062
13217
13428
13202
13314
13338
13262
13130
13224
13298
13303
13184
13175
13385
13289
13249
13295
13542
13159
13376
13412
13601
13415
13433
13481
13445
13505
13258
13412
13539
13233
13430
13585
13441
13432
13557
13424
13435
13450
13626
13462
13623
13652
13504
13605
13725
13744
13663
13667
13620
13455
13904
13788
13679
13588
13685
13469
13708
13996
13725
13875
13838
13871
13836
13837
13948
13944
13879
13901
14067
13865
13890
13810
13963
13920
13895
13874
14061
14017
13904
14041
14089
13993
14232
13965
14116
14079
14242
14102
14360
13988
14267
14368
14143
14157
14350
14089
14276
14260
14218
14149
14468
14258
14254
14310
14421
14352
14253
14226
14354
14481
14324
14483
14359
14401
14376
14398
14384
14321
14510
14774
14594
14711
14928
14742
14500
14660
14690
14657
14721
14614
14708
14919
14835
14732
14968
14724
14757
14866
15196
14890
14870
14688
15137
15055
14966
15127
15138
14980
15016
15136
15229
14879
15177
15047
15172
15054
15094
15530
15180
15432
15275
15107
15203
15557
15337
15334
15051
15507
15482
15295
15556
15511
15447
15546
15550
15501
15480
15585
15522
15490
15582
15355
15421
15538
15779
15597
15697
15524
15654
15615
15642
15635
15728
15776
15518
15497
15604
15924
15839
15815
15627
15824
15737
15857
15939
15813
15893
15810
15972
16020
15636
15970
15676
16021
15987
16098
15776
15995
15917
16032
16273
15976
15970
16065
15906
15947
16131
15968
16130
16197
16076
16132
16168
16090
16134
16078
16215
16231
16227
16204
16542
16415
16340
16390
16463
16269
16392
16258
16555
16652
16322
16613
16622
16512
16480
16746
16726
16431
16811
16609
16765
16885
16932
16957
16889
16864
17101
16950
16813
17258
17159
17253
17053
16943
17191
17044
17122
17247
17137
17491
17346
17588
17321
17178
17254
17141
17435
17597
17466
17190
17554
17580
17565
17601
17448
17452
17349
17773
17441
17616
17538
17518
17960
17784
17743
17779
17826
17715
17508
17541
17524
17979
17671
17692
17648
17935
17896
17828
17777
17856
17994
17980
18026
17767
18137
17818
17695
17708
17961
18020
17681
17899
17741
17968
17836
17960
18128
17986
18076
17816
17682
17761
17818
17912
18005
18020
18232
18107
18426
18094
18096
18354
18025
18231
18262
18391
18490
18337
18448
18224
18151
18185
18276
18426
18546
18638
18573
18296
18509
18469
18359
18514
18292
18545
18663
18392
18426
18696
18584
18423
18529
18535
18481
18641
18388
18623
18661
18662
18951
18665
18804
18820
18827
18678
18802
18849
18899
18971
18666
18689
18711
18671
18623
18586
18812
18710
18396
18304
18477
18285
17990
18256
17943
18024
18029
18070
17775
17785
17909
17577
17544
17560
17451
17501
17377
17417
17167
17020
16839
16942
17163
16746
17025
16780
16846
16752
16849
16684
16591
16484
16679
16663
16720
16376
16580
16470
16408
16588
16585
16328
16277
16503
16423
16612
16119
16263
16498
16174
16229
16245
16250
16150
16204
16126
16447
16177
15997
16205
16329
16155
16143
16275
16132
16145
15788
15915
16166
16081
16211
15852
15795
15975
15680
16014
15924
15935
15778
15393
15787
15890
15929
15937
15786
15713
15706
15707
15642
15696
15890
15865
15798
15885
15637
15558
15756
15771
15711
15841
15942
15644
15836
15718
15620
15753
15532
15766
15693
15537
15684
15448
15614
15366
15780
15569
15673
15456
15432
15263
15729
15570
15625
15476
15403
15475
15477
15365
15213
15563
15389
15643
15487
15317
15478
15452
15451
15714
15608
15408
15290
15256
15550
15448
15297
15451
15409
15418
15286
15300
15319
15225
15380
15368
15229
15439
15458
15395
15227
15271
15212
15150
15509
15152
15348
15272
15275
15327
15201
15404
15276
15244
15464
15352
15143
15292
15282
15027
15200
15295
15066
15312
14994
15111
15043
15152
15222
15392
15309
15226
15079
15133
15457
15163
15172
15266
15087
14968
15187
15003
14956
15185
15004
15352
15276
15100
15083
15021
15020
15024
14981
15188
15340
14971
15097
15042
14991
14811
14946
15132
15243
15116
15187
15144
15047
15006
15124
14853
15002
14952
15105
15205
14918
15022
15153
15040
15006
14836
15001
14874
14983
14962
14910
15030
15101
15059
15082
15086
14896
14949
14973
14943
15063
14730
14987
14920
14765
14725
15149
15129
15000
14913
14789
15008
14783
15061
15106
14957
14995
14667
14995
14752
14876
14796
15101
14808
15018
14574
15088
15037
14844
14753
14913
14711
14972
14888
14884
14770
14749
14980
14834
14912
14744
14837
14797
14883
14993
14917
14671
14788
14812
14568
15079
14671
14783
14913
14751
14683
14620
14843
14612
14863
14580
14765
14881
14772
14756
14715
14532
14842
14727
14563
14984
14758
14889
14731
14836
14743
14629
14705
14634
14563
14833
14503
14898
14817
14791
14737
14688
14852
14891
14624
14637
14939
14973
14537
14644
14543
14646
14750
14731
14670
14617
14833
14800
14605
14728
14670
14581
14707
14654
14817
14830
14586
14895
14745
14660
14515
14695
14500
14613
14673
14545
14549
14388
14572
14695
14837
14563
14531
14706
14551
14699
14757
14763
14529
14498
14546
14586
14601
14467
14600
14502
14485
14599
14612
14306
14548
14371
14478
14419
14181
14556
14298
14426
14479
14334
14460
14602
14335
14442
14378
14341
14335
14297
14358
14298
14168
14371
14273
14282
14294
14161
14291
14149
14098
13989
13944
13928
14143
14263
13954
14050
14024
13856
14112
13931
13843
13884
14019
13857
13929
13793
13718
13716
13589
13834
13849
13809
13460
13440
13659
13621
13663
13475
13400
13422
13439
13545
13283
13210
13310
13236
13332
13131
12976
13013
13199
13057
12981
13055
12681
13010
12981
12896
12787
12848
12690
12617
12517
12682
12574
12592
12499
12448
12665
12407
12482
12418
12424
12362
12140
12220
12117
12269
12267
12045
12176
11849
11825
12005
12093
11933
11776
11835
11738
11891
11985
11911
11806
11750
11770
11824
11584
11864
11677
11781
11508
11527
11767
11595
11535
11492
11475
11409
11334
11432
11430
11428
11260
11322
11320
11127
11472
11055
11208
11284
11189
11365
11196
11206
11042
11168
11093
11232
11016
11045
10943
10967
11019
11070
10982
10973
11107
10981
11075
10953
11074
10920
10930
10924
11048
10894
10932
10910
10802
10948
10688
10896
10794
10826
10903
10974
10825
10786
10968
10919
10751
10571
10804
10724
10777
10899
10809
10687
10786
10783
11044
10797
10890
11049
10706
10591
10946
11052
10818
10864
10905
11032
11068
11037
11136
10903
11149
11142
10988
11187
11040
10913
10964
11175
11155
11108
11050
11065
11114
11263
11224
11196
11033
11214
11246
11178
11246
11384
11135
11017
11068
11347
11372
11196
11179
11167
11279
11424
11370
11246
11264
11190
11487
11395
11495
11179
11268
11417
11345
11261
11054
11052
10929
11038
10876
10983
10957
10707
10977
10816
10578
10559
10582
10365
10513
10256
10563
10403
10402
10257
10164
10247
10326
10177
10036
10007
10114
9842
10227
10025
9900
9993
9895
9627
9667
9951
9652
9762
9726
9632
9428
9583
9464
9777
9699
9500
9608
9442
9459
9508
9782
9467
9725
9568
9556
9341
9478
9539
9304
9443
9477
9362
9496
9319
9395
9227
9304
9249
9408
9353
9360
9315
9324
9341
9321
9296
9218
9369
9250
9119
9302
9359
9129
9188
9268
9289
9091
9252
9088
8986
9083
9074
8843
9104
9090
9005
9093
9069
8931
9181
8969
9055
8950
8935
8910
8861
9013
8959
8890
8857
8857
8962
8777
8815
8982
8957
8899
8815
8720
8882
8789
8782
8842
8946
8753
8761
8739
8739
8649
8763
8699
8871
8818
8682
8441
8722
8753
8807
8817
8629
8686
8443
8668
8705
8636
8716
8624
8729
8800
8555
8730
8636
8677
8605
8553
8648
8580
8632
8400
8488
8512
8492
8528
8568
8610
8454
8601
8595
8520
8296
8531
8478
8557
8559
8331
8372
8483
8246
8618
8382
8484
8428
8310
8311
8227
8301
8327
8288
8252
8215
8331
8328
8252
8334
8290
8225
8289
8165
8222
8346
8160
8230
8027
8207
8254
8216
8276
8296
8247
8137
8200
8173
8178
8224
8231
8239
8122
8215
8325
8133
8024
8118
8182
8111
8267
8019
8085
8090
7815
8414
8035
7997
7946
8078
8147
8138
8159
8078
7906
8048
8045
7944
7959
8060
8063
8028
8068
8054
7888
8147
7989
8015
8088
7957
7953
7920
7879
7865
7955
7929
7916
7875
7913
7945
7848
7822
7993
8015
7814
7798
7838
7989
7811
7723
7847
7798
7927
7906
7935
7869
7930
7854
7842
7854
7754
7938
7794
7922
7650
7743
7755
7620
7866
7775
7660
7744
7777
7739
7770
7645
7787
7802
7691
7709
7644
7692
7568
7808
7687
7621
7733
7700
7598
7496
7639
7677
7599
7647
7594
7656
7473
7809
7779
7572
7509
7507
7601
7509
7557
7609
7578
7533
7703
7613
7573
7585
7478
7669
7554
7381
7517
7510
7435
7459
7398
7574
7636
7573
7604
7409
7460
7536
7526
7643
7433
7354
7343
7600
7457
7348
7385
7441
7581
7600
7355
7530
7443
7275
7286
7483
7431
7376
7497
7389
7493
7370
7467
7349
7268
7491
7413
7431
7354
7296
7327
7497
7508
7167
7349
7244
7296
7390
7354
7254
7370
7201
7233
7233
7349
7284
7378
7249
7157
7427
7272
7455
7308
7431
7280
7159
7297
7301
7161
7219
7225
7236
7118
7333
7241
7164
7109
7306
7185
7250
7147
7087
7104
7217
7292
7160
7213
7260
7224
7255
7201
7115
7269
7146
7175
7331
7071
7033
7136
7178
7033
7189
7229
7265
7251
7180
7233
7087
7062
7032
7047
7168
7118
7145
6998
7154
7060
6952
7301
7007
7173
7148
7130
7131
7228
7353
7354
7303
7576
7310
7426
7392
7704
7586
7678
7790
7871
8042
8109
8408
8288
8542
8625
8777
9057
9108
9577
9780
9873
10206
10284
10630
10999
11196
11348
11782
11859
12225
12507
12857
12664
13446
13736
13998
14356
14567
14785
15252
15174
15506
15890
16054
16501
16456
17031
17279
17511
17701
18216
18081
18605
19003
19056
19570
19539
19687
20198
20634
20634
20758
21448
21654
21892
22272
22668
22833
23176
23585
23334
23441
23687
23252
23481
23729
23284
23073
23158
22567
22334
21590
21415
20838
20305
20002
19427
19272
18357
17874
17128
16764
15945
15429
14927
14589
14245
13610
13054
12322
11902
11692
11162
10929
10378
10161
9570
9396
9174
8925
8638
8260
7970
7868
7936
7480
7484
7247
7115
7018
6964
6937
6767
6774
6692
6693
6629
6613
6487
6518
6557
6567
6434
6385
6351
6278
6429
6470
6338
6317
6322
6259
6280
6256
6317
6211
6149
6152
6161
6352
6173
6346
6129
6244
6304
6288
6208
6210
6165
6201
6091
6175
6262
6143
6134
6047
6144
6076
6142
6137
6103
6329
5999
6031
6073
6099
6164
6186
6154
6178
6178
6178
6208
6241
6211
6092
5996
6010
6134
6138
6159
6107
6251
6119
6133
6071
6118
6044
6074
6146
6133
6177
6101
6068
6012
6074
6235
6060
6038
6235
6107
6069
6052
6094
6066
6130
6106
6121
6036
6065
6205
6116
6116
6022
6048
6032
6157
6070
6208
6143
5995
6013
6222
6002
6108
6058
6168
6058
6063
6159
6117
6098
6152
6215
6062
5948
6122
5961
6014
6050
6145
6030
6248
6068
6047
6174
5992
6016
6156
6137
6125
6116
6209
6285
6121
6176
6242
6413
6307
6267
6373
6337
6528
6652
6752
6766
6963
6907
7156
7230
7563
7651
7936
8200
8565
8773
9135
9440
9835
10174
10594
10949
11342
11871
12465
13081
13545
14143
14840
15335
15919
16529
17262
17936
18650
19332
20149
20543
21334
21976
22694
23438
23977
24491
25649
26200
26880
27651
28172
28812
29705
30101
30869
31418
31973
32242
33169
33809
34464
34981
35393
36318
37115
37946
39046
39481
40030
40868
41873
42454
42668
43855
44354
44451
45324
45314
45368
45534
45073
45223
45117
44529
44504
43709
43360
42017
41090
40366
39119
38086
36724
35725
34376
32985
31846
30179
29054
27874
26489
25051
23714
22740
21194
20262
19149
18013
17252
15987
15204
14347
13702
12539
11895
11298
10567
9939
9608
9102
8724
8315
7820
7501
7252
6993
6932
6548
6439
6197
6065
5818
5752
5736
5562
5545
5235
5306
5285
5095
5211
5107
5044
4933
4947
4890
4962
4983
4940
4920
4862
4828
4914
4843
4869
4764
4855
4750
4665
4828
4790
4670
4709
4834
4661
4771
4725
4835
4817
4651
4567
4628
4518
4669
4759
4498
4591
4709
4583
4789
4595
4580
4582
4611
4709
4623
4773
4738
4596
4769
4617
4696
4619
4603
4572
4597
4672
4630
4604
4609
4456
4603
4519
4511
4563
4610
4525
4516
4530
4669
4606
4464
4475
4513
4505
4493
4537
4488
4490
4507
4567
4638
4543
4496
4418
4378
4601
4542
4689
4503
4494
4449
4529
4527
4417
4619
4448
4541
4435
4548
4501
4500
4545
4555
4475
4498
4446
4465
4295
4526
4451
4490
4405
4490
4519
4492
4413
4376
4429
4500
4428
4538
4442
4388
4492
4506
4385
4456
4424
4318
4344
4512
4479
4364
4288
4421
4435
4327
4362
4304
4366
4386
4305
4408
4434
4330
4416
4488
4434
4286
4435
4325
4395
4371
4447
4335
4402
4363
4371
4258
4344
4420
4449
4482
4420
4528
4359
4305
4353
4301
4327
4442
4253
4381
4297
4305
4312
4439
4365
4230
4294
4412
4282
4316
4235
4236
4247
4306
4221
4301
4286
4212
4293
4388
4347
4448
4392
4292
4259
4252
4139
4251
4267
4220
4363
4336
4345
4272
4282
4335
4324
4147
4266
4323
4165
4365
4210
4208
4276
4272
4199
4244
4290
4226
4213
4184
4240
4273
4193
4132
4170
4265
4239
4191
4245
4216
4256
4220
4259
4243
4293
4173
4213
4213
4201
4201
4166
4302
4157
4193
4200
4318
4190
4260
4317
4201
4286
4289
4118
4171
4255
4153
4214
4214
4165
4170
4031
4148
4230
4392
4133
4146
4199
4213
4149
4146
4197
4212
4234
4131
4155
4120
4200
4042
4205
4250
4233
4277
4071
4277
4044
4099
4139
4089
4126
4088
4192
4167
4096
4143
4150
4124
4072
4115
4182
4138
4214
4136
4068
4147
4105
4162
4157
4262
4088
4118
4181
4225
4194
4246
4183
4003
4046
4179
4146
4239
4157
4098
4169
4120
4149
4110
4131
4107
4095
4196
4178
4145
4189
4221
4144
4200
4169
4165
4215
4206
4095
4158
4343
4153
4156
4213
4139
4133
4128
4184
4183
4187
4122
4218
4166
4239
4090
4253
4300
4229
4238
4248
4123
4224
4421
4181
4196
4136
4085
4166
4328
4169
4231
4128
4232
4344
4314
4314
4261
4310
4299
4354
4336
4333
4314
4414
4287
4214
4381
4348
4372
4429
4514
4436
4388
4586
4563
4674
4492
4608
4787
4727
4821
4989
4997
5027
5050
5338
5508
5680
5822
5926
6345
6513
7019
7314
7770
8131
8807
9358
9853
10584
11213
12169
13220
14338
15207
16259
17337
18547
19777
21300
22865
24290
25515
27232
29314
30682
32975
34347
36287
38337
40414
42420
43956
46124
47907
50856
52639
54547
56407
58627
60255
62661
64744
66416
68445
69942
72091
73769
76634
78226
79994
81765
83577
86054
87806
89718
91844
93723
95394
97745
99827
101534
103489
105797
107472
109936
111738
112861
115520
116790
117239
118304
118947
117978
118056
118503
116849
116069
114670
112477
111027
108088
105923
102841
100082
97718
93721
90834
86832
83541
79068
75582
71845
67985
64389
60426
57129
53346
49838
47032
43751
40937
37683
34703
32204
29689
27581
24998
23047
21208
19324
17927
16077
15051
13644
12366
11250
10329
9669
8753
8202
7600
6865
6442
5978
5574
5113
5030
4500
4247
4099
3837
3683
3492
3279
3233
3203
3019
2922
2783
2795
2828
2514
2568
2443
2439
2460
2390
2315
2334
2266
2198
2149
2141
2091
2093
2013
2052
2018
2067
2065
1981
2048
1993
1982
1955
1940
2012
1937
1872
1950
1868
1885
1916
1919
1909
1822
1788
1848
1798
1752
1861
1794
1867
1779
1807
1793
1776
1765
1796
1768
1690
1812
1719
1767
1703
1722
1708
1782
1646
1749
1769
1688
1652
1690
1681
1695
1718
1599
1711
1709
1694
1662
1554
1596
1682
1689
1595
1697
1609
1653
1665
1601
1670
1558
1591
1542
1613
1555
1615
1643
1620
1661
1572
1652
1609
1586
1603
1514
1570
1645
1653
1630
1549
1521
1704
1652
1696
1565
1540
1564
1600
1491
1497
1538
1553
1613
1539
1514
1555
1519
1608
1561
1602
1490
1536
1555
1546
1556
1550
1598
1577
1598
1519
1606
1528
1609
1561
1586
1544
1620
1589
1603
1594
1702
1730
1696
1678
1734
1785
1880
1861
2011
1987
2033
2076
2223
2198
2266
2420
2488
2673
2780
2899
3038
3260
3357
3459
3664
3983
4104
4120
4557
4736
4896
5098
5327
5698
5978
6170
6516
6718
7043
7441
7595
7767
8110
8348
8734
9019
9161
9405
9577
9885
10121
10358
10786
11096
11322
11469
11766
12002
12309
12547
12999
13193
13252
13578
13962
14086
14429
14741
15045
15342
15597
15688
15778
16155
16251
16604
16259
16418
16369
16368
16470
16231
16494
16066
15931
15556
15185
14689
14609
14051
13684
13274
12844
12261
11907
11637
11049
10400
9925
9363
8862
8413
8066
7581
7050
6665
6201
5822
5436
5200
4806
4517
4222
3941
3685
3362
3169
2911
2669
2707
2400
2275
2277
2096
2102
1893
1839
1806
1685
1608
1522
1484
1411
1404
1363
1341
1363
1256
1249
1239
1271
1165
1173
1184
1135
1138
1105
1142
1107
1092
1118
1113
1153
1121
1050
1008
1024
1001
1069
1093
1084
1038
1066
1055
1060
1048
1042
1053
907
958
1028
1003
972
1013
981
953
1039
993
978
980
980
1016
978
1020
970
976
997
910
1001
956
884
970
971
992
1014
919
948
961
940
930
1009
940
896
950
930
968
973
997
924
961
931
913
957
948
941
923
895
992
943
939
938
911
897
903
880
962
925
943
929
892
876
864
897
870
885
857
915
911
924
873
874
912
954
895
865
861
928
890
883
940
847
930
825
844
863
871
856
941
849
852
902
863
866
866
879
871
859
869
842
905
913
895
871
907
833
851
809
847
875
874
888
893
806
908
823
874
867
896
839
913
861
894
874
848
888
826
877
896
881
838
885
780
816
843
829
837
837
787
794
827
844
825
862
852
819
781
843
810
811
861
845
821
794
787
790
832
809
866
826
801
762
838
853
769
829
808
773
843
780
854
808
821
804
808
787
812
768
816
796
762
745
821
811
816
813
780
769
760
804
809
858
790
806
788
778
755
760
821
791
763
746
782
811
788
758
757
807
756
816
800
731
745
734
750
703
784
700
791
778
764
748
799
779
733
750
738
759
760
800
747
732
749
693
732
795
812
741
760
776
769
774
802
706
744
720
738
742
741
692
767
748
748
725
785
793
786
772
786
762
772
671
807
744
702
734
802
805
715
771
737
738
772
721
729
713
760
696
701
730
756
722
697
742
765
764
729
778
695
728
765
750
753
766
756
732
718
727
740
755
777
786
740
745
763
733
759
746
693
746
716
742
814
720
749
738
738
719
736
722
699
720
683
685
728
685
705
715
695
741
725
702
729
688
731
697
705
711
707
706
695
720
703
776
713
724
725
759
715
763
671
711
684
714
701
674
670
724
734
685
715
702
707
662
741
733
717
679
726
683
725
759
709
715
685
749
671
721
659
744
659
709
687
682
721
727
691
721
693
673
694
695
706
679
703
679
727
699
731
771
743
693
722
696
705
731
725
749
717
721
706
780
754
737
748
795
819
709
733
736
770
804
777
794
763
764
817
802
830
775
784
797
812
839
771
779
856
804
778
789
768
842
831
841
824
824
808
789
819
827
855
776
803
812
817
821
830
850
834
796
827
797
783
780
869
790
810
801
791
821
754
798
809
820
748
744
767
745
735
752
687
673
685
695
670
678
645
697
676
613
653
636
660
645
639
632
640
628
639
608
634
641
621
631
652
631
592
643
599
578
575
638
605
603
617
608
520
618
612
578
592
620
591
581
598
599
618
578
588
576
619
599
599
622
584
586
604
614
628
584
603
591
603
604
637
622
587
588
568
608
635
586
623
586
610
554
584
617
574
582
559
609
584
599
611
558
564
584
631
616
604
579
586
553
579
583
601
561
563
581
578
619
578
590
578
584
569
593
541
589
551
638
580
515
601
559
586
557
599
617
589
551
609
582
564
580
587
569
586
585
607
551
559
575
610
571
606
566
578
550
566
547
582
606
567
583
615
528
581
595
570
597
576
593
566
564
604
573
531
561
555
586
581
565
583
565
550
531
574
582
564
546
582
552
573
556
557
508
513
562
563
525
540
532
542
581
566
578
535
570
569
592
596
525
584
550
550
577
558
556
571
586
607
516
574
592
537
501
496
551
535
542
558
543
505
536
558
525
574
522
537
570
533
574
508
565
508
535
526
518
519
503
529
544
547
515
497
581
533
534
493
520
509
527
550
525
550
522
529
532
534
550
538
509
544
558
548
526
521
535
538
508
550
520
528
564
506
536
524
506
504
576
543
529
513
509
532
518
509
511
518
520
501
533
505
508
514
553
516
567
526
505
528
534
472
470
494
480
516
520
526
509
487
481
543
512
504
526
495
522
515
471
523
513
522
518
521
480
527
504
528
509
501
481
498
550
481
442
499
504
463
508
453
495
488
497
507
492
483
485
479
479
492
491
465
503
531
474
481
468
485
499
521
469
491
460
495
496
492
502
466
474
472
478
517
473
485
495
494
474
490
482
491
506
488
498
472
470
480
488
448
494
465
482
494
484
499
473
489
450
495
459
504
481
489
462
459
459
484
448
477
460
492
454
457
427
518
482
473
477
440
453
501
466
438
496
457
487
481
484
486
470
466
466
427
481
481
481
443
452
444
462
472
476
494
469
466
463
445
466
478
455
484
447
430
444
484
468
477
475
474
454
447
448
454
474
434
441
454
426
488
455
459
468
461
435
471
445
458
445
462
447
445
439
463
440
412
435
416
454
456
464
460
431
494
451
465
452
435
487
490
429
422
446
428
460
426
462
417
435
459
446
444
422
466
411
421
460
402
455
422
453
409
445
410
440
449
446
435
462
440
418
443
428
445
436
440
434
474
457
458
437
425
440
410
455
404
424
442
435
417
434
445
467
425
484
430
431
407
421
417
452
441
468
408
438
429
426
420
426
454
454
398
431
424
455
402
408
390
456
426
430
373
393
432
464
422
404
407
392
395
455
432
441
421
404
394
457
440
421
395
444
426
444
415
415
425
365
448
405
402
431
448
419
433
417
441
423
426
429
411
441
397
390
427
372
432
433
378
424
396
446
410
459
460
410
429
413
411
377
398
396
436
405
390
397
429
394
381
399
435
390
415
392
418
372
398
380
382
413
396
386
393
376
369
419
454
397
423
410
397
423
405
398
387
395
397
355
398
383
393
381
376
414
400
376
379
395
405
380
370
388
379
406
421
413
375
387
368
426
393
429
386
365
385
366
397
374
370
400
347
384
410
394
404
363
357
401
387
388
371
371
409
364
416
397
392
378
380
394
403
401
400
349
360
414
366
388
420
385
370
387
445
399
364
382
437
416
374
431
385
374
415
392
416
395
388
399
349
391
387
413
397
393
422
385
381
394
360
399
404
372
357
426
361
365
364
401
378
394
362
400
367
369
364
396
345
384
405
359
352
352
379
361
379
352
341
369
373
339
358
385
390
343
370
354
332
355
363
363
328
372
333
357
363
364
354
353
363
347
371
352
329
362
345
318
331
358
341
329
350
341
344
324
382
334
347
345
331
382
348
356
329
328
352
331
340
352
326
323
352
370
328
331
306
336
339
336
365
340
345
369
355
329
344
328
317
311
350
349
352
334
361
366
340
345
313
344
331
295
318
364
317
337
358
338
341
350
323
300
345
331
337
344
333
338
373
303
344
345
339
318
291
311
350
298
308
325
310
328
311
346
350
338
334
318
328
312
331
314
355
309
339
302
344
320
327
324
310
315
321
326
320
324
286
302
312
305
328
304
294
348
308
314
314
327
303
315
290
327
299
320
308
304
327
329
313
286
326
316
327
328
311
324
288
318
296
308
288
311
311
305
286
317
319
303
331
339
312
323
306
301
297
309
307
287
337
292
279
329
306
332
309
325
298
289
318
301
292
305
306
305
307
309
282
315
340
280
264
304
305
301
305
306
284
267
268
294
299
301
292
288
284
299
305
301
296
286
313
300
301
291
259
264
292
294
289
276
292
303
282
289
279
330
293
264
308
300
270
314
281
287
297
281
270
285
285
287
273
300
300
284
317
256
295
323
274
261
302
302
293
289
297
277
259
297
288
295
296
298
254
278
272
327
281
284
288
284
281
270
253
259
268
257
267
269
260
298
258
298
283
256
273
243
297
259
296
255
275
268
265
272
256
276
290
291
258
271
292
269
290
249
294
263
275
286
274
239
253
269
251
259
304
269
267
285
254
261
277
276
288
259
286
233
276
253
275
275
268
245
276
273
260
254
254
259
259
258
254
252
249
252
240
272
278
267
262
241
258
252
241
255
244
266
261
278
256
272
250
238
272
270
252
269
241
255
288
278
254
222
249
242
243
274
237
253
262
277
253
248
260
228
226
232
269
245
244
262
262
240
233
213
251
231
232
248
247
218
257
261
236
228
231
250
221
245
285
250
229
220
229
202
239
213
226
250
245
245
261
249
221
238
225
238
217
250
253
259
238
228
249
255
206
247
246
254
250
250
253
223
238
225
246
232
225
246
255
241
229
223
217
263
230
241
197
228
253
248
214
202
218
209
240
215
226
244
221
213
221
223
221
218
268
260
224
223
246
206
256
236
277
210
228
211
226
221
254
232
226
239
227
186
235
252
225
214
210
236
200
222
252
229
202
209
243
218
234
224
241
225
212
245
225
221
207
208
224
206
217
190
229
236
194
229
216
226
217
211
205
231
218
177
194
225
214
253
227
223
222
230
216
219
189
215
240
199
221
209
200
213
212
210
221
202
235
210
214
215
219
215
221
210
205
224
209
220
219
214
217
230
209
211
207
206
212
199
193
214
222
205
190
213
218
209
214
210
196
217
195
221
203
209
186
217
220
202
216
178
228
197
224
206
201
193
198
200
208
208
204
214
211
210
194
232
206
237
206
196
207
219
213
195
218
213
211
204
221
213
221
231
202
212
212
227
188
198
200
178
220
218
202
218
208
208
183
179
190
202
210
205
228
206
196
193
209
202
180
222
194
203
189
193
206
173
193
206
206
184
180
207
203
203
197
178
196
200
196
171
196
176
188
186
198
196
205
171
194
176
199
208
181
197
211
208
168
183
192
213
176
181
181
171
221
183
164
185
181
165
167
204
170
186
170
214
180
194
203
187
182
200
190
192
170
166
185
180
182
170
196
187
162
172
171
171
174
198
186
195
187
173
177
175
156
166
187
177
180
194
189
187
186
188
171
161
175
183
174
181
191
197
198
181
181
186
154
186
169
161
169
167
157
166
148
158
174
164
157
200
152
176
168
175
156
173
159
157
175
195
177
157
176
190
199
164
183
158
184
171
190
172
178
167
179
167
166
179
157
196
157
176
170
166
173
174
188
170
161
172
173
164
174
169
172
171
170
173
168
171
152
161
175
170
158
176
161
159
164
186
184
162
170
150
166
179
167
180
154
177
185
159
173
185
173
165
171
189
152
152
165
170
165
191
171
165
181
176
167
138
164
157
162
178
175
186
177
183
164
163
195
160
162
160
167
162
168
165
159
157
158
181
156
185
160
187
149
175
164
182
180
191
169
180
185
161
163
151
171
160
200
164
185
190
183
176
171
167
175
177
176
160
179
168
170
157
181
180
159
206
177
171
172
176
177
161
154
154
172
186
182
167
187
165
169
159
157
172
161
141
173
159
165
166
159
170
163
176
154
179
185
155
179
172
162
170
178
175
173
152
182
162
169
194
158
165
157
166
138
155
162
121
136
171
148
130
176
161
151
170
138
169
140
149
159
160
153
153
143
158
145
167
141
140
132
136
160
144
161
145
145
155
151
147
143
142
143
151
149
139
163
133
151
142
159
150
146
138
134
151
142
129
133
156
144
158
148
124
156
152
165
140
144
131
154
136
133
165
172
136
142
147
148
133
137
135
133
127
141
139
146
115
157
137
129
155
147
137
142
143
131
121
154
127
137
158
141
134
133
133
148
135
163
143
141
131
169
127
157
142
146
145
146
157
143
127
128
142
141
132
165
157
132
150
149
148
158
130
131
149
136
139
140
145
145
139
168
152
150
158
149
153
145
162
144
156
158
154
138
140
145
140
150
167
148
144
141
136
156
128
137
120
162
140
132
137
146
164
133
170
131
131
157
168
130
139
147
140
162
130
135
137
123
149
165
144
144
144
144
160
158
125
146
145
155
147
146
139
159
150
146
154
164
147
139
142
129
147
145
138
146
139
134
137
161
148
158
120
128
137
136
150
135
141
149
137
152
156
141
140
140
148
165
135
141
129
128
133
145
132
117
138
119
119
124
123
146
129
125
128
116
112
110
126
136
113
107
114
119
129
140
122
137
125
109
113
123
128
113
116
131
126
109
143
120
131
123
119
137
122
118
112
130
117
107
113
124
121
117
122
118
101
100
128
129
121
118
108
98
126
128
120
133
110
134
105
99
112
123
121
134
127
96
125
116
110
122
120
124
133
109
137
118
114
131
114
109
124
94
130
124
113
128
99
136
124
112
123
113
95
125
123
116
118
113
113
116
112
105
133
126
110
109
98
112
129
100
113
122
137
109
130
116
109
112
126
110
118
105
123
133
113
129
120
124
116
126
116
149
120
117
147
124
113
111
147
119
115
120
128
127
117
123
107
120
94
103
112
117
124
127
126
121
119
116
113
126
129
140
126
124
108
136
107
142
118
123
116
157
134
123
108
132
121
117
108
120
120
113
125
133
128
122
127
153
110
128
146
146
152
129
131
150
129
146
121
123
141
139
140
130
125
144
144
157
144
142
141
134
142
148
123
147
158
154
136
152
145
148
154
148
128
146
128
156
149
124
139
152
140
156
141
141
139
139
150
132
125
158
133
133
142
140
172
155
138
150
127
127
133
125
120
118
131
115
110
101
105
121
110
98
151
107
122
95
111
115
96
98
97
98
99
77
107
93
69
92
85
80
89
90
69
71
86
101
90
85
88
75
85
76
91
101
80
79
79
82
86
93
63
76
67
69
81
82
72
74
77
88
63
87
88
93
88
77
86
80
89
79
86
81
55
78
66
62
75
88
80
78
74
75
76
87
84
84
82
83
89
71
90
91
72
80
82
67
68
80
76
97
86
79
81
65
73
81
70
86
83
68
63
69
81
55
58
63
65
77
82
73
83
92
66
81
89
69
75
83
75
74
78
80
76
77
70
71
75
79
91
76
77
63
72
69
73
57
74
70
66
69
91
81
78
78
81
67
79
85
80
88
71
73
81
56
77
78
73
77
86
64
76
85
85
92
78
94
66
79
74
84
77
86
73
80
77
79
86
81
81
68
71
77
64
79
80
68
75
70
67
86
81
59
85
60
71
76
74
70
76
54
100
63
79
70
67
80
70
68
69
67
80
77
59
77
74
74
62
70
76
66
76
74
77
73
65
84
72
68
78
62
77
82
61
82
85
77
75
80
74
70
74
78
89
77
76
87
71
77
81
79
64
91
80
72
72
78
58
83
75
72
85
75
85
74
78
88
61
79
74
79
69
73
61
66
71
82
76
68
65
82
77
83
80
71
88
70
73
78
73
76
65
71
88
64
72
78
61
70
68
58
74
63
73
71
81
60
72
68
68
64
77
69
73
80
74
56
69
75
61
75
69
89
78
64
66
65
76
52
64
70
67
89
66
54
68
61
74
73
72
66
63
70
55
75
72
80
71
64
77
64
73
58
76
65
83
61
82
84
87
67
80
78
76
71
79
67
78
66
80
82
82
67
76
51
57
66
76
73
81
73
77
82
58
72
71
52
83
73
78
74
85
68
75
63
66
82
54
68
62
73
94
59
57
70
91
61
66
78
60
63
65
75
75
75
84
86
88
82
74
83
67
73
80
85
74
69
60
79
85
62
79
74
60
91
74
85
74
80
77
63
82
87
83
65
73
69
77
91
74
69
86
77
77
95
73
88
68
73
96
83
73
83
105
83
82
81
90
79
80
89
90
95
78
90
98
89
97
91
96
101
95
98
97
88
104
107
103
94
108
104
95
104
98
106
119
131
128
101
88
88
115
102
95
107
113
109
120
111
114
91
115
111
127
104
114
120
130
117
118
104
115
92
116
113
135
103
113
111
96
99
107
118
119
105
99
122
99
98
109
81
98
86
85
99
100
94
88
77
79
79
75
71
87
78
75
65
65
58
64
63
62
64
44
62
51
51
60
56
36
42
56
48
33
37
46
46
39
33
41
34
46
32
28
33
38
24
24
27
37
24
30
35
27
26
25
24
23
26
26
20
26
25
27
31
29
30
24
19
30
31
35
23
28
27
29
35
23
21
38
30
25
37
27
23
33
25
28
27
29
28
29
24
25
31
28
37
17
17
22
27
30
20
28
40
29
29
22
33
33
30
27
28
22
35
27
23
37
25
32
29
27
25
28
27
30
29
31
25
20
32
31
29
21
28
31
30
30
35
28
38
36
29
27
22
26
25
28
34
26
36
39
35
25
30
23
30
28
28
26
40
30
34
28
30
29
17
38
23
18
34
24
39
29
37
33
20
27
30
36
24
33
35
21
14
28
42
32
24
31
39
34
38
38
25
34
36
23
21
24
28
30
30
35
28
32
23
35
23
29
29
39
31
35
28
33
24
32
39
32
28
37
26
35
39
39
33
33
40
26
42
35
23
35
31
25
33
34
31
34
18
29
36
37
44
35
30
24
39
36
39
31
43
33
49
35
35
30
32
39
41
38
39
38
42
38
27
22
37
38
35
38
38
37
32
32
41
42
43
43
33
29
33
39
38
42
34
26
33
28
37
38
27
36
26
32
24
34
27
23
17
20
30
35
18
34
11
19
25
27
26
25
25
19
17
13
24
15
21
19
11
18
18
15
14
16
13
14
18
29
14
16
19
15
14
20
18
10
12
17
15
16
11
13
13
10
15
14
11
12
5
8
13
13
18
13
7
23
16
12
11
17
17
11
19
14
11
19
15
19
10
15
7
17
9
14
16
20
16
7
16
12
18
17
10
14
16
19
9
10
16
7
15
10
15
12
21
10
11
15
10
15
18
12
16
15
7
11
19
21
15
12
18
15
12
12
23
13
11
14
14
7
14
11
14
16
15
17
13
17
14
7
9
10
16
16
9
15
13
18
9
20
7
12
17
13
15
13
11
19
17
8
15
7
10
17
21
10
13
17
17
17
6
16
15
10
16
10
15
9
16
14
9
15
16
13
12
20
11
10
11
19
6
6
14
11
10
13
12
10
9
15
15
16
10
20
12
4
13
16
19
12
11
14
7
16
12
11
19
13
8
18
12
9
15
18
12
13
17
17
20
13
12
14
15
14
18
17
10
21
10
11
14
19
13
11
16
11
21
5
11
15
16
12
19
15
16
14
11
10
14
13
15
8
12
15
12
20
18
12
16
20
13
14
16
18
8
20
15
13
16
11
14
21
14
17
10
15
15
21
17
13
17
13
15
10
19
9
16
7
9
12
19
16
12
20
11
14
16
16
8
19
19
11
13
6
8
11
11
12
7
13
4
9
12
10
12
17
13
6
10
13
10
18
15
14
7
16
13
17
11
15
9
9
9
11
12
12
17
18
14
7
12
20
9
6
12
10
12
9
15
12
13
20
13
16
13
11
11
9
13
9
6
11
6
9
15
7
10
13
10
11
11
10
6
7
4
6
11
13
3
14
8
13
16
11
10
8
10
9
10
12
8
3
10
8
10
10
14
7
9
10
10
9
9
7
13
6
4
10
19
7
15
8
5
8
13
5
7
7
15
5
6
9
11
9
7
15
10
9
12
16
14
13
11
10
10
15
8
6
7
12
9
5
8
11
6
11
11
8
8
16
14
13
7
14
9
10
11
3
11
20
7
10
12
9
12
11
13
13
18
6
11
12
11
8
13
9
9
11
15
20
15
8
8
11
11
8
14
12
17
14
11
13
10
10
17
9
8
12
10
7
4
7
8
11
12
10
7
13
9
10
7
14
10
10
12
10
16
14
7
9
12
8
15
11
13
7
18
7
11
7
10
7
11
19
10
13
12
15
10
11
15
7
8
9
15
17
12
4
16
9
10
10
6
13
17
10
15
15
13
8
13
11
7
14
9
11
13
11
10
15
12
8
10
13
15
7
12
11
9
10
9
14
9
9
11
9
8
16
14
11
6
11
12
12
10
9
12
9
8
5
9
6
10
17
9
3
7
8
7
14
10
6
12
9
7
6
13
10
12
12
15
6
14
13
6
13
7
14
4
6
4
6
10
10
5
9
4
13
8
7
5
14
11
13
11
13
10
8
11
6
9
4
9
4
7
21
10
9
8
11
7
12
5
7
7
6
11
6
8
3
12
4
9
5
16
12
7
7
8
7
9
12
8
14
5
13
9
12
10
11
8
14
6
8
9
9
8
9
10
10
5
11
11
7
11
8
8
5
6
4
9
8
3
1
14
11
7
13
7
12
6
11
5
5
6
8
7
12
10
8
10
7
11
10
12
5
8
8
8
7
13
7
12
10
9
5
11
5
10
12
11
10
7
10
5
8
8
11
10
11
9
9
7
6
9
9
12
8
4
7
9
9
10
10
9
11
6
9
9
7
10
8
7
9
7
8
10
16
11
2
4
10
6
9
7
6
4
7
7
6
11
10
7
4
5
12
5
11
9
5
6
6
8
9
7
10
15
7
9
4
6
8
9
5
15
11
5
12
4
8
12
4
5
6
7
7
7
7
8
8
5
8
11
5
7
11
10
4
5
6
12
14
12
10
4
6
12
10
10
7
7
9
7
5
8
5
9
4
10
6
10
8
2
7
10
5
8
5
4
5
2
9
8
8
9
7
5
10
6
7
8
8
3
11
9
8
6
10
7
7
8
9
13
7
8
7
7
9
7
7
11
6
5
11
6
5
9
9
9
7
5
3
6
8
7
3
4
3
5
8
10
6
9
6
12
6
10
10
9
6
12
8
6
6
9
5
5
10
8
8
4
9
7
6
7
6
4
8
8
6
6
10
5
3
5
10
8
5
6
8
7
10
14
6
5
9
9
11
6
9
3
6
6
16
8
10
7
9
9
5
8
12
8
7
8
9
5
8
7
6
8
7
7
7
4
4
5
3
9
8
8
5
8
10
7
5
6
6
7
7
7
3
7
8
7
7
4
3
7
5
12
7
6
4
2
8
6
10
9
9
5
6
6
1
6
7
9
9
4
9
8
7
10
6
6
10
9
6
9
4
7
11
4
12
4
5
8
6
8
9
5
6
5
9
9
9
7
5
7
6
7
6
4
2
9
3
6
6
5
8
10
5
8
6
5
6
7
11
5
5
2
8
7
7
6
6
8
6
9
12
6
7
6
3
8
6
2
6
8
6
8
11
10
6
7
5
10
5
4
8
4
10
10
7
10
8
2
3
3
11
5
8
10
5
8
5
5
8
10
9
6
6
6
7
8
6
3
4
5
8
7
8
10
6
8
4
6
4
4
3
2
4
9
5
10
5
8
6
9
7
10
9
4
6
4
5
8
4
7
7
6
9
5
6
9
4
6
6
4
9
5
3
7
7
11
4
13
5
5
6
4
2
8
8
9
9
8
9
11
6
1
7
7
7
7
5
5
11
3
3
6
4
8
7
9
14
3
5
9
6
6
5
7
5
10
8
10
4
6
6
6
7
8
10
6
11
5
8
12
11
9
8
4
4
2
8
10
5
7
9
5
5
5
8
7
5
6
5
4
6
2
8
9
6
5
7
7
12
2
4
3
7
12
2
9
4
5
7
5
6
3
3
2
11
5
5
6
3
6
10
6
4
8
5
5
10
4
9
5
3
7
9
4
5
8
6
12
3
5
5
4
6
7
3
5
9
4
6
4
3
4
6
4
4
8
3
6
7
2
3
4
9
3
6
3
7
6
7
3
5
3
4
5
6
2
4
5
3
6
5
11
10
3
11
4
4
6
7
9
9
4
3
2
5
3
4
8
1
5
8
4
6
1
1
7
4
6
5
4
5
7
7
10
4
1
3
6
4
4
8
4
4
2
7
6
5
4
12
5
8
5
6
9
4
1
6
7
6
5
6
6
4
4
5
7
4
5
7
5
7
3
6
5
6
3
4
5
7
4
6
4
8
1
9
7
8
4
10
6
5
2
6
8
6
5
5
1
6
6
5
8
2
5
5
4
5
3
5
6
5
6
4
4
3
4
5
2
9
4
4
3
4
2
6
4
2
6
3
5
8
5
3
5
5
7
7
6
7
5
4
7
5
4
7
4
3
5
4
8
2
2
3
5
5
9
3
8
6
4
2
6
4
13
3
3
5
2
6
5
2
2
8
7
4
5
5
12
2
12
6
7
5
6
4
2
3
4
6
4
11
8
7
1
9
5
4
2
6
10
9
11
2
8
5
4
8
4
2
7
6
5
11
4
6
8
4
4
3
5
5
5
2
3
7
3
4
5
6
4
10
4
0
5
7
10
6
7
4
7
2
2
3
4
9
5
5
3
9
6
5
5
9
5
5
3
4
4
3
4
6
4
2
4
3
5
9
4
3
4
2
9
7
5
9
5
4
4
8
8
10
6
4
3
3
6
6
5
10
5
9
7
4
5
7
4
8
8
6
7
2
3
8
9
4
3
3
5
5
5
5
6
6
6
6
3
6
1
5
2
7
5
3
8
8
2
4
5
3
2
7
3
8
9
8
2
8
8
7
4
3
6
6
8
5
9
7
14
3
6
5
6
8
7
5
9
9
3
5
6
9
6
3
10
7
7
8
12
15
8
5
6
8
9
5
7
6
11
7
5
14
8
6
8
10
11
9
8
16
12
4
7
12
6
12
9
12
16
12
6
11
8
9
8
7
3
12
11
8
10
13
7
6
9
5
7
12
4
5
7
7
11
11
5
6
6
9
5
3
7
5
8
11
6
6
14
3
3
9
5
3
14
7
6
4
7
8
6
8
3
2
2
6
6
5
5
4
5
3
3
8
6
1
3
0
5
4
7
3
4
5
5
5
2
1
6
0
7
6
7
4
2
8
3
8
7
7
2
2
4
5
4
3
7
3
6
6
5
6
5
6
1
4
3
5
2
3
4
3
5
6
8
8
10
8
2
7
5
4
3
1
8
5
4
2
8
5
4
5
5
4
4
7
3
6
5
3
3
5
5
7
4
6
8
6
2
6
6
8
5
6
7
6
5
5
7
4
2
3
0
2
7
4
5
4
9
8
2
5
3
6
4
2
1
2
6
2
8
2
4
2
3
5
6
3
3
2
3
3
4
7
4
6
2
2
3
5
2
3
5
3
3
8
6
3
2
8
5
3
6
3
6
4
6
4
2
3
4
4
5
5
7
11
6
3
7
6
4
4
1
7
5
5
4
3
6
6
4
2
4
2
3
5
5
8
6
7
5
4
4
5
7
2
10
2
8
3
4
1
4
5
4
5
1
4
3
1
4
7
3
3
4
3
7
5
5
5
5
4
4
4
4
5
3
3
6
4
5
2
2
6
4
4
4
5
1
7
1
10
3
3
3
7
5
6
9
2
5
4
5
3
7
7
3
2
3
2
4
3
4
3
7
4
8
6
9
8
2
5
3
4
7
2
3
1
5
1
6
7
6
5
7
3
0
4
4
2
4
7
3
2
5
0
3
5
5
1
4
6
1
9
6
10
8
1
3
5
8
5
3
2
4
2
4
3
3
3
8
4
2
4
4
5
1
4
5
3
3
5
3
6
8
4
3
9
7
4
5
1
3
2
3
6
5
4
4
5
3
4
4
5
4
3
4
5
2
4
3
2
2
5
2
4
2
3
6
3
3
5
5
4
4
2
4
2
1
5
3
2
1
3
3
2
7
4
2
3
4
7
2
2
7
5
5
3
6
3
6
5
3
3
5
2
3
2
4
6
4
7
2
4
3
5
5
5
4
4
3
8
2
6
3
5
4
2
5
6
3
2
6
4
6
5
2
1
5
6
2
6
3
2
6
5
6
3
8
5
2
6
3
4
1
6
5
2
3
4
6
3
2
12
4
3
6
3
2
3
3
7
6
7
2
2
6
3
7
6
2
8
6
6
5
6
5
4
4
4
6
7
6
4
4
5
9
8
4
5
5
8
8
4
1
8
7
4
7
8
7
8
5
10
2
11
7
4
10
10
9
6
12
9
5
7
6
10
6
6
5
8
7
8
4
6
6
5
8
11
3
4
5
4
6
4
10
4
9
4
5
9
3
5
3
4
5
7
6
6
8
5
9
6
3
5
6
4
2
3
3
4
3
7
1
3
3
5
4
2
4
5
6
3
2
2
4
6
5
2
9
1
5
4
3
2
3
2
4
2
3
5
5
3
3
1
2
3
5
3
5
2
4
7
3
4
3
0
5
5
5
3
5
2
1
3
5
4
4
2
3
2
4
4
1
3
11
0
2
3
7
8
5
4
0
5
2
4
1
1
2
2
4
6
5
3
5
4
4
2
2
4
3
2
3
4
5
1
1
3
2
5
3
2
6
2
2
2
2
3
3
0
3
1
1
1
5
2
2
10
6
3
4
3
1
2
2
5
4
3
6
3
5
5
3
5
5
2
3
3
3
7
4
3
1
2
7
2
6
3
5
3
3
6
3
3
1
3
5
5
4
3
3
4
4
4
3
6
1
4
2
1
2
2
6
1
5
3
2
6
6
4
4
4
6
3
6
3
2
4
1
2
4
2
5
1
5
4
6
1
4
2
3
5
1
2
2
3
6
2
5
5
4
2
1
4
2
5
4
2
6
5
2
4
2
2
3
3
2
2
0
2
1
5
0
5
2
2
3
3
5
3
3
3
3
4
2
1
6
3
3
4
1
3
1
6
5
3
2
3
1
2
4
5
2
4
4
3
1
2
6
2
2
4
1
1
2
3
0
1
2
5
2
3
4
0
1
0
3
1
2
4
0
4
5
2
3
4
4
3
3
4
4
3
2
1
4
2
4
5
5
4
1
5
2
1
6
4
5
5
2
3
3
2
3
2
1
3
3
5
4
3
3
2
3
4
2
2
3
3
4
6
3
2
2
4
5
5
1
1
0
4
2
6
2
2
4
3
5
2
3
3
4
3
2
1
4
5
4
4
0
1
7
3
4
5
4
2
2
0
2
1
2
2
5
1
5
6
3
5
4
3
2
3
7
6
1
1
3
5
4
1
3
2
3
3
5
2
4
2
2
4
2
5
2
4
4
3
2
5
7
2
2
5
3
2
2
2
2
4
2
3
3
3
4
2
7
3
3
8
4
7
3
3
2
2
5
0
6
1
3
1
4
5
4
9
3
1
5
2
2
2
3
4
4
3
5
4
2
2
3
3
2
0
3
5
5
2
2
2
5
6
5
1
6
1
4
6
4
4
2
1
1
5
2
5
3
1
2
2
2
2
3
4
3
1
3
2
2
3
3
3
2
3
6
3
1
4
2
3
3
3
3
4
5
6
6
1
3
4
3
4
6
2
2
6
4
4
6
2
6
1
5
5
4
3
2
2
2
1
5
2
3
4
3
4
3
5
3
2
4
2
4
7
1
4
4
2
5
1
0
2
2
3
1
0
1
3
2
1
9
7
6
1
2
5
6
1
5
3
1
1
4
1
3
3
4
5
1
3
4
0
1
4
2
4
1
0
2
4
2
3
2
3
1
3
4
3
2
4
5
2
4
1
5
3
4
2
1
3
6
1
3
5
3
2
4
2
0
3
3
3
3
4
1
5
2
0
4
1
5
3
4
3
3
2
2
5
4
4
2
3
3
3
2
5
2
5
1
2
3
2
8
1
3
4
4
5
2
2
1
3
1
2
3
1
3
1
2
1
2
4
4
3
4
2
3
0
2
6
2
2
2
5
1
3
3
4
0
4
3
5
3
8
1
3
4
4
2
0
2
6
1
2
3
2
0
3
2
2
3
0
3
2
4
2
5
4
2
3
1
1
4
2
5
3
1
3
2
2
1
0
2
4
2
0
1
2
3
4
1
3
1
5
4
2
3
1
1
6
0
3
2
3
1
4
0
2
4
2
5
0
5
2
3
3
1
5
1
0
4
2
4
2
3
2
5
3
2
5
3
0
2
5
1
2
3
5
2
2
0
2
4
2
3
1
5
3
1
6
1
4
3
4
3
2
5
3
1
2
1
4
3
3
4
1
0
1
1
3
2
2
6
1
2
2
5
2
2
2
1
4
7
1
0
5
2
0
3
3
1
2
2
2
2
1
4
0
3
5
2
1
4
3
2
5
3
1
4
2
3
2
0
2
1
5
1
4
3
2
2
0
2
7
8
1
3
4
1
2
1
1
3
1
2
1
0
3
2
3
1
1
3
2
1
2
2
2
2
4
2
3
2
0
1
4
3
4
3
6
2
0
0
3
3
2
3
3
3
2
5
1
1
3
7
1
5
3
5
5
2
4
6
2
2
3
1
2
6
1
2
1
2
3
4
4
1
0
3
2
7
1
0
2
1
3
4
0
2
6
5
7
2
3
2
4
2
2
2
5
4
3
5
2
3
0
1
4
4
1
0
2
4
1
3
7
4
4
4
2
2
8
4
2
1
3
3
1
1
7
3
1
3
4
1
5
2
4
1
1
1
2
3
2
0
3
2
1
3
1
4
4
5
2
1
5
4
1
0
0
2
2
4
4
2
2
1
3
2
1
4
4
8
1
4
1
5
6
2
2
5
3
3
1
1
2
1
4
5
2
3
3
2
6
4
0
1
4
5
2
5
3
0
4
6
5
2
2
1
3
3
5
3
1
2
1
2
2
3
2
0
3
4
3
3
1
0
3
4
5
2
1
7
4
2
2
6
1
2
4
2
3
1
1
3
3
1
3
2
0
0
2
2
2
0
4
0
0
3
1
1
6
2
0
2
7
1
3
2
2
4
2
2
1
1
0
1
1
1
2
1
5
2
1
2
1
6
1
3
2
0
3
5
1
2
0
4
5
2
4
3
2
3
3
2
2
0
5
2
6
3
1
0
1
0
5
5
0
5
0
4
5
2
3
3
0
3
0
3
2
5
0
1
2
0
2
6
4
3
4
1
1
4
2
2
3
2
1
2
3
3
2
3
1
1
4
0
0
1
3
0
2
2
4
1
1
0
1
3
5
4
2
5
2
1
3
1
3
2
2
0
5
2
0
3
6
2
1
3
3
3
4
2
2
3
1
3
2
2
4
5
3
1
1
2
5
4
4
5
3
2
2
3
1
7
3
1
2
2
2
1
3
0
1
5
3
2
2
3
1
2
1
0
4
2
4
4
6
2
4
1
2
2
0
2
0
4
3
3
1
2
1
3
2
3
3
1
1
1
3
2
2
1
2
1
1
3
2
4
2
1
5
3
4
2
6
1
2
3
1
2
3
3
2
3
1
4
2
1
1
8
2
1
3
6
1
0
5
1
5
3
1
2
4
3
3
2
4
1
1
2
2
2
1
3
0
2
4
2
1
2
2
5
3
4
0
2
4
1
4
1
4
3
0
2
6
6
2
2
6
2
3
1
0
5
2
5
2
2
1
1
2
1
1
2
3
2
0
0
2
3
1
2
1
7
4
2
6
6
2
6
0
4
2
2
3
2
3
4
4
1
4
3
2
2
2
1
2
5
3
2
7
2
2
3
2
3
3
3
3
2
0
4
1
1
4
2
2
2
5
5
6
1
2
3
3
6
7
5
3
3
2
2
5
2
4
1
5
5
4
3
5
2
2
5
5
2
5
5
4
7
3
7
5
4
0
7
3
6
5
4
7
5
5
8
3
8
5
3
5
3
2
10
5
1
4
4
6
2
5
2
7
3
4
8
2
3
3
3
2
5
1
0
1
6
3
4
1
3
5
3
5
3
3
2
2
4
1
3
6
5
4
6
2
3
4
5
5
4
3
4
3
2
1
1
6
2
3
3
2
3
3
5
3
2
0
3
0
4
0
3
3
0
3
5
0
2
3
1
1
1
3
1
2
5
1
2
2
2
2
1
3
3
1
0
2
4
4
2
4
2
2
3
2
1
6
1
2
2
3
3
2
2
0
4
1
3
3
0
1
6
3
1
1
2
5
5
2
3
3
1
3
3
4
1
1
0
0
2
4
2
2
2
2
1
1
2
2
3
2
0
1
7
1
0
2
4
4
1
1
2
3
5
1
5
0
6
3
0
2
3
4
2
3
4
2
3
1
0
2
3
2
5
1
1
1
3
7
2
5
4
3
2
5
2
2
2
0
6
2
4
1
2
3
4
0
2
0
1
2
2
1
1
1
1
2
1
3
0
2
1
2
1
2
3
3
0
1
4
1
2
1
1
4
6
7
1
3
5
2
1
0
3
3
2
3
6
2
2
3
0
2
2
1
3
2
2
0
3
1
1
3
0
0
2
2
3
2
3
3
0
2
4
3
1
1
1
2
1
2
2
1
1
2
2
2
2
4
4
4
1
1
4
1
1
1
2
2
3
3
2
1
1
4
2
3
1
2
4
2
0
3
3
0
2
5
1
3
1
2
4
3
3
1
1
2
2
4
1
4
4
3
2
3
2
2
3
2
3
1
4
2
2
4
0
0
2
1
1
6
2
5
3
2
4
1
2
0
3
6
3
4
5
3
2
2
3
1
5
1
4
2
3
4
3
4
3
1
3
2
0
3
2
1
5
2
2
3
2
3
3
2
3
2
4
4
3
3
0
3
2
2
0
3
4
4
1
4
3
1
0
1
1
4
4
3
4
3
4
0
5
2
3
5
4
2
1
4
2
2
1
2
5
0
1
2
3
2
5
2
3
0
0
3
0
4
4
1
2
4
4
2
3
1
3
4
2
1
3
2
0
4
2
3
2
2
2
4
4
5
2
0
3
5
5
4
6
1
3
0
4
6
5
2
2
5
5
0
3
1
0
2
2
0
2
1
3
1
2
1
6
2
2
1
1
3
2
1
2
4
6
1
4
1
4
0
3
3
2
3
1
4
1
4
1
6
1
4
4
0
0
1
3
3
1
2
1
1
1
4
5
1
3
0
1
2
4
0
1
4
8
2
3
5
3
2
1
3
1
1
1
3
2
4
0
2
1
5
2
2
1
3
1
0
2
2
0
1
2
4
4
5
4
1
3
5
0
2
2
1
2
5
2
5
1
2
1
2
3
2
2
3
4
4
5
2
5
2
4
1
2
3
1
1
1
7
4
3
3
4
3
3
2
2
4
2
2
2
4
1
2
2
3
1
3
2
3
2
1
4
4
2
3
1
3
1
2
3
2
2
2
1
0
3
2
2
2
2
2
5
2
0
5
2
5
0
1
4
5
1
3
1
0
0
1
0
0
3
0
1
2
2
3
3
5
2
2
3
0
5
0
3
8
2
4
3
2
2
5
2
1
2
4
2
3
1
2
2
3
1
0
1
0
1
1
1
3
3
3
3
2
1
2
5
0
2
2
2
1
3
1
0
4
0
0
5
2
2
4
3
1
3
4
4
2
7
3
6
0
3
4
2
4
4
4
3
3
3
3
2
0
4
3
1
5
4
3
1
1
0
6
5
0
2
2
1
3
3
0
1
1
3
1
1
1
2
3
0
5
0
2
1
2
5
2
0
1
1
2
1
5
2
1
5
0
3
3
1
2
2
4
2
4
0
1
3
2
2
4
2
2
2
0
5
0
2
2
4
2
2
2
3
1
4
2
3
2
3
2
3
2
2
2
3
3
1
1
0
1
2
1
4
1
1
1
4
3
3
4
2
1
6
2
2
4
2
0
0
0
1
3
2
3
3
2
0
3
3
1
4
1
3
0
3
2
2
5
1
2
2
2
1
2
5
0
3
2
4
0
1
2
1
3
2
0
2
1
3
0
0
3
2
2
3
6
2
0
1
4
1
4
2
1
1
5
1
1
4
4
2
5
1
3
1
1
1
0
4
1
0
1
4
2
1
3
2
3
2
3
7
0
1
1
0
3
1
0
2
2
3
1
0
2
2
0
0
0
4
1
2
3
2
1
3
0
4
3
2
4
1
1
2
3
4
4
3
3
0
2
2
1
5
2
3
0
1
1
2
3
1
3
1
1
1
8
5
3
2
2
3
3
4
3
1
0
0
2
1
3
1
3
3
0
2
5
1
2
3
6
3
1
1
1
2
1
3
0
1
1
3
3
4
3
4
1
3
3
2
1
0
2
1
1
3
2
3
2
1
4
5
1
2
3
1
1
0
0
1
2
4
2
1
4
1
2
0
5
0
1
2
1
4
4
1
2
1
2
1
1
1
3
0
2
1
5
3
4
3
3
5
1
3
3
2
2
2
3
1
6
2
1
4
2
1
2
3
4
3
1
4
3
6
4
4
2
2
5
4
1
1
3
1
3
2
3
3
2
1
3
3
1
3
0
1
0
3
0
1
3
0
2
5
0
5
4
4
1
2
3
1
3
1
2
3
2
2
3
2
4
3
0
2
2
2
2
1
2
4
3
4
6
3
5
3
3
2
0
0
2
3
4
2
3
2
1
1
0
4
6
3
3
4
1
2
1
2
1
2
4
7
5
3
4
3
3
2
1
4
3
5
3
1
4
1
4
1
2
3
2
3
3
6
2
2
3
3
0
5
2
2
5
1
3
0
2
1
1
1
1
3
4
3
3
0
2
1
1
1
2
3
3
1
3
3
1
1
1
6
4
1
3
4
1
3
1
8
3
0
3
2
2
2
3
1
1
1
0
1
1
0
1
0
2
1
0
1
3
2
0
3
3
1
3
1
1
3
4
5
1
1
4
4
0
2
2
2
2
3
2
3
1
2
2
0
2
3
1
2
2
3
2
3
2
3
1
2
1
0
3
2
2
0
2
1
3
1
2
0
1
3
1
1
1
3
2
1
2
1
2
4
0
3
2
1
3
3
1
3
4
1
2
1
2
3
2
1
1
4
0
2
1
1
1
0
2
0
1
2
1
1
6
0
4
0
3
1
3
2
1
1
0
1
0
2
3
2
3
5
1
3
2
2
2
2
2
3
2
3
3
1
1
1
0
0
2
1
1
2
4
0
4
0
0
0
2
4
1
2
3
3
1
1
2
3
2
0
4
1
3
1
0
1
1
4
4
2
1
3
4
2
3
2
2
2
0
1
2
0
2
2
1
4
1
1
0
1
0
2
2
1
1
2
1
1
2
0
1
2
0
5
1
2
1
0
2
2
1
3
3
2
1
2
4
2
1
0
0
2
0
2
0
2
2
2
0
2
2
0
1
0
1
3
1
1
2
0
2
1
2
0
1
1
0
0
2
1
1
2
2
1
3
1
1
3
0
1
1
1
1
0
1
0
4
2
1
2
0
2
2
2
1
4
2
2
0
3
3
2
4
1
0
1
1
4
4
1
3
3
1
0
1
0
1
2
2
1
2
0
2
1
2
3
1
1
4
0
1
1
0
0
0
0
3
1
0
2
1
1
0
1
2
3
1
3
0
1
1
0
1
4
0
3
1
1
1
2
1
1
0
1
2
1
2
2
1
0
3
1
1
2
0
0
3
1
1
4
2
1
4
3
1
3
1
2
2
0
0
3
2
2
1
2
0
2
0
0
1
1
3
5
0
0
1
0
2
1
0
1
2
1
1
1
3
1
0
3
0
4
1
2
1
2
2
1
1
2
0
2
1
1
1
5
1
2
1
2
0
0
3
1
2
0
3
2
1
0
0
3
1
2
1
2
1
3
4
0
3
1
1
2
2
1
2
1
1
1
0
0
1
0
0
0
1
0
0
1
0
2
2
0
1
0
1
0
1
2
0
0
1
0
0
2
0
1
0
2
1
0
2
2
0
1
1
1
1
2
2
3
0
2
1
2
0
3
4
0
1
0
0
1
1
1
2
2
1
2
2
1
3
0
0
1
0
2
2
1
3
2
1
2
2
0
2
2
3
0
1
2
1
1
2
0
2
1
1
0
2
4
0
0
0
1
1
1
0
0
1
1
0
1
0
1
1
0
2
1
1
1
2
0
2
2
0
0
1
3
0
1
2
0
2
1
1
1
1
1
3
2
2
0
2
2
0
1
0
1
2
0
1
1
1
0
2
3
1
2
0
1
0
0
1
0
2
4
2
2
3
0
0
2
0
0
2
3
1
2
0
2
1
1
2
2
4
0
1
0
0
2
1
0
1
5
0
1
1
2
0
3
1
2
0
2
1
2
1
0
3
4
2
2
2
2
2
1
0
1
3
3
1
3
1
0
0
0
0
2
1
1
2
4
0
0
4
2
2
1
1
0
4
0
1
0
0
4
1
0
4
4
1
1
0
0
0
0
0
4
3
5
2
2
0
1
2
0
2
2
2
2
1
0
2
5
0
2
1
1
0
0
2
1
0
3
1
2
2
0
1
2
2
0
3
1
0
1
1
1
2
2
2
1
1
1
1
3
2
1
0
1
1
1
1
1
2
1
1
1
0
0
2
1
1
5
1
1
4
1
1
2
3
4
0
2
0
0
1
1
2
1
0
0
0
2
1
0
0
3
2
0
0
1
0
0
3
1
1
2
2
3
4
1
2
0
4
0
1
1
0
1
3
4
0
3
1
1
0
1
0
0
1
1
3
2
0
2
2
1
0
0
0
0
1
1
1
0
0
2
1
0
0
1
3
0
1
0
1
2
1
0
0
3
0
2
4
1
0
0
3
2
2
0
0
1
2
0
3
1
1
3
1
3
0
0
0
2
1
0
0
1
2
0
1
1
0
0
2
0
1
1
1
0
4
1
1
0
0
0
4
1
4
0
0
2
0
3
1
0
0
0
2
2
3
0
1
1
1
0
0
1
0
1
0
1
2
0
1
0
2
1
1
2
0
1
2
0
0
0
2
1
0
1
1
2
1
1
0
1
0
0
2
1
1
2
0
0
2
2
2
1
0
0
1
4
0
0
1
1
2
1
0
2
1
1
1
1
1
0
1
0
0
2
0
0
1
1
0
0
0
0
1
1
3
0
1
1
0
1
2
0
1
0
0
0
1
0
2
1
0
1
2
0
3
0
1
0
1
1
3
0
1
2
0
0
0
0
2
3
0
0
1
0
2
2
0
1
0
0
0
0
1
0
3
0
1
2
1
0
2
1
1
0
1
1
0
1
2
1
0
1
0
2
0
1
3
1
1
2
0
0
0
2
2
1
1
1
0
0
2
1
1
0
0
1
0
2
0
2
2
1
3
0
0
2
1
1
0
0
2
1
0
0
1
2
0
1
0
0
2
0
3
1
1
1
0
1
1
0
2
3
1
1
2
0
2
1
0
0
2
0
2
0
1
0
1
1
1
3
1
0
1
1
2
0
1
0
1
0
0
0
1
1
2
1
2
1
2
1
2
2
1
0
2
0
1
0
1
0
0
1
2
1
1
1
1
1
0
0
0
1
0
1
1
1
1
0
1
1
2
1
0
0
0
2
1
1
0
2
4
0
0
1
0
0
1
1
1
3
0
5
2
1
0
2
0
0
1
0
1
2
0
1
4
0
1
1
2
0
2
1
0
0
0
1
0
0
1
1
1
1
0
2
1
1
2
2
3
0
2
1
0
0
2
0
1
1
1
1
1
1
0
2
2
0
2
0
0
0
0
1
0
0
0
1
0
1
1
0
0
0
1
2
0
4
0
0
0
1
1
2
0
1
1
1
0
3
2
0
2
2
2
0
0
1
1
0
0
1
0
0
1
0
2
1
1
0
0
1
1
0
0
1
2
0
2
0
0
3
1
3
0
0
2
4
1
0
1
1
1
0
1
1
2
2
0
1
0
3
0
0
1
2
0
0
1
1
0
2
3
0
0
1
0
0
1
2
2
1
1
1
3
1
2
2
0
2
2
1
3
2
0
0
4
2
0
1
1
1
1
0
1
0
1
2
0
1
0
0
1
0
0
1
2
0
0
0
1
0
1
1
1
1
1
1
0
0
1
2
1
2
1
1
1
0
1
1
0
0
1
1
0
0
0
2
0
0
0
0
1
2
1
1
1
2
0
2
1
0
0
0
1
3
1
2
3
0
1
2
0
1
0
2
0
3
1
1
0
2
1
0
0
2
3
0
1
1
0
1
0
0
0
0
0
2
0
3
0
0
0
2
2
0
0
0
1
0
1
1
2
2
0
1
0
0
1
0
0
0
3
3
1
0
2
1
1
0
0
1
0
0
0
1
1
0
2
1
1
0
0
0
0
1
1
0
0
0
1
2
0
0
0
2
1
1
1
0
1
0
1
1
0
1
0
1
0
2
0
2
1
1
0
0
1
1
1
0
1
0
1
1
0
0
1
3
0
0
0
0
0
1
0
0
0
0
1
0
0
2
3
0
0
0
0
2
0
0
0
0
1
0
1
0
1
1
0
2
0
0
0
1
0
0
1
0
2
0
2
1
0
0
1
1
4
0
1
2
0
1
0
1
0
1
2
1
0
0
0
0
3
1
0
0
0
1
0
2
1
2
1
0
0
0
1
2
1
0
0
0
3
1
1
1
1
0
2
3
0
1
1
1
0
1
1
2
0
1
0
0
0
1
0
0
1
1
1
1
0
0
2
1
1
0
0
2
0
0
1
2
1
1
1
1
3
1
1
1
0
1
2
3
0
2
1
3
1
1
2
1
1
1
0
1
0
0
2
0
0
0
0
1
0
2
0
2
0
0
0
0
0
0
0
0
1
0
2
0
1
1
0
0
1
0
1
0
1
0
1
0
1
0
1
0
0
0
0
1
0
1
0
0
0
1
1
0
1
0
0
1
1
0
0
0
0
1
0
1
0
2
0
0
0
2
0
0
0
1
1
0
1
0
1
0
2
0
1
1
0
0
0
0
0
1
0
1
0
1
2
0
0
0
0
1
0
0
0
0
1
0
0
2
0
1
0
0
1
0
0
1
0
0
0
0
0
1
0
1
1
2
1
0
0
1
3
1
2
0
1
0
0
3
0
0
1
1
0
1
0
0
0
0
0
0
0
1
0
1
0
0
1
0
1
0
2
1
0
0
2
0
0
0
0
1
1
0
0
0
0
4
0
0
0
0
0
1
1
0
1
0
0
1
1
0
0
0
0
2
3
0
0
0
0
0
0
0
2
0
0
1
1
0
1
2
0
0
3
1
0
2
2
0
0
0
3
0
1
1
0
0
2
1
1
1
3
0
1
2
1
0
0
0
0
1
0
0
0
1
0
0
1
0
0
1
0
0
0
1
1
1
1
2
1
0
0
0
0
2
0
1
3
0
0
1
0
1
0
1
1
1
0
0
2
1
1
2
0
1
1
0
0
0
0
0
0
1
3
0
0
0
0
0
0
0
1
0
1
1
0
0
1
1
0
1
1
0
2
0
0
2
2
2
0
1
1
0
0
0
1
1
1
0
1
2
0
0
0
0
2
2
0
1
1
1
2
1
0
3
2
3
1
2
0
0
0
0
0
0
0
2
0
0
0
3
1
1
1
0
0
1
0
0
0
0
0
2
1
1
0
1
0
2
1
2
0
2
3
1
1
0
0
1
0
0
0
1
1
1
2
2
1
2
1
0
0
0
1
0
2
3
3
2
1
2
2
1
1
1
0
1
1
0
0
2
2
2
1
0
2
3
1
0
3
3
1
1
1
0
1
5
1
1
3
3
1
1
1
1
1
1
0
2
0
4
5
2
3
2
0
3
2
1
2
5
4
3
4
5
4
3
4
5
4
4
5
4
6
12
5
6
3
5
5
12
8
6
4
7
6
8
3
13
7
8
9
7
7
6
2
15
11
5
13
16
12
10
8
6
13
19
10
13
13
11
6
15
9
9
12
8
8
7
9
9
11
6
9
14
2
5
9
10
3
6
8
6
1
5
6
4
5
5
5
5
2
5
7
3
3
6
1
2
6
7
3
5
5
6
4
3
3
5
10
3
2
3
3
4
1
3
4
3
3
4
4
1
1
3
1
2
1
3
1
3
4
1
3
2
3
1
0
1
1
0
1
2
1
0
3
2
1
2
3
2
1
0
0
1
3
1
0
0
1
2
2
0
0
1
1
1
1
1
0
0
3
0
1
0
1
0
0
0
0
1
2
3
1
0
0
1
0
0
0
0
0
0
0
0
0
1
0
1
0
0
0
2
0
1
0
0
0
0
0
0
0
0
2
0
0
2
1
0
1
1
1
0
1
1
1
0
0
2
2
0
1
0
1
0
0
2
0
2
1
0
2
0
0
0
0
0
0
1
0
0
1
0
0
1
0
1
1
2
0
0
1
1
2
0
0
0
1
0
0
0
0
0
1
0
0
0
0
0
0
2
0
1
2
0
2
0
1
0
0
0
1
0
0
1
0
1
1
0
1
1
0
0
0
1
1
0
2
0
0
0
0
0
0
0
0
2
0
1
0
0
2
0
0
1
0
0
0
1
1
0
1
0
2
1
0
1
0
0
0
0
0
2
1
1
0
0
0
0
0
0
0
1
0
0
0
1
2
0
0
1
0
1
0
0
0
0
0
0
1
2
1
2
0
0
1
1
0
0
0
1
0
0
0
1
1
0
0
0
0
0
0
0
0
0
2
0
1
0
0
0
2
2
0
0
2
1
0
2
0
0
0
0
0
1
1
0
1
0
0
1
0
0
0
0
1
0
0
0
2
2
0
0
0
0
0
1
1
0
0
0
1
2
2
1
2
2
0
0
0
0
0
1
0
0
1
1
0
0
1
0
1
1
0
0
0
1
0
1
1
0
1
0
0
1
2
0
0
0
1
0
0
0
1
0
0
0
1
2
0
0
2
2
0
1
0
1
1
1
0
0
0
0
1
0
0
0
0
1
0
0
0
0
0
3
0
2
0
0
1
0
1
1
0
0
1
0
0
0
1
3
2
0
1
2
0
1
0
1
1
0
0
0
1
1
0
0
1
2
1
2
1
0
1
0
0
0
0
0
0
0
1
1
1
0
1
1
1
0
0
0
0
1
1
2
2
0
1
1
0
1
2
0
0
1
0
0
0
1
0
0
0
0
0
0
1
2
0
1
1
0
2
0
0
0
0
1
0
1
0
1
2
0
2
0
1
0
0
1
2
1
0
0
1
1
0
0
0
0
0
1
1
0
1
0
2
0
1
0
1
2
2
0
1
1
0
1
0
1
0
0
0
0
0
1
0
0
0
0
0
1
1
0
1
0
1
2
1
1
1
0
0
0
2
1
2
1
1
0
0
2
0
1
0
0
0
0
0
1
0
0
0
0
1
0
0
1
0
0
1
1
0
0
0
0
0
0
1
1
0
1
0
0
0
0
1
0
2
0
2
1
0
1
0
0
0
1
0
1
0
0
1
1
1
0
0
0
0
0
0
1
1
0
0
0
1
0
0
0
1
1
1
1
1
0
1
0
0
1
1
0
1
0
1
0
0
1
0
0
0
0
1
0
1
1
0
0
1
1
0
2
0
1
0
1
0
0
0
0
0
0
0
0
1
0
0
0
1
0
1
0
0
1
0
0
0
0
0
0
0
0
0
1
0
0
0
0
0
0
1
0
3
1
0
0
0
1
0
1
0
0
1
0
0
0
0
0
1
0
0
0
1
0
1
0
0
1
2
2
1
0
0
0
0
1
0
0
2
0
0
1
0
0
0
0
0
1
0
1
0
1
1
0
1
0
0
0
0
0
1
2
0
0
1
0
1
0
1
0
0
0
0
0
0
0
0
0
0
0
0
1
0
0
0
2
0
0
1
0
0
0
0
0
0
0
2
0
0
0
0
0
1
1
0
0
1
0
0
1
0
0
0
1
0
0
1
1
1
0
0
0
0
0
0
0
0
0
0
1
1
0
1
0
0
1
0
0
0
0
0
0
1
0
0
2
0
1
1
1
1
0
0
1
1
2
0
0
1
0
0
2
0
0
0
1
0
0
0
1
0
0
0
0
0
0
0
1
0
0
0
0
0
2
0
0
0
0
1
2
1
0
1
0
0
0
0
0
0
0
0
0
0
0
0
0
0
0
0
0
0
0
0
0
0
0
0
0
0
0
0
0
0
0
0
0
0
0
0
0
0
0
0
0
0
0
0
0
0
0
0
0
0
0
0
0
0
0
0
0
0
0
0
0
0
0
0
0
0
0
0
0
0
0
0
0
0
0
0
0
0
0
0
0
0
0
0
0
0
0
0
0
0
0
0
0
0
0
0
0
0
0
0
0
0
0
0
0
0
0
0
0
0
0
0
0
0
0
0
0
0
0
0
0
0
0
0
0
0
0
0
0
0
0
0
0
0
0
0
0
0
0
0
0
0
0
0
0
0
0
0
0
0
0
0
0
0
0
0
0
0
0
0
0
0
0
0
0
0
0
0
0
0
0
0
0
0
0
0
0
0
0
0
0
0
0
0
0
0
0
0
0
0
0
0
0
0
0
0
0
0
0
0
0
0
0
0
0
0
0
0
0
0
0
0
0
0
0
0
0
0
0
0
0
0
0
0
0
0
0
0
0
0
0
0
0
0
0
0
0
0
0
0
0
0
0
0
0
0
0
0
0
0
0
0
0
0
0
0
0
0
$ROI:
0
0
$PRESETS:
Live Time
0
0
