$SPEC_ID:

$SPEC_REM:
DET# 1
DETDESC# MCB 25
AP# ORCA (11.0h)
$DATE_MEA:
2017-08-12 12:41:27 +0000
$MEAS_TIM:
3174.00 4320.00
$DATA:
0 16383
0
0
0
0
0
0
0
0
0
0
0
0
0
0
0
0
0
0
0
0
0
0
0
0
0
0
0
0
0
0
0
0
0
0
0
0
0
0
0
0
0
0
0
0
0
0
0
0
0
0
0
0
0
0
0
0
0
0
0
0
0
0
0
0
0
0
0
0
0
0
0
0
0
0
0
0
0
0
0
0
0
0
0
0
0
0
0
0
0
0
0
0
0
0
0
0
0
0
0
0
0
0
0
0
0
0
0
0
0
2
7
61
1627
10701
19341
18748
17240
16381
16385
16158
15949
16117
16126
16508
16627
17092
17358
17365
17512
17763
17884
18129
17816
18046
18085
18335
18133
18009
18190
17769
17858
18106
17807
17922
17940
17828
17689
17411
17410
17417
17392
17347
17577
17341
17123
16946
17349
17222
17073
16917
16983
16888
16718
17016
16898
16855
16641
16930
16554
16879
16702
16546
16459
16497
16378
16336
16341
16128
16404
16100
16495
16359
16144
16315
16055
16001
16146
15937
15947
15909
15885
15762
15857
15781
15770
15708
15778
15555
15716
15927
15647
15748
15516
15694
15642
15415
15416
15798
15496
15321
15262
15237
15340
15171
15289
15111
15238
15319
15331
15120
15162
15107
15074
15069
15127
14898
15174
14923
14884
14827
14925
15047
14788
14726
14894
14881
14792
14887
14681
14604
14738
14761
14688
14707
14790
14504
14428
14726
14588
14457
14425
14461
14456
14533
14397
14491
14325
14454
14468
14254
14301
14379
14251
14434
14053
14400
14250
14041
14218
14446
14192
14252
13987
13903
14064
14005
14104
14057
14021
14065
14122
13964
13793
13862
13947
13893
14018
13799
13964
13823
13851
13739
13555
13624
13840
13510
13914
13663
13733
13810
13751
13521
13851
13796
13812
13681
13705
13635
13671
13494
13455
13634
13725
13891
13733
13300
13721
13681
13627
13574
13377
13444
13364
13667
13671
13355
13342
13339
13156
13405
13259
13260
13265
13273
13272
13277
13459
13205
13345
13167
13228
13153
12988
13065
13224
13195
13115
13215
13073
13273
13150
13186
13097
13107
12921
13104
13109
12908
13016
12949
13019
13137
12868
13012
12925
12883
12937
12834
12929
13007
12911
12974
12731
13041
13074
12907
12911
13015
12888
12772
12742
12757
12712
12799
12899
12755
12619
12805
12777
12775
12706
12663
12556
12686
12517
12675
12588
12740
12489
12817
12673
12693
12642
12752
12677
12533
12467
12423
12529
12536
12558
12479
12479
12591
12576
12488
12479
12570
12301
12368
12545
12402
12493
12455
12407
12335
12235
12155
12434
12296
12379
12247
12241
12031
12252
12343
12485
12096
12121
12290
12149
12398
12319
12174
12063
12389
12173
12125
12180
12080
12054
12197
12226
12144
12117
12092
12222
12043
12063
12188
12068
12249
12129
12191
12034
12019
12081
12041
11969
12108
12010
12158
12047
12031
12125
11923
11980
11893
11913
11921
11964
11904
11930
11855
12046
11996
11777
12098
11835
11806
11775
12011
11879
11758
11958
11888
11986
11730
11923
11824
12014
11889
11854
11632
11932
12018
11853
11635
11690
11891
11774
11630
11526
11708
11688
11548
11646
11590
11538
11665
11602
11687
11544
11737
11523
11725
11693
11635
11546
11560
11628
11613
11526
11626
11593
11652
11562
11566
11761
11620
11461
11788
11406
11729
11407
11398
11604
11436
11532
11465
11387
11479
11618
11323
11255
11460
11648
11402
11402
11370
11404
11356
11470
11557
11421
11472
11570
11309
11260
11377
11313
11437
11180
11145
11255
11279
11399
11351
11226
11265
11344
11326
11104
11200
11282
11272
11299
11242
11198
11281
11222
11177
11217
11026
11167
10933
11060
11262
10922
11274
11285
11092
11089
11066
11048
11121
11288
11116
10978
11210
11073
10994
10896
11063
11146
10931
10964
11008
11185
10981
11036
10966
11004
10838
10852
10883
11122
10963
10883
11026
10988
11065
10912
11052
10887
10801
10846
11106
10887
10912
10813
10804
10945
10876
10805
10702
10811
10788
10681
10533
10787
10874
10844
10805
10790
10935
10742
10872
10634
10768
10669
10953
10831
10726
10805
10847
10614
10771
10750
10761
10603
10772
10510
10563
10742
10540
10610
10554
10732
10698
10649
10665
10698
10592
10695
10681
10549
10633
10630
10810
10745
10635
10740
10664
10483
10606
10614
10475
10701
10543
10485
10837
10704
10504
10674
10648
10797
10641
10473
10628
10557
10451
10408
10513
10522
10354
10531
10448
10471
10270
10666
10485
10640
10591
10710
10600
10588
10500
10419
10479
10456
10696
10599
10474
10385
10631
10689
10539
10430
10591
10582
10514
10484
10604
10493
10488
10404
10491
10440
10472
10488
10627
10593
10512
10316
10593
10657
10635
10462
10493
10521
10528
10480
10597
10624
10519
10650
10630
10473
10697
10785
10643
10651
10565
10561
10665
10688
10621
10642
10746
10758
10687
10876
10837
10974
10958
10901
11033
11138
11151
11333
11307
11248
11297
11501
11607
11738
11747
11718
12001
12139
11959
12420
12517
12686
12601
12683
13068
12973
13061
13203
13473
13584
13474
13894
13925
14080
14242
14251
14269
14625
14550
14691
14750
15116
14999
14959
15219
15450
15249
15368
15659
15516
15687
15899
15826
15918
15822
16227
16277
16474
16678
16670
16769
16978
17244
17335
17284
17571
17461
17635
17930
18220
17985
17895
17790
17771
17449
17345
17141
16967
16956
16757
16388
16420
16340
16002
15659
15545
15465
15308
14871
14806
14453
14326
14228
13886
13738
13419
13328
13027
12716
12645
12454
12125
11967
11906
11700
11477
11534
11294
11018
11171
10979
10856
10715
10648
10470
10481
10459
10280
10293
10199
10333
10217
10202
10274
10193
10131
10073
10190
9864
10231
10034
9993
9989
10133
10075
10047
10036
10114
9933
10282
10189
10025
10057
10202
10051
10108
10315
9830
10085
10166
10219
10272
10290
10307
10147
10051
10172
10164
10169
9908
10244
10357
10112
10140
10177
10157
10195
10365
10397
10162
10071
10261
10384
10245
10314
10211
10345
10381
10219
10321
10169
10225
10470
10617
10376
10542
10501
10485
10390
10348
10396
10397
10323
10329
10487
10401
10562
10481
10323
10441
10738
10342
10471
10485
10543
10533
10662
10406
10567
10600
10770
10461
10559
10494
10625
10586
10517
10651
10569
10668
10554
10675
10838
10618
10493
10666
10871
10702
10704
10724
10555
10775
10535
10855
10877
10898
10801
10568
10758
10942
10908
11105
10764
10870
10904
11214
11059
10963
10867
10802
11018
10970
11188
11022
11037
10787
10973
11018
10963
10938
10832
11047
11153
11246
11171
11067
11091
11105
11174
11280
11154
11118
11291
11211
11217
11212
11438
11233
11440
11206
11498
11195
11330
11296
11431
11420
11342
11319
11356
11527
11178
11449
11584
11454
11372
11426
11417
11401
11634
11532
11515
11631
11516
11516
11572
11414
11703
11556
11724
11570
11613
11442
11694
11679
11457
11704
11636
11716
11627
11661
11684
11904
11832
11668
11551
11633
11513
11666
11619
11538
11731
11717
11952
11791
11777
11682
11933
11747
11854
11804
11803
11662
12018
11549
11757
12057
11918
11907
11864
12045
11951
12030
11993
11875
12151
12106
11860
12074
12042
11974
11871
12051
12218
12168
11999
12065
12048
12028
12377
12272
12114
12073
12115
12202
12017
12079
12258
12173
12487
12243
12304
12220
12244
12244
12192
12275
12177
12259
12275
12070
12335
12438
12344
12650
12326
12381
12421
12506
12463
12385
12503
12487
12618
12501
12364
12622
12257
12504
12421
12530
12531
12468
12522
12398
12487
12368
12460
12737
12573
12749
12629
12630
12838
12683
12703
12666
12663
12745
12679
12479
12645
12775
12888
12551
12570
12679
12655
12535
12558
12556
12863
12680
12689
12987
12715
12878
12860
12755
12713
12856
12886
12784
12814
12904
12786
12849
12886
12882
12691
12956
13026
12754
12842
12688
12728
12809
13060
13069
13029
12875
12918
12936
12939
13104
13213
13258
13078
13259
13056
13221
13245
13209
13217
13100
13201
12817
13286
13135
13040
13189
13095
13207
13089
12998
13371
13125
13048
13149
13157
13215
13161
13136
13178
13197
13341
13377
13374
13500
13288
13295
13356
13329
13379
13593
13348
13449
13278
13490
13328
13550
13379
13454
13436
13430
13495
13680
13489
13468
13651
13420
13623
13443
13610
13638
13505
13390
13464
13688
13409
13777
13757
13300
13686
13706
13598
13644
13747
13695
13697
13697
13559
13675
13671
13565
13683
13675
13711
13887
13933
13667
13815
13700
13694
13823
13644
13782
14094
13782
13914
14047
14010
13947
13812
13993
13686
13843
14051
13943
14006
13872
14016
14106
14162
14160
14209
14130
14208
14358
14253
14235
14025
14253
14200
14197
14361
14174
14337
14392
14336
14408
14147
14167
14328
14637
14435
14439
14240
14779
14485
14298
14559
14400
14548
14519
14812
14796
14551
14604
14687
14575
14575
14477
14622
14791
14506
14755
14834
14721
14793
14527
14854
14759
14906
14936
14709
14753
14932
14936
14944
14668
14858
15075
15041
14969
15142
14968
15277
15007
15260
15141
15105
14959
15469
15067
15130
15258
15248
15200
15074
15314
15232
15385
15260
15460
15324
15292
15344
15649
15414
15460
15212
15556
15464
15391
15664
15554
15226
15572
15423
15461
15369
15670
15587
15750
15664
15725
15651
15496
15773
15875
15462
15657
15747
15662
15731
15748
15620
15826
16067
15630
15804
15701
15729
15932
16084
15983
16018
16001
15802
15922
16122
15792
15887
15909
15833
16079
16034
16176
15875
16162
16261
16160
16028
15823
16056
16190
15995
16022
16255
16264
16267
16297
16237
16175
16146
16254
16279
16518
16379
16389
16285
16427
16461
16439
16374
16342
16517
16493
16244
16576
16606
16607
16661
16618
16896
16560
16636
16751
16823
16819
16997
16958
16875
16893
16865
16967
17093
16973
17004
17010
17125
17139
17045
17320
17195
17145
17334
17254
17239
17294
17313
17268
17340
17148
17523
17477
17610
17310
17713
17499
17698
17581
17656
17652
17576
17455
17658
17859
17560
17762
17779
17843
17618
17749
17645
17681
18013
17866
17866
17840
17912
17992
17980
17718
17792
17636
17905
17758
18099
17909
18141
17993
17831
17984
17722
17914
17921
18132
17979
18010
17983
17897
18042
17810
18073
17689
18046
17949
18106
18015
18221
17987
18135
18179
18004
17915
18042
18346
18381
18443
18266
18130
18219
18279
18134
18671
18116
18044
18168
18167
18352
18531
18353
18514
18519
18499
18694
18424
18768
18654
18405
18624
18422
18844
18843
18639
18682
18524
18508
18641
18772
18699
18658
18821
18717
18714
18690
18715
18785
18841
18654
18786
18715
18765
19147
18684
18919
18826
19092
18924
18781
18853
19012
18782
18806
18796
18927
18671
18500
18487
18503
18425
18234
18306
18186
18104
18137
17767
18004
17877
17892
17580
17750
17556
17585
17359
17332
17249
17244
17205
17147
17194
17002
17017
17038
16947
16917
16784
16754
16937
16759
16694
16802
16833
16672
16621
16843
16379
16624
16513
16534
16559
16505
16334
16115
16393
16257
16253
16467
16317
16394
16267
16359
16134
16361
16055
15990
16165
16203
16141
16285
16309
15992
16465
16356
16098
16101
15940
16021
16069
16078
16022
16002
16186
15998
15828
16132
16122
15975
15955
15888
15944
15941
15944
15853
15888
15925
15998
16053
15606
16059
15916
15767
15863
16019
15662
15835
15878
15687
15817
15916
15680
15618
15638
15522
15773
15942
15960
15673
15678
15582
15599
15586
15614
15839
15528
15697
15382
15801
15480
15664
15520
15766
15522
15490
15790
15640
15587
15599
15544
15666
15374
15511
15524
15668
15523
15442
15444
15610
15473
15726
15692
15710
15344
15370
15388
15641
15474
15358
15479
15305
15387
15412
15477
15316
15425
15291
15320
15401
15174
15439
15422
15366
15181
15421
15327
15459
15309
15257
15256
15578
15338
15329
15380
15266
15376
15311
15269
15196
15089
15195
15248
15254
15239
15118
15077
15148
15184
15112
15160
15243
15333
15205
15118
15431
15359
15202
15153
15315
15260
15016
15301
15085
15329
14956
15233
14946
14915
15103
15102
15028
15117
15354
15031
15361
15345
15378
15092
15182
15069
15023
15182
15064
15246
15335
15219
15169
14955
14984
15237
15230
15230
15142
15071
15285
15218
15031
15158
15092
15207
15021
15197
14908
15144
14939
14920
15137
15017
15211
15141
14920
15132
14909
14996
14900
15055
14924
14829
15271
14888
15140
14973
14903
14912
15117
14924
14966
15008
14841
15096
15093
14922
14949
14840
15119
15134
14792
14979
15061
14765
14774
14781
14934
14846
15050
14825
14879
15063
14841
15008
14850
14960
14980
14898
15007
14827
14991
15072
15083
14852
14810
14921
14918
14725
15002
15020
15107
15089
14813
14863
14867
14910
14765
15012
14958
14848
14620
14847
14684
14945
14825
14884
14893
14980
14786
14987
14938
14956
14704
14862
14648
14683
14730
14839
14889
14756
14535
14891
14710
14757
14713
15024
14955
15010
14732
14791
14875
14793
14741
14832
14806
14915
14704
14814
14705
14583
14918
14973
14763
14721
14768
14842
14879
14759
14796
14853
14807
14666
14628
14841
14690
14661
14771
14787
14532
14702
14450
14798
14646
14644
14788
14676
14681
14397
14501
14757
14758
14745
14754
14551
14753
14561
14443
14639
14850
14673
14524
14602
14644
14605
14582
14501
14672
14377
14556
14443
14483
14485
14586
14338
14490
14763
14458
14219
14550
14648
14512
14360
14142
14376
14265
14283
14265
14227
14404
14358
14415
14342
14373
14203
14116
14225
14167
14102
13918
13951
14019
13950
14053
14121
14094
14138
13952
13922
13935
13917
14009
13727
13722
13942
13817
13812
13699
13405
13719
13561
13750
13503
13787
13217
13344
13341
13403
13237
13477
13241
13270
13169
13224
13028
13055
13029
12862
13058
12731
12674
12810
13056
12925
12648
12834
12680
12460
12656
12661
12694
12515
12507
12658
12533
12460
12241
12323
12295
12179
12283
11966
12250
12165
12133
12191
12148
12024
11964
11877
12063
11816
11927
12050
12111
11811
11703
11758
11620
11655
11739
11830
11599
11655
11549
11705
11690
11586
11759
11719
11728
11540
11524
11660
11309
11507
11421
11400
11356
11555
11432
11414
11039
11408
11160
11225
11266
11146
11171
11239
10930
11212
11090
11136
11159
11250
11112
10967
11110
10930
11045
11179
11014
11174
11123
11173
10844
10958
11004
10880
10983
11232
10994
10885
10766
11126
10885
10922
10645
11084
10836
10709
11000
10865
11021
10952
10915
11111
11045
11078
10926
10828
11039
11040
11063
10910
10892
10999
10876
11173
10914
11002
10923
11150
11074
11068
11074
11150
11157
11253
11120
11110
11094
10955
11153
11284
11306
11112
11036
11260
11276
11046
11247
11217
11148
11448
11216
11003
11184
11388
11268
11283
11481
11255
11290
11522
11222
11601
11510
11523
11278
11491
11590
11643
11522
11481
11330
11526
11263
11342
11255
11437
11147
11191
11061
11126
11212
11066
11007
11037
10953
11008
10796
10857
10766
10720
10345
10455
10437
10299
10425
10438
10505
10342
10355
10297
10075
10261
10063
10176
10050
9924
10065
9874
9917
9739
9811
9879
9831
9841
9844
9771
9518
9823
9806
9673
9761
9738
9739
9736
9619
9607
9555
9679
9529
9472
9590
9709
9448
9755
9495
9542
9430
9338
9374
9488
9418
9398
9424
9407
9688
9495
9410
9281
9216
9375
9357
9294
9400
9230
9205
9236
9158
9212
9218
9209
9202
9045
9316
9277
9091
9150
9132
9209
8981
9178
9030
9127
8959
8901
9128
9084
9207
9282
9136
9030
8803
9119
9077
9057
9019
8978
9099
8928
8874
8905
9001
8837
8763
8980
8951
9007
9012
8919
8903
8796
8813
8793
9046
8870
8947
8895
8773
8926
8864
8872
8823
8752
8847
8769
8712
8811
8676
8638
8780
8731
8752
8628
8702
8760
8663
8695
8743
8680
8624
8541
8655
8577
8741
8612
8618
8812
8737
8796
8475
8476
8563
8439
8587
8465
8526
8557
8494
8539
8528
8619
8466
8496
8295
8594
8534
8450
8624
8627
8620
8355
8383
8396
8484
8327
8317
8429
8438
8181
8461
8318
8231
8544
8280
8451
8496
8381
8367
8550
8361
8131
8311
8176
8351
8146
8280
8420
8409
8234
8134
8279
8216
8349
8020
8258
8348
8237
8246
8332
8144
8133
8153
8232
8263
8390
8220
8102
8125
8081
8132
8099
8062
8080
8232
8277
8068
8138
8272
8008
8017
8093
8066
8040
7942
7908
8076
8045
8131
8070
7965
7942
7910
8015
7943
7826
7990
8050
8015
7976
7883
7859
7936
7846
8080
7880
7905
7869
7873
7947
7865
8025
7861
7838
7852
7779
7946
7906
7948
7716
7838
7698
7869
7921
7860
7909
7806
7699
7828
7799
7960
7800
7858
7825
7876
7833
7781
7817
7616
7688
7855
7784
7789
7892
7643
7885
7705
7708
7771
7885
7837
7610
7772
7904
7684
7810
7963
7665
7666
7805
7738
7516
7677
7811
7697
7650
7644
7583
7803
7670
7653
7699
7595
7666
7641
7529
7865
7642
7530
7572
7614
7671
7623
7569
7437
7566
7697
7665
7369
7655
7582
7493
7422
7568
7358
7600
7794
7566
7508
7615
7589
7601
7660
7544
7463
7488
7457
7521
7457
7422
7319
7363
7253
7614
7537
7417
7441
7318
7551
7389
7381
7361
7464
7367
7410
7365
7411
7393
7408
7325
7413
7399
7392
7420
7400
7483
7427
7185
7212
7303
7160
7272
7328
7274
7291
7245
7254
7244
7280
7408
7403
7374
7327
7349
7112
7265
7324
7247
7301
7364
7176
7177
7218
7369
7307
7149
7365
7373
7256
7377
7121
7163
7160
7256
7235
7240
7113
7112
7136
7100
7183
7316
7308
7189
7258
7209
7260
7274
7177
7150
7084
7243
7028
7135
7205
6984
7120
7080
7116
7165
7047
7251
7156
7283
7057
7453
7299
7390
7325
7307
7404
7453
7451
7461
7628
7640
7711
7966
7920
8113
8178
8380
8299
8618
8723
8880
9165
9298
9503
9722
9874
10208
10539
10623
10979
11257
11329
11844
12006
12311
12557
12982
13324
13773
13903
14311
14405
14600
14890
15274
15282
15645
16304
16167
16563
16652
17143
17359
17648
17855
18137
18282
18835
19170
19396
19305
19851
19874
20276
20640
20940
21385
21542
22036
22396
22657
22971
23365
23431
23554
23731
24288
23842
23920
23555
23636
23113
23369
23077
22631
22330
22091
21385
21011
20802
19898
19327
19146
18702
17909
17572
16844
16237
15688
15227
14540
13842
13282
13018
12565
12260
11749
11412
10934
10540
10030
9701
9563
9272
8873
8645
8422
8168
8047
7880
7492
7479
7383
7206
7182
7097
6866
6869
6866
6716
6691
6748
6574
6500
6740
6581
6444
6454
6675
6292
6405
6545
6443
6333
6502
6389
6340
6428
6199
6408
6229
6305
6271
6317
6207
6174
6383
6381
6118
6120
6204
6179
6308
6349
6126
6268
6191
6198
6236
6151
6204
6228
6124
6273
6335
6149
6038
6222
6336
6076
6144
6201
6113
6271
6188
6150
5979
6172
6171
6069
6168
6256
6249
6146
6180
6217
6363
6139
6221
6062
6124
6138
6274
6243
6209
6105
6259
6136
6195
6237
6122
6106
6215
6243
6129
6221
6133
6165
6146
6179
6219
6188
6171
6159
6075
6140
6047
6093
6068
6105
6074
6192
6092
6004
6168
6074
6041
6077
6229
6218
6276
6135
6140
6174
6114
6045
6175
6226
6027
6099
6160
6115
6195
6111
6160
6251
6091
6054
6010
6095
5962
6188
6099
6246
6200
6481
6029
6237
6255
6435
6301
6309
6368
6409
6479
6586
6507
6566
6682
6877
6764
6986
7024
7191
7406
7577
7800
8030
8438
8483
8905
9243
9529
9845
10261
10852
11272
11566
11933
12509
13157
13641
14336
14884
15617
15977
16835
17498
18192
18935
19545
20257
21008
21544
22247
22977
23723
24545
25039
25813
26491
27096
27658
28435
29311
29868
30303
31038
31448
32222
33065
33622
34363
35228
35471
36207
36871
37378
38402
38918
39975
40435
40971
42100
42858
43308
44078
44498
45392
45544
46036
46025
46319
46284
45789
45519
45171
44584
43953
42968
42277
41142
40003
39541
38294
36920
35655
34404
33001
31583
30153
29258
27808
26507
25319
23788
22718
21461
20164
19402
18093
17195
16262
15272
14403
13533
12805
12144
11290
10874
10102
9729
9120
8587
8357
8074
7577
7342
7043
6763
6615
6339
6224
6128
5812
5831
5677
5634
5594
5426
5318
5538
5293
5238
5199
5089
5195
4956
5047
4946
5009
4898
4984
4864
4893
4791
4948
4896
4908
4922
4893
4863
4803
4872
4898
4912
4736
4786
4951
4745
4742
4895
4771
4662
4812
4785
4738
4790
4818
4681
4744
4631
4638
4671
4628
4613
4582
4612
4782
4744
4671
4659
4738
4676
4640
4639
4691
4634
4659
4650
4780
4562
4639
4587
4601
4589
4571
4725
4681
4617
4628
4618
4617
4607
4655
4543
4628
4537
4638
4625
4609
4526
4665
4517
4607
4585
4612
4593
4560
4524
4469
4513
4539
4579
4523
4663
4544
4547
4532
4395
4636
4553
4519
4586
4594
4675
4453
4467
4555
4650
4492
4425
4460
4597
4540
4458
4499
4513
4466
4525
4564
4496
4488
4464
4450
4506
4536
4399
4547
4370
4421
4507
4492
4389
4510
4528
4384
4456
4467
4574
4461
4470
4432
4464
4451
4435
4289
4505
4385
4476
4523
4372
4425
4393
4428
4408
4402
4366
4440
4538
4506
4263
4431
4368
4401
4532
4498
4384
4451
4309
4283
4385
4405
4501
4421
4426
4322
4333
4257
4366
4407
4428
4402
4389
4327
4433
4376
4307
4330
4402
4286
4454
4231
4398
4348
4382
4298
4359
4352
4356
4406
4234
4361
4286
4274
4460
4346
4384
4403
4321
4283
4308
4343
4302
4317
4275
4391
4260
4309
4269
4358
4407
4336
4311
4270
4356
4235
4309
4266
4256
4233
4165
4301
4210
4246
4321
4332
4379
4321
4209
4291
4317
4273
4312
4324
4224
4215
4327
4358
4308
4353
4218
4232
4236
4277
4235
4236
4278
4198
4132
4149
4219
4287
4235
4276
4297
4193
4159
4193
4295
4213
4288
4140
4176
4312
4179
4199
4202
4397
4218
4270
4239
4313
4231
4280
4164
4242
4178
4243
4186
4140
4250
4181
4167
4244
4274
4117
4202
4237
4158
4161
4085
4088
4272
4228
4081
4183
4195
4278
4101
4073
4084
4138
4200
4138
4189
4234
4139
4271
4225
4155
4104
4140
4125
4067
4303
4182
4056
4165
4142
4219
4179
4271
4195
4142
4236
4157
4161
4183
4155
4127
4235
4091
4201
4313
4234
4229
4291
4160
4168
4252
4175
4157
4223
4376
4239
4164
4237
4242
4270
4249
4193
4306
4138
4217
4254
4245
4287
4268
4228
4371
4165
4233
4357
4181
4256
4297
4210
4330
4339
4198
4213
4278
4161
4262
4323
4281
4212
4288
4219
4252
4390
4390
4336
4313
4402
4428
4338
4392
4423
4444
4462
4406
4462
4542
4681
4611
4743
4684
4742
4733
4979
4949
4940
5009
5308
5388
5563
5734
5892
6111
6449
6716
7042
7623
7756
8278
9010
9438
10182
10850
11608
12343
13256
14435
15339
16669
17962
18847
20422
21703
23255
24784
26375
28101
29650
31538
33284
34943
36704
38771
40807
43127
44787
46818
48969
51145
53008
55403
56826
59172
61204
63271
65424
67655
69504
71689
73345
75214
76917
79214
80523
82517
84647
86594
88775
90540
92474
94753
96564
98614
100634
102719
104821
107056
109494
110916
112720
114301
116165
116968
118157
118174
119255
119350
118623
118913
118140
116915
115471
113395
111864
109211
106383
103240
100793
97250
94304
90045
86727
82595
79586
75371
72169
68141
64388
60144
57165
53437
49535
46391
43402
40382
37382
34590
32274
29506
27468
24979
23365
21082
19559
17701
16380
14802
13722
12667
11443
10415
9642
8643
8113
7488
6942
6554
6121
5556
5160
4870
4489
4362
4144
3879
3694
3522
3286
3164
3141
3025
2928
2836
2825
2789
2695
2558
2432
2365
2365
2334
2379
2286
2223
2295
2196
2160
2246
2114
2110
2046
1976
2143
2104
2003
2003
2042
1978
1981
1908
1938
1933
1880
1947
1953
1900
1921
1852
1859
1919
1836
1850
1793
1834
1821
1859
1857
1861
1824
1833
1807
1905
1814
1767
1755
1761
1786
1843
1714
1678
1781
1781
1743
1740
1796
1732
1822
1769
1758
1806
1691
1803
1705
1720
1698
1586
1665
1651
1639
1670
1710
1704
1662
1647
1645
1754
1674
1660
1670
1588
1629
1578
1615
1591
1606
1604
1678
1642
1626
1650
1580
1585
1592
1591
1619
1571
1671
1601
1585
1575
1545
1585
1617
1581
1579
1612
1619
1586
1588
1565
1612
1564
1559
1554
1522
1544
1611
1650
1567
1588
1537
1624
1522
1562
1579
1643
1600
1552
1590
1637
1623
1512
1652
1618
1634
1693
1678
1758
1724
1698
1723
1817
1780
1857
1904
2064
2010
2071
2149
2203
2323
2427
2445
2582
2738
2775
3028
3046
3239
3498
3633
3719
4017
4184
4366
4710
4894
5079
5167
5428
5953
6161
6382
6447
6823
7000
7495
7824
7839
8126
8520
8765
9084
9433
9521
9986
10105
10471
10600
10766
11053
11396
11793
11843
12168
12319
12729
12889
13145
13541
13752
14153
14351
14589
14939
15188
15551
15517
15827
16074
16099
16403
16460
16644
16805
16671
16403
16533
16336
16496
16102
15920
15556
15432
14793
14759
14063
13865
13326
12757
12364
11871
11483
10864
10428
9888
9499
9124
8453
8005
7581
7090
6561
6182
6012
5602
5124
4812
4461
4095
3921
3641
3338
3238
3075
2829
2749
2518
2422
2306
2119
2001
1932
1805
1776
1587
1612
1501
1503
1466
1457
1368
1389
1319
1361
1265
1241
1210
1242
1186
1173
1143
1108
1181
1124
1206
1055
1099
1065
1129
1145
1075
1096
1109
1102
1014
1031
1006
1102
998
1050
1083
945
1002
1012
974
1099
1013
1040
997
975
975
1007
973
998
1043
1000
1034
978
1038
937
975
1017
975
1016
1017
1012
976
951
995
1022
955
960
920
981
932
924
942
923
1029
1013
923
953
994
1003
927
943
883
913
948
913
956
996
913
972
956
939
951
914
963
945
921
896
905
940
925
887
922
910
935
940
904
886
889
937
961
914
884
944
887
929
903
877
895
874
953
942
934
909
880
907
883
889
903
876
951
854
948
954
834
879
889
883
858
848
874
875
886
920
857
909
917
899
800
894
914
860
873
877
827
827
842
855
893
841
883
826
892
903
860
833
865
914
847
845
868
870
888
906
866
911
820
862
815
857
851
800
862
819
879
909
856
866
831
855
835
881
810
794
802
838
836
807
786
875
804
815
841
830
768
796
867
818
826
855
885
827
820
801
808
761
820
794
852
857
816
817
812
809
857
837
753
816
765
800
811
799
794
794
839
772
780
877
829
746
794
796
844
777
796
753
781
786
785
806
798
788
763
776
728
812
773
774
818
778
807
826
861
803
793
787
763
747
734
744
809
789
816
732
773
746
739
754
819
767
743
787
760
745
781
821
721
754
776
744
762
723
751
720
790
730
786
775
791
811
786
767
789
746
779
735
722
773
717
787
719
777
793
770
748
786
721
767
776
746
799
817
725
728
733
704
793
833
693
802
776
757
731
736
837
732
765
717
751
769
717
771
736
748
760
776
723
773
790
724
801
736
760
720
708
761
749
700
717
774
777
714
732
753
740
721
711
719
677
742
753
733
744
726
726
675
673
749
754
742
757
807
744
711
766
735
722
734
700
742
714
701
712
741
717
756
783
705
711
742
732
704
756
688
657
720
722
731
799
731
669
683
771
703
699
701
708
699
657
745
706
717
725
703
728
724
751
741
744
764
716
723
742
730
684
725
730
695
736
726
737
717
789
713
751
781
705
712
774
727
730
752
738
751
753
727
789
766
767
765
786
746
787
780
791
736
755
826
823
778
859
808
797
845
792
829
871
772
821
760
855
828
786
822
829
835
870
925
838
854
860
824
869
849
844
876
845
794
842
813
863
815
827
814
794
877
813
796
778
810
833
794
766
776
803
801
727
712
769
699
716
738
760
726
690
701
678
708
644
683
610
671
616
702
664
642
671
656
670
645
638
623
666
649
646
612
634
659
595
654
619
655
646
614
606
598
622
596
623
572
696
619
604
610
603
591
639
640
636
602
608
602
628
605
608
627
579
645
588
601
586
649
593
612
596
599
611
608
601
582
603
609
618
587
598
597
636
595
584
602
602
610
614
600
612
570
609
544
647
586
621
614
618
598
569
619
600
588
600
616
574
586
564
616
584
557
574
588
593
589
596
573
608
625
584
588
610
595
596
568
606
582
632
630
628
582
643
614
564
559
593
608
557
591
619
572
580
538
537
560
545
582
567
591
592
578
575
557
582
568
579
563
553
574
571
591
519
558
550
579
524
565
597
579
572
522
541
567
571
538
568
570
542
545
563
576
554
566
600
536
574
554
602
581
565
580
575
581
566
534
515
567
573
577
543
572
591
585
543
577
555
544
569
531
560
568
566
545
564
497
558
571
541
521
490
573
573
527
554
587
596
526
561
531
569
553
517
520
562
592
513
553
568
552
576
604
523
557
558
536
574
545
527
556
518
546
525
549
555
560
559
584
561
549
559
572
569
528
582
518
574
559
549
513
567
504
529
563
524
535
520
533
505
532
529
500
560
507
529
513
538
516
531
511
485
535
521
525
510
481
505
554
533
534
512
506
506
525
540
558
507
519
515
532
498
486
515
480
498
575
511
506
537
499
486
517
516
499
476
541
499
512
587
545
498
495
476
471
465
505
531
499
505
506
484
462
555
502
525
510
522
514
501
518
472
494
523
486
511
506
520
499
524
513
491
473
529
539
499
481
475
524
460
449
470
485
505
457
493
490
493
475
555
496
477
479
486
511
494
447
524
497
497
509
495
470
487
506
477
486
519
471
503
487
496
463
513
483
515
458
499
483
495
513
500
501
512
504
503
491
518
470
490
480
484
445
479
473
499
451
499
480
463
468
487
494
486
480
496
486
474
525
463
470
456
448
472
483
484
466
490
478
441
435
487
480
467
472
483
461
436
475
475
460
451
474
484
430
475
411
458
446
487
430
430
470
486
433
477
444
453
476
470
502
434
472
453
457
459
488
474
471
440
433
449
458
426
489
434
461
433
490
447
473
450
435
448
468
479
442
474
427
441
417
466
446
434
440
468
505
434
431
430
401
478
474
455
392
442
407
462
465
424
445
434
444
456
481
440
437
453
453
465
412
486
431
453
433
441
445
420
429
470
459
448
410
430
454
454
426
395
454
450
452
464
435
408
445
432
427
423
440
411
426
436
437
436
443
435
402
400
430
392
443
461
455
471
441
430
408
425
454
412
449
440
473
459
477
475
448
434
412
459
445
425
436
436
443
412
443
424
398
449
420
440
425
422
392
424
455
450
415
443
439
428
407
410
419
419
416
430
430
429
422
430
428
415
427
430
396
394
391
409
430
436
427
394
416
372
408
413
392
425
408
433
410
409
392
463
415
420
407
403
383
408
431
413
414
419
395
376
417
491
404
436
411
397
393
426
382
386
444
382
442
411
418
414
420
432
400
415
375
398
407
418
395
406
406
417
434
399
407
429
392
409
405
373
409
418
414
410
397
408
406
409
399
404
408
371
375
399
400
403
387
363
416
416
402
392
433
388
397
386
393
401
394
408
388
393
381
432
389
397
387
374
403
423
414
385
426
383
373
401
335
387
391
379
401
380
399
390
394
400
363
410
394
387
387
369
372
393
402
381
413
413
407
406
409
347
350
365
373
385
384
389
362
389
407
378
385
352
391
405
380
364
348
345
403
367
370
370
348
354
375
368
383
380
359
391
397
347
361
352
387
354
353
370
348
365
400
362
331
355
363
350
342
330
381
385
337
307
333
351
356
354
391
390
362
334
367
392
340
355
336
337
371
316
370
344
365
375
364
332
358
366
360
376
292
364
355
346
315
349
333
366
354
359
362
314
334
343
339
320
355
354
340
337
335
354
301
373
325
355
293
340
355
341
343
321
351
316
320
339
355
374
320
345
340
325
318
303
339
338
332
322
362
323
320
328
359
335
327
312
349
335
321
315
355
362
360
325
316
309
322
323
310
347
299
323
354
316
341
339
318
331
324
339
310
323
315
319
320
315
336
298
323
324
323
302
327
320
338
293
310
308
333
312
330
356
304
341
348
327
303
317
334
289
297
316
314
347
329
296
313
304
326
293
330
299
302
295
326
269
317
281
314
316
302
294
279
290
303
317
305
302
341
283
301
308
297
295
294
297
289
300
302
269
301
318
304
338
284
311
322
303
269
303
311
303
295
306
283
271
298
279
259
307
264
334
308
293
332
301
276
340
308
307
316
285
279
267
312
281
343
301
322
300
294
306
322
292
289
315
288
277
273
293
302
283
300
311
260
277
300
312
278
303
276
272
299
298
270
310
303
282
259
305
275
272
267
241
278
306
276
278
299
295
280
308
270
269
284
278
299
273
299
247
263
263
255
288
248
314
312
276
299
270
234
301
282
286
281
268
274
254
275
291
282
292
297
287
283
273
301
276
275
261
267
269
275
295
281
266
275
281
269
260
254
278
286
253
276
271
254
292
270
299
268
264
266
249
289
272
301
294
274
260
282
257
269
233
297
255
246
269
270
285
271
264
279
281
253
285
260
283
271
263
271
251
271
251
266
259
237
268
233
258
264
232
222
265
271
240
242
264
245
288
256
284
255
246
231
273
230
260
229
280
254
234
272
242
212
274
276
272
224
235
275
250
251
253
266
219
281
264
241
251
240
212
241
248
256
214
261
247
249
227
227
269
225
261
241
251
246
245
274
225
246
225
244
268
239
245
248
255
206
257
240
222
250
255
238
270
252
238
234
233
234
236
231
249
216
218
221
223
237
242
203
248
231
234
258
243
210
228
198
248
242
240
244
232
249
245
207
221
213
209
264
231
251
238
212
224
257
209
256
209
255
226
232
231
212
230
258
218
237
228
218
221
254
213
239
243
221
223
216
232
205
241
244
208
240
218
200
225
220
226
232
233
230
200
217
243
192
222
215
247
222
244
213
245
236
240
235
219
226
213
247
228
211
215
216
223
198
218
214
222
193
217
228
223
230
186
231
236
218
248
234
220
226
200
236
225
232
209
234
214
200
239
231
232
194
230
204
205
223
206
200
217
211
200
235
234
228
228
216
218
220
210
210
208
212
230
209
216
216
236
225
230
218
205
224
185
210
184
235
206
230
204
213
202
198
228
212
206
202
184
223
212
228
233
220
194
224
218
192
178
223
238
197
227
210
194
196
199
198
201
187
208
209
205
226
214
213
183
224
192
200
214
202
202
208
197
207
222
183
209
240
202
198
211
231
194
213
221
194
228
183
200
212
222
209
209
205
189
194
213
205
202
218
205
209
185
189
206
207
190
194
225
202
220
208
197
182
181
178
194
188
170
165
183
198
206
198
178
183
219
182
189
171
185
198
189
184
162
205
174
201
212
199
190
171
197
192
203
166
217
197
189
189
176
180
183
177
179
181
190
182
202
168
208
160
177
181
176
183
192
187
182
160
193
183
207
187
177
189
163
174
163
161
172
185
169
185
169
194
196
173
159
169
195
188
167
164
187
178
195
147
194
182
150
197
188
182
158
178
186
172
163
202
193
175
211
174
200
177
167
143
160
188
153
176
196
167
184
165
183
167
171
172
154
186
163
172
150
164
145
162
200
167
187
156
173
178
191
182
179
168
163
176
187
184
181
186
193
175
173
159
201
177
161
183
183
188
159
173
169
177
180
192
180
178
184
179
190
161
163
150
177
173
177
173
166
177
139
172
165
176
166
148
161
180
191
166
166
175
178
157
148
162
168
168
170
141
182
174
169
184
185
162
185
178
188
182
170
168
175
167
173
195
154
184
165
199
179
198
179
174
171
143
189
154
181
170
156
179
180
198
172
188
174
203
168
193
173
188
175
171
190
165
166
206
178
161
178
166
200
170
163
160
182
177
173
187
155
165
188
164
190
164
172
179
163
193
192
168
176
169
160
154
168
140
170
169
171
181
161
152
169
162
161
184
163
158
157
164
164
178
156
140
162
186
140
162
155
157
155
151
150
146
173
167
168
149
162
144
144
171
161
142
163
148
141
153
151
144
144
141
157
139
168
162
156
141
153
167
147
170
153
140
139
136
137
148
156
155
143
136
157
159
135
147
142
151
172
149
164
143
161
151
129
153
180
135
146
142
125
152
146
148
147
147
133
143
161
140
153
150
129
150
157
144
152
132
145
148
161
148
160
140
136
168
124
137
170
170
152
106
155
167
140
161
150
133
155
150
138
147
135
149
159
148
142
149
148
156
155
140
161
141
134
145
133
150
141
135
163
133
152
140
124
155
123
143
151
142
158
149
153
130
151
150
144
153
150
144
159
134
163
167
132
126
162
123
171
150
133
145
138
144
134
145
125
168
151
144
136
161
156
153
151
169
157
134
137
133
163
148
141
156
163
157
157
150
154
141
148
142
153
146
148
137
143
148
149
176
166
154
143
152
157
164
145
154
164
145
147
145
146
154
148
151
144
174
148
138
141
165
135
132
150
151
150
144
129
139
145
136
151
141
122
140
133
143
131
134
146
124
108
149
134
145
134
129
132
112
136
133
140
154
124
117
127
108
127
121
108
135
136
143
129
133
117
139
116
114
117
113
117
141
123
131
111
135
112
125
131
140
111
114
132
140
124
145
114
151
139
103
117
122
117
137
121
110
119
125
137
111
115
131
115
126
109
106
104
128
116
123
126
110
109
113
121
145
110
121
111
116
128
106
98
137
117
132
128
117
113
108
121
130
120
107
134
106
113
113
112
122
138
109
122
118
107
133
114
132
112
136
141
118
130
124
130
131
108
118
128
127
114
145
141
149
114
124
101
128
115
127
137
126
149
112
112
119
125
110
124
112
104
132
142
117
122
114
122
128
125
120
162
103
119
129
134
116
118
117
116
142
117
103
98
128
114
107
110
135
108
128
138
132
125
134
110
120
108
114
137
140
145
123
122
134
126
132
138
119
119
106
154
119
135
145
136
134
119
119
138
151
147
132
108
120
134
133
117
152
138
132
133
152
131
143
129
155
131
142
154
156
128
139
143
128
137
140
156
134
148
155
154
147
133
146
149
152
141
160
123
149
136
141
153
142
139
168
160
146
145
169
152
151
144
143
122
147
111
123
145
141
118
131
136
115
142
133
133
126
101
134
113
129
121
120
123
100
95
100
87
111
102
98
94
95
95
80
97
96
83
79
70
94
87
99
92
99
75
86
92
68
93
78
94
80
85
81
82
87
101
63
68
81
83
91
82
77
91
97
80
71
84
71
74
91
92
77
74
71
77
89
78
76
79
82
72
86
82
58
88
75
76
81
71
70
92
71
89
92
69
77
87
90
61
65
55
63
82
71
56
78
76
83
84
72
77
81
77
85
88
78
81
78
62
86
59
69
66
86
80
83
76
75
76
70
62
56
86
71
78
95
68
78
59
84
66
68
87
86
85
92
75
89
75
73
80
68
65
88
85
79
69
64
90
74
71
74
70
86
76
76
80
76
89
83
63
71
72
78
75
63
69
84
80
65
78
88
80
69
90
75
65
74
68
75
82
63
70
83
80
78
81
60
68
70
86
69
79
70
62
71
71
75
66
77
73
81
86
72
79
86
71
73
87
70
92
70
79
79
81
75
76
93
72
60
87
81
72
73
77
90
80
79
94
78
71
76
76
71
78
71
88
73
78
82
75
70
91
63
71
76
84
90
72
83
71
71
78
62
93
83
91
79
88
112
77
102
84
63
73
70
68
75
89
64
74
104
86
75
65
82
97
77
93
69
68
82
89
85
79
71
98
81
54
68
61
81
76
83
76
66
63
66
58
70
71
69
67
70
57
88
70
70
76
70
88
64
64
81
67
90
84
65
76
64
73
62
78
71
87
70
75
68
67
81
73
62
76
79
67
69
83
76
84
73
72
88
69
60
61
75
64
67
77
68
74
71
71
65
71
84
68
62
73
78
64
73
65
50
72
63
64
61
66
82
81
72
82
93
93
75
84
72
63
87
63
84
71
80
64
66
82
70
68
62
72
76
76
78
77
79
71
66
90
62
93
76
74
76
67
64
72
70
71
78
84
65
98
88
73
73
71
68
91
71
79
80
88
83
74
82
74
68
75
73
88
108
89
68
87
77
99
86
90
69
74
73
85
59
93
70
82
86
83
74
84
82
87
88
88
91
88
70
86
78
73
78
75
78
94
94
94
90
82
103
96
88
96
85
74
88
103
78
99
89
91
98
88
84
96
93
106
112
92
91
108
100
97
89
94
113
98
97
104
120
113
104
121
102
102
110
120
111
118
108
118
124
117
117
115
125
128
108
115
113
118
138
120
97
120
116
124
122
112
126
111
105
104
118
130
117
114
118
110
116
99
95
112
94
96
88
86
103
96
98
83
103
91
85
83
76
70
70
62
64
70
58
66
52
53
43
55
35
59
59
39
52
59
65
63
54
47
41
38
44
49
31
45
36
49
45
38
32
38
47
21
31
28
34
40
32
28
30
30
28
28
28
36
31
35
14
31
25
35
32
23
35
24
24
27
31
32
29
33
21
31
34
29
36
23
27
19
28
22
26
39
23
28
30
34
35
42
26
22
15
32
23
36
26
32
41
27
31
30
37
36
30
21
28
31
18
23
28
26
29
30
34
34
39
26
18
36
20
33
29
26
32
25
30
31
27
31
48
29
30
23
34
32
36
28
16
30
30
25
24
19
24
30
22
29
19
34
32
20
27
38
31
20
29
27
32
30
29
33
27
28
36
31
41
30
40
27
43
30
32
27
28
27
32
28
29
33
32
39
31
22
36
32
25
22
34
25
24
27
31
44
39
34
34
24
31
27
32
23
29
36
36
28
32
20
25
28
30
30
37
37
24
33
31
33
31
34
29
29
28
37
33
34
32
38
44
43
23
35
45
38
39
32
45
37
30
40
36
36
39
26
34
31
42
31
29
24
30
32
35
45
44
28
34
31
39
40
46
44
39
35
29
27
41
33
30
32
44
37
36
48
32
31
45
36
30
38
27
37
49
41
33
35
34
39
35
44
21
33
29
40
35
26
34
30
30
29
26
23
23
31
25
21
30
20
23
26
18
20
23
22
27
17
13
25
19
21
21
15
20
22
18
23
16
18
21
17
19
22
17
15
16
13
18
20
18
27
18
10
16
19
15
12
16
15
15
13
15
15
10
12
14
14
19
15
14
17
12
15
18
18
13
11
20
15
14
12
16
9
12
14
14
20
19
6
21
18
17
14
18
8
13
10
18
17
12
16
15
16
14
16
14
14
16
15
13
13
11
20
9
13
10
13
13
11
14
12
12
13
13
14
15
14
17
14
12
16
15
12
12
10
17
13
12
16
12
24
15
13
15
17
15
14
5
11
19
15
18
9
9
12
16
14
18
11
9
17
14
13
19
22
25
8
12
12
14
9
15
12
11
12
11
17
13
16
13
14
14
13
16
17
13
11
16
9
14
16
10
16
17
17
8
16
10
10
12
19
13
14
15
17
10
12
12
19
19
11
13
15
9
11
15
16
10
11
13
13
13
10
16
19
11
18
12
17
12
8
16
13
17
8
14
11
7
11
9
16
11
15
10
11
14
13
15
12
14
23
14
13
17
12
14
15
9
11
11
12
11
11
17
9
13
20
16
12
15
19
15
13
20
15
17
16
14
12
12
11
13
15
17
16
9
14
15
15
13
15
9
10
12
4
16
13
15
20
6
16
10
13
9
14
18
12
13
19
10
6
13
14
16
13
5
13
12
5
11
11
15
12
11
14
16
13
15
12
11
9
13
18
8
13
10
15
11
20
13
10
11
13
16
13
16
6
17
13
9
9
17
7
11
10
6
9
9
15
10
14
13
4
11
7
8
5
11
15
19
8
6
17
8
12
10
11
9
13
4
13
15
13
14
10
13
10
11
11
11
18
11
12
9
12
8
13
10
3
6
12
10
12
5
11
4
17
12
11
13
10
12
11
12
11
12
10
10
10
6
12
18
6
17
17
13
11
13
11
12
13
5
13
16
10
11
14
11
13
19
9
12
12
7
11
6
17
11
11
11
14
14
11
6
12
16
15
8
7
15
16
17
13
9
9
6
8
17
10
9
13
11
8
6
15
10
11
9
14
7
7
5
8
10
10
14
12
7
9
13
9
10
13
11
10
9
8
8
6
10
11
14
11
11
11
12
10
6
15
4
17
15
13
9
8
12
10
15
6
10
4
9
17
17
10
17
10
10
10
11
17
12
15
8
16
8
20
12
10
12
9
11
11
13
12
13
10
12
16
10
13
13
13
6
13
16
12
8
10
6
12
7
13
9
21
13
14
12
12
12
9
7
7
18
12
9
6
12
10
8
7
9
10
17
7
5
12
10
9
11
12
11
17
11
10
12
20
8
10
9
12
10
8
9
17
15
9
9
14
8
25
11
9
11
11
7
5
7
11
6
10
9
10
11
11
9
7
6
8
7
8
10
7
7
9
8
9
7
7
20
7
6
13
8
14
7
11
7
11
11
14
18
8
9
8
9
13
9
11
11
6
11
12
14
8
10
8
7
12
10
8
9
14
13
7
12
7
9
14
10
4
3
12
8
10
6
8
6
10
7
11
7
15
13
3
8
8
11
11
9
9
9
13
6
10
8
17
6
6
6
6
16
14
10
8
6
12
8
4
13
7
14
16
6
11
7
8
13
9
2
17
4
9
4
6
4
7
10
6
3
5
14
7
11
10
7
9
9
11
4
11
11
4
6
6
8
7
6
5
5
9
12
8
9
9
16
8
7
7
11
8
10
12
11
6
8
11
8
8
2
2
9
9
13
9
10
11
3
11
9
8
12
7
5
9
12
9
3
5
10
8
10
5
9
9
12
7
8
13
7
6
8
7
8
8
10
10
9
12
5
4
7
8
6
7
7
10
5
4
8
11
13
6
10
6
6
10
7
8
9
5
13
5
4
6
8
5
5
7
2
11
9
7
7
8
4
9
8
9
10
9
3
7
5
5
9
7
12
11
11
8
4
7
6
9
8
5
10
8
15
12
10
5
12
7
9
7
9
13
8
7
3
7
7
6
4
8
6
8
5
7
9
10
7
10
10
6
10
10
9
8
9
10
5
8
10
4
8
13
6
3
16
7
2
11
9
9
3
4
6
7
6
11
11
4
11
5
4
9
14
8
10
13
7
2
8
2
11
3
3
3
11
7
6
7
9
9
6
8
11
4
4
7
4
10
12
8
6
5
5
5
6
10
9
7
10
7
8
4
4
6
3
7
10
4
11
9
5
6
10
8
7
6
6
11
12
5
7
12
7
5
3
7
4
8
14
4
7
8
5
5
8
5
7
7
10
10
8
8
5
2
8
4
11
7
3
10
5
11
4
12
15
7
5
9
3
7
10
7
6
10
1
3
9
5
4
5
7
12
11
1
9
6
14
4
6
5
6
6
6
7
7
2
6
3
7
6
7
5
8
8
6
6
1
7
8
5
10
9
9
11
4
8
3
7
15
7
10
7
4
6
7
2
7
8
5
10
6
3
8
5
11
5
5
4
6
5
7
9
2
7
10
6
6
3
12
4
3
8
6
6
7
7
4
4
5
9
5
12
5
5
4
7
6
5
3
2
6
8
3
8
4
9
8
9
7
4
5
11
6
11
10
6
2
12
6
7
8
6
5
2
6
4
5
6
5
7
11
7
3
8
8
5
9
5
7
4
6
11
3
5
6
13
7
12
7
11
7
4
5
3
6
6
6
5
7
2
3
3
5
6
9
3
4
3
4
4
6
5
11
6
5
8
3
4
7
6
6
4
6
8
3
6
4
3
8
8
4
4
4
6
8
9
5
10
10
9
11
7
7
6
4
6
7
8
8
4
7
5
9
9
9
3
5
6
7
7
6
11
5
12
8
8
8
7
7
10
4
3
11
8
6
5
3
7
4
2
5
10
9
10
2
6
8
9
5
7
6
4
5
6
9
6
7
4
7
7
6
6
6
5
6
7
6
5
9
5
3
10
6
7
10
7
6
2
9
4
7
11
3
5
7
5
7
6
3
11
3
5
7
10
4
3
6
11
11
3
2
11
3
8
1
2
11
7
5
6
5
2
6
3
2
7
2
6
4
9
9
0
5
10
2
8
3
7
6
6
1
8
7
5
10
6
6
5
3
9
8
6
5
6
7
3
3
6
4
5
8
6
7
4
5
5
5
3
6
6
8
10
3
9
4
8
5
9
11
3
3
6
2
8
5
5
6
5
2
6
2
6
5
5
6
6
6
5
4
8
4
5
6
2
5
3
6
7
8
3
6
4
3
1
7
6
3
3
4
7
4
7
3
7
4
3
6
2
7
6
4
9
6
7
8
7
4
4
3
6
4
3
9
7
7
2
3
10
4
4
2
5
5
2
3
3
7
6
4
7
6
4
3
5
5
7
2
4
4
7
1
5
7
4
7
6
7
2
4
5
6
3
4
6
5
4
2
1
4
4
3
2
7
4
4
7
7
6
6
5
6
2
5
6
8
6
4
6
3
3
7
7
4
2
7
8
3
7
6
4
2
6
2
7
5
7
6
3
4
10
4
9
3
5
3
3
6
3
7
11
4
6
7
7
8
7
4
3
0
4
6
6
5
7
5
3
8
6
7
8
8
6
6
2
5
3
5
2
4
4
6
6
8
3
6
5
4
2
7
4
7
3
6
4
5
7
5
3
5
2
3
6
6
2
4
4
7
9
3
8
6
2
2
4
4
5
4
2
5
7
5
6
9
6
2
7
3
3
3
5
3
4
5
8
8
9
5
3
6
8
5
3
3
4
8
6
9
5
9
7
3
6
8
8
4
4
5
5
3
2
6
5
4
8
5
7
6
8
4
8
4
4
5
2
4
8
8
4
6
9
5
7
5
5
7
5
4
6
6
3
9
3
2
0
4
2
2
5
7
3
7
6
4
9
3
7
6
9
2
6
4
11
4
8
6
9
8
6
5
7
10
10
6
9
11
18
7
10
4
6
7
6
11
9
10
6
9
2
10
8
10
11
5
10
6
11
7
14
6
7
5
14
13
6
4
9
9
9
9
11
6
5
10
7
15
7
7
11
2
10
9
9
13
4
8
6
9
9
7
7
10
6
11
6
9
9
6
6
1
6
5
2
6
4
2
5
8
8
5
11
7
6
7
4
6
6
8
4
3
8
6
2
4
3
5
6
5
2
6
6
3
3
5
2
3
2
2
2
6
7
3
2
7
5
6
1
3
4
10
5
7
3
5
2
6
4
4
2
0
6
4
6
7
1
2
4
2
1
5
3
2
2
3
4
6
4
3
8
3
2
7
7
7
5
5
4
4
6
8
2
3
6
2
2
2
1
7
3
6
3
6
5
9
6
6
5
4
2
3
4
4
4
7
4
3
3
6
2
2
3
3
6
3
6
2
6
8
6
3
3
4
6
4
4
1
7
5
6
2
4
4
5
3
3
3
3
3
4
2
3
4
2
3
2
2
4
3
2
5
5
5
2
1
6
4
4
3
3
4
7
5
4
4
4
11
3
2
3
6
5
4
6
3
5
4
4
4
10
4
6
5
5
3
7
6
4
4
6
5
4
5
7
2
4
6
7
5
4
1
6
5
6
2
7
2
7
6
8
4
0
8
6
3
6
10
6
1
2
5
6
5
1
7
3
7
2
5
7
5
5
9
5
3
3
5
8
7
6
1
4
6
5
2
3
5
2
5
4
4
2
2
6
4
2
2
4
1
4
3
3
4
3
6
4
6
4
5
3
6
4
4
6
6
4
9
2
3
3
5
6
6
3
9
3
2
6
8
3
7
4
3
3
4
7
2
3
5
2
7
6
3
4
6
1
4
7
4
8
4
4
4
6
5
7
2
4
3
7
3
0
4
2
2
9
1
5
6
2
9
4
1
6
6
0
2
3
4
6
3
2
4
3
5
2
3
2
4
6
1
6
6
4
3
5
6
2
5
1
3
7
1
5
5
0
4
1
1
3
7
3
6
6
7
10
8
6
7
2
3
5
2
6
2
0
6
6
2
4
2
2
4
4
4
2
5
0
8
3
2
6
5
1
3
6
5
3
7
1
5
6
4
7
6
7
5
3
6
7
2
5
3
3
5
3
3
5
6
2
0
7
3
2
2
1
4
7
2
7
4
2
5
3
3
4
4
2
2
3
4
3
5
4
5
4
3
3
2
1
3
8
3
2
4
3
4
5
3
8
5
3
5
4
4
6
7
5
3
1
2
7
5
6
1
3
2
3
5
3
8
4
2
9
9
6
7
0
5
6
4
6
6
7
7
6
2
5
2
4
6
5
10
2
6
4
7
4
6
11
7
4
4
5
7
7
7
5
4
8
5
6
6
4
3
6
6
8
9
4
7
3
5
4
8
6
11
5
5
6
10
6
9
6
3
5
8
10
3
7
8
5
3
4
5
6
4
4
5
6
9
6
3
4
6
5
4
3
5
5
2
7
2
4
3
3
0
4
4
5
2
5
7
3
1
4
2
6
6
5
6
4
2
9
6
6
6
6
5
8
2
3
6
4
6
2
2
5
4
5
3
2
1
6
3
7
2
8
3
5
4
1
2
2
3
1
1
0
6
4
1
2
2
6
4
3
2
4
2
3
4
4
6
4
2
4
1
1
7
5
1
3
1
5
1
3
4
4
4
5
8
1
4
7
5
4
0
2
4
2
1
7
3
3
1
1
1
2
6
4
3
4
3
3
1
8
3
4
4
2
2
4
1
8
6
3
6
0
5
1
5
3
3
3
2
6
1
2
3
7
3
0
1
5
4
5
1
4
4
3
7
7
4
0
3
7
0
2
8
6
5
6
4
3
6
3
4
2
3
2
3
1
2
3
1
2
2
3
3
3
2
6
4
4
1
0
1
0
1
1
3
1
2
2
3
1
2
4
4
5
2
2
4
3
3
4
1
0
1
2
1
2
4
3
2
0
4
2
3
6
2
4
3
4
2
3
3
4
6
4
4
5
5
4
5
1
3
3
4
7
2
4
5
3
4
3
4
2
1
5
3
5
6
2
3
3
0
1
1
1
5
4
2
3
4
2
1
2
5
5
2
2
5
4
1
6
4
3
2
0
2
1
6
1
3
6
2
5
3
4
0
3
5
1
1
7
5
3
4
4
5
3
5
4
1
3
2
3
7
4
3
1
2
1
6
2
1
6
2
1
4
1
6
3
4
3
5
5
6
4
4
1
5
4
4
4
1
4
5
3
3
2
2
1
5
4
1
4
1
5
2
4
3
1
5
3
2
6
4
2
1
2
2
1
3
4
7
3
3
6
5
4
2
3
1
4
3
4
1
2
2
3
3
1
2
2
3
6
4
1
5
2
3
3
5
2
1
6
3
6
2
2
3
7
1
3
2
4
3
4
4
2
3
2
3
3
2
1
0
1
4
2
6
2
5
2
3
1
4
4
4
2
1
1
5
3
4
3
0
4
7
2
2
4
6
3
2
6
1
5
5
8
1
2
2
3
1
2
3
1
4
4
7
4
3
5
4
4
3
5
6
3
2
4
1
0
4
2
2
7
2
5
3
0
0
3
3
4
2
1
3
4
2
3
1
3
4
6
1
7
3
0
1
2
2
4
1
2
6
2
2
0
5
6
2
4
2
3
1
2
1
0
0
3
1
3
6
2
4
3
2
2
2
5
8
1
2
3
6
4
3
2
3
2
1
2
2
0
1
4
1
2
4
4
2
1
3
3
4
2
5
4
3
4
3
4
4
3
4
2
1
2
1
1
0
2
3
6
3
3
1
3
4
3
4
3
2
5
2
4
3
2
2
1
2
5
2
4
0
1
4
2
2
2
2
0
3
3
1
1
4
1
3
4
1
2
4
3
4
4
5
4
1
3
2
2
3
1
3
5
4
1
0
0
2
2
4
1
8
2
3
3
6
3
3
4
2
5
4
5
5
0
2
3
4
2
0
2
2
5
4
2
1
4
4
3
2
3
2
2
1
2
2
0
3
3
3
4
4
2
1
1
5
0
2
3
3
5
3
3
2
3
0
3
0
6
1
3
1
1
1
1
0
1
3
2
5
3
4
6
3
1
2
1
1
5
2
5
3
4
3
5
1
2
5
3
2
1
9
4
4
5
3
2
1
6
3
3
2
1
3
2
3
1
2
1
3
3
2
3
0
2
4
1
6
1
6
5
1
3
2
2
2
2
1
7
3
1
6
3
1
4
4
3
1
0
3
0
3
3
6
2
1
2
3
3
2
2
3
4
2
4
2
2
5
2
1
1
2
2
4
2
1
4
6
3
2
4
3
1
2
3
3
3
2
2
3
3
2
6
2
2
2
2
1
2
2
3
3
4
1
1
4
1
3
2
3
3
2
3
3
5
1
3
2
3
1
1
0
1
3
4
1
6
0
2
1
1
1
5
5
3
2
0
5
4
1
4
0
0
1
5
4
3
2
2
1
7
1
6
3
2
3
6
3
7
3
3
3
3
1
4
4
4
1
1
5
3
2
4
6
4
3
1
6
2
2
2
1
1
2
2
3
4
1
3
4
3
2
1
3
3
2
0
2
4
1
4
2
2
3
2
1
3
2
1
1
2
3
3
1
0
2
1
8
1
3
4
0
1
4
0
5
1
4
6
2
3
2
5
3
1
0
1
1
2
3
2
0
4
0
5
2
1
2
5
6
2
3
3
2
1
4
4
3
3
0
4
1
0
5
2
6
4
5
2
3
4
2
4
4
1
2
2
1
5
1
5
3
1
1
2
3
3
4
2
5
2
0
5
1
0
2
1
2
6
1
4
4
4
2
1
1
3
2
3
6
5
2
0
0
1
5
2
4
0
3
1
4
2
4
1
2
5
2
1
1
5
3
1
2
5
3
1
1
1
2
3
2
4
4
3
3
6
3
3
3
3
1
3
1
3
4
1
3
3
1
3
4
5
5
4
1
3
2
7
0
2
4
2
3
3
2
2
1
3
5
11
4
0
0
2
5
2
4
1
3
3
3
7
4
2
2
2
1
6
3
3
5
0
3
1
0
0
2
3
1
1
2
2
6
2
5
1
3
0
3
3
1
1
4
3
1
4
0
0
0
0
1
4
1
5
7
3
2
0
5
1
2
4
2
4
4
0
1
2
0
3
1
3
2
1
2
1
1
0
4
3
5
3
2
2
3
3
2
1
2
6
4
1
1
5
2
0
4
1
1
2
5
2
2
3
3
3
4
1
3
2
2
1
0
0
1
6
2
0
4
2
4
2
4
3
2
4
0
3
5
5
1
2
4
1
1
2
4
3
5
1
2
2
0
4
2
1
3
2
3
3
3
3
1
5
2
1
1
3
1
2
5
3
3
1
3
3
1
3
2
3
3
5
2
2
2
2
1
1
1
4
1
0
3
1
1
2
3
0
2
3
4
5
1
2
0
6
0
3
2
4
2
3
3
2
4
3
2
3
1
2
2
2
2
1
4
3
5
0
0
2
5
1
1
5
2
4
6
3
1
1
1
0
2
0
2
3
4
3
2
2
1
4
0
3
4
2
0
0
0
2
3
3
0
7
4
2
0
2
4
2
3
1
6
3
2
3
5
2
4
1
3
0
1
4
4
1
3
3
4
2
2
0
3
2
3
3
1
0
3
2
3
5
3
1
4
1
2
3
3
2
2
2
2
1
3
2
4
2
1
3
4
2
2
5
3
2
1
2
3
0
2
2
2
1
2
1
0
1
5
2
0
1
5
4
2
2
5
1
0
3
3
4
2
1
1
1
5
5
3
1
2
4
3
1
3
2
4
4
3
4
1
2
1
6
0
1
7
3
4
6
5
2
2
3
6
2
4
2
1
2
2
3
3
2
2
1
5
1
3
3
4
5
2
2
1
5
1
2
6
1
2
2
2
1
4
3
7
5
3
2
4
8
5
3
1
4
2
5
4
8
5
4
7
3
3
5
4
4
5
5
7
3
1
5
3
3
6
5
7
8
3
3
4
4
8
4
7
3
1
5
3
7
4
4
8
9
4
6
6
8
4
4
5
3
4
0
3
3
3
2
2
1
2
5
9
4
5
4
2
6
2
2
5
1
4
1
2
1
1
1
4
1
0
1
7
3
1
1
3
2
4
2
3
1
2
4
2
3
1
1
7
2
3
2
2
1
5
1
2
3
1
2
4
4
4
0
5
2
2
4
2
2
5
2
1
2
4
1
4
4
3
2
3
1
7
2
2
3
3
1
1
2
3
1
2
2
2
1
4
2
4
3
4
4
3
1
2
2
2
1
0
1
4
2
1
3
1
0
3
4
3
0
3
2
4
4
1
6
2
3
0
3
2
7
3
2
2
1
1
3
2
2
3
4
2
3
1
1
4
2
2
0
1
2
2
5
4
1
3
1
2
2
5
3
0
1
2
4
1
5
2
5
4
3
2
3
1
2
3
1
6
5
0
0
4
2
1
4
2
0
2
2
2
3
6
1
4
2
5
1
1
2
1
1
3
2
1
3
1
3
1
3
2
3
1
0
3
5
1
0
1
2
2
5
2
0
4
0
1
4
2
5
1
1
1
2
2
4
4
1
5
0
5
1
4
1
3
3
2
2
1
1
6
0
2
4
2
3
2
1
0
1
2
2
2
2
0
2
0
2
1
4
1
2
2
2
2
1
2
1
3
2
1
3
2
2
2
1
2
4
3
3
1
4
4
0
3
2
3
0
4
1
2
1
2
1
2
1
1
2
3
1
4
1
2
3
1
1
4
2
2
0
5
1
4
3
3
3
5
2
1
3
4
1
2
3
4
5
2
0
6
3
3
6
6
2
5
4
6
4
2
1
2
1
2
6
2
3
2
4
3
3
1
3
5
3
5
2
2
5
1
0
3
3
1
0
3
3
0
0
1
1
3
1
0
1
0
2
3
0
1
3
0
4
0
1
1
1
1
1
4
2
2
2
1
0
2
4
1
1
4
1
1
4
3
2
1
0
1
3
4
5
6
0
4
3
3
0
1
1
1
2
2
1
3
1
0
2
0
1
0
3
4
0
1
3
1
3
1
1
3
3
4
1
0
3
5
3
2
2
7
1
3
4
2
1
5
1
6
2
2
2
0
0
4
2
1
4
1
0
2
3
1
1
2
2
3
1
5
1
1
0
5
5
3
2
6
3
3
1
3
3
3
2
4
4
1
0
5
0
1
4
4
2
3
4
2
4
2
1
3
1
2
1
7
3
2
4
1
0
1
1
3
0
4
1
1
1
2
0
0
2
2
2
0
3
3
2
0
3
1
2
3
2
4
4
2
2
0
1
3
1
0
4
3
0
2
3
3
2
0
0
1
3
0
3
2
3
2
4
2
2
1
3
3
0
3
1
0
3
4
5
3
2
4
2
1
3
3
1
2
2
0
2
3
2
2
0
1
2
3
7
3
3
2
2
4
3
1
2
1
2
4
6
3
1
0
4
4
0
1
4
3
1
3
3
1
3
1
2
2
3
3
4
3
1
2
4
2
0
4
2
2
6
3
2
2
3
3
3
3
0
6
1
2
0
0
1
0
4
1
3
0
2
3
3
2
2
1
5
3
2
3
1
2
2
3
1
4
4
1
4
3
2
1
1
2
4
3
1
5
2
2
1
0
0
2
0
1
4
0
0
2
4
3
5
2
1
3
0
5
2
1
3
1
1
4
3
2
5
1
0
1
2
1
4
1
4
2
2
0
2
1
3
1
3
0
3
0
0
1
3
1
2
2
3
2
2
1
1
5
1
1
1
2
1
2
3
4
2
1
1
1
3
0
1
1
0
2
2
5
1
4
3
2
2
4
0
2
1
2
2
3
1
2
2
5
2
1
4
1
2
2
2
1
0
3
3
1
2
0
4
1
4
1
3
4
2
3
1
3
3
1
3
3
4
3
4
1
4
5
1
2
0
0
3
1
3
2
4
3
3
0
2
1
2
3
1
0
4
2
1
2
0
1
2
2
3
2
4
2
1
6
0
1
3
2
2
1
1
1
1
4
5
1
1
3
1
1
3
3
3
3
2
4
4
6
3
2
4
2
3
0
1
2
3
0
3
1
3
1
2
2
1
1
4
2
0
1
1
3
0
1
2
2
1
1
3
2
0
4
1
3
2
2
0
0
2
1
3
2
4
2
5
3
4
2
0
1
4
0
3
2
2
1
0
0
5
2
2
2
4
3
2
1
4
2
5
4
1
2
2
4
2
1
3
4
1
2
1
3
6
4
4
1
1
3
5
1
1
4
2
2
2
3
3
1
1
1
2
4
1
3
1
1
2
1
0
0
6
1
3
4
2
5
1
4
2
3
0
7
3
0
1
4
0
3
3
3
3
2
1
2
2
1
4
2
1
3
2
5
0
3
0
2
0
2
2
2
1
4
3
1
3
3
1
3
0
4
2
0
4
1
2
4
3
3
4
2
2
2
1
6
0
3
0
3
3
7
1
0
2
0
2
3
1
1
2
2
1
3
3
2
3
2
3
3
1
1
1
2
1
2
0
0
0
1
3
4
5
2
2
0
0
1
0
3
1
3
1
3
1
2
1
2
5
2
1
1
2
3
0
2
2
3
0
3
1
6
0
2
2
2
5
5
1
2
1
0
3
3
5
2
2
2
3
1
1
3
0
2
0
2
3
3
2
2
4
3
4
1
1
1
4
1
2
3
4
1
2
3
2
2
3
2
1
2
2
2
3
2
2
1
2
5
6
7
5
3
7
3
1
0
0
2
3
4
1
2
2
1
2
0
3
3
6
3
7
3
3
3
2
3
1
1
4
2
2
3
1
4
2
1
1
3
1
2
3
3
3
3
1
5
4
0
1
7
3
3
4
4
1
0
1
1
3
4
0
0
2
1
1
1
1
2
0
1
1
3
4
5
1
2
2
2
0
1
2
2
2
1
1
3
2
2
3
3
6
0
2
4
1
2
3
4
0
1
2
2
2
0
1
1
2
0
2
2
3
3
1
1
4
1
2
2
2
0
2
1
3
3
1
4
4
2
1
2
1
3
2
2
3
1
4
3
1
1
1
2
2
3
4
2
1
4
1
4
4
4
0
2
3
3
1
2
0
2
1
1
1
0
1
5
2
0
2
0
1
0
3
1
1
0
1
8
1
0
1
1
1
3
1
2
2
3
2
4
2
0
0
0
2
1
1
1
1
3
4
0
2
1
3
3
2
0
1
0
1
1
1
0
0
1
4
2
1
2
3
1
0
0
2
0
2
0
3
3
2
1
1
4
0
2
3
1
0
1
2
1
3
2
0
1
1
1
1
0
2
2
0
3
2
1
1
0
1
0
0
2
2
2
1
2
3
1
3
1
2
0
0
3
1
5
1
3
0
4
0
0
1
0
2
3
0
3
4
0
2
4
0
1
1
3
1
0
2
0
2
2
2
1
0
0
3
3
0
1
1
3
1
0
2
1
3
0
0
1
3
1
4
1
1
2
4
0
2
1
3
1
1
1
0
1
1
2
2
1
1
4
1
0
1
0
1
0
2
0
2
2
2
1
0
3
0
1
1
1
3
1
2
2
0
0
1
1
2
2
3
2
3
3
2
2
4
0
1
1
1
4
2
2
3
2
3
3
1
2
0
1
1
4
0
3
2
4
2
3
0
1
1
2
3
2
1
3
2
1
2
2
1
0
2
0
0
1
2
2
4
2
1
1
3
2
1
2
0
1
3
3
1
6
0
2
1
1
1
3
2
1
2
2
2
0
0
1
2
3
1
1
2
6
1
1
1
2
3
4
0
2
2
0
2
1
1
2
0
1
0
4
1
2
3
1
0
1
1
3
1
1
2
0
1
2
3
2
1
1
1
4
0
2
3
4
2
1
1
1
1
1
1
2
5
0
0
4
1
2
1
0
1
1
2
0
0
2
0
2
1
2
1
2
2
1
0
1
2
2
2
3
0
1
1
1
0
1
2
3
2
0
1
3
0
2
2
3
2
1
0
1
3
2
1
2
3
1
0
3
0
1
1
4
1
1
2
3
3
3
1
2
2
0
1
2
1
1
2
3
2
4
1
1
0
3
2
1
1
1
3
0
1
1
0
1
1
1
1
1
2
2
0
2
2
1
0
0
1
0
0
2
0
1
1
1
1
0
4
1
1
2
1
2
0
3
0
1
1
2
0
2
0
0
0
3
0
1
1
2
2
2
0
1
0
4
1
0
2
0
2
1
1
1
1
0
2
0
1
1
1
0
1
0
0
0
0
0
1
2
1
1
0
2
2
1
4
3
2
1
1
1
2
2
0
0
0
0
3
0
1
4
0
1
1
1
1
2
1
0
1
1
1
0
4
0
2
1
1
3
1
1
1
1
2
2
1
0
1
1
0
0
5
0
0
1
2
1
3
1
3
1
0
0
2
0
1
1
0
0
4
1
1
2
1
3
1
0
0
3
1
1
0
2
1
0
1
2
0
0
3
0
1
4
5
0
2
1
1
0
1
0
0
1
1
2
2
1
1
1
0
0
0
3
1
6
0
0
0
3
1
0
1
0
2
0
0
0
1
1
1
0
1
0
0
1
1
2
0
2
0
1
1
2
2
0
0
1
0
3
3
2
2
1
1
0
1
1
0
0
2
1
2
0
1
2
5
2
1
1
1
0
1
0
1
1
3
1
1
3
2
0
4
0
1
1
4
1
0
1
1
2
0
3
1
1
1
1
1
1
0
0
2
1
2
1
0
2
1
2
0
0
0
2
1
2
1
1
1
2
5
0
0
1
2
2
1
0
0
1
2
0
2
2
0
1
1
1
1
0
3
2
1
1
1
1
3
0
0
1
1
0
0
0
1
0
0
0
0
2
2
3
0
0
2
0
2
2
3
1
1
0
0
1
0
1
0
2
0
1
2
2
0
4
2
0
1
1
1
2
2
1
2
0
0
0
1
0
1
1
1
1
2
0
2
1
0
0
1
0
0
2
1
3
1
2
2
0
1
0
0
1
1
1
0
2
1
0
1
0
0
0
2
0
0
2
0
1
3
1
0
0
1
0
1
1
1
2
1
1
1
1
0
2
0
2
1
0
1
1
0
0
3
1
3
2
3
1
0
0
0
0
2
2
1
3
1
0
1
0
1
0
1
1
0
1
3
3
0
2
1
0
1
0
1
0
0
1
1
0
2
1
0
0
0
1
0
2
2
0
1
0
0
1
2
1
0
2
0
0
0
0
2
0
1
1
1
1
1
0
1
2
1
0
1
2
1
1
0
1
1
4
1
0
2
0
1
3
0
1
0
1
2
1
1
2
0
4
1
0
0
0
4
1
1
0
0
1
0
0
2
0
0
1
4
0
0
2
0
1
1
1
2
1
1
0
2
1
0
1
4
0
2
0
2
2
2
3
0
2
0
1
1
1
6
0
1
0
2
0
1
1
2
0
0
1
0
2
1
1
1
2
2
0
0
0
2
0
1
0
0
0
1
0
0
2
0
2
1
2
1
1
0
2
1
1
1
0
0
4
1
1
1
0
1
0
0
0
0
1
1
0
0
1
1
3
2
0
0
1
0
0
3
1
1
0
0
2
0
1
0
1
0
2
1
1
0
3
0
0
0
1
0
1
2
2
0
1
1
1
0
3
2
1
1
1
0
2
3
2
0
1
1
1
2
1
0
2
1
0
0
0
1
0
0
2
0
0
3
1
1
0
1
2
1
0
1
0
0
1
0
1
0
1
1
2
2
0
0
0
0
1
1
0
1
2
0
3
0
1
1
0
0
1
1
1
1
3
0
2
1
4
2
0
0
0
0
2
1
0
1
1
0
0
1
0
0
1
1
1
0
0
0
0
3
0
0
1
0
0
0
1
0
0
0
0
0
0
1
1
2
1
0
0
2
4
1
0
0
1
1
1
2
1
1
0
1
2
0
2
1
0
0
1
0
0
0
1
0
2
0
0
0
0
0
1
0
1
0
0
0
0
1
3
1
3
1
2
2
0
1
1
2
3
1
1
2
1
3
1
0
1
0
2
3
2
0
1
2
1
1
0
1
1
2
0
1
1
1
0
2
1
0
0
4
0
1
0
0
1
4
5
1
0
1
0
4
0
2
0
2
1
0
1
1
1
1
2
1
0
0
2
0
1
0
2
0
2
0
1
1
0
0
2
1
1
0
2
1
3
1
2
1
2
2
0
1
1
4
2
0
2
1
1
1
0
0
0
2
0
0
2
2
1
0
0
3
3
1
0
1
0
0
1
0
0
3
0
1
2
0
0
2
1
0
1
1
0
0
0
0
0
2
3
0
2
1
1
1
1
0
0
2
1
3
1
0
0
3
2
1
1
0
4
0
0
2
1
1
0
2
0
0
1
1
1
0
0
1
0
1
1
2
1
0
1
0
2
2
0
3
0
2
1
0
1
1
1
0
2
0
0
0
0
2
2
2
1
0
0
0
1
1
0
2
0
2
1
0
1
0
1
1
0
1
3
0
0
0
0
1
0
1
0
0
0
1
1
3
1
1
2
1
1
0
0
0
0
1
0
0
0
0
1
0
0
2
0
0
0
0
2
0
1
0
3
1
1
0
0
1
0
1
1
1
2
0
1
0
0
1
0
1
0
0
1
0
3
2
1
0
1
2
2
2
1
1
2
1
0
1
1
2
2
0
0
0
2
0
1
0
2
1
0
1
0
0
0
1
2
0
0
2
1
0
1
2
2
2
2
1
2
0
0
3
2
0
4
1
0
0
2
2
1
2
0
0
4
0
0
0
1
0
1
0
0
0
2
0
3
0
1
3
3
1
0
1
0
0
1
1
0
1
0
0
2
0
2
1
0
1
2
0
1
0
3
0
1
1
0
2
0
0
1
2
1
1
0
4
1
3
1
2
1
0
1
0
1
0
0
0
1
1
1
2
0
1
1
1
0
1
0
0
1
0
0
0
2
1
1
0
1
0
1
2
1
2
1
0
1
1
0
0
0
1
0
0
0
2
1
1
0
1
0
1
0
0
0
2
1
0
0
0
1
0
0
0
1
0
1
0
1
1
2
0
2
0
0
0
0
0
0
1
1
0
0
0
1
0
1
1
1
2
1
1
0
0
0
1
3
1
0
0
0
1
0
1
0
0
0
1
1
0
0
0
0
0
1
0
1
2
1
1
2
0
1
0
1
2
0
3
2
0
1
1
0
1
0
1
1
0
1
0
0
1
1
0
1
1
0
0
1
1
0
0
1
0
1
1
1
0
0
0
0
0
2
1
0
0
1
0
0
0
0
1
1
0
1
1
0
0
2
1
0
0
1
0
1
0
0
0
2
0
1
2
0
1
1
1
1
0
1
0
1
1
2
1
1
0
0
0
0
0
0
0
0
0
2
0
0
0
0
0
1
0
0
0
2
0
1
0
0
1
1
1
0
2
1
2
1
0
0
0
0
2
0
1
0
0
0
0
0
2
1
1
1
0
0
2
0
0
0
2
0
2
2
0
0
1
2
0
0
0
0
1
3
1
0
1
2
1
1
1
0
1
0
0
1
0
0
1
0
0
0
0
1
0
0
0
1
3
0
1
0
0
0
1
1
1
1
1
1
0
0
1
3
0
0
0
4
2
0
2
1
1
1
1
0
0
1
1
2
1
3
0
0
1
1
1
0
0
1
0
1
0
0
1
1
2
0
1
2
0
0
1
1
1
2
3
0
0
0
0
1
1
1
0
0
0
4
1
1
3
0
1
0
2
1
0
2
0
1
0
2
0
0
3
4
2
0
0
0
1
0
0
1
0
1
2
1
1
0
0
1
0
0
1
0
1
0
0
0
1
2
0
2
3
0
1
3
2
0
3
2
1
1
2
1
0
1
2
0
0
1
1
1
3
3
1
1
2
0
2
1
3
2
5
3
0
4
2
0
3
2
4
3
3
1
5
3
5
4
6
2
4
6
3
6
7
7
8
3
4
11
4
10
9
6
7
9
5
10
10
7
8
10
4
8
6
6
11
7
4
11
10
13
10
6
6
14
7
12
6
8
7
13
12
9
8
15
11
14
13
7
9
14
9
12
2
10
16
7
7
4
9
11
9
7
10
8
6
7
8
5
4
6
5
8
8
4
6
6
4
4
10
2
3
4
6
4
2
5
9
7
1
5
0
5
7
6
1
4
3
0
1
2
1
2
2
6
2
1
5
2
4
1
1
3
3
1
5
0
1
3
1
1
0
1
2
1
1
0
0
1
2
2
0
1
1
1
0
2
2
1
0
0
2
0
1
0
1
0
2
0
2
1
1
1
1
0
2
0
0
1
2
0
1
0
0
0
1
2
1
1
1
0
0
0
0
0
1
1
0
1
2
1
1
0
0
1
0
1
0
0
0
1
0
0
0
0
1
1
0
0
0
1
1
2
1
3
0
0
2
1
1
1
3
1
1
1
1
0
0
1
0
0
0
0
3
2
0
0
0
2
2
0
0
0
0
0
1
1
1
0
1
2
0
2
2
0
1
0
1
1
3
0
3
1
1
0
0
0
0
0
0
0
0
0
2
0
0
1
0
1
2
1
0
0
0
1
2
0
1
0
1
0
0
0
1
1
0
0
0
0
1
1
0
1
2
1
1
0
0
1
0
2
2
0
0
0
0
0
0
2
0
0
3
0
0
0
0
0
0
2
1
0
0
0
1
0
0
0
1
1
0
0
2
1
0
3
0
0
0
0
1
2
1
2
0
0
0
0
1
0
0
0
0
0
0
0
0
0
1
0
0
0
2
0
1
0
2
1
0
0
0
0
0
0
0
0
1
0
0
3
0
1
1
1
0
0
0
0
0
1
0
1
0
1
0
0
1
0
0
0
1
0
0
0
0
0
1
1
1
2
1
0
1
0
2
0
0
2
0
0
1
2
0
1
0
0
1
2
0
0
0
0
1
0
0
0
0
0
1
1
0
0
0
1
0
0
1
0
0
0
0
2
1
1
1
2
0
1
0
0
1
0
1
0
1
1
1
0
0
0
1
0
0
1
1
1
0
0
0
0
0
0
2
0
0
0
0
0
0
1
0
1
0
0
0
0
1
0
1
0
0
0
0
0
0
0
1
1
0
0
0
1
0
0
0
1
2
0
0
0
0
2
1
0
0
0
1
1
0
1
0
1
2
2
1
0
0
2
0
0
1
0
0
0
1
0
1
0
0
0
0
1
0
1
0
1
0
1
0
2
0
1
4
1
1
1
1
1
1
0
2
0
0
0
0
0
1
0
1
1
1
0
0
1
0
1
0
0
0
0
0
0
0
0
0
0
0
0
0
2
1
0
0
0
0
1
0
0
0
1
0
0
0
1
1
1
0
0
0
0
0
0
0
1
1
0
0
0
0
0
1
2
1
0
1
0
0
1
0
2
0
1
0
1
1
0
1
0
0
0
0
0
0
0
1
0
1
0
0
0
1
0
2
1
0
0
0
3
0
1
0
0
0
0
1
0
0
0
1
1
0
0
0
0
1
0
0
0
0
0
0
0
1
0
2
1
0
0
0
0
1
1
0
1
0
1
0
1
0
0
0
0
1
1
1
1
0
0
1
0
0
0
0
1
0
0
0
0
1
0
1
0
0
0
0
0
0
0
0
0
0
0
0
0
0
0
2
1
0
0
0
0
0
0
0
0
1
0
0
2
1
1
1
0
0
0
0
0
2
1
0
2
0
1
0
1
1
0
0
1
2
1
0
0
0
0
0
0
0
0
0
0
1
0
0
1
1
0
0
0
2
1
1
1
0
0
0
0
0
0
1
1
1
1
0
0
0
0
1
0
2
1
0
1
1
0
1
1
1
1
0
0
0
1
0
0
0
0
1
0
0
0
0
1
2
0
0
0
0
0
0
1
0
1
1
1
0
0
2
1
0
1
1
0
0
0
1
0
1
2
1
0
1
0
1
1
1
0
1
0
0
0
0
1
0
0
1
0
0
0
1
0
1
1
0
0
0
0
0
0
1
0
1
1
0
0
0
1
0
0
1
1
0
1
0
2
0
0
1
1
0
0
0
0
0
0
0
0
0
0
1
0
0
0
1
0
0
0
0
0
1
1
0
0
1
0
0
0
0
0
1
0
0
1
0
0
1
0
0
1
0
1
1
0
1
0
0
1
0
1
1
0
1
1
1
0
1
1
0
1
0
0
0
0
1
0
0
0
2
0
1
0
0
1
1
0
0
0
0
0
0
0
0
0
0
0
0
0
0
0
0
0
0
0
0
0
0
0
0
0
0
0
0
0
0
0
0
0
0
0
0
0
0
0
0
0
0
0
0
0
0
0
0
0
0
0
0
0
0
0
0
0
0
0
0
0
0
0
0
0
0
0
0
0
0
0
0
0
0
0
0
0
0
0
0
0
0
0
0
0
0
0
0
0
0
0
0
0
0
0
0
0
0
0
0
0
0
0
0
0
0
0
0
0
0
0
0
0
0
0
0
0
0
0
0
0
0
0
0
0
0
0
0
0
0
0
0
0
0
0
0
0
0
0
0
0
0
0
0
0
0
0
0
0
0
0
0
0
0
0
0
0
0
0
0
0
0
0
0
0
0
0
0
0
0
0
0
0
0
0
0
0
0
0
0
0
0
0
0
0
0
0
0
0
0
0
0
0
0
0
0
0
0
0
0
0
0
0
0
0
0
0
0
0
0
0
0
0
0
0
0
0
0
0
0
0
0
0
0
0
0
0
0
0
0
0
0
0
0
0
0
0
0
0
0
0
0
0
0
0
0
0
0
0
0
0
0
0
0
0
0
0
$ROI:
0
0
$PRESETS:
Live Time
0
0
