$SPEC_ID:

$SPEC_REM:
DET# 1
DETDESC# MCB 25
AP# ORCA (11.0h)
$DATE_MEA:
2017-08-13 02:58:28 +0000
$MEAS_TIM:
3347.00 4320.00
$DATA:
0 16383
0
0
0
0
0
0
0
0
0
0
0
0
0
0
0
0
0
0
0
0
0
0
0
0
0
0
0
0
0
0
0
0
0
0
0
0
0
0
0
0
0
0
0
0
0
0
0
0
0
0
0
0
0
0
0
0
0
0
0
0
0
0
0
0
0
0
0
0
0
0
0
0
0
0
0
0
0
0
0
0
0
0
0
0
0
0
0
0
0
0
0
0
0
0
0
0
0
0
0
0
0
0
0
0
0
0
0
0
0
3
5
46
1419
9732
17787
17500
16054
15005
14770
14299
14398
14526
14704
14951
15217
15437
15780
15804
15891
16173
16074
16273
16213
16102
16162
16241
16422
16160
16149
16215
16143
16200
16062
15873
16012
15824
15770
15845
15812
15859
15619
15521
15643
15448
15443
15585
15479
15344
15429
15230
15263
15166
15071
15177
15031
15163
14826
14879
15287
14716
14820
14897
14937
14998
14727
14623
14768
14768
14528
14658
14590
14342
14516
14542
14287
14179
14455
14496
14216
14276
14191
14356
14000
14259
13995
14046
14227
14248
13900
14013
14011
13977
13831
13863
13621
13807
13982
13725
13724
13783
13485
13638
13723
13624
13587
13598
13540
13719
13726
13705
13433
13516
13330
13319
13565
13271
13402
13454
13334
13269
13253
13149
13394
13193
13203
12998
13060
13044
13151
13191
13073
13002
13165
13050
12964
12989
13274
13135
13108
12906
12883
12899
12971
12754
13057
12687
12585
12785
12800
12612
12789
12816
12637
12861
12638
12555
12700
12541
12577
12554
12524
12562
12589
12704
12643
12570
12316
12643
12481
12313
12389
12481
12639
12369
12452
12428
12593
12360
12256
12155
12352
12283
12374
12267
12178
12225
12386
12233
12086
12183
12257
12218
12096
12015
12235
12255
12029
11851
12005
11996
12065
12081
12040
11914
11906
11948
11944
12106
11906
11853
11960
12051
11878
11975
11735
12080
11913
11767
11832
11772
11897
12007
11858
11848
11838
11835
11816
11687
11813
11742
11590
11904
11703
11692
11637
11480
11719
11466
11556
11728
11707
11748
11438
11427
11557
11398
11666
11674
11516
11363
11680
11456
11445
11361
11395
11390
11405
11432
11422
11364
11481
11574
11408
11418
11395
11447
11350
11362
11374
11435
11324
11287
11343
11337
11377
11284
11314
11410
11422
11217
11251
11277
11258
11239
11385
11292
11356
11112
11031
11060
11077
11346
11225
11184
11264
11050
11044
11214
11037
11073
11073
11007
11135
11137
11177
11167
11240
10981
10957
11160
11017
10929
11217
10878
10976
11040
10855
11063
11061
10749
10834
10678
10980
10906
10849
10921
10779
10862
10893
11011
11020
10977
10892
10904
10964
10990
10643
10741
10697
10903
10741
10956
10699
10900
10873
10996
10814
10716
10735
10839
10821
10652
10821
10799
10626
10665
10917
10312
10667
10715
10822
10650
10772
10739
10631
10686
10599
10704
10564
10572
10621
10793
10747
10579
10430
10605
10600
10626
10690
10610
10374
10569
10639
10426
10697
10335
10666
10596
10670
10589
10419
10589
10713
10585
10518
10471
10506
10495
10530
10344
10388
10436
10403
10450
10501
10379
10445
10270
10265
10330
10292
10281
10142
10581
10185
10363
10495
10439
10290
10286
10209
10466
10360
10221
10145
10069
10318
10323
10107
10038
10244
10246
10102
10287
10224
10327
10405
10408
10209
10196
10052
10291
10124
10193
10349
10150
10132
10295
10098
10212
10150
10244
10173
10113
10146
10054
10138
10196
10266
10130
10119
9935
10189
9823
10206
10086
10006
10082
10067
9931
10024
10145
10131
9967
10122
10013
10057
9963
9966
9867
9868
9998
9975
10002
9990
9939
9837
10061
9904
9958
10147
9859
9880
10015
9747
9892
9961
9829
9953
9837
9878
9848
9954
9937
9904
10037
9858
9793
9719
9922
9897
9669
9677
9929
9727
9849
9880
9619
9819
9768
9739
9719
9937
9706
9777
9725
9764
9636
9752
9712
9634
9648
9649
9701
9853
9677
9715
9782
9846
9749
9864
9665
9672
9718
9776
9817
9736
9491
9640
9747
9554
9749
9661
9712
9760
9687
9706
9713
9571
9620
9637
9585
9720
9717
9497
9495
9696
9603
9557
9524
9511
9597
9653
9495
9475
9469
9374
9351
9628
9743
9700
9568
9609
9716
9537
9808
9583
9371
9600
9746
9628
9679
9560
9549
9479
9456
9429
9471
9594
9632
9751
9624
9564
9474
9466
9593
9441
9553
9611
9748
9659
9577
9681
9594
9666
9591
9507
9573
9602
9593
9417
9571
9766
9593
9650
9684
9569
9459
9503
9597
9568
9482
9660
9656
9657
9561
9405
9719
9517
9453
9448
9592
9434
9365
9477
9458
9450
9535
9691
9484
9616
9555
9721
9617
9746
9483
9582
9599
9623
9595
9591
9663
9831
9666
9598
9897
9627
10054
9637
9808
9892
9698
9864
9959
10012
10093
9951
10218
10015
10302
10278
10467
10609
10631
10585
10764
10803
11066
10931
11250
11333
11335
11487
11643
11620
11798
11772
12142
12158
12377
12425
12593
12567
12763
12802
12561
13073
13257
13049
13340
13358
13439
13393
13908
13742
13870
13867
13813
13795
14028
14069
14223
14192
14358
14570
14495
14507
14823
14961
14911
14958
15302
15188
15571
15417
15756
16020
16228
16641
16630
16654
16735
16780
16753
16539
16158
16161
15878
15883
15786
15428
15398
15163
14973
14985
14773
14585
14460
14036
13848
13704
13379
13249
13080
12734
12592
12526
12153
11797
11557
11832
11246
11297
10883
10829
10613
10516
10451
10338
10308
9915
9989
9697
9861
9808
9525
9594
9411
9570
9284
9334
9308
9382
9259
9194
9047
9240
9161
9330
9103
9276
9232
9278
9140
9131
9358
9164
9233
9149
9255
9014
9146
9257
9257
9119
9200
9047
9029
9226
9096
9113
9166
9181
9055
9227
9219
9244
9301
9290
9382
9145
9365
9318
9158
9334
9356
9447
9260
9247
9338
9263
9274
9163
9274
9096
9357
9251
9273
9254
9301
9274
9326
9389
9478
9320
9223
9270
9273
9379
9372
9268
9620
9438
9484
9488
9336
9515
9672
9314
9337
9608
9604
9666
9593
9425
9551
9575
9589
9604
9616
9461
9645
9637
9546
9482
9609
9469
9637
9645
9898
9717
9721
9679
9579
9882
9725
9731
9712
9646
9906
9845
9836
9826
9877
9763
9754
9656
9769
9958
9812
9631
9905
9837
9894
9888
9980
9850
9987
9953
10029
9988
10088
9929
10111
10043
10139
9882
10052
9858
9934
10081
10034
9914
10160
10080
10026
10140
10323
10030
10146
10169
10139
10256
10264
10353
10056
10003
10141
10382
10418
10260
10194
10359
10354
10337
10190
10571
10400
10363
10221
10447
10444
10352
10369
10378
10304
10225
10242
10521
10507
10473
10345
10327
10307
10439
10475
10446
10578
10473
10473
10580
10473
10540
10509
10481
10562
10593
10518
10492
10642
10655
10763
10665
10754
10617
10602
10638
10605
10681
10642
10499
10731
10640
10907
10846
10615
10824
10878
10845
10841
10814
10892
10996
10989
10612
10828
10656
10711
10970
10687
10791
10676
11041
10881
10979
10963
10937
11038
11054
11008
11134
10740
10725
10818
11119
11022
11138
10887
11117
11020
10912
11055
11128
11137
10971
10958
11063
11141
11050
11016
11105
11127
11176
11083
11127
11100
11226
11187
11292
11222
11455
11231
11370
11193
11206
11368
11221
11060
11240
11483
11230
11253
11308
11401
11297
11435
11453
11245
11279
11341
11315
11221
11553
11295
11396
11216
11322
11257
11232
11488
11437
11624
11255
11437
11591
11397
11330
11602
11274
11406
11680
11423
11325
11430
11604
11495
11562
11367
11492
11527
11580
11504
11587
11643
11747
11580
11406
11605
11659
11711
11499
11745
11792
11670
11743
11510
11713
11632
11851
11887
11848
11763
11616
11575
11859
11800
11698
11803
11549
11506
11700
11876
11810
11829
11964
11746
11738
11832
11868
11828
11744
11690
11857
11626
11878
11904
12029
11887
12023
11719
11874
11838
11989
11923
12123
12065
12050
12022
12044
12161
11886
12025
12079
12052
12279
12296
12222
12099
12259
12205
12206
12043
12098
12064
12181
12127
12052
12264
12150
12060
12188
12210
12106
12122
12131
12374
12096
12167
12324
12241
12043
12392
12392
12434
12242
12428
12321
12397
12240
12477
12424
12410
12411
12159
12308
12503
12361
12391
12336
12431
12428
12542
12400
12507
12478
12501
12451
12473
12583
12595
12580
12605
12614
12480
12672
12450
12595
12678
12509
12477
12840
12654
12719
12515
12689
12915
12807
12845
12680
12919
12861
12766
12861
12967
12717
12647
12795
12667
12842
12875
12709
12806
12941
12941
12818
12985
12915
12789
12944
12949
13085
12988
13133
12983
12969
13008
12976
13050
13240
13160
12972
13059
13002
13124
13304
12986
13237
13006
13371
13308
13003
13311
13040
13169
13147
13541
13306
13536
13430
13340
13240
13526
13327
13414
13597
13389
13406
13578
13461
13398
13577
13670
13359
13564
13616
13452
13498
13768
13417
13625
13639
13385
13522
13773
13629
13783
13746
13647
13704
13841
14006
13693
13919
13840
13787
13528
13840
14102
13718
13760
13779
13959
13799
13746
13994
13782
14084
14187
14041
14009
13934
14155
14037
13990
14153
14140
13967
14114
14393
13942
14352
14107
14145
14246
14170
14173
14185
14278
14446
14266
14250
14477
14355
14415
14291
14132
14285
14299
14315
14370
14212
14399
14484
14387
14506
14165
14326
14418
14571
14490
14438
14411
14514
14334
14621
14670
14634
14491
14338
14525
14627
14702
14537
14669
14550
14627
14690
14599
14734
14841
14822
14783
14797
14766
14705
15024
14864
14543
14847
14761
14803
14752
14965
14723
15065
14684
14870
14977
15152
14982
15247
15084
15029
15210
14902
15159
15119
15311
14984
15071
15160
15125
15188
15271
15474
15346
15484
15350
15521
15465
15403
15503
15513
15601
15526
15652
15708
15697
15775
15741
15794
15700
15669
15695
15983
15748
15711
15750
15776
15888
15717
15980
15739
15900
15867
15967
16100
15807
15810
16136
16105
16043
15964
15928
16218
15804
15992
16036
16109
16005
16021
16022
16103
16078
16111
16034
15944
15925
15897
16073
16124
15945
15873
16107
16106
16325
16235
16086
16186
16026
16202
16063
16136
16145
16217
16305
16142
16300
16186
16412
16381
16036
16220
16237
16458
16188
16316
16341
16589
16476
16427
16246
16624
16606
16318
16718
16536
16537
16614
16752
16556
16640
16523
16637
16547
16449
16565
16720
16715
16868
16529
16602
16536
16552
16610
16756
16552
16664
16630
16742
16527
16767
16601
16921
16849
16873
17081
16989
17039
16615
16924
16902
16930
16752
16830
16818
16486
16657
16578
16577
16413
16741
16451
16472
16363
16299
16495
16007
16122
15832
16106
15942
15910
16033
15892
15821
15905
15491
15679
15523
15598
15505
15459
15309
15166
15244
15302
15318
15140
15302
15101
15179
15052
15030
15081
15185
15111
14942
14750
15039
14907
14870
14737
14817
14710
14645
14631
14606
14568
14722
14823
14718
14835
14730
14728
14865
14716
14737
14526
14632
14445
14425
14740
14726
14596
14585
14529
14602
14669
14578
14458
14566
14695
14576
14217
14701
14567
14432
14510
14529
14383
14454
14403
14715
14579
14387
14317
14374
14551
14452
14368
14344
14298
14195
14313
14432
14361
14403
14155
14597
14087
14499
14253
14259
14230
14079
14177
14167
14038
14285
14316
14128
14119
14176
14084
14187
14178
14431
14137
14180
14143
14147
14196
14027
14259
14048
14236
14082
13968
14183
14112
14154
13918
14210
14133
13971
13823
14060
14042
13982
14069
14016
14114
14101
13847
14074
13967
13934
13963
13879
14083
13833
14182
13765
14030
14100
13894
13913
13840
13952
13951
13799
14132
14021
14055
13799
13743
14006
14077
13809
13945
13620
14014
13628
13853
13845
13772
13761
13645
13840
13655
13867
14050
13841
13691
13844
13732
13644
13554
13889
13459
13544
13684
13902
13720
13704
13631
13603
13783
13765
13779
13504
13568
13754
13858
13639
13425
13792
13573
13604
13741
13440
13589
13750
13642
13550
13549
13705
13691
13738
13807
13687
13429
13458
13632
13520
13355
13527
13406
13623
13494
13651
13644
13683
13544
13521
13672
13479
13684
13536
13572
13542
13447
13695
13451
13426
13376
13573
13413
13487
13601
13499
13566
13414
13326
13314
13517
13606
13645
13308
13321
13449
13449
13311
13443
13548
13457
13518
13258
13423
13564
13508
13365
13583
13428
13370
13304
13327
13217
13529
13357
13619
13330
13278
13448
13522
13491
13226
13365
13393
13341
13381
13499
13354
13461
13456
13381
13395
13287
13210
13414
13201
13320
13260
13443
13294
13412
13381
13239
13268
13301
13186
13233
13380
13304
13444
13254
13368
13434
13080
13294
13302
13392
13350
13336
13314
13146
13307
13197
13067
13293
13273
13320
13211
13143
13081
13220
12959
13352
13092
13223
13087
13068
13139
13240
13165
13031
13054
13107
12942
13196
13108
13022
13201
13240
13138
13124
12974
13102
13262
13131
13284
13181
13161
13148
13165
13133
13197
13201
13029
13087
13158
12917
12925
13009
13261
13082
12884
13053
13030
13046
12976
12849
12993
12962
12966
12740
12967
12946
12944
12986
12753
13136
13117
13246
12831
13031
12796
13082
12794
12872
12831
13038
12951
12777
12812
12949
12872
12886
12729
12846
12542
12845
12806
12768
12732
12795
12742
12702
12723
12511
12605
12736
12508
12674
12500
12711
12593
12469
12369
12552
12570
12069
12575
12516
12450
12438
12406
12486
12431
12118
12332
12107
12266
12339
12132
12201
12067
12155
12172
12189
11975
12340
12223
12247
12079
12085
12051
11927
11662
11667
11944
11827
11777
11608
11749
11500
11503
11465
11566
11662
11669
11546
11532
11574
11513
11298
11478
11147
11264
11287
11206
11433
11253
11244
11138
11072
11100
11008
10878
11044
10962
11069
10640
10715
10902
10851
10838
10902
10670
11037
10585
10679
10705
10560
10698
10670
10689
10442
10513
10491
10411
10375
10513
10433
10413
10297
10286
10199
10328
10210
10231
10319
10169
10213
9979
9977
10038
10263
10164
10135
10002
10043
10018
10064
10011
10151
10087
10036
9980
10061
9999
9894
9997
10107
9827
9889
10005
9597
9799
9868
9774
9848
9848
9584
9767
9756
9545
9698
9756
9673
9690
9730
9728
9793
9927
9568
9702
9659
9570
9511
9683
9569
9612
9604
9725
9558
9551
9687
9372
9555
9610
9498
9727
9845
9736
9500
9590
9539
9802
9418
9665
9841
9744
9675
9727
9706
9532
9695
9687
9706
9766
9756
9897
9754
9671
9780
9782
9682
9573
9785
9614
9842
9875
10009
9751
9445
9876
9972
9772
9796
9701
9981
9779
10055
9911
9871
9862
9867
9825
10103
10192
9947
9894
10028
10019
10106
10022
10140
10068
10196
10068
10084
10045
9977
9931
10096
9887
9992
9560
9783
9818
9831
9755
9495
9606
9743
9535
9411
9531
9438
9399
9327
9003
9365
9337
9163
8933
9051
9104
9042
9055
9015
8948
8936
8981
8844
8829
8708
8814
8622
8603
8578
8614
8768
8628
8660
8665
8637
8529
8601
8490
8602
8470
8500
8451
8431
8506
8402
8419
8471
8423
8410
8430
8481
8462
8461
8321
8393
8247
8427
8489
8362
8346
8408
8351
8301
8287
8481
8318
8190
8079
8318
8044
8221
8137
8262
8164
8220
8061
8157
8158
8107
8039
7965
8075
7975
8256
8222
7924
8196
7947
8057
8146
8091
7961
8065
7903
8012
8049
7910
7895
8121
7822
7968
7927
7738
7806
7947
7889
7916
7902
7919
7971
7694
7862
7982
7883
7693
7915
7718
7834
7742
7819
7808
7672
7745
7732
7753
7756
7900
7664
7937
7627
7875
7693
7692
7642
7724
7767
7726
7572
7578
7711
7755
7789
7759
7856
7788
7677
7718
7674
7588
7605
7544
7644
7373
7780
7643
7578
7506
7518
7589
7348
7647
7399
7581
7429
7395
7453
7327
7398
7365
7569
7455
7605
7228
7563
7680
7397
7511
7436
7448
7328
7365
7381
7432
7415
7358
7141
7364
7322
7406
7256
7184
7536
7246
7256
7383
7327
7412
7411
7443
7314
7345
7326
7345
7274
7335
7345
7124
7177
7366
7199
7068
7300
7199
7108
7252
7364
7096
7160
7316
7028
7288
7142
7132
7118
7107
7114
7251
7055
7108
7211
7103
7101
7110
7170
7130
7136
6951
7215
7107
7217
7192
7036
7141
7124
6943
7201
7083
7021
6957
7018
7047
7059
7037
7009
6992
6886
7042
7051
7118
7076
7011
6992
6945
7031
6957
6967
6884
7033
7057
7000
6902
6874
6883
6934
6832
6943
6961
7036
6983
6741
6912
6867
6934
6839
6841
6973
6926
7005
6854
6886
6761
6975
6886
6869
6925
6801
6789
6781
6940
7096
6834
6770
6704
6928
6735
6691
6819
6723
6844
6801
6849
6827
6846
6761
6660
6730
6714
6731
6852
6737
6732
6744
6799
6787
6751
6776
6699
6812
6693
6793
6635
6753
6789
6714
6708
6585
6597
6638
6659
6690
6744
6761
6729
6676
6506
6606
6445
6578
6778
6571
6623
6666
6743
6625
6690
6570
6704
6586
6501
6611
6619
6669
6689
6466
6556
6846
6624
6649
6505
6540
6529
6509
6617
6406
6481
6444
6626
6489
6520
6507
6344
6712
6493
6610
6376
6670
6555
6413
6437
6496
6535
6363
6466
6495
6377
6439
6412
6558
6532
6425
6507
6524
6402
6627
6597
6419
6428
6433
6465
6376
6393
6338
6449
6298
6466
6382
6276
6419
6499
6457
6332
6356
6340
6451
6369
6423
6447
6449
6303
6454
6418
6269
6402
6371
6457
6445
6342
6457
6447
6261
6538
6408
6260
6390
6390
6430
6186
6234
6267
6405
6382
6274
6396
6176
6283
6352
6440
6320
6276
6384
6392
6356
6372
6456
6542
6456
6487
6526
6625
6595
6785
6839
6977
7007
6898
7194
7234
7298
7464
7504
7635
7842
7917
8245
8194
8535
8672
8929
9105
9476
9439
9936
10048
10422
10575
10823
10885
11391
11579
11754
11793
12204
12543
12850
12847
13156
13152
13529
13777
13818
14203
14351
14476
14639
14940
15015
15147
15317
15591
15681
16100
16426
16559
16749
16703
17188
17293
17659
17863
18016
18226
18648
19275
19723
19790
20270
20540
20752
20432
20878
21099
20513
20415
20163
20139
19969
19766
19276
19017
18633
18100
17617
17235
16659
16194
15819
15547
14864
14296
14023
13514
12931
12476
11916
11496
11184
10484
10415
9951
9513
9291
8925
8569
8200
8238
7789
7451
7483
7286
7070
6938
6786
6577
6556
6350
6259
6253
6109
6044
5939
5793
5882
5865
5856
5748
5824
5778
5777
5618
5632
5549
5789
5591
5744
5606
5549
5481
5577
5540
5516
5576
5636
5501
5511
5587
5529
5419
5449
5509
5538
5489
5475
5421
5491
5468
5335
5455
5552
5370
5393
5380
5577
5386
5402
5561
5528
5499
5470
5517
5438
5399
5500
5442
5494
5504
5528
5480
5440
5573
5402
5347
5308
5447
5509
5434
5517
5368
5359
5346
5435
5419
5466
5447
5395
5577
5536
5509
5358
5403
5485
5529
5413
5615
5425
5485
5610
5288
5419
5333
5579
5375
5557
5402
5322
5433
5462
5455
5410
5501
5469
5391
5447
5401
5407
5453
5485
5360
5327
5312
5451
5418
5391
5425
5393
5347
5309
5498
5303
5353
5374
5380
5517
5641
5457
5459
5459
5317
5428
5288
5352
5250
5377
5494
5390
5416
5374
5455
5436
5498
5582
5636
5555
5595
5417
5636
5585
5569
5837
5883
5880
5906
5944
6062
6316
6360
6448
6659
6942
7135
7369
7465
7708
8002
8365
8766
8999
9443
10043
10251
10530
10978
11576
12094
12548
13046
13686
14104
14504
15255
15673
16531
16969
17432
18204
18883
19339
19675
20238
20963
21457
22110
22407
23057
23427
24041
24000
25077
25396
26134
25992
26890
26925
27433
27916
28789
29218
29791
29932
30898
31044
31713
32516
33062
34150
34430
35281
35718
36789
37469
37870
38624
39299
39683
39954
39712
40271
39776
39264
38725
38492
37634
37041
36256
35565
34524
33660
32726
31554
30437
29626
28038
26904
25823
24696
23308
22222
21317
19998
19015
18111
17062
15996
15317
14243
13604
12578
11995
11322
10629
9940
9476
8966
8367
8024
7718
7292
6844
6570
6389
5955
5925
5639
5538
5455
5267
5204
5128
4989
4850
4833
4638
4638
4527
4491
4599
4404
4373
4493
4424
4319
4347
4363
4386
4179
4181
4284
4210
4193
4289
4175
4196
4106
4080
4195
4238
4217
4135
4144
4116
4197
4133
4146
4137
4174
4212
4144
4170
4156
4128
4138
4118
4112
4142
4050
4180
4108
4013
4112
4078
3920
4079
4053
4088
4071
4146
3950
4135
4098
4104
4170
4029
3986
3952
4101
3965
3924
3995
3919
4027
4029
4035
3960
3964
3919
3986
3935
3943
3919
3930
3943
3982
3953
4079
4011
3920
4030
4013
3993
3812
3957
3914
3833
3876
4026
3887
4017
3902
3988
4006
3934
3771
4032
3879
3945
3955
3807
3912
3922
3913
3902
4006
3778
3981
3874
3876
3900
3959
3944
3962
3908
3836
3886
3953
3930
3954
3838
3906
3886
3884
3980
3905
3805
3933
3878
3959
3956
3832
3854
3881
3939
3857
3884
3856
3780
3879
3913
3836
3867
3874
3893
3943
3847
3886
3845
3883
3900
3694
3863
3816
3893
3745
3861
3918
3886
3873
3963
3827
3886
3789
3840
3722
3840
3934
3827
3855
3792
3924
3803
3770
3829
3809
3817
3886
3856
3838
3855
3820
3788
3667
3781
3820
3757
3818
3762
3927
3698
3797
3648
3790
3896
3857
3852
3795
3822
3704
3841
3792
3807
3789
3836
3835
3763
3736
3798
3605
3752
3810
3772
3786
3772
3901
3732
3806
3799
3766
3712
3838
3699
3751
3817
3781
3666
3641
3752
3696
3749
3732
3774
3687
3685
3673
3697
3688
3836
3604
3691
3700
3750
3786
3696
3752
3710
3674
3794
3696
3724
3710
3743
3697
3741
3706
3754
3790
3639
3779
3657
3758
3721
3797
3597
3788
3726
3746
3789
3656
3738
3688
3627
3718
3754
3578
3656
3620
3784
3708
3755
3797
3680
3678
3738
3687
3614
3693
3662
3697
3719
3653
3616
3815
3723
3682
3659
3644
3705
3724
3605
3643
3606
3755
3667
3594
3635
3752
3628
3669
3871
3713
3603
3725
3698
3684
3637
3620
3612
3593
3728
3756
3647
3636
3792
3638
3742
3659
3645
3650
3678
3612
3637
3744
3656
3669
3828
3745
3761
3798
3678
3800
3729
3773
3686
3653
3504
3687
3622
3663
3653
3664
3656
3667
3706
3733
3709
3749
3763
3710
3773
3686
3815
3713
3749
3720
3713
3709
3760
3810
3709
3789
3730
3842
3763
3703
3743
3712
3783
3786
3784
3798
3868
3785
3745
3903
3795
3819
3822
3878
3875
3922
3914
3846
3927
4062
3796
3860
4026
4060
3962
4039
4173
4108
4111
4119
4135
4324
4252
4391
4428
4633
4705
4859
5152
5249
5314
5669
5918
6318
6548
7122
7409
7924
8442
8954
9589
10364
11110
12008
12792
13888
14713
15691
17016
17980
19295
20570
21852
23260
24818
26097
27480
29348
31110
32321
34276
35750
37606
39249
40586
42359
44215
45621
47421
49163
50408
52277
53888
55256
57318
58715
59896
60915
62743
64186
66360
66946
68864
69948
71212
73526
74629
75845
77350
78672
80223
82318
84261
85944
87603
89647
91481
93177
95521
97489
99065
100652
101336
103614
102835
103415
102987
102354
101507
101046
99674
97316
95749
93509
91656
88801
85469
82971
80248
76175
73111
69901
66775
63495
60589
56605
53340
50218
47272
44180
40919
37873
35286
32796
30544
27811
25557
23731
21885
20143
18473
16794
15361
13910
12845
11684
10567
9613
8950
7802
7346
6582
6201
5670
5229
4871
4441
4143
3845
3562
3327
3272
3126
2893
2690
2590
2532
2449
2310
2278
2196
2118
2011
2050
1919
1964
1942
1917
1791
1802
1747
1803
1761
1672
1690
1587
1660
1652
1669
1599
1600
1576
1598
1577
1491
1511
1499
1563
1524
1420
1457
1522
1496
1457
1538
1422
1548
1483
1447
1440
1442
1423
1425
1388
1459
1452
1431
1453
1376
1380
1368
1340
1358
1309
1343
1323
1298
1378
1380
1351
1325
1351
1369
1319
1348
1388
1360
1306
1338
1266
1328
1312
1339
1284
1331
1219
1338
1347
1298
1329
1325
1191
1317
1311
1237
1333
1260
1275
1212
1308
1235
1307
1228
1200
1303
1249
1254
1263
1262
1212
1270
1256
1307
1198
1304
1250
1258
1262
1333
1213
1254
1254
1214
1240
1225
1204
1215
1224
1241
1205
1191
1262
1273
1221
1241
1270
1217
1189
1243
1269
1194
1215
1231
1217
1239
1287
1272
1306
1244
1234
1286
1302
1260
1331
1334
1342
1361
1346
1368
1436
1444
1516
1545
1499
1641
1650
1634
1842
1934
2065
2076
2114
2290
2313
2441
2637
2778
2994
3083
3208
3366
3534
3712
4005
4134
4329
4387
4673
4912
5146
5337
5644
5824
6068
6323
6654
6645
6893
7230
7508
7518
7886
7986
8297
8558
8657
8915
9172
9235
9347
9776
9767
9844
10144
10432
10646
10786
11229
11286
11385
11885
11977
12226
12416
12653
12938
13091
13430
13732
13682
13905
14166
14352
14151
14220
14119
14232
14007
13890
13735
13420
13179
13113
12433
12438
11914
11477
10970
10694
10316
9877
9675
9029
8597
8153
7606
7260
6892
6318
6108
5564
5328
4881
4685
4263
4107
3754
3410
3286
3109
2836
2635
2425
2351
2126
1979
1911
1769
1576
1602
1522
1354
1358
1296
1254
1140
1120
1072
1115
1002
954
984
987
939
911
897
905
877
840
828
845
815
883
858
820
831
803
821
832
783
815
815
805
784
760
750
764
797
761
805
733
801
773
781
757
765
731
771
752
771
758
761
732
699
744
752
733
732
737
777
720
729
743
670
687
680
742
736
729
704
717
798
759
698
685
656
714
713
756
741
708
710
706
708
741
706
697
722
665
684
702
714
711
715
651
706
688
696
704
666
678
689
697
703
710
667
682
689
697
681
661
629
714
666
669
673
710
693
695
623
683
665
649
699
632
661
709
679
652
690
618
656
651
634
671
692
651
671
625
643
627
640
658
665
688
638
688
639
603
623
685
636
633
643
675
636
655
613
637
645
657
647
610
655
654
616
635
639
656
637
604
643
628
623
671
653
636
652
641
629
597
623
645
607
605
602
610
668
616
614
604
628
631
603
603
667
584
591
633
624
613
558
620
622
600
622
636
619
617
631
624
590
648
590
600
624
624
563
555
583
591
570
599
580
619
525
612
581
606
600
578
611
584
578
588
622
594
621
554
557
579
638
560
568
598
567
606
579
585
604
570
608
572
576
590
573
576
583
525
609
576
526
604
570
567
557
525
541
577
587
530
604
595
591
555
534
576
577
599
580
599
531
591
574
598
548
575
584
570
544
530
578
597
558
581
564
573
562
556
547
571
576
556
534
572
559
571
568
581
559
565
579
550
583
542
599
568
574
552
554
508
559
548
562
559
579
542
534
552
574
542
552
536
577
584
562
579
608
539
587
573
558
563
574
541
550
551
542
539
535
586
606
549
610
560
584
579
552
541
520
555
559
550
512
551
552
561
530
538
541
487
579
544
559
527
556
559
545
523
533
544
516
522
541
527
537
523
555
547
514
569
563
516
482
566
554
533
499
502
552
550
520
520
532
543
551
567
486
536
534
546
530
532
537
485
511
541
544
529
558
520
575
533
508
510
588
533
520
510
536
529
469
556
541
552
521
538
518
531
500
542
549
502
517
514
499
488
485
555
586
534
588
554
543
549
582
571
604
555
599
593
584
601
564
586
574
607
585
603
547
580
574
596
632
617
590
579
588
577
617
597
601
614
622
557
612
603
560
640
623
631
660
596
610
632
596
622
636
666
629
617
639
618
626
632
631
619
639
546
590
597
659
575
568
592
577
542
570
589
554
530
560
541
533
510
528
517
506
480
495
525
510
493
517
462
473
481
479
532
460
463
486
467
436
484
480
435
444
435
482
441
450
458
455
468
468
467
463
460
455
454
425
435
438
443
441
472
454
464
457
423
455
467
477
484
437
430
491
467
457
415
482
428
443
447
465
444
472
427
471
409
459
459
420
435
419
439
482
458
446
423
430
423
441
446
423
433
451
425
429
453
411
442
394
414
453
396
421
433
424
448
438
419
405
424
446
459
443
468
460
450
411
457
447
420
421
445
415
468
466
447
457
412
454
463
446
435
423
436
416
425
402
456
405
424
419
407
422
434
390
423
422
420
421
426
407
401
430
453
415
407
426
422
414
429
412
422
398
428
421
439
429
401
434
386
386
414
439
466
432
442
423
428
427
392
405
418
435
422
431
401
429
421
413
379
392
399
392
415
383
410
433
408
394
411
388
386
403
400
391
411
400
410
411
394
414
398
390
411
455
420
397
388
391
407
421
410
372
414
405
397
383
414
410
411
427
418
386
386
403
409
426
403
372
421
412
413
385
387
411
386
375
388
417
416
385
419
390
415
393
370
400
371
400
400
403
376
425
388
363
409
404
424
364
355
364
382
391
417
395
367
419
388
407
388
388
338
402
418
396
444
370
370
379
391
371
337
356
392
408
373
381
353
383
402
425
425
351
389
365
377
400
401
392
385
352
383
364
400
387
359
372
397
374
381
389
366
357
345
377
362
388
390
399
388
387
368
380
364
346
372
370
342
386
394
383
381
354
360
396
369
354
364
375
334
385
377
384
350
395
378
360
391
408
373
367
382
365
348
351
347
373
367
365
325
380
403
394
362
358
346
333
348
374
380
377
382
331
375
359
334
362
359
344
357
358
371
364
362
340
352
342
350
370
360
383
348
342
347
372
363
382
354
396
365
376
316
345
334
358
352
310
376
363
351
386
360
320
379
351
333
313
363
335
335
324
361
329
360
353
347
343
350
336
356
372
382
359
372
350
342
329
354
313
337
344
328
356
333
309
332
325
334
368
348
320
366
388
324
319
333
317
328
338
341
364
336
358
359
352
349
344
332
301
356
333
357
350
368
322
346
346
356
344
356
349
342
320
325
342
304
328
316
329
341
308
330
334
330
338
330
281
334
331
319
325
319
346
339
323
350
325
313
313
295
357
353
351
310
319
345
359
315
349
317
312
329
328
328
310
342
329
315
324
291
310
308
297
297
339
329
294
309
293
366
338
318
320
333
299
320
312
325
320
349
315
321
307
322
294
329
301
348
360
327
304
341
315
365
281
316
314
307
306
311
301
323
283
299
328
310
306
342
290
293
312
328
307
355
325
308
318
324
315
310
333
290
302
330
339
311
290
321
310
347
321
306
271
317
291
300
301
344
323
283
329
305
316
302
313
300
304
284
306
304
323
320
321
315
334
291
287
273
321
277
282
309
311
305
317
303
274
299
321
272
313
297
301
298
268
327
322
314
285
317
295
299
344
285
287
307
316
343
317
309
297
316
301
299
280
314
289
265
286
294
291
309
282
271
311
322
283
298
288
268
305
278
258
302
326
276
283
317
268
291
281
277
316
262
323
286
274
295
347
280
279
316
312
286
288
305
283
288
299
298
304
285
298
283
269
305
284
285
329
329
288
261
267
322
296
289
310
292
261
300
305
306
249
298
302
294
302
298
304
303
291
278
277
321
288
272
304
257
251
276
279
308
308
279
263
265
313
296
293
290
305
274
267
284
275
276
256
307
256
264
293
288
274
261
277
306
283
279
279
275
268
244
280
270
281
240
285
281
281
261
265
266
267
271
254
284
270
284
269
242
233
231
260
286
265
270
261
264
266
266
286
282
251
257
221
266
247
238
253
260
267
258
258
258
269
276
259
232
242
248
249
262
230
267
259
230
240
236
267
263
250
231
257
271
247
251
226
235
261
240
241
238
246
272
268
254
268
247
227
259
255
244
261
241
255
219
250
252
232
235
249
254
236
238
249
226
252
243
242
250
249
244
227
253
222
247
240
240
230
249
240
255
226
222
232
256
257
248
251
236
232
237
231
232
260
235
240
242
246
245
231
236
226
253
219
208
230
251
245
235
241
248
234
241
193
235
260
237
225
232
269
251
242
236
255
224
235
280
220
235
219
234
218
219
262
251
236
222
211
222
233
237
211
233
228
228
236
230
231
233
212
238
214
237
197
217
207
224
239
218
240
220
251
184
230
214
198
201
230
244
218
229
221
200
235
222
233
214
211
225
243
227
211
230
229
198
202
229
219
207
222
213
229
230
212
242
234
212
218
188
231
208
215
208
226
203
218
251
218
216
208
219
238
208
210
202
221
216
201
225
228
209
229
206
212
228
226
210
184
190
212
207
222
218
245
194
215
196
224
229
199
199
209
207
196
199
190
207
215
203
212
209
198
207
229
230
196
199
184
210
225
195
198
215
216
207
179
213
203
214
211
222
210
197
187
200
197
195
192
197
181
209
222
200
223
229
197
180
204
192
231
200
216
231
207
202
202
204
209
194
192
182
198
206
180
195
194
202
193
231
216
204
180
201
176
202
202
191
250
217
227
198
188
168
191
177
220
202
193
204
217
187
179
184
212
191
189
218
191
194
198
182
177
194
191
186
197
173
181
205
198
213
184
207
220
195
204
187
205
178
176
177
187
192
189
160
195
184
224
190
183
183
167
200
222
174
202
179
153
183
163
194
174
190
181
186
178
172
209
186
202
176
198
183
204
176
186
184
199
174
179
181
164
182
186
210
166
186
178
185
170
188
182
184
172
179
174
173
165
182
183
157
160
193
164
188
179
176
174
158
183
166
166
169
172
186
174
173
201
162
175
175
171
194
185
168
190
156
172
177
205
166
166
178
160
169
171
179
160
176
150
186
183
181
164
179
165
172
174
170
175
162
154
164
155
167
176
173
166
164
168
163
172
156
166
173
153
162
152
154
179
157
170
162
158
172
154
150
163
170
183
146
162
173
137
165
164
156
148
153
170
166
126
169
173
162
163
163
169
184
154
182
161
160
168
154
142
157
147
142
160
145
167
152
135
150
151
139
166
173
158
169
147
167
158
154
166
161
137
149
146
163
156
165
170
154
178
176
150
144
151
146
161
152
177
161
161
175
146
150
153
145
159
171
139
166
162
153
161
150
138
165
159
176
155
161
153
149
144
167
143
134
148
154
147
168
155
138
139
147
158
152
137
148
160
158
136
149
164
132
158
139
149
154
150
160
133
156
146
140
146
149
154
153
169
149
149
164
154
147
151
150
169
117
132
151
168
142
144
132
140
163
160
126
171
143
166
148
142
160
157
165
163
160
149
157
160
145
157
143
159
170
142
119
150
142
150
163
147
146
156
165
155
140
136
145
157
139
147
143
159
142
129
137
149
161
158
159
142
123
126
154
139
144
149
157
144
155
142
155
132
148
136
148
124
148
113
131
147
156
153
134
150
111
148
150
126
144
143
124
125
133
148
149
152
147
140
116
145
142
141
125
132
100
135
132
134
137
128
112
130
132
105
139
113
130
148
136
98
131
141
158
129
149
124
150
124
118
117
110
137
159
119
112
132
112
124
141
134
133
136
138
143
117
133
138
114
135
124
113
147
127
126
116
120
105
125
144
129
103
130
115
120
132
117
126
126
127
116
107
126
132
127
122
101
111
134
121
133
115
128
146
112
125
146
111
128
127
135
108
132
123
128
111
138
127
128
139
121
134
135
125
110
123
138
128
124
111
141
112
120
122
152
132
119
128
111
125
128
117
106
102
108
112
130
124
130
130
109
141
132
134
117
127
123
131
149
138
137
131
124
112
121
129
122
110
120
126
118
116
142
117
111
148
124
122
113
109
127
131
120
128
132
136
116
130
117
110
131
123
127
128
118
111
109
131
138
134
135
123
133
154
112
129
131
115
120
127
133
139
114
140
149
134
112
119
122
134
133
141
139
142
115
128
143
139
114
146
140
124
132
134
132
122
128
115
124
141
131
128
124
148
127
113
112
117
151
126
102
134
132
118
123
131
147
129
129
118
122
132
127
123
138
116
108
110
111
105
109
105
119
101
115
117
122
103
103
108
112
132
110
96
113
120
112
115
120
122
99
103
130
110
114
112
85
91
109
118
103
112
106
122
123
110
117
115
104
112
90
99
106
112
100
116
111
102
113
107
115
117
104
86
117
112
108
112
103
92
106
90
110
109
111
98
109
97
87
83
118
107
124
107
126
116
85
101
111
106
100
101
100
102
100
117
115
92
114
94
106
113
111
108
93
85
106
103
106
108
100
108
99
91
100
97
110
104
99
91
109
120
94
97
95
85
111
100
111
98
100
97
106
103
103
106
122
100
107
99
107
79
123
93
96
106
99
97
93
99
102
96
110
86
98
89
105
93
99
115
100
107
96
114
98
116
99
113
111
127
99
85
103
125
81
104
98
93
124
114
81
97
114
100
121
102
115
105
103
116
119
98
101
86
87
104
105
104
100
122
98
101
116
104
102
106
102
121
112
106
106
112
103
93
108
112
98
118
103
105
117
105
106
121
117
90
88
119
111
84
95
134
83
102
98
104
109
88
114
98
96
107
84
101
96
98
92
106
89
91
85
83
95
88
101
74
98
87
80
101
98
97
85
81
92
92
90
104
96
77
95
102
97
96
69
87
79
92
94
78
98
87
86
71
89
87
98
84
85
77
76
76
71
73
80
96
86
88
86
70
89
97
76
93
85
69
86
75
78
95
81
97
87
85
86
76
81
77
92
83
77
97
81
93
105
111
86
95
88
89
86
73
102
86
79
100
83
116
95
92
86
82
94
77
92
87
81
90
80
90
78
83
92
79
84
100
88
87
99
70
102
78
105
75
100
102
87
97
86
91
107
97
74
97
68
92
80
89
98
77
83
83
95
95
109
97
80
94
89
74
86
81
97
84
89
78
92
78
77
96
84
91
80
93
85
92
81
84
94
100
97
68
91
84
90
104
71
96
89
93
95
98
103
92
100
97
87
110
82
76
90
90
79
85
89
84
100
83
70
97
92
93
86
91
95
85
115
106
104
95
107
106
101
93
105
95
98
100
124
113
100
120
92
89
95
111
101
104
114
92
100
114
90
98
124
94
104
106
110
109
113
106
96
100
100
113
108
111
94
99
114
105
112
103
88
85
90
113
86
95
86
85
97
99
83
97
92
86
88
100
86
85
95
93
83
87
90
96
75
96
82
75
87
82
68
80
77
79
72
52
65
57
60
66
62
69
70
65
44
71
44
63
47
61
57
71
50
67
65
67
57
53
67
52
56
51
55
57
59
60
64
65
61
54
52
58
70
59
56
61
64
51
58
53
54
54
61
50
56
77
71
65
61
52
54
52
55
76
49
51
49
47
61
58
48
57
63
50
49
60
52
61
53
61
46
44
50
40
58
59
56
58
42
61
66
46
50
46
45
57
67
73
63
47
53
64
67
49
52
57
64
56
49
58
73
49
64
53
56
44
51
52
62
63
58
58
47
46
60
58
50
62
56
60
56
56
44
57
57
64
47
63
69
47
65
64
59
68
58
59
49
47
58
47
49
69
58
66
53
66
55
52
51
50
62
50
57
51
53
42
51
51
49
52
42
43
63
37
62
52
58
57
66
48
51
64
47
53
50
54
65
52
48
51
66
63
41
51
54
66
51
62
56
49
51
66
63
56
56
61
48
66
45
44
67
65
59
61
60
56
48
51
49
48
55
57
60
49
44
62
52
75
59
63
46
56
59
58
55
62
52
61
61
56
64
60
63
58
50
50
54
55
44
48
66
55
48
44
50
57
63
52
63
45
62
65
43
51
72
56
57
52
49
63
54
63
53
52
45
51
60
46
63
56
35
56
57
68
42
50
64
52
44
53
59
57
44
58
45
58
57
43
51
52
46
43
52
59
36
50
51
47
52
53
52
60
48
45
50
53
55
65
47
50
48
52
55
49
67
41
48
49
64
44
47
58
52
48
46
41
57
59
57
67
47
55
55
59
46
44
68
59
45
42
39
44
45
62
49
59
49
45
44
58
50
43
52
47
53
61
54
54
54
61
70
70
49
43
49
62
44
52
43
51
54
49
47
44
45
63
50
65
52
43
50
54
54
47
51
59
53
58
44
50
64
58
58
55
62
60
48
58
56
56
55
60
66
45
70
64
60
54
55
46
47
64
67
61
65
54
56
63
64
69
58
52
53
62
56
66
62
65
53
68
57
57
58
64
51
74
68
66
66
75
60
57
67
57
66
61
71
58
63
72
57
62
54
79
60
49
72
44
82
64
58
58
66
71
66
66
57
62
79
72
67
78
77
82
80
83
67
83
77
66
78
89
91
83
85
69
75
68
86
74
89
81
76
70
80
68
81
72
72
76
81
89
84
79
81
73
86
92
77
82
86
82
77
85
61
86
79
80
81
63
86
66
64
71
64
57
65
66
50
50
64
41
67
62
60
35
48
34
55
49
49
25
27
39
36
34
29
30
37
28
32
38
34
13
29
39
34
21
24
27
25
20
23
19
27
35
25
25
22
25
21
20
25
23
21
20
23
23
26
17
19
18
24
26
27
19
17
14
26
28
27
29
11
13
15
21
21
15
16
13
20
18
18
24
19
20
25
24
16
15
14
20
26
24
29
19
24
18
27
15
29
16
23
32
18
24
18
28
28
21
20
18
27
18
30
17
25
22
23
16
17
18
22
18
25
20
19
21
22
23
19
24
31
22
21
25
21
31
20
38
21
22
26
25
27
19
30
29
15
29
17
22
17
17
22
23
29
23
25
28
25
26
20
29
21
10
27
27
29
35
22
22
22
23
28
21
26
14
18
16
25
22
21
30
25
26
21
20
20
31
27
19
15
26
14
19
18
16
20
16
25
22
24
13
24
24
19
17
35
35
21
22
21
23
20
23
23
18
22
25
20
35
24
20
26
24
18
26
22
18
21
25
28
34
32
18
24
18
35
29
24
28
33
24
29
32
21
28
18
29
33
34
24
32
27
31
27
33
27
18
27
26
19
28
25
31
28
23
16
23
18
27
27
36
33
25
28
26
26
28
31
28
32
26
27
25
18
16
19
14
21
24
21
20
16
29
29
19
18
26
16
29
19
21
27
20
16
15
14
19
22
16
11
13
18
19
14
21
21
13
17
14
18
13
16
11
17
20
15
11
11
11
13
13
10
18
8
6
12
11
10
18
13
14
13
10
9
9
10
19
10
10
8
14
6
7
6
8
11
7
14
11
15
17
11
9
4
9
14
10
11
8
13
15
7
9
14
11
11
2
11
9
10
15
8
11
17
10
9
11
9
15
12
11
6
10
12
5
8
6
14
12
10
11
14
17
14
6
13
9
9
11
12
11
10
15
8
16
11
10
9
14
9
12
10
10
12
14
12
7
15
11
4
16
8
17
9
6
19
7
3
13
11
15
15
12
10
10
10
11
8
8
7
10
11
7
5
6
13
8
12
9
10
8
9
9
8
7
7
7
13
4
13
14
5
12
13
10
11
8
8
13
10
9
14
8
9
3
9
14
9
12
11
9
3
10
17
10
10
5
12
7
10
16
9
5
9
11
10
13
13
9
5
12
11
12
10
15
14
9
11
12
7
11
10
14
11
7
7
14
12
6
9
11
17
10
12
11
8
9
12
13
9
6
11
11
7
10
15
10
8
14
8
12
12
17
10
6
13
9
12
13
13
14
16
12
5
10
14
20
6
15
17
11
11
16
10
13
14
10
14
12
12
10
15
16
16
15
17
14
14
13
15
14
13
10
6
10
11
18
10
11
10
12
5
11
14
14
8
10
10
9
14
8
6
8
11
11
10
14
6
18
5
13
7
9
9
13
7
6
13
9
8
14
5
6
7
7
11
14
14
10
3
6
9
9
12
8
10
10
13
7
9
10
14
8
5
9
2
6
2
18
8
12
10
6
7
7
8
8
5
9
7
7
4
8
10
10
13
5
13
6
5
5
2
2
5
8
10
6
13
13
9
9
7
4
8
7
3
9
10
5
14
7
5
14
11
10
10
6
10
10
8
12
9
7
13
7
10
6
7
14
10
10
4
3
12
6
7
9
6
14
6
7
12
5
9
13
7
7
9
11
10
9
7
11
10
6
10
10
9
7
11
11
6
7
10
7
8
4
4
9
11
12
9
8
4
8
14
11
9
10
10
8
6
3
9
9
6
8
6
5
6
13
6
2
3
6
10
9
7
9
9
11
5
11
7
12
7
10
4
5
5
9
12
12
10
9
6
10
11
10
12
9
7
12
8
10
6
7
9
9
8
10
7
5
11
8
6
10
3
11
6
7
10
7
11
10
8
7
11
4
10
5
11
9
13
7
6
10
13
10
11
13
6
7
12
12
12
7
15
9
7
6
11
15
9
16
7
4
11
10
11
10
7
6
12
4
9
13
14
16
10
13
10
12
11
12
12
10
13
7
6
9
14
9
7
7
7
4
6
8
3
4
9
9
6
10
10
5
5
6
10
8
8
9
11
6
10
11
9
7
11
6
11
6
8
8
10
7
10
13
8
6
11
7
8
11
8
8
6
14
9
4
11
4
13
9
7
6
3
9
7
8
9
9
12
10
16
5
9
12
7
8
8
4
11
5
7
5
7
11
8
3
5
8
4
12
10
11
14
7
9
19
7
13
8
6
6
11
10
10
5
12
12
5
9
7
12
8
6
12
10
4
12
10
14
5
6
9
8
10
5
6
9
5
9
8
10
7
6
4
8
5
8
8
2
8
8
10
11
6
6
6
10
9
10
6
8
10
8
7
9
5
5
4
4
6
8
5
7
10
12
8
6
9
10
7
6
4
6
7
9
6
3
5
6
7
5
12
5
10
8
12
8
1
5
3
8
9
5
3
2
9
10
5
8
10
10
7
6
11
6
8
14
11
4
4
8
12
9
9
4
6
3
4
5
8
8
10
5
11
9
5
7
5
3
9
10
8
4
5
4
8
4
3
4
11
7
8
14
5
4
8
6
5
8
5
4
7
3
7
8
10
9
7
12
3
8
9
7
11
5
4
7
3
4
4
4
7
10
10
8
8
4
6
8
13
9
8
10
8
3
3
8
3
10
7
6
7
5
8
7
11
1
10
3
9
3
10
6
8
5
10
6
8
7
7
8
3
5
6
9
6
5
9
3
4
6
4
6
5
11
4
4
6
5
8
10
9
6
5
6
2
9
10
8
13
7
9
2
1
10
10
6
8
5
4
9
8
6
10
4
4
3
7
6
5
6
3
4
8
4
11
3
10
6
7
6
7
7
6
6
7
12
10
3
4
7
4
7
7
10
4
6
5
4
3
6
3
2
7
7
5
8
9
6
11
5
8
5
6
4
8
6
3
5
5
3
4
5
7
6
10
5
5
8
9
10
3
2
11
8
4
7
6
9
6
7
3
12
6
6
5
11
15
3
4
5
3
7
4
6
12
5
5
7
4
4
3
3
5
6
6
6
2
9
4
2
7
9
5
7
4
5
10
3
4
8
7
5
8
6
4
8
4
3
5
8
8
6
2
7
7
5
6
7
10
8
6
6
3
4
6
1
5
6
9
5
3
4
6
5
7
4
7
4
2
4
4
6
6
4
6
7
4
6
4
8
7
6
5
11
8
5
6
8
10
10
5
10
2
9
5
4
4
6
3
7
6
8
2
5
9
3
3
7
5
7
3
6
5
2
7
2
4
6
4
9
7
3
1
5
3
4
8
3
4
6
9
9
7
5
6
7
9
5
7
4
7
3
3
3
11
7
7
6
5
4
4
5
4
2
7
5
3
4
9
7
7
7
3
3
5
7
4
7
6
4
4
8
3
2
5
4
4
4
3
6
6
3
7
5
5
5
8
6
5
6
6
5
5
7
9
10
8
7
5
6
9
7
7
9
10
4
0
7
3
3
7
2
4
6
6
3
3
5
5
12
6
8
1
9
6
2
5
6
3
2
5
11
3
8
7
5
6
4
5
4
2
10
0
2
7
6
2
6
2
5
5
5
8
8
6
6
5
8
8
4
7
8
6
7
8
4
4
4
4
6
5
2
6
4
6
2
7
9
3
2
2
6
5
5
9
5
3
7
1
4
7
8
6
5
9
4
3
3
8
6
5
4
5
6
4
3
7
2
4
3
4
12
4
3
6
6
8
4
3
7
5
3
3
6
5
4
3
7
5
4
4
6
5
4
4
6
7
4
3
9
8
7
9
5
5
5
5
8
4
5
9
6
9
5
3
5
1
2
6
6
6
1
3
8
6
9
9
8
4
7
5
7
4
5
3
5
4
5
10
6
6
2
7
6
4
10
8
8
6
3
8
3
5
4
4
6
6
3
7
2
7
5
4
4
1
4
9
4
6
2
2
1
3
4
2
5
9
7
4
1
7
7
5
6
4
3
6
4
3
9
3
6
12
5
9
9
5
5
4
7
8
4
4
5
7
8
3
5
4
8
5
3
8
2
9
3
5
7
3
6
4
2
4
2
5
6
3
7
7
4
3
4
10
7
4
1
2
4
3
4
3
6
6
6
5
3
9
4
3
3
2
6
6
3
7
9
8
7
3
6
2
7
8
0
6
3
4
2
7
1
5
5
7
2
7
5
4
6
1
4
7
4
3
3
4
8
5
3
8
3
3
2
5
2
3
3
6
1
4
2
4
3
3
3
3
5
8
2
6
1
2
4
3
6
6
2
8
5
4
10
5
4
1
3
1
3
7
2
4
8
2
3
5
3
3
7
3
1
4
6
5
4
3
7
3
3
4
4
4
3
5
5
4
8
6
9
6
2
3
5
3
10
5
2
4
9
3
6
1
5
4
3
6
3
7
5
2
7
5
6
5
7
6
5
5
8
7
5
6
5
6
7
5
6
2
4
3
7
4
6
11
6
8
5
5
7
3
5
5
3
2
4
6
5
10
8
4
5
3
4
5
5
3
6
0
8
3
3
3
5
3
8
2
3
7
1
6
6
4
4
9
3
7
5
7
8
5
2
5
8
6
5
5
9
3
5
3
8
8
9
7
9
7
7
7
10
7
7
12
10
9
7
15
5
10
6
8
11
11
6
11
10
12
10
12
13
9
7
7
12
6
10
8
10
14
7
4
9
3
7
13
7
15
12
6
9
15
10
6
7
12
8
5
6
10
9
12
6
8
5
8
4
9
9
7
7
4
10
5
6
6
6
3
6
7
5
4
3
8
2
4
1
9
8
2
3
5
5
3
2
4
4
3
5
4
3
5
3
6
4
1
3
4
6
8
6
6
4
3
6
3
4
3
5
1
1
6
4
2
3
5
0
8
2
5
3
6
3
3
3
4
5
8
3
4
4
4
1
5
5
3
4
6
2
3
10
3
3
4
2
4
6
3
5
6
4
3
7
3
7
4
9
3
2
4
4
3
4
4
1
6
3
3
6
4
7
3
8
3
3
4
2
3
7
7
2
8
5
1
5
1
5
5
1
3
5
5
5
1
2
1
1
5
2
4
4
5
3
8
6
8
4
2
3
6
5
1
7
6
5
6
3
5
4
5
2
5
3
3
6
2
9
0
3
1
1
3
4
4
4
4
3
2
5
7
5
2
5
3
5
7
5
2
6
7
4
3
6
3
2
5
4
7
5
2
3
5
5
6
3
4
7
4
3
6
4
10
7
4
0
2
1
6
8
5
8
5
8
4
2
10
3
3
4
5
6
4
5
1
1
2
4
4
3
8
2
4
2
3
3
7
3
5
1
1
2
8
3
8
3
4
7
4
3
0
5
8
8
5
3
7
5
4
7
6
2
3
4
5
4
6
3
4
0
2
4
6
2
5
6
5
6
8
3
2
5
1
3
4
8
5
4
3
4
4
3
3
4
3
3
5
3
6
4
6
0
4
4
3
8
6
4
2
7
4
4
1
2
1
4
6
2
3
6
5
3
4
4
6
3
6
5
7
4
6
4
6
2
0
5
3
4
4
3
6
1
4
4
4
3
2
3
8
5
5
5
8
2
3
3
3
3
3
6
6
5
3
5
4
9
4
1
4
5
1
5
4
3
1
3
3
5
4
6
5
5
4
6
3
3
6
2
2
5
7
4
2
3
2
2
4
3
4
4
5
4
3
6
3
7
9
3
6
4
5
2
2
3
5
3
4
3
8
4
1
3
4
1
6
5
8
3
3
1
3
1
2
3
5
4
2
1
5
3
5
2
5
4
6
5
2
2
2
3
6
5
3
6
7
2
5
6
1
6
4
7
5
8
4
4
2
5
6
3
6
4
5
2
8
7
7
4
3
2
6
5
11
6
4
2
2
5
4
2
4
6
7
4
2
2
3
8
3
7
4
5
2
6
5
9
5
2
3
6
4
8
4
7
6
9
6
6
5
2
5
5
8
12
6
5
4
7
5
2
8
8
3
7
3
4
9
11
8
6
8
6
9
4
9
4
6
7
3
8
4
6
4
14
12
6
2
7
10
3
9
8
6
10
4
12
4
5
8
7
4
7
4
9
4
1
7
5
6
10
4
10
8
7
4
5
6
6
5
3
6
5
5
6
7
8
7
2
1
5
6
5
4
4
5
5
2
10
5
2
4
2
2
4
8
5
1
4
4
2
4
2
5
2
6
6
3
1
3
1
1
1
2
4
6
3
4
3
8
2
5
2
0
3
1
5
3
3
3
3
2
2
9
1
2
3
0
5
6
4
5
4
2
3
1
2
4
2
1
7
8
3
3
0
6
6
5
4
9
3
5
3
2
4
2
3
4
3
6
4
4
1
4
3
1
2
2
2
4
3
9
7
3
5
3
1
6
2
3
6
0
2
7
2
0
6
3
3
5
3
2
3
4
2
1
4
1
4
1
3
3
2
4
4
2
0
8
4
2
3
4
7
4
4
4
5
2
6
3
2
8
1
2
1
4
5
4
2
2
5
5
5
5
1
3
5
3
2
2
4
3
2
2
3
6
3
9
2
1
1
4
1
0
2
2
4
4
1
4
4
4
3
3
2
3
3
3
1
2
1
1
1
6
4
2
1
4
5
2
4
4
5
3
3
3
4
2
2
3
2
5
2
1
3
3
2
4
4
3
0
3
2
5
3
1
0
0
2
1
1
5
0
1
5
3
5
4
5
4
5
5
1
2
4
2
3
7
3
0
3
2
0
3
5
4
4
4
3
3
2
3
1
4
5
3
5
4
3
5
1
1
4
6
3
6
2
4
2
5
2
1
4
3
3
4
2
1
0
3
3
2
3
4
3
5
2
5
3
3
4
3
6
4
3
2
4
0
1
3
2
5
4
4
1
3
4
8
2
2
2
2
0
2
2
1
8
4
2
0
6
3
4
2
4
3
5
3
2
3
2
5
5
8
2
1
2
2
3
3
2
3
6
3
4
7
2
2
4
2
2
0
4
7
4
5
2
3
1
2
2
3
2
4
4
2
1
2
3
6
5
4
1
1
3
7
3
4
3
1
0
3
1
2
3
1
4
1
2
5
2
2
2
2
4
3
4
1
3
2
1
2
4
2
6
1
2
0
5
0
1
3
0
5
4
1
6
3
0
5
5
1
5
4
3
2
2
2
2
4
5
3
2
4
3
4
0
4
2
3
1
0
2
4
3
4
2
2
3
2
4
4
3
3
2
3
3
6
1
2
3
6
0
0
6
3
3
4
3
2
1
3
3
5
6
6
4
2
4
1
4
0
0
5
1
4
3
0
4
3
3
3
2
3
4
3
8
3
4
4
0
3
1
1
5
1
2
0
6
0
3
3
3
3
3
3
3
3
1
5
7
7
3
2
4
3
2
3
2
3
2
2
3
1
5
4
0
2
2
6
3
3
2
1
2
1
2
3
1
2
3
3
0
2
5
2
4
4
4
6
1
6
1
7
1
4
6
2
5
5
2
3
3
3
2
4
2
2
2
1
6
3
3
2
4
2
5
3
3
4
1
5
4
2
3
7
7
3
6
1
1
1
1
2
4
10
2
3
4
3
2
2
1
4
4
2
3
2
2
3
3
1
1
3
1
4
3
2
6
2
2
2
3
2
6
3
3
3
1
2
2
5
3
4
2
2
7
4
6
2
6
3
1
3
1
3
3
1
4
1
2
4
0
2
5
5
2
5
2
1
4
3
1
7
3
3
6
1
5
5
4
4
1
5
6
1
3
4
3
2
6
2
3
0
6
0
1
4
6
4
2
1
0
2
3
4
4
2
3
3
5
4
8
4
2
4
3
1
2
1
0
3
0
3
4
3
3
3
1
4
3
1
4
2
3
5
4
4
2
6
2
4
2
3
4
2
5
2
3
3
4
2
1
3
3
5
6
3
1
8
4
6
0
5
1
4
1
4
3
2
2
2
2
3
1
1
4
4
2
3
2
2
7
1
3
1
6
6
1
0
3
4
2
4
2
2
6
4
3
5
1
2
3
2
2
1
4
3
2
2
4
2
4
5
4
1
3
6
3
3
2
3
3
2
3
4
5
1
2
10
3
2
0
2
2
3
3
3
3
3
2
0
3
1
2
4
5
3
5
0
3
4
5
0
3
3
1
1
4
4
1
3
5
2
2
1
2
1
2
3
3
2
4
2
3
0
4
5
3
2
4
4
2
0
0
3
5
2
2
2
4
3
3
3
1
3
1
2
3
2
7
8
1
3
5
2
2
4
4
1
3
1
3
0
1
5
5
3
5
1
6
2
4
7
4
2
7
3
4
5
2
6
2
4
2
2
3
3
7
3
3
0
4
2
2
5
2
5
2
4
2
0
3
4
4
5
3
1
6
2
3
1
4
3
3
3
3
4
3
3
0
3
3
3
2
2
3
2
4
2
2
5
3
2
0
2
5
0
2
3
1
0
2
2
2
2
3
2
5
2
2
2
3
2
0
2
4
1
4
2
5
1
5
3
5
3
2
3
2
4
4
3
4
2
2
3
2
1
3
2
2
1
4
2
3
6
4
6
4
3
2
4
2
2
2
4
7
5
3
3
5
0
3
2
3
1
5
2
1
2
2
1
3
2
4
2
4
3
6
4
1
4
4
1
2
3
0
0
4
2
0
2
5
3
1
4
5
2
3
4
3
2
3
0
2
0
1
3
2
8
5
2
4
3
1
4
2
4
2
2
3
3
4
4
5
3
6
5
0
0
3
0
1
1
4
0
2
2
1
2
3
2
4
3
4
3
3
1
1
1
1
1
3
5
3
7
6
3
0
1
2
1
0
1
2
3
4
6
2
2
1
4
3
5
5
4
1
2
2
5
2
2
2
7
3
3
4
2
4
4
0
1
1
6
1
0
0
1
1
2
3
1
3
3
4
5
1
7
2
2
1
3
3
0
5
4
1
2
2
2
3
1
3
3
1
3
1
4
1
4
3
3
3
1
2
3
2
7
1
2
2
4
4
3
0
0
2
2
4
3
2
4
3
1
1
2
4
1
1
2
6
3
3
4
3
1
1
2
6
4
2
0
3
0
3
5
3
4
4
2
3
0
1
1
2
2
4
0
0
4
2
1
2
3
2
2
1
3
3
2
4
3
3
2
1
3
2
1
5
0
3
6
3
3
3
1
3
1
6
1
2
2
1
1
0
1
2
1
0
2
3
2
1
3
2
2
3
4
1
3
3
0
4
2
3
3
1
4
5
0
4
4
1
4
2
3
3
2
2
4
2
3
1
2
2
4
4
1
4
1
4
4
1
3
2
3
4
3
0
3
5
4
5
1
2
3
1
2
1
3
2
1
2
1
4
2
1
4
4
3
2
4
4
4
4
2
4
1
3
3
2
1
5
4
1
4
4
2
3
1
1
2
1
3
2
2
3
0
5
3
2
1
0
2
2
4
0
3
3
2
3
2
3
3
1
5
1
1
2
3
2
3
4
4
2
4
3
3
3
1
3
3
1
5
1
1
4
2
4
4
6
5
4
1
1
7
4
5
2
2
5
5
5
2
4
3
6
3
1
1
6
3
4
6
2
2
3
4
5
9
7
3
2
5
4
5
10
2
8
2
4
1
4
3
5
7
4
2
4
4
3
3
8
4
5
5
9
2
9
6
6
8
4
8
5
4
3
2
4
8
5
4
5
3
4
6
8
3
2
1
7
6
6
5
2
7
0
2
2
4
4
6
5
5
3
1
1
3
4
3
0
6
1
3
2
4
3
4
2
1
5
2
3
2
3
3
2
2
4
5
5
3
1
5
3
3
2
5
5
3
2
3
8
2
3
1
5
1
1
2
3
4
3
3
5
1
3
1
1
1
2
0
2
3
4
2
1
2
0
5
2
3
1
2
4
1
2
3
1
1
1
4
0
4
1
3
2
2
2
2
2
8
4
4
3
1
4
4
3
3
1
3
4
1
8
3
2
5
1
6
2
7
0
3
0
3
4
5
0
0
2
1
4
2
1
4
1
6
1
4
2
3
1
3
5
3
1
1
4
3
0
3
2
2
1
1
3
5
5
3
2
6
4
1
5
2
3
2
2
4
3
1
4
5
3
0
0
0
1
2
3
1
0
2
6
3
3
3
4
0
2
2
1
5
3
2
1
1
3
5
5
2
5
1
1
1
4
6
5
4
3
1
3
1
2
2
1
0
1
3
3
1
4
5
4
4
1
1
2
6
3
1
5
1
2
4
2
4
2
2
0
4
1
3
2
2
6
4
1
0
1
2
1
0
1
3
3
1
2
4
2
1
3
3
1
3
1
3
2
6
1
0
3
4
3
6
4
3
1
2
3
1
4
4
1
1
5
2
3
4
1
2
2
4
2
3
2
4
3
3
3
2
2
2
7
1
4
3
3
4
2
3
4
0
1
4
3
5
6
1
2
3
2
2
3
0
1
2
0
3
5
5
0
2
3
2
4
1
4
3
6
1
2
2
2
3
3
5
3
5
3
0
3
2
2
6
1
2
3
5
2
4
4
3
0
3
3
2
1
4
3
1
3
2
2
0
2
2
3
2
2
2
4
2
1
1
1
5
6
1
5
3
3
3
1
1
4
2
4
1
1
3
2
3
3
3
1
6
3
4
5
1
3
4
2
3
4
5
4
5
2
1
0
2
6
0
2
1
2
2
2
2
0
0
5
4
1
1
4
5
4
2
3
4
2
4
2
1
1
3
3
0
2
0
2
1
0
2
2
0
5
3
1
5
1
2
2
2
2
3
1
2
2
3
0
4
2
3
3
0
2
2
2
2
1
4
1
2
0
5
3
0
5
1
2
2
1
3
0
0
2
1
1
1
3
1
4
6
3
3
3
2
1
2
1
2
0
4
2
3
4
0
2
3
1
1
1
4
2
0
2
1
5
1
2
2
1
2
4
5
0
2
4
4
4
1
2
2
2
2
3
1
3
1
6
3
1
3
4
4
3
4
4
4
6
0
1
6
2
1
2
5
4
2
6
3
3
2
2
3
2
3
1
2
1
1
1
3
0
0
2
4
3
0
1
2
4
2
8
1
0
1
1
3
3
4
3
1
2
2
1
4
2
1
0
3
1
1
2
6
1
0
2
1
1
5
3
2
3
3
2
5
2
1
4
0
2
1
5
1
3
3
3
1
1
3
1
0
1
0
3
2
2
5
3
0
3
3
5
4
2
2
1
4
3
2
3
3
2
5
3
0
2
3
3
5
1
4
2
3
1
2
5
2
4
2
4
2
3
1
2
4
0
6
4
3
1
5
3
2
0
1
0
3
1
2
1
3
2
3
1
1
1
2
0
2
4
2
2
7
0
2
3
0
0
1
2
0
2
0
3
4
4
1
1
3
2
2
3
4
4
1
2
3
3
4
5
0
2
2
1
1
5
3
1
3
2
3
2
1
5
4
1
6
7
4
0
0
3
6
3
2
3
1
1
0
1
4
2
4
3
4
2
3
3
2
4
3
2
3
2
1
2
2
1
3
1
2
5
3
3
1
2
1
1
0
1
6
4
2
3
3
2
3
2
3
3
4
3
1
0
1
1
3
2
1
2
1
2
2
0
2
2
1
5
2
4
1
5
2
1
3
3
2
1
3
5
2
1
3
1
2
3
4
3
0
2
0
2
2
3
4
1
3
2
2
0
2
1
3
4
3
0
3
2
0
3
1
1
1
1
0
5
1
2
1
1
0
3
3
3
4
2
0
1
1
1
1
3
2
2
3
1
2
1
3
2
1
3
0
4
1
4
2
3
3
1
4
4
1
2
1
4
0
1
1
2
1
1
0
2
0
2
1
5
2
3
7
4
1
0
2
3
1
2
3
2
2
3
2
2
1
3
1
6
1
2
0
3
1
2
0
2
3
5
3
2
0
2
1
4
2
1
3
3
3
1
4
2
1
4
0
2
5
3
3
3
4
3
3
3
3
3
1
2
0
3
1
0
4
2
3
0
2
2
2
1
1
1
1
1
2
3
0
0
1
4
3
3
5
2
2
6
2
5
2
4
6
3
3
7
5
2
4
1
3
2
1
2
0
2
2
3
1
1
0
3
2
3
4
2
2
1
3
2
2
3
1
2
3
4
1
1
2
3
4
2
6
1
2
4
2
1
2
3
4
2
0
6
3
1
2
5
2
2
4
2
2
1
3
4
2
2
2
1
3
4
2
5
3
1
2
1
1
1
1
1
0
2
2
4
3
1
1
0
3
2
2
4
4
3
3
4
2
1
3
1
2
1
3
1
1
2
4
3
3
1
2
1
2
2
2
2
3
3
1
0
2
4
4
1
1
0
4
2
1
5
3
6
5
2
1
3
2
5
0
3
3
2
1
2
4
1
4
1
1
4
2
1
3
8
3
3
4
10
4
4
1
2
2
3
6
5
0
4
5
3
2
2
1
3
3
2
1
3
4
3
0
2
3
1
1
2
4
1
3
2
3
2
1
3
3
2
1
6
1
0
1
1
5
0
2
2
4
4
5
3
1
1
3
2
4
4
2
0
2
3
2
2
4
2
2
2
1
4
2
3
2
1
2
0
1
0
1
2
2
2
2
2
2
3
1
1
2
2
4
1
2
1
5
0
0
3
3
1
3
2
5
0
0
3
3
3
2
2
1
0
0
5
1
0
4
1
1
1
0
2
2
1
4
1
2
1
2
2
1
2
2
0
1
1
2
2
1
2
1
1
1
1
1
3
2
2
1
2
2
2
1
2
1
1
1
3
1
3
0
3
0
3
2
0
3
2
3
3
1
4
2
3
1
2
4
0
2
4
1
0
0
0
1
1
1
3
0
2
0
1
3
0
1
0
1
0
2
3
2
4
2
2
1
2
2
2
3
2
2
1
1
4
3
3
1
1
3
3
2
2
4
1
1
3
0
2
0
2
2
0
3
2
0
1
0
1
4
1
3
0
1
2
2
0
0
0
1
3
1
5
3
0
2
1
0
1
2
3
1
1
1
0
1
1
2
0
1
1
1
1
2
3
3
0
2
1
1
0
1
0
1
1
1
0
2
1
1
2
1
1
0
1
1
0
1
0
3
0
1
0
1
1
0
2
1
3
1
1
0
2
4
2
0
2
2
1
1
0
3
2
3
3
2
1
0
1
2
0
0
2
1
1
0
1
0
2
1
2
1
2
2
2
2
3
2
1
1
2
1
0
0
0
1
1
3
3
1
2
2
0
3
0
0
1
1
1
4
0
2
0
1
2
1
1
2
2
2
1
2
1
1
1
1
0
1
2
2
0
1
1
2
0
1
4
2
3
1
2
1
0
1
1
2
2
1
2
3
1
2
2
0
2
3
2
4
0
1
2
0
0
1
0
2
2
1
2
3
2
0
1
2
2
2
2
1
3
3
4
3
2
2
3
4
1
1
0
1
2
2
4
1
0
2
3
1
3
4
0
4
8
1
3
2
1
2
1
0
2
1
3
0
1
2
3
2
1
5
3
0
0
1
3
1
2
1
1
2
1
2
2
0
2
3
3
1
0
0
0
1
2
3
1
1
0
1
2
0
2
1
0
1
3
0
4
1
1
3
0
1
1
2
2
1
0
3
1
2
0
3
3
1
2
0
2
2
0
0
2
0
0
1
0
1
0
0
1
4
1
0
0
4
1
0
1
1
3
0
0
0
1
1
2
2
3
1
1
1
1
0
2
1
1
2
3
1
3
0
4
1
1
3
1
2
0
0
3
1
3
3
3
1
2
2
0
2
3
1
1
1
3
1
2
1
0
4
1
2
3
0
2
2
3
1
3
1
3
2
2
2
2
1
0
0
1
0
2
1
2
1
0
1
1
1
2
1
0
2
1
0
4
1
1
3
2
2
1
0
0
1
0
1
2
2
1
3
2
3
2
4
0
1
1
4
1
3
0
0
1
0
2
5
4
1
3
3
3
2
0
1
1
0
0
1
3
2
0
0
3
2
1
2
0
0
2
0
2
0
0
0
2
2
1
2
0
1
0
2
1
1
0
1
2
0
3
2
0
1
1
1
3
1
0
3
0
0
0
1
0
0
1
0
0
1
2
2
1
1
1
1
0
2
1
0
0
1
0
3
0
2
2
1
0
2
1
0
1
0
1
0
1
0
1
0
4
0
1
4
2
2
0
0
0
0
0
0
1
2
0
1
3
0
0
0
0
0
1
3
1
1
1
4
0
2
1
0
1
1
0
1
2
1
0
1
2
1
1
0
2
1
3
2
0
2
2
1
2
1
0
3
1
1
1
1
0
1
0
0
1
1
2
2
0
2
1
3
0
2
1
2
2
0
0
1
0
2
0
0
1
1
2
3
0
0
4
2
0
0
0
2
1
1
3
2
1
2
0
1
1
0
0
2
1
3
2
1
0
0
0
0
1
1
1
2
1
2
2
0
1
2
0
0
0
1
4
0
1
2
1
1
0
1
1
0
1
1
2
2
2
1
2
3
2
0
1
0
2
2
0
3
2
0
1
1
1
1
2
1
1
0
1
1
0
3
1
0
0
1
3
0
1
3
0
0
0
1
0
2
0
2
1
1
1
1
0
0
0
0
2
2
2
0
1
2
2
3
0
1
2
2
1
0
2
0
0
1
0
2
0
3
1
2
0
0
1
0
1
0
0
3
2
2
1
1
2
1
1
1
0
0
2
0
0
2
1
0
1
2
1
0
1
0
3
0
0
1
2
0
2
1
0
4
2
2
0
0
2
3
1
0
2
0
2
0
0
0
1
1
0
0
0
1
0
3
0
0
2
0
0
1
1
0
1
1
1
1
0
1
1
1
0
3
3
0
2
0
2
1
2
4
1
2
1
2
1
0
1
2
5
0
2
1
2
0
1
0
0
0
1
0
1
0
1
2
1
0
2
1
1
0
0
1
2
0
0
1
0
1
2
0
1
2
1
2
0
1
1
1
1
1
2
1
2
1
0
1
2
1
1
0
1
1
1
1
0
1
3
1
1
1
0
2
1
1
0
1
2
1
2
2
0
0
0
1
0
0
0
4
0
0
0
2
0
0
0
2
0
1
2
1
1
1
1
1
1
1
1
1
1
1
1
2
1
1
0
1
1
2
1
0
0
2
0
2
1
1
1
2
0
0
2
2
0
0
0
1
0
1
1
1
1
1
2
1
0
0
0
0
0
0
0
0
0
3
0
0
0
0
1
3
1
0
1
0
3
0
2
0
2
1
2
0
1
2
1
1
0
2
1
2
0
2
1
0
0
0
0
1
2
1
1
3
0
1
0
0
0
0
2
0
2
1
1
0
1
1
1
0
2
1
0
0
0
0
1
1
1
1
2
0
1
1
1
1
1
1
1
0
0
0
0
0
0
0
0
0
2
0
4
1
1
0
0
0
1
0
2
1
0
0
0
0
1
0
2
0
1
3
0
1
0
0
1
0
1
1
1
3
0
0
1
0
0
3
0
3
1
1
0
0
0
0
3
1
1
1
0
0
0
0
1
0
0
3
0
0
0
1
2
0
0
1
2
0
0
0
0
0
1
2
0
0
1
0
0
1
0
1
0
0
1
1
1
2
0
1
1
0
1
1
0
1
1
0
0
2
0
0
0
1
0
2
1
0
0
2
1
0
0
0
0
1
2
2
1
1
1
0
2
2
1
0
3
3
4
1
0
1
1
1
0
5
1
1
2
1
3
0
2
0
1
0
2
3
1
1
0
2
2
1
1
3
2
2
0
0
2
3
1
2
3
1
1
2
3
0
0
2
2
3
0
0
2
1
1
1
1
2
3
1
0
1
2
0
2
0
1
2
1
0
0
2
0
0
1
0
1
0
1
0
0
0
1
1
1
2
0
0
1
1
1
1
3
0
1
2
0
1
0
3
0
1
3
1
0
1
0
2
2
2
0
1
0
0
2
0
1
1
0
0
1
1
2
2
1
0
0
1
2
1
0
2
0
1
1
0
0
1
1
2
3
2
1
2
1
0
0
1
1
0
0
2
1
1
1
1
0
0
3
0
0
0
2
0
0
0
0
1
0
1
0
2
0
0
0
2
1
1
1
0
1
0
1
0
5
0
1
0
1
1
0
0
0
1
1
0
1
0
1
0
0
1
2
3
0
0
2
0
1
4
0
0
0
0
0
2
1
0
0
1
0
1
0
0
1
0
0
2
0
0
0
0
1
0
1
1
2
2
1
1
0
2
0
3
1
0
2
1
0
2
1
0
0
1
0
0
0
0
1
0
0
0
1
2
2
1
0
0
1
1
0
0
1
3
3
1
1
2
1
4
1
1
1
0
0
1
0
2
1
1
1
2
0
0
2
1
2
1
0
0
0
2
0
0
0
1
1
0
0
1
0
1
2
0
0
1
1
0
2
2
2
1
0
1
0
2
2
1
0
3
0
1
3
2
0
0
0
0
0
1
2
0
0
0
0
2
2
0
0
1
0
3
0
2
1
2
3
0
0
4
1
1
0
1
2
0
1
1
0
1
1
0
1
1
1
1
0
0
1
1
0
0
0
2
0
1
0
0
0
2
1
0
0
0
2
1
0
0
1
2
1
0
1
1
1
1
0
1
2
0
1
1
0
0
1
3
0
1
0
0
0
0
4
3
1
3
2
1
3
2
0
0
0
2
0
0
0
0
0
3
1
1
0
0
0
1
0
2
0
1
2
0
0
1
2
1
0
0
0
0
0
0
1
2
4
0
1
0
1
2
0
1
2
0
0
0
1
5
2
1
0
0
1
1
0
0
1
1
2
1
1
0
1
0
2
0
0
0
1
1
0
1
0
0
1
1
0
3
1
0
1
0
0
1
0
0
0
0
1
3
0
0
1
0
2
1
1
1
0
2
1
1
0
1
0
0
0
0
1
0
1
0
0
1
2
1
0
1
0
0
0
2
1
1
1
2
0
1
1
2
0
0
0
0
1
2
0
1
0
0
2
0
0
0
0
1
1
2
1
0
0
0
0
0
0
0
0
1
0
1
0
1
2
0
0
0
1
1
0
0
1
0
0
0
0
2
0
0
2
0
0
0
0
0
2
0
0
0
1
0
0
0
1
0
0
0
0
1
0
1
0
0
1
1
0
0
2
1
0
0
1
0
0
1
0
0
0
2
1
1
0
2
0
1
2
2
1
2
1
0
3
0
3
2
0
1
0
0
0
0
0
2
1
0
0
2
1
0
1
0
0
0
1
0
0
0
2
1
0
0
1
1
0
1
2
0
0
0
0
0
0
1
0
0
1
0
1
2
1
0
0
1
1
0
3
2
1
0
1
1
0
1
0
1
3
0
0
0
0
0
2
1
1
1
1
2
2
0
0
0
3
4
2
0
1
0
0
1
1
1
0
3
1
1
0
2
2
1
1
0
0
0
1
0
0
2
1
2
0
0
1
0
0
1
1
1
2
2
0
1
0
1
2
4
1
0
0
2
0
0
0
4
2
1
1
3
1
2
2
1
2
3
0
0
1
0
0
1
1
4
1
0
1
1
1
2
0
0
1
2
3
2
6
1
1
3
4
6
3
3
4
3
0
2
3
1
6
3
4
1
7
3
10
2
4
3
6
7
5
6
4
1
6
7
5
6
5
8
4
8
6
10
6
5
17
17
14
11
7
12
10
10
12
8
7
8
9
14
12
9
15
7
16
12
12
16
9
10
13
9
6
9
11
16
9
12
10
10
6
11
8
10
15
11
9
6
7
10
5
8
7
5
8
6
6
7
6
11
11
8
8
4
10
6
6
9
5
7
5
7
3
4
4
5
3
3
4
5
1
4
1
3
5
7
2
1
0
0
3
2
1
3
2
0
4
3
1
2
2
1
4
1
4
2
1
2
5
3
2
3
0
1
2
3
0
0
1
1
0
0
1
3
1
1
0
1
1
1
0
0
0
0
1
2
0
0
1
0
0
0
0
0
0
0
0
2
0
1
1
1
0
3
1
2
1
1
2
1
0
0
3
1
1
1
0
0
1
1
2
0
0
2
0
0
0
1
0
2
0
0
1
0
0
0
1
1
0
2
1
1
1
0
0
0
2
0
1
0
0
1
0
0
0
0
0
1
0
0
1
0
0
2
0
0
0
1
0
1
0
0
1
1
0
1
1
1
2
0
0
0
0
1
0
2
1
1
1
0
0
2
0
0
0
1
1
0
0
0
0
0
0
0
0
0
0
1
0
0
1
1
0
0
1
0
1
1
0
0
0
1
0
0
2
0
1
0
0
1
1
0
1
1
0
0
0
1
0
2
0
1
3
1
0
0
0
1
0
1
0
0
0
0
0
0
1
0
0
0
0
1
0
1
0
0
2
0
0
0
1
2
1
1
0
1
2
0
0
0
1
0
1
0
2
2
0
1
1
2
1
3
0
1
1
0
0
1
0
0
0
2
0
1
0
0
0
0
1
0
0
0
0
1
1
0
0
0
1
1
0
1
0
1
1
2
0
0
0
0
0
1
0
0
0
0
1
1
0
0
0
0
0
0
0
1
0
0
2
0
1
0
1
0
1
0
1
1
1
1
1
0
2
0
1
0
1
0
0
0
1
2
2
0
1
2
1
1
0
1
0
0
0
2
0
0
1
1
0
2
1
0
0
1
0
0
0
0
0
1
2
1
2
0
1
0
0
0
0
0
0
0
0
0
0
2
0
0
0
0
0
0
1
2
2
0
0
0
0
1
1
0
2
1
1
0
0
0
0
1
1
0
0
0
0
0
0
0
2
0
0
1
0
1
0
1
1
1
1
2
0
1
0
2
0
0
0
0
0
0
0
1
1
2
0
0
0
3
0
0
0
1
0
0
1
2
1
0
0
1
1
1
0
0
2
2
1
0
0
1
0
0
0
0
1
0
0
1
2
3
1
0
2
0
1
2
0
0
0
1
0
3
0
1
0
0
0
1
1
0
0
0
0
0
0
0
0
0
1
0
1
0
0
0
1
0
0
1
1
0
0
0
0
0
1
1
1
0
0
1
0
0
0
1
0
0
0
0
2
0
0
1
1
2
0
0
1
0
0
1
0
1
0
0
0
0
1
0
0
2
0
1
0
0
0
2
0
0
0
0
1
0
1
0
0
0
1
0
0
1
1
1
1
0
0
0
1
0
0
0
2
0
0
0
1
0
0
0
0
0
0
0
1
0
0
0
0
0
0
0
0
0
1
0
0
0
0
0
0
2
0
0
0
1
1
1
1
0
0
0
0
0
1
1
0
0
0
1
1
0
0
1
1
0
0
1
0
0
1
1
2
0
0
2
0
0
0
0
0
0
0
0
0
1
0
1
0
1
1
0
1
0
0
0
0
1
0
0
0
2
0
2
1
1
0
1
1
1
0
0
0
0
0
0
1
1
0
0
2
1
0
2
1
0
0
1
0
1
1
1
1
0
1
0
0
0
1
0
0
0
0
0
0
1
1
0
1
1
1
1
0
0
1
2
0
1
0
0
1
1
1
0
0
1
2
0
0
1
0
2
0
0
1
0
1
1
1
1
1
0
1
0
0
1
2
0
2
0
0
1
1
0
0
0
0
0
0
1
0
1
0
0
1
0
0
0
0
1
0
2
0
0
0
1
0
0
0
0
0
0
1
0
0
0
1
0
0
0
0
0
0
0
0
0
0
2
0
0
0
0
0
0
0
1
0
0
0
0
0
0
2
0
0
0
1
1
0
1
0
0
1
0
0
0
0
0
1
0
0
0
0
0
1
0
0
0
0
1
1
1
0
0
0
2
1
1
0
1
0
0
0
1
0
0
1
0
0
0
1
0
0
0
0
0
0
0
0
0
0
1
1
0
0
0
0
1
0
0
0
0
0
0
1
1
0
0
0
0
0
0
0
0
0
0
0
0
0
0
0
0
0
0
0
0
0
0
0
0
0
0
0
0
0
0
0
0
0
0
0
0
0
0
0
0
0
0
0
0
0
0
0
0
0
0
0
0
0
0
0
0
0
0
0
0
0
0
0
0
0
0
0
0
0
0
0
0
0
0
0
0
0
0
0
0
0
0
0
0
0
0
0
0
0
0
0
0
0
0
0
0
0
0
0
0
0
0
0
0
0
0
0
0
0
0
0
0
0
0
0
0
0
0
0
0
0
0
0
0
0
0
0
0
0
0
0
0
0
0
0
0
0
0
0
0
0
0
0
0
0
0
0
0
0
0
0
0
0
0
0
0
0
0
0
0
0
0
0
0
0
0
0
0
0
0
0
0
0
0
0
0
0
0
0
0
0
0
0
0
0
0
0
0
0
0
0
0
0
0
0
0
0
0
0
0
0
0
0
0
0
0
0
0
0
0
0
0
0
0
0
0
0
0
0
0
0
0
0
0
0
0
0
0
0
0
0
0
0
0
0
0
0
0
0
0
0
0
0
0
0
0
0
0
0
0
0
0
0
0
0
0
0
0
0
0
0
0
$ROI:
0
0
$PRESETS:
Live Time
0
0
