$SPEC_ID:

$SPEC_REM:
DET# 1
DETDESC# MCB 25
AP# ORCA (11.0h)
$DATE_MEA:
2017-08-13 12:03:46 +0000
$MEAS_TIM:
3501.86 4320.00
$DATA:
0 16383
0
0
0
0
0
0
0
0
0
0
0
0
0
0
0
0
0
0
0
0
0
0
0
0
0
0
0
0
0
0
0
0
0
0
0
0
0
0
0
0
0
0
0
0
0
0
0
0
0
0
0
0
0
0
0
0
0
0
0
0
0
0
0
0
0
0
0
0
0
0
0
0
0
0
0
0
0
0
0
0
0
0
0
0
0
0
0
0
0
0
0
0
0
0
0
0
0
0
0
0
0
0
0
0
0
0
0
0
0
0
6
34
1221
8538
15437
14977
13928
13002
12876
12588
12681
12888
12741
12997
13177
13498
13593
13689
13821
13964
13942
14162
14241
14254
14257
14042
14255
14170
14039
14054
14217
13854
14002
13843
13762
13899
13874
13826
13456
13707
13670
13657
13575
13227
13334
13338
13172
13394
13028
13138
13078
13362
13061
13035
13254
12910
13101
12806
13113
12923
12975
12902
12716
12736
12726
12679
12639
12625
12634
12495
12513
12549
12674
12376
12577
12519
12279
12534
12641
12072
12201
12283
12251
12214
12203
12089
12267
12069
12232
12200
12075
12116
11988
12128
12009
11961
11875
11855
11938
11856
11733
11677
12006
12012
11783
11715
11859
11896
11648
11657
11640
11505
11580
11637
11481
11479
11562
11489
11609
11506
11319
11593
11401
11491
11413
11369
11197
11422
11271
11335
11329
11387
11276
11329
11318
11167
11150
11184
11160
11261
11388
11284
10929
11165
10882
11116
11190
11000
10961
11110
10797
10926
11047
11073
10970
11039
11053
10904
10927
10891
10611
10784
10734
10771
10910
10992
10939
10710
10728
10712
10664
10850
10672
10532
10587
10843
10656
10718
10774
10535
10679
10430
10612
10448
10675
10671
10454
10496
10471
10390
10489
10566
10470
10439
10595
10505
10608
10396
10475
10382
10463
10519
10575
10391
10313
10457
10467
10214
10193
10284
10256
10241
10258
10315
10374
10295
10235
10255
10234
10159
10275
10399
10388
10161
10220
10188
10155
10306
10095
10146
10203
9983
10026
10130
9996
9957
10138
10127
10056
10152
9989
10125
10132
9971
10063
9948
9940
9852
9907
9942
9852
9922
9949
10014
9961
10013
9912
9836
10074
9940
9731
9787
9848
9927
9805
9872
9795
9949
9729
9861
9799
9744
9699
9837
9854
9767
9625
9690
9712
9917
9808
9781
10003
9874
9757
9642
9792
9796
9662
9587
9643
9722
9631
9586
9766
9642
9717
9580
9644
9654
9619
9693
9667
9413
9742
9643
9497
9645
9467
9589
9425
9745
9451
9620
9579
9431
9595
9436
9377
9407
9370
9449
9527
9425
9448
9608
9402
9555
9374
9501
9259
9340
9404
9584
9539
9273
9327
9273
9439
9265
9283
9344
9435
9283
9418
9409
9420
9457
9349
9251
9345
9425
9391
9360
9438
9282
9276
9077
9245
9366
9390
9158
9274
9385
9392
9169
9219
9265
9128
9201
9215
9281
9361
9022
9035
9178
9256
9097
9281
9147
9279
9286
9226
9276
9194
9208
9073
9166
9323
9087
8891
9066
8936
9069
9066
9145
9166
8995
9208
8996
9128
9134
8992
9244
8983
9011
9048
8922
9148
8941
9160
9042
9191
8930
9024
9045
9124
8995
9190
8941
8987
8888
9024
9092
8925
8969
8906
9014
8820
8881
8881
8919
9025
9159
8848
9027
8942
8910
9060
8936
8861
8914
8856
9000
8994
8898
8703
9071
8819
8911
8835
8894
8880
8896
8854
8920
8676
8779
8940
9041
8718
8815
8827
8880
8679
8837
8761
8678
8658
8643
8779
8723
8705
8737
8723
8644
8816
8832
8490
8746
8622
8784
8749
8597
8856
8594
8769
8694
8773
8654
8779
8637
8821
8925
8545
8489
8622
8696
8636
8541
8639
8564
8632
8560
8699
8593
8753
8503
8541
8634
8531
8620
8687
8849
8662
8554
8410
8511
8601
8628
8605
8619
8629
8429
8513
8632
8643
8475
8490
8631
8510
8517
8601
8491
8560
8416
8551
8693
8623
8448
8577
8470
8368
8588
8592
8577
8407
8419
8667
8415
8343
8558
8568
8673
8479
8494
8348
8484
8414
8546
8487
8563
8511
8543
8340
8411
8636
8446
8459
8643
8327
8482
8524
8477
8417
8666
8452
8541
8382
8443
8547
8413
8529
8542
8518
8549
8409
8390
8501
8324
8557
8294
8220
8472
8379
8498
8592
8406
8540
8311
8479
8360
8528
8274
8438
8366
8463
8393
8501
8303
8492
8236
8331
8441
8500
8403
8498
8425
8435
8327
8596
8409
8506
8407
8409
8566
8421
8502
8462
8411
8606
8491
8440
8458
8328
8539
8344
8489
8475
8550
8300
8445
8589
8549
8489
8437
8482
8375
8482
8385
8227
8321
8482
8555
8464
8398
8551
8408
8639
8570
8514
8605
8622
8541
8548
8608
8724
8524
8677
8580
8537
8992
8835
8780
8833
8952
9180
8984
9102
9293
9468
9243
9382
9433
9515
9872
9766
9863
9869
9803
10078
10229
10139
10089
10162
10187
10378
10486
10667
10764
10835
10701
10939
11044
11216
11021
11023
11150
11399
11408
11445
11239
11376
11662
11542
11691
11592
11732
11581
11631
11973
11762
11768
12056
12278
12142
12198
12353
12203
12406
12327
12568
12720
12879
13052
13552
13555
13998
14242
14386
14650
14871
14475
14242
14018
13904
13584
13563
13246
13130
12803
12719
12628
12492
12433
12189
12174
11662
11681
11388
10999
11340
11096
10941
10595
10488
10407
10248
9962
9918
9508
9555
9471
9443
9166
9122
9226
9063
8944
8540
8382
8735
8437
8561
8538
8450
8319
8282
8228
8254
8096
8290
8107
8270
8201
8260
8128
7913
8123
8096
8045
8193
8221
8087
8099
8034
8074
7938
8132
8048
8273
8109
7982
8149
8091
8293
8188
8051
8137
8283
8069
8211
8135
8347
8197
8170
8237
8145
8240
8414
8031
8227
8199
8145
8343
8209
8168
8271
8134
8164
8398
8278
8482
8298
8253
8210
8212
8370
8500
8348
8287
8478
8277
8238
8310
8380
8378
8447
8291
8426
8391
8385
8367
8341
8433
8399
8341
8499
8534
8556
8478
8474
8423
8674
8550
8420
8464
8556
8473
8607
8678
8671
8492
8618
8537
8708
8459
8435
8636
8482
8668
8552
8657
8666
8564
8509
8688
8620
8672
8642
8733
8691
8735
8947
8637
8821
8823
8781
8711
8667
8849
8822
8840
8795
8772
8812
8883
8885
8935
9061
8846
8827
8747
8972
9022
8865
8811
9053
8902
8915
9087
8869
9055
8868
9092
8968
9045
9057
8965
8934
9058
8983
8893
8935
9111
9137
9079
9182
9201
9111
9035
9065
9124
9244
8981
9358
9248
9252
9140
9047
9240
9146
9127
9348
9207
9401
9455
9258
9248
9233
9358
9296
9271
9312
9437
9219
9329
9271
9499
9437
9431
9533
9422
9438
9418
9443
9372
9350
9313
9546
9422
9404
9556
9408
9675
9428
9442
9566
9730
9670
9634
9812
9719
9580
9492
9516
9575
9547
9546
9692
9626
9550
9657
9615
9667
9544
9788
9766
9572
9488
9816
9805
9733
9704
9871
9884
9762
9795
9751
9883
9664
9697
9687
9875
9552
9749
9818
9817
9954
9659
9802
9994
9922
9859
10025
9807
9945
10039
9879
10080
9874
9993
9823
9794
10082
10022
9924
9989
9815
9920
10014
10075
10011
9888
10161
10079
10256
9886
10115
10156
9922
10090
10065
10140
10063
10117
10105
10215
10266
10151
10115
10179
10024
10082
10122
9958
10110
10030
10253
10311
10240
10149
10264
10186
10181
10337
10361
10295
10299
10433
10242
10419
10264
10360
10369
10402
10422
10323
10245
10371
10301
10360
10555
10322
10461
10374
10181
10287
10342
10423
10256
10503
10415
10386
10591
10498
10536
10531
10395
10279
10567
10501
10402
10498
10339
10291
10675
10584
10578
10729
10458
10506
10581
10583
10671
10456
10476
10556
10497
10851
10563
10666
10574
10592
10559
10711
10703
10575
10744
10449
10768
10889
10700
10597
10562
10693
10595
10753
10876
10697
10623
10808
10651
10897
10632
10768
10824
10786
10735
10822
10690
10590
10866
10892
10946
10910
10783
10917
10893
10758
10918
10954
10882
11005
10986
10935
10877
11061
10874
11162
11006
10920
10705
10782
10928
11025
11091
11012
11290
10965
10859
11007
10858
11114
11157
10929
11051
11058
11062
11140
11157
11003
11221
11223
11118
11074
11172
11125
10981
11160
11312
11012
11326
11105
11298
11014
11446
11214
11211
11377
11176
11428
11194
11455
11299
11370
11277
11381
11284
11392
11190
11357
11538
11495
11302
11337
11776
11380
11446
11408
11358
11387
11570
11630
11459
11398
11698
11500
11467
11515
11673
11478
11448
11723
11704
11489
11474
11529
11735
11449
11490
11484
11676
11938
11508
11734
11603
11730
11621
11830
11646
11921
11821
11544
11796
11638
11823
11719
11910
11943
11825
11898
11929
12187
12010
11724
11786
12095
12149
12132
12111
12134
12025
12033
12115
12050
12128
11976
12219
12110
12189
12179
12235
12127
12058
12198
12401
12340
12055
12139
12420
12484
12327
12215
12335
12285
12282
12390
12407
12445
12378
12381
12343
12414
12134
12426
12233
12467
12439
12377
12369
12366
12669
12667
12381
12403
12464
12565
12635
12497
12512
12865
12624
12525
12523
12587
12434
12793
12521
12607
12655
12651
12654
12454
12650
12720
12602
12640
12705
12735
12802
12704
12807
12861
12462
12668
12939
12644
12664
12802
12926
12731
12800
12736
12677
12941
12742
12623
12845
12754
12808
12927
12830
13106
12855
13004
12861
12920
12855
13007
12990
13030
13078
13169
12976
13046
12870
13131
13153
12922
13200
13327
13238
13258
13284
13402
13356
13186
13286
13267
13535
13431
13101
13227
13195
13476
13408
13462
13338
13541
13644
13331
13331
13710
13630
13545
13429
13569
13707
13656
13680
13814
13557
13712
13608
13693
13688
13741
13653
13960
13821
14044
14096
13978
13802
13859
14067
13839
14058
13929
13839
14027
13938
13931
13953
14090
14111
14212
14034
14058
14060
14221
13983
14116
14043
13916
13885
13924
14066
14010
13909
14010
14217
14171
13997
14050
14279
14316
14202
14253
14189
14195
14276
14177
14233
14462
14269
14113
14176
14306
14200
14052
14350
14496
14299
14176
14480
14232
14352
14338
14415
14159
14460
14229
14477
14496
14538
14434
14463
14404
14350
14499
14749
14586
14652
14223
14668
14361
14370
14351
14466
14584
14401
14557
14355
14455
14506
14562
14586
14265
14839
14682
14642
14377
14558
14706
14578
14599
14675
14459
14571
14969
14744
14639
14872
14909
15025
14813
14921
14975
15094
14888
14612
14755
14621
14672
14798
14449
14660
14653
14353
14816
14470
14518
14462
14142
14388
14275
14114
14187
14084
14183
14030
14129
13990
13767
13709
13790
13851
13493
13573
13399
13513
13496
13581
13306
13379
13464
13358
13179
13278
13204
13266
13263
13017
13230
13319
13301
13221
12858
13281
12991
13211
13119
13104
13229
13140
12867
13020
13010
12883
13006
13047
13050
12880
13075
12897
12869
13005
12949
12990
12783
12993
12839
12898
12924
12869
12816
12702
12963
13023
13017
12875
12941
12949
12741
13028
12766
12891
12706
12669
12777
12683
12993
12664
12637
12745
12721
12607
13080
12864
12827
12590
12684
12566
12653
12770
12702
12766
12552
12629
12601
12492
12504
12389
12527
12666
12688
12600
12373
12449
12858
12699
12423
12686
12525
12506
12478
12371
12421
12460
12228
12446
12497
12393
12486
12729
12554
12451
12619
12391
12210
12337
12347
12574
12365
12430
12470
12486
12392
12380
12275
12349
12582
12217
12416
12378
12291
12208
12373
12278
12348
12322
12178
12356
12388
12371
12316
12180
12320
12180
12278
12186
12413
12296
12322
12352
12235
12225
12402
12311
12314
12132
12136
12204
12219
12160
12157
12169
12141
12290
12048
12120
12448
12168
12088
12143
12149
12176
12184
11995
12212
12214
12170
12231
12137
12158
12339
12169
12096
12136
12053
12054
11869
12095
11894
12097
11728
11860
12049
12049
11947
12081
12341
12039
11975
11956
11977
12108
12084
11914
12076
11942
11980
11864
12122
11777
12026
11771
11935
12053
12024
11961
11821
11812
11897
11858
12041
11939
12150
12004
12027
11969
11753
11948
11912
11780
11842
12007
11914
11965
11864
11855
11774
11829
11900
11871
11604
11935
11746
11843
12014
11795
11739
11707
11839
11835
11953
11752
11600
11742
12119
11933
11928
11670
11933
11754
11787
11599
11875
11667
11702
11709
11751
11826
11671
11811
11712
11801
11689
11760
11771
11848
11747
11775
11753
11636
11764
11642
11546
11772
11749
11731
11604
11678
11547
11513
11688
11632
11581
11680
11662
11290
11852
11719
11670
11710
11540
11688
11738
11541
11598
11467
11597
11737
11546
11646
11638
11434
11834
11482
11507
11609
11521
11485
11776
11356
11564
11612
11547
11574
11462
11550
11478
11715
11634
11411
11573
11583
11584
11501
11596
11530
11396
11461
11564
11569
11492
11452
11549
11542
11432
11504
11575
11473
11491
11468
11541
11269
11425
11213
11301
11444
11396
11491
11489
11351
11193
11297
11369
11334
11310
11424
11164
11570
11447
11268
10965
11263
11418
11177
11180
11152
11113
11455
11215
11373
11450
11105
11215
11092
11306
11211
11287
11192
11309
11352
11147
10951
11061
11252
11065
11244
11164
10965
11033
11163
11217
11047
11056
11043
11022
10954
10937
11014
11038
10851
11011
11131
11012
10824
10863
10931
10915
10733
10920
10990
10892
10629
10515
10775
10595
10725
10598
10702
10666
10537
10622
10579
10555
10512
10591
10518
10528
10419
10292
10527
10403
10331
10334
10304
10227
10326
10165
10101
10259
10111
10132
10193
10016
9990
9932
10080
9648
9994
9948
9847
9969
9928
9864
9812
9913
9741
9831
9632
9626
9779
9673
9694
9647
9581
9544
9502
9351
9505
9531
9448
9360
9465
9386
9324
9343
9360
9278
9211
9196
9172
9089
9187
9095
9110
9106
9060
9063
9058
8896
8992
8861
9083
9020
8924
9200
8990
8913
8880
8906
8722
8856
8743
8883
9068
8895
8816
8865
8823
8905
8698
8644
8772
8598
8773
8574
8672
8765
8528
8496
8545
8696
8744
8734
8645
8649
8485
8615
8471
8577
8449
8495
8452
8485
8590
8482
8457
8482
8445
8322
8623
8431
8297
8492
8372
8460
8359
8339
8507
8275
8545
8501
8510
8385
8306
8399
8511
8463
8348
8507
8448
8390
8323
8551
8560
8438
8529
8317
8543
8525
8484
8532
8487
8535
8425
8382
8403
8511
8482
8612
8663
8642
8596
8478
8523
8529
8467
8691
8401
8559
8606
8636
8597
8404
8441
8432
8603
8795
8434
8565
8490
8538
8737
8430
8629
8567
8436
8629
8857
8719
8803
8681
8793
8731
8851
8750
8723
8667
8653
8732
8647
8602
8540
8490
8715
8485
8420
8221
8406
8552
8318
8264
8243
8199
8218
8157
8097
7964
7883
8130
7944
7975
7785
7678
7890
7809
7811
7684
7721
7642
7797
7461
7542
7567
7414
7633
7496
7505
7672
7575
7434
7441
7532
7597
7304
7502
7371
7326
7327
7496
7340
7366
7391
7385
7390
7404
7308
7305
7329
7487
7261
7279
7225
7261
7257
7279
7169
7418
7202
7158
7114
7291
7305
7093
7366
7165
7203
7176
7198
7185
7171
7119
7204
7138
7160
7099
7141
7179
6984
7086
7187
6893
7146
7116
7058
7202
7007
6915
7025
6989
7055
7150
7064
6962
6826
7028
6869
6896
6976
6715
6722
7109
7031
6790
6844
6907
6700
6948
7036
6870
6891
6912
6766
6837
6829
6845
6907
6853
6881
6797
6805
6799
6841
6864
6779
6684
6943
6745
6794
6781
6798
6669
6701
6684
6795
6587
6811
6812
6518
6739
6714
6783
6611
6746
6743
6805
6700
6708
6563
6637
6677
6688
6576
6768
6669
6658
6632
6635
6649
6691
6636
6525
6548
6490
6622
6444
6639
6761
6632
6597
6616
6574
6478
6602
6673
6564
6506
6453
6499
6507
6388
6441
6603
6482
6446
6502
6612
6626
6483
6508
6530
6505
6510
6460
6457
6448
6514
6521
6491
6450
6360
6368
6515
6420
6427
6224
6313
6440
6298
6339
6297
6422
6319
6388
6342
6328
6258
6194
6256
6471
6318
6277
6163
6398
6309
6335
6221
6273
6246
6310
6338
6142
6238
6253
6389
6290
6297
6323
6305
6300
6261
6262
6171
6127
6232
6206
6203
6053
6223
6154
6286
6309
6213
5999
6132
6030
6175
6294
5991
6289
6197
6101
6200
6050
6169
6013
6134
6104
6052
6090
6097
6076
6018
6081
6087
6111
6015
6079
6093
6123
6082
6007
6082
5976
6068
6005
6016
5994
6065
6006
6030
6051
5979
6023
5932
6035
5977
5849
6048
5937
6012
6125
5970
6129
6037
6000
5952
5964
6022
5819
5945
6019
6041
5906
5886
5915
6000
5943
5871
6012
5941
5828
5893
5909
6006
5992
5962
6059
5898
5914
5924
5984
5899
5845
5934
5871
5856
5729
5917
5875
5786
5974
5891
5864
5925
5795
5716
5774
5839
5754
5859
5829
5934
5839
5836
5893
5904
5844
5851
5925
5741
5874
5785
5759
5837
5859
5889
5853
5729
5797
5832
5790
5799
5788
5844
5792
5744
5754
5705
5865
5767
5783
5774
5773
5746
5671
5758
5764
5700
5716
5745
5710
5721
5570
5701
5696
5615
5571
5607
5618
5655
5538
5519
5595
5688
5765
5640
5645
5730
5684
5579
5663
5685
5660
5650
5631
5565
5574
5693
5615
5634
5696
5634
5560
5626
5655
5687
5536
5742
5617
5584
5623
5574
5742
5577
5537
5571
5726
5536
5659
5581
5713
5614
5542
5636
5501
5664
5561
5516
5527
5602
5562
5557
5505
5593
5667
5545
5635
5677
5668
5746
5637
5746
5712
5977
5922
5903
6065
6047
6112
6112
6337
6533
6563
6695
6720
6794
7004
7140
7225
7158
7688
7720
7896
8061
8303
8364
8638
8725
9087
9099
9363
9715
9658
10021
10177
10523
10264
10661
10944
10842
11165
11488
11381
11627
11801
11862
12004
11944
12082
12319
12294
12644
12533
12817
12865
13010
13152
13353
13393
13699
13831
13890
14182
14575
14778
15139
15136
15899
16142
16479
16696
17181
17407
17718
17887
17530
17936
17951
17686
17589
17599
17119
16978
16684
16464
15865
15524
15177
14689
14269
13865
13362
12959
12748
12224
11887
11408
10755
10471
10206
9864
9403
9028
8718
8466
8105
7801
7466
7337
7218
6752
6651
6603
6303
6265
6019
5920
5774
5740
5589
5487
5332
5367
5206
5087
5369
5129
5221
5096
4974
5101
4933
5057
4941
5006
4960
4988
5031
4772
4943
4764
4899
4992
4875
4842
4911
4909
4947
4854
4938
4763
4860
4785
4726
4840
4833
4905
4777
4771
4884
4801
4844
4831
4766
4802
4853
4939
4762
4723
4806
4724
4829
4830
4858
4787
4758
4828
4886
4843
4833
4862
4691
4716
4771
4928
4806
4843
4788
4738
4803
4836
4845
4843
4864
4778
4755
4767
4807
4897
4718
4746
4715
4760
4574
4724
4814
4685
4699
4796
4800
4750
4730
4892
4665
4729
4703
4755
4661
4807
4885
4760
4787
4748
4779
4701
4801
4751
4830
4905
4752
4644
4881
4756
4747
4694
4707
4854
4627
4759
4928
4833
4624
4729
4680
4842
4753
4840
4791
4739
4854
4727
4930
4869
4784
4825
4741
5017
4669
4795
4823
4664
4781
4868
4809
4795
4789
4795
4880
5075
4845
5193
5195
5073
5138
5066
5209
5329
5388
5557
5712
5861
6136
6030
6573
6470
6731
7040
7204
7561
7843
8273
8512
8938
9220
9502
10020
10130
10542
11256
11609
12225
12485
13026
13236
13932
14274
14688
14954
15641
16253
16270
16882
17151
17462
17730
18461
18694
19061
19500
19859
20086
20300
20468
20796
21395
21502
22059
22325
22573
22972
23004
23660
24104
24369
24565
25100
25745
26235
26792
27393
27609
28932
29491
30394
31289
32033
32718
33124
33654
34100
34213
34279
34059
34158
33505
32855
32350
31718
30605
30260
29397
28707
27581
26405
25438
24544
23290
22428
21468
20320
19487
18457
17635
16451
15354
14960
14096
12903
12462
11789
11113
10484
9899
9083
8917
8318
7782
7372
7119
6700
6375
6206
5830
5596
5303
5269
4820
4885
4709
4581
4517
4278
4267
4235
4045
4011
3989
3994
3969
3794
3897
3764
3805
3807
3722
3704
3651
3725
3777
3827
3614
3645
3703
3594
3650
3585
3531
3633
3678
3543
3611
3574
3629
3557
3599
3616
3712
3565
3488
3581
3546
3522
3600
3450
3502
3598
3519
3640
3622
3505
3514
3373
3530
3466
3465
3480
3537
3352
3499
3512
3445
3559
3519
3479
3561
3513
3604
3662
3488
3494
3444
3445
3474
3563
3473
3556
3456
3517
3458
3409
3534
3509
3542
3451
3483
3516
3579
3617
3423
3506
3401
3546
3376
3404
3422
3507
3457
3546
3535
3469
3563
3414
3492
3350
3441
3372
3596
3384
3373
3391
3401
3532
3535
3475
3445
3418
3330
3472
3483
3453
3455
3364
3512
3449
3457
3491
3522
3463
3305
3396
3355
3446
3452
3431
3370
3425
3434
3489
3341
3366
3272
3356
3298
3417
3442
3394
3359
3342
3355
3469
3315
3317
3337
3309
3278
3488
3426
3390
3306
3235
3352
3281
3142
3415
3440
3246
3331
3419
3327
3430
3330
3350
3491
3406
3393
3304
3311
3379
3432
3326
3464
3323
3320
3347
3196
3372
3367
3386
3366
3364
3402
3263
3259
3300
3220
3256
3296
3277
3397
3294
3267
3295
3282
3255
3282
3290
3340
3316
3375
3303
3341
3252
3235
3292
3278
3414
3359
3317
3388
3334
3272
3326
3268
3293
3253
3356
3244
3252
3332
3260
3263
3264
3273
3347
3366
3221
3207
3391
3292
3235
3330
3254
3269
3361
3274
3218
3248
3283
3188
3314
3318
3256
3300
3233
3217
3321
3288
3198
3247
3244
3268
3210
3220
3195
3304
3346
3183
3181
3205
3220
3137
3245
3295
3295
3267
3194
3211
3253
3351
3289
3255
3306
3301
3282
3235
3244
3280
3288
3214
3305
3261
3199
3277
3253
3281
3263
3191
3298
3200
3351
3139
3368
3183
3215
3244
3188
3223
3272
3200
3255
3167
3321
3292
3275
3357
3158
3259
3260
3071
3230
3232
3214
3266
3152
3229
3177
3228
3240
3260
3201
3237
3163
3272
3271
3176
3292
3151
3169
3207
3225
3259
3197
3186
3152
3338
3314
3208
3203
3290
3200
3343
3224
3257
3190
3273
3236
3294
3301
3280
3241
3217
3258
3271
3170
3290
3309
3109
3232
3352
3231
3358
3316
3284
3216
3321
3325
3311
3300
3277
3277
3258
3358
3235
3293
3336
3279
3147
3273
3362
3307
3267
3396
3378
3333
3316
3368
3509
3386
3357
3298
3370
3351
3567
3346
3479
3340
3439
3402
3475
3418
3580
3626
3522
3573
3558
3737
3753
3882
3787
3872
3987
4036
4180
4372
4460
4660
4963
5224
5493
5804
6059
6467
6786
7460
7976
8624
9146
9609
10474
11056
11827
12658
13508
14681
15604
16535
17726
18948
19910
21112
22234
23694
24548
26167
27408
28796
30020
31578
32783
34171
35278
36795
37746
39147
40207
41482
42452
44426
45031
45992
46889
48254
49670
50171
51406
52216
52765
53674
55335
56215
57105
57904
59493
60299
61022
62281
63486
65176
66181
67794
70101
71349
73501
75559
77744
79191
81415
82429
84217
86094
86789
87904
88056
88455
87735
87854
86242
84925
82994
81207
79548
77182
74481
72467
69575
66598
64442
60899
57896
54784
52590
49175
46199
43423
41170
37873
35439
33033
30795
28659
26534
24241
22200
20634
18817
17436
15684
14567
13095
11960
10978
10023
9093
8308
7608
6728
6211
5587
5168
4690
4305
3899
3625
3466
3217
2899
2757
2632
2314
2379
2112
2126
1902
1904
1795
1739
1674
1643
1594
1559
1498
1521
1472
1398
1423
1442
1319
1327
1380
1288
1235
1205
1246
1156
1240
1285
1200
1199
1257
1195
1165
1182
1199
1153
1145
1078
1171
1167
1089
1122
1107
1164
1101
1108
1096
1084
1098
1093
1070
1123
1192
1080
1113
1104
1135
1071
1046
1078
1066
1055
1078
1033
1086
1054
1087
1050
1015
1099
1039
1020
1053
1094
1066
1030
998
1079
977
997
960
957
1048
1103
1026
985
985
966
1026
985
1004
994
1018
1050
992
1003
990
929
1005
979
983
1041
924
952
979
1019
1015
967
981
979
933
943
992
916
974
985
985
937
949
894
963
898
994
955
967
917
969
997
1018
948
968
941
951
953
995
912
897
1016
1028
944
947
947
951
987
951
1034
1012
1012
998
978
1018
1029
1036
1075
1062
1118
1163
1118
1183
1257
1234
1289
1364
1404
1425
1535
1661
1662
1821
1878
2063
2066
2249
2281
2406
2629
2707
2800
2903
3165
3278
3356
3647
3805
4010
4157
4305
4462
4655
4821
5024
5222
5335
5368
5663
5758
6059
6143
6306
6417
6720
6922
7089
6864
7143
7383
7506
7547
7802
7707
7992
8029
8265
8416
8636
8741
8933
9149
9401
9413
9590
9839
10048
10268
10552
10831
10871
11241
11399
11746
11708
11948
12059
12207
12211
11983
11900
11983
11461
11495
11145
10923
10612
10308
10063
9752
9171
8711
8646
8166
7895
7423
6902
6643
6163
5858
5436
5070
4908
4530
4146
3829
3747
3318
3083
2949
2765
2480
2335
2276
2042
1841
1686
1614
1498
1523
1328
1266
1143
1097
1043
992
997
929
833
899
819
767
749
773
721
730
708
643
635
663
672
613
593
601
579
587
584
608
601
633
621
552
594
550
560
555
580
583
569
554
553
525
609
581
533
556
533
586
554
579
531
548
511
543
534
512
514
574
511
544
538
538
536
539
515
509
551
545
541
496
552
550
516
526
520
490
480
515
511
499
523
535
507
488
521
512
508
527
500
513
481
536
491
498
545
497
520
497
448
478
520
479
455
492
536
532
510
509
451
481
480
464
475
494
507
472
483
509
490
486
487
494
520
475
502
468
528
508
487
485
484
502
488
492
475
508
487
505
463
481
447
454
469
477
480
491
499
484
493
453
479
476
476
447
470
489
489
473
480
456
463
437
487
486
474
452
503
482
480
450
448
481
435
441
448
471
482
443
448
427
471
410
453
452
430
450
436
445
416
423
460
422
431
467
480
467
455
429
464
433
427
451
445
428
446
445
456
436
436
448
451
483
465
447
382
447
464
431
437
443
411
427
433
424
422
427
431
449
423
434
442
416
486
457
421
421
402
424
420
414
427
441
424
447
440
415
384
403
413
459
403
446
456
389
423
425
432
422
424
403
401
404
402
384
400
437
421
397
419
397
407
402
416
475
458
438
384
398
395
400
421
412
408
398
440
412
420
367
444
390
431
433
404
434
409
396
392
404
427
397
410
419
382
397
449
385
402
422
384
451
402
400
397
425
403
444
427
423
398
413
389
405
444
406
423
422
413
386
410
405
415
412
442
409
372
381
424
423
407
404
422
385
378
409
421
416
411
393
424
408
412
407
384
382
366
425
402
390
401
381
412
409
416
378
416
424
404
409
401
432
406
369
400
384
403
389
394
410
397
392
359
379
405
416
388
392
344
380
424
403
374
443
370
417
370
383
374
409
364
401
415
366
375
420
394
411
368
397
369
425
349
374
419
339
398
435
366
354
425
398
360
364
397
372
407
415
385
379
402
393
391
362
400
407
378
384
367
400
363
380
402
385
394
373
383
381
369
394
413
415
403
417
382
408
410
390
406
385
412
409
404
436
395
392
424
437
387
416
407
460
411
443
401
453
470
423
462
451
472
423
432
393
382
434
434
417
397
448
391
425
419
421
448
448
409
439
433
397
480
423
432
442
410
471
438
432
442
454
419
412
400
437
376
410
407
424
424
388
409
372
394
390
405
358
363
377
386
384
329
374
335
361
342
346
330
345
318
360
357
349
321
305
344
345
366
329
355
338
343
352
312
337
331
331
346
328
317
311
333
317
335
336
361
332
335
367
306
337
342
275
324
355
318
330
332
298
308
339
321
304
326
315
325
320
339
314
343
342
323
322
291
307
286
284
275
313
359
288
312
334
318
319
337
314
312
320
315
308
323
325
333
326
318
313
307
335
289
315
303
346
301
339
311
332
285
282
304
333
339
300
326
293
314
333
320
307
283
313
316
335
313
319
329
306
277
317
273
299
322
303
314
318
297
301
297
295
303
298
308
291
328
301
309
322
279
311
297
302
274
302
295
294
303
301
315
290
316
293
298
296
335
291
316
325
310
260
325
330
308
314
308
312
322
320
288
273
316
300
290
282
309
287
320
304
317
308
275
307
278
287
274
315
306
335
300
303
324
310
287
291
288
278
305
304
280
294
305
281
273
309
275
275
281
320
304
291
289
293
253
292
272
308
303
297
292
278
288
271
299
297
297
289
272
275
269
279
302
262
282
295
276
305
295
274
302
280
278
283
274
308
289
297
287
291
301
285
270
258
286
283
285
269
318
321
295
296
288
283
320
294
271
285
287
296
271
275
301
237
274
268
292
293
288
280
282
307
297
289
286
282
268
291
283
258
282
267
273
312
271
280
267
296
301
257
289
307
279
280
276
261
247
251
272
265
247
278
290
293
261
265
290
293
268
276
255
269
271
297
286
280
291
284
262
255
287
275
276
297
278
279
268
239
273
275
242
287
270
281
289
288
262
271
273
257
272
276
285
239
228
249
285
258
273
259
241
280
244
258
259
272
237
247
277
250
247
296
234
279
232
254
243
271
266
249
251
262
261
259
271
257
258
262
255
263
243
241
235
274
254
279
225
224
271
253
261
269
266
262
272
244
230
248
267
238
255
277
235
257
274
233
256
254
249
252
239
252
220
249
243
242
251
258
238
272
244
239
254
232
251
241
244
235
254
237
242
263
260
250
256
257
244
233
221
266
242
240
274
265
263
254
234
256
245
261
230
211
239
263
233
220
219
242
231
241
230
243
229
260
239
221
232
262
237
244
237
216
234
252
256
230
277
267
239
254
235
260
237
266
242
244
256
232
229
219
249
231
240
212
261
231
241
255
238
232
238
249
234
244
236
241
230
243
252
244
228
217
234
247
229
248
259
247
223
243
204
227
231
216
224
214
232
204
253
229
226
235
242
244
237
226
237
234
223
216
224
229
209
255
226
228
219
234
228
241
239
224
252
220
224
190
249
247
212
234
231
228
232
219
220
220
232
238
234
205
231
226
199
225
217
231
239
217
234
246
240
225
233
201
202
219
235
232
199
203
228
198
224
225
227
225
231
212
208
201
225
254
208
238
235
210
197
201
201
217
210
209
201
237
256
213
256
232
203
243
232
235
199
231
220
215
217
219
234
186
232
213
220
214
202
234
202
237
216
207
212
224
210
210
220
207
225
211
185
217
202
231
202
198
203
220
215
221
214
223
223
209
203
203
199
222
217
196
203
219
228
223
213
229
237
205
183
207
219
225
200
233
219
216
209
206
225
224
222
226
182
204
219
196
194
228
218
212
249
253
196
214
217
222
235
213
210
202
197
179
203
230
213
228
214
218
189
237
228
222
212
207
225
235
218
214
204
213
203
200
203
219
193
222
206
197
202
229
209
200
198
236
209
199
196
179
203
211
192
207
225
176
199
210
185
190
193
218
191
186
197
213
203
162
211
208
203
202
200
212
189
200
193
184
191
182
198
180
209
197
201
205
179
217
222
175
173
188
209
200
193
184
193
197
189
200
196
183
172
166
182
211
199
164
164
179
173
180
169
188
179
192
195
175
192
215
174
184
186
194
207
183
154
196
138
189
177
187
171
187
173
193
171
195
191
199
177
179
177
174
197
170
184
186
192
154
178
191
179
166
210
176
155
196
173
176
164
154
185
182
186
156
161
169
187
169
176
175
188
172
167
187
189
181
182
151
176
171
182
168
193
167
169
171
172
178
177
168
171
170
188
177
178
196
168
160
160
162
162
181
174
185
193
163
166
181
190
184
170
172
154
171
173
174
164
171
150
168
159
151
146
158
159
186
180
161
165
161
164
173
158
177
176
155
190
178
153
164
156
175
180
186
174
183
178
157
168
155
169
164
176
178
178
144
179
154
172
155
148
155
150
169
162
170
158
154
143
162
148
167
165
155
167
164
172
191
148
179
175
155
138
148
147
140
151
164
154
162
172
161
153
149
140
155
155
156
154
176
162
147
165
163
150
169
156
142
146
154
165
158
158
155
156
152
161
152
164
156
168
149
138
143
167
140
157
148
150
132
128
168
138
160
161
150
148
168
153
148
139
172
180
145
116
143
157
134
141
165
171
151
141
159
154
135
184
156
171
169
154
162
155
140
138
169
165
139
134
165
162
151
145
162
127
142
150
144
144
147
167
143
130
159
132
141
146
148
138
152
156
154
133
156
137
154
149
157
128
127
160
134
162
119
155
150
125
151
153
149
163
130
147
136
143
147
149
142
129
130
134
130
133
125
158
139
130
143
159
137
150
124
135
152
150
131
126
137
160
136
136
133
146
131
152
141
139
117
130
128
121
131
143
144
136
151
124
145
143
130
151
152
130
138
149
119
127
139
132
142
118
125
144
111
136
134
126
150
135
148
129
128
127
116
125
136
132
123
137
132
156
123
138
118
147
124
123
140
135
133
121
136
133
133
136
125
127
151
139
118
133
111
126
141
135
143
123
136
136
115
142
133
125
124
124
137
138
124
136
99
122
121
116
151
134
138
134
108
127
115
126
136
129
144
129
95
134
140
124
126
102
116
111
113
132
136
129
144
139
129
117
120
135
129
117
127
122
121
108
128
126
118
117
135
117
142
122
142
124
126
127
110
126
125
140
121
128
126
130
128
116
112
111
119
115
114
123
113
112
130
95
98
120
106
125
128
139
126
122
138
134
120
116
108
120
120
125
113
117
113
98
116
123
114
112
120
108
132
117
116
102
110
120
103
115
120
108
111
123
111
121
131
119
96
121
144
120
132
97
131
126
100
133
116
112
105
108
94
104
127
95
101
104
130
108
88
121
88
117
99
103
115
110
110
113
127
126
127
122
105
110
112
117
103
109
122
138
109
116
118
114
119
132
104
120
91
95
103
121
116
101
123
112
124
94
104
111
95
110
122
117
119
105
128
106
122
95
118
113
115
108
114
96
92
95
102
116
132
123
109
91
104
116
106
93
112
97
116
92
119
121
117
111
107
119
111
96
121
115
105
111
106
111
97
89
109
112
115
108
114
121
99
143
121
100
119
102
109
113
113
114
123
107
124
111
117
86
110
110
99
96
120
105
113
103
94
98
135
108
119
112
110
93
111
94
93
138
115
102
103
107
100
91
106
113
104
92
100
114
96
87
98
92
99
101
103
97
99
97
106
102
97
99
84
113
117
90
88
100
97
111
82
97
101
84
108
94
101
113
104
86
118
96
102
80
104
90
114
98
88
94
82
87
104
108
88
90
83
92
88
99
98
79
94
69
99
93
96
98
82
81
96
91
97
93
85
101
106
92
79
108
83
123
83
71
75
84
74
96
78
101
89
84
89
81
103
72
88
75
118
80
83
93
102
89
75
101
87
95
76
80
84
73
89
81
111
87
97
88
91
112
88
92
90
84
72
91
100
95
91
95
92
95
96
95
98
107
83
103
78
94
80
83
82
91
84
90
77
103
101
76
87
86
93
91
76
79
84
90
75
90
86
64
91
86
83
73
95
98
74
87
95
79
93
92
81
77
75
92
87
91
93
93
99
99
89
83
100
88
72
69
87
97
88
91
95
100
79
87
79
84
95
88
103
109
87
86
81
82
97
79
102
88
89
92
91
97
96
100
103
106
102
86
103
108
92
100
109
106
105
93
109
101
116
107
112
110
97
101
92
95
97
87
104
108
86
104
80
86
86
107
87
120
105
94
101
93
89
100
89
102
107
96
88
99
99
105
106
80
87
80
109
88
80
90
92
102
80
91
82
66
87
95
84
94
94
93
90
66
72
79
105
90
79
81
85
91
87
83
80
82
71
65
85
62
84
71
83
79
86
87
74
77
80
72
91
79
84
71
89
79
86
70
69
65
59
62
76
80
72
80
65
61
71
65
62
73
68
87
78
88
67
89
68
69
70
82
63
64
70
76
78
83
58
66
68
85
77
72
76
75
65
82
75
71
79
75
72
66
70
84
84
70
100
49
72
73
70
77
72
63
71
79
74
69
81
83
81
80
73
81
69
74
93
76
70
63
80
74
60
59
79
71
73
70
81
68
82
68
71
63
71
79
72
62
72
70
71
81
73
78
70
71
87
87
71
82
77
73
78
72
71
76
79
66
70
72
72
94
69
65
81
76
73
79
70
87
73
74
92
92
74
66
69
75
75
71
71
78
77
75
77
88
78
77
78
80
94
73
68
77
82
68
85
75
85
69
90
82
68
58
69
82
89
79
73
76
74
69
80
90
90
87
62
86
77
61
106
92
79
68
78
75
62
65
72
69
73
67
66
53
70
76
67
70
71
60
64
70
61
72
67
78
83
64
63
73
61
60
79
74
68
73
67
67
65
63
55
37
72
69
70
51
61
73
65
54
50
64
51
48
59
48
50
78
57
68
63
71
53
61
82
59
47
57
64
68
51
59
57
69
70
63
43
55
66
69
64
61
57
69
60
48
67
67
72
57
63
65
55
43
60
52
54
59
59
49
74
52
60
53
55
71
57
62
58
67
64
62
63
67
63
69
57
72
64
44
54
68
65
65
82
55
49
52
64
60
52
85
61
60
51
61
57
54
56
56
57
81
58
62
62
67
66
47
72
60
53
58
59
61
65
64
71
50
58
67
67
66
59
69
69
66
80
67
60
59
51
55
51
49
61
67
68
71
59
58
59
62
56
54
68
74
71
61
63
59
59
66
72
52
58
48
69
60
61
56
71
65
64
57
59
63
66
69
67
63
64
65
59
55
76
71
56
71
62
62
74
75
52
72
72
79
67
58
67
76
77
69
76
89
69
59
68
77
82
79
66
71
75
59
76
64
92
73
81
77
62
53
77
74
72
75
78
60
78
74
89
71
74
97
58
70
73
74
66
78
61
65
71
74
72
70
61
67
61
75
72
62
69
68
65
57
67
67
65
62
54
57
51
60
56
60
60
69
63
45
52
54
42
48
37
47
50
51
44
50
49
48
38
36
51
46
49
35
45
31
33
46
59
37
43
55
37
45
34
55
48
43
40
42
40
46
46
36
47
52
33
34
41
38
48
40
43
52
38
48
38
45
44
42
46
41
45
35
46
40
38
46
41
38
31
32
38
39
35
37
40
40
40
47
49
36
48
45
42
47
40
36
41
34
38
38
42
46
42
36
46
37
42
51
39
38
39
37
51
54
43
46
32
34
42
42
37
41
43
43
42
44
49
31
50
40
34
45
44
44
39
41
40
39
34
49
44
32
46
46
35
43
35
31
42
50
37
44
32
41
35
31
30
48
39
40
47
40
32
38
33
42
30
40
42
43
48
44
35
48
39
43
39
42
38
40
28
47
36
26
32
50
26
38
37
34
46
40
45
41
29
34
34
40
35
44
36
42
42
37
54
47
40
33
36
36
37
34
46
48
43
39
48
33
32
50
39
47
43
45
40
38
35
34
53
33
31
43
35
35
47
37
37
45
43
30
55
37
39
48
40
46
48
30
39
37
58
42
32
32
39
37
36
40
39
42
40
46
41
42
34
32
33
51
43
37
48
45
47
42
45
42
34
46
39
34
41
43
41
55
43
50
41
36
34
52
35
36
43
38
24
38
32
39
30
41
32
38
34
29
40
31
37
35
34
45
40
39
46
49
41
34
31
40
50
33
42
21
33
44
41
43
39
31
40
34
38
36
37
35
31
36
27
33
27
32
44
38
36
35
41
39
34
47
46
34
39
43
28
43
39
41
42
38
50
29
42
32
37
28
40
33
45
39
35
40
38
28
44
40
33
40
38
32
60
37
35
44
39
30
37
48
39
43
40
42
38
41
39
40
44
42
22
43
37
38
41
34
44
54
40
36
36
36
44
39
32
36
36
41
49
33
35
44
41
30
33
42
36
44
35
40
46
47
42
46
35
46
38
37
36
44
33
46
22
39
44
42
50
48
40
34
32
50
47
53
38
44
36
36
44
48
29
49
51
40
37
46
38
40
34
47
26
39
45
31
40
42
53
50
39
39
46
52
40
54
49
47
42
44
61
48
43
56
36
56
59
51
65
47
53
56
54
53
55
54
42
42
54
43
50
59
60
58
62
48
61
61
53
58
71
42
73
72
42
52
52
65
57
64
45
64
59
67
54
56
58
62
50
61
58
49
41
45
56
48
45
49
49
62
45
40
52
45
40
55
38
44
45
42
47
45
42
30
25
40
36
36
39
24
37
29
27
28
20
27
21
21
26
32
15
12
21
22
16
14
25
29
18
13
24
17
9
11
20
31
14
14
13
16
11
21
19
24
15
17
13
15
13
13
15
11
16
25
15
15
11
11
12
11
19
16
14
19
17
14
16
19
16
18
20
15
17
15
22
22
11
21
23
17
19
14
19
10
23
19
21
12
13
13
16
20
14
16
9
15
13
17
19
12
16
16
17
12
13
17
12
18
16
22
17
22
23
13
19
21
17
19
18
18
11
24
12
18
17
14
19
19
15
18
15
24
17
19
16
15
20
17
14
18
13
18
29
25
15
14
25
17
14
21
13
23
15
17
17
20
24
14
21
21
17
19
17
17
22
22
11
14
23
14
11
18
18
8
23
17
17
15
14
15
16
15
19
27
16
19
13
18
23
15
21
17
19
14
20
19
22
18
12
14
19
22
18
19
17
23
18
14
16
10
20
19
24
23
16
20
26
18
19
21
20
25
11
10
32
16
22
10
20
18
23
23
13
16
19
17
18
27
24
19
15
16
20
22
23
15
19
18
25
28
16
20
22
19
15
16
23
25
24
21
19
16
25
30
22
18
14
15
17
22
20
16
16
19
19
24
20
19
21
22
16
17
18
14
14
19
17
17
9
18
20
12
21
10
15
14
17
15
15
19
12
19
10
13
14
8
13
9
11
10
12
17
15
14
11
8
7
11
11
10
7
5
8
12
7
17
14
14
8
11
10
8
11
10
7
7
9
9
9
13
6
7
6
9
7
6
10
10
7
13
4
6
11
5
2
10
5
8
15
7
9
10
7
8
8
9
12
8
8
12
6
10
13
11
12
10
6
12
6
13
12
8
10
8
8
8
10
9
13
4
7
4
6
7
6
7
5
8
9
13
11
10
9
10
13
15
13
6
9
11
14
9
7
9
12
12
7
7
14
7
9
10
10
7
7
3
14
14
12
10
11
1
11
8
8
7
7
9
5
8
8
13
9
10
10
6
11
13
7
8
3
6
8
7
7
6
13
12
8
5
15
8
7
7
8
12
8
5
8
8
7
11
7
11
10
11
9
10
5
8
8
15
11
10
11
10
3
11
6
9
14
10
13
13
7
12
8
10
10
7
7
6
6
17
10
10
11
9
10
6
6
6
10
7
3
8
9
6
14
7
9
4
15
12
13
7
6
13
6
9
6
8
8
12
13
18
11
7
16
6
15
8
5
12
13
9
10
5
9
3
11
11
6
16
12
14
6
11
11
12
16
6
11
5
13
11
11
7
15
8
13
11
9
12
11
10
8
13
5
13
2
9
13
13
6
3
7
8
21
9
9
5
15
10
14
11
11
6
6
10
9
9
7
7
13
13
12
15
8
9
9
6
6
4
4
9
8
2
10
12
10
7
4
5
9
11
6
8
4
5
6
8
4
8
6
4
5
8
8
10
9
6
8
5
7
8
7
5
5
3
5
6
7
10
8
14
12
8
9
11
5
11
6
8
4
11
6
6
7
6
3
12
8
10
5
9
4
8
8
9
6
7
5
7
7
10
6
11
9
7
4
6
10
5
6
8
10
7
9
5
6
9
12
5
11
7
11
6
10
9
11
4
3
7
7
5
14
4
7
6
5
3
11
7
7
5
6
9
11
8
11
6
4
6
7
8
6
11
12
9
7
12
9
5
5
6
7
10
15
6
7
6
7
3
7
12
4
11
10
20
7
8
10
7
6
3
5
5
12
6
12
10
4
6
13
6
7
8
9
11
10
7
5
5
8
4
9
10
3
4
6
13
2
6
10
2
6
7
10
8
6
8
5
10
14
7
7
9
12
5
4
5
10
9
4
12
3
8
6
10
1
8
6
3
8
10
7
6
10
8
6
13
12
20
11
9
9
8
8
8
8
11
12
16
10
10
9
9
7
6
12
13
8
4
7
6
6
16
9
15
7
12
10
11
15
9
10
7
8
2
7
9
7
6
7
6
10
12
7
10
6
9
8
10
8
9
10
6
6
6
6
6
7
5
7
6
5
11
13
7
8
2
7
7
10
6
7
7
11
8
7
9
11
9
3
11
6
16
6
5
6
4
5
3
5
7
4
6
9
8
6
4
7
5
10
5
8
7
6
12
6
7
7
8
8
4
10
12
3
5
4
4
8
10
6
7
14
7
11
7
6
4
12
9
10
6
8
5
3
7
7
3
9
8
7
7
8
6
8
8
7
5
1
4
6
9
7
6
6
9
4
3
9
5
9
9
9
10
2
5
10
4
6
6
3
13
4
7
3
7
5
5
11
8
6
11
3
1
4
3
6
5
2
12
8
6
3
10
4
10
7
6
3
9
5
4
4
7
6
5
3
7
8
7
5
4
9
8
5
10
7
3
4
5
4
4
9
6
6
8
9
7
6
7
6
5
6
7
4
9
9
8
9
9
7
3
6
1
9
5
7
9
4
11
6
3
10
6
6
7
2
4
7
5
7
6
5
6
5
8
7
9
5
6
3
5
4
5
8
6
4
7
4
5
8
8
9
8
5
2
6
5
7
14
5
7
5
7
7
5
6
3
11
8
4
9
4
6
6
5
3
11
7
3
7
5
6
4
8
1
3
10
8
6
4
8
10
5
5
7
5
5
2
7
5
3
11
8
4
6
7
6
10
3
2
5
10
2
7
4
1
4
6
1
12
4
9
4
5
8
4
4
3
8
9
4
5
4
9
3
3
6
8
5
1
8
4
6
5
8
6
6
3
5
5
5
5
8
2
10
6
6
6
3
6
7
3
9
4
4
7
8
5
9
3
9
9
9
8
6
5
5
7
7
2
8
4
3
6
8
4
4
9
10
6
6
2
4
11
10
4
10
4
3
7
4
11
6
9
3
9
4
8
8
1
3
4
6
5
5
10
9
5
6
2
8
13
3
3
5
9
1
3
7
6
4
4
4
4
9
4
5
7
3
4
6
6
4
5
5
6
4
8
5
7
7
4
4
1
7
0
1
12
4
6
3
5
9
11
5
7
5
7
5
1
1
9
7
6
4
4
5
8
15
6
7
8
5
2
4
5
3
3
7
3
7
5
6
10
6
9
7
6
9
5
7
5
7
5
8
2
2
4
7
8
6
6
9
5
7
8
3
5
7
6
4
10
5
5
6
9
7
7
2
4
7
6
2
6
3
4
3
5
2
4
4
5
3
2
7
4
9
10
5
4
7
6
6
4
10
8
3
4
14
4
7
5
5
5
4
5
5
9
2
3
7
5
9
1
5
6
5
7
4
6
3
9
3
3
8
5
7
8
6
5
8
10
4
6
6
3
7
4
2
2
3
5
6
1
4
6
4
5
3
5
6
8
5
10
7
9
2
4
7
7
8
6
3
6
8
8
6
3
3
5
9
5
7
10
6
7
5
9
8
6
3
3
4
5
8
1
4
5
8
7
5
4
6
5
4
4
6
6
3
5
8
6
3
6
5
8
5
4
8
6
4
12
7
3
7
2
5
5
9
5
9
6
7
11
6
9
4
7
7
7
2
5
7
5
6
6
9
11
5
4
5
2
9
8
5
5
8
3
4
1
7
2
3
3
2
4
2
3
4
5
2
4
9
8
4
6
6
3
5
6
6
2
5
6
3
5
9
6
7
5
1
5
4
10
7
4
4
5
2
8
7
4
6
2
7
7
5
5
1
3
4
3
7
4
4
2
7
6
8
8
5
4
7
4
6
4
8
7
5
4
9
2
3
5
5
5
7
4
2
7
4
4
5
4
4
6
8
4
3
5
4
8
5
7
3
2
7
5
7
4
2
0
1
6
5
2
6
8
5
3
5
4
6
8
6
9
2
4
7
8
6
6
7
2
7
4
4
2
2
4
3
3
6
2
5
1
5
5
0
6
6
2
4
7
6
2
3
3
3
2
4
2
1
2
6
4
4
7
5
9
4
5
4
7
3
5
5
7
1
7
1
7
5
7
6
3
3
6
4
2
9
3
9
3
3
5
2
8
2
7
2
3
3
3
2
4
2
4
8
10
2
5
7
3
6
5
5
4
1
5
6
1
6
5
9
2
4
2
7
6
4
8
5
3
5
6
6
5
10
4
6
5
9
4
5
5
6
5
2
1
6
5
6
5
8
2
4
2
0
6
4
4
6
3
5
4
7
7
3
6
0
5
4
2
4
7
5
3
1
3
6
3
6
8
3
8
7
5
2
4
5
6
5
6
5
5
6
5
8
4
8
8
3
3
6
3
2
4
5
8
3
5
3
2
1
6
6
6
9
4
6
3
8
5
1
4
4
6
5
2
6
2
4
3
6
3
5
6
3
5
9
6
6
4
2
2
5
4
5
5
5
8
6
3
4
4
6
3
4
6
3
6
3
2
1
3
5
7
1
5
3
6
3
3
6
9
3
4
4
2
5
2
8
3
6
4
1
4
6
5
4
7
5
12
3
6
6
6
9
5
12
4
5
4
7
3
10
5
3
8
5
7
5
2
5
3
10
4
6
5
9
4
7
7
7
6
6
4
11
11
7
1
5
3
8
6
2
7
10
3
8
8
7
4
5
6
4
2
3
4
6
3
7
5
14
4
6
6
7
4
7
6
9
3
5
6
11
11
4
8
4
5
10
9
2
10
4
10
6
6
8
6
8
6
11
7
11
11
5
15
7
11
14
9
7
4
12
8
6
8
11
9
9
5
11
7
11
5
9
6
5
9
5
3
8
9
11
7
14
6
8
8
8
5
9
7
5
5
8
2
9
7
3
5
1
5
5
6
6
8
6
6
5
8
3
4
1
3
6
2
1
5
6
6
2
4
7
3
0
7
7
4
4
4
4
6
6
2
6
4
3
6
5
4
3
4
4
7
3
3
5
3
4
5
8
5
5
5
3
5
2
4
2
3
6
4
4
3
4
1
2
3
6
3
5
5
8
3
6
4
3
5
5
4
2
2
3
5
3
4
6
3
3
4
8
5
3
3
1
6
3
5
7
4
5
5
4
2
6
5
7
1
6
4
6
5
4
2
5
5
5
2
2
6
3
2
5
4
4
7
1
3
7
6
8
3
3
4
4
9
2
5
2
0
5
10
5
8
8
4
6
9
4
6
5
1
5
5
2
4
6
7
1
6
3
6
2
3
4
4
4
5
2
1
3
4
5
7
4
8
5
4
9
7
5
5
2
5
6
4
1
7
8
6
5
5
8
3
7
2
7
7
1
4
6
2
2
2
8
5
6
5
5
5
1
7
4
4
8
6
5
4
6
7
1
4
4
2
3
0
4
5
4
1
0
7
6
3
3
3
7
0
5
4
3
2
1
4
9
1
2
3
1
4
4
5
6
2
3
4
5
2
4
3
2
6
9
1
2
4
4
4
3
7
4
5
2
6
9
3
2
5
2
2
10
4
7
6
5
5
2
5
3
5
4
3
6
3
4
4
2
6
6
8
5
4
3
4
2
6
7
7
4
4
2
3
5
7
3
3
5
2
1
6
5
3
3
2
8
2
7
5
3
4
3
4
2
5
4
4
4
6
3
5
5
2
4
4
6
3
1
2
8
2
4
5
4
5
3
5
5
0
4
4
4
4
6
2
6
2
5
4
4
5
7
6
3
5
4
6
2
2
3
2
2
8
1
1
4
5
5
3
7
2
2
4
6
3
4
2
7
7
1
1
3
7
6
1
0
6
4
3
2
3
6
6
5
5
4
4
4
5
6
5
5
2
6
4
4
0
2
3
4
1
2
4
2
3
6
4
3
6
0
7
8
1
5
4
1
1
5
5
3
4
0
1
7
8
3
6
1
2
1
7
9
7
3
5
1
3
4
8
6
2
5
7
3
5
3
6
3
3
5
6
6
5
5
3
3
9
8
3
4
9
7
5
5
2
4
3
5
1
3
5
1
6
5
9
4
6
2
7
4
6
7
3
4
3
7
5
3
6
7
1
5
8
6
9
7
11
6
3
6
5
6
7
7
7
6
2
5
9
12
6
3
3
7
6
8
7
8
5
8
11
6
9
8
8
7
9
4
8
8
3
5
10
7
8
13
12
7
5
2
12
8
6
8
8
4
3
5
5
5
6
2
5
6
2
4
10
5
5
6
3
1
4
4
0
3
6
2
9
4
3
3
8
5
4
2
4
6
2
2
3
6
3
2
2
6
2
2
5
3
3
6
3
5
4
2
3
2
4
1
2
4
4
5
2
3
0
3
4
7
4
1
3
2
3
5
8
6
6
2
7
2
3
2
3
5
1
2
6
0
7
3
6
1
2
0
5
2
5
2
5
2
1
2
1
2
4
3
4
1
3
6
3
1
4
4
4
2
5
1
5
4
7
3
7
2
5
3
5
1
5
7
2
1
6
4
3
2
0
1
1
2
1
3
1
4
2
7
5
2
7
0
2
2
5
3
4
2
2
5
4
3
4
3
6
3
3
5
7
3
3
7
3
1
2
7
0
2
7
2
1
3
5
3
4
3
1
3
5
6
6
2
3
3
1
1
4
5
3
6
8
2
3
2
3
3
2
4
3
4
4
5
3
2
2
2
2
4
1
5
3
3
5
1
6
4
4
2
1
5
5
2
6
3
1
4
2
0
4
5
2
4
4
5
4
2
0
3
3
1
6
7
0
2
4
2
3
4
4
3
3
2
2
1
4
4
2
1
4
6
4
5
2
1
6
3
4
3
4
2
5
2
3
1
5
2
3
5
2
3
2
2
5
5
2
1
3
4
3
5
6
5
3
2
4
3
3
2
2
2
1
2
1
1
3
3
5
4
3
1
5
2
6
2
1
5
5
10
5
4
3
1
3
7
2
2
1
5
5
6
3
4
8
4
3
3
5
4
0
3
3
3
3
2
6
6
5
3
7
0
5
2
2
5
3
3
4
4
3
1
2
3
1
2
1
1
5
1
5
3
0
4
4
1
1
2
1
5
2
1
0
5
2
5
1
2
2
6
2
3
2
4
3
3
1
1
2
5
4
3
2
2
2
2
6
2
6
2
0
5
7
2
2
1
1
3
3
5
1
5
6
4
2
8
3
3
2
2
0
1
4
0
2
1
1
6
1
3
5
7
1
1
2
4
2
3
7
3
5
6
3
0
4
4
3
4
1
2
1
2
4
6
2
2
1
5
3
3
6
3
4
7
3
1
2
5
3
2
2
0
3
0
2
2
5
2
0
1
0
0
11
2
1
4
2
5
3
2
3
6
4
5
1
2
6
0
5
4
1
2
1
1
4
1
3
1
1
1
1
4
1
4
4
1
5
4
4
2
1
1
4
3
1
2
5
1
6
1
4
4
1
1
4
2
1
5
2
5
3
3
6
0
4
2
1
6
5
5
3
5
0
3
3
7
2
5
2
1
1
2
3
8
2
8
3
2
1
2
1
3
4
3
3
3
3
3
0
7
3
3
3
3
6
3
1
2
4
3
6
6
4
4
3
1
4
4
6
2
3
3
3
3
3
2
5
2
3
2
4
1
2
3
4
3
1
2
3
3
4
2
3
3
3
2
0
6
2
1
1
2
1
5
2
3
2
4
1
2
4
3
5
3
0
3
2
2
4
3
2
5
3
4
1
0
3
7
1
2
6
0
0
5
3
3
1
5
3
2
4
5
2
2
2
4
3
7
2
3
4
1
2
3
3
2
0
1
2
6
4
2
3
4
4
2
3
4
4
2
4
1
10
0
2
3
5
1
3
5
2
0
1
4
6
1
2
1
1
2
3
4
1
3
2
5
2
2
4
6
3
2
1
6
2
2
6
4
4
2
0
4
5
5
3
1
0
2
2
3
4
5
1
1
2
5
3
0
2
4
1
7
1
3
4
4
0
3
2
5
2
2
2
2
1
5
5
9
2
4
2
1
0
3
2
2
3
2
2
6
5
0
1
4
2
0
3
2
4
2
0
1
3
3
4
2
0
3
2
3
6
2
4
1
4
2
2
1
1
2
1
1
2
2
2
2
3
2
7
3
3
0
4
5
2
5
4
4
3
7
8
2
3
2
6
3
2
1
3
1
1
2
3
2
0
4
4
2
2
2
1
4
2
2
1
5
3
1
4
3
2
6
2
3
1
0
1
3
1
3
3
2
1
2
4
2
5
0
2
4
3
3
3
2
2
3
3
2
4
1
5
4
3
1
4
5
5
3
3
0
2
3
1
4
5
3
2
3
5
5
3
3
2
2
3
0
5
4
2
3
1
3
5
4
1
0
3
1
4
4
3
3
1
2
3
4
1
3
3
3
0
1
5
3
4
4
2
3
7
1
6
0
2
2
3
3
2
3
4
3
4
9
1
2
3
6
2
2
4
2
4
2
2
4
3
1
3
3
4
8
0
3
5
3
1
3
3
4
3
3
5
1
0
3
2
1
4
3
4
2
1
4
2
1
2
3
3
3
1
4
3
1
3
3
2
2
5
2
3
1
4
3
4
4
6
2
5
2
2
0
2
4
3
4
1
3
3
5
2
3
3
3
3
5
0
4
3
3
3
3
1
5
2
2
4
1
0
0
4
1
4
5
6
2
1
2
5
4
3
2
6
4
2
3
3
0
4
1
1
4
1
2
4
2
2
2
3
4
3
0
1
2
6
3
3
2
1
2
2
1
4
4
2
1
2
2
1
1
2
4
4
3
2
4
2
2
2
2
3
1
3
4
2
1
3
3
0
1
4
3
2
1
4
6
4
2
4
4
3
4
4
4
2
4
2
0
2
1
1
4
2
2
3
2
2
2
3
0
2
2
3
6
4
2
1
2
2
6
4
5
3
5
2
4
3
6
0
3
5
2
2
4
2
1
6
2
4
2
0
2
3
4
1
1
3
4
3
3
1
4
4
5
2
3
1
3
6
3
5
3
3
4
5
3
5
2
3
4
0
4
5
3
1
2
3
2
3
3
4
4
1
4
1
3
2
4
5
3
3
3
2
6
4
0
4
2
4
0
4
2
2
2
6
3
0
3
1
2
0
1
2
4
3
4
1
3
1
2
1
1
0
5
4
2
1
2
1
7
4
2
1
3
2
3
0
4
3
6
4
2
4
1
0
2
1
2
4
6
0
0
5
1
2
3
3
3
2
6
1
3
1
3
1
4
4
2
4
3
4
3
2
3
2
0
4
0
6
4
2
0
0
0
2
2
3
4
2
2
0
4
3
3
3
4
2
3
0
1
2
1
5
4
1
1
1
4
6
1
2
2
2
4
3
3
5
7
5
4
4
0
3
3
2
2
5
7
5
2
4
1
2
2
5
7
2
0
3
6
4
1
4
1
0
2
1
2
3
1
1
2
1
2
3
3
2
2
1
4
4
5
1
1
3
1
4
3
3
0
2
8
3
2
4
2
1
1
1
3
1
2
2
5
2
3
1
4
0
0
5
3
2
1
1
2
2
7
2
7
1
2
1
4
1
1
3
6
2
3
2
2
0
3
2
5
1
4
8
4
3
0
5
2
3
3
4
8
3
6
2
4
2
5
3
2
3
2
3
4
4
5
4
3
3
4
1
5
1
3
3
8
3
7
5
3
3
5
10
5
1
9
8
5
5
8
7
6
6
3
6
5
3
6
6
6
4
8
8
5
3
3
2
4
7
8
6
3
10
4
1
1
2
3
6
8
3
4
3
8
1
7
2
5
3
4
5
9
2
3
2
2
7
4
10
5
9
3
1
3
2
4
3
3
2
2
5
4
5
4
1
4
7
1
6
2
3
1
4
3
2
5
5
0
3
1
6
5
1
0
1
2
6
4
3
2
3
4
2
2
4
1
1
1
2
3
4
4
0
1
1
5
1
4
2
0
2
5
2
3
3
2
2
3
0
2
2
2
4
2
6
1
4
4
1
2
3
4
1
2
3
2
0
0
2
5
0
6
1
2
5
3
5
2
4
5
2
2
4
3
2
0
2
0
5
0
0
1
1
0
4
3
5
2
3
2
0
2
1
2
2
4
0
2
3
5
6
0
3
4
3
3
0
1
4
3
4
0
3
3
2
1
5
3
0
2
3
3
2
3
1
0
3
3
2
1
7
2
2
3
2
3
2
3
3
2
0
0
2
1
1
1
2
3
0
2
2
3
4
0
4
2
0
3
2
2
5
3
3
4
6
3
1
3
1
4
3
3
6
2
2
0
2
1
0
1
3
5
1
1
5
4
3
0
1
5
3
2
6
3
4
2
3
0
3
5
0
0
6
4
5
3
3
3
1
2
3
1
1
1
5
2
1
0
1
3
2
3
1
2
3
0
3
4
0
1
4
2
1
3
4
1
0
3
1
4
2
6
1
1
5
2
2
2
3
1
6
2
2
0
1
2
4
3
2
1
5
2
1
4
1
2
3
1
2
2
3
5
2
4
2
8
2
2
3
3
3
4
3
0
4
2
2
5
3
0
3
3
2
4
5
2
3
1
1
5
4
4
1
1
4
4
3
8
3
1
2
1
4
3
2
1
4
3
1
3
0
5
2
0
2
2
4
2
4
2
2
0
1
1
3
2
4
5
5
1
1
3
6
8
3
1
4
7
4
2
2
2
3
3
2
1
2
3
4
2
1
3
2
3
0
2
3
4
3
3
3
3
1
2
2
5
6
7
0
1
6
1
5
2
4
0
2
8
1
1
2
3
2
1
2
1
2
2
6
1
1
4
1
4
3
2
5
1
6
4
2
2
2
5
3
2
1
2
3
5
0
5
1
3
3
1
3
3
0
3
3
0
0
0
1
4
1
2
1
1
2
1
1
1
6
3
5
3
2
2
1
1
2
2
6
5
3
2
0
6
3
1
1
3
3
1
1
4
2
2
4
4
3
4
1
2
2
3
3
3
3
6
0
5
7
4
2
4
0
1
1
1
0
6
1
4
2
3
1
1
1
2
1
1
3
1
1
2
2
1
5
6
2
2
3
1
2
4
1
3
1
4
0
2
4
0
1
3
3
2
1
3
0
2
1
1
2
3
0
3
4
3
2
0
4
1
1
0
4
4
3
2
2
3
1
3
5
2
3
2
1
0
2
2
1
2
6
1
4
4
2
2
1
2
2
2
2
3
5
1
2
4
4
2
3
1
2
4
4
2
1
6
3
3
4
3
2
3
2
4
1
1
5
2
2
1
5
4
2
4
4
1
7
2
4
3
3
2
3
1
1
1
4
1
2
2
5
2
3
1
3
1
4
4
2
1
3
1
2
1
3
4
3
5
0
1
3
4
3
2
0
3
3
3
3
1
1
2
2
3
2
2
0
2
2
3
1
2
1
3
1
5
1
1
2
6
3
2
1
2
3
5
2
4
3
3
2
3
3
3
6
1
2
3
0
1
1
1
3
1
4
6
4
3
1
1
4
6
4
5
3
1
1
4
4
5
4
1
4
1
3
3
4
1
2
2
3
3
3
1
0
1
3
3
1
1
4
1
2
5
3
4
3
1
1
2
4
3
1
1
3
5
2
0
0
3
1
4
3
1
0
1
1
3
2
1
2
4
4
2
4
3
2
4
2
2
1
4
3
3
3
1
9
0
3
1
4
2
3
5
2
3
1
3
4
2
3
0
4
4
1
1
2
2
5
3
3
2
3
2
1
1
2
1
3
5
0
1
1
2
2
2
1
5
3
3
2
3
2
6
2
2
0
5
1
3
5
1
2
1
5
3
2
2
2
2
0
4
3
4
6
1
3
4
2
4
2
2
4
0
2
1
0
2
3
6
2
5
0
2
1
4
2
2
3
4
2
3
1
2
1
2
2
6
2
2
3
3
3
2
5
3
0
5
2
4
2
4
4
2
1
3
2
4
5
3
0
3
1
7
3
6
3
3
3
4
1
1
1
0
1
3
2
5
2
3
1
1
1
1
0
0
4
4
2
3
7
3
3
4
3
1
5
1
4
1
3
2
3
4
2
0
1
2
2
2
2
1
0
3
2
2
5
4
2
2
4
3
6
1
4
3
1
2
1
4
1
0
0
4
1
4
0
1
1
4
3
4
1
0
0
1
1
3
3
1
4
3
2
4
0
4
1
6
3
2
5
1
3
2
6
2
1
1
3
3
4
2
4
1
2
0
4
3
1
1
3
4
1
6
5
2
5
4
5
3
5
2
0
3
1
1
3
2
1
0
6
0
1
3
2
3
2
2
1
1
2
6
0
2
3
3
1
2
1
2
1
2
1
2
5
1
0
1
1
1
3
1
5
2
3
4
3
4
1
3
1
0
5
1
4
3
4
2
2
2
4
1
2
4
3
2
2
4
4
2
2
4
4
3
3
2
1
3
2
6
4
3
4
2
0
1
1
2
2
4
2
3
5
4
3
2
2
4
1
3
3
6
4
4
7
7
2
1
2
3
4
2
8
4
2
3
3
8
8
3
3
3
4
3
3
3
2
5
1
2
3
2
0
1
4
2
3
3
1
2
8
4
2
0
3
3
1
1
4
3
2
3
2
1
3
3
4
1
2
4
4
3
3
2
1
3
3
2
2
2
1
1
3
1
1
2
3
2
4
2
3
4
4
3
5
0
4
3
0
4
2
1
1
2
2
3
2
2
4
2
2
0
1
1
6
1
2
1
2
6
1
2
3
5
2
4
1
4
1
1
3
0
0
3
1
1
1
3
2
2
3
0
0
3
3
2
3
0
1
4
0
2
2
1
2
1
2
2
5
2
2
1
4
0
0
6
1
1
2
3
1
4
3
4
2
4
1
2
3
0
3
3
0
3
0
2
3
3
2
2
4
2
4
0
0
2
1
2
1
1
2
1
3
1
2
2
3
1
2
0
1
3
1
3
2
2
3
1
3
3
1
2
1
2
2
2
1
2
0
2
1
4
1
2
2
2
1
3
3
1
1
1
3
2
1
1
1
4
0
1
0
1
3
2
6
2
4
2
2
2
3
1
1
0
0
0
1
2
4
3
0
1
4
0
3
1
3
0
1
0
1
4
3
2
3
1
1
0
0
1
1
1
2
2
1
1
7
3
2
2
4
1
2
4
1
2
2
1
0
2
4
0
1
3
3
1
1
0
2
2
1
0
1
3
2
2
0
1
1
3
2
0
1
0
2
3
0
0
2
4
1
2
2
2
1
3
1
3
4
1
2
1
2
2
5
2
1
1
1
3
1
1
2
2
2
0
1
2
0
2
2
2
2
2
1
1
1
1
2
0
1
1
0
2
1
1
5
0
2
1
1
1
2
1
1
1
3
1
3
1
0
4
0
3
2
0
1
0
2
4
1
1
0
1
1
1
1
3
3
6
1
2
0
1
2
0
2
5
3
3
3
1
1
1
1
1
1
4
2
0
2
1
0
3
6
1
2
0
1
1
5
0
0
3
2
1
2
2
1
3
3
4
1
1
4
2
1
3
4
0
0
3
5
4
2
2
3
1
1
1
0
1
3
0
2
3
3
1
0
0
0
3
0
1
2
2
2
2
2
2
0
2
4
1
6
2
2
1
2
1
2
2
1
3
1
2
1
0
1
2
4
0
1
2
0
3
3
0
1
0
0
2
2
3
2
1
0
2
0
0
1
0
0
2
2
2
1
1
1
2
1
0
1
1
1
3
1
0
1
1
0
0
1
1
0
2
1
1
2
2
0
0
0
1
1
1
2
2
0
2
2
1
0
1
3
2
0
0
1
1
1
1
1
2
0
4
3
3
0
4
1
3
2
4
0
1
3
0
0
2
1
2
4
0
1
2
1
1
1
0
0
1
2
0
1
2
2
2
2
0
1
1
5
2
3
1
2
0
1
1
1
2
1
0
2
1
1
3
1
1
3
1
2
2
4
1
0
1
1
2
0
1
0
2
2
1
1
1
1
1
2
1
2
0
2
1
1
0
2
0
1
1
4
3
1
2
1
5
3
1
1
2
1
0
1
1
3
1
2
0
1
3
1
0
4
0
2
1
1
2
1
4
2
3
4
2
1
0
0
0
1
2
2
2
3
3
2
0
1
0
1
3
1
1
1
2
4
2
1
0
3
2
0
0
4
2
0
0
6
1
0
4
2
2
0
3
3
3
3
0
0
1
6
3
0
1
2
3
0
1
2
2
0
0
2
1
1
3
2
2
0
0
2
2
0
1
0
0
3
0
2
4
1
2
1
1
0
1
1
2
1
0
3
0
1
0
2
1
4
2
0
2
0
1
0
3
1
0
1
2
0
1
3
1
2
2
2
0
1
0
3
2
2
1
3
2
0
3
0
1
0
0
0
2
3
3
2
3
1
0
2
2
0
1
2
1
0
0
2
2
1
2
2
0
2
1
0
1
3
1
3
1
2
1
2
2
2
1
3
2
0
3
0
1
0
3
0
1
0
1
2
0
1
1
1
0
2
1
2
1
2
0
3
0
0
2
1
0
1
0
2
0
1
2
3
0
2
1
2
0
2
2
3
1
1
1
0
1
2
1
1
0
1
2
0
1
1
1
1
1
0
1
0
1
1
2
0
1
1
2
1
0
0
0
1
2
3
1
1
1
1
1
0
0
3
1
1
0
1
0
2
2
1
2
0
1
0
3
2
1
1
1
1
2
0
1
1
1
0
0
3
1
1
1
1
1
2
0
1
0
1
1
2
1
1
1
2
2
0
2
0
1
0
2
0
1
0
4
1
0
0
0
3
0
0
1
2
0
0
0
1
0
1
1
0
0
0
0
2
2
1
0
1
2
0
0
1
1
3
1
0
1
1
3
1
0
1
0
1
0
3
1
1
1
1
1
1
4
3
0
1
2
0
3
0
2
1
1
2
1
0
0
1
1
0
1
1
2
4
0
0
1
0
1
1
1
0
1
1
1
1
2
1
1
1
0
1
1
0
2
1
0
2
0
1
1
0
0
0
1
0
2
0
0
1
0
0
0
0
2
0
0
2
1
0
3
0
2
1
3
0
1
0
0
3
1
2
1
3
2
0
2
0
2
0
0
1
4
1
0
1
0
1
1
1
1
3
1
4
1
0
1
0
0
0
1
0
1
0
1
2
0
1
0
2
3
0
0
2
1
3
1
1
1
1
0
2
1
1
3
1
0
1
0
2
1
0
1
3
1
2
3
2
1
0
5
2
0
0
0
0
0
1
3
1
0
0
2
1
0
1
1
0
2
0
0
0
1
1
0
0
1
0
0
1
2
0
1
0
2
1
1
4
2
2
1
3
0
2
0
1
0
0
1
1
2
2
1
1
0
0
1
1
2
0
0
0
0
1
0
0
1
1
2
1
1
1
4
1
2
1
1
3
0
1
0
1
0
2
2
1
1
3
4
0
0
4
5
0
2
0
0
1
0
3
0
1
1
1
2
0
1
1
1
1
0
1
0
0
1
0
0
1
0
2
0
0
0
3
0
1
1
0
0
0
3
2
1
4
3
1
1
1
0
1
1
4
0
3
0
1
1
1
3
2
0
0
1
0
4
0
0
3
0
2
0
1
2
1
2
1
2
1
0
3
3
2
1
1
3
0
1
1
1
0
1
3
1
3
0
1
1
1
2
1
2
2
1
1
0
1
1
1
1
2
1
1
0
2
1
2
0
1
1
1
1
1
0
5
1
2
0
3
0
1
2
1
2
0
0
2
2
1
2
3
0
0
2
1
2
0
1
0
0
1
2
1
2
0
2
0
0
0
1
3
2
0
2
0
3
1
2
2
0
1
1
2
0
1
0
1
3
2
1
0
1
1
1
4
1
0
0
0
1
3
0
1
4
1
2
1
1
2
1
2
0
2
1
0
0
0
1
0
0
2
0
0
1
1
1
3
2
0
1
0
0
0
0
1
0
0
0
0
1
0
1
0
0
1
0
1
0
2
1
1
1
1
1
0
2
2
1
1
0
2
1
0
2
0
0
3
0
0
1
1
1
0
3
0
1
2
0
1
1
1
1
0
0
0
1
0
0
3
1
0
3
1
0
3
1
0
1
2
1
0
0
0
0
1
1
0
0
0
0
1
2
2
3
0
2
0
1
0
0
2
0
0
1
1
0
1
1
0
0
0
2
1
0
2
2
0
1
1
1
0
2
1
1
1
0
1
3
1
0
0
0
0
0
0
1
3
1
1
1
2
0
1
0
0
1
0
0
0
0
0
0
0
0
0
1
1
2
1
1
2
1
0
1
3
0
3
2
2
2
1
0
0
1
0
0
1
2
1
1
0
0
1
0
2
1
0
1
1
0
1
0
0
1
2
0
0
1
0
0
1
3
0
0
1
3
1
2
2
1
2
0
1
1
1
0
2
0
0
1
2
1
0
1
0
2
2
1
1
0
1
0
1
0
4
4
1
1
0
2
2
2
0
2
1
1
2
1
3
1
1
2
1
1
1
1
3
1
2
4
2
2
2
3
0
0
0
1
2
1
1
2
2
1
1
2
0
1
0
1
1
2
1
2
0
0
3
2
0
0
1
0
1
2
1
0
1
1
1
0
2
2
1
1
1
0
1
2
1
1
0
0
1
2
1
0
1
0
1
1
0
1
0
2
1
0
0
1
0
2
0
0
0
1
1
0
2
0
0
0
0
0
1
0
0
1
1
1
1
0
0
1
0
1
0
0
2
0
1
1
1
1
0
1
1
0
0
1
1
2
0
1
0
2
0
0
1
2
0
0
1
0
0
0
1
0
0
2
1
0
0
1
0
0
1
0
0
2
0
0
2
1
2
0
0
0
1
1
2
2
1
2
0
0
0
0
3
0
0
1
1
0
2
1
0
0
1
0
2
2
1
1
1
0
1
0
0
2
1
0
0
0
0
1
0
1
0
1
1
0
1
1
1
1
0
0
1
1
1
1
0
0
0
0
1
1
0
1
0
0
3
0
1
0
0
2
3
0
0
1
0
1
0
0
0
0
2
0
0
1
1
1
0
0
0
0
1
0
3
1
0
1
0
0
2
0
1
0
0
2
1
0
1
1
1
0
0
1
0
0
1
2
0
2
1
1
2
2
1
2
0
0
2
1
1
1
0
0
0
0
0
2
1
0
0
0
1
0
0
1
0
0
2
0
0
0
0
0
3
2
0
1
1
0
2
1
1
0
1
0
1
1
0
0
3
1
1
0
1
0
2
0
0
0
1
1
0
0
3
0
0
1
0
0
1
1
2
0
2
3
1
0
1
1
1
0
0
0
0
2
1
0
1
0
0
0
0
1
0
0
0
1
0
0
2
0
1
1
0
0
1
1
1
0
0
3
0
1
0
2
2
1
0
0
1
0
2
1
1
0
0
0
1
1
1
3
1
0
0
1
1
0
0
2
1
1
1
0
0
1
0
1
2
0
0
2
0
1
0
1
1
0
1
3
0
1
1
1
1
2
0
1
0
0
2
3
2
1
0
0
3
4
2
0
0
0
1
1
1
1
0
1
2
0
3
1
1
0
0
0
1
1
1
0
0
2
1
0
1
1
5
0
1
0
1
3
1
0
2
1
2
2
0
2
0
1
1
2
2
1
1
3
1
5
0
2
0
0
0
2
4
3
2
3
1
2
1
3
2
2
2
6
7
2
5
7
3
2
5
7
3
7
7
9
6
8
4
6
2
9
11
8
5
7
8
7
5
14
9
8
10
7
11
4
9
10
10
10
14
13
14
14
13
7
8
7
6
7
11
4
18
18
14
13
13
9
4
11
8
10
6
13
12
15
11
8
12
8
11
12
8
8
5
15
5
4
10
9
9
7
3
5
7
5
7
7
6
3
4
6
6
4
9
9
3
8
6
5
2
4
4
6
1
2
7
5
2
1
2
2
3
4
8
4
5
2
6
1
1
4
2
4
5
2
3
3
2
0
1
5
1
3
2
1
3
0
2
2
4
2
0
1
0
1
0
0
3
2
1
0
2
0
1
2
0
1
2
0
2
0
1
2
0
1
1
1
1
1
0
0
0
0
0
0
0
1
0
0
0
0
4
0
0
0
2
1
1
0
0
0
0
1
2
0
0
0
0
1
1
0
1
0
1
0
2
0
0
2
1
0
0
0
1
1
0
2
1
1
1
1
0
2
0
0
0
0
0
2
1
0
0
1
0
0
0
0
1
0
1
0
1
0
3
0
0
1
2
0
2
2
1
0
0
2
4
0
0
1
0
0
2
0
0
2
0
0
0
0
0
1
0
0
0
1
0
0
1
0
0
0
0
1
3
0
0
0
1
0
0
1
0
1
2
2
1
2
1
1
0
1
1
0
3
1
2
0
0
1
1
0
0
1
0
0
1
0
2
0
0
0
0
2
2
1
0
0
2
2
2
0
0
1
0
2
0
0
0
0
0
0
0
0
1
1
0
0
0
0
0
0
1
0
1
1
1
0
0
0
0
0
0
0
2
0
2
0
1
0
0
1
0
1
0
0
0
1
1
1
0
1
0
3
1
3
0
0
0
0
0
0
1
1
0
0
0
0
0
2
1
1
1
0
0
0
0
0
0
1
1
0
1
1
0
1
1
1
0
1
1
1
2
3
0
0
0
1
0
1
1
1
1
1
1
1
0
1
0
1
1
0
2
0
1
0
0
1
1
0
0
0
0
2
1
1
0
0
1
0
0
1
0
1
0
0
1
1
0
1
2
1
1
0
2
2
2
0
0
3
1
0
2
0
0
0
1
0
1
1
0
0
0
0
0
0
1
3
0
0
0
0
0
0
1
0
0
1
1
1
0
0
2
0
0
1
0
1
0
0
1
1
2
1
1
1
0
0
3
0
1
0
1
1
1
0
1
1
0
0
1
0
1
2
0
1
0
1
0
0
2
2
1
3
0
0
0
0
0
0
0
0
2
0
2
1
0
2
1
2
0
1
0
1
0
1
1
0
1
0
1
3
0
0
1
0
0
0
1
1
1
0
0
1
1
0
0
1
1
0
1
1
1
2
0
0
1
2
0
1
0
1
0
0
0
0
0
0
2
0
0
2
0
1
1
0
0
1
1
4
0
0
0
0
0
1
0
2
0
0
0
0
0
0
0
0
0
0
1
0
0
0
0
1
0
1
0
2
0
0
1
0
0
1
0
1
1
0
0
0
0
0
0
0
0
2
0
1
0
1
0
0
0
0
0
2
0
0
1
1
0
0
0
0
0
1
0
0
0
0
1
0
0
0
0
0
1
0
2
0
0
0
0
0
0
0
1
0
1
2
0
0
0
0
1
0
1
0
1
0
1
0
0
1
0
0
0
0
0
1
1
1
0
0
1
0
0
0
1
1
1
0
2
0
0
1
0
0
0
1
0
0
0
0
0
1
1
1
1
0
1
0
1
2
0
1
1
0
0
1
0
0
0
1
0
1
1
0
0
1
0
0
0
0
1
1
0
1
0
1
2
0
1
0
0
0
1
1
0
1
0
0
1
0
0
0
1
2
0
0
0
0
1
0
1
0
0
2
1
0
0
0
2
1
0
1
0
0
0
0
0
1
1
0
0
0
0
0
0
0
0
1
1
1
0
1
0
0
0
0
0
1
0
0
0
1
0
0
0
1
0
0
0
0
0
0
0
0
0
0
0
0
0
0
1
2
0
3
0
0
0
0
1
1
0
2
0
0
1
0
0
1
1
0
1
1
2
1
0
0
1
0
0
0
0
0
0
0
1
0
2
1
0
0
0
0
0
0
0
0
0
0
1
0
0
0
0
0
0
0
0
0
1
0
0
0
0
0
0
0
0
0
1
1
1
0
0
0
0
1
0
1
0
0
0
0
0
0
0
1
0
0
0
0
0
2
0
0
0
0
2
1
0
0
0
0
1
0
1
1
0
0
1
1
2
2
0
0
0
0
1
0
0
1
0
1
0
0
1
0
0
1
3
0
0
0
0
1
0
2
0
0
0
0
0
0
0
0
0
0
0
0
0
0
0
0
0
0
0
0
0
0
0
0
0
0
0
0
0
0
0
0
0
0
0
0
0
0
0
0
0
0
0
0
0
0
0
0
0
0
0
0
0
0
0
0
0
0
0
0
0
0
0
0
0
0
0
0
0
0
0
0
0
0
0
0
0
0
0
0
0
0
0
0
0
0
0
0
0
0
0
0
0
0
0
0
0
0
0
0
0
0
0
0
0
0
0
0
0
0
0
0
0
0
0
0
0
0
0
0
0
0
0
0
0
0
0
0
0
0
0
0
0
0
0
0
0
0
0
0
0
0
0
0
0
0
0
0
0
0
0
0
0
0
0
0
0
0
0
0
0
0
0
0
0
0
0
0
0
0
0
0
0
0
0
0
0
0
0
0
0
0
0
0
0
0
0
0
0
0
0
0
0
0
0
0
0
0
0
0
0
0
0
0
0
0
0
0
0
0
0
0
0
0
0
0
0
0
0
0
0
0
0
0
0
0
0
0
0
0
0
0
0
0
0
0
0
0
0
0
0
0
0
0
0
0
0
0
0
0
0
0
0
0
0
0
$ROI:
0
0
$PRESETS:
Live Time
0
0
