$SPEC_ID:

$SPEC_REM:
DET# 1
DETDESC# MCB 25
AP# ORCA (11.0h)
$DATE_MEA:
2017-08-12 07:29:56 +0000
$MEAS_TIM:
3134.92 4320.00
$DATA:
0 16383
0
0
0
0
0
0
0
0
0
0
0
0
0
0
0
0
0
0
0
0
0
0
0
0
0
0
0
0
0
0
0
0
0
0
0
0
0
0
0
0
0
0
0
0
0
0
0
0
0
0
0
0
0
0
0
0
0
0
0
0
0
0
0
0
0
0
0
0
0
0
0
0
0
0
0
0
0
0
0
0
0
0
0
0
0
0
0
0
0
0
0
0
0
0
0
0
0
0
0
0
0
0
0
0
0
0
0
0
0
1
13
48
1632
11026
19896
19174
17491
16826
16475
16409
16196
16304
16517
16970
17122
17411
17487
17677
17918
17790
17947
18319
18341
18246
18431
18318
18305
18448
18206
18158
18011
17955
18020
18104
18260
17714
17664
18020
17819
17802
17845
17730
17568
17536
17430
17424
17546
17394
17400
17086
17209
17354
16895
16854
17243
16992
16901
16616
17125
16976
16863
16783
16642
17031
16569
16633
16593
16726
16630
16675
16382
16192
16626
16390
16276
16289
16646
16324
16203
16221
16100
15906
16200
16157
16059
15915
15718
15963
16096
15914
15799
15759
15702
15842
15885
15523
15620
15811
15675
15542
15633
15688
15638
15709
15581
15588
15676
15534
15453
15393
15383
15319
15195
15204
15572
15199
15434
15132
15353
15103
15201
15040
15231
14969
15040
14960
14954
15064
14946
14890
15180
14931
14938
15027
14886
14595
14825
14948
14817
14675
14319
14653
14773
14848
14616
14702
14712
14580
14602
14389
14511
14566
14499
14419
14415
14684
14670
14599
14375
14494
14261
14492
14426
14329
14399
14283
14297
14100
14435
14277
14176
14160
14225
14211
14232
14327
14079
14342
14025
14059
14038
13863
14156
14257
14043
14123
14109
13923
14006
14098
13936
14018
13808
14040
14062
13918
13712
14061
13965
13900
13855
13855
13753
13594
13758
13870
13918
13760
13718
13696
13652
13595
13678
13793
13569
13790
13741
13530
13788
13877
13372
13502
13641
13687
13461
13389
13450
13506
13498
13404
13536
13500
13535
13379
13480
13441
13215
13439
13414
13320
13326
13453
13490
13222
13155
13372
13138
13146
13257
13168
13110
13292
13325
13276
13074
13116
13149
13138
13177
13043
12931
13138
13294
13099
13089
13093
13146
13045
13062
13099
13014
13095
12949
12918
13014
12996
12998
13008
12954
13018
12871
13001
12813
13127
13033
12947
12843
12761
12874
12884
12968
12717
12929
12803
12672
12732
12723
12990
12790
12808
12879
12806
12762
12535
12597
12726
12701
12875
12733
12775
12766
12856
12891
12671
12721
12880
12551
12617
12668
12655
12716
12715
12687
12421
12630
12475
12802
12355
12554
12612
12381
12558
12568
12454
12527
12340
12460
12416
12376
12515
12633
12635
12558
12554
12284
12227
12390
12302
12368
12257
12389
12259
12327
12304
12398
12054
12224
12329
12131
12153
12324
12204
12222
12184
12210
11960
12407
12316
12046
12256
12102
12105
12286
12203
12262
12001
12200
12131
12214
12065
12272
12193
12051
11879
12058
12043
12005
12058
12219
12051
12183
12078
11994
12338
11866
12060
11938
11899
11851
11905
11955
12084
11797
12110
11952
12026
11996
11894
11861
12054
11895
12068
11898
11912
11934
11879
11588
11901
12053
11870
11797
11881
12024
11790
11790
11914
11770
11809
11597
11817
11677
11851
11723
11647
11723
11722
11562
11898
11590
11589
11528
11706
11544
11553
11747
11577
11814
11663
11676
11675
11736
11635
11534
11529
11572
11509
11448
11651
11675
11434
11422
11739
11419
11506
11511
11380
11414
11718
11406
11432
11430
11344
11479
11405
11611
11669
11317
11232
11175
11558
11469
11424
11443
11371
11507
11389
11563
11413
11537
11275
11360
11396
11354
11247
11411
11301
11332
11211
11148
11267
11242
11124
11155
11435
11180
11203
11236
10885
11074
11254
11064
11216
11264
11157
11292
11151
11122
11305
11093
11177
10922
10999
11158
11163
10971
11212
11179
10985
11001
10987
11044
11110
11129
10861
11252
10899
11017
11079
11021
10777
10967
10881
11037
11251
11021
10893
10923
10854
10981
10913
11015
10977
10900
10676
11092
10908
10893
10822
10915
10845
10892
11029
10854
11041
10801
11157
10937
10855
10898
10952
10747
10982
10711
11015
10978
10875
10780
10535
10813
10867
10868
10787
10839
10746
10823
10644
10696
10693
10885
10800
10905
10555
10919
10897
10762
10703
10726
10817
10793
10730
10842
10504
10776
10750
10806
10727
10593
10673
10545
10700
10347
10548
10727
10795
10654
10647
10739
10654
10738
10836
10490
10723
10686
10778
10420
10812
10669
10612
10607
10502
10561
10645
10831
10547
10797
10814
10668
10809
10671
10717
10572
10636
10734
10715
10701
10533
10716
10817
10790
10872
10817
10852
10714
10504
10612
10725
10799
10700
10852
10535
10850
10505
10637
10695
10798
10817
10951
10975
10805
10801
10877
10913
10974
10953
10944
10936
10974
11019
11202
11313
11151
11416
11404
11596
11650
11653
11900
11891
12024
12002
12114
12192
12404
12624
12492
12678
12752
12828
13028
13302
13371
13593
13549
13687
13810
13742
14116
14145
14306
14327
14222
14862
14813
14967
14906
15109
14834
15288
15424
15468
15582
15687
15933
15969
16054
16052
16055
16101
16334
16413
16550
16425
16732
17010
16958
16962
17357
17488
17400
17629
18045
18040
18143
18303
18002
17891
17879
17728
17670
17251
16996
17091
16971
16728
16639
16428
16270
16020
15798
15778
15365
15329
14925
14593
14813
14495
14231
13900
13599
13392
13185
13046
12829
12655
12382
12083
12070
11677
11681
11428
11505
11241
11148
11059
11119
10846
10744
10718
10627
10437
10361
10498
10403
10171
10409
10276
10445
10417
10227
10171
10319
10075
10220
10090
10098
10291
10368
10180
10211
10277
10258
10135
10162
10321
10106
10267
10198
10242
10457
10427
10167
10043
10210
10037
10352
10356
10170
10441
10170
10164
10201
10109
10353
10423
10451
10398
10167
10364
10382
10419
10452
10349
10271
10299
10388
10490
10490
10415
10440
10520
10251
10325
10509
10494
10499
10484
10511
10493
10606
10356
10493
10488
10561
10680
10365
10552
10565
10501
10609
10599
10618
10594
10519
10668
10743
10658
10714
10618
10560
10766
10695
10702
10531
10799
10597
10659
10720
10830
10659
10755
10673
10835
10652
11029
10887
10814
10985
10767
10956
10794
10829
10970
10992
10782
10995
10960
11053
11092
11041
11308
10837
10820
11042
11152
11025
10962
10839
11162
11030
10997
11182
11108
11253
10987
11207
11348
11264
11237
11026
11154
11423
11184
11210
11219
11329
11168
11399
11401
11211
11401
11382
11319
11291
11297
11351
11481
11392
11543
11246
11334
11477
11501
11503
11463
11312
11588
11448
11422
11466
11524
11462
11611
11495
11395
11539
11551
11382
11814
11531
11570
11739
11577
11514
11601
11630
11605
11517
11773
11560
11470
11526
11608
11672
11663
11721
11778
11858
11547
11965
11866
11965
11752
11787
11724
11722
11834
11815
11841
11818
11907
12089
11923
11925
11728
11972
12009
11906
11743
11928
12036
11920
11751
12008
11926
12099
12127
12134
12090
11949
11957
11947
12310
12193
12306
12249
12393
12234
12019
12124
12287
12036
12290
12350
12397
12238
12172
12271
12085
12186
12386
12269
12342
12468
12457
12259
12272
12239
12260
12439
12391
12200
12431
12233
12380
12128
12393
12600
12306
12489
12520
12185
12402
12340
12435
12530
12389
12485
12524
12308
12431
12681
12691
12483
12415
12518
12546
12490
12613
12615
12703
12646
12422
12805
12584
12553
12604
12684
12393
12763
12825
12669
12448
12817
12590
12680
12639
12827
12596
12738
12711
12834
12726
12640
12762
12689
12959
12955
12867
12805
12961
12812
12844
13047
12992
12784
13112
12851
12749
12781
13082
13212
13091
13071
12853
12987
12908
12971
12933
13012
13022
13031
12995
13136
13230
13092
12914
13155
12996
13148
13394
13194
13217
12996
13188
13220
13221
13270
13180
13188
13343
13221
13413
13169
13363
13348
13069
13250
13535
13424
13267
13324
13249
13439
13441
13509
13324
13342
13464
13493
13521
13497
13325
13247
13458
13404
13470
13761
13417
13493
13687
13738
13676
13517
13582
13634
13491
13466
13695
13832
13593
13702
13617
13380
13704
13759
13724
13616
13638
13751
13733
13493
13903
13797
13777
13740
13511
13527
13940
13828
13680
13588
13778
13578
13823
13708
13493
13952
13909
13954
13810
13660
13900
14033
13892
13683
13973
14009
14024
14044
14041
14117
13934
14077
14072
14042
14012
14185
13853
14282
14324
14095
14050
14214
14023
13968
14062
14103
14243
14182
14149
13936
14097
14327
14382
14001
14243
14289
14130
14391
14469
14325
14280
14345
14558
14529
14451
14572
14771
14715
14495
14725
14862
14417
14656
14647
14777
14754
14832
14737
14753
14630
14713
14869
14863
14559
14798
14873
14704
14751
14733
14808
15003
14904
14777
14710
14980
15016
15221
14818
14946
14941
14985
15157
14857
15038
15242
15009
15225
15127
15181
15089
15024
15250
15368
15417
15505
15183
15238
15382
15323
15378
15333
15288
15435
15163
15541
15543
15362
15299
15627
15420
15183
15632
15530
15788
15489
15576
15696
15715
15735
15587
15758
15901
15604
15638
15644
15823
15756
15657
15901
15651
15979
15842
15564
15983
15757
15915
16045
15825
15742
15829
15945
16030
16066
16027
15854
16049
15905
15861
15984
15976
16162
15894
15925
16235
16129
16347
16088
16255
16120
16262
16182
16125
16329
16332
16241
16337
16214
16243
16323
16392
16372
16428
16274
16457
16360
16345
16512
16569
16384
16409
16689
16262
16514
16789
16718
16460
16530
16504
16568
16356
16451
16745
16438
16765
16559
16625
16598
16731
16825
16640
16878
16895
16975
16794
16824
16806
16957
16952
17096
17043
16945
17169
17119
17022
17115
17107
17011
17162
17517
17417
17270
17168
17341
17464
17650
17534
17510
17334
17586
17616
17600
17388
17473
17606
17636
17622
17894
17860
17735
17840
18007
17670
17967
18020
18056
17941
18056
17990
18162
17962
17989
18242
18064
18076
18029
18250
17902
18257
18018
18224
18483
18175
18204
18106
18422
18142
18253
18219
18245
18328
18033
18215
18175
18484
18249
18329
18370
17912
18204
18398
18215
18086
18161
18241
18203
18440
18364
18319
18359
18385
18402
18423
18404
18348
18273
18331
18511
18226
18341
18360
18404
18429
18489
18379
18782
18406
18559
18796
18524
18672
18740
18406
18903
18739
18850
18823
18731
18811
18545
18840
18716
18788
18999
18953
18888
19066
18838
18960
18845
18800
18977
19158
18965
18994
19014
19091
19045
18940
19343
18931
19084
18962
19127
19060
19028
19274
19349
19013
19210
19332
19072
19079
19106
19251
19253
19147
19080
19048
19267
18872
19129
18928
18597
18647
18471
18640
18539
18351
18376
18275
18071
18067
18151
18264
17949
17854
17811
17889
17450
17558
17532
17405
17521
17566
17522
17193
17286
17368
17136
17161
17261
17070
17340
17016
17057
17066
16929
17011
17004
16823
16643
16706
16836
16416
16807
16895
16645
16679
16765
16794
16570
16767
16398
16362
16677
16721
16470
16743
16409
16449
16359
16418
16516
16548
16242
16410
16537
16261
16428
16288
16451
16584
16271
16508
16391
16471
16296
16209
16369
16494
16505
16006
16479
16299
16174
16120
16052
16269
16223
16250
16081
15860
15944
16095
16092
16014
16202
16213
16066
16037
15935
16134
16295
15889
16058
15985
15724
15744
16029
16030
15988
15932
16028
15845
16052
15987
15925
16259
15907
15985
15747
15926
15827
15847
15885
16029
15829
15645
15984
15786
15844
15878
15721
15985
15975
15984
15852
15629
15556
15712
15823
15853
15982
15453
15876
15833
15757
15749
15703
15760
15695
15781
15649
15926
15881
15595
15546
15621
15800
15716
15499
15741
15799
15571
15673
15545
15568
15522
15790
15535
15279
15633
15258
15850
15814
15397
15599
15630
15705
15447
15609
15788
15473
15459
15735
15506
15734
15563
15451
15242
15482
15642
15458
15296
15398
15757
15488
15378
15286
15471
15244
15526
15442
15542
15373
15496
15422
15498
15175
15506
15392
15355
15440
15414
15348
15458
15529
15471
15388
15387
15460
15146
15210
15556
15375
15627
15592
15379
15347
15378
15452
15269
15348
15515
15278
15358
15098
15170
15437
15392
15256
15491
15331
15522
15389
15268
15337
15442
15172
15304
15193
15196
15278
15235
15309
15456
15586
15441
15306
15046
15151
15171
15297
15337
15373
15208
15320
15316
15387
15169
15079
15371
15387
15326
15059
15270
15196
15446
15123
15282
15125
15086
15063
15191
15027
15075
15219
15274
15353
15074
15256
15267
15099
15306
15337
15111
15387
15030
15251
15212
15356
15106
15076
15282
15113
15133
15173
15121
15197
15072
15220
15100
15001
15437
15096
15162
15200
15149
15200
14908
15152
15243
15022
15346
15215
15082
15030
15042
15103
15289
15275
15043
15147
15149
15115
15081
15173
14859
14934
15082
15065
15092
15026
15068
15055
15380
15075
15402
14979
14978
15210
15105
15290
14986
15109
15184
15059
14905
15120
15044
14909
15061
14838
15043
14971
15188
15081
15319
15276
15151
15178
14899
14952
15066
15091
15025
15177
15089
14945
15242
14995
15067
15154
15088
14955
14928
15074
15056
14845
14804
14848
14889
15046
14933
14881
14895
14831
14924
15036
14864
14829
14955
14940
14971
14708
14901
14968
14761
14698
15007
14758
14915
14845
14944
14867
14866
14850
14765
14562
14683
14561
14502
14635
14639
14861
14859
14850
14511
14562
14452
14681
14660
14446
14535
14625
14424
14500
14448
14360
14308
14326
14372
14206
14231
13992
14265
14203
14117
14169
14082
13952
13914
13972
14173
14187
13911
13907
13897
13828
13874
13715
13869
13728
13641
13711
13644
13571
13485
13540
13657
13578
13357
13516
13363
13359
13179
13434
13384
13197
13214
13188
13063
12943
13066
12923
12983
12901
12778
12849
12889
12895
12700
12677
12665
12607
12506
12510
12596
12504
12471
12348
12575
12322
12222
12312
12485
12055
12127
12193
12222
12220
12171
12089
12274
11937
12219
12035
11987
12047
12291
11816
11943
11960
11783
11901
11914
11767
11698
11958
11742
11832
11715
11828
11642
11940
11837
11593
11595
11723
11507
11484
11489
11394
11469
11565
11450
11429
11510
11444
11422
11366
11427
11392
11573
11420
11311
11185
11218
11273
11359
11263
11257
11051
11164
11365
11192
11127
11212
11188
11236
11076
11173
11089
11161
11195
11176
11158
11128
11089
11108
11152
10960
11271
11181
11136
11282
11231
11033
11184
11072
11121
11292
11361
10963
11119
11419
11182
11291
11423
11248
11527
11172
11213
11482
11312
11140
11599
11272
11283
11493
11304
11495
11455
11391
11463
11313
11575
11439
11457
11455
11362
11582
11535
11634
11436
11382
11483
11406
11636
11719
11679
11595
11654
11618
11858
11743
11695
11708
11791
11442
11685
11744
11674
11722
11662
11645
11688
11646
11490
11570
11544
11705
11432
11317
11450
11209
11382
11119
11227
11009
10884
11047
10903
10918
10944
10738
10836
10552
10691
10780
10740
10542
10633
10549
10244
10410
10260
10304
10333
10300
10152
10139
10133
10123
9948
9998
10114
10014
9863
9993
10062
9997
10061
9919
9897
9905
9982
9913
9895
9747
9693
9593
9830
9787
9879
9808
9616
9855
9542
9759
9651
9494
9747
9641
9709
9715
9567
9542
9587
9640
9485
9669
9466
9433
9650
9528
9368
9426
9599
9391
9495
9658
9534
9486
9665
9601
9423
9487
9593
9297
9431
9294
9190
9322
9402
9213
9368
9231
9303
9273
9108
9256
9325
9195
9281
9219
9224
9091
9198
9281
8988
9289
9269
9238
9102
9274
9151
9120
9186
9178
9249
8871
9098
9101
9229
9140
8933
8961
8835
9019
9118
9066
9017
9170
9025
8939
9026
9032
8932
9039
8970
8953
8919
8983
8876
8899
8669
8993
8930
8937
8826
9056
8858
8875
8897
8773
8848
8793
8777
8728
8719
8835
9009
8807
8802
8749
8727
8908
8775
8666
8793
8716
8671
8717
8648
8768
8650
8704
8630
8705
8636
8591
8700
8576
8629
8556
8723
8578
8556
8551
8545
8685
8642
8542
8626
8627
8515
8447
8468
8740
8527
8463
8357
8403
8659
8261
8463
8331
8431
8431
8317
8569
8570
8238
8243
8581
8211
8285
8428
8538
8458
8316
8417
8342
8502
8359
8239
8331
8302
8209
8394
8353
8320
8307
8209
8317
8335
8207
8421
8231
8259
8252
8285
8344
8251
8249
8301
8111
8238
8179
8274
8156
8248
8169
8198
8171
8313
8242
8141
8200
8152
8159
7927
8061
8132
8163
8158
8183
8155
8064
8019
8114
8028
8104
8154
8077
8173
8264
7893
8087
8141
8052
8023
8094
8053
8170
7964
8102
8042
7972
8106
8007
7970
8014
8062
7993
8027
8072
8051
7979
7966
8062
7879
7981
7913
7868
7943
7950
7951
7982
7971
8001
7948
7824
7961
7778
7822
7905
7790
7964
7931
7795
7792
7854
7903
7720
7777
7937
7743
7872
7941
7752
7885
7759
7755
7704
7898
7805
7826
7841
7824
7728
7838
7769
7858
7689
7758
7735
7829
7520
7646
7619
7729
7735
7761
7876
7689
7686
7717
7841
7731
7629
7762
7645
7790
7679
7665
7646
7470
7719
7752
7670
7610
7562
7779
7685
7748
7566
7698
7645
7690
7634
7638
7717
7584
7528
7621
7548
7584
7508
7587
7598
7487
7436
7638
7545
7509
7559
7486
7571
7617
7471
7609
7399
7364
7547
7599
7507
7434
7438
7606
7495
7476
7591
7388
7371
7320
7304
7456
7461
7574
7425
7353
7491
7303
7446
7357
7503
7514
7531
7524
7398
7426
7487
7423
7492
7461
7547
7270
7277
7335
7388
7315
7431
7303
7513
7340
7488
7375
7245
7528
7324
7370
7530
7270
7347
7333
7285
7333
7254
7395
7327
7189
7292
7428
7325
7521
7364
7388
7441
7461
7469
7530
7531
7554
7719
7631
7844
7999
8179
8060
8324
8463
8558
8751
8924
9258
9167
9496
9632
9821
10211
10386
10594
11007
10920
11157
11835
11788
12078
12558
12758
12992
13350
13660
13927
14409
14575
15136
15206
15392
15764
15914
16086
16564
16854
17070
17506
17895
18288
18301
18739
19168
19276
19556
19709
20011
20450
20667
20880
21369
21971
21918
22146
22377
23026
23334
23537
23860
24111
24399
24459
24230
24704
24268
24289
24467
24017
23850
23852
23459
23381
22719
22070
21775
21255
20961
20367
20002
19033
18733
18117
17419
16771
16301
15749
15250
14521
13985
13631
13010
12650
12214
11772
11363
11100
10550
10167
9694
9562
9206
8917
8645
8415
8398
8078
7857
7815
7632
7477
7227
7224
7207
7092
6908
7062
6999
6847
6693
6717
6726
6729
6474
6563
6649
6500
6602
6496
6656
6536
6451
6619
6354
6448
6373
6472
6621
6495
6418
6474
6400
6407
6480
6383
6476
6275
6390
6365
6378
6376
6239
6269
6427
6247
6354
6384
6403
6328
6316
6397
6352
6342
6431
6384
6375
6361
6374
6362
6206
6382
6535
6336
6254
6189
6430
6381
6346
6333
6254
6321
6223
6395
6260
6381
6435
6315
6334
6273
6345
6312
6447
6358
6340
6386
6365
6343
6264
6141
6214
6276
6211
6311
6293
6275
6310
6371
6274
6341
6276
6364
6372
6242
6372
6407
6355
6292
6299
6291
6414
6289
6247
6304
6350
6395
6318
6214
6171
6182
6238
6418
6280
6351
6216
6261
6195
6272
6243
6238
6374
6320
6271
6180
6283
6200
6177
6227
6285
6427
6117
6240
6201
6558
6432
6397
6331
6481
6509
6509
6554
6540
6443
6527
6788
6689
6726
6994
6899
7058
7245
7334
7445
7513
7729
8034
8267
8347
8878
9286
9309
9826
10094
10459
11040
11314
12078
12441
13168
13495
14083
14782
15307
15949
16773
17609
17897
18761
19549
20292
20899
21659
22109
23036
23751
24599
25592
25981
26890
27417
28046
28874
29429
30290
31100
31761
32558
32839
33530
34479
35151
35850
36346
37371
37864
38633
39720
40233
40948
41544
42372
43086
43982
44650
45311
45683
46360
46797
46930
47023
47475
47281
47220
46977
46571
45816
45666
44507
43925
42546
41801
40829
39547
38378
37066
35759
34550
33406
31884
30590
28927
28161
26552
25127
24060
22494
21728
20205
19018
17978
17105
16100
14861
14215
13583
12707
11957
11342
10666
10240
9650
9265
8734
8234
7890
7816
7453
7244
6861
6561
6555
6467
6145
6128
5962
5876
5776
5653
5610
5616
5611
5453
5438
5325
5345
5263
5177
5237
5120
5208
5130
5113
5061
5175
5133
5036
4994
4951
4961
5064
5006
5008
5042
4840
4970
4850
4918
4969
4873
4973
4865
4909
4972
4884
4694
4812
4815
4818
4871
4926
4889
4724
4881
4818
4874
4876
4870
4891
4856
4866
4844
4733
4769
4748
4893
4701
4894
4655
4812
4796
4698
4717
4733
4846
4712
4861
4678
4818
4924
4745
4675
4736
4691
4728
4744
4640
4668
4763
4704
4750
4686
4764
4715
4763
4696
4656
4701
4760
4657
4620
4703
4594
4754
4657
4639
4619
4624
4529
4624
4606
4619
4712
4730
4634
4714
4607
4638
4583
4557
4635
4646
4589
4568
4607
4521
4693
4535
4593
4520
4603
4565
4661
4531
4784
4581
4591
4632
4543
4579
4582
4603
4559
4598
4535
4546
4540
4604
4602
4647
4633
4568
4441
4480
4595
4535
4536
4637
4533
4606
4440
4576
4419
4511
4424
4608
4641
4589
4470
4409
4595
4487
4656
4601
4529
4608
4430
4597
4400
4567
4513
4461
4553
4537
4524
4563
4521
4642
4532
4579
4518
4465
4599
4496
4390
4479
4433
4473
4506
4510
4482
4483
4522
4547
4504
4499
4504
4517
4376
4513
4442
4500
4598
4475
4455
4386
4363
4410
4366
4179
4522
4481
4410
4479
4425
4428
4329
4415
4348
4428
4459
4448
4436
4404
4497
4571
4471
4405
4507
4460
4335
4403
4403
4499
4489
4297
4365
4362
4351
4346
4374
4389
4460
4363
4509
4312
4397
4355
4311
4315
4445
4361
4318
4329
4391
4377
4327
4414
4260
4192
4303
4394
4235
4348
4311
4291
4310
4434
4341
4307
4328
4259
4326
4374
4300
4274
4277
4250
4372
4273
4403
4261
4355
4299
4246
4336
4256
4376
4379
4251
4212
4405
4268
4300
4440
4352
4295
4359
4338
4410
4351
4347
4298
4242
4325
4329
4347
4244
4289
4317
4305
4392
4138
4142
4301
4324
4303
4256
4445
4340
4337
4248
4383
4247
4388
4370
4313
4324
4407
4292
4247
4307
4285
4397
4247
4251
4378
4402
4307
4210
4216
4408
4421
4346
4302
4281
4269
4306
4370
4364
4232
4312
4375
4306
4215
4338
4324
4223
4358
4387
4369
4317
4385
4235
4415
4383
4382
4283
4446
4257
4351
4364
4378
4293
4362
4313
4415
4354
4470
4403
4444
4505
4471
4405
4408
4581
4453
4441
4474
4455
4448
4511
4576
4475
4513
4441
4524
4526
4503
4613
4639
4558
4696
4649
4586
4750
4704
4832
4704
4877
4958
4822
5188
5305
5342
5553
5666
5808
6094
6160
6563
6688
6861
7506
7858
8113
8750
9358
10009
10754
11395
12172
12940
13950
15164
16004
17190
18263
19890
21093
22135
24029
25668
27283
28946
31100
32460
34560
36376
38172
40483
42037
44547
46314
48945
50941
52778
55523
57000
59856
61611
63919
65905
68084
69617
71958
74870
76836
78525
80426
82974
84755
86253
89175
91210
93231
95475
97460
98797
101181
103771
105609
107391
109604
112342
114120
115419
116655
118966
120460
121216
122100
122647
123005
122848
122173
121530
120075
118725
116826
114907
112796
110548
107810
104871
101544
98316
94651
90772
87359
83390
79462
75620
71447
68295
63941
60176
56735
52923
49892
46340
43197
39977
36641
34187
31735
29398
26794
24749
22943
20745
18992
17534
16041
14690
13557
12310
11242
10531
9520
8970
8130
7477
7013
6471
6071
5652
5320
4958
4776
4405
4269
4018
3905
3764
3483
3395
3284
3148
3094
2999
2889
2825
2765
2692
2592
2570
2474
2411
2464
2399
2420
2353
2245
2297
2203
2346
2153
2166
2176
2201
2190
2159
2161
2122
2043
2143
2083
1972
2017
2029
2054
1999
2023
1989
1994
1981
1996
1871
1909
1935
1980
1936
1927
1917
1951
1838
1933
1751
1871
1946
1905
1888
1829
1827
1839
1819
1843
1775
1815
1884
1827
1837
1791
1710
1821
1797
1762
1731
1847
1856
1808
1718
1764
1768
1746
1764
1722
1782
1726
1720
1766
1669
1785
1746
1686
1714
1717
1783
1697
1700
1706
1701
1708
1730
1708
1674
1734
1710
1705
1688
1678
1686
1757
1691
1675
1768
1684
1718
1585
1714
1663
1649
1637
1733
1642
1718
1598
1670
1657
1656
1733
1574
1597
1590
1635
1652
1589
1638
1597
1613
1695
1642
1727
1746
1644
1673
1732
1701
1696
1650
1797
1694
1710
1792
1748
1759
1854
1915
1821
1924
1905
2085
2051
2104
2160
2303
2383
2375
2434
2634
2800
2941
2882
3042
3302
3413
3659
3896
4005
4129
4376
4451
4778
4952
5161
5328
5853
6061
6407
6677
6845
7081
7290
7702
7969
8248
8644
8738
9171
9434
9595
9952
10276
10610
10693
11024
11267
11782
11976
12169
12447
12701
12874
13168
13429
13954
14103
14580
14502
15110
15563
15493
15803
16172
16337
16600
16758
16942
16842
16979
17212
17095
17131
17334
16940
16733
16860
16269
16366
15931
15516
15058
14823
14309
13448
13424
13164
12555
11898
11555
10980
10564
9945
9374
9036
8348
7991
7533
7219
6720
6410
5916
5571
5190
4834
4317
4210
3876
3732
3403
3350
3047
2823
2643
2562
2409
2295
2259
2097
1964
1905
1840
1684
1695
1616
1636
1565
1441
1478
1434
1400
1387
1357
1343
1347
1296
1297
1245
1172
1257
1308
1151
1184
1184
1202
1206
1178
1245
1147
1173
1142
1088
1062
1093
1094
1174
1149
1054
1041
1070
1107
1062
1081
1097
1096
1063
1104
1064
1066
1144
1068
1154
1028
1133
1079
1091
975
1083
1003
1058
1072
1043
1073
1013
1034
1027
1054
994
1047
1104
969
1003
1046
986
1039
1029
1040
1044
965
1027
1007
996
1003
983
1026
970
1018
1082
979
1023
973
955
989
988
978
957
930
939
1015
980
952
953
957
1005
1021
969
965
943
919
969
924
943
961
1006
975
973
940
1003
953
945
933
969
938
978
918
944
964
989
989
952
931
946
957
941
990
897
926
931
916
955
975
944
938
912
869
914
982
915
976
891
929
914
922
992
977
895
978
944
949
941
971
909
912
871
933
895
925
930
892
926
956
848
867
860
872
899
911
875
897
877
923
922
922
883
873
848
924
895
918
869
876
888
891
828
875
901
874
829
876
883
833
873
896
877
893
862
814
875
870
814
837
875
838
906
891
880
877
865
862
896
812
869
853
833
831
940
880
884
831
811
786
843
787
891
852
831
875
842
837
862
829
877
897
842
826
883
860
837
842
844
819
840
834
807
889
795
816
755
879
815
805
803
832
788
801
817
825
794
795
848
796
852
831
821
849
815
852
781
839
842
871
818
824
803
857
798
800
791
809
813
792
830
833
811
814
739
801
802
804
820
761
821
800
843
797
825
847
789
838
852
814
802
790
821
811
793
787
820
843
829
875
817
844
810
775
844
799
809
810
746
803
824
808
839
837
803
772
780
774
729
789
797
803
775
791
744
781
777
787
791
790
797
774
808
788
787
838
766
782
837
803
796
752
831
770
793
729
803
782
810
842
761
769
740
785
779
797
770
785
794
761
702
759
784
783
767
746
817
788
768
756
768
801
777
802
814
772
729
743
729
776
739
720
787
806
745
736
741
758
755
791
769
775
775
725
716
779
755
725
731
738
788
790
769
715
708
718
783
749
689
735
738
796
757
761
739
765
764
721
763
742
792
749
785
777
798
783
796
791
743
801
799
806
783
801
819
761
813
804
805
821
746
826
816
870
793
873
877
874
862
869
814
870
836
842
820
892
877
803
822
864
859
922
894
881
927
873
905
866
867
860
892
880
947
898
852
857
887
891
898
878
846
877
856
880
902
871
875
843
876
857
794
853
834
829
867
801
828
785
739
827
798
756
724
749
743
727
776
786
721
715
724
739
721
658
685
741
707
713
699
680
707
679
644
659
657
682
710
644
699
695
648
704
632
645
689
665
711
636
675
613
654
676
680
692
694
638
644
675
659
646
703
613
581
628
601
603
628
662
620
643
661
631
677
650
636
671
711
678
668
604
668
645
643
625
651
618
644
606
646
650
668
662
659
656
687
613
664
604
584
624
678
627
633
622
647
627
634
634
612
650
636
606
626
614
643
588
612
660
583
606
608
607
625
651
638
619
651
645
601
645
586
625
653
652
601
618
624
654
635
595
614
638
594
596
597
602
635
632
624
607
589
653
575
617
580
592
636
617
645
574
562
599
626
600
602
605
582
613
623
638
599
588
586
622
657
584
583
596
585
621
620
581
625
598
607
612
598
646
608
589
618
585
570
621
594
622
587
594
615
585
600
586
580
580
608
576
592
581
555
569
588
594
646
567
602
559
595
561
572
584
560
617
556
597
588
574
575
592
542
572
613
564
581
622
565
602
570
597
618
547
572
585
651
586
562
552
590
597
541
570
562
599
520
609
614
582
556
554
576
607
612
581
580
568
556
574
576
550
589
587
558
561
550
570
569
561
561
542
564
558
550
577
602
602
558
590
548
549
567
575
566
559
586
494
556
514
568
571
546
542
493
544
534
596
550
547
552
537
521
513
606
568
549
541
555
572
563
514
537
531
563
585
497
558
520
549
531
576
560
533
578
533
528
551
546
546
593
542
587
523
518
557
494
510
545
553
563
536
490
529
527
551
580
531
559
532
532
535
553
492
514
563
527
549
520
524
480
524
487
500
583
551
513
519
516
494
537
540
541
521
526
515
549
533
569
549
512
492
531
483
504
521
518
526
473
499
520
498
568
525
556
506
546
542
498
494
502
501
496
524
506
546
484
504
513
519
484
478
503
523
472
530
546
501
505
544
513
473
552
515
506
471
493
541
539
545
505
542
503
496
479
504
498
510
477
485
544
546
486
484
535
524
445
484
502
506
494
483
472
485
472
481
499
502
521
500
511
510
529
522
477
511
489
481
505
471
505
478
492
455
483
457
518
467
463
480
460
462
475
474
491
480
455
468
494
507
527
484
493
533
487
506
490
480
502
470
451
527
455
484
454
477
499
485
501
467
496
462
476
464
432
434
503
475
485
494
462
505
471
437
485
524
516
451
440
482
516
466
517
493
508
485
436
474
452
475
444
481
473
453
505
434
504
472
505
452
462
473
465
462
446
483
461
474
453
470
460
452
452
458
451
447
482
448
449
447
464
479
454
478
478
478
481
472
461
445
444
454
397
412
468
458
457
477
445
481
460
465
475
499
469
434
455
456
459
435
473
458
427
479
479
497
471
464
477
420
479
451
468
422
459
467
444
456
498
485
467
474
443
438
405
469
425
460
466
467
439
423
429
433
433
447
441
452
425
464
428
447
428
448
406
470
405
432
445
443
445
446
440
454
414
433
438
449
432
460
472
446
422
426
452
445
422
414
458
390
444
424
424
437
436
418
429
411
424
427
427
435
446
438
412
411
405
432
442
435
436
417
409
430
447
429
458
440
415
452
431
442
423
421
448
393
465
441
430
402
426
417
458
464
447
410
421
431
408
404
403
426
437
399
425
454
426
416
420
387
444
415
412
463
411
433
443
395
470
418
445
437
437
410
416
418
397
429
451
401
395
455
423
401
433
407
398
395
405
401
409
439
387
389
409
402
389
421
358
409
399
384
420
377
386
381
427
402
392
382
381
422
383
357
397
360
396
400
385
392
403
371
399
372
381
416
442
396
372
377
368
400
384
395
405
334
415
378
385
393
385
388
396
350
388
424
391
352
379
377
364
397
352
360
393
366
396
346
400
367
375
361
384
377
364
405
345
386
364
352
413
343
347
389
386
356
352
353
396
369
331
378
399
433
375
339
393
379
349
370
349
392
355
366
372
369
387
365
369
349
343
341
333
359
368
339
376
346
358
338
369
370
365
362
361
308
336
367
359
357
355
352
360
360
371
383
398
385
353
373
362
366
377
342
351
366
348
355
393
326
341
368
345
301
391
349
342
333
342
345
330
324
332
353
331
331
333
351
338
359
365
353
333
377
350
346
347
329
328
377
351
343
350
314
326
337
343
351
333
343
361
334
334
348
356
316
318
341
351
334
345
310
322
322
334
334
306
322
337
351
317
350
331
355
342
349
327
300
315
336
355
334
317
343
324
336
328
300
308
333
353
299
323
328
320
310
318
339
330
296
325
332
348
326
324
327
315
314
367
315
312
317
324
325
288
326
296
295
312
335
312
307
341
298
345
314
344
309
355
289
309
312
310
305
311
329
295
295
305
310
268
286
278
322
291
313
298
297
344
339
330
335
312
286
324
303
317
317
281
325
309
300
307
282
298
287
301
287
331
308
321
332
309
346
294
282
298
322
305
331
317
298
314
311
288
322
313
323
276
317
350
341
351
284
327
290
314
280
327
294
313
325
312
285
299
286
292
292
289
266
303
318
318
321
284
263
321
283
293
304
284
264
319
265
311
258
288
311
276
307
278
307
283
276
286
304
286
308
265
293
269
316
286
317
305
303
303
296
292
312
289
307
253
296
285
289
301
255
323
310
285
301
285
313
286
291
321
250
290
291
270
278
269
288
306
284
296
313
275
268
305
265
262
274
261
304
327
287
285
249
262
288
267
241
301
266
264
293
259
245
251
260
268
301
262
277
269
283
284
267
310
247
257
252
279
259
253
268
253
263
252
260
261
310
247
295
277
259
284
262
263
228
264
271
283
253
248
265
273
267
268
265
249
267
238
283
263
254
259
257
258
250
275
277
242
277
267
256
232
263
259
246
258
245
256
249
243
265
271
233
253
233
286
235
258
262
250
241
277
244
271
246
222
250
219
218
256
260
292
239
266
245
252
231
223
261
254
220
260
268
244
224
249
247
277
249
223
224
233
242
266
249
278
254
203
243
228
254
277
257
237
243
243
263
208
219
228
233
276
243
239
212
228
254
226
229
248
239
239
249
213
249
275
238
243
261
236
216
268
227
249
211
226
256
249
223
234
218
209
229
229
245
225
235
242
243
238
238
233
229
224
242
244
243
220
248
236
266
232
233
206
229
253
238
215
243
217
232
207
230
257
244
240
245
217
204
251
227
232
194
231
215
235
242
253
221
265
196
229
219
226
242
231
218
235
191
225
235
211
243
252
240
218
243
208
210
212
207
231
248
221
235
245
224
211
239
225
208
215
228
232
205
234
202
246
188
182
252
193
211
240
224
223
240
217
223
238
222
227
233
219
225
236
237
212
207
231
210
231
225
236
229
232
199
206
210
248
217
222
239
221
187
227
222
230
207
199
217
210
243
231
210
221
245
224
209
211
197
223
204
222
218
224
194
216
188
225
222
210
202
192
189
208
192
203
241
205
248
210
224
237
220
197
206
214
206
194
212
170
216
177
197
204
199
192
198
188
179
183
230
223
183
185
181
175
187
206
199
223
178
174
169
204
194
212
185
193
190
206
187
194
170
181
176
213
195
180
187
189
210
179
212
196
186
193
196
189
175
193
196
209
192
199
195
190
180
187
182
196
189
194
199
165
184
183
170
195
183
198
192
223
192
166
205
179
204
187
191
192
176
198
188
167
176
194
191
166
173
188
182
178
172
163
197
185
174
161
203
168
181
168
189
205
180
172
163
196
193
198
183
184
180
179
208
198
181
179
199
160
177
190
175
179
181
180
189
177
189
182
184
196
158
164
191
195
185
178
204
179
192
172
183
182
177
194
177
190
194
187
171
187
170
172
166
175
189
171
168
188
179
168
155
192
173
177
174
204
194
169
176
192
179
168
169
179
158
192
175
173
200
168
169
185
175
179
202
192
179
189
171
199
191
187
160
185
219
190
175
168
176
164
178
191
184
177
168
177
175
198
176
174
188
199
186
177
214
182
184
202
172
204
179
200
198
187
179
174
165
186
176
183
189
188
171
180
168
179
178
189
198
183
167
165
189
162
196
168
177
185
179
179
172
192
181
189
151
194
172
170
177
175
178
178
159
160
162
185
171
172
169
174
159
159
162
181
147
165
162
154
159
146
177
178
180
141
173
161
154
142
165
140
153
158
165
143
145
163
142
174
154
158
157
162
172
172
156
181
149
175
159
148
187
149
145
139
150
148
172
168
174
155
157
144
135
176
149
162
149
175
142
151
168
159
149
162
147
148
166
128
160
157
133
164
148
157
143
167
155
159
157
142
159
163
144
161
144
156
159
146
165
159
174
143
158
165
151
165
165
151
154
149
146
165
149
148
149
141
154
142
160
192
152
160
165
160
132
148
154
142
153
176
166
149
146
137
149
150
140
137
142
168
164
195
156
173
160
139
149
133
166
161
157
145
168
150
150
179
134
133
151
159
169
149
158
162
149
156
186
162
183
140
146
161
186
146
176
153
174
165
149
157
147
173
166
176
167
183
181
150
158
165
146
163
150
166
137
160
164
187
169
152
181
154
160
146
152
159
148
151
189
148
187
149
175
148
134
155
139
149
152
154
154
175
155
158
138
154
164
159
159
146
145
139
171
157
155
140
164
154
147
133
138
139
147
141
135
134
135
141
143
119
137
132
141
129
146
124
123
136
120
123
142
137
169
148
136
142
152
121
132
143
147
128
127
141
134
132
120
126
123
116
96
115
120
116
135
137
127
140
137
122
124
140
116
149
128
126
134
141
117
133
123
135
133
125
123
140
125
132
129
119
122
126
122
132
122
115
142
138
121
119
127
117
119
121
116
111
131
125
120
133
136
137
146
125
133
156
120
135
146
117
113
137
118
134
126
121
118
121
130
123
134
119
126
146
110
122
140
133
139
122
114
125
127
107
121
108
124
136
113
130
120
126
134
139
105
131
122
137
120
134
116
119
140
123
145
135
137
129
127
128
144
128
123
120
150
128
118
137
128
138
116
138
128
166
119
140
142
159
135
134
153
137
135
129
153
157
133
115
114
135
132
147
155
122
120
131
164
131
137
136
145
151
142
140
141
138
141
138
119
191
142
134
146
147
139
158
139
155
151
120
156
147
151
167
155
151
151
169
177
144
122
145
147
175
164
170
166
163
158
163
166
176
159
164
156
160
144
139
156
158
148
143
185
163
175
149
175
154
169
176
163
153
151
141
141
149
161
130
154
139
144
134
150
112
138
126
141
116
121
142
138
136
106
138
125
123
118
114
116
112
115
107
86
104
104
124
99
99
83
83
92
98
112
95
87
102
78
96
88
89
91
84
83
84
78
84
96
77
91
93
107
81
83
78
84
96
90
88
66
90
97
105
74
82
87
93
88
110
78
99
85
82
104
83
81
81
77
69
92
83
85
96
94
78
79
67
95
76
79
84
89
91
97
87
91
85
84
84
68
73
86
80
70
89
85
81
91
85
91
74
69
92
74
80
91
95
71
71
74
88
73
82
86
84
85
89
82
80
82
84
76
82
60
78
86
91
64
87
90
86
91
80
79
77
78
65
89
95
81
84
87
96
76
92
89
77
76
82
78
82
94
81
86
78
78
94
71
82
70
79
82
85
87
81
83
72
66
76
75
80
64
78
78
77
81
70
80
73
89
78
92
83
72
73
73
91
75
81
89
76
81
82
78
87
77
78
90
71
94
81
81
91
86
80
79
82
84
65
72
78
96
83
67
88
78
76
94
108
110
85
85
72
85
84
94
91
85
85
82
90
89
78
69
95
81
83
88
97
78
82
65
73
80
78
89
69
83
96
94
91
75
90
94
83
88
79
89
75
91
98
83
83
92
71
76
87
79
81
92
80
94
88
88
68
105
92
79
84
95
74
81
76
84
83
74
90
85
76
71
89
85
90
78
72
73
73
68
67
82
82
81
74
94
56
62
81
81
83
80
81
85
81
63
80
78
91
70
81
69
69
78
70
76
72
79
79
97
77
73
88
78
72
76
79
86
98
67
73
67
80
77
84
82
77
94
75
90
96
79
84
78
81
77
90
72
76
92
85
76
71
73
83
89
77
83
63
81
76
83
77
75
66
65
66
70
86
84
68
68
84
70
83
82
79
63
89
76
67
74
79
66
88
75
82
79
69
66
66
70
82
69
78
81
79
76
79
71
89
73
96
79
62
89
88
85
84
65
95
66
86
65
79
87
72
76
83
66
64
95
90
84
76
79
86
82
95
112
93
83
71
91
80
91
98
99
67
91
99
84
100
87
82
90
75
82
87
87
97
73
84
87
99
98
76
88
94
91
87
90
90
95
84
93
85
89
94
101
97
97
89
106
117
94
87
121
110
117
96
121
108
94
107
102
118
114
132
109
135
111
115
130
109
130
109
113
120
117
128
136
122
138
107
121
136
127
117
102
109
126
145
141
127
129
125
156
136
124
121
106
137
149
116
106
124
107
116
108
116
110
98
107
88
121
100
105
98
94
97
67
89
93
82
90
69
77
73
84
66
68
68
73
67
55
64
59
63
59
60
49
58
67
45
42
49
39
53
43
29
35
40
33
40
36
44
31
44
33
35
40
37
36
28
32
33
30
44
41
20
38
38
34
33
35
32
24
27
23
33
27
31
29
33
30
26
27
43
31
33
23
32
35
26
37
29
37
33
30
31
20
26
33
29
28
26
26
24
36
39
33
31
29
29
34
27
33
30
29
24
39
38
35
23
27
27
31
33
28
19
23
28
32
29
33
34
20
30
31
41
28
32
27
37
29
28
23
29
30
29
35
49
32
25
36
38
33
33
37
20
30
32
36
26
34
44
31
35
31
30
30
23
38
26
32
28
39
43
38
33
32
27
27
28
28
26
24
40
26
26
22
39
24
37
36
28
30
33
38
30
31
49
37
44
35
26
35
30
28
28
40
37
29
37
24
40
35
29
34
36
34
32
39
33
42
22
24
32
38
32
29
32
25
35
38
34
33
24
29
40
40
35
43
36
44
38
34
44
38
27
35
31
32
38
50
49
44
44
40
39
49
35
43
43
39
59
40
41
43
45
48
49
45
38
37
46
47
47
54
38
45
44
52
35
43
33
47
43
39
28
37
43
50
40
33
40
25
38
55
43
43
33
28
51
30
33
31
27
32
31
27
41
26
28
39
27
33
31
27
26
23
29
24
26
31
21
20
28
21
21
20
27
22
19
12
23
16
13
17
15
14
26
24
15
19
19
16
15
18
19
16
12
16
13
15
26
19
21
20
17
16
13
17
15
16
18
13
11
16
15
22
13
15
23
15
20
17
17
16
18
16
15
14
23
19
13
12
18
8
14
10
18
20
10
19
14
21
14
10
16
14
11
11
19
12
10
11
18
16
4
14
13
11
13
17
13
23
15
20
14
14
14
12
15
10
14
16
17
14
14
12
19
12
10
14
8
14
14
14
19
19
15
21
16
20
14
17
10
12
20
9
12
9
23
18
9
12
11
16
11
15
17
10
19
22
20
12
16
12
20
13
11
8
15
14
19
13
16
16
20
19
14
14
6
17
10
14
15
17
13
8
12
12
10
22
16
13
18
18
15
12
13
11
14
8
14
13
17
13
19
14
9
15
13
13
11
12
15
16
14
12
14
18
17
20
18
12
7
18
17
27
19
13
8
11
12
15
12
9
17
11
12
9
14
14
15
19
18
15
11
8
13
9
18
18
14
12
16
15
13
13
13
14
19
14
12
21
15
12
12
20
9
15
20
14
15
16
22
18
19
16
14
13
14
16
20
13
22
7
8
19
16
13
14
7
16
16
18
15
8
17
17
22
21
11
13
13
17
10
10
11
6
14
20
22
13
18
12
14
16
13
13
18
16
21
13
11
13
19
20
7
18
11
9
13
15
14
9
18
12
9
11
11
11
14
6
6
7
14
14
10
13
10
8
10
14
13
14
10
8
12
16
10
19
8
12
10
8
8
6
13
17
14
12
13
13
6
8
9
12
15
11
10
13
7
14
11
13
9
19
13
8
9
9
10
16
9
6
10
9
11
7
17
8
12
10
9
9
11
7
8
8
11
7
13
9
17
10
9
10
10
9
10
17
7
7
13
9
8
8
10
13
13
9
14
15
5
10
15
12
14
7
21
12
9
14
9
7
9
14
17
8
15
10
17
15
17
12
11
14
13
8
14
12
18
7
14
12
12
13
15
21
5
6
15
10
10
9
15
12
10
7
9
10
10
17
6
10
12
9
9
10
13
11
11
8
19
13
12
20
10
11
14
13
7
10
14
10
14
7
9
8
6
10
15
9
6
9
13
10
13
12
10
15
9
8
6
11
8
11
9
6
6
7
14
10
11
7
10
14
16
17
9
12
12
13
5
18
14
15
15
6
12
12
15
17
10
11
14
11
11
10
10
9
9
17
8
20
13
11
8
15
16
10
15
11
9
12
12
13
9
17
12
19
13
11
15
16
21
11
6
12
18
8
9
14
10
14
6
8
14
8
5
9
11
10
12
10
14
10
16
11
10
9
5
10
6
4
11
15
9
10
7
15
12
10
15
5
7
4
14
13
13
10
8
13
8
10
12
11
10
14
11
6
7
10
12
9
6
6
11
14
6
4
14
7
13
9
6
9
12
12
16
11
12
7
11
11
14
11
9
2
11
11
11
16
11
7
10
8
9
14
7
9
7
12
8
8
9
18
12
7
8
6
8
12
13
6
7
11
13
8
9
8
8
5
13
7
11
11
13
7
11
10
9
8
15
10
9
10
9
13
11
9
6
13
8
5
12
15
12
5
9
7
5
9
8
8
6
8
11
12
4
10
14
9
11
6
9
10
14
13
4
10
5
8
6
6
8
6
10
10
6
6
8
7
7
5
5
9
10
8
7
9
7
7
9
4
8
5
12
12
7
5
5
12
4
9
5
6
10
12
6
6
10
11
16
14
4
7
11
8
8
5
8
8
13
7
10
11
13
11
5
3
7
8
10
13
9
8
8
14
6
7
6
10
9
6
5
13
6
6
11
13
10
9
7
8
7
9
2
5
9
9
8
11
8
4
9
10
9
7
12
10
4
10
3
3
10
5
10
13
7
5
7
12
7
8
4
9
5
6
7
8
8
8
9
6
8
6
10
9
8
4
6
11
6
14
11
8
7
5
9
7
7
4
8
10
8
16
5
11
15
4
5
10
9
9
10
11
13
11
9
9
11
12
4
13
12
8
13
6
4
4
8
9
9
9
11
9
9
6
7
9
3
9
6
7
5
9
11
2
12
5
7
9
11
9
4
3
10
9
7
9
11
9
6
3
8
9
7
10
4
8
8
6
10
7
9
7
9
6
4
8
4
4
4
5
5
8
9
6
10
7
11
7
4
10
4
11
5
5
7
5
7
15
12
5
12
7
7
12
10
6
13
5
8
11
9
6
8
6
14
8
4
8
8
9
3
8
11
2
8
12
10
11
8
5
9
4
4
8
10
5
7
8
9
8
11
8
11
9
12
9
6
6
11
3
6
6
6
12
8
6
10
5
8
15
8
9
7
12
10
4
7
5
4
5
5
9
4
4
4
10
9
5
9
9
9
15
10
9
9
8
5
9
4
6
6
9
3
4
3
9
6
4
7
13
6
10
11
7
4
7
11
8
9
8
7
8
10
2
6
3
8
7
6
3
8
4
7
5
3
14
3
7
10
7
6
8
1
3
10
3
5
4
5
13
4
8
7
4
6
5
9
5
4
9
3
3
7
7
9
9
7
5
7
9
12
6
7
11
12
5
4
11
9
9
9
3
7
7
9
6
7
4
6
6
8
3
8
8
4
5
3
7
5
8
8
4
8
7
8
5
6
4
6
8
6
7
7
7
4
11
7
4
5
7
5
9
10
9
7
9
6
7
9
5
5
5
7
9
7
12
8
5
7
4
6
5
7
8
4
10
11
6
11
14
8
7
4
5
5
10
9
7
10
7
11
11
9
3
7
7
9
5
12
7
4
3
6
2
9
5
8
6
8
8
10
6
4
9
8
3
4
4
4
4
5
7
5
6
7
9
8
8
5
7
12
8
4
4
5
8
4
7
8
7
3
7
9
8
6
7
3
2
4
6
4
6
7
8
6
4
8
8
6
7
10
4
9
4
6
7
5
6
6
5
9
4
5
3
3
10
6
6
12
4
4
5
5
10
5
9
5
8
9
8
6
9
11
10
8
5
4
5
4
7
5
5
8
7
8
2
6
7
7
8
7
9
7
6
7
5
8
10
4
4
9
10
3
8
9
4
5
5
5
4
6
4
2
4
6
10
6
4
2
6
7
6
5
8
2
6
4
9
5
3
3
4
11
5
4
8
3
7
7
2
6
11
4
9
3
8
7
9
6
9
9
4
2
5
7
3
8
4
8
7
6
3
7
5
4
9
5
5
8
4
3
5
4
6
8
7
8
6
6
8
2
3
6
4
9
4
5
5
4
5
5
4
4
4
1
9
10
5
3
5
7
5
9
6
10
4
10
6
10
3
13
4
4
4
15
3
4
6
4
6
4
5
4
7
7
4
10
5
9
9
3
7
6
5
2
3
6
6
5
8
6
5
3
8
5
4
8
7
7
4
5
4
7
7
10
2
8
3
9
4
6
6
5
7
7
5
6
2
1
5
8
7
11
5
3
7
7
3
14
9
5
5
5
6
8
10
8
2
7
5
5
5
4
6
4
8
4
4
6
5
3
3
2
3
3
5
7
4
3
6
6
2
4
7
6
6
4
2
5
7
5
4
4
2
8
3
13
3
6
4
4
4
10
8
7
5
8
7
5
4
10
4
2
7
10
3
8
5
6
10
5
3
4
7
3
6
4
7
8
6
3
6
2
3
4
5
4
4
3
8
4
7
3
4
3
6
5
2
2
2
3
4
4
11
2
10
7
3
5
6
7
8
5
4
3
6
3
6
4
7
3
6
4
8
5
7
4
1
4
6
3
4
4
3
6
2
4
5
5
9
7
9
0
3
5
6
4
4
6
5
4
4
4
6
6
4
6
2
5
2
9
4
3
8
4
4
3
8
4
2
6
8
2
4
8
5
6
2
7
2
7
6
4
6
5
9
4
10
3
6
4
10
6
9
7
10
5
6
8
5
6
5
9
11
8
16
8
16
8
13
5
12
6
7
14
11
7
3
3
5
12
9
12
8
12
7
4
4
11
7
7
9
4
15
7
11
5
8
9
3
7
3
5
8
7
7
5
7
5
7
9
7
4
6
7
12
7
3
5
5
10
12
7
3
2
3
7
4
2
14
8
5
7
4
3
8
1
7
1
4
5
3
1
1
5
5
3
5
7
5
5
5
6
3
3
4
3
4
3
9
2
5
2
3
3
6
2
1
4
6
2
1
1
7
2
7
3
4
8
3
5
5
5
2
5
5
4
6
7
4
4
2
4
2
4
10
6
5
5
9
4
4
3
1
5
4
8
1
4
8
4
2
4
4
3
6
7
6
4
3
4
2
7
5
1
6
3
1
6
7
6
3
2
5
6
2
2
5
7
2
6
7
5
0
1
8
3
4
5
4
7
4
2
6
4
0
3
2
3
3
6
9
3
7
4
4
3
6
4
6
8
5
3
6
4
4
3
2
3
2
4
3
5
3
2
6
8
4
4
6
4
4
8
5
8
4
6
4
5
7
2
1
6
2
2
5
6
5
8
5
3
7
4
6
6
4
8
7
3
5
7
2
6
7
3
5
7
4
5
3
3
3
6
5
6
4
7
6
8
3
2
6
5
8
5
5
3
4
6
3
4
4
9
3
6
3
7
4
6
4
1
3
1
4
3
5
5
2
6
6
2
2
3
9
3
3
3
3
7
4
6
4
1
2
5
5
4
4
5
7
3
3
2
8
2
2
5
6
1
3
4
5
4
6
2
7
8
5
5
3
6
7
4
2
5
7
5
6
4
4
5
6
3
4
1
4
1
6
2
5
3
0
8
3
4
8
3
5
6
3
4
4
3
2
3
4
4
9
6
3
6
5
6
4
4
1
4
9
2
4
4
2
5
5
1
7
1
3
2
2
3
3
7
4
4
4
6
6
3
7
7
5
2
6
4
2
4
4
4
8
1
4
4
5
1
5
4
1
1
3
8
3
3
1
5
4
5
3
6
2
4
3
6
2
3
4
4
5
3
6
3
2
2
3
5
4
2
6
4
9
4
3
6
13
6
3
3
3
4
1
4
3
6
4
4
6
3
2
5
6
1
8
2
9
1
3
4
3
4
8
5
3
6
1
4
1
4
2
5
3
4
6
4
6
6
5
5
4
2
3
9
3
6
2
3
3
2
3
3
3
7
7
6
7
2
1
5
7
3
9
3
4
6
8
2
5
4
5
4
5
5
4
3
8
2
6
5
5
5
4
8
4
11
4
4
3
8
6
7
4
5
6
7
6
4
7
9
6
4
5
7
7
5
5
9
7
3
4
7
5
3
10
4
4
4
7
6
4
4
5
6
2
8
1
10
8
5
3
4
3
5
4
9
10
5
3
8
10
10
6
10
7
9
2
5
7
5
6
8
5
9
2
5
3
8
4
6
7
5
9
4
4
4
4
8
6
4
7
7
7
4
8
3
5
7
3
3
1
1
5
6
4
8
2
5
1
1
2
4
5
0
2
6
2
6
6
6
5
5
2
4
2
2
0
2
4
3
5
3
4
2
5
4
2
6
2
4
2
3
6
3
4
3
2
5
6
5
3
2
5
3
2
3
8
6
6
5
3
2
2
7
2
3
5
2
5
5
5
2
1
2
1
4
3
2
2
4
5
2
1
1
5
4
2
3
7
1
3
3
2
5
1
4
2
1
4
1
1
1
1
4
5
5
3
4
4
8
5
0
2
3
1
3
2
7
1
2
3
2
3
2
7
5
4
4
4
1
1
2
5
3
2
2
3
4
2
3
2
4
1
4
7
3
3
5
4
3
2
3
3
4
2
1
2
7
4
5
2
1
3
5
2
4
5
4
3
4
4
2
4
1
3
1
3
6
8
6
3
4
3
1
1
2
3
2
1
1
1
1
4
3
6
5
3
0
2
6
6
3
3
4
4
4
5
4
4
4
6
1
2
3
5
2
3
2
2
3
3
4
6
3
2
4
2
1
4
3
3
0
3
2
4
1
4
2
3
1
4
5
5
5
5
10
3
4
3
0
1
6
1
3
3
4
4
9
4
6
1
6
5
1
5
3
3
6
4
3
6
2
2
2
2
4
4
3
7
3
6
3
4
1
4
4
2
3
3
2
6
5
3
4
3
3
5
2
6
0
4
4
11
7
3
5
0
1
7
1
4
4
2
3
6
2
2
1
3
3
4
0
4
7
4
4
4
1
3
3
4
2
0
1
2
2
3
1
2
3
2
2
4
5
3
4
2
2
3
4
1
2
0
1
4
1
1
1
1
1
4
2
6
2
4
4
4
4
4
2
5
4
5
0
3
0
6
3
1
5
2
3
2
4
4
0
8
4
3
0
3
0
2
5
3
1
2
3
4
0
3
2
6
3
2
6
0
1
3
2
2
2
3
3
3
1
5
1
3
3
4
4
2
3
1
5
7
3
3
2
2
2
1
5
2
3
4
6
4
1
3
1
8
1
5
4
3
1
3
2
3
2
2
0
2
4
1
5
3
5
4
4
3
1
4
6
3
1
3
2
3
2
3
0
2
4
2
1
0
4
1
0
2
3
3
1
5
0
3
1
7
3
4
3
4
2
5
4
3
4
3
3
0
2
2
6
1
3
2
2
3
6
3
2
0
4
4
2
2
1
0
0
4
5
4
0
0
1
2
3
2
2
3
3
6
2
4
3
4
5
4
5
2
3
3
2
6
1
4
1
2
4
4
7
4
2
8
1
3
0
3
3
0
2
3
4
3
4
2
1
4
1
2
3
5
4
3
8
2
5
3
4
3
3
3
5
2
5
2
1
3
2
4
2
5
0
1
2
6
2
2
3
4
3
1
7
1
4
1
2
4
2
4
1
2
2
6
3
2
3
2
2
2
4
6
2
5
3
2
2
4
3
1
2
3
1
3
5
4
2
2
3
3
5
1
1
3
1
3
4
1
3
2
4
2
1
3
1
1
1
4
4
4
1
0
0
2
3
3
1
4
4
2
4
7
3
4
5
1
3
3
5
1
2
4
6
3
1
0
1
1
2
7
1
1
5
0
2
2
1
3
2
2
4
3
2
3
3
1
2
4
3
5
1
2
2
2
5
0
4
5
0
3
2
4
2
0
4
1
3
1
4
4
3
5
0
3
6
3
1
1
2
3
2
2
5
2
2
0
2
3
1
1
4
5
3
2
1
4
1
2
5
0
2
6
1
2
2
3
2
1
1
3
1
1
3
5
1
6
5
4
4
1
0
1
2
1
4
0
3
2
1
2
6
2
2
0
2
4
2
4
2
2
1
5
1
2
2
2
1
0
7
5
2
2
6
1
3
1
4
3
0
1
3
1
3
1
7
3
4
2
5
5
4
3
1
4
2
3
2
5
2
3
1
4
4
0
5
1
1
0
4
3
0
2
2
3
2
2
2
3
3
5
2
1
5
1
2
1
2
2
2
3
5
2
5
5
2
1
6
5
5
3
2
1
4
4
3
3
1
2
4
1
2
4
0
4
3
5
3
0
3
6
3
3
1
1
2
5
1
1
1
5
0
1
6
4
3
0
6
3
2
3
3
2
4
3
3
7
0
2
1
1
5
4
2
0
1
3
1
3
3
1
2
4
4
5
7
1
2
3
2
1
2
2
1
4
4
0
1
3
0
2
2
3
4
4
3
0
4
4
2
3
3
0
1
5
2
1
2
4
2
8
3
3
3
3
4
6
4
0
1
3
6
1
2
2
1
3
3
0
2
3
1
2
4
3
1
4
2
2
2
5
2
5
3
4
5
0
3
2
1
3
2
4
3
1
5
1
2
2
3
1
0
2
1
1
3
4
3
2
5
3
4
3
3
3
5
4
6
0
2
1
2
0
0
3
2
3
6
2
1
2
4
3
1
3
2
4
4
2
1
0
1
1
2
1
3
2
1
2
6
3
1
2
2
1
3
1
2
0
3
4
1
2
0
1
3
2
1
2
0
4
1
3
6
3
1
0
2
3
3
2
1
0
4
1
2
1
2
3
1
0
3
2
4
4
1
3
2
2
0
6
4
0
1
2
0
1
3
2
2
2
2
2
3
3
2
3
0
2
3
5
3
2
1
2
2
5
3
1
2
3
3
2
2
2
1
1
5
2
3
1
1
3
1
0
3
1
3
1
3
1
6
0
1
3
1
1
3
1
6
3
2
7
0
5
3
3
1
3
4
5
2
4
1
3
2
6
3
3
2
4
2
3
2
0
0
1
0
1
1
1
1
2
3
2
1
0
1
3
1
6
2
1
2
1
1
4
2
1
1
2
1
2
2
1
4
2
2
5
2
2
0
1
4
0
2
1
0
1
2
1
1
3
1
1
1
3
1
0
2
0
2
3
2
3
9
2
2
0
1
0
3
2
1
2
5
2
3
2
5
1
1
1
3
4
1
2
5
2
4
3
4
2
1
1
3
5
3
4
2
2
0
1
3
5
2
3
3
2
4
6
3
1
3
3
3
3
0
1
0
2
1
2
3
1
3
1
1
1
1
5
2
4
0
2
5
2
0
0
1
4
2
1
1
2
3
4
0
5
1
1
2
1
2
4
2
6
2
2
4
3
1
2
4
0
1
2
4
2
3
1
1
1
1
0
2
3
0
4
0
3
0
3
0
4
0
3
4
3
5
1
0
5
1
1
3
2
2
3
3
2
3
0
1
3
0
2
4
2
3
1
5
3
0
5
6
3
3
6
3
1
1
2
3
4
4
3
1
1
3
0
6
3
4
1
3
2
5
7
5
2
1
3
2
2
4
2
3
1
1
1
2
2
6
4
4
4
1
1
1
1
3
2
1
3
3
1
3
4
4
1
1
2
3
2
6
2
3
6
5
5
3
4
0
3
2
3
4
2
6
1
4
3
3
4
5
1
4
5
5
6
2
5
4
10
5
3
6
8
4
5
8
7
4
3
2
7
5
2
1
4
9
3
4
9
6
7
6
2
3
7
4
3
3
4
4
7
3
6
5
3
1
6
6
2
6
2
5
1
1
0
6
5
3
3
4
3
4
2
3
4
1
1
0
5
2
2
0
3
1
2
4
2
3
2
1
5
0
3
2
2
2
3
3
2
3
1
2
1
2
3
5
3
0
3
5
1
4
0
4
5
0
0
2
0
2
2
3
2
3
1
1
2
4
0
3
2
2
4
1
3
2
2
2
1
0
1
2
3
3
6
1
2
4
3
4
2
2
3
1
0
1
0
1
1
1
0
3
3
2
3
3
3
2
5
3
1
2
4
1
4
3
1
1
5
2
3
1
0
1
6
2
3
3
1
2
2
2
1
1
1
2
2
1
2
4
2
2
4
2
3
3
4
4
1
1
1
4
1
4
2
2
1
1
4
3
1
1
0
2
1
3
1
2
3
2
6
2
1
2
6
1
5
4
0
6
1
2
4
2
4
3
0
1
3
2
0
1
0
0
1
6
2
4
2
5
1
3
3
3
4
1
5
3
4
2
2
1
0
3
0
2
3
0
0
2
4
3
1
2
0
2
2
1
3
1
1
0
3
1
1
4
0
5
2
1
1
1
4
1
2
1
3
1
4
1
1
2
1
4
2
1
2
3
1
1
2
0
3
1
2
2
2
0
3
1
1
3
0
2
2
1
3
1
3
0
4
1
3
1
3
2
3
1
2
1
1
1
3
3
2
1
2
2
0
3
4
2
3
2
5
0
3
3
2
2
1
6
2
1
2
0
4
2
1
5
1
5
2
2
4
3
4
4
2
1
2
6
3
3
3
2
2
5
1
3
1
1
1
6
1
1
3
2
0
3
3
1
3
1
2
3
2
4
1
3
2
2
3
1
5
2
3
1
1
1
5
2
2
4
1
5
0
2
2
3
2
6
2
1
0
3
5
0
7
2
1
2
0
3
1
2
1
2
3
5
1
2
3
3
3
2
2
2
3
1
3
3
5
1
2
3
4
5
1
2
1
2
1
0
3
5
1
2
0
4
2
0
3
1
3
2
0
1
2
2
2
2
5
2
0
3
2
1
0
2
0
3
0
5
2
3
2
1
2
2
1
4
4
1
3
3
3
3
2
0
3
3
5
1
1
1
2
1
3
1
2
1
1
2
3
2
2
0
2
3
5
5
0
4
1
2
1
1
1
9
3
4
2
0
2
7
2
3
5
7
3
1
0
0
1
1
0
1
4
1
2
4
4
2
3
5
3
4
2
2
1
2
3
1
1
1
2
1
1
4
4
2
1
4
2
4
4
0
4
3
3
1
3
4
2
5
0
3
1
1
5
1
2
0
2
3
4
1
1
2
1
2
0
3
0
3
4
1
1
3
1
3
0
3
0
2
2
4
1
4
2
2
1
2
2
1
3
3
4
0
1
1
4
3
2
1
3
2
6
2
2
4
1
0
2
1
5
0
0
1
2
1
1
4
3
5
3
4
0
1
4
5
4
2
3
2
0
4
3
2
2
4
2
2
1
2
1
2
5
1
6
3
2
2
2
2
6
3
3
3
1
1
1
2
2
4
2
4
2
3
4
1
2
0
2
2
0
3
1
1
4
1
0
2
5
1
4
3
0
4
1
2
2
3
1
1
1
3
0
2
4
5
3
3
2
1
2
3
3
1
2
4
7
2
2
1
2
4
2
1
0
2
3
2
6
1
3
3
2
1
0
2
4
0
1
1
3
1
3
10
3
1
1
1
2
4
1
2
0
6
3
1
1
1
1
2
0
4
2
1
1
2
1
3
1
2
0
3
3
2
2
1
1
2
2
3
3
3
1
2
3
2
3
1
3
0
2
3
3
3
2
3
2
0
1
3
0
1
2
3
3
1
3
2
3
1
5
3
1
3
0
3
2
0
2
1
2
1
2
4
2
4
3
1
6
4
4
2
0
1
1
4
2
1
2
1
2
1
1
3
1
1
1
2
0
3
4
3
3
3
0
2
2
3
1
4
0
4
3
6
1
1
1
2
3
1
3
1
1
3
4
1
2
2
4
1
2
2
5
5
1
0
4
3
2
1
3
1
4
2
6
4
1
1
3
1
2
3
2
2
2
3
2
3
3
2
1
1
2
1
7
2
2
2
2
4
2
2
3
2
1
1
0
1
0
1
2
3
1
1
2
3
2
3
3
2
2
4
1
1
1
0
2
3
4
2
0
3
3
4
3
0
3
1
1
1
2
1
0
4
4
4
1
2
3
2
2
5
3
3
1
2
2
1
3
1
2
4
1
2
1
2
0
1
4
3
1
2
3
2
2
0
2
2
0
2
0
2
2
2
1
1
4
0
0
2
1
5
4
1
1
4
1
1
0
4
1
4
2
1
2
6
5
2
2
2
3
3
4
3
4
1
3
2
1
1
3
2
0
1
1
1
0
3
4
2
1
5
1
5
0
2
0
1
1
2
4
1
3
2
2
2
5
2
0
0
2
1
3
4
1
3
4
1
0
2
3
5
1
5
3
3
4
3
2
4
3
1
2
2
1
4
3
1
3
1
2
1
7
1
3
0
4
1
1
2
0
6
3
2
1
5
3
5
2
1
2
1
4
2
2
1
3
2
2
1
1
2
3
2
1
1
1
1
3
2
3
2
0
3
2
1
3
2
5
1
4
2
6
0
4
1
2
4
1
1
1
4
4
1
3
4
4
4
3
3
1
3
3
4
2
1
1
2
2
2
4
3
0
2
2
1
1
6
3
1
3
0
7
3
7
2
1
3
6
2
4
0
2
2
3
3
2
3
3
1
2
2
2
1
2
2
4
3
7
0
2
5
3
1
3
1
2
4
1
2
2
2
3
3
4
2
2
3
4
1
4
3
1
4
4
0
0
1
3
2
2
0
3
0
2
4
2
3
3
1
3
6
1
3
0
3
2
2
2
4
5
1
2
0
3
3
0
2
0
1
2
3
3
2
1
1
2
5
1
1
1
1
2
3
2
1
1
1
2
2
1
1
0
0
2
0
4
2
0
1
2
2
1
2
1
2
3
2
2
1
2
1
3
2
3
0
1
1
0
0
4
1
1
1
0
0
2
3
1
2
0
1
0
3
1
1
1
0
1
1
2
1
3
1
2
2
2
2
1
2
2
2
4
1
1
1
2
1
1
2
1
0
1
1
1
0
0
2
1
3
1
3
0
2
1
0
3
1
0
3
2
2
0
2
1
2
1
2
4
1
2
3
2
1
0
1
0
0
3
2
0
1
1
0
1
3
0
2
3
3
1
2
0
1
0
5
2
2
2
3
1
2
1
3
2
1
0
5
3
2
0
2
2
3
2
1
5
1
1
4
4
0
1
0
0
0
1
1
2
2
0
3
2
2
3
1
2
3
0
2
3
0
2
1
0
4
2
2
1
1
1
2
1
1
1
0
0
4
1
3
0
3
3
1
1
1
1
1
2
1
2
1
0
1
1
0
0
0
3
1
1
1
0
1
0
0
1
1
1
0
2
2
2
0
0
1
3
1
1
2
2
1
0
2
1
0
1
0
3
0
3
1
1
5
2
2
1
1
1
0
1
1
1
1
1
1
0
2
5
0
1
0
2
1
0
0
4
1
3
2
1
1
1
3
3
0
1
2
0
0
0
4
1
1
3
3
2
0
1
1
1
1
2
0
2
2
2
1
1
1
1
2
2
2
1
2
1
1
3
0
0
5
0
2
0
3
1
1
3
1
1
1
0
0
3
0
1
0
4
1
0
1
3
0
0
2
2
0
1
0
2
2
0
1
1
3
1
0
0
0
2
1
2
3
2
2
1
1
0
0
1
1
0
1
0
2
2
0
0
3
0
1
1
2
2
1
3
2
2
2
1
4
4
1
0
2
2
1
0
1
1
1
0
0
2
2
2
1
3
2
0
2
0
3
1
1
2
2
2
1
0
1
3
1
4
1
0
3
1
0
1
3
3
2
2
1
0
1
1
0
4
0
0
0
0
0
2
2
0
3
1
0
0
3
0
0
0
1
2
1
5
1
2
3
0
1
3
1
4
1
2
2
0
0
1
3
0
2
0
0
0
1
3
0
3
2
2
2
1
1
0
0
1
0
0
0
1
0
3
3
1
2
2
1
1
2
1
0
1
1
1
1
0
1
3
0
0
1
1
1
0
0
0
1
1
0
2
1
1
1
3
2
1
0
0
2
1
0
0
4
0
2
0
2
0
1
1
2
1
0
2
1
1
1
2
3
4
1
1
2
2
0
2
1
0
3
2
0
1
1
1
1
1
0
2
0
0
1
2
2
2
4
3
2
0
2
1
0
0
3
3
1
0
4
0
0
0
0
1
1
0
1
4
2
2
2
2
2
0
0
2
3
2
0
0
0
1
0
0
0
2
1
1
1
1
4
2
0
2
2
0
0
1
0
1
1
2
0
3
1
1
0
1
1
1
1
2
2
1
2
3
2
0
1
0
1
1
0
1
0
1
2
1
5
1
0
1
2
0
2
1
1
1
1
2
2
0
0
0
3
1
0
1
0
1
3
2
1
1
2
1
2
1
2
0
1
2
3
1
0
1
0
0
0
2
2
0
1
0
0
1
1
0
1
2
1
1
0
0
2
3
4
0
0
2
1
1
2
0
2
2
0
0
1
0
0
2
2
1
1
2
0
1
2
1
0
1
1
0
0
1
0
0
3
0
0
1
0
2
0
1
2
2
0
1
1
2
4
1
2
2
1
0
0
1
1
0
0
0
0
1
1
3
1
1
1
2
0
0
0
1
0
3
1
0
0
0
0
0
2
0
1
0
2
1
1
0
1
2
1
2
1
2
1
1
1
0
2
1
0
4
3
1
0
0
0
2
0
0
3
2
0
1
0
1
0
3
1
1
3
0
0
2
0
2
0
0
1
1
1
1
3
0
0
0
0
0
1
3
1
1
1
2
1
1
1
1
0
1
1
2
0
2
2
1
0
0
1
0
0
0
0
0
1
2
0
0
0
2
3
2
1
1
2
0
0
4
1
2
1
1
1
1
1
1
0
0
2
3
1
1
0
0
2
0
2
2
1
1
1
0
1
1
1
1
3
2
1
2
0
1
3
0
2
1
2
0
2
6
0
1
1
0
1
0
3
1
2
0
0
1
1
1
1
1
3
1
0
0
1
0
5
0
2
2
1
0
0
0
1
1
2
0
0
0
0
2
1
0
2
1
2
1
1
1
1
1
0
1
3
0
1
1
0
2
1
2
1
0
0
1
1
0
1
0
1
2
2
1
1
2
1
1
1
0
0
1
0
1
0
0
1
1
2
2
0
0
1
0
0
1
2
2
0
1
0
2
1
4
0
1
2
0
0
2
0
0
1
0
1
1
0
4
2
0
0
0
0
0
1
1
0
2
1
1
1
0
0
1
1
0
0
3
0
0
1
0
2
0
2
0
2
0
0
1
0
0
2
0
1
1
2
1
1
1
0
3
1
3
0
0
1
0
0
0
1
2
0
1
0
0
1
1
0
1
0
0
0
3
1
0
0
0
1
3
0
0
2
0
1
0
0
0
0
1
1
0
0
0
2
2
0
3
0
1
1
1
0
0
1
0
1
0
3
0
2
1
1
0
0
2
0
2
0
1
1
0
0
0
0
1
0
1
0
2
0
0
0
1
1
2
0
0
1
1
1
0
3
1
1
1
0
2
2
0
1
0
0
0
0
2
0
1
0
0
0
2
2
2
1
1
0
1
3
1
0
2
0
1
0
1
0
0
2
0
0
1
0
3
1
1
0
0
1
1
0
0
0
3
0
2
2
1
1
0
1
1
3
2
1
0
3
1
0
0
0
0
1
1
0
0
0
1
0
0
0
0
1
1
0
1
1
2
1
2
1
0
0
3
1
0
0
0
2
1
1
0
0
1
0
0
0
1
0
0
0
2
0
1
1
2
0
1
1
2
0
1
2
2
1
2
1
1
2
0
2
3
0
0
1
2
0
1
3
1
0
1
0
0
1
0
2
1
1
2
0
1
0
0
0
2
3
1
2
2
3
1
0
4
1
0
1
1
1
4
0
5
3
1
2
1
1
0
1
1
5
0
2
1
1
1
0
1
0
1
1
2
0
0
2
0
2
1
1
1
1
1
0
0
1
0
2
1
0
0
0
1
0
1
0
1
2
0
0
1
3
1
1
1
0
2
0
0
0
2
1
1
0
0
1
2
2
1
1
1
0
1
1
0
0
0
3
0
1
1
1
0
1
2
2
1
1
1
0
0
2
0
2
1
0
1
3
0
1
0
0
1
1
1
1
0
0
2
0
0
1
0
1
1
0
0
1
0
1
1
0
1
2
1
1
2
0
0
2
1
1
0
1
3
1
1
0
0
0
2
1
0
1
0
1
1
0
0
1
4
0
1
0
0
0
0
1
1
0
3
1
0
0
1
0
1
0
1
2
1
1
1
2
0
0
1
2
1
0
1
2
1
0
1
0
0
1
0
0
1
1
0
2
2
1
0
2
2
0
1
1
0
0
1
2
0
0
1
1
1
2
0
1
1
1
1
1
0
2
1
0
2
0
2
0
0
0
0
0
1
0
0
2
1
1
1
2
1
2
0
0
0
1
0
1
0
0
1
0
0
0
1
0
1
0
1
1
0
2
0
0
1
1
0
0
1
1
1
0
1
0
0
0
0
0
0
0
1
0
0
2
4
1
2
0
1
2
0
1
1
0
0
1
1
2
0
0
1
0
1
2
0
1
0
0
1
2
0
2
2
2
2
1
2
1
1
0
2
1
3
1
2
0
0
0
2
0
0
0
1
0
3
1
4
0
0
0
0
1
2
0
0
0
1
2
1
2
0
2
0
0
1
0
1
0
0
2
0
3
0
0
0
0
0
0
0
0
0
0
0
1
0
0
0
1
2
1
0
0
0
1
1
0
0
2
0
0
0
1
1
1
0
0
0
2
0
0
1
0
0
0
0
1
1
0
2
1
0
0
2
0
2
0
2
1
1
1
2
1
0
0
1
1
1
1
0
0
0
1
1
0
1
0
0
2
0
1
1
1
0
1
2
0
0
1
0
0
0
1
1
2
0
0
1
2
0
0
1
0
4
1
0
2
0
0
0
2
0
1
0
1
1
0
0
0
2
1
0
0
1
0
1
0
1
1
0
1
0
0
1
0
0
0
1
1
0
1
0
2
2
0
2
0
0
1
1
0
1
1
1
2
0
0
0
2
0
0
0
1
0
2
1
0
0
0
0
2
1
0
1
1
0
0
1
0
2
0
0
2
0
1
2
1
1
0
0
1
1
2
0
0
0
0
1
1
1
1
2
2
0
1
0
2
0
0
1
1
0
1
1
1
4
1
1
0
1
0
0
2
1
0
0
0
0
0
1
1
0
1
1
1
1
0
0
1
0
2
0
0
1
0
0
0
0
0
1
0
1
0
0
2
1
0
1
1
0
1
3
0
1
1
0
0
0
2
0
1
2
1
1
0
2
0
0
0
1
1
0
0
0
2
0
0
0
0
1
0
1
0
0
0
1
1
2
1
0
2
0
1
0
1
2
1
0
2
2
0
0
0
0
0
0
1
0
0
0
0
0
0
1
1
0
0
1
0
0
1
0
0
1
0
1
1
0
0
0
0
0
0
1
2
1
0
0
2
1
0
1
4
0
0
1
0
0
1
0
1
1
1
0
2
0
2
1
2
0
1
3
2
0
1
4
1
1
1
2
0
1
0
1
2
1
1
1
2
0
0
0
1
0
2
0
0
0
1
2
1
0
2
1
0
0
0
4
4
0
0
1
0
1
1
0
1
0
2
0
1
0
0
3
1
2
1
0
2
2
0
0
0
2
2
1
2
1
3
0
0
2
4
1
1
3
0
1
2
7
1
2
1
2
0
2
3
2
2
0
5
2
4
4
2
3
4
4
4
2
7
7
3
7
5
4
9
5
1
9
12
7
7
3
5
7
8
7
7
8
8
4
4
8
7
15
9
11
16
8
8
6
8
8
9
8
12
11
12
6
11
9
7
7
12
5
12
9
16
11
6
13
5
12
11
13
7
5
7
8
9
4
7
9
8
9
8
5
7
2
8
5
6
8
7
1
5
3
6
9
4
6
5
1
0
1
2
3
3
4
3
3
1
3
2
4
3
2
7
2
4
2
3
3
4
2
0
4
6
2
3
1
1
2
2
2
2
5
3
2
1
3
1
1
2
0
2
0
3
1
0
2
0
0
1
3
1
2
0
0
0
0
1
1
0
0
0
1
2
1
0
0
0
1
1
2
1
1
1
1
0
1
0
1
0
0
1
0
0
1
0
0
0
0
0
0
0
0
0
0
1
1
0
0
0
2
0
1
4
0
3
0
2
0
0
0
1
0
1
0
0
0
0
0
1
2
1
0
0
1
0
0
1
0
0
0
1
0
0
0
0
0
0
1
0
0
1
1
0
1
0
0
0
1
0
0
1
1
0
0
1
0
0
0
0
1
0
0
0
0
3
0
0
1
0
1
2
1
0
1
1
0
1
0
2
1
1
2
1
1
0
0
0
0
1
0
0
1
0
0
0
0
1
1
0
2
1
0
3
0
1
0
0
0
0
1
0
0
0
1
0
0
0
0
1
0
1
1
2
1
1
0
1
2
1
1
1
0
0
1
1
0
0
0
1
0
0
0
0
2
0
0
2
0
1
0
1
0
0
0
2
1
0
0
1
0
0
0
1
0
0
0
1
0
0
0
1
0
0
0
1
1
2
0
0
1
0
0
0
1
0
0
0
0
1
1
1
0
0
0
0
0
0
0
0
0
0
2
1
1
0
0
2
1
2
0
0
0
1
0
1
0
1
0
1
1
0
3
2
0
0
0
1
1
0
1
0
1
0
1
1
0
0
0
1
0
1
0
1
1
0
0
0
1
1
0
0
1
0
0
2
2
2
1
0
0
0
0
1
0
0
2
0
1
0
0
0
0
0
0
0
0
1
1
2
0
0
0
1
2
0
0
0
1
0
1
0
0
1
1
0
0
0
2
1
1
1
0
1
1
0
0
2
2
0
0
0
1
0
1
1
0
0
0
3
0
0
0
1
1
0
1
0
0
2
0
3
0
1
0
0
0
0
0
1
0
0
0
0
2
0
0
1
0
0
0
1
0
0
1
1
1
0
0
0
0
1
0
0
1
0
2
0
0
0
0
1
2
0
2
0
1
0
0
1
1
0
1
0
2
1
0
0
0
0
1
0
1
2
0
0
1
0
0
0
1
0
0
1
0
0
0
0
0
0
1
1
0
0
0
0
0
0
0
0
0
0
0
0
0
0
1
0
3
2
0
0
0
0
1
0
0
1
1
0
0
1
1
0
0
0
0
0
0
2
0
2
1
0
1
0
2
1
1
0
0
0
0
1
0
0
0
0
2
1
0
0
0
1
1
0
0
0
0
0
0
0
1
1
2
0
0
0
1
1
0
0
0
0
0
1
1
0
0
1
0
0
1
1
0
0
1
0
0
0
0
2
0
0
0
0
2
0
0
0
0
0
0
0
0
0
0
1
0
0
0
1
0
1
1
0
1
0
0
1
1
0
0
0
1
1
0
1
0
0
1
0
0
0
0
0
1
0
0
0
1
0
2
0
0
1
1
1
1
0
0
1
0
0
1
0
0
0
0
1
0
0
0
1
0
0
0
0
0
1
0
0
0
0
1
0
0
0
0
0
0
0
1
0
0
0
1
1
0
0
0
2
0
0
1
0
4
1
0
0
0
0
0
1
0
0
1
0
1
0
0
0
0
0
0
1
1
0
0
0
0
1
0
0
0
0
0
0
1
0
2
1
0
0
0
0
1
0
1
0
1
0
0
0
0
1
0
0
3
1
0
1
0
0
0
0
1
0
1
0
1
1
0
0
0
1
2
2
1
0
2
0
0
1
0
0
0
0
1
0
0
0
0
0
0
0
1
1
0
1
0
1
0
0
0
1
0
1
1
0
1
2
0
0
1
0
1
0
0
0
0
0
0
0
0
0
0
2
1
1
1
1
0
1
0
0
0
0
0
0
1
1
1
0
1
0
0
0
0
0
0
0
0
0
0
2
1
0
0
0
1
0
0
0
0
0
1
1
0
1
1
0
1
0
0
1
0
0
0
0
1
1
0
1
0
1
0
0
0
1
0
0
0
0
0
1
0
1
0
0
0
0
0
0
0
0
0
0
0
0
0
0
0
0
0
0
0
0
0
0
0
0
0
0
0
0
0
0
0
0
0
0
0
0
0
0
0
0
0
0
0
0
0
0
0
0
0
0
0
0
0
0
0
0
0
0
0
0
0
0
0
0
0
0
0
0
0
0
0
0
0
0
0
0
0
0
0
0
0
0
0
0
0
0
0
0
0
0
0
0
0
0
0
0
0
0
0
0
0
0
0
0
0
0
0
0
0
0
0
0
0
0
0
0
0
0
0
0
0
0
0
0
0
0
0
0
0
0
0
0
0
0
0
0
0
0
0
0
0
0
0
0
0
0
0
0
0
0
0
0
0
0
0
0
0
0
0
0
0
0
0
0
0
0
0
0
0
0
0
0
0
0
0
0
0
0
0
0
0
0
0
0
0
0
0
0
0
0
0
0
0
0
0
0
0
0
0
0
0
0
0
0
0
0
0
0
0
0
0
0
0
0
0
0
0
0
0
0
0
0
0
0
0
0
0
0
0
0
0
0
0
0
0
0
0
0
0
0
0
0
0
0
0
0
0
0
0
0
0
0
0
0
0
0
$ROI:
0
0
$PRESETS:
Live Time
0
0
