$SPEC_ID:

$SPEC_REM:
DET# 1
DETDESC# MCB 25
AP# ORCA (11.0h)
$DATE_MEA:
2017-08-12 02:18:19 +0000
$MEAS_TIM:
3113.40 4320.00
$DATA:
0 16383
0
0
0
0
0
0
0
0
0
0
0
0
0
0
0
0
0
0
0
0
0
0
0
0
0
0
0
0
0
0
0
0
0
0
0
0
0
0
0
0
0
0
0
0
0
0
0
0
0
0
0
0
0
0
0
0
0
0
0
0
0
0
0
0
0
0
0
0
0
0
0
0
0
0
0
0
0
0
0
0
0
0
0
0
0
0
0
0
0
0
0
0
0
0
0
0
0
0
0
0
0
0
0
0
0
0
0
0
0
3
5
64
1693
11215
20158
19522
17986
16753
16516
16217
16475
16649
16802
16709
17215
17309
17404
17788
18076
18136
18119
18222
18370
18572
18292
18639
18567
18422
18419
18204
18344
18162
18408
18155
18058
18241
17897
17964
17733
18009
17836
17866
17843
17793
17792
17587
17300
17399
17555
17346
17333
17141
17269
17296
17275
17121
17137
17159
16993
16953
16994
17003
16693
16918
16921
16920
16748
16670
16677
16794
16599
16525
16523
16543
16592
16675
16350
16165
16246
16298
16280
16142
16323
16239
16149
16160
16219
16234
16004
15954
15930
16230
15986
15841
15979
16028
15789
15925
15793
15883
15856
15861
15827
15805
15671
15633
15590
15559
16041
15504
15553
15388
15311
15500
15466
15306
15647
15281
15241
15198
15271
15525
15280
15327
15115
15098
14958
14860
14824
15083
15146
14969
15125
15102
14831
15002
14992
14823
14854
14854
15022
14806
14599
14893
14863
14758
14767
14729
14728
14819
14710
14815
14560
14651
14632
14538
14507
14622
14585
14487
14446
14411
14493
14441
14325
14365
14399
14440
14395
14490
14218
14390
14339
14491
14456
14582
14276
14495
14262
14338
14354
14402
14116
14314
14148
14377
14003
14146
13908
13901
14036
14030
14005
13885
14042
13977
14089
14212
13957
13812
13915
14058
13936
14155
13961
13966
13882
13883
13609
13872
14116
13798
13865
13879
13816
13692
13818
13668
13799
13863
13799
13832
13428
13493
13663
13624
13531
13605
13271
13688
13662
13486
13541
13513
13627
13632
13538
13471
13462
13711
13350
13522
13635
13330
13526
13560
13405
13496
13232
13281
13324
13510
13351
13220
13274
13278
13068
13369
13201
13146
13404
13173
13383
13366
13086
13216
13322
13471
13230
13342
13134
13112
13236
13265
13092
13020
13007
13152
13136
13058
13068
13089
12968
13121
13227
13047
13203
12994
13176
13130
12861
12902
12934
12738
12893
12857
13207
12931
12756
12851
12649
12897
12893
12697
12772
12828
12908
12690
12720
12876
12615
12903
12645
12806
12758
12747
12862
12627
12740
12802
12540
12714
12901
12552
12743
12691
12624
12859
12673
12608
12573
12432
12461
12553
12464
12554
12308
12281
12263
12399
12550
12474
12490
12649
12505
12317
12319
12344
12400
12305
12331
12449
12217
12225
12333
12407
12470
12576
12282
12075
12269
12354
12245
12372
12317
12261
12377
12511
12366
12152
12126
12196
12212
12656
12210
12072
12170
12425
12305
12322
12422
12125
11976
12151
12302
12154
12019
12292
12223
12272
12199
12294
12006
11979
12111
12099
12060
12238
11945
12177
12086
11962
12396
11931
11843
12270
12046
12032
12109
12016
11926
11967
12134
11933
11897
11833
11975
11980
11980
11986
12240
12042
11783
11891
12035
11867
11721
11859
11837
11880
12216
11968
11902
11827
11879
11985
11807
11862
11761
11708
11796
11831
11825
11718
11785
11741
11942
11561
11763
11652
11847
11752
11883
11760
11725
11692
11757
11748
11629
11636
11593
11660
11756
11661
11683
11631
11552
11847
11522
11471
11583
11611
11644
11607
11666
11531
11410
11435
11475
11276
11609
11517
11467
11449
11516
11554
11459
11588
11457
11353
11402
11377
11334
11463
11467
11280
11421
11394
11283
11486
11194
11103
11157
11514
11419
11167
11361
11207
11052
11467
11048
11387
11357
11545
11421
11480
11258
11184
11191
11142
11380
11187
11282
11163
11351
11093
11145
11255
11323
11234
11145
11066
11214
11116
11252
11086
11051
11001
11179
11212
11149
10981
11069
11093
11042
10933
10955
11022
11253
10851
11009
11078
10945
11032
10990
10978
11070
10983
10961
10948
11177
11082
10989
10966
11113
10920
11058
10737
10798
10784
11125
10929
10888
10742
11000
10897
10734
10828
10855
10822
10925
10777
10853
10870
10852
10900
10831
10672
10780
10546
10911
10741
10817
10854
10741
10891
10650
10963
11031
10997
10941
10724
10781
10929
10889
10676
10937
10753
10747
10820
10899
10653
10812
10676
10737
10803
10809
10811
10936
10796
10512
10728
10674
10866
10561
10814
10697
10502
10966
10732
10668
10608
10789
10748
10618
10664
10611
10601
10611
10563
10820
10741
10895
10695
10848
10679
10771
10659
10692
10801
10670
10672
10572
10740
10849
10639
10693
10761
10859
10647
10731
10728
10820
10944
10971
10720
10936
10909
10715
10784
10953
11067
10982
11017
10997
10898
11177
11081
11371
11358
11204
11381
11402
11326
11390
11546
11458
11739
11985
12294
12060
12023
12317
12423
12473
12614
13000
12951
13020
13193
13250
13527
13415
13816
13775
13852
13895
14149
14119
14434
14802
14736
14917
14904
14889
15117
15255
15265
15191
15405
15339
15656
15582
16178
16082
16076
16170
16486
16476
16579
16683
16535
16962
16836
16881
17190
17249
17501
17917
17950
18116
18080
18347
18280
18098
17925
18017
17854
17599
17482
17490
17275
17156
16837
16693
16186
16323
16027
16051
15813
15497
15369
15183
14913
14694
14286
14442
14048
13655
13395
13445
13208
12947
12648
12405
12343
12022
12187
11719
11523
11647
11302
11237
11098
10994
11125
10923
10870
10642
10837
10621
10386
10526
10437
10570
10428
10380
10256
10352
10300
10258
10263
10301
10375
10228
10146
10262
10427
10213
10289
10343
10122
10391
10459
10352
10407
10481
10381
10340
10408
10240
10482
10332
10324
10390
10226
10289
10442
10416
10312
10264
10176
10313
10523
10321
10461
10389
10404
10305
10522
10395
10549
10335
10436
10400
10612
10300
10311
10519
10477
10424
10389
10698
10607
10552
10574
10457
10459
10345
10466
10469
10469
10471
10554
10615
10582
10667
10640
10827
10570
10631
10643
10500
10745
10743
10628
10656
10626
10831
10640
10752
10657
10665
10829
10871
10697
10731
10849
10716
10745
10741
10823
10800
10868
11013
11078
10828
11076
10867
10825
10932
10916
10957
11147
10886
11032
10889
10880
11013
11038
10957
10931
11094
11015
10994
11193
11034
10973
11188
11253
11209
11481
11104
11073
11053
11279
11220
11427
11218
11268
11243
11277
11263
11360
11335
11346
11366
11465
11270
11394
11351
11449
11515
11318
11422
11486
11351
11457
11422
11458
11617
11403
11435
11648
11457
11381
11528
11760
11551
11678
11556
11440
11625
11614
11585
11618
11706
11756
11540
11478
11728
11693
11696
11565
11952
11617
11686
11683
11703
11845
11825
11891
11821
11891
11894
11903
11827
12109
11832
11965
11875
11866
11836
11863
11764
11824
11882
11932
12157
11932
11900
11820
12073
12049
11929
11939
11988
12002
11884
12137
12153
11997
11953
12031
12098
11945
12183
12192
12079
12137
12322
12247
12548
12219
12172
12161
11935
12255
12334
12460
12114
12139
12312
12343
12298
12291
12216
12492
12235
12440
12398
12223
12535
12539
12429
12388
12532
12313
12553
12356
12355
12501
12480
12358
12549
12297
12610
12565
12310
12544
12514
12509
12525
12487
12476
12641
12444
12557
12488
12703
12656
12627
12713
12636
12587
12470
12469
12572
12876
12741
12813
12853
12635
12823
12675
12643
12697
12696
12587
12782
12816
12801
12966
12679
12964
12727
12754
12789
12921
12866
12968
12892
12983
12906
12715
13000
12999
12956
12908
12920
12987
12926
12783
12972
13089
12847
13050
12913
12982
13035
13121
13002
13137
13051
13049
13281
12942
13105
13016
13045
13138
13073
13128
13283
13240
13036
13042
13384
13203
13198
13276
13269
13412
13267
13166
13149
13308
13455
13305
13466
13301
13343
13404
13245
13293
13286
13247
13642
13251
13469
13204
13336
13552
13360
13559
13303
13470
13695
13428
13375
13509
13448
13331
13452
13617
13609
13820
13702
13627
13686
13616
13551
13566
13549
13649
13432
13545
13432
13728
13722
13665
13540
13643
13886
13720
13784
13819
13581
13721
14018
13566
13554
13790
13734
13841
13792
13707
13691
13856
13849
13827
13879
13926
14056
13861
13940
13947
13931
14120
13980
13970
13988
13880
13933
13978
14003
13927
13998
14087
14277
14088
14269
14262
14076
14230
14095
13978
14099
14207
14454
14074
14133
14120
14299
14304
14316
14318
14321
14250
14419
14382
14527
14561
14262
14256
14358
14458
14297
14570
14461
14351
14465
14488
14610
14471
14712
14523
14627
14605
14685
14703
14510
14653
14585
14624
14550
14679
14679
14761
14763
14751
14729
14962
15046
14640
14953
15001
14838
14897
14924
14812
14775
15151
14969
15095
14976
15026
15208
15025
15128
15277
15188
15111
15200
14981
15117
15138
14998
15260
15306
15133
15382
14991
15107
15305
15173
15391
15320
15476
15664
15441
15480
15270
15331
15376
15713
15572
15532
15483
15672
15426
15523
15549
15630
15844
15695
15760
15745
15737
15935
15598
15825
15907
15948
16108
16150
15942
15771
15900
16048
15791
15694
16084
15941
16005
15953
16185
15977
16156
15883
16035
15804
16093
16164
15917
16131
16100
15913
16358
16510
16079
16162
16239
16363
16163
16001
16308
16407
16410
16576
16235
16358
16214
16453
16388
16227
16319
16216
16228
16563
16392
16424
16363
16378
16517
16530
16390
16501
16340
16328
16481
16568
16390
16907
16545
16963
16451
16559
16604
16604
16707
16665
16728
16807
16762
16739
16491
17076
16853
16755
16875
16811
16969
17112
16979
16967
17274
16951
17170
16921
17152
17323
17220
16842
17493
17338
17209
17211
17461
17227
17245
17530
17403
17499
17318
17451
17602
17355
17851
17581
17814
17695
17761
17732
17852
17904
17733
17700
18152
17997
17946
17887
18215
18097
18218
18083
17920
18160
18068
18106
18036
18244
18083
18092
18229
18143
18358
18192
18098
18147
18332
18318
18267
18562
18206
18231
18291
18520
18417
18341
18336
18348
18342
18409
18330
18201
18395
18296
18461
18351
18356
18523
18276
18318
18308
18218
18462
18307
18466
18410
18410
18382
18512
18326
18588
18616
18504
18908
18672
18667
18779
18851
18577
18767
18929
18743
18847
18736
18706
18959
18807
19175
18806
18870
19204
18842
19057
18834
19058
18860
18955
18971
19063
19058
19095
19221
19000
19360
19106
19238
19340
19292
19342
19346
19293
19086
19127
19452
19428
19312
19319
19309
19537
19725
19344
19197
19412
19589
19588
19431
19568
19419
19563
19589
19442
19605
19229
19444
18961
19169
19059
18954
18926
18824
18714
18550
18407
18524
18539
18677
18377
18635
18263
18359
18091
17934
18145
17632
17793
17792
17834
18010
17577
17468
17453
17479
17643
17454
17404
17380
17225
17346
17412
16987
17297
17162
17139
17201
16853
17177
16890
16995
16670
17024
17027
16998
16949
16757
16973
16797
17099
16878
16883
16574
16689
16731
16691
16684
16577
16411
16664
16562
16560
16762
16537
16615
16407
16242
16683
16537
16512
16637
16473
16479
16457
16475
16550
16460
16361
16429
16601
16413
16356
16172
16271
16512
16354
16436
16176
16408
16341
16004
16113
16179
16407
16210
16198
16114
16194
16139
16518
16312
16136
16201
16297
15946
16180
15968
16047
16270
15983
16153
16269
16109
16025
16234
16241
16152
15927
16241
16079
15974
15977
15824
16441
15934
16001
16000
16145
15944
15839
16026
15930
16108
15919
16054
16020
16028
16047
15724
15746
15926
15908
15530
15880
16009
15892
15904
15755
15932
15836
15674
15827
15800
15390
15952
15524
15761
15853
15655
15935
15850
15905
15526
15899
15806
15822
15782
15702
15799
15868
15925
15854
15708
15620
15543
15684
15614
15614
15640
15613
15725
15621
15576
15587
15565
15427
15744
15559
15417
15521
15660
15750
15514
15494
15714
15667
15586
15661
15540
15530
15677
15680
15535
15541
15633
15544
15745
15637
15636
15507
15540
15708
15304
15587
15552
15212
15613
15491
15539
15293
15441
15357
15474
15669
15656
15326
15442
15491
15671
15477
15750
15572
15318
15439
15446
15356
15445
15418
15522
15338
15445
15466
15657
15419
15558
15688
15283
15411
15473
15499
15314
15465
15396
15579
15370
15143
15280
15293
15381
15460
15222
15414
15450
15497
15346
15345
15387
15250
15361
15315
15316
15414
15282
15360
15350
15089
15456
15398
15531
15629
15107
15435
15230
15247
15262
15509
15076
15375
15345
15485
15456
15147
15228
15449
15262
15290
15520
15252
15197
15425
15226
15299
15286
15271
15415
15324
15130
15420
15279
15277
15243
15323
15002
15137
15371
15422
15026
15405
15289
15336
15157
15321
15336
15038
15444
15091
15177
15168
15100
15251
15472
15506
15346
15089
15328
15017
15024
15418
15116
15234
15265
15125
14934
15050
15303
15486
15221
15468
15386
15226
15112
15305
15202
15259
15181
15446
14988
15467
15095
15180
15316
15431
15310
15048
15270
15297
15386
15152
15065
15185
15245
15037
15156
15256
15237
15355
14999
15249
15228
15309
15261
15074
15095
15136
15102
15188
15230
15011
15003
14991
15120
15111
15206
15198
15013
15085
15277
15055
15170
15173
14890
15039
14874
15145
14925
14819
15072
15031
14935
15004
15160
15090
14899
14681
15068
14913
15035
14981
14901
14738
14977
15011
14803
14983
14673
14731
14895
14758
14690
14923
14826
14700
14457
14735
14744
14568
14670
14662
14586
14679
14544
14442
14422
14448
14568
14404
14220
14395
14512
14297
14275
14310
14221
14156
14168
14214
14073
14045
14182
13946
13951
13883
14125
13672
13712
13902
13683
13734
13454
13514
13671
13519
13399
13608
13337
13434
13316
13212
13476
13270
13122
13212
13140
13084
12856
12976
13082
13087
12981
12952
12819
12934
12714
12852
12848
12517
12782
12906
12697
12604
12671
12502
12357
12542
12439
12388
12376
12535
12429
12361
12296
12195
12294
12359
12099
12225
12509
12090
12094
11937
12123
12109
12084
12042
11856
12017
11859
11904
12023
11795
11702
11861
11903
11673
11771
11732
11916
11844
11844
11789
11532
11765
11489
11526
11723
11562
11618
11563
11518
11641
11564
11589
11554
11566
11518
11491
11666
11260
11390
11408
11444
11653
11284
11273
11397
11326
11236
11228
11094
11321
11135
11182
11279
11450
11404
11240
11071
11266
11277
11466
11272
11390
11141
11365
11337
11362
11074
11314
11141
11448
11307
11186
11350
11373
11422
11248
11396
11398
11322
11189
11409
11389
11397
11698
11497
11513
11452
11690
11630
11546
11480
11418
11657
11568
11654
11404
11472
11648
11439
11500
11531
11600
11715
11629
11548
11776
11595
11833
11720
11633
11559
11956
11966
11944
11708
11881
11874
11929
11894
12013
11933
11942
11885
11800
12035
11702
11840
11840
11741
11654
11415
11696
11157
11462
11300
11338
11329
11473
11301
11201
11364
11163
10865
11062
10946
10922
10779
10929
10936
10653
10665
10645
10560
10433
10633
10687
10483
10287
10380
10393
10345
10332
10095
10221
10173
10107
10276
10037
10174
10219
10048
9921
10203
10042
9914
10112
9999
9921
10179
10003
9977
9804
9995
9786
10085
9811
9824
9813
9738
9783
9749
9799
9874
9768
9615
9879
9665
9797
9869
9715
9780
9754
9767
9818
9632
9723
9335
9535
9572
9624
9341
9733
9510
9580
9615
9387
9574
9692
9613
9568
9349
9663
9495
9622
9483
9469
9330
9474
9330
9448
9528
9285
9480
9199
9421
9357
9384
9353
9143
9273
9256
9354
9239
9252
9249
9343
9320
9338
9281
9269
9170
9148
9006
9184
9356
9242
9333
9141
9159
9041
9069
9080
8905
9104
8946
9054
9134
9032
9057
9006
9158
9033
9188
9062
9142
8954
9275
9036
8995
8924
9131
8949
8951
8854
8856
8854
9082
8956
8625
8865
9058
8832
8840
8895
8946
8901
8834
9174
8908
8828
8782
8876
8981
8821
8840
8794
8842
8694
8728
8773
8917
8644
8819
8708
8877
8850
8693
8853
8946
8734
8641
8727
8641
8726
8812
8668
8866
8627
8649
8683
8634
8800
8571
8619
8574
8679
8723
8623
8592
8553
8397
8606
8624
8542
8453
8466
8560
8668
8398
8522
8459
8616
8543
8374
8409
8602
8379
8512
8507
8586
8623
8440
8463
8480
8392
8372
8332
8527
8480
8349
8461
8353
8350
8445
8417
8417
8221
8308
8327
8277
8350
8389
8295
8366
8331
8166
8217
8466
8307
8243
8320
8235
8370
8383
8235
8227
8230
8289
8203
8130
8364
8202
8209
8244
8195
8201
8195
8140
8202
8050
8147
8127
8108
8079
8225
8178
8135
8196
8160
8034
8237
8109
8052
8116
8115
8164
8129
8216
8096
8189
8091
8017
8087
7866
8129
7953
8015
8038
8187
7982
8020
8228
8004
8115
8031
8052
8023
8074
8061
8144
8102
7934
7986
7979
7985
7927
7890
7980
7844
7828
7832
8020
7913
7896
7847
7899
7853
7835
8042
7784
7951
8092
7812
7713
7809
7772
7918
7770
7803
7884
7752
7752
7997
7846
7884
7824
7789
7850
7788
7776
7675
7664
7753
7781
7698
7640
7827
7873
7655
7618
7724
7664
7706
7825
7668
7731
7589
7700
7648
7662
7789
7713
7695
7621
7640
7641
7651
7596
7749
7588
7676
7648
7509
7487
7756
7563
7783
7641
7751
7553
7681
7680
7520
7720
7706
7633
7610
7844
7539
7593
7523
7573
7538
7500
7580
7609
7676
7651
7474
7599
7510
7324
7471
7463
7371
7513
7559
7488
7572
7639
7539
7596
7497
7423
7378
7474
7593
7447
7411
7468
7425
7541
7592
7477
7629
7408
7449
7447
7448
7584
7503
7608
7433
7284
7442
7583
7470
7468
7475
7356
7426
7443
7526
7511
7618
7407
7411
7596
7602
7519
7434
7829
7617
7606
7907
7767
7854
7869
7970
8108
8248
8274
8505
8684
8682
8818
9138
9461
9547
9593
9927
10167
10337
10332
10796
11112
11305
11667
11919
12239
12541
12831
13178
13446
13855
14089
14400
14530
15017
15409
15738
15800
16257
16456
16748
17013
17478
17806
17844
18303
18626
19100
19422
19408
19739
19966
20151
20739
20940
20981
21456
22133
22446
22843
23054
23362
23505
23909
24134
24359
24604
24377
24901
24789
24841
24759
24649
24421
24288
24317
23722
23475
23209
22669
22052
21559
21057
20469
20041
19576
18922
18074
17601
16970
16873
15879
15374
15061
14379
13771
13256
12587
12418
11853
11350
10964
10503
10304
9905
9585
9389
9093
8908
8555
8433
8290
8009
7977
7624
7606
7408
7405
7226
7206
6931
7170
7064
6986
6898
6817
6725
6751
6742
6789
6509
6680
6477
6637
6567
6703
6648
6764
6612
6592
6475
6532
6543
6603
6502
6557
6734
6423
6457
6496
6563
6475
6446
6480
6461
6598
6469
6519
6614
6465
6525
6516
6431
6490
6439
6575
6439
6447
6346
6436
6312
6429
6413
6498
6556
6446
6488
6404
6457
6470
6330
6319
6437
6323
6469
6330
6458
6449
6400
6393
6154
6181
6423
6334
6420
6347
6368
6446
6431
6493
6424
6490
6322
6345
6446
6457
6467
6450
6518
6314
6256
6405
6305
6325
6412
6379
6171
6402
6491
6405
6312
6401
6308
6431
6323
6332
6360
6371
6503
6198
6456
6423
6341
6444
6415
6399
6453
6407
6462
6412
6377
6491
6413
6395
6378
6402
6331
6321
6492
6368
6300
6619
6422
6385
6413
6365
6526
6357
6332
6511
6512
6474
6543
6579
6552
6626
6565
6579
6948
6692
6887
7046
6974
7312
7240
7527
7692
7612
7711
8029
8309
8724
9003
9178
9553
9766
10124
10856
11146
11643
12052
12369
13094
13690
14226
14813
15590
15918
16853
17401
18164
18966
19668
20388
21033
21894
22789
23158
23938
25075
25376
26353
27046
27946
28415
29393
29686
30798
31302
32022
32608
33884
34197
34625
35526
36595
37015
37813
38775
39221
40102
41020
41638
42510
43530
44022
44878
45261
46446
46549
46833
47163
47859
47993
48033
48009
48352
47358
47247
46346
46125
45079
44169
43893
42930
41417
40292
39205
38042
36490
35180
33740
32309
31165
29745
28269
26899
25223
24186
23002
21946
20872
19310
18150
17167
16330
15181
14331
13655
12899
12006
11363
10994
10219
9845
9084
8917
8411
8033
7790
7582
7117
7003
6731
6570
6478
6194
6105
6088
5952
5908
5774
5607
5711
5458
5565
5475
5414
5325
5408
5297
5310
5222
5233
5156
5172
5146
4949
5087
5117
4882
4983
5120
4956
4991
5289
5084
5002
5038
4821
5068
4965
5141
5018
5002
4928
4960
4844
4922
4977
4904
4809
4973
5065
4908
5182
4799
4961
4988
4847
4939
4853
4852
5066
4862
4830
4974
4844
4838
4802
4800
4829
4834
4767
4946
4837
4682
4822
4826
4820
4791
4789
4919
4760
4752
4787
4625
4708
4771
4737
4831
4863
4784
4767
4808
4778
4814
4745
4717
4631
4695
4671
4792
4795
4916
4771
4648
4765
4675
4626
4762
4649
5011
4699
4714
4715
4845
4724
4655
4698
4827
4776
4729
4600
4569
4578
4667
4689
4659
4679
4694
4692
4612
4628
4721
4624
4677
4648
4741
4617
4690
4609
4653
4608
4678
4711
4543
4704
4614
4492
4505
4558
4664
4700
4711
4599
4726
4629
4726
4693
4552
4603
4474
4663
4503
4527
4627
4662
4543
4407
4681
4613
4623
4585
4555
4624
4674
4469
4517
4435
4445
4569
4511
4341
4470
4668
4558
4489
4499
4552
4541
4595
4523
4587
4614
4477
4504
4577
4564
4616
4512
4580
4643
4584
4569
4430
4544
4508
4485
4506
4484
4641
4479
4437
4432
4431
4545
4603
4638
4369
4486
4572
4546
4618
4376
4488
4494
4629
4319
4542
4474
4526
4414
4521
4499
4448
4342
4484
4512
4481
4551
4465
4481
4483
4405
4397
4391
4496
4469
4519
4461
4391
4401
4484
4602
4282
4440
4491
4424
4473
4384
4474
4467
4332
4389
4310
4506
4407
4509
4278
4419
4470
4438
4394
4383
4430
4343
4517
4449
4523
4411
4454
4510
4377
4359
4464
4388
4411
4394
4531
4366
4384
4378
4376
4521
4469
4273
4238
4380
4352
4450
4461
4388
4354
4262
4429
4349
4340
4370
4355
4269
4415
4332
4346
4300
4354
4327
4360
4361
4347
4466
4343
4386
4314
4485
4485
4334
4448
4366
4534
4475
4382
4223
4387
4459
4421
4387
4270
4353
4321
4421
4537
4341
4414
4433
4417
4275
4483
4282
4427
4391
4316
4311
4289
4388
4242
4359
4389
4342
4302
4351
4421
4306
4355
4458
4434
4377
4339
4509
4430
4357
4353
4422
4558
4343
4423
4345
4245
4576
4507
4434
4384
4398
4406
4417
4349
4464
4393
4481
4530
4509
4540
4505
4456
4512
4454
4527
4485
4437
4470
4485
4420
4554
4501
4517
4694
4714
4591
4454
4642
4587
4619
4726
4552
4736
4787
4755
4776
4624
4937
4814
4885
5106
5057
5164
5207
5379
5517
5481
5611
5766
6178
6153
6473
6752
7033
7331
7957
8190
8897
9470
10053
10547
11234
11980
12780
13938
14858
16056
17161
18375
19527
21212
22649
23948
25618
27041
29082
30957
32591
34434
36806
38529
40361
42632
44518
46749
49158
51166
53210
55904
57470
59781
62528
64258
66323
68545
70734
72974
75617
77032
79192
81842
83648
86077
87659
90166
92552
94252
97001
99269
100783
103363
105772
107373
110536
111591
114034
116494
117776
119379
120875
122858
123464
123228
124516
125092
124103
123918
123368
121728
120422
118579
116472
115338
111735
109105
106423
102753
99731
95911
92261
88175
84721
80598
76229
72707
68778
64945
60889
57362
53649
50612
46864
43502
40405
37532
34884
32481
29679
27528
24990
23211
21091
19658
17738
16643
15113
13754
12739
11645
10776
9825
8878
8382
7797
7236
6679
6307
6000
5551
5100
4858
4563
4251
4126
3991
3879
3750
3525
3392
3247
3130
3022
3002
2970
2787
2827
2738
2626
2705
2651
2456
2492
2395
2484
2327
2390
2398
2307
2276
2265
2230
2220
2163
2246
2172
2209
2221
2109
2139
2056
2122
2102
2067
2093
2066
2025
2041
2010
2092
2018
1957
1995
1918
1954
1979
1945
1984
1977
1941
2031
1940
1877
2033
1887
1919
1881
1865
1871
1922
1881
1926
1873
1894
1822
1897
1854
1823
1877
1877
1822
1860
1828
1766
1782
1831
1822
1886
1772
1756
1795
1784
1781
1877
1761
1758
1746
1804
1715
1779
1777
1809
1685
1792
1739
1701
1743
1779
1788
1772
1754
1714
1765
1779
1809
1701
1832
1748
1697
1768
1707
1686
1726
1644
1721
1682
1689
1727
1751
1752
1764
1756
1653
1706
1666
1646
1694
1696
1677
1708
1673
1718
1709
1700
1714
1633
1701
1680
1697
1683
1680
1709
1679
1732
1773
1813
1712
1820
1761
1808
1937
1978
2007
1918
2078
2090
2169
2254
2299
2364
2416
2459
2695
2777
2935
2996
3194
3249
3479
3769
3852
3911
4116
4378
4613
4921
5052
5274
5598
5878
6147
6299
6767
6985
7190
7510
7790
8039
8169
8631
8991
9189
9560
9849
10102
10290
10414
10977
11257
11672
11936
12266
12422
12745
12870
13423
13452
13969
13928
14434
14809
15141
15460
15585
15891
16239
16385
16489
16842
16975
17010
17301
17432
17488
17163
17295
17403
17407
17281
16993
16656
16303
16107
16028
15391
14909
14485
14062
13555
13153
12625
12122
11724
11011
10685
10068
9405
9248
8702
8122
7449
7184
6774
6419
5962
5579
5163
5074
4694
4305
4125
3843
3552
3228
3204
2987
2655
2593
2512
2315
2200
2168
2013
1957
1859
1808
1709
1702
1677
1687
1511
1479
1451
1385
1383
1414
1369
1326
1264
1336
1291
1275
1221
1289
1169
1244
1175
1206
1208
1211
1126
1222
1202
1178
1200
1149
1158
1107
1106
1128
1200
1154
1156
1143
1162
1153
1137
1100
1079
1080
1072
1089
1096
1132
1124
1091
1100
1098
1058
1137
1086
1136
1107
1075
1009
1021
1065
1013
1023
1053
1069
1050
1116
1045
1044
1030
1069
1062
1053
1049
1053
1034
1062
1023
978
994
997
1025
1033
993
1015
1006
1056
1058
1058
1025
1041
1000
1067
1058
987
1018
1011
931
990
993
1036
958
1019
986
1037
958
1001
1018
1035
977
984
992
989
1003
963
964
1027
995
970
966
990
923
952
981
939
967
968
957
969
1068
980
980
1038
986
966
963
996
960
1024
926
981
977
959
937
974
989
937
917
927
925
953
963
932
919
972
973
990
941
904
932
939
949
894
896
915
898
951
930
915
942
912
950
890
914
959
899
945
884
889
880
910
924
938
835
896
918
949
984
963
873
871
932
934
888
976
907
867
915
916
879
930
864
888
870
919
862
875
891
886
874
850
888
910
872
880
884
813
929
846
888
861
915
884
872
866
858
831
867
881
854
921
929
887
899
810
799
932
892
892
890
879
850
892
840
847
846
910
896
807
864
887
862
843
867
885
812
851
891
873
861
826
859
831
828
852
884
875
843
801
846
820
824
856
843
875
858
855
817
863
867
883
828
814
830
806
777
861
809
866
816
815
803
827
815
809
832
859
812
830
825
863
838
800
827
792
816
857
864
808
844
840
849
844
824
793
831
845
824
851
823
852
832
818
841
822
811
830
796
806
768
790
816
847
896
824
827
803
849
844
818
810
831
802
797
807
832
764
809
834
823
839
761
809
762
780
818
812
790
792
851
841
807
847
822
787
803
826
811
780
819
809
789
835
787
764
827
749
811
796
818
762
766
779
793
731
758
782
747
814
742
844
783
811
800
805
777
773
772
830
798
753
806
768
768
766
738
787
783
779
795
789
757
812
747
748
815
782
736
736
822
826
781
799
827
742
782
760
800
825
765
806
780
790
779
742
746
783
832
780
739
792
788
788
836
806
802
784
804
823
826
784
874
851
813
799
825
878
796
866
846
832
862
829
878
856
806
891
897
861
875
816
862
874
880
878
859
909
863
822
888
881
934
905
941
915
969
940
934
928
940
933
967
865
961
880
956
917
897
906
954
895
877
855
919
861
841
890
846
909
893
870
845
764
805
877
830
853
798
749
814
810
825
737
761
742
808
726
723
733
735
767
773
769
715
700
710
670
692
674
678
720
691
754
671
737
702
667
734
702
703
713
667
656
685
699
669
673
705
662
668
673
694
651
707
698
658
709
670
635
642
654
721
713
679
629
630
669
683
671
673
639
642
694
630
659
629
621
669
713
656
649
690
686
621
680
665
641
660
676
638
655
671
618
614
654
640
632
631
670
667
647
684
664
602
701
624
617
618
620
727
686
628
666
675
650
623
664
642
643
603
615
657
608
644
640
620
625
616
622
670
653
653
575
675
627
648
628
634
636
666
678
601
635
650
608
675
618
646
594
628
620
660
577
641
579
595
620
647
617
642
623
599
636
654
598
619
617
621
616
603
606
607
653
626
569
620
620
628
665
651
589
642
575
636
598
601
607
598
656
600
608
628
597
630
594
657
591
626
568
635
594
567
604
572
601
575
641
619
622
594
600
611
602
624
641
621
584
592
561
604
575
587
603
596
626
632
595
600
612
587
572
595
640
597
619
635
604
608
589
598
629
602
625
620
574
620
563
581
575
590
553
605
638
533
606
593
626
573
577
572
617
606
605
558
630
555
577
601
619
569
572
557
557
590
584
551
578
574
557
575
610
570
592
575
595
558
636
562
565
624
536
567
554
588
595
593
585
558
578
568
584
586
577
570
566
567
535
513
620
594
537
558
574
552
552
588
587
553
518
565
536
577
529
559
568
582
554
562
545
540
558
536
554
542
545
561
544
538
578
539
542
580
593
565
514
569
569
589
583
514
566
513
562
556
542
555
552
517
570
529
539
553
526
537
561
551
551
563
528
552
528
541
505
507
579
527
536
527
502
560
511
532
545
538
547
544
499
545
496
531
563
539
542
559
523
531
494
533
493
530
506
529
551
571
520
526
502
529
507
531
558
554
542
504
523
500
528
493
493
538
553
537
589
514
530
516
571
504
475
547
525
529
520
566
512
529
554
531
535
524
520
554
543
530
495
544
495
506
529
518
543
510
497
501
526
527
496
508
522
522
500
511
510
514
515
548
516
508
529
500
548
529
490
494
543
534
514
511
444
480
520
494
499
543
499
531
505
511
462
503
531
447
485
486
520
497
494
502
489
540
527
471
523
503
512
490
498
444
473
489
496
534
529
461
486
508
518
561
510
488
499
526
468
496
448
522
471
452
513
480
466
482
529
474
438
466
504
475
507
459
489
477
535
491
489
536
476
457
453
471
507
480
506
523
476
491
523
488
471
445
515
500
513
471
489
467
535
473
512
484
468
493
485
482
441
439
449
480
455
463
449
474
478
474
478
458
480
470
450
481
456
460
504
457
461
456
455
462
459
465
493
492
488
455
463
483
524
421
452
441
494
475
471
514
412
442
448
424
468
487
457
466
457
462
479
485
486
460
463
426
488
455
487
465
447
459
469
471
484
493
460
460
467
448
463
483
457
431
477
499
464
449
442
410
471
456
457
445
459
446
462
468
428
432
475
426
463
455
450
435
458
453
475
454
475
455
452
452
437
459
448
468
457
432
457
463
464
446
457
442
468
418
439
466
435
430
447
436
429
449
436
443
417
436
490
448
446
414
414
398
454
462
480
443
465
430
409
465
419
438
473
420
434
469
449
411
442
436
431
453
428
423
465
442
428
459
461
404
450
465
467
419
463
428
481
406
436
449
446
446
447
372
443
403
428
431
421
419
387
435
436
439
458
432
372
415
397
407
404
445
450
387
402
393
401
424
396
441
426
409
429
385
405
430
416
452
416
436
393
410
394
390
403
385
398
412
407
402
410
366
406
425
399
432
422
423
393
445
411
394
397
418
442
373
392
415
408
417
414
390
387
392
384
381
396
418
417
398
406
359
385
401
342
343
364
444
385
398
375
409
363
385
383
363
387
395
421
456
387
393
431
387
404
385
360
378
380
399
378
380
379
401
367
389
415
386
369
341
395
361
403
386
380
359
372
365
396
364
385
382
383
373
333
377
398
358
397
371
375
375
426
360
375
391
342
367
373
375
371
377
367
354
380
382
365
367
371
373
367
392
402
384
358
387
369
377
356
393
342
339
372
345
359
330
333
353
364
352
347
346
353
335
356
371
346
351
364
367
319
372
356
354
380
342
328
375
344
359
342
385
352
325
364
368
391
364
337
360
375
320
380
356
337
349
348
358
321
319
320
349
341
321
317
339
344
339
344
347
375
345
338
371
369
335
347
364
317
345
355
368
325
348
353
367
347
366
311
355
333
332
326
334
325
340
355
337
331
322
334
328
333
313
335
331
341
346
306
316
356
352
352
330
305
337
320
354
367
328
318
307
293
349
309
310
326
311
329
322
316
307
316
337
299
338
326
298
309
346
344
323
297
340
331
331
328
345
346
335
310
338
312
338
339
343
312
293
342
310
321
342
348
320
295
273
289
294
320
309
328
290
319
335
294
301
290
325
271
303
325
338
335
321
325
295
305
313
302
297
322
303
283
285
319
307
279
300
324
291
313
306
300
311
292
297
297
320
319
306
298
303
318
306
286
294
275
303
314
325
313
312
318
291
302
308
291
309
298
310
320
281
301
263
302
322
304
311
283
310
287
302
297
287
290
281
266
296
284
285
281
310
309
297
315
304
308
281
290
296
260
291
290
311
303
289
297
318
283
270
281
280
290
333
261
320
292
247
275
279
299
277
287
275
273
286
297
274
268
284
313
280
288
285
279
281
254
284
266
268
305
264
276
286
293
287
290
261
270
282
271
273
277
278
315
260
262
291
286
265
270
242
292
285
265
296
260
262
306
268
243
257
249
270
278
246
295
253
255
282
249
247
249
265
283
278
275
254
282
266
292
274
270
258
265
272
262
276
283
283
263
267
263
244
263
283
282
256
254
251
276
232
254
260
269
282
281
292
288
244
278
261
262
252
262
249
281
271
273
239
269
244
254
272
267
240
237
254
241
267
239
262
241
242
253
253
283
243
270
257
267
243
254
265
233
257
221
236
233
247
279
267
236
245
253
242
272
256
260
216
241
236
251
249
260
265
238
257
208
253
260
249
250
245
229
235
246
239
285
254
250
242
230
264
250
220
230
220
261
227
239
226
237
243
249
246
257
266
237
239
211
247
246
252
247
242
229
272
269
267
242
237
266
249
240
241
230
213
217
216
218
261
258
250
260
258
235
259
229
229
260
217
242
215
214
238
239
237
231
200
221
209
226
250
221
228
267
253
267
225
242
252
234
200
247
212
247
230
210
234
258
254
255
235
233
211
211
233
254
222
198
233
194
255
247
237
231
266
243
253
218
214
231
217
220
235
215
197
219
225
228
236
243
255
247
195
209
221
216
230
233
218
208
216
220
214
221
215
208
258
215
220
208
237
211
244
220
236
194
247
239
242
219
243
223
239
214
207
220
200
190
219
221
236
206
181
214
208
194
243
205
229
230
205
182
220
206
193
209
208
212
208
226
189
189
202
200
214
193
209
205
177
212
208
215
202
193
222
193
198
205
222
193
232
184
200
194
216
208
214
215
228
202
203
198
205
212
224
178
196
180
211
223
196
191
199
204
197
202
178
214
198
176
188
189
204
183
190
187
192
193
188
177
179
198
212
209
209
185
174
183
179
212
191
204
177
209
182
209
190
191
206
202
205
194
182
195
204
200
171
162
200
199
186
167
179
191
191
209
170
192
198
141
186
201
173
179
208
225
155
193
201
183
191
177
196
213
190
164
195
176
187
175
194
182
172
213
188
191
191
200
189
188
199
187
194
184
220
183
179
202
198
176
192
185
172
166
165
186
203
188
204
198
193
173
209
210
199
201
171
205
172
185
200
196
190
177
189
190
187
176
220
188
200
187
205
214
163
187
210
206
167
192
202
192
183
208
207
198
183
184
172
168
170
191
177
209
181
201
169
186
164
209
215
188
202
192
214
186
201
175
186
200
178
192
179
202
165
181
218
193
177
187
182
188
179
206
195
194
192
172
199
171
168
187
199
194
174
190
200
182
200
197
192
195
205
183
170
175
187
182
181
161
176
165
160
168
178
174
172
151
169
172
179
165
198
175
179
173
178
182
183
166
156
170
163
153
170
175
152
158
153
162
180
175
186
151
176
151
173
170
193
179
145
179
160
181
172
165
148
163
146
172
151
173
182
171
163
192
165
155
151
176
174
160
180
163
174
166
168
164
168
149
182
150
151
153
178
169
174
154
178
156
145
165
173
151
161
177
160
154
167
171
165
184
178
148
161
134
158
163
156
160
149
153
170
137
156
163
134
143
143
172
160
162
157
171
158
167
154
164
177
179
174
173
154
151
161
145
167
155
136
157
177
149
158
146
155
181
158
169
151
155
155
159
178
150
176
163
146
165
186
156
153
167
149
162
159
166
161
133
150
171
166
160
181
175
167
144
180
158
168
180
145
169
158
146
161
166
156
185
149
178
163
171
185
164
160
175
185
160
159
174
170
157
180
142
159
160
167
149
168
173
183
173
161
185
179
176
158
156
177
182
170
164
163
173
186
170
143
170
168
164
176
153
166
172
145
171
187
151
177
184
161
172
169
157
165
175
178
169
139
178
161
167
147
164
142
162
151
167
140
183
162
163
154
172
134
150
143
149
136
140
141
153
144
155
141
140
139
151
151
145
154
135
170
158
143
145
149
133
133
129
150
123
153
143
137
140
128
133
131
136
117
121
122
144
153
134
119
134
151
141
115
135
129
132
125
125
129
151
150
135
135
122
134
140
143
139
119
143
137
111
115
138
106
128
134
139
118
133
127
130
107
127
142
130
150
135
150
125
121
143
121
112
146
124
144
128
124
105
158
150
132
131
134
144
138
134
142
122
136
124
129
123
147
141
127
146
122
140
137
140
140
121
139
127
138
124
137
146
106
143
116
120
136
128
149
117
137
111
136
116
147
122
108
124
156
149
128
140
133
137
137
135
140
131
132
154
135
120
155
144
125
141
144
158
135
135
145
171
150
154
128
142
141
130
145
157
139
138
146
144
150
153
152
149
128
143
166
134
144
145
160
146
122
135
162
146
148
140
133
133
157
130
138
144
148
133
147
128
163
159
150
140
162
146
147
156
168
157
158
161
170
168
155
170
190
161
192
184
145
144
170
162
168
156
148
157
166
143
168
157
158
178
144
156
178
174
190
166
171
162
186
165
155
154
167
163
164
164
168
163
140
137
147
163
168
134
138
133
143
135
148
131
135
143
138
128
131
120
125
120
126
122
111
123
135
111
95
87
97
95
103
102
95
101
105
94
101
106
81
84
99
101
100
108
101
98
86
87
89
77
102
102
86
92
91
95
75
88
91
79
92
87
94
79
82
90
81
107
97
81
97
74
89
87
82
77
91
81
111
78
94
82
85
78
86
83
93
79
81
102
75
97
98
89
77
109
97
93
111
83
94
82
91
97
101
83
102
83
80
102
78
90
88
87
85
72
88
80
75
61
77
95
88
83
75
87
80
101
80
101
81
98
95
76
81
90
87
84
102
79
89
79
80
65
92
81
72
81
101
88
90
90
98
94
75
74
67
87
102
100
90
78
80
90
96
80
80
96
74
79
98
90
96
90
72
73
68
93
86
89
77
75
87
90
67
79
82
83
71
81
89
82
81
79
75
70
106
77
82
103
80
87
74
98
91
103
88
96
81
101
86
85
81
85
100
77
70
66
75
80
90
85
97
86
87
81
91
83
74
98
105
101
86
66
76
89
94
76
81
94
84
89
88
88
78
79
83
80
93
83
89
93
81
84
72
94
92
98
79
68
84
88
86
88
91
92
89
101
86
98
80
97
76
88
106
92
80
97
86
82
62
92
71
94
110
77
83
83
87
73
71
82
84
74
73
90
82
86
82
76
86
65
78
85
92
74
62
82
81
88
95
74
79
82
90
83
98
76
76
93
85
88
81
79
68
74
81
69
69
67
79
85
76
96
77
86
75
86
83
78
86
75
77
72
90
79
63
73
85
68
79
74
82
67
87
77
82
92
70
98
73
77
78
83
85
73
90
64
77
81
104
75
83
88
79
84
83
70
80
75
92
79
77
81
76
70
85
74
82
77
70
77
102
91
89
75
81
84
78
89
78
78
68
81
60
77
87
88
101
84
72
102
83
93
99
70
72
96
67
79
91
90
78
77
74
67
80
83
99
94
84
88
75
86
83
100
93
92
75
85
81
106
73
83
97
76
67
93
94
103
83
83
91
97
77
88
71
88
88
85
99
75
88
86
98
107
81
100
108
103
91
101
98
91
106
76
86
92
94
92
91
94
106
94
89
93
102
109
107
122
98
111
113
115
116
106
126
129
105
107
111
95
117
114
112
108
110
119
135
101
126
107
124
126
120
120
123
121
113
124
112
139
128
119
115
124
144
134
139
115
141
112
144
134
139
137
126
120
135
133
126
123
124
107
127
131
136
108
103
111
118
118
98
118
100
95
115
96
97
113
121
87
104
93
86
100
90
105
77
88
70
67
71
55
69
73
62
63
53
52
58
64
52
58
59
50
52
43
40
50
34
42
42
38
41
35
50
49
39
41
32
33
50
34
31
41
29
35
29
34
38
40
38
34
35
40
36
32
30
23
39
25
34
34
21
30
34
38
37
25
39
29
16
25
21
32
35
36
35
27
35
43
30
31
33
27
32
18
33
33
37
26
32
35
40
29
31
26
36
19
32
33
32
28
28
25
30
33
27
24
29
41
29
30
30
27
29
31
30
29
41
38
32
20
39
30
45
29
31
25
30
30
35
43
31
26
26
27
32
29
36
32
30
30
30
40
38
38
29
32
29
33
38
43
40
36
31
38
24
34
30
37
37
41
36
28
31
44
29
27
24
31
32
25
38
42
32
33
24
28
28
34
35
27
34
30
40
39
27
27
40
29
42
27
36
38
32
23
40
35
26
21
20
40
27
33
29
37
24
24
33
37
40
45
28
31
26
34
37
42
29
47
37
35
36
53
39
33
45
45
40
30
34
44
37
40
47
51
33
35
33
37
31
44
38
51
37
43
36
42
41
41
28
36
44
45
38
50
47
41
48
54
41
52
44
44
46
41
44
37
31
45
38
40
43
59
52
36
40
30
44
33
30
25
38
28
33
36
29
29
22
35
37
28
32
31
32
35
31
22
28
23
23
22
23
23
24
26
21
28
21
20
23
17
22
16
17
29
26
19
19
16
15
21
16
18
15
13
15
17
18
13
25
17
22
24
24
18
21
20
10
13
18
19
18
20
15
15
20
15
10
13
18
12
13
12
17
16
12
22
14
23
15
18
13
12
14
18
17
13
17
8
15
11
12
21
15
8
13
9
20
17
7
8
12
6
13
18
21
15
16
15
16
21
21
23
15
18
10
14
11
16
14
18
20
18
16
10
15
21
14
22
13
11
16
20
20
17
18
12
15
16
10
12
12
17
16
11
15
17
19
14
17
14
23
10
22
20
14
22
12
20
14
16
8
21
10
9
12
10
12
16
11
13
17
23
21
15
12
16
12
25
16
18
14
13
13
20
14
21
14
17
12
15
14
12
11
16
11
12
15
10
13
15
17
13
13
8
14
11
17
13
5
21
12
12
17
11
18
16
8
19
15
9
18
17
8
15
15
19
16
14
18
9
20
19
12
14
14
17
17
10
20
13
14
16
18
10
10
17
16
12
15
18
13
15
10
12
11
17
11
13
17
17
16
17
19
17
16
16
14
11
10
14
19
16
9
15
9
18
24
18
13
15
15
14
17
20
9
14
17
17
26
19
20
20
14
13
16
7
4
17
22
11
13
18
11
11
12
12
15
17
16
14
9
13
12
14
16
11
17
8
12
13
17
10
14
15
10
19
11
11
11
13
6
13
15
7
6
9
16
13
16
9
12
11
17
16
15
9
11
16
8
9
6
13
14
12
14
14
11
13
15
15
12
5
8
10
25
6
16
12
14
13
17
11
16
10
21
16
17
12
10
14
11
12
16
16
9
11
9
12
12
7
6
11
9
8
8
11
9
8
14
14
11
14
9
12
10
13
12
15
13
13
12
6
7
12
9
18
17
15
12
11
11
15
15
15
10
11
10
6
13
15
13
8
18
16
12
13
10
19
21
13
11
11
12
12
15
9
13
21
13
14
15
11
14
17
12
10
8
14
13
12
10
17
11
8
18
6
20
8
14
11
11
8
10
12
12
17
10
11
14
8
9
12
14
14
13
13
8
9
14
8
13
12
12
9
10
16
7
14
7
6
7
17
16
19
2
8
6
7
16
15
9
10
10
17
13
10
10
10
19
9
10
11
11
11
11
8
9
10
2
9
16
12
9
10
13
10
9
17
16
11
13
11
10
14
14
9
10
13
13
12
14
15
12
18
8
13
13
12
7
13
18
15
6
11
13
15
15
10
9
15
12
23
10
10
13
10
13
16
12
11
6
17
18
13
23
8
18
13
17
9
16
10
16
8
7
15
16
22
17
12
14
5
10
16
8
13
11
12
8
19
7
10
11
7
10
16
17
14
13
12
13
6
11
11
7
10
9
12
10
9
12
9
11
11
10
7
13
8
13
14
20
13
7
13
16
9
8
12
13
8
11
7
18
12
11
5
9
11
7
5
11
12
8
12
8
13
14
17
14
13
11
6
16
9
12
11
2
5
12
12
12
12
14
6
13
9
7
6
11
5
12
7
10
5
10
8
18
10
2
5
9
16
11
11
7
9
8
5
13
11
6
5
6
9
12
10
10
11
8
13
9
16
10
5
9
6
10
8
5
9
10
8
12
13
10
9
6
9
5
15
11
12
6
6
4
11
7
11
11
13
7
9
10
10
14
10
15
11
3
8
4
7
10
9
9
9
12
8
12
9
6
9
6
6
6
10
13
11
7
10
5
14
7
7
9
13
10
5
10
6
7
3
11
12
12
8
8
7
9
8
10
11
8
12
5
14
8
6
7
12
5
11
7
11
7
11
6
14
11
10
8
6
7
10
10
7
6
15
11
11
11
10
4
5
11
9
8
10
7
9
6
10
8
18
7
9
10
13
10
10
9
11
9
7
12
7
5
7
9
9
9
5
15
7
1
9
10
16
4
8
8
8
6
5
9
9
8
6
5
9
13
10
8
8
9
7
11
7
8
8
7
7
6
5
10
11
10
6
11
8
4
11
6
8
7
6
10
8
5
5
11
8
11
8
15
5
8
5
9
5
5
7
6
9
4
8
5
4
13
8
10
10
8
8
15
7
7
6
10
6
10
7
12
11
7
6
8
5
0
10
7
8
4
4
9
10
8
9
13
8
8
6
7
4
3
8
7
7
6
6
7
8
9
9
9
8
7
7
5
8
7
7
6
5
7
10
5
10
15
4
12
9
5
11
6
2
11
10
4
11
7
7
11
5
11
7
8
8
11
10
6
10
3
5
9
12
9
9
10
3
8
7
11
13
10
10
9
5
5
8
5
6
5
6
5
4
11
9
9
3
3
6
11
8
13
6
4
6
3
8
6
1
12
7
13
10
8
6
5
13
11
9
6
14
15
7
9
5
10
10
5
6
8
9
9
4
12
10
8
9
3
6
8
6
3
7
8
8
6
8
10
9
6
5
7
6
6
12
8
7
8
6
7
12
10
11
5
4
6
7
9
4
6
9
3
6
5
5
6
9
5
6
9
7
5
7
7
8
6
10
12
7
5
8
9
5
10
7
7
6
4
6
7
5
7
9
5
7
15
11
9
2
5
7
5
7
4
8
3
10
7
6
11
10
6
9
3
10
5
8
9
5
5
4
5
5
8
7
6
8
5
7
7
10
13
7
9
6
7
5
4
9
3
7
9
8
10
7
6
5
7
6
9
5
5
4
4
11
12
8
5
4
4
6
3
8
5
7
9
7
5
9
4
4
3
8
6
7
3
8
8
7
7
10
8
6
8
6
5
6
6
7
10
9
4
4
8
5
2
5
10
8
4
5
3
5
6
9
10
9
11
5
7
6
7
14
7
8
7
3
6
4
3
8
6
6
6
11
8
5
6
6
7
10
6
3
4
9
8
8
8
7
6
12
7
3
5
6
6
8
8
3
3
3
8
8
6
5
7
5
6
5
6
4
3
4
3
3
4
8
8
7
9
4
4
4
6
9
7
4
9
8
2
10
6
9
7
11
7
6
9
5
7
7
5
7
4
2
8
4
11
6
6
7
6
5
4
3
3
7
4
7
7
12
7
1
8
2
7
1
6
5
2
8
7
7
8
17
4
4
7
8
7
2
6
5
4
6
6
6
5
6
7
5
7
4
10
8
6
3
5
5
9
5
9
8
6
6
3
6
5
5
8
4
5
4
5
5
3
10
5
4
11
3
4
7
13
8
3
5
5
6
4
8
11
6
4
8
5
6
5
5
4
11
9
6
8
4
5
3
6
8
1
6
6
6
3
5
5
7
3
2
8
6
8
6
7
6
3
5
2
7
3
4
4
2
4
10
4
4
4
9
7
5
9
7
7
7
6
5
5
8
6
5
8
5
6
6
5
12
5
3
10
2
4
5
3
2
6
5
3
8
6
3
5
7
9
10
6
8
4
13
4
5
8
9
7
8
3
5
7
11
7
7
5
2
7
11
5
4
10
7
5
3
5
5
4
7
3
5
7
2
8
2
5
8
4
4
3
6
5
5
2
6
4
6
5
3
3
7
6
5
8
5
6
4
5
12
6
12
3
3
2
6
4
6
2
8
2
4
9
5
4
7
10
1
0
6
5
5
7
3
3
2
7
6
5
3
8
2
8
5
4
7
11
4
5
1
5
6
3
2
5
6
6
2
6
5
5
5
5
4
2
3
5
3
6
7
10
5
7
10
8
2
1
5
3
3
6
9
5
2
6
7
7
6
7
5
8
5
3
4
6
11
5
3
6
3
5
6
6
6
4
4
1
9
8
9
2
5
5
5
2
3
6
10
7
3
9
6
3
6
2
7
6
11
6
5
1
6
9
5
5
7
4
6
5
4
3
2
8
4
4
4
4
6
8
4
5
8
2
5
4
8
7
4
8
4
7
4
4
4
5
3
8
2
14
12
5
4
4
13
2
13
6
11
4
7
7
9
6
5
9
7
9
3
7
11
5
12
8
10
10
9
9
7
11
13
6
11
13
9
9
11
8
6
10
11
8
4
8
8
6
8
10
8
7
10
6
8
10
10
9
9
5
3
10
7
11
12
8
5
2
6
9
2
6
7
10
5
3
7
3
7
5
3
3
2
3
5
6
5
9
5
7
7
5
7
2
2
2
7
1
1
5
1
6
6
7
5
11
6
1
2
3
4
6
3
5
2
2
3
7
5
4
5
2
5
5
9
1
7
5
4
3
3
11
7
2
4
5
1
8
1
7
7
3
4
7
1
4
6
6
5
2
3
5
8
4
6
3
4
5
6
5
7
4
5
2
4
6
1
5
5
2
4
3
6
3
2
5
4
4
5
1
10
3
3
6
6
7
5
6
3
4
7
0
4
6
3
3
1
3
5
2
2
9
4
6
4
2
3
5
5
5
4
3
2
8
3
4
3
5
9
4
2
4
7
4
2
6
3
4
4
3
1
4
5
5
4
2
6
6
5
4
2
5
4
4
3
2
3
6
5
10
7
1
5
3
2
4
9
3
6
5
8
9
6
5
7
4
7
7
0
6
2
3
6
6
3
4
7
6
3
8
5
3
8
8
3
9
4
7
5
2
5
2
5
3
3
3
5
3
4
4
7
2
6
4
6
3
1
4
4
3
2
1
1
2
1
10
4
4
6
2
3
2
3
3
5
3
3
4
1
7
3
3
4
4
5
8
7
6
4
4
5
3
2
2
2
5
2
6
6
1
5
6
5
1
6
4
8
3
6
3
4
8
5
2
3
0
3
3
8
7
4
3
3
2
2
4
7
7
3
2
6
2
2
5
3
4
7
5
2
3
5
5
4
1
3
6
5
1
1
4
1
4
2
10
5
6
6
4
2
3
4
2
2
3
3
3
2
4
4
2
3
3
2
4
1
7
5
4
4
4
2
5
2
7
4
6
3
0
1
6
2
2
4
2
3
5
4
8
6
7
10
4
8
8
2
7
3
8
4
4
3
5
8
6
4
3
3
4
3
4
3
4
5
0
6
1
1
2
2
6
4
3
6
6
3
3
7
5
5
8
2
4
2
2
8
3
4
2
6
6
3
4
3
6
2
5
4
6
2
3
5
6
5
5
2
4
8
7
5
2
4
2
1
1
2
5
4
4
5
3
2
2
4
2
4
4
2
1
4
3
3
7
5
4
3
4
2
3
2
7
6
4
1
3
5
5
3
6
5
7
3
2
9
7
4
6
5
6
6
4
6
5
6
10
3
8
1
5
4
5
5
1
10
2
2
7
5
6
4
4
4
3
9
5
4
5
4
5
6
5
6
3
6
6
6
11
5
7
5
6
4
3
15
7
5
5
6
8
6
8
10
8
4
5
7
8
6
7
8
8
6
6
5
5
6
6
6
10
6
8
7
3
7
6
5
3
6
6
6
4
5
8
2
2
1
5
6
9
7
2
7
2
6
4
3
6
4
2
3
3
10
5
4
5
3
4
9
8
2
7
6
5
3
5
5
9
7
4
3
6
2
4
7
7
1
7
2
3
5
4
4
2
1
2
2
1
2
1
5
8
3
4
3
3
2
5
4
2
3
3
3
0
2
4
1
3
2
2
4
1
5
6
3
6
2
4
1
4
4
3
8
2
2
1
1
2
3
2
3
2
1
4
2
3
3
2
6
1
2
6
3
2
6
2
5
1
1
0
2
3
1
2
4
6
2
5
4
3
3
2
1
3
2
4
0
3
6
5
3
3
5
4
2
6
1
0
1
3
2
3
3
6
1
0
5
1
2
2
2
4
3
4
6
2
0
5
3
2
4
2
3
4
1
3
3
3
5
2
3
3
10
5
4
2
3
4
3
2
2
3
1
1
3
4
8
4
7
3
1
7
2
7
3
3
3
3
4
6
1
1
2
3
2
5
6
3
3
3
4
1
4
2
6
3
0
4
3
3
1
1
1
3
2
2
3
1
4
4
4
3
5
4
1
4
0
3
2
1
3
5
3
5
4
1
2
5
3
8
2
3
5
1
5
4
2
3
2
4
1
3
8
3
2
1
2
5
4
2
3
3
6
1
2
2
2
3
2
2
4
4
3
2
1
4
8
7
3
5
4
4
7
1
1
2
3
2
1
4
2
2
3
1
4
3
2
6
3
4
1
3
2
4
2
8
5
2
4
3
3
5
2
3
2
3
5
2
2
3
3
5
3
3
3
2
6
5
0
3
5
9
3
3
1
1
0
5
2
2
4
2
0
6
1
3
5
1
1
2
2
3
4
3
3
3
3
4
1
6
5
2
3
2
2
4
1
1
1
3
3
3
1
1
1
5
4
1
2
1
0
8
2
3
6
1
2
2
4
2
4
2
3
1
1
2
1
1
4
5
5
3
3
5
3
0
0
4
4
2
4
1
1
5
7
2
3
4
3
2
5
3
2
1
2
3
2
4
4
2
5
0
6
2
3
5
3
1
1
1
3
6
3
3
3
3
6
4
2
1
2
5
0
6
2
5
2
2
3
1
2
5
4
2
4
3
3
3
4
4
4
4
4
3
1
3
5
5
3
5
2
3
3
3
7
2
3
5
0
4
4
3
3
5
7
2
3
3
3
2
1
4
3
3
6
1
2
0
5
1
0
2
2
4
2
2
0
4
1
1
5
3
2
1
2
3
2
7
1
6
6
3
7
3
5
2
7
2
3
0
3
2
6
2
2
5
7
4
2
4
5
2
8
3
0
3
2
3
4
5
2
1
6
3
1
0
1
6
2
2
3
1
4
2
2
2
4
2
7
3
5
3
3
4
4
2
2
3
2
3
4
4
3
1
3
3
3
1
3
0
3
5
2
6
2
4
2
1
3
2
2
1
1
5
3
1
4
2
1
4
2
1
2
4
4
3
2
3
1
3
4
1
2
1
5
1
5
1
2
3
4
2
0
1
3
0
7
2
3
0
4
2
2
1
3
2
4
5
5
1
4
1
1
4
1
2
3
3
5
5
5
4
5
4
2
3
2
3
2
3
3
3
2
3
5
6
1
3
2
0
1
5
3
4
2
1
1
2
3
0
1
4
4
2
4
0
3
4
3
8
3
6
2
3
3
3
2
4
2
1
1
2
1
0
3
6
3
2
5
2
4
2
2
3
4
5
2
1
3
2
2
2
2
4
2
1
2
5
2
3
4
3
1
0
1
0
2
3
4
2
1
3
2
0
2
4
1
1
2
1
1
6
2
2
3
3
1
2
2
5
2
2
6
1
2
6
1
3
2
3
5
2
2
4
1
3
1
2
4
3
5
3
5
0
6
4
3
2
2
5
5
4
1
4
3
0
3
6
3
7
6
3
3
3
3
5
3
4
2
6
2
3
2
4
4
1
2
2
2
3
1
3
5
1
5
1
1
2
3
2
2
3
2
1
3
3
1
4
2
3
2
3
3
1
7
2
1
2
1
3
4
5
5
5
1
3
1
3
4
2
0
5
4
1
1
4
3
1
4
0
4
6
2
2
3
3
0
2
0
3
2
4
3
3
3
4
3
1
2
1
3
1
5
1
8
2
2
0
1
2
1
3
3
5
6
0
4
2
1
3
7
6
0
5
3
2
3
2
0
1
2
0
2
2
2
1
6
4
8
7
2
2
3
2
3
1
5
1
1
3
3
1
3
1
1
0
0
3
0
1
0
4
0
2
1
4
2
4
2
1
3
1
0
3
1
1
3
1
2
1
5
2
6
2
0
7
4
2
3
4
1
2
2
3
2
2
5
1
1
1
2
2
2
1
2
5
4
3
1
1
3
2
0
3
2
3
2
3
1
2
2
3
1
3
4
1
3
2
5
0
3
5
3
3
3
1
1
1
4
2
5
2
1
2
3
4
4
3
1
1
5
3
1
5
2
1
6
3
2
7
4
2
2
4
3
3
3
0
4
1
1
2
1
3
4
5
5
0
1
1
1
2
1
2
2
2
1
4
2
1
2
1
1
4
2
1
4
3
2
5
3
1
2
3
2
3
4
2
3
1
1
1
4
1
1
0
1
4
2
2
2
2
1
1
5
5
1
0
2
1
5
1
2
5
2
1
2
5
3
2
1
2
0
5
3
2
2
0
1
2
2
1
0
1
2
6
2
3
4
0
1
4
0
4
1
2
4
0
2
2
2
2
3
2
1
3
2
1
4
6
2
3
2
3
0
2
1
3
1
2
5
3
2
3
3
1
3
4
0
4
0
3
1
2
5
0
1
2
6
5
0
4
3
1
1
2
2
6
1
2
1
3
1
4
5
3
3
1
2
4
3
5
0
1
3
4
3
1
2
1
2
4
5
3
6
4
3
1
3
1
2
1
4
3
1
1
2
2
6
2
4
1
0
3
5
2
0
2
0
3
4
1
2
2
1
2
3
2
1
4
4
0
1
2
1
2
2
2
1
1
1
4
1
5
3
2
1
1
2
4
2
6
2
1
1
2
2
0
0
2
7
3
2
5
1
1
4
3
2
1
2
2
3
0
1
3
3
3
1
2
1
1
4
1
2
3
3
1
0
2
3
2
2
3
2
5
1
2
2
1
5
2
1
3
2
1
3
4
0
2
0
4
5
3
1
2
2
5
4
4
4
3
3
3
3
3
3
1
3
7
2
2
1
5
2
1
5
2
2
4
1
0
4
2
3
3
2
2
3
6
3
3
1
3
3
2
3
2
3
2
2
2
3
5
4
6
0
1
2
0
5
4
0
3
2
5
1
2
3
2
2
1
3
1
1
3
1
1
2
1
2
3
1
1
2
4
1
2
4
2
5
2
2
4
1
6
5
5
2
5
3
3
1
2
3
4
4
4
4
9
3
1
4
3
4
2
3
1
4
3
2
4
3
1
3
2
2
3
3
3
3
4
4
3
5
3
6
5
4
2
5
3
5
1
4
6
5
0
1
4
5
1
5
7
6
6
2
3
5
5
2
5
3
3
4
8
8
3
3
11
2
4
6
2
3
3
4
4
4
4
8
2
0
3
4
6
3
7
5
3
8
5
5
3
5
3
4
4
3
5
3
2
0
5
5
2
2
3
2
1
2
3
3
0
2
3
1
4
1
3
1
0
1
0
2
2
2
3
4
1
1
2
2
0
4
2
4
5
2
1
0
1
1
2
2
3
1
4
2
3
2
2
3
1
0
3
2
1
2
0
0
3
3
2
0
3
1
2
2
0
2
1
4
3
1
2
0
2
2
4
2
1
0
0
3
3
4
3
4
4
2
2
1
0
0
2
3
0
0
2
1
0
2
2
3
3
2
2
3
3
0
3
0
4
5
2
1
3
2
1
2
4
0
4
1
3
1
4
0
5
0
3
3
1
3
3
5
3
3
4
3
2
4
1
4
1
2
1
2
2
3
2
1
0
3
3
2
1
1
2
5
2
1
0
1
0
2
3
3
2
2
6
3
3
1
4
2
1
2
3
1
2
4
3
0
0
1
1
2
4
5
4
3
1
0
5
2
2
2
5
4
2
1
0
2
2
1
2
4
0
1
5
2
5
3
1
2
3
0
3
2
0
0
2
2
4
2
0
2
2
3
1
1
3
2
2
0
1
3
2
2
4
4
1
2
2
0
1
2
1
3
3
0
3
4
3
2
2
1
4
1
2
0
0
4
1
4
4
4
2
2
0
1
2
1
3
2
1
1
1
2
2
2
4
1
3
1
4
1
1
0
0
2
5
2
1
1
2
4
4
2
3
2
1
1
3
2
4
3
0
0
2
3
1
0
2
2
2
7
4
3
2
2
3
4
1
4
5
2
2
4
3
3
5
2
3
1
0
5
2
1
3
4
1
1
2
2
2
6
3
3
1
5
1
1
4
3
2
4
2
3
3
6
2
4
2
1
4
3
3
3
3
2
1
2
0
2
1
1
4
1
1
2
1
2
2
4
0
2
2
1
1
1
3
3
2
0
2
2
2
0
3
0
5
1
5
4
2
1
3
3
3
2
5
1
1
1
3
3
2
4
1
2
0
3
1
1
4
1
3
0
3
3
3
2
5
1
2
2
3
2
4
0
0
1
1
5
2
2
3
3
4
3
3
2
0
2
2
3
1
2
1
2
2
2
0
4
1
1
2
4
2
2
4
2
0
3
3
2
3
4
1
0
1
1
1
4
2
5
1
1
5
1
0
2
1
2
0
1
1
5
9
3
2
2
1
1
7
2
2
3
2
0
2
3
2
1
1
1
3
1
1
0
3
2
2
3
0
6
0
2
0
6
7
4
0
0
4
1
5
0
2
2
3
1
1
1
1
3
7
0
3
4
3
1
2
0
2
2
2
2
1
2
2
2
2
1
3
1
1
3
3
3
2
1
1
3
4
1
0
1
2
2
0
1
3
1
0
2
2
2
4
5
0
2
1
0
5
3
4
3
2
5
7
1
2
2
4
0
3
4
3
4
5
3
2
2
2
5
1
1
3
1
3
3
0
0
1
1
4
1
5
2
1
3
3
0
2
2
2
2
1
4
1
1
4
4
1
1
1
0
0
0
2
4
2
1
3
1
4
0
4
4
2
2
4
2
2
2
2
3
1
2
3
1
1
0
4
2
3
2
1
2
2
2
0
1
1
0
3
2
1
1
1
3
2
3
2
0
5
1
5
2
2
5
2
2
1
2
3
3
2
2
2
1
3
2
2
1
0
1
1
3
1
2
0
0
5
3
4
6
2
1
2
3
3
4
0
1
1
2
2
5
1
3
0
1
1
4
4
1
2
2
1
1
0
0
2
1
2
1
2
2
2
2
2
3
2
2
2
4
1
2
1
1
2
2
2
2
1
2
4
0
3
4
3
3
3
0
5
1
3
2
0
1
3
0
3
0
2
4
1
2
1
2
4
1
3
1
1
4
3
1
4
3
3
4
6
1
1
2
3
4
1
4
3
5
1
1
3
0
2
1
2
2
3
4
0
4
4
3
3
1
1
3
5
0
5
0
4
6
2
2
1
3
5
2
2
3
3
4
2
2
3
1
0
0
4
1
4
1
2
2
1
4
1
2
2
2
3
2
0
4
0
2
4
3
1
1
2
1
2
1
2
3
1
1
3
2
0
1
3
1
4
3
0
3
4
0
2
4
2
3
1
4
4
0
0
7
2
3
5
1
1
1
0
2
2
3
1
3
0
3
2
1
0
3
4
1
3
2
1
1
2
2
0
4
2
4
5
1
1
4
2
4
2
2
2
1
2
3
2
4
1
1
1
4
3
2
3
3
1
2
0
1
1
0
1
3
4
4
2
4
2
1
3
0
4
0
0
2
1
0
1
1
1
2
0
0
2
3
1
2
3
1
5
1
1
1
2
1
2
2
3
2
2
4
2
7
0
3
2
1
1
2
3
3
0
5
2
2
0
0
0
2
5
4
0
4
1
2
1
1
3
0
1
3
2
1
2
3
2
2
3
3
2
2
2
4
3
3
0
2
2
3
6
3
2
2
1
2
1
3
6
1
5
5
0
2
5
3
0
2
2
0
1
2
2
3
2
1
1
1
1
1
5
3
2
0
1
0
2
0
0
4
2
2
3
1
2
2
2
4
3
1
1
2
5
0
3
3
4
3
2
4
4
5
1
0
1
2
0
3
1
0
2
1
3
0
4
6
1
4
3
4
1
4
1
2
3
1
1
2
1
2
3
0
4
3
2
2
1
2
5
5
4
2
0
2
2
4
2
1
5
1
2
4
4
2
1
3
5
2
2
4
3
4
3
3
3
4
2
3
3
4
2
2
3
3
4
2
3
1
3
5
0
4
3
1
2
1
3
3
6
3
1
3
4
1
0
0
1
5
1
1
3
3
2
2
3
3
2
2
0
3
3
2
1
4
4
1
3
3
1
0
1
2
2
1
0
1
4
2
1
2
4
2
0
3
2
2
1
0
1
2
2
2
2
1
0
1
2
2
3
0
0
2
1
1
2
1
4
1
1
2
2
3
3
4
4
4
2
0
1
2
1
1
1
3
4
2
2
0
3
2
2
1
2
0
2
1
2
0
1
2
0
4
0
5
5
2
0
4
2
2
1
2
5
0
3
5
4
4
2
0
2
1
1
3
1
0
3
3
3
4
2
3
1
1
3
1
3
3
1
0
0
2
2
3
4
3
3
0
4
0
1
1
0
2
2
1
7
0
1
4
2
2
0
0
1
0
1
2
1
1
1
1
2
4
4
2
2
2
1
0
2
1
4
1
1
2
5
4
3
2
0
2
5
0
0
1
2
1
3
0
1
2
1
2
5
3
1
2
1
1
4
1
1
0
1
3
3
1
0
2
3
1
1
1
1
2
0
1
2
3
1
2
1
2
5
0
1
1
1
1
3
0
2
1
2
1
3
0
2
4
2
2
1
3
3
3
4
1
0
0
3
0
3
2
1
2
2
1
3
1
2
0
3
3
4
0
3
1
1
0
1
0
0
2
4
3
2
2
0
0
2
1
4
2
3
1
1
1
0
4
2
1
2
1
1
5
1
2
3
1
1
1
5
1
0
2
2
1
2
3
1
3
1
2
0
1
1
1
2
0
2
2
0
0
2
4
0
1
1
2
2
1
2
1
1
3
1
2
1
2
1
3
2
1
0
1
1
0
1
1
3
0
0
1
1
2
0
0
3
2
2
3
1
1
0
0
2
1
2
3
0
1
0
2
1
0
0
3
1
2
1
0
1
1
0
1
2
3
3
0
1
3
3
3
2
2
3
1
1
3
2
1
0
2
2
2
0
0
1
1
0
1
1
3
3
3
2
2
1
3
1
1
2
1
2
1
3
1
0
0
2
0
1
1
1
1
3
0
0
3
2
0
1
0
3
1
5
1
1
2
4
1
1
1
0
1
0
0
4
1
0
5
1
2
3
2
1
0
1
0
1
0
1
1
5
2
2
2
2
2
0
2
3
3
2
1
3
2
2
1
0
2
2
0
1
0
1
1
1
1
0
2
2
3
1
1
4
2
1
3
2
1
2
1
2
2
0
1
1
2
2
0
0
1
1
1
2
2
2
2
2
1
2
3
2
0
0
5
2
0
4
2
0
2
1
0
1
2
1
1
0
1
0
0
2
3
1
0
2
4
1
3
1
0
1
3
2
2
1
2
3
3
1
0
3
3
0
1
1
1
0
1
1
2
0
1
1
0
1
2
1
0
0
1
1
2
0
1
1
0
0
2
1
1
1
1
2
0
0
1
1
2
0
0
3
2
1
2
4
0
1
0
2
1
4
1
2
0
2
0
0
1
1
1
1
1
0
1
2
0
0
1
1
1
0
1
1
1
2
2
0
2
1
0
0
0
0
0
0
0
0
3
0
2
1
2
3
0
0
2
1
1
1
3
1
1
0
0
1
6
0
0
0
2
1
1
2
1
3
0
1
3
0
0
1
0
1
2
3
0
1
4
3
2
1
0
0
0
0
1
2
1
1
0
0
3
2
3
2
1
1
1
4
0
0
1
0
1
1
0
0
1
0
2
1
1
0
3
0
0
1
1
5
2
3
2
0
2
0
0
3
1
0
0
1
1
1
1
1
0
3
0
1
2
0
1
0
0
0
0
3
1
1
0
2
5
3
0
0
2
2
1
0
3
0
2
1
0
0
3
4
0
0
1
1
1
3
0
1
1
1
2
2
3
1
1
0
0
1
3
0
1
2
0
0
0
1
1
0
0
2
0
2
0
2
2
2
0
0
0
2
0
0
1
1
1
0
2
1
3
0
1
2
1
1
1
1
0
1
0
0
4
1
0
1
2
2
0
1
1
3
1
2
2
1
2
0
3
1
2
1
0
1
2
1
0
1
0
0
2
1
0
0
1
1
2
0
2
0
1
1
1
3
3
0
2
1
2
1
1
4
1
1
2
1
1
1
2
1
1
0
0
2
1
0
0
0
0
1
2
2
0
1
1
2
1
0
0
1
3
2
1
1
4
1
1
0
2
2
1
0
1
1
2
3
0
0
0
1
3
0
3
1
2
0
2
2
0
0
3
0
2
1
0
0
0
2
1
0
1
1
0
3
0
0
0
1
0
0
0
1
3
0
1
0
1
1
2
0
1
1
0
0
1
2
0
2
1
0
0
2
1
1
2
0
0
1
1
0
0
1
0
0
2
2
0
0
1
0
2
2
0
1
3
0
0
1
2
1
0
1
0
0
3
2
0
1
1
0
2
1
0
0
0
1
2
0
0
1
2
0
1
1
1
0
2
1
0
0
2
2
1
0
0
1
0
0
0
0
2
2
0
3
0
0
0
0
1
1
2
0
0
1
4
1
0
3
0
0
0
0
2
1
1
1
3
0
1
0
0
3
2
0
1
1
2
0
1
1
1
1
2
1
3
3
1
2
1
1
0
0
0
0
0
1
0
4
4
0
5
1
1
3
2
1
1
2
0
0
0
2
0
1
2
0
0
0
0
1
1
0
1
1
1
1
0
1
3
0
0
1
1
2
2
0
2
1
1
1
0
0
1
3
0
2
0
1
0
2
1
1
0
1
0
0
0
2
1
2
2
2
0
5
0
1
0
0
1
0
2
0
0
0
1
0
0
0
0
1
2
2
2
2
0
2
1
0
2
1
0
0
0
0
2
0
1
3
4
2
0
0
1
0
2
1
3
2
0
1
1
2
1
0
0
0
0
1
0
3
2
0
1
0
1
2
1
1
0
6
1
2
0
0
0
0
1
1
0
2
1
0
3
2
1
0
0
0
3
1
1
0
0
0
3
1
2
2
3
0
1
1
0
0
0
1
1
0
0
3
1
1
0
0
0
2
1
0
0
0
0
1
3
1
0
1
2
0
0
0
0
1
0
0
1
0
1
1
1
0
1
0
0
0
1
1
2
2
1
1
0
2
0
0
0
0
1
0
3
1
0
0
1
2
1
0
1
2
0
0
1
0
0
1
1
0
0
1
0
2
0
2
0
1
0
1
0
0
2
1
2
1
1
3
2
1
1
0
0
3
0
1
1
1
0
2
1
0
1
1
3
2
0
0
1
0
2
2
2
1
0
1
0
0
5
0
2
3
0
2
0
1
1
1
0
2
1
1
2
4
2
0
1
1
1
0
0
0
0
1
0
1
0
3
1
0
3
0
1
0
2
2
0
0
0
0
1
2
2
1
2
0
0
1
0
0
1
0
2
2
1
2
4
0
0
1
1
1
0
1
1
3
0
0
1
1
1
0
1
1
4
0
1
1
0
0
0
0
1
0
0
1
1
0
1
2
0
4
0
1
0
1
0
1
0
0
1
1
0
2
1
1
0
0
0
0
1
1
3
0
0
0
1
1
2
1
0
0
0
1
1
1
0
0
0
0
0
1
0
1
3
0
0
1
1
3
0
0
1
1
0
1
0
2
1
1
0
1
1
0
0
0
0
1
0
0
1
1
1
0
1
0
0
0
0
3
2
0
3
0
1
0
1
0
2
1
1
2
1
1
1
2
2
1
0
0
0
0
1
0
0
0
1
1
0
1
1
0
1
1
1
2
0
1
0
1
0
0
3
3
0
1
0
1
0
1
0
0
0
1
0
1
2
1
1
1
0
1
1
2
1
1
0
0
1
1
1
0
2
0
0
1
1
0
2
0
0
1
1
1
0
1
1
2
3
0
1
0
0
0
1
0
1
1
1
1
0
1
0
0
2
2
0
2
0
0
0
2
2
0
0
2
2
0
1
1
0
0
0
1
0
0
1
3
0
0
0
0
1
1
1
0
1
0
1
1
1
1
0
0
1
0
1
1
1
2
1
1
1
0
0
0
1
1
0
4
1
0
0
0
1
0
1
2
2
0
0
2
2
1
2
1
0
1
0
0
0
1
0
0
2
1
0
0
1
1
0
0
0
1
0
1
2
0
2
2
0
0
2
2
2
0
1
1
0
0
2
0
1
1
1
1
2
0
2
0
1
0
2
1
0
1
0
0
1
0
0
1
0
1
1
1
1
2
0
2
0
1
2
0
0
0
0
1
1
0
1
0
1
0
0
1
2
1
1
1
3
1
1
1
2
1
1
2
1
0
0
0
1
0
0
0
1
1
0
1
0
1
1
0
0
0
0
0
2
1
0
0
0
0
1
0
0
0
0
1
0
0
0
2
0
0
0
1
0
1
0
1
1
0
0
1
1
0
0
0
0
0
2
1
0
0
1
1
2
1
0
1
1
1
1
1
1
2
1
0
1
1
2
2
3
1
3
0
0
2
0
0
1
1
1
1
0
1
0
0
0
1
0
0
0
1
0
0
0
0
1
0
0
1
0
1
1
0
0
0
1
1
1
0
1
1
1
0
1
0
0
2
0
0
1
0
1
2
0
1
1
0
0
0
0
3
1
0
1
0
0
1
0
1
0
2
1
2
2
0
0
0
0
0
1
1
0
1
0
1
1
0
0
0
0
1
0
0
2
2
1
0
1
0
0
0
0
1
0
1
0
0
0
1
0
0
1
0
0
1
1
0
0
0
1
0
0
2
1
0
0
1
1
1
1
1
0
0
0
3
2
1
2
1
0
0
0
1
0
0
0
0
0
0
0
2
1
0
0
0
2
1
0
1
1
1
2
0
1
0
0
1
1
0
2
0
1
0
3
0
2
1
0
0
0
1
0
0
1
1
1
0
2
1
0
0
0
0
0
0
2
0
1
0
0
0
0
1
1
3
0
1
2
0
1
0
1
0
0
0
0
0
0
0
1
1
1
2
0
2
0
0
1
0
2
0
0
0
1
0
0
0
0
0
3
1
0
0
3
0
1
1
1
2
1
1
1
1
2
0
0
0
1
0
2
2
1
1
3
1
3
1
0
0
1
1
0
0
2
1
4
1
6
0
1
0
2
0
2
4
4
0
2
2
3
0
2
2
2
2
3
2
2
5
6
2
4
1
0
4
3
3
6
1
1
3
4
4
9
6
9
7
3
4
10
4
11
6
7
9
11
5
8
9
4
7
8
11
7
10
4
6
11
3
14
6
5
7
9
10
4
9
9
8
8
9
14
7
8
5
12
12
8
5
8
11
8
8
8
4
6
9
9
5
8
4
7
3
7
8
5
6
5
5
6
5
4
8
3
5
5
3
4
5
4
7
4
2
5
4
1
4
2
7
4
5
5
1
3
2
3
2
4
2
3
2
1
0
0
1
2
2
2
3
2
1
2
2
0
1
3
1
2
3
1
4
0
0
2
1
2
0
0
1
0
1
1
0
2
2
2
1
0
0
1
1
0
0
0
0
0
0
1
1
1
0
1
1
1
1
0
0
0
0
1
1
0
1
0
0
1
1
0
0
2
1
0
0
0
2
0
1
0
1
1
0
1
0
1
0
0
1
2
1
0
0
0
0
0
0
0
0
0
0
1
0
1
0
0
2
1
0
0
1
1
0
1
1
0
2
0
1
0
1
0
1
0
2
1
1
1
0
0
1
0
0
0
0
0
0
0
3
1
0
0
1
0
0
2
0
3
0
1
0
0
0
0
0
1
1
1
0
0
1
0
1
1
2
1
0
0
0
0
1
0
0
0
1
0
0
0
1
1
0
1
0
0
1
0
0
1
0
0
0
1
0
1
0
0
1
1
0
0
1
0
0
0
1
0
0
1
0
0
1
0
2
0
0
2
1
0
0
1
0
0
0
1
1
0
0
0
0
0
2
0
0
0
0
0
0
1
0
0
0
0
0
0
1
0
1
0
1
1
0
2
1
0
2
0
0
0
0
1
4
0
1
0
0
1
0
0
0
0
0
0
0
0
1
2
0
0
0
0
0
0
2
0
1
0
0
0
0
1
1
0
0
1
0
0
1
0
1
3
2
0
0
0
1
1
0
1
0
0
1
0
0
0
0
1
1
0
0
2
1
0
2
0
0
2
2
0
1
0
1
1
0
0
0
1
2
0
0
0
0
0
1
0
0
1
0
0
0
0
0
2
1
0
1
1
0
0
0
0
0
1
0
1
0
0
0
1
1
0
0
0
0
0
3
0
1
1
1
1
1
0
0
0
0
0
0
2
0
0
0
1
0
0
2
0
0
0
3
0
0
0
1
1
0
2
1
1
0
2
1
1
2
0
0
0
1
1
1
1
1
0
1
0
1
0
1
1
0
0
1
0
0
0
2
2
1
0
1
0
2
0
2
1
0
1
0
0
1
0
0
1
1
0
0
0
0
0
0
0
0
0
0
0
0
1
0
0
1
0
0
0
0
0
1
1
2
0
0
1
0
0
0
0
0
0
0
1
2
1
0
0
0
0
0
1
0
0
1
1
0
0
0
0
0
0
0
0
0
0
2
1
0
1
1
0
0
0
1
0
0
0
0
0
0
0
1
0
1
0
0
3
1
0
1
3
0
0
1
1
0
0
0
1
0
1
0
0
1
0
0
0
1
0
1
0
0
0
0
1
2
0
0
1
1
0
0
0
0
1
0
0
1
0
0
0
0
0
0
2
0
0
3
0
1
0
0
0
0
0
1
1
1
1
2
1
1
0
0
2
1
1
1
0
0
0
0
0
0
0
0
3
0
1
1
2
1
0
0
1
0
0
0
0
1
1
0
0
0
1
0
0
0
0
0
0
1
0
0
1
0
0
1
0
1
0
1
0
0
1
0
0
0
1
1
0
0
0
0
0
0
0
0
0
0
0
1
0
1
0
1
0
0
0
1
1
0
0
0
0
0
1
0
1
0
0
0
0
0
0
1
0
0
1
1
0
0
0
1
0
0
0
0
0
0
0
0
0
0
0
0
0
0
0
1
1
0
0
1
0
0
0
0
0
0
1
1
0
1
0
0
0
0
0
3
1
1
1
0
0
0
0
0
0
0
1
0
0
1
2
0
1
0
0
1
0
0
0
0
0
1
0
1
2
2
0
0
1
0
1
0
0
1
0
1
0
1
1
1
0
0
0
0
1
0
0
1
1
1
0
1
1
0
2
1
0
0
1
0
2
0
0
0
0
0
0
1
0
3
2
0
0
0
0
0
0
1
1
1
0
1
1
0
0
0
0
0
0
0
1
1
1
1
1
0
0
1
0
1
0
0
2
0
0
0
0
1
0
0
0
0
1
2
1
1
0
0
1
0
0
1
1
0
1
0
0
0
0
0
0
2
1
1
0
0
2
0
0
1
0
1
1
1
0
1
1
0
0
0
0
0
1
0
1
0
0
0
0
0
0
0
0
0
0
0
0
0
0
0
0
0
0
0
0
0
0
0
0
0
0
0
0
0
0
0
0
0
0
0
0
0
0
0
0
0
0
0
0
0
0
0
0
0
0
0
0
0
0
0
0
0
0
0
0
0
0
0
0
0
0
0
0
0
0
0
0
0
0
0
0
0
0
0
0
0
0
0
0
0
0
0
0
0
0
0
0
0
0
0
0
0
0
0
0
0
0
0
0
0
0
0
0
0
0
0
0
0
0
0
0
0
0
0
0
0
0
0
0
0
0
0
0
0
0
0
0
0
0
0
0
0
0
0
0
0
0
0
0
0
0
0
0
0
0
0
0
0
0
0
0
0
0
0
0
0
0
0
0
0
0
0
0
0
0
0
0
0
0
0
0
0
0
0
0
0
0
0
0
0
0
0
0
0
0
0
0
0
0
0
0
0
0
0
0
0
0
0
0
0
0
0
0
0
0
0
0
0
0
0
0
0
0
0
0
0
0
0
0
0
0
0
0
0
0
0
0
0
0
0
0
0
0
0
0
0
0
0
0
0
0
0
0
0
0
0
0
0
0
0
0
0
$ROI:
0
0
$PRESETS:
Live Time
0
0
