$SPEC_ID:

$SPEC_REM:
DET# 1
DETDESC# MCB 25
AP# ORCA (11.0h)
$DATE_MEA:
2017-08-14 14:01:42 +0000
$MEAS_TIM:
3948.06 4320.00
$DATA:
0 16383
0
0
0
0
0
0
0
0
0
0
0
0
0
0
0
0
0
0
0
0
0
0
0
0
0
0
0
0
0
0
0
0
0
0
0
0
0
0
0
0
0
0
0
0
0
0
0
0
0
0
0
0
0
0
0
0
0
0
0
0
0
0
0
0
0
0
0
0
0
0
0
0
0
0
0
0
0
0
0
0
0
0
0
0
0
0
0
0
0
0
0
0
0
0
0
0
0
0
0
0
0
0
0
0
0
0
0
0
0
0
2
9
444
3456
7381
7323
6778
6357
6208
6163
6181
6278
6150
6135
6300
6503
6537
6532
6688
6625
6522
6656
6639
6866
6870
6813
6830
6732
6814
6775
6773
6574
6759
6760
6544
6717
6684
6711
6714
6517
6521
6431
6506
6397
6454
6358
6431
6349
6277
6375
6293
6344
6260
6446
6301
6171
6189
6168
6180
6136
6263
6334
6148
5988
6092
5967
5964
6148
6014
5985
5879
5995
5981
5910
5930
5894
5952
5822
5921
5852
5852
5836
5855
5846
5859
5847
5775
5888
5718
5770
5743
5651
5663
5673
5680
5710
5651
5656
5724
5562
5718
5592
5602
5492
5623
5453
5403
5702
5497
5560
5418
5626
5579
5575
5564
5540
5555
5453
5518
5575
5487
5484
5489
5499
5613
5433
5423
5285
5415
5481
5416
5427
5410
5483
5315
5291
5284
5418
5308
5457
5459
5326
5301
5279
5294
5284
5287
5172
5220
5157
5254
5429
5269
5379
5384
5341
5296
5210
5189
5182
5237
5323
5141
5269
5101
5193
5227
5284
5094
5130
5293
5158
5246
5212
5290
5164
5146
5113
5160
5127
5061
4942
5180
5051
5212
5021
5138
4990
5064
4965
4998
4932
4985
4990
5017
5089
5068
5054
5056
5053
5100
4932
5002
5053
4962
4983
4978
5034
4986
4985
4978
5082
4974
5043
4941
4969
4923
4995
4884
4898
5009
5004
4949
5087
4871
4852
4978
4849
4923
4879
4805
4953
4934
4850
4859
5012
4990
4893
4871
4916
4950
4871
4783
4886
4891
4834
4898
4919
4883
4828
4832
4819
4862
4783
4787
4930
4782
4735
4739
4858
4834
4809
4855
4750
4985
4748
4851
4753
4787
4695
4815
4633
4795
4706
4764
4792
4737
4826
4732
4741
4733
4656
4718
4721
4633
4854
4753
4700
4748
4776
4742
4743
4716
4713
4729
4761
4553
4789
4626
4729
4746
4621
4778
4669
4754
4661
4702
4698
4668
4645
4611
4645
4550
4653
4738
4621
4689
4554
4586
4702
4682
4640
4590
4719
4622
4642
4648
4693
4627
4641
4680
4552
4608
4758
4640
4694
4689
4557
4594
4618
4524
4646
4573
4600
4666
4618
4534
4563
4597
4613
4768
4508
4626
4611
4515
4485
4466
4620
4635
4684
4571
4630
4620
4598
4571
4515
4513
4616
4567
4416
4651
4509
4484
4481
4592
4480
4480
4530
4467
4496
4452
4446
4462
4590
4601
4553
4600
4662
4521
4468
4509
4573
4517
4526
4428
4474
4435
4541
4550
4488
4487
4458
4455
4415
4523
4527
4620
4539
4451
4491
4364
4497
4403
4460
4477
4579
4320
4433
4502
4402
4495
4499
4396
4479
4483
4347
4477
4463
4414
4388
4517
4450
4363
4341
4412
4500
4400
4527
4265
4360
4391
4391
4410
4488
4444
4470
4290
4413
4376
4431
4296
4402
4394
4415
4438
4396
4359
4301
4468
4440
4432
4435
4407
4286
4409
4497
4340
4452
4321
4569
4474
4338
4347
4287
4372
4260
4458
4390
4514
4284
4333
4434
4426
4302
4243
4317
4342
4371
4502
4263
4417
4166
4367
4426
4308
4310
4398
4299
4291
4383
4372
4406
4337
4332
4410
4359
4376
4371
4306
4312
4378
4312
4357
4250
4412
4424
4428
4295
4386
4344
4330
4219
4333
4381
4314
4235
4316
4271
4311
4259
4417
4357
4349
4284
4441
4379
4225
4382
4280
4418
4351
4320
4536
4384
4337
4299
4378
4384
4440
4410
4316
4322
4305
4479
4266
4347
4450
4440
4297
4377
4317
4350
4418
4360
4433
4410
4442
4488
4337
4405
4392
4597
4345
4495
4300
4438
4471
4295
4477
4416
4353
4480
4419
4430
4383
4350
4570
4252
4466
4325
4527
4409
4358
4390
4327
4408
4436
4501
4471
4350
4500
4536
4443
4459
4355
4468
4529
4428
4528
4485
4545
4491
4546
4304
4492
4499
4416
4474
4423
4451
4404
4381
4378
4390
4549
4384
4436
4339
4341
4342
4405
4377
4451
4362
4417
4486
4267
4498
4390
4495
4335
4400
4532
4516
4393
4441
4411
4338
4338
4389
4385
4495
4434
4405
4300
4418
4236
4352
4332
4356
4370
4276
4403
4308
4487
4385
4385
4439
4467
4383
4447
4395
4301
4370
4433
4402
4429
4402
4279
4335
4396
4373
4491
4204
4289
4452
4384
4327
4414
4317
4338
4422
4402
4342
4393
4419
4475
4464
4342
4378
4430
4411
4346
4381
4319
4336
4405
4246
4378
4307
4237
4465
4280
4473
4424
4475
4330
4403
4281
4357
4409
4353
4280
4339
4338
4360
4326
4418
4301
4344
4456
4349
4425
4275
4620
4558
4594
4664
4644
4736
4590
4660
4623
4556
4529
4612
4641
4447
4417
4452
4413
4323
4429
4500
4372
4305
4373
4357
4234
4389
4316
4223
4253
4231
4304
4333
4255
4323
4283
4306
4214
4323
4384
4232
4339
4214
4305
4355
4147
4300
4208
4270
4310
4219
4348
4235
4169
4252
4267
4254
4223
4237
4252
4351
4286
4357
4270
4268
4285
4336
4361
4193
4315
4355
4292
4316
4281
4329
4321
4197
4382
4240
4298
4309
4353
4322
4305
4357
4447
4486
4309
4488
4370
4412
4393
4329
4435
4290
4376
4403
4355
4506
4293
4403
4469
4330
4309
4379
4342
4402
4464
4491
4379
4409
4454
4424
4507
4491
4519
4411
4412
4309
4564
4390
4446
4506
4490
4434
4448
4613
4605
4512
4661
4502
4502
4582
4510
4510
4511
4507
4532
4506
4444
4551
4621
4466
4558
4573
4670
4578
4511
4615
4544
4680
4716
4675
4495
4508
4659
4603
4772
4589
4584
4595
4686
4736
4582
4781
4592
4640
4627
4709
4670
4835
4607
4761
4603
4629
4643
4665
4655
4808
4764
4725
4724
4775
4816
4700
4879
4782
4815
4706
4706
4783
4815
4857
4908
4754
4772
4864
4855
4847
4834
4780
4799
4940
4838
4875
4823
4861
4929
4922
4969
4844
4864
4925
4918
5029
4998
4893
4925
4933
4802
4962
4935
4936
4940
5050
5083
5017
4960
4910
4958
4921
4986
5153
4987
5028
5106
4903
5016
4965
4948
4976
4994
5060
4996
5038
5098
5180
4965
5098
4995
5019
5172
5081
5086
5152
5245
5187
5150
5083
5223
5139
5110
5025
5156
5170
5032
5119
5236
5103
5186
5205
5287
5379
5193
5299
5274
5221
5057
5168
5132
5185
5302
5197
5124
5154
5305
5381
5307
5283
5212
5208
5264
5226
5353
5211
5193
5257
5351
5341
5271
5285
5386
5340
5276
5316
5272
5447
5355
5284
5291
5311
5289
5416
5341
5466
5327
5449
5313
5275
5311
5404
5353
5341
5354
5369
5409
5412
5412
5402
5404
5569
5438
5496
5405
5451
5459
5441
5408
5287
5473
5371
5453
5573
5573
5503
5634
5506
5432
5578
5587
5557
5456
5507
5476
5565
5592
5565
5643
5508
5586
5539
5572
5481
5679
5547
5655
5581
5498
5752
5652
5612
5511
5489
5623
5666
5607
5644
5667
5600
5568
5652
5576
5692
5560
5639
5667
5617
5504
5632
5850
5545
5740
5683
5610
5743
5650
5651
5836
5758
5886
5672
5802
5644
5591
5643
5738
5633
5600
5570
5758
5672
5701
5688
5790
5824
5879
5658
5783
5781
5877
5657
5803
5629
5903
5760
5799
5704
5898
5952
5815
5759
5836
5703
5840
5843
5708
5794
5891
5838
5827
5913
5878
5769
5802
5862
5812
5772
5886
5798
5845
5769
5827
5904
5766
5868
5889
5911
5994
5997
5833
5971
5925
5948
6013
5877
5902
5899
5952
5966
5937
5801
5858
5986
5883
5948
5860
5956
5913
6084
6096
6073
6046
5872
5932
6166
5944
6034
6088
6051
5929
5986
6063
6071
6089
6096
6065
6088
5986
6006
5967
6070
6009
6016
6094
6184
6260
6234
5940
6177
6063
6348
6191
6061
6073
6100
5917
6091
6152
6173
6087
6106
6113
6135
6249
6018
6195
6076
6180
6229
6135
6255
6094
6146
6060
6244
6214
6199
6201
6146
6257
6198
6250
6202
6033
6318
6278
6246
6240
6190
6207
6206
6109
6259
6291
6277
6260
6338
6431
6106
6295
6469
6331
6260
6307
6341
6225
6265
6417
6153
6465
6304
6517
6317
6440
6341
6439
6366
6378
6500
6377
6467
6358
6433
6545
6382
6396
6481
6490
6522
6569
6360
6524
6536
6544
6540
6529
6442
6630
6528
6649
6696
6518
6549
6576
6591
6726
6489
6582
6498
6539
6532
6609
6650
6523
6629
6744
6617
6662
6708
6720
6610
6596
6499
6721
6736
6649
6552
6532
6607
6644
6650
6621
6631
6669
6634
6595
6729
6719
6790
6782
6608
6659
6839
6640
6908
6747
6854
6926
6934
6727
6817
6789
6696
6865
6873
6950
6650
6735
6937
6819
6654
6826
6830
6943
6742
6952
6764
6882
6987
7003
6783
6847
6891
6903
6842
6930
6817
6910
6976
6841
6940
6850
7004
6909
6984
6822
6724
6914
7211
6952
7004
7061
7026
7101
7012
7117
7194
7151
6981
7080
6995
7046
6993
7050
7186
7100
7042
7230
7173
7229
7067
7259
7225
7146
7268
7174
7158
7095
7166
7172
7174
7419
7406
7128
7458
7254
7272
7337
7272
7380
7413
7377
7413
7343
7288
7312
7228
7444
7514
7328
7306
7490
7319
7248
7487
7387
7287
7486
7402
7375
7442
7309
7372
7546
7471
7557
7435
7506
7419
7370
7435
7504
7642
7444
7597
7632
7508
7431
7260
7459
7414
7645
7527
7375
7584
7540
7495
7431
7448
7482
7529
7467
7493
7536
7595
7402
7600
7540
7500
7475
7500
7533
7574
7472
7580
7471
7299
7519
7554
7589
7464
7455
7464
7440
7477
7433
7248
7476
7403
7552
7245
7608
7545
7393
7459
7363
7483
7479
7359
7533
7427
7432
7430
7568
7290
7348
7539
7601
7778
7778
7745
7877
7796
7797
8080
7792
7779
7956
7734
7824
7696
7657
7585
7527
7646
7438
7563
7360
7347
7401
7317
7457
7332
7310
7490
7368
7345
7325
7281
7257
7323
7297
7194
7069
7207
7215
7105
7128
7200
7230
7130
7136
7170
7084
7204
7080
7029
7219
7196
6975
7108
6887
7111
7005
7112
7048
6816
7125
6956
6938
6877
7016
7048
6994
7066
6959
6994
6905
6926
6855
6982
6826
6924
6794
6846
6817
6871
6853
7072
6898
6855
6784
6829
6943
6811
6881
6867
6898
6881
6882
6893
6769
6848
6913
6993
6677
6765
6883
6838
6820
6695
6845
6927
6813
6901
6790
6758
6855
6623
6725
6773
6769
6749
6620
6726
6679
6749
6685
6682
6673
6576
6640
6684
6763
6696
6818
6673
6567
6697
6679
6757
6627
6603
6570
6696
6693
6563
6672
6681
6488
6679
6614
6565
6521
6719
6708
6523
6494
6719
6685
6580
6508
6451
6570
6457
6709
6508
6496
6591
6537
6459
6343
6421
6697
6450
6475
6581
6476
6605
6473
6579
6426
6583
6461
6433
6441
6473
6533
6429
6421
6563
6419
6440
6498
6572
6382
6492
6467
6495
6455
6500
6374
6362
6409
6499
6466
6410
6177
6373
6271
6428
6305
6301
6281
6347
6383
6285
6356
6502
6362
6314
6262
6251
6309
6294
6281
6313
6403
6174
6307
6342
6240
6396
6380
6350
6323
6419
6309
6135
6327
6374
6183
6245
6191
6262
6154
6200
6270
6295
6305
6236
6111
6189
6106
6166
6365
6205
6268
6317
6037
6126
6137
6132
6192
6239
6113
6297
6162
6160
6212
6271
6129
6092
6129
6268
6180
6042
6146
6142
6316
6139
6079
6258
6126
5986
6010
6148
6113
6140
5870
6149
6094
6076
5983
6011
6081
6028
6059
6008
6035
6073
6054
5953
6028
6139
5984
6093
6029
6059
5980
5965
6108
6017
5952
6042
5848
6014
5993
5948
6073
5907
6052
5899
6034
5988
6126
5977
5926
5921
5930
6010
5990
6051
5960
5999
5922
5892
6036
6051
5978
5830
6126
5898
5890
5861
5797
5843
5851
5860
5837
5864
5840
5860
5997
5970
5852
5828
5742
5884
5810
5874
5823
5915
5808
5856
5972
5864
5769
5735
5898
5748
5883
5890
5719
5774
5595
5706
5846
5768
5651
5721
5672
5723
5905
5782
5652
5810
5644
5796
5595
5780
5668
5802
5700
5662
5605
5650
5616
5604
5629
5746
5735
5680
5601
5583
5657
5820
5778
5793
5659
5682
5643
5593
5536
5692
5462
5603
5641
5380
5589
5736
5557
5540
5503
5606
5658
5432
5482
5661
5788
5491
5622
5546
5482
5481
5428
5570
5629
5507
5424
5503
5448
5436
5556
5382
5326
5402
5379
5383
5422
5420
5436
5263
5338
5365
5360
5331
5347
5328
5388
5244
5372
5370
5369
5248
5344
5386
5291
5357
5246
5225
5271
5200
5389
5204
5060
5107
5148
5268
5173
5131
5127
5054
5114
5099
5170
5097
5110
5179
5176
5071
5029
5127
5036
4948
4933
5018
5029
4988
4792
4859
4839
4929
4817
4745
4880
4800
4903
4883
4826
4892
4819
4770
4847
4775
4698
4705
4726
4715
4684
4712
4696
4718
4776
4700
4639
4574
4554
4624
4601
4643
4636
4591
4624
4473
4594
4572
4528
4625
4501
4542
4470
4581
4437
4479
4557
4463
4403
4478
4641
4440
4404
4501
4397
4523
4463
4443
4405
4409
4309
4361
4384
4391
4438
4447
4405
4347
4452
4310
4274
4398
4295
4248
4276
4340
4402
4360
4347
4304
4354
4413
4392
4279
4276
4260
4237
4238
4253
4299
4189
4234
4340
4363
4254
4271
4334
4336
4233
4308
4305
4261
4238
4259
4322
4344
4226
4103
4278
4224
4281
4207
4219
4360
4204
4271
4260
4294
4235
4186
4254
4263
4256
4228
4332
4272
4191
4191
4282
4123
4232
4190
4190
4347
4163
4161
4271
4126
4189
4108
4189
4160
4101
4232
4193
4230
4080
4140
4123
4096
4170
4087
4202
4168
4194
4093
4199
4263
4358
4324
4300
4374
4494
4395
4351
4493
4705
4444
4572
4474
4438
4573
4372
4396
4327
4358
4179
4195
4158
4128
4150
4217
4150
4012
4055
4026
4097
4102
3897
3914
4025
3801
4003
3857
4003
3894
3883
3870
3864
3856
3895
3791
3787
3759
3863
3804
3745
3867
3711
3829
3743
3752
3692
3761
3835
3726
3719
3810
3786
3708
3800
3793
3868
3765
3780
3795
3731
3731
3688
3599
3684
3805
3711
3724
3684
3773
3620
3759
3613
3615
3666
3737
3686
3694
3705
3634
3665
3678
3661
3689
3689
3628
3571
3632
3783
3716
3622
3609
3665
3634
3543
3592
3604
3679
3607
3678
3636
3579
3722
3643
3685
3620
3575
3570
3585
3601
3623
3576
3453
3549
3565
3528
3509
3416
3505
3597
3511
3556
3422
3524
3589
3582
3507
3585
3538
3402
3543
3548
3579
3534
3543
3528
3379
3503
3441
3459
3499
3416
3446
3582
3516
3419
3438
3523
3439
3496
3473
3540
3564
3553
3453
3556
3546
3521
3428
3454
3503
3591
3508
3465
3433
3515
3480
3475
3376
3539
3498
3391
3385
3380
3488
3294
3402
3378
3471
3395
3388
3478
3464
3290
3470
3461
3472
3333
3353
3411
3280
3415
3397
3381
3389
3363
3458
3379
3287
3374
3422
3386
3358
3290
3340
3273
3425
3267
3320
3264
3237
3227
3326
3255
3279
3262
3243
3287
3336
3377
3325
3315
3300
3300
3272
3279
3352
3343
3198
3256
3365
3381
3334
3329
3282
3288
3221
3258
3288
3341
3273
3229
3280
3227
3218
3205
3256
3226
3258
3297
3314
3178
3338
3301
3265
3254
3174
3298
3247
3326
3186
3198
3190
3204
3257
3189
3218
3354
3176
3326
3305
3283
3276
3227
3224
3194
3160
3140
3170
3149
3202
3165
3208
3231
3259
3188
3161
3238
3159
3160
3197
3184
3217
3219
3225
3260
3159
3100
3134
3161
3101
3163
3084
3197
3172
3113
3220
3186
3142
3104
3245
3109
3222
3097
3066
3194
3110
3092
3075
3166
3166
3198
3170
3074
3099
3045
3176
3191
3177
3074
3069
3193
3121
3106
3062
3130
3083
3118
3120
3175
3150
3099
3161
3069
3160
3081
3156
3099
3103
3096
3114
3151
3048
3013
3145
3062
3073
3067
3008
3069
3015
3050
3085
3065
3099
2921
3140
3081
3031
3019
3111
3009
3116
3035
3000
3109
2982
3132
3069
3005
3101
3140
3003
2971
3101
3076
3120
3097
3099
3047
3182
2985
3074
3068
3075
3059
3082
3095
3025
3079
3016
3011
3127
3047
3039
3032
3029
2981
3041
3033
2993
2929
3037
3009
2972
3089
3011
3038
3046
3021
2947
2901
3100
3038
3066
2970
3033
3040
3022
3051
3025
2984
3000
2934
3016
3024
3043
3025
3067
2996
3058
3031
2992
3011
3076
3044
3104
2940
2974
2952
2984
3144
3052
3170
3009
2935
3019
3084
3037
2980
3061
3037
3076
3014
3090
3055
3092
3082
3115
3126
3109
3111
3228
3292
3309
3304
3463
3303
3531
3568
3696
3513
3704
3719
3764
3912
4015
4020
3883
4106
4077
4076
4340
4332
4325
4365
4414
4421
4548
4607
4457
4564
4418
4570
4638
4586
4604
4639
4513
4604
4714
4704
4768
4817
4703
4710
4700
4754
4587
4651
4739
4670
4744
4602
4719
4711
4768
4656
4751
4660
4713
4730
4650
4745
4840
4977
4942
5088
5353
5508
5689
6009
6468
6763
7249
7780
8427
8710
9401
9930
10001
10171
10306
10261
10027
9724
9580
9256
8820
8581
8134
7877
7564
7353
6964
6609
6355
6034
5706
5521
5239
5138
4829
4670
4482
4301
4185
4005
3862
3767
3597
3608
3397
3326
3303
3155
3194
3020
3053
3106
2986
2969
2905
2898
2778
2768
2810
2778
2760
2771
2803
2623
2701
2692
2699
2576
2628
2578
2659
2608
2727
2590
2686
2685
2687
2549
2624
2633
2591
2568
2649
2615
2547
2611
2581
2562
2505
2590
2632
2641
2639
2560
2562
2581
2699
2618
2561
2608
2642
2594
2591
2553
2586
2649
2602
2605
2678
2598
2614
2576
2717
2645
2646
2578
2604
2551
2622
2710
2642
2532
2600
2571
2584
2509
2520
2590
2655
2618
2623
2619
2552
2568
2638
2581
2594
2561
2565
2598
2585
2602
2626
2603
2594
2651
2571
2533
2548
2611
2577
2582
2596
2600
2563
2553
2541
2641
2634
2600
2662
2671
2668
2623
2642
2610
2564
2620
2582
2568
2585
2604
2572
2608
2543
2496
2669
2580
2578
2641
2627
2534
2637
2596
2615
2627
2620
2560
2640
2587
2666
2599
2667
2538
2553
2628
2744
2594
2648
2683
2741
2657
2807
2817
2856
2932
2975
2971
3057
3249
3262
3353
3453
3538
3649
3832
3986
4201
4154
4363
4432
4626
4929
4882
5086
5300
5434
5466
5674
5658
5985
6076
5889
6016
6288
6193
6233
6444
6483
6676
6543
6797
6781
6847
6846
6798
6933
6954
6773
6828
6926
6851
6915
6861
6920
7040
6866
6958
6973
6916
7011
6814
6834
6864
6907
6948
7003
7052
7134
7329
7235
7404
7830
8184
8231
8751
9364
10021
10714
11560
12620
14066
15087
16299
17325
18044
19021
19327
19550
19903
19479
19240
18827
17943
17250
16524
15605
14842
14216
13443
12768
12288
11221
10610
10076
9434
8794
8052
7766
7170
6718
6432
6020
5567
5100
4838
4686
4360
4171
3848
3640
3621
3318
3153
3166
3058
2818
2690
2548
2577
2497
2482
2372
2349
2255
2293
2169
2136
2104
2111
2081
2006
2014
2039
2038
1903
1969
1977
1964
1959
1976
1929
1928
1870
1909
1948
1899
1916
1897
1882
1883
1863
1979
1916
1912
1892
1925
1890
1801
1860
1898
1933
1890
1915
1805
1892
1896
2006
1815
1862
1898
1869
1910
1857
1828
1939
1986
1928
1822
1842
1830
1852
1985
1929
1837
1913
1922
1868
1822
1820
1910
1837
1952
1835
1875
1792
1887
1904
1849
1887
1891
1908
1767
1858
1854
1857
1857
1897
1945
1822
1877
1831
1897
1856
1882
1871
1880
1872
1942
1874
1803
1837
1847
1793
1833
1849
1837
1795
1897
1822
1769
1871
1879
1926
1883
1773
1764
1829
1850
1856
1853
1814
1832
1888
1877
1851
1836
1821
1874
1784
1823
1799
1972
1925
1794
1865
1830
1886
1820
1702
1852
1871
1834
1846
1844
1834
1788
1872
1793
1883
1903
1819
1819
1823
1852
1832
1878
1787
1903
1786
1847
1853
1752
1830
1848
1778
1842
1798
1784
1731
1857
1861
1879
1862
1847
1777
1862
1858
1846
1840
1847
1807
1837
1791
1836
1893
1830
1818
1894
1860
1764
1846
1832
1837
1796
1746
1809
1857
1817
1872
1777
1837
1913
1805
1814
1801
1775
1823
1811
1862
1788
1750
1839
1838
1873
1794
1847
1795
1777
1800
1879
1852
1781
1764
1882
1843
1836
1817
1794
1726
1878
1802
1886
1873
1786
1754
1861
1793
1807
1856
1819
1840
1763
1797
1794
1829
1803
1829
1807
1884
1761
1848
1852
1774
1688
1759
1816
1787
1755
1827
1820
1833
1807
1853
1787
1748
1849
1751
1872
1816
1796
1862
1836
1731
1796
1782
1832
1830
1810
1809
1799
1830
1805
1775
1920
1819
1864
1823
1791
1831
1879
1786
1799
1740
1829
1763
1865
1744
1805
1816
1791
1733
1781
1823
1891
1810
1792
1766
1820
1791
1837
1868
1767
1874
1754
1857
1740
1800
1804
1776
1834
1843
1825
1773
1870
1833
1813
1767
1811
1750
1764
1858
1784
1798
1860
1779
1795
1856
1808
1817
1818
1720
1750
1762
1802
1811
1834
1867
1840
1875
1806
1786
1798
1889
1805
1800
1785
1845
1700
1769
1794
1826
1764
1759
1832
1762
1849
1862
1792
1789
1821
1831
1752
1872
1793
1886
1805
1839
1796
1874
1842
1824
1821
1787
1843
1909
1865
1850
1875
1943
1804
1846
1846
1985
1875
1783
1853
1943
1884
1890
1808
1908
1900
1959
1862
1912
1884
1915
1808
1963
1944
1969
2005
1989
2059
2002
2083
2032
2062
2001
2145
2237
2326
2449
2566
2708
2850
3056
3278
3503
3685
3913
4233
4625
4906
5189
5659
5997
6303
6818
7185
7575
7914
8535
8856
9364
9694
10070
10633
10804
11403
11751
12295
12252
12726
12952
13338
13469
13768
14035
14304
14088
14647
14751
14904
15144
15046
15461
15310
15470
15713
15471
15468
15648
15654
15561
15532
15665
15805
15894
15602
15759
15542
15780
15753
16018
16137
16188
16247
16504
16933
17132
17854
18369
19061
20418
21764
23024
24514
26774
28785
31252
34023
37358
40174
42710
45085
47137
49065
50117
50526
50239
49737
48495
47593
45925
44255
42387
40214
38433
36402
34274
32753
30242
28575
26463
24767
23079
21035
19337
18117
16584
14989
13917
12835
11558
10512
9429
8794
7783
7113
6433
5785
5288
4806
4329
3939
3477
3233
2896
2602
2302
2206
1992
1854
1548
1515
1421
1260
1214
1071
1009
1026
897
813
855
811
773
676
678
610
561
576
569
584
540
465
504
485
479
486
510
451
433
438
417
394
422
414
431
394
380
410
365
368
390
372
349
408
405
352
406
375
359
383
369
376
351
389
367
401
376
401
383
363
366
375
385
392
363
369
361
380
367
354
400
344
374
369
359
342
359
385
364
396
398
348
354
373
360
396
379
347
385
366
324
339
343
359
344
337
342
367
329
341
378
354
321
339
354
336
322
347
326
350
345
340
332
345
336
329
378
329
349
403
331
395
355
345
331
342
336
333
392
377
331
338
377
365
365
325
341
381
356
346
323
412
379
372
366
410
322
362
381
358
396
372
404
380
376
428
412
420
442
479
476
520
567
556
573
634
622
751
765
842
906
911
948
994
1104
1151
1182
1212
1289
1384
1398
1425
1554
1583
1619
1624
1770
1817
1822
1883
1939
1957
1963
2132
2055
2080
2124
2152
2147
2169
2252
2166
2200
2277
2214
2267
2231
2213
2277
2238
2252
2229
2271
2348
2304
2256
2287
2202
2307
2271
2296
2398
2366
2347
2503
2620
2689
2692
2866
2821
3015
3355
3613
3834
4058
4387
4748
5019
5486
5733
6055
6277
6512
6676
6653
6830
6841
6443
6314
6154
5959
5548
5444
5247
4870
4649
4489
4176
3867
3653
3347
3285
2992
2725
2595
2309
2230
1986
1786
1651
1575
1494
1258
1102
1039
936
912
803
740
744
620
566
564
473
463
428
396
359
346
311
277
269
266
238
240
220
225
214
184
189
205
185
178
170
177
176
177
174
132
153
156
155
159
137
141
146
155
158
160
149
132
151
129
145
138
138
139
129
146
162
155
169
145
145
130
150
124
128
132
140
138
120
134
126
131
127
140
133
129
142
158
129
139
132
135
135
162
132
135
114
130
130
123
139
118
138
151
143
121
137
133
108
126
140
128
124
127
121
123
145
119
119
128
139
118
144
116
137
134
120
113
117
137
127
129
106
112
129
124
142
120
112
131
121
123
136
121
120
110
122
102
119
119
136
121
108
108
126
116
118
133
117
142
135
127
108
105
130
122
134
123
123
132
133
127
131
96
114
128
130
122
108
124
118
133
119
94
103
118
122
142
112
116
134
123
110
131
112
128
112
113
138
124
106
96
132
132
118
118
136
118
129
104
104
110
105
118
100
125
111
106
135
112
119
115
110
122
88
112
109
129
102
92
121
117
109
131
101
108
109
111
113
108
104
116
132
111
110
135
107
110
96
131
97
122
120
120
93
110
104
114
122
100
108
120
109
103
105
115
123
103
119
115
88
125
123
116
91
107
113
113
82
110
87
94
103
101
102
107
110
95
114
94
93
97
108
120
110
112
112
113
110
97
90
84
122
123
110
109
109
103
126
103
103
100
125
93
102
119
107
104
116
106
99
101
101
96
112
124
110
102
118
111
105
105
98
109
115
112
122
102
95
112
109
101
102
96
120
101
112
100
112
104
93
112
121
106
108
99
111
93
118
110
125
104
102
100
108
98
109
115
92
105
100
97
110
100
96
116
109
108
106
80
111
103
112
93
111
101
101
101
96
109
107
93
118
94
97
102
92
91
103
101
87
89
86
100
83
84
78
101
93
107
93
93
99
105
125
88
115
114
106
100
91
120
92
101
126
106
96
106
78
91
108
117
93
107
103
105
117
93
118
110
99
97
62
90
97
99
96
98
101
79
102
95
86
97
110
105
84
116
109
109
98
115
92
82
98
94
96
81
103
90
110
94
100
100
98
98
93
103
97
85
94
103
99
101
107
89
104
106
95
99
98
105
106
83
86
89
79
104
98
81
90
92
106
94
92
89
93
79
79
106
97
103
106
86
87
109
103
95
95
83
99
100
103
88
79
104
87
74
93
95
92
97
77
84
92
76
83
87
112
89
98
103
66
106
105
84
99
89
122
79
93
80
85
94
84
91
86
104
91
92
86
87
77
93
84
68
86
84
89
94
75
92
91
92
93
95
90
91
75
89
63
99
86
78
86
94
82
101
85
75
92
84
88
91
96
79
84
96
76
91
82
85
76
62
81
103
94
75
87
83
82
76
94
83
79
94
91
75
83
91
91
81
92
71
98
88
86
88
101
84
96
88
79
81
86
88
82
74
86
81
93
90
83
95
71
81
98
95
77
85
94
71
74
57
86
85
88
79
72
81
84
62
76
80
70
83
69
80
92
73
79
89
82
72
81
71
86
70
84
74
68
74
78
75
92
80
66
66
73
87
84
90
72
64
90
73
83
89
86
82
74
71
84
74
94
80
92
99
72
74
71
68
83
57
73
81
82
90
73
86
78
69
77
82
72
87
65
77
85
89
83
77
94
68
79
98
78
60
73
69
78
73
72
56
86
79
79
71
69
80
71
74
80
80
69
74
73
73
87
65
68
78
67
65
68
70
86
66
80
71
77
67
66
62
79
75
72
79
81
69
73
81
82
63
83
79
73
82
73
73
91
65
79
77
77
68
90
86
80
79
72
92
89
79
85
76
65
61
60
81
61
61
82
84
69
73
70
82
87
81
62
69
81
77
72
79
64
82
66
72
81
82
71
62
80
79
77
68
83
78
78
78
61
76
63
76
69
69
57
63
81
54
75
68
62
77
83
63
73
82
79
66
82
72
78
52
59
86
81
75
69
70
67
62
81
69
66
64
68
78
82
66
76
72
74
73
61
63
66
71
76
72
73
92
65
82
80
71
88
80
57
82
76
70
71
80
70
65
69
74
83
91
67
69
71
77
68
65
84
71
72
72
81
70
77
68
61
70
72
87
60
68
66
81
73
59
76
74
72
64
65
82
70
73
60
68
55
72
62
80
76
77
80
76
69
54
67
57
63
69
51
53
54
66
55
59
58
58
63
67
86
69
53
52
70
73
66
64
58
83
76
68
61
69
70
59
59
59
61
68
68
55
67
61
64
68
61
48
74
67
58
53
60
73
62
54
64
69
75
58
59
66
74
69
78
64
51
60
51
59
65
49
44
60
58
63
60
68
66
75
64
70
72
77
62
63
46
66
65
67
56
59
63
59
62
61
65
50
47
49
59
67
68
64
62
54
68
59
69
65
59
63
70
51
57
58
66
83
76
58
57
70
57
70
60
65
61
45
77
48
47
62
69
56
64
60
49
63
64
62
76
68
63
49
42
53
64
47
75
61
74
55
69
73
59
80
43
65
70
85
59
63
59
69
49
68
58
64
64
68
71
59
56
61
51
58
69
61
53
57
68
64
60
75
66
76
55
53
66
73
62
61
61
52
61
64
59
49
60
58
53
60
59
58
45
54
65
63
63
51
52
62
54
45
64
58
51
70
48
47
63
60
51
63
46
68
62
49
53
64
57
58
64
45
58
48
55
57
57
55
58
53
58
50
46
51
54
59
58
60
57
70
61
58
59
61
65
67
47
58
57
56
57
55
65
67
56
52
46
61
48
63
61
63
71
53
54
47
66
52
54
60
53
54
57
50
55
64
69
59
57
46
60
60
62
60
58
63
77
68
55
55
54
66
43
60
67
64
52
55
52
39
47
70
59
52
65
53
66
80
75
64
63
50
34
50
47
65
58
73
47
66
61
65
54
65
55
67
80
67
72
74
75
60
77
81
58
49
65
61
62
68
59
60
50
70
53
77
79
62
62
65
57
55
51
42
65
50
49
58
53
68
82
54
64
48
55
51
65
49
55
56
59
53
49
57
49
52
48
64
47
61
51
50
55
51
62
56
54
49
58
52
41
56
55
33
57
54
46
47
51
50
59
51
40
59
44
39
63
35
45
40
52
51
58
56
53
49
45
44
43
42
53
47
37
61
51
34
65
50
43
45
56
44
35
43
47
40
43
58
63
48
47
49
41
38
48
61
44
48
51
50
46
52
47
48
48
47
43
67
46
46
47
44
43
46
61
49
54
47
46
56
57
37
36
57
47
48
48
43
53
45
40
46
52
54
46
48
45
38
42
57
40
49
49
45
52
40
59
44
45
51
43
33
48
50
56
47
38
35
44
35
44
43
52
45
49
48
37
44
46
51
51
46
38
55
41
50
56
55
36
38
48
36
40
43
37
38
43
41
37
30
49
41
45
40
53
33
56
44
38
39
55
43
45
44
40
30
55
36
40
42
41
48
47
43
44
47
43
47
36
49
40
48
29
47
39
40
47
45
50
51
43
32
44
32
36
45
55
32
37
30
45
40
43
52
35
50
38
44
39
41
45
43
54
39
31
41
42
39
34
39
40
45
47
42
41
44
50
52
46
40
44
39
45
45
38
44
33
39
31
44
49
41
49
35
40
46
35
40
49
47
45
38
38
37
50
39
45
36
40
35
43
37
30
49
33
45
46
39
34
36
38
46
43
35
45
40
44
45
38
31
27
40
31
34
52
44
47
44
45
52
34
35
36
46
42
25
41
38
36
35
41
34
41
40
34
37
31
38
43
45
35
56
36
41
43
45
35
38
39
58
41
36
29
36
46
41
23
38
47
30
34
26
34
43
27
35
42
44
49
45
46
40
36
27
29
39
46
27
38
47
38
42
37
37
43
35
41
33
30
40
39
35
39
40
23
48
35
37
36
44
37
26
41
41
38
42
35
35
35
46
32
44
33
43
38
31
26
40
37
33
36
34
48
32
40
39
39
39
33
35
39
42
40
28
36
39
30
34
42
42
32
45
26
29
34
29
33
34
34
35
29
41
39
34
29
37
39
35
33
39
30
37
29
45
37
35
31
30
34
33
36
31
42
38
36
49
31
40
35
31
37
30
33
37
29
24
40
28
43
27
35
37
26
28
37
42
35
31
30
31
36
30
25
39
42
30
39
32
39
36
27
30
33
34
30
40
36
57
39
42
34
26
28
40
39
27
38
30
33
27
36
30
27
33
32
33
31
33
33
24
32
28
37
41
43
43
41
38
33
39
38
36
37
34
34
36
26
19
26
29
31
30
27
34
28
32
43
30
27
32
34
30
24
37
33
47
33
31
30
30
32
35
32
21
32
43
47
30
23
33
38
33
31
36
33
34
31
24
25
38
29
38
37
42
39
25
45
35
27
31
37
31
26
42
34
39
32
44
32
30
41
33
41
26
22
32
37
31
28
30
31
24
38
24
29
34
27
32
28
31
24
37
19
33
24
31
32
23
40
23
36
45
33
37
38
24
34
30
33
25
39
41
31
27
35
38
36
35
40
45
31
36
38
45
33
26
30
33
44
35
36
34
25
30
33
30
34
32
27
40
31
39
51
32
28
32
40
33
38
33
33
33
40
41
36
45
37
31
42
32
39
41
29
41
30
31
43
33
33
38
40
45
44
50
41
48
27
34
39
38
41
39
27
50
45
37
45
39
32
39
39
32
35
37
46
41
31
33
26
31
37
33
29
25
32
29
30
35
41
35
32
34
28
28
27
31
26
28
29
20
39
29
21
28
21
29
33
37
34
25
33
25
21
35
31
25
30
26
33
34
34
27
15
31
30
34
29
18
22
31
26
31
31
15
21
23
18
23
20
22
22
26
20
32
27
26
32
28
20
35
25
29
29
27
20
27
33
24
27
23
24
26
19
29
29
24
26
35
28
31
29
25
27
34
25
25
30
29
24
34
30
33
38
32
23
30
13
33
20
24
24
39
26
30
26
24
25
34
22
38
26
26
29
28
25
26
31
21
28
30
28
21
22
30
34
26
28
23
29
37
19
25
25
16
15
29
29
29
29
23
36
20
22
31
24
26
28
20
21
34
31
25
32
18
33
25
20
27
24
22
29
25
22
23
29
38
28
37
33
28
31
20
34
33
39
24
33
37
43
38
25
33
31
35
36
32
40
26
33
41
40
38
46
35
36
29
44
32
34
27
36
50
30
30
31
34
32
31
31
37
40
44
37
37
32
33
42
40
40
36
44
32
36
37
51
40
52
43
50
51
46
40
48
52
45
58
42
52
53
46
44
41
53
38
45
43
31
43
54
46
33
40
37
44
40
38
35
39
25
26
29
38
34
33
34
43
24
24
22
23
28
28
33
25
23
26
18
21
29
26
28
25
25
25
25
24
26
27
26
24
18
24
28
20
13
19
25
16
30
30
20
14
30
16
21
22
20
28
24
19
29
19
27
21
25
25
21
25
23
14
24
23
28
20
19
20
13
22
21
20
15
25
18
19
20
21
27
26
17
24
15
21
24
24
26
24
22
23
19
18
28
17
19
23
25
21
19
26
31
21
28
20
17
30
20
18
22
30
22
29
12
25
24
18
21
28
24
21
26
28
14
21
26
13
20
26
24
22
18
24
29
17
17
26
22
25
13
29
19
27
19
24
20
25
24
19
22
26
32
13
17
25
21
23
22
28
13
17
28
22
16
14
14
19
17
23
24
28
20
18
17
27
18
26
18
17
26
21
21
23
23
6
24
19
14
19
21
19
12
20
33
26
15
24
24
12
25
23
26
18
27
20
18
17
14
22
27
16
14
17
27
30
18
29
14
29
14
23
22
19
16
24
28
21
26
20
20
16
24
22
12
24
15
11
26
17
20
18
26
15
15
24
20
15
21
15
14
27
17
14
23
20
22
15
15
13
20
21
25
15
12
22
27
17
21
17
11
17
22
16
20
22
22
17
24
15
18
12
19
18
24
14
22
26
18
14
32
16
18
18
21
16
13
18
24
21
15
18
27
23
18
13
16
18
17
26
17
25
20
27
16
20
18
15
17
21
13
15
27
18
17
27
20
14
9
16
22
15
22
23
15
26
14
19
14
15
16
25
19
14
22
13
19
16
15
16
24
11
12
19
21
13
16
21
14
17
19
19
18
15
17
25
23
23
23
23
18
12
18
12
19
15
10
21
18
18
17
16
21
19
18
18
19
18
19
22
20
19
19
19
15
18
20
28
25
18
17
19
25
14
9
18
27
15
18
18
13
17
18
22
13
13
17
18
24
21
19
25
18
24
22
8
18
17
21
25
14
15
20
17
19
19
18
22
15
22
15
23
17
21
20
23
14
19
27
16
18
16
17
20
16
17
23
25
15
23
21
18
23
23
20
21
19
14
17
14
16
11
17
18
18
17
24
20
14
13
22
21
21
25
11
19
27
26
26
28
24
17
23
14
23
19
26
21
22
14
14
14
25
20
14
11
20
19
14
10
11
22
16
15
14
26
14
17
20
15
11
15
8
20
12
19
14
24
16
15
15
10
8
9
20
17
13
15
17
14
17
22
14
14
8
16
15
15
13
28
15
14
19
10
11
17
19
18
14
11
9
8
17
12
19
20
20
22
19
17
12
16
20
14
10
12
20
17
25
15
12
20
15
12
14
19
14
19
12
21
15
12
15
20
15
17
14
14
12
16
12
22
18
17
17
12
18
11
17
14
14
17
7
15
16
19
14
17
14
17
16
12
14
16
11
14
12
15
12
11
19
15
21
16
11
14
13
12
15
14
15
18
11
13
16
10
12
14
20
10
15
14
10
11
15
14
17
14
16
13
12
13
13
10
13
9
16
15
15
12
13
20
9
16
17
12
17
9
9
13
12
20
10
19
17
21
9
13
15
9
17
8
18
13
17
13
13
14
15
16
15
18
7
17
11
7
14
18
15
10
12
18
14
19
20
8
19
13
11
12
12
19
13
8
19
16
13
11
17
12
14
16
10
14
10
12
12
14
14
17
8
16
21
20
11
16
17
6
21
12
17
19
16
12
10
15
13
12
23
21
16
19
14
14
15
18
10
15
15
7
9
16
14
15
17
14
10
10
15
11
12
10
12
14
13
14
10
11
11
18
10
11
14
16
19
10
18
7
14
13
25
20
13
14
12
11
9
17
20
11
19
13
18
11
9
9
15
16
10
19
8
18
15
17
6
13
16
10
21
11
9
22
13
12
14
15
17
11
16
11
14
14
13
7
14
13
13
14
8
16
14
12
14
12
13
9
13
7
10
16
16
7
11
12
12
15
9
17
11
13
17
20
16
12
14
10
15
10
12
19
11
11
11
8
17
14
10
11
13
8
15
17
9
15
12
13
14
8
12
15
14
12
12
4
17
19
11
8
12
15
18
17
12
13
16
20
11
6
11
10
6
13
15
20
9
11
6
15
13
19
10
20
15
8
16
15
18
16
13
17
11
12
20
12
16
12
17
6
15
15
13
20
10
9
15
21
7
21
17
15
17
12
9
14
6
13
18
17
14
14
11
19
16
11
16
8
11
11
15
17
12
13
12
19
19
13
11
16
15
16
10
20
21
12
8
23
15
15
16
13
23
15
10
17
18
19
16
19
22
14
16
20
17
17
9
13
24
21
18
19
16
20
19
17
21
15
14
13
15
9
13
17
15
13
12
18
10
12
15
12
13
15
12
12
15
11
14
14
14
10
12
14
8
17
14
11
13
14
14
10
14
15
14
14
10
13
9
11
8
8
16
7
9
6
9
11
9
4
4
10
8
10
12
9
10
10
15
13
10
15
10
8
7
10
10
16
11
11
13
8
10
3
11
10
13
5
9
10
14
7
8
10
8
6
12
6
5
9
8
7
13
14
7
12
9
7
13
7
8
12
10
13
14
7
17
10
10
7
10
9
8
11
11
9
9
12
10
6
14
3
10
13
8
9
4
15
9
10
7
10
11
7
9
10
2
6
9
10
6
3
10
11
10
14
12
13
8
9
8
5
4
15
14
9
15
13
9
10
8
9
14
9
15
6
8
8
12
9
15
16
15
10
9
8
12
13
8
18
17
8
12
7
9
9
8
12
6
12
12
7
11
11
11
7
13
8
9
13
10
10
6
15
6
6
14
10
8
11
13
5
8
11
7
13
7
8
13
11
6
8
10
6
9
2
1
5
8
8
6
8
11
6
7
4
11
7
16
9
15
11
9
9
13
10
6
10
12
6
3
16
10
10
9
7
7
8
10
8
10
8
6
12
4
9
15
5
11
7
6
9
11
12
4
9
10
8
11
4
6
10
7
13
5
8
12
7
8
15
10
5
10
7
9
2
12
9
9
13
7
10
9
9
9
6
10
3
3
5
6
7
5
5
8
9
4
9
3
14
7
7
10
12
7
6
7
11
8
3
6
7
10
7
9
4
10
6
6
10
9
6
5
10
3
2
8
11
10
9
6
9
5
4
7
10
14
4
6
5
7
6
10
12
8
8
3
10
5
7
5
6
8
10
10
10
4
9
7
4
7
3
4
9
6
4
8
6
4
7
9
6
6
8
6
6
7
5
6
11
5
10
5
7
2
8
3
5
10
4
7
8
10
6
11
5
7
9
8
2
8
9
5
8
7
6
9
5
3
5
6
11
9
10
12
14
7
10
9
4
3
4
7
5
6
10
9
10
8
8
11
5
6
6
10
4
5
5
8
2
7
8
11
7
7
7
11
3
7
10
7
5
10
4
5
7
3
5
6
5
6
7
8
10
5
4
9
5
9
7
7
7
3
5
4
10
8
11
5
5
6
6
3
5
7
8
9
4
5
13
6
14
3
1
4
6
10
10
5
3
6
1
4
7
4
6
11
3
8
7
6
8
4
8
10
4
13
6
7
6
8
10
6
9
9
6
6
10
9
6
7
11
10
10
10
6
4
2
7
11
7
12
9
7
8
12
5
2
11
11
10
8
6
13
6
5
10
12
10
7
4
10
10
9
6
14
10
10
10
9
8
9
9
9
3
7
4
13
9
7
9
10
6
11
7
6
6
13
4
6
9
7
13
4
9
6
6
8
7
12
3
7
11
6
11
8
5
5
5
7
7
9
9
14
6
4
8
9
10
5
5
5
12
6
3
5
4
5
6
5
8
11
4
10
1
8
6
8
6
4
3
7
4
4
9
10
7
7
7
11
6
7
6
3
3
8
10
9
4
8
8
7
5
7
9
4
2
5
7
7
7
8
7
7
5
7
8
7
4
5
6
8
7
4
10
5
6
5
8
6
8
9
8
8
2
7
4
10
5
8
3
6
14
7
6
7
6
8
6
8
9
6
8
10
9
15
5
7
6
7
7
6
4
5
4
5
5
5
6
9
6
6
3
8
5
13
3
14
9
5
4
7
4
4
6
3
5
10
9
3
9
10
4
4
3
8
7
2
4
5
6
4
9
6
8
6
5
6
3
3
7
11
7
6
3
7
9
6
8
5
5
6
6
4
5
7
5
5
9
8
4
13
10
6
7
14
5
4
8
8
9
6
8
2
9
7
5
8
4
10
6
8
8
5
9
4
6
7
5
8
6
5
7
5
8
3
9
7
11
2
8
9
9
7
14
2
9
6
5
7
10
8
8
10
5
6
9
6
7
10
12
12
6
8
6
5
5
5
4
6
8
6
10
6
2
4
3
10
6
7
10
8
8
8
17
12
4
5
10
9
7
7
11
6
8
8
8
6
4
5
3
8
8
8
6
5
5
6
5
5
4
9
8
3
7
10
5
6
8
4
10
7
7
6
9
10
5
6
4
7
2
6
4
9
8
14
5
5
7
3
2
2
4
6
7
6
5
5
5
6
9
7
9
9
7
4
3
3
6
2
7
6
3
6
6
8
9
7
6
5
3
9
7
5
6
6
9
5
7
9
7
7
3
10
1
7
7
8
2
4
7
7
8
5
4
4
3
4
5
11
3
6
5
6
6
7
6
2
4
2
6
4
6
5
6
5
6
6
8
7
4
3
10
7
5
7
4
7
4
3
2
7
2
5
11
3
3
4
5
8
7
5
2
4
3
6
4
9
2
9
5
6
4
5
5
4
4
7
4
8
7
4
6
6
3
8
6
3
5
7
5
3
9
11
4
4
8
7
5
3
3
6
9
8
4
6
5
4
3
6
5
6
3
7
2
8
7
5
2
6
7
5
2
4
5
2
6
4
7
7
7
5
5
7
3
5
8
3
4
5
7
4
5
3
7
5
6
5
8
4
10
7
7
4
5
7
2
6
13
12
8
4
4
5
3
8
9
3
7
6
8
5
11
13
5
0
10
3
7
1
7
6
4
4
4
10
7
2
3
6
4
3
3
7
7
5
8
2
5
7
4
7
4
2
5
7
7
7
4
2
6
5
6
8
2
2
9
6
3
2
9
7
8
9
8
6
5
11
6
5
9
4
5
4
3
5
13
6
4
6
5
6
4
3
10
4
6
1
8
6
6
7
7
4
6
1
5
7
7
9
4
5
4
6
5
3
3
10
4
8
10
6
5
2
5
7
5
3
2
7
6
4
7
5
5
5
7
7
2
6
6
4
5
8
4
6
7
9
4
8
5
6
6
9
5
5
7
10
6
4
4
9
4
4
1
3
9
5
8
6
9
4
7
5
5
8
5
3
5
7
3
6
6
8
6
5
5
7
4
7
9
3
8
2
8
6
10
2
5
7
8
10
8
2
9
3
7
4
8
4
4
9
3
5
5
8
7
10
7
10
5
7
9
7
2
6
5
8
3
8
4
6
8
7
8
3
8
3
2
11
4
6
8
6
3
7
4
4
3
0
4
7
3
7
8
2
11
6
7
5
4
6
6
3
9
3
2
2
3
1
3
0
4
4
6
6
3
2
8
4
3
7
5
4
3
5
5
6
4
3
4
6
1
3
10
5
2
6
5
4
12
4
5
8
5
6
5
5
3
3
6
7
2
9
5
3
6
3
6
8
7
6
4
4
2
5
6
2
5
3
2
6
4
8
3
6
5
5
4
6
8
4
3
7
4
4
2
7
8
4
7
9
3
5
7
9
3
5
8
5
6
11
4
2
11
4
9
5
5
4
5
4
3
1
5
5
3
6
6
5
6
5
5
3
5
6
6
4
5
4
5
7
4
7
6
6
3
2
8
4
10
6
2
6
5
5
3
8
3
10
6
7
4
8
6
4
10
7
3
9
5
7
5
4
4
6
1
8
8
2
6
8
7
4
7
7
7
5
5
5
4
6
9
6
8
4
6
9
5
3
2
2
3
7
7
3
7
3
5
6
8
5
6
7
4
7
8
6
6
4
6
3
1
2
5
4
4
3
1
4
5
3
2
2
5
4
6
5
6
6
6
6
4
6
6
3
9
5
4
3
4
2
1
6
6
4
4
9
3
4
3
8
7
3
7
8
3
1
6
3
2
8
5
2
9
3
3
4
5
4
2
5
3
5
4
5
4
2
4
7
5
4
5
0
3
3
7
0
9
2
7
4
7
8
1
4
3
4
5
7
4
6
3
4
2
4
9
6
5
4
1
4
3
8
4
7
2
3
5
2
8
3
7
5
7
9
5
4
2
5
6
4
3
5
5
5
4
5
5
6
4
10
2
6
4
2
6
6
6
4
6
4
4
5
3
9
5
6
4
5
5
10
6
3
2
7
4
6
0
7
4
4
8
4
6
8
3
6
5
4
10
6
5
5
3
3
4
7
3
3
8
3
3
4
4
4
6
6
6
3
8
4
5
6
4
8
5
4
7
4
1
4
2
5
4
2
5
2
4
6
6
7
7
3
2
8
2
3
7
4
9
2
3
4
11
5
2
3
3
3
6
1
9
4
12
4
1
3
6
3
7
9
5
7
5
5
3
6
6
5
4
13
2
4
4
3
4
6
5
3
1
2
4
8
7
3
9
1
3
7
5
5
1
3
3
5
1
4
2
3
6
5
3
4
5
5
5
4
8
2
5
9
5
7
2
3
3
0
7
2
7
3
4
4
3
3
6
3
5
5
2
7
6
7
6
9
5
6
10
7
3
3
3
3
0
9
5
4
4
9
6
5
7
0
5
8
7
3
6
7
9
5
2
4
8
4
3
8
6
5
7
4
5
5
4
3
6
1
3
5
6
7
6
3
7
4
6
8
3
3
6
8
4
7
7
4
6
3
3
2
4
5
3
6
3
3
3
6
7
7
6
5
5
3
4
9
6
6
4
3
5
12
6
1
4
6
10
8
9
7
10
6
10
5
4
9
15
3
6
6
5
4
10
11
11
13
6
5
5
5
7
7
10
5
14
9
10
13
8
8
14
10
4
4
8
9
8
6
3
10
11
11
7
9
11
6
9
7
10
5
9
9
9
3
8
19
8
10
9
9
6
8
7
9
4
10
13
9
11
10
12
7
7
13
10
10
6
8
6
9
7
8
4
6
8
7
5
9
10
9
1
12
4
7
4
7
5
4
8
11
3
7
8
8
0
7
2
11
6
6
1
4
9
3
7
6
1
4
5
1
6
2
3
5
5
3
2
6
1
5
7
3
4
2
5
2
6
7
2
3
4
6
7
3
6
5
3
9
6
4
4
7
5
5
5
7
6
4
5
4
4
4
2
7
2
6
6
2
5
5
1
3
4
5
6
5
4
7
4
2
7
4
4
5
3
3
3
2
2
5
6
5
2
4
5
6
5
3
2
5
4
5
2
4
4
2
4
5
5
6
4
5
4
5
6
6
3
5
2
1
3
4
2
7
4
10
3
2
5
6
2
2
7
7
5
2
6
5
2
5
2
6
8
4
2
5
4
0
6
3
5
8
4
7
9
6
6
2
4
1
0
4
2
6
10
5
2
9
4
3
6
5
4
1
2
6
8
4
6
5
5
6
5
1
9
8
5
6
5
3
4
4
10
6
4
5
1
8
5
6
2
4
4
2
2
6
5
7
7
2
7
6
5
1
2
2
5
2
2
6
3
6
3
2
3
6
2
4
3
7
3
5
4
3
6
2
3
4
3
5
4
4
4
7
4
1
4
4
3
3
5
1
3
5
3
2
5
3
5
2
6
5
3
6
4
4
4
5
7
5
7
2
3
1
3
1
4
5
4
4
4
5
5
3
2
4
5
6
8
1
1
6
3
6
4
3
3
2
1
6
3
11
2
4
2
1
4
7
2
5
9
3
2
2
4
4
0
7
3
4
3
5
5
5
2
4
2
2
5
5
2
2
3
4
1
9
4
4
3
5
3
4
5
10
0
5
3
4
7
2
4
1
3
3
1
2
7
3
6
5
3
3
3
7
6
4
5
5
2
4
5
5
4
6
3
2
4
1
3
3
4
6
2
5
4
6
5
6
5
4
3
3
6
6
3
1
3
5
8
2
2
2
3
4
12
2
5
2
7
4
8
4
3
5
2
5
4
6
3
5
3
5
3
3
2
1
4
4
3
3
4
6
6
4
5
2
2
3
3
4
5
11
2
5
5
2
5
4
7
1
2
3
5
6
4
9
4
4
3
4
4
8
4
6
5
4
11
5
6
3
7
3
3
2
4
4
2
4
6
4
4
5
3
4
8
2
5
5
8
3
5
7
2
7
6
6
3
7
7
15
9
2
7
4
5
6
3
5
6
6
4
10
5
5
9
10
4
7
2
5
5
9
4
2
5
3
9
12
5
4
6
5
6
10
7
5
6
11
8
8
5
5
9
4
11
4
2
7
10
7
2
9
10
8
4
7
7
8
5
7
9
5
7
3
9
6
7
9
5
8
6
5
10
4
2
7
4
3
6
5
9
5
5
6
3
9
3
4
5
6
3
3
5
4
8
4
5
3
4
5
4
6
10
5
3
6
3
6
1
3
7
1
5
4
3
0
6
3
3
2
5
7
4
3
8
3
0
4
2
2
1
3
3
5
4
2
3
4
5
1
4
2
4
6
4
3
5
4
3
1
2
2
3
2
2
3
2
2
4
6
4
3
2
2
0
2
3
2
7
3
8
5
4
4
5
1
2
3
0
5
4
2
2
5
1
1
6
1
1
5
4
4
2
8
4
6
4
4
4
3
6
2
2
4
2
1
5
8
6
3
3
4
3
3
6
2
3
2
2
5
2
4
4
6
2
6
2
4
2
2
3
6
4
2
7
3
4
8
1
3
4
1
2
5
3
6
4
1
1
2
1
3
2
5
2
6
3
5
3
2
3
3
2
3
0
2
4
3
5
2
1
4
3
6
4
4
4
4
4
9
2
1
0
4
5
1
0
7
1
6
1
0
4
3
4
2
1
3
1
1
2
5
2
5
4
3
5
4
1
7
4
5
4
1
5
6
3
2
5
5
3
0
6
4
7
7
4
3
3
4
5
3
1
1
3
2
1
2
5
4
5
1
4
8
1
4
8
2
2
5
3
1
3
3
4
0
4
3
7
3
1
6
4
4
3
6
4
6
0
4
4
4
1
6
3
2
7
3
8
4
5
4
3
5
2
5
5
3
5
3
8
2
6
3
4
2
1
4
3
1
3
2
0
7
5
5
4
1
2
3
6
2
3
4
4
1
2
5
6
3
5
5
3
2
4
2
3
3
2
1
5
9
4
2
1
6
3
5
3
2
3
6
1
2
7
3
5
3
1
4
3
6
1
2
2
1
2
4
3
1
3
2
4
2
2
3
4
1
4
4
5
4
2
3
3
4
2
6
4
5
2
3
2
2
7
3
3
4
2
1
2
2
4
2
2
4
3
1
5
2
1
1
6
4
1
6
1
1
7
5
1
5
5
1
4
3
1
4
1
4
1
3
6
1
3
2
2
3
3
2
4
6
3
7
1
3
4
1
2
8
5
2
5
0
4
3
1
1
5
0
4
5
2
1
5
2
0
4
1
5
4
3
1
3
3
4
3
3
6
5
3
4
6
4
5
3
1
4
8
1
1
2
5
1
3
2
3
7
3
2
5
7
5
2
2
3
2
0
5
2
2
5
3
5
6
4
2
5
3
2
0
5
3
6
7
1
6
5
2
5
4
3
2
2
3
4
4
4
4
4
4
1
3
4
3
4
4
4
3
9
1
6
4
5
8
1
3
6
3
7
2
1
3
2
6
3
2
5
0
2
2
5
2
3
2
4
2
2
2
3
7
6
2
1
3
0
6
5
2
4
3
4
2
5
3
2
2
6
1
3
4
3
4
3
4
6
3
3
2
5
5
2
3
3
4
1
1
3
5
1
2
3
3
2
2
2
3
3
2
3
5
1
5
5
2
1
4
2
3
4
4
3
2
3
6
3
3
2
3
6
4
2
5
2
10
3
3
4
1
5
2
6
2
3
1
5
8
2
5
4
1
5
2
1
2
2
5
4
4
4
4
2
4
5
2
2
6
2
4
3
4
1
4
3
3
4
0
2
3
8
6
4
1
2
2
2
3
4
7
2
1
4
7
2
5
5
0
3
3
1
1
6
7
3
5
5
5
3
3
3
0
2
5
5
2
6
1
4
5
2
5
4
4
0
6
3
0
3
3
4
4
6
2
4
2
3
2
1
2
4
0
7
6
1
1
5
2
1
1
1
3
4
2
4
2
2
0
7
1
1
1
3
2
3
6
1
1
5
4
2
4
2
3
6
0
2
5
0
2
2
4
1
3
2
1
3
4
5
2
5
3
1
4
3
4
3
3
0
3
2
3
2
1
6
3
2
1
3
3
6
2
3
4
5
2
4
4
6
4
4
5
4
2
1
3
0
3
5
0
1
4
5
1
3
2
0
5
1
0
4
3
5
0
4
2
6
3
1
10
2
3
4
2
1
3
1
2
3
3
1
1
0
4
5
1
1
6
2
5
3
3
4
4
7
3
3
3
3
3
2
1
3
9
1
0
3
3
1
0
4
1
3
3
6
2
6
2
3
7
4
3
0
2
3
1
6
1
4
4
4
7
2
2
2
3
3
5
0
2
4
3
0
5
7
3
4
1
3
2
1
3
4
0
2
0
7
2
5
1
1
5
7
1
3
3
3
2
2
4
3
1
4
1
3
3
1
3
3
3
6
3
3
5
8
5
8
3
2
7
7
4
4
4
2
2
5
2
3
4
5
1
2
5
4
4
5
1
2
8
6
2
2
4
7
3
6
1
4
1
3
5
3
2
8
3
2
1
2
3
1
3
2
4
6
4
3
6
1
1
1
1
2
2
1
1
4
3
3
3
0
2
3
1
6
3
3
2
3
3
5
4
4
2
6
2
1
3
3
6
1
2
1
7
3
3
3
0
1
2
7
1
3
2
3
3
1
2
3
2
1
4
8
4
3
4
5
3
0
3
6
4
5
6
3
2
5
3
5
3
4
0
3
0
3
4
1
4
4
0
2
7
2
2
2
2
5
0
1
5
3
4
4
3
0
4
3
3
3
2
4
3
0
1
5
2
0
5
1
2
4
2
2
1
3
5
5
2
3
2
1
0
2
4
3
1
3
7
2
3
1
0
7
2
2
6
1
4
3
3
3
4
4
3
4
1
4
2
1
3
5
2
2
2
2
1
1
1
4
6
4
4
2
2
3
2
2
1
5
1
2
2
6
2
1
2
6
0
7
4
1
1
2
1
3
2
1
5
3
3
2
3
3
4
4
4
2
4
3
3
3
6
3
4
2
1
0
2
3
2
1
2
3
2
4
2
5
1
3
4
4
3
4
3
3
1
7
1
4
3
2
2
2
4
2
2
2
5
6
4
2
2
1
2
7
2
2
1
2
4
1
4
2
6
4
7
3
8
9
2
4
3
0
7
1
5
2
4
5
2
1
5
3
3
2
1
7
2
1
3
2
1
5
5
4
3
0
2
2
4
3
1
3
3
3
2
3
3
0
6
2
1
7
2
3
5
3
3
1
3
4
4
2
5
1
3
3
3
3
3
5
2
2
2
6
3
2
3
2
2
1
4
4
5
5
5
0
0
7
9
3
2
1
4
1
4
3
5
2
3
0
4
4
3
2
2
0
1
3
0
2
1
7
3
3
0
1
4
3
4
4
4
3
3
5
4
5
1
6
4
3
3
5
0
9
2
2
3
1
1
2
5
3
2
4
4
3
3
4
1
2
4
1
3
2
2
1
3
3
2
2
1
6
4
9
4
1
4
3
2
8
4
4
6
1
2
4
1
6
2
4
2
4
7
5
4
3
4
6
3
3
4
4
2
3
4
1
7
2
4
2
3
4
4
4
4
1
4
4
5
2
4
1
7
5
3
3
6
2
7
8
4
1
2
9
8
7
10
5
3
4
5
4
8
5
4
8
4
9
2
5
3
5
10
4
0
3
4
7
8
5
5
7
5
5
5
8
5
7
3
4
6
7
5
3
5
5
2
7
8
7
3
5
4
3
5
3
4
5
2
4
4
5
5
4
5
2
4
0
2
9
4
3
2
5
3
1
4
5
3
1
3
6
1
0
2
3
4
5
4
5
3
4
3
2
3
3
3
4
4
1
5
3
2
0
2
1
5
4
2
3
5
2
3
2
2
5
3
2
6
1
2
3
4
4
4
0
5
1
1
3
2
5
1
1
5
4
4
1
2
2
2
4
0
4
6
2
2
3
4
5
1
2
3
7
2
3
1
2
4
1
1
2
3
2
4
1
2
4
3
3
3
2
1
2
4
4
3
2
6
1
4
3
4
1
2
3
3
2
6
3
4
0
4
5
2
3
3
4
6
2
3
6
3
5
0
1
1
6
1
6
2
2
1
5
2
2
2
3
4
3
0
1
2
5
1
5
3
4
4
2
6
3
4
3
2
3
3
3
5
6
4
1
3
5
2
2
2
1
5
3
3
3
0
3
4
6
1
1
2
4
2
2
1
5
2
2
3
0
6
5
2
3
2
5
2
3
3
3
4
1
2
2
2
3
2
6
4
6
2
1
5
3
1
4
3
0
4
1
1
1
4
1
3
3
4
1
6
1
5
1
2
6
0
4
3
3
2
3
0
3
2
4
0
3
0
3
3
4
1
3
3
6
3
4
3
4
5
4
6
3
4
1
6
1
3
2
3
3
2
3
6
4
6
3
5
3
0
2
2
2
5
1
5
3
2
1
4
1
2
2
3
5
3
2
3
3
2
2
4
4
2
0
8
1
2
4
3
3
2
3
2
3
3
7
3
3
5
5
0
0
2
3
6
4
1
2
0
3
3
3
1
4
2
3
3
0
2
0
3
4
5
4
2
3
5
3
6
4
5
3
3
4
2
3
3
3
3
2
1
4
7
2
4
2
11
2
6
3
6
3
2
2
4
1
1
3
3
3
4
1
4
3
2
2
0
5
1
1
2
4
2
2
4
2
3
5
2
5
1
3
2
3
5
1
3
1
1
3
5
0
3
2
6
1
5
3
0
7
4
4
3
5
1
1
3
2
1
3
0
2
3
4
0
1
3
1
3
2
2
1
4
4
2
3
2
3
2
4
4
4
2
1
3
4
5
3
1
5
1
4
4
2
4
1
2
2
2
1
6
3
4
3
2
2
3
3
5
3
5
2
2
1
2
2
5
4
3
4
3
6
4
2
6
5
1
1
2
4
4
5
3
1
3
4
1
2
4
3
1
1
2
4
2
1
5
3
5
1
0
2
3
3
2
2
2
6
2
0
2
4
1
3
2
2
6
3
2
1
1
2
3
6
4
4
2
10
1
3
2
2
6
2
4
2
2
3
5
7
4
5
0
2
0
2
3
5
5
2
5
7
2
3
1
2
4
3
4
1
4
4
1
0
4
4
3
2
2
3
2
6
8
4
1
2
4
1
2
4
3
6
4
7
3
2
2
5
1
3
3
4
3
2
1
6
2
2
3
5
4
2
4
3
3
4
5
3
2
2
7
2
1
2
3
2
3
1
5
3
1
6
3
5
5
2
6
6
3
5
2
2
3
3
3
1
8
1
3
2
4
1
6
0
2
3
2
4
2
4
0
1
2
3
3
1
4
1
2
3
2
2
3
1
3
3
4
4
2
4
3
5
4
1
2
3
3
5
3
7
4
3
2
2
2
3
4
1
3
5
1
4
3
1
4
2
5
3
6
3
3
3
1
4
2
2
4
3
2
2
1
3
4
2
2
4
2
2
1
5
3
3
3
3
1
5
1
4
0
2
1
4
1
3
3
4
4
4
3
2
2
2
2
2
4
0
3
1
2
3
2
2
4
2
4
5
0
3
0
1
4
3
3
1
0
2
5
2
2
4
5
6
4
1
5
3
3
4
3
2
7
4
2
9
1
2
2
2
0
5
4
3
2
3
2
3
2
1
5
2
4
1
1
1
7
4
4
2
3
2
1
3
4
1
3
1
0
5
4
6
1
4
4
2
4
2
3
0
3
3
2
1
3
7
1
3
3
5
3
0
1
1
0
4
4
6
2
3
1
4
3
6
4
1
2
2
5
0
7
4
2
4
4
0
4
3
3
2
3
2
3
2
1
1
3
1
1
2
1
3
3
0
2
6
7
4
3
6
1
5
3
2
1
4
1
4
3
1
4
2
4
3
3
2
3
7
2
4
6
1
1
0
2
2
5
2
0
1
4
0
3
2
1
4
1
1
2
5
3
2
1
5
4
3
0
3
1
2
1
2
3
3
2
6
3
4
1
4
2
4
2
1
2
5
5
1
0
6
2
1
4
2
2
1
3
1
2
3
7
1
2
2
3
3
2
3
1
1
1
3
1
6
7
4
2
4
2
2
3
5
4
1
4
1
0
1
3
0
1
1
2
1
4
4
4
5
3
5
1
4
2
5
3
3
3
3
1
2
6
2
4
2
2
1
2
2
4
3
0
0
2
7
2
1
3
1
9
4
1
3
2
1
1
4
2
5
3
1
2
2
1
3
1
7
2
3
2
0
2
2
2
1
1
0
4
2
4
0
2
0
1
2
0
1
3
4
1
3
4
2
2
3
6
3
2
3
2
8
2
4
2
3
0
3
1
7
4
1
4
2
1
3
4
1
2
5
0
4
2
4
0
4
3
0
6
5
3
6
3
4
5
1
2
6
7
2
3
4
5
2
2
1
4
2
5
2
9
2
7
4
3
2
1
2
4
6
6
4
4
2
7
2
4
7
2
3
2
7
6
3
2
1
5
2
3
7
3
4
7
1
3
4
2
3
3
5
2
2
2
6
3
2
1
5
2
2
2
4
4
5
5
4
3
1
5
3
1
3
6
3
2
1
5
1
0
2
2
3
5
3
1
3
0
1
3
3
2
2
3
0
3
5
0
1
2
2
5
3
3
2
1
3
2
0
4
1
0
1
2
5
4
4
3
2
2
1
2
0
0
0
3
1
3
0
1
3
3
5
2
1
1
2
2
2
1
5
0
2
2
0
1
4
3
1
2
3
2
2
4
2
2
3
1
2
3
2
2
4
1
1
6
5
2
1
3
3
2
1
2
5
3
0
4
3
1
1
5
1
3
1
1
3
3
2
2
1
1
4
1
1
1
0
3
4
2
0
3
5
0
1
4
1
3
1
0
2
0
2
2
3
3
1
4
4
2
3
1
1
2
5
1
1
1
2
1
1
2
0
4
0
2
4
1
1
1
2
1
1
1
1
1
2
2
3
2
1
1
2
2
5
1
3
0
2
0
1
2
2
0
4
3
5
1
3
0
0
5
1
1
1
0
1
0
3
2
2
0
1
4
2
4
1
3
1
2
2
5
1
4
1
3
2
1
2
2
1
1
1
2
0
2
0
2
5
1
2
1
2
2
2
2
2
0
0
3
3
3
2
1
3
2
3
2
1
0
2
5
3
1
0
1
2
2
0
2
3
1
1
1
3
1
1
5
5
2
1
2
3
3
1
6
1
0
2
4
1
2
1
4
3
1
3
2
2
0
0
1
2
1
3
0
1
1
4
0
4
1
3
1
1
2
1
1
2
3
1
1
2
2
2
1
3
1
2
1
2
3
2
1
1
3
2
1
0
1
1
2
2
1
1
1
0
0
1
0
5
1
0
2
2
0
1
4
1
1
2
2
3
2
1
2
3
1
2
3
3
2
5
2
3
3
3
1
2
3
2
1
4
4
1
1
3
2
2
2
1
1
4
1
2
0
3
4
0
1
2
1
0
1
1
2
4
1
2
0
1
3
4
1
3
1
1
0
1
3
1
1
1
3
4
2
3
4
3
2
2
3
1
2
2
1
4
2
0
2
2
1
3
2
1
2
2
1
2
4
1
1
4
1
0
1
0
0
2
1
4
0
4
1
2
0
3
1
1
2
2
1
1
1
2
0
1
2
1
1
1
1
1
3
5
4
5
2
0
1
2
2
2
2
3
2
4
2
5
2
0
2
1
2
0
0
0
1
1
1
0
1
1
0
2
0
2
1
2
0
2
1
2
2
0
2
0
1
1
1
1
2
1
1
2
1
2
0
0
0
2
1
0
0
2
3
0
0
2
4
2
1
2
0
4
0
2
0
2
2
3
0
3
0
4
1
2
0
3
1
0
2
1
0
0
0
1
4
1
3
3
1
3
1
2
0
1
2
3
0
3
1
2
3
3
3
0
3
0
1
1
0
3
2
0
1
4
1
1
0
0
1
0
2
3
0
2
2
4
1
2
1
0
1
1
2
1
1
1
2
1
2
2
2
2
0
3
0
0
1
1
2
4
1
1
4
2
2
1
1
2
0
1
0
2
3
3
1
1
2
1
2
2
1
1
1
1
3
1
1
1
0
0
1
2
3
0
1
1
1
0
2
1
0
1
3
1
0
0
1
2
5
0
2
2
3
1
6
4
2
1
2
0
3
2
1
2
1
4
5
1
2
2
1
2
1
3
3
1
0
1
2
1
0
1
3
0
1
0
0
1
4
1
0
0
0
0
2
3
2
0
1
1
4
4
4
1
0
1
1
1
4
1
4
0
1
3
1
1
2
1
0
1
4
1
0
3
1
2
0
0
1
1
1
0
2
1
4
1
2
0
0
1
2
1
2
0
1
2
3
0
1
1
1
0
2
0
1
1
5
1
2
2
1
0
0
0
3
0
2
2
0
1
3
3
1
0
0
1
0
0
1
1
1
0
0
0
0
2
1
0
2
0
0
1
1
2
2
1
2
0
4
2
3
0
0
4
0
2
3
1
2
1
2
2
0
1
0
2
3
2
2
0
1
0
4
3
1
3
1
3
1
1
0
0
2
1
2
2
1
1
2
0
0
2
0
3
2
4
2
2
2
1
3
2
0
1
3
1
2
2
0
4
2
0
0
2
1
1
2
2
2
3
2
0
0
1
1
2
1
2
4
1
0
3
1
1
0
0
1
0
1
0
1
2
1
2
0
1
1
2
0
3
1
5
0
1
2
0
2
1
1
4
2
2
0
2
0
1
0
0
1
0
2
0
2
0
2
2
1
1
3
1
0
0
0
0
1
1
0
1
0
1
3
1
0
1
2
1
2
1
0
1
1
2
0
0
1
1
0
0
2
0
0
2
1
1
0
1
0
2
3
1
3
0
0
0
1
1
2
3
0
3
0
3
3
0
3
1
1
1
0
3
1
1
1
2
0
0
0
0
1
4
1
1
1
1
2
1
2
0
0
3
3
2
0
2
1
1
2
2
1
1
1
0
3
1
0
1
3
2
2
2
1
1
2
0
1
0
0
0
0
5
1
0
2
0
2
0
1
0
2
0
2
0
4
1
3
1
0
1
1
1
1
0
2
1
0
3
1
1
2
2
1
2
1
2
0
1
1
0
1
2
2
0
1
2
1
2
0
3
0
1
0
1
0
1
0
0
1
3
2
1
2
1
1
0
2
1
0
0
2
1
1
0
0
0
3
0
2
1
2
1
1
0
2
3
0
1
2
1
1
0
3
1
2
0
1
1
3
1
2
1
2
3
2
0
0
1
1
0
2
0
1
2
0
1
1
1
0
1
1
1
3
1
0
2
0
1
0
3
1
0
2
2
0
2
0
0
1
1
2
0
1
0
1
0
2
2
4
0
1
2
1
2
2
1
0
2
0
1
0
2
1
0
2
1
0
1
1
1
0
2
3
2
1
1
0
0
2
0
1
0
2
3
2
0
2
1
1
3
0
0
1
0
1
0
2
1
2
4
2
1
0
3
2
1
0
0
0
1
0
1
2
1
2
1
3
1
1
2
2
0
2
0
0
0
0
2
0
0
1
0
0
1
3
1
2
1
0
1
0
1
1
1
1
0
1
1
1
1
4
1
0
1
2
2
2
0
0
2
0
0
1
1
0
1
2
1
0
1
1
3
1
0
1
1
1
1
0
1
4
1
0
0
0
2
0
0
1
2
2
2
2
3
2
5
2
1
1
1
0
0
0
1
6
1
1
0
1
1
1
0
2
0
2
1
1
0
0
0
1
0
3
1
1
0
3
1
2
1
1
0
6
1
1
0
2
0
2
1
0
1
0
2
1
4
2
2
3
4
1
1
0
0
1
1
0
2
1
1
3
2
2
0
0
0
2
0
1
0
0
0
1
2
0
1
0
1
0
2
1
0
1
1
1
1
0
1
1
2
1
2
1
0
1
0
0
0
2
0
1
1
2
0
4
0
2
1
1
2
2
0
2
2
0
0
0
0
1
0
1
1
1
0
0
1
1
1
1
1
2
1
3
0
2
0
2
0
1
1
0
1
2
2
0
0
0
1
1
2
2
0
0
0
2
1
0
3
1
1
0
2
0
1
2
0
0
0
0
0
2
1
0
0
0
0
2
1
0
1
1
1
0
0
1
2
0
3
2
2
2
0
1
1
1
2
0
1
1
0
1
2
0
0
0
0
3
1
1
1
4
2
0
2
0
0
1
1
1
0
0
1
1
1
1
0
2
1
1
3
0
2
1
2
1
3
1
1
0
1
1
0
1
1
0
1
0
2
0
1
0
0
1
1
2
1
0
1
1
1
2
1
2
2
1
2
1
3
0
2
2
2
1
1
1
1
1
1
0
0
5
1
1
2
0
3
2
1
0
2
0
3
2
2
0
0
2
2
4
2
1
0
2
1
1
0
1
1
2
0
1
2
1
1
2
1
3
0
2
1
1
1
1
0
0
0
0
1
1
1
0
1
0
2
4
1
1
0
0
0
0
1
3
1
2
1
1
1
1
0
2
2
1
1
1
4
2
0
0
1
0
1
2
2
1
0
1
0
0
1
1
1
1
1
2
1
0
0
1
1
2
0
0
0
1
1
0
0
0
0
2
1
2
1
1
1
1
0
0
0
1
0
3
0
3
2
2
1
2
1
0
2
1
0
0
2
1
0
1
0
0
1
1
2
0
0
0
1
1
3
0
0
1
2
1
3
2
1
0
0
1
1
3
1
1
0
0
1
1
1
0
0
1
1
1
2
1
1
0
2
1
1
0
3
2
1
1
1
0
0
2
2
1
2
1
0
3
0
1
0
1
0
0
1
1
0
3
1
1
1
1
3
1
0
1
0
4
2
2
0
1
2
0
0
3
0
0
0
0
0
0
3
0
3
0
1
0
0
0
0
0
0
1
1
0
0
1
0
2
0
3
0
1
3
0
1
2
0
1
0
1
2
0
2
0
1
1
1
1
0
0
1
0
2
1
2
1
1
1
0
1
2
2
2
1
0
1
2
0
0
2
1
0
0
0
0
3
1
0
0
1
1
2
1
0
1
1
1
1
0
1
1
1
0
0
1
2
0
0
1
1
0
0
0
1
0
3
1
0
1
0
0
1
2
0
2
0
2
2
1
2
0
1
1
2
1
0
1
0
0
1
0
0
3
0
0
1
1
0
0
1
3
0
1
1
1
0
1
0
1
1
3
2
3
0
1
4
0
2
1
0
0
2
1
1
0
0
0
1
2
0
0
3
1
1
0
0
0
3
1
1
3
1
0
0
0
2
0
2
0
1
3
0
0
0
0
1
0
0
2
0
0
0
0
1
0
1
0
0
1
1
0
1
1
0
1
1
3
2
1
1
0
1
0
0
0
0
2
0
1
0
1
1
1
0
1
3
1
1
1
1
0
4
0
2
1
0
0
0
1
0
1
0
0
0
0
0
0
1
4
0
2
1
2
1
0
2
1
2
0
0
1
2
2
1
3
1
2
1
3
1
3
2
1
1
2
3
1
2
0
0
1
1
0
2
1
1
1
3
0
2
3
7
2
4
2
3
2
7
7
2
3
3
1
3
2
3
5
6
7
7
4
2
8
9
4
9
6
9
4
9
9
9
7
9
8
1
14
9
12
11
10
9
9
9
16
13
7
9
9
19
14
15
17
10
12
8
22
13
15
15
17
16
11
11
15
11
7
11
11
14
9
15
12
12
14
10
8
17
7
12
9
19
16
17
11
11
6
6
10
11
5
11
8
15
12
8
9
17
9
12
5
7
3
13
7
10
9
6
3
4
6
5
7
7
5
6
3
3
9
3
2
0
6
2
4
3
3
2
6
4
5
4
5
5
3
4
3
1
3
4
3
2
2
2
1
1
6
2
3
2
0
2
2
3
3
2
4
3
1
3
0
1
3
0
1
0
0
3
1
2
0
2
0
2
1
2
0
1
2
1
1
0
1
2
2
1
2
0
1
0
0
0
2
1
0
1
2
2
0
0
1
1
0
2
0
0
0
0
0
0
1
1
2
0
1
0
1
1
0
0
0
2
0
1
1
0
3
0
1
2
0
0
2
0
1
2
0
0
0
0
0
0
0
2
0
0
1
1
0
1
1
2
0
2
1
0
2
0
0
1
0
0
1
0
1
0
0
0
0
1
1
0
0
0
1
0
1
0
0
0
0
1
0
1
0
1
0
0
0
0
0
0
0
0
0
0
0
0
2
1
0
0
2
0
0
1
0
1
2
0
1
0
0
0
1
0
0
0
0
0
0
0
1
1
0
0
2
0
1
2
2
0
0
0
0
1
0
0
0
1
0
1
0
1
1
2
0
1
0
1
1
0
0
2
2
0
1
2
0
2
1
0
1
0
1
0
0
0
0
0
0
1
0
2
0
0
2
0
1
2
1
0
1
0
0
1
0
1
0
1
0
0
1
0
0
1
0
1
1
1
0
0
0
2
2
1
1
1
2
0
2
0
0
0
1
2
1
0
1
1
1
2
0
0
3
0
1
1
0
1
0
0
1
0
0
0
0
3
0
0
0
0
0
2
2
0
1
0
1
2
0
0
0
0
1
2
0
3
0
2
1
0
2
2
0
1
0
0
1
0
0
0
0
1
0
0
1
1
0
0
1
0
1
0
0
0
0
0
1
0
1
0
1
0
0
0
3
1
1
1
1
0
0
1
0
2
0
2
0
0
2
0
0
1
0
1
0
0
0
2
1
1
0
1
0
1
0
0
0
0
2
1
3
0
2
2
1
0
0
1
2
0
0
1
0
2
0
0
1
0
2
3
1
0
0
1
0
0
0
0
0
1
0
1
0
1
0
0
1
0
1
0
2
1
1
1
1
0
2
0
3
1
1
0
0
1
1
2
0
0
2
1
3
0
2
0
2
2
0
1
2
0
1
2
1
1
1
0
0
1
1
1
1
0
0
0
0
0
0
1
0
0
0
0
0
2
1
0
1
1
0
0
0
0
2
1
0
1
0
0
0
0
0
0
0
1
1
2
0
0
0
5
2
0
0
0
0
0
3
1
0
0
0
2
0
0
0
1
0
1
0
0
0
1
1
1
0
3
0
2
2
0
1
0
1
0
1
0
0
0
0
0
0
1
0
2
0
1
1
2
1
0
0
0
1
0
1
1
0
2
0
1
2
0
1
0
0
0
0
1
0
0
0
1
0
2
1
0
0
1
0
1
2
0
2
0
2
0
0
0
0
0
0
0
0
0
0
2
0
0
0
0
0
2
0
0
0
0
1
1
0
1
0
0
0
0
3
2
0
0
2
1
1
3
2
0
2
0
1
0
1
0
1
2
0
0
0
0
0
1
1
0
2
0
0
1
2
0
0
0
1
0
1
2
0
1
0
1
0
0
0
0
0
1
1
0
0
0
0
0
0
0
1
2
0
0
0
0
0
0
0
0
0
0
1
4
0
1
2
1
0
0
0
0
0
2
1
0
0
0
1
1
0
0
1
1
0
2
0
0
0
0
0
0
0
0
0
0
0
3
0
1
2
0
1
1
1
0
0
1
0
1
0
1
0
0
1
0
1
0
0
1
2
0
0
0
0
0
0
3
1
0
1
0
0
2
0
0
1
0
0
1
0
0
0
1
0
0
1
0
0
0
0
1
0
0
0
0
0
0
2
1
2
1
0
1
0
1
2
2
0
0
1
1
0
0
1
0
0
2
0
0
0
0
0
0
0
0
0
1
0
0
0
0
1
0
0
0
0
0
0
1
0
1
0
1
0
1
1
0
0
0
0
0
0
1
1
1
1
0
1
0
1
2
1
1
0
0
0
0
0
1
0
0
0
0
0
2
0
0
0
0
0
0
1
0
0
0
0
1
0
1
2
0
1
1
0
0
0
1
0
0
0
1
0
0
1
0
0
0
0
0
1
0
0
1
0
0
0
0
0
2
0
0
0
0
0
0
0
0
0
0
0
0
0
0
0
0
0
0
0
0
0
0
0
0
0
0
0
0
0
0
0
0
0
0
0
0
0
0
0
0
0
0
0
0
0
0
0
0
0
0
0
0
0
0
0
0
0
0
0
0
0
0
0
0
0
0
0
0
0
0
0
0
0
0
0
0
0
0
0
0
0
0
0
0
0
0
0
0
0
0
0
0
0
0
0
0
0
0
0
0
0
0
0
0
0
0
0
0
0
0
0
0
0
0
0
0
0
0
0
0
0
0
0
0
0
0
0
0
0
0
0
0
0
0
0
0
0
0
0
0
0
0
0
0
0
0
0
0
0
0
0
0
0
0
0
0
0
0
0
0
0
0
0
0
0
0
0
0
0
0
0
0
0
0
0
0
0
0
0
0
0
0
0
0
0
0
0
0
0
0
0
0
0
0
0
0
0
0
0
0
0
0
0
0
0
0
0
0
0
0
0
0
0
0
0
0
0
0
0
0
0
0
0
0
0
0
0
0
0
0
0
0
0
0
0
0
0
0
0
0
0
0
0
0
0
0
0
0
0
0
0
0
0
0
0
0
0
$ROI:
0
0
$PRESETS:
Live Time
0
0
