$SPEC_ID:

$SPEC_REM:
DET# 1
DETDESC# MCB 25
AP# ORCA (11.0h)
$DATE_MEA:
2017-08-13 23:44:56 +0000
$MEAS_TIM:
3730.70 4320.00
$DATA:
0 16383
0
0
0
0
0
0
0
0
0
0
0
0
0
0
0
0
0
0
0
0
0
0
0
0
0
0
0
0
0
0
0
0
0
0
0
0
0
0
0
0
0
0
0
0
0
0
0
0
0
0
0
0
0
0
0
0
0
0
0
0
0
0
0
0
0
0
0
0
0
0
0
0
0
0
0
0
0
0
0
0
0
0
0
0
0
0
0
0
0
0
0
0
0
0
0
0
0
0
0
0
0
0
0
0
0
0
0
0
0
0
0
17
764
5843
11305
11313
10249
9749
9455
9282
9290
9463
9298
9624
9571
9834
9996
9952
10230
10211
10289
10422
10515
10380
10309
10517
10590
10488
10501
10540
10335
10425
10283
10296
10121
10239
10049
10052
10085
10048
10073
9935
9806
9896
10103
9801
9808
9777
9810
9805
9683
9709
9658
9469
9676
9496
9579
9520
9630
9308
9572
9447
9404
9481
9257
9255
9332
9364
9269
9177
9054
9115
9064
9057
9038
9070
8938
8958
9071
9120
9132
9085
9138
8925
8971
8985
8951
8881
8879
8908
8852
9012
8870
8851
8906
8789
8689
8778
8724
8718
8716
8740
8780
8700
8612
8605
8632
8675
8672
8414
8512
8555
8588
8396
8585
8573
8536
8545
8558
8366
8573
8320
8301
8351
8372
8468
8383
8359
8335
8367
8308
8161
8335
8175
8383
8384
8237
8007
8201
8077
8114
8134
8412
8154
8194
8124
8120
8167
8048
8250
8148
8064
8071
7924
7978
8174
8015
7980
7875
8112
7972
8042
7891
7993
7812
7879
7942
7938
8068
7776
7908
7956
7866
7887
7868
7932
7823
7924
7819
7856
7887
7981
7780
7737
7893
7934
7842
7758
7795
7872
7780
7601
7721
7785
7788
7718
7893
7693
7690
7752
7753
7637
7733
7711
7522
7688
7685
7582
7535
7636
7753
7627
7751
7603
7579
7611
7707
7711
7686
7565
7611
7569
7607
7538
7555
7638
7498
7515
7464
7537
7542
7464
7614
7536
7597
7537
7339
7511
7362
7556
7450
7644
7461
7535
7646
7537
7487
7327
7384
7425
7353
7255
7364
7393
7325
7492
7478
7293
7364
7399
7478
7478
7373
7392
7210
7355
7364
7277
7239
7267
7359
7117
7195
7339
7204
7367
7364
7283
7271
7330
7169
7338
7340
7083
7240
7320
7284
7053
7006
7175
7206
7043
7100
7306
7110
7188
7215
7229
7209
7121
7259
7301
7223
7142
7171
7176
7116
7166
7038
7113
7266
7142
7170
7154
7143
7232
7109
7034
7147
7106
7121
7205
7037
7084
6989
7129
6993
7056
7083
7018
7029
7032
7141
6953
6998
7043
7094
7024
6878
6932
6929
7106
6916
7034
7016
7036
6950
6985
6903
6804
6918
6993
6930
7019
6889
7177
6974
6741
6740
6809
6894
6951
6952
6859
7121
6952
6862
7120
6784
6928
6914
6855
6842
7019
6880
6814
6874
6838
6744
6903
6853
6853
6977
6878
6871
6972
6758
6783
6842
6885
6865
6763
6858
6797
6853
6729
6723
6725
6703
6754
6819
6851
6969
6697
6760
6802
6717
6678
6557
6808
6694
6769
6858
6680
6598
6773
6766
6791
6787
6617
6800
6848
6788
6758
6716
6653
6802
6785
6667
6744
6660
6665
6759
6714
6660
6737
6770
6661
6668
6716
6577
6676
6713
6674
6786
6678
6666
6795
6622
6488
6603
6581
6525
6602
6543
6597
6667
6563
6735
6718
6619
6624
6607
6695
6553
6470
6496
6576
6708
6570
6587
6678
6530
6620
6511
6603
6508
6610
6485
6563
6562
6497
6606
6442
6475
6620
6579
6567
6621
6509
6567
6512
6595
6368
6595
6530
6521
6561
6527
6636
6585
6700
6573
6316
6301
6544
6571
6543
6609
6430
6509
6560
6449
6555
6574
6586
6551
6550
6705
6579
6486
6419
6468
6558
6461
6577
6566
6566
6477
6442
6508
6456
6506
6524
6488
6386
6421
6398
6625
6561
6393
6491
6415
6481
6512
6490
6567
6449
6436
6588
6617
6557
6365
6642
6496
6358
6612
6598
6499
6687
6585
6410
6460
6441
6441
6528
6504
6506
6626
6430
6465
6430
6566
6498
6498
6548
6565
6434
6560
6586
6459
6610
6582
6484
6564
6497
6563
6591
6513
6666
6587
6676
6429
6439
6432
6465
6415
6471
6554
6376
6447
6701
6396
6553
6509
6393
6575
6473
6617
6498
6470
6508
6543
6532
6498
6314
6497
6494
6525
6492
6656
6438
6447
6573
6501
6546
6348
6449
6463
6467
6473
6520
6427
6521
6557
6556
6465
6534
6456
6447
6533
6524
6586
6499
6535
6453
6417
6474
6537
6392
6448
6497
6561
6393
6462
6457
6530
6428
6397
6440
6514
6424
6328
6474
6613
6626
6620
6556
6591
6553
6467
6469
6549
6599
6668
6623
6548
6648
6605
6776
6563
6496
6818
6564
6764
6625
6736
6666
6614
6734
6831
6741
6737
6830
6744
6817
7011
6969
6950
6915
6809
6818
6905
6971
6877
6927
6847
7038
6768
6849
6818
6711
6817
6971
6772
6823
6787
6859
6889
6947
6938
7009
6778
6845
7114
7063
6892
6806
6988
7039
7124
7159
7110
7298
7215
7282
7397
7688
7862
7897
7880
7772
7775
7751
7678
7488
7542
7434
7395
7355
7277
7215
7217
7249
7087
7078
7039
6876
6887
6911
6939
6864
6738
6780
6657
6570
6554
6661
6670
6548
6363
6496
6511
6301
6253
6473
6411
6473
6416
6354
6361
6120
6311
6301
6302
6402
6370
6323
6349
6306
6163
6223
6346
6307
6322
6343
6317
6214
6352
6341
6397
6383
6417
6481
6309
6298
6388
6252
6355
6414
6350
6422
6246
6396
6271
6250
6505
6294
6359
6471
6350
6249
6368
6338
6440
6295
6304
6394
6322
6407
6447
6420
6370
6427
6645
6331
6460
6667
6443
6416
6593
6445
6367
6473
6297
6500
6381
6401
6422
6451
6549
6431
6688
6562
6654
6426
6725
6583
6483
6618
6631
6632
6643
6722
6540
6506
6698
6593
6621
6570
6643
6718
6612
6696
6598
6580
6563
6733
6832
6667
6705
6724
6738
6782
6693
6845
6700
6671
6665
6768
6860
6840
6779
6686
6752
6819
6754
6986
6749
6895
6840
6703
6927
6765
6809
6832
6825
6900
6816
6932
6816
6934
6974
6883
6917
6991
6963
6894
6964
7020
6849
7040
6980
6906
6939
6965
6997
7078
6926
7123
6961
7087
7149
7114
6996
7287
6957
7155
7179
7054
7149
6975
7041
7218
7187
7130
7153
7169
7306
7302
7175
7205
7220
7256
7169
7129
7204
7262
7095
7234
7266
7191
7215
7270
7272
7276
7262
7373
7250
7274
7157
7376
7327
7397
7240
7304
7381
7329
7404
7272
7534
7155
7584
7554
7408
7381
7428
7504
7473
7406
7473
7525
7401
7567
7462
7355
7511
7438
7429
7540
7500
7390
7374
7389
7667
7597
7564
7524
7613
7470
7549
7634
7589
7783
7632
7606
7674
7556
7639
7703
7651
7711
7576
7805
7825
7756
7710
7685
7699
7724
7617
7737
7764
7712
7765
7836
7717
7698
7787
7809
7843
7687
7707
7805
7699
7921
7755
7755
7790
7692
7918
7865
7732
7952
7897
7694
7874
7787
7735
7793
7746
7887
7825
8003
7873
7818
7812
7931
7822
8028
7913
7948
7834
7817
7839
7911
7933
7920
7773
7933
8008
7906
8020
8157
8022
7979
7884
8077
7899
8117
8085
8067
7998
7969
8178
8062
8009
7898
8202
8086
8158
8053
8124
8093
8098
8065
7894
8214
8104
8306
8233
8178
8143
8283
8152
8050
8234
8314
8298
8154
8146
8224
8215
8068
8259
8195
8281
8182
8289
8207
8191
8284
8191
8222
8219
8208
8270
8396
8410
8261
8283
8275
8364
8178
8253
8432
8214
8415
8449
8221
8166
8314
8336
8305
8349
8339
8496
8334
8470
8339
8582
8411
8364
8430
8370
8322
8431
8363
8564
8308
8580
8693
8478
8207
8443
8492
8536
8341
8495
8406
8498
8461
8500
8584
8449
8447
8620
8546
8463
8618
8595
8610
8753
8705
8663
8600
8521
8462
8687
8695
8527
8562
8579
8810
8716
8556
8686
8532
8770
8621
8839
8628
8860
8807
8643
8714
8717
8578
8638
8724
8667
8756
8722
8918
8647
8713
8654
8601
8728
8748
8793
8694
8664
8728
8953
8843
8793
8854
8706
8809
8777
8627
8714
8828
8813
8866
8743
8926
8805
8873
8819
8969
8883
8858
8919
8902
8928
8881
8965
8971
8899
9041
9016
9170
9121
8991
9070
8946
9109
9034
9079
9021
8934
8963
8947
9176
9111
9176
9192
9140
9043
9128
9057
9351
9189
9191
9175
9204
9105
9253
9411
9338
9196
9255
9347
9091
9223
9277
9326
9088
9465
9232
9384
9406
9266
9310
9306
9374
9519
9310
9464
9363
9251
9235
9268
9417
9269
9413
9280
9525
9457
9444
9539
9415
9387
9596
9519
9552
9505
9285
9697
9573
9569
9619
9530
9505
9624
9475
9502
9524
9672
9523
9603
9689
9625
9490
9594
9528
9699
9694
9579
9611
9741
9835
9748
9822
9889
9809
9568
9831
9720
9879
9780
9774
9776
9994
9861
9821
9739
9858
9799
9787
9707
9911
9782
9741
9902
9717
9867
9981
9748
10048
9668
10042
10078
9910
9853
9889
9945
9886
9927
9816
10022
10086
10041
9794
9962
9942
9873
10157
9983
10111
10053
9947
10158
10009
10325
9984
10021
10207
10093
10152
10183
9928
10038
10327
10220
10228
10256
10245
10243
10216
10341
10223
10123
10085
10392
9997
10204
10281
10278
10400
10300
10361
10302
10430
10459
10454
10403
10528
10405
10487
10481
10493
10413
10565
10592
10462
10500
10719
10530
10554
10542
10636
10605
10555
10544
10745
10639
10356
10849
10777
10701
10809
10582
10874
10615
10557
10801
11007
10743
10918
10892
10684
10541
10892
10852
10782
10868
10805
10592
10899
10571
10806
10600
10985
10684
10832
10909
10754
10978
10961
10895
10724
10768
10884
10935
10984
10891
10822
11090
10856
11076
11052
10928
10929
10878
10905
11037
11032
11144
10844
11118
11008
11089
11076
11162
11061
10962
11167
11067
11029
11156
11100
11157
11184
11152
11042
11151
11211
11149
11273
11203
11253
11197
11131
10994
11138
11140
11141
11017
11054
11024
10990
11144
11095
11072
10947
11142
11143
11066
11015
11071
11045
10855
11181
11032
11069
10942
10974
11023
11230
11358
11385
11519
11315
11611
11273
11586
11534
11379
11333
11607
11501
11284
11449
11299
11250
11135
11282
11093
10908
11127
11081
11214
10942
10926
11048
10685
10770
10850
10649
10589
10835
10600
10601
10757
10602
10663
10619
10365
10316
10508
10548
10338
10448
10255
10342
10286
10562
10381
10121
10285
10303
10188
10214
10264
10332
10265
10080
10313
10290
10254
10239
10131
10372
10062
10223
10218
10227
9995
10246
10233
9996
10047
10023
10144
10070
9989
10220
10149
10129
9971
10165
10121
9990
10065
9835
10124
9939
10078
9966
9817
10089
10110
9830
9986
9892
9951
9830
9869
9893
9809
9976
9811
9871
9921
9807
9742
9639
9875
9753
9965
9708
9918
9741
9787
9971
9750
9700
9742
9868
9807
9903
9763
9790
9931
9775
9831
9887
9663
9628
9760
9750
9546
9618
9757
9670
9685
9840
9702
9714
9665
9751
9617
9891
9664
9645
9601
9671
9649
9446
9533
9572
9671
9749
9594
9648
9314
9559
9574
9547
9604
9640
9585
9658
9549
9665
9507
9546
9349
9415
9470
9525
9472
9453
9544
9448
9459
9501
9487
9509
9477
9450
9495
9495
9500
9374
9437
9352
9689
9448
9511
9400
9205
9467
9564
9414
9457
9300
9432
9305
9347
9486
9365
9294
9262
9400
9492
9310
9289
9401
9178
9470
9369
9170
9355
9367
9177
9388
9397
9267
9484
9230
9214
9358
9421
9304
9272
9262
9254
9289
9243
9305
9290
9299
9166
9245
9206
9207
9323
9126
9181
9192
9082
9182
9348
9199
9252
9144
9197
9263
9289
9190
9108
9233
9298
9180
9215
9230
9042
9264
9232
9100
9189
9117
9320
9097
9113
9105
9089
9150
9164
9052
8947
9223
9188
9244
9148
8954
9207
9149
8948
9170
9042
8972
9112
9132
9024
9176
8983
9035
9023
8975
9163
9317
8946
9003
9094
9057
9098
9160
8927
8753
8901
8974
8992
9011
8951
8900
8854
8926
9018
9023
8962
9061
8782
9130
9008
9000
8930
8807
8946
8739
8858
8746
8827
8824
8875
8672
8907
9066
8971
8898
8796
8859
8990
8909
8913
8836
8957
8921
8992
8927
8771
9030
8845
8921
8815
8811
8885
8773
8855
8739
8824
8688
8799
8490
8766
8791
8626
8879
8710
8685
8835
8882
8934
8710
8809
8670
8805
8674
8688
8822
8804
8609
8902
8648
8598
8622
8745
8953
8755
8760
8503
8733
8499
8621
8662
8443
8564
8582
8801
8626
8642
8563
8449
8691
8615
8545
8567
8646
8572
8775
8514
8617
8717
8505
8700
8494
8634
8612
8567
8527
8470
8491
8557
8622
8377
8438
8569
8568
8347
8452
8414
8436
8495
8368
8430
8409
8440
8514
8493
8291
8435
8513
8422
8265
8250
8328
8294
8277
8156
8444
8256
8204
8086
8101
8367
8161
8176
8159
8235
8289
8128
8052
8220
8119
7906
8125
7969
8050
7895
7929
8178
8023
7997
8010
7990
7898
7819
7952
7780
7828
7935
7773
7850
7856
7739
7639
7819
7656
7597
7613
7626
7523
7747
7573
7760
7659
7545
7623
7527
7398
7474
7607
7481
7462
7373
7491
7418
7498
7439
7472
7389
7180
7209
7158
7205
7182
7090
7098
7242
7138
7137
7086
7129
7163
7037
6999
7191
7090
7122
7088
6895
7016
6989
6974
6911
6900
7048
6871
6781
6714
6906
6759
6806
6826
6981
6936
6740
6822
6660
6784
6765
6765
6751
6747
6747
6749
6700
6707
6729
6718
6622
6796
6688
6531
6592
6623
6623
6591
6517
6454
6591
6545
6691
6447
6516
6583
6533
6496
6439
6594
6506
6391
6398
6519
6498
6524
6564
6644
6369
6502
6460
6603
6522
6449
6457
6423
6553
6445
6507
6435
6485
6368
6369
6271
6451
6611
6339
6293
6427
6433
6467
6445
6561
6486
6588
6376
6429
6573
6574
6539
6428
6379
6470
6524
6407
6431
6577
6543
6581
6571
6423
6560
6444
6525
6538
6365
6317
6441
6436
6494
6316
6335
6549
6323
6502
6551
6488
6492
6411
6496
6379
6526
6315
6455
6463
6475
6644
6487
6529
6375
6606
6739
6736
6560
6873
6573
6751
6669
6619
6760
6678
6520
6652
6586
6503
6474
6502
6559
6306
6474
6296
6350
6239
6378
6200
6155
6067
6203
6180
6169
6159
6002
5983
6017
5866
5996
5901
5917
5894
5968
5806
5825
5870
5832
5764
5919
5852
5756
5697
5722
5714
5824
5835
5698
5867
5699
5758
5642
5714
5696
5706
5775
5779
5678
5660
5667
5644
5663
5692
5672
5622
5636
5613
5690
5626
5485
5622
5583
5523
5617
5729
5543
5554
5639
5500
5553
5625
5568
5486
5477
5608
5323
5512
5417
5501
5578
5498
5429
5559
5464
5410
5460
5400
5363
5558
5513
5321
5525
5468
5372
5478
5498
5330
5338
5415
5329
5383
5311
5317
5396
5409
5210
5440
5325
5424
5339
5212
5302
5345
5372
5228
5419
5267
5268
5406
5293
5319
5321
5356
5255
5333
5237
5188
5279
5177
5346
5270
5139
5158
5261
5247
5372
5112
5183
5208
5265
5507
5191
5238
5292
5176
5343
5253
5185
5335
5128
5202
5193
5214
5180
5087
5202
5145
5099
5090
5071
5168
5133
5136
5278
5157
5168
5043
5121
5169
5119
5069
5091
5214
4993
5091
4936
5144
5048
5076
4945
5090
5039
4932
5084
4978
5156
5115
5059
5093
5077
5068
5105
5040
5190
4964
4916
5047
5103
5018
4924
4898
4905
5026
4952
5066
4929
4988
4992
5021
4916
5052
4951
4925
4972
5024
4970
5008
4964
5016
4846
4922
4907
4813
4891
4894
4959
4813
4975
4874
4895
4868
4818
4803
4811
4850
4890
4806
4878
4934
5012
4789
4801
4850
4942
4825
4793
4773
4884
4876
4868
4742
4804
4769
4825
4923
4743
4829
4880
4812
4838
4832
4830
4883
4804
4780
4766
4817
4809
4764
4809
4890
4852
4682
4756
4766
4786
4736
4850
4726
4836
4921
4781
4632
4800
4657
4823
4719
4688
4761
4611
4739
4669
4720
4690
4595
4702
4767
4596
4710
4605
4690
4661
4597
4654
4716
4751
4658
4678
4667
4691
4810
4733
4592
4633
4596
4640
4641
4654
4693
4671
4699
4692
4590
4621
4644
4721
4589
4615
4618
4586
4680
4634
4663
4537
4647
4548
4596
4655
4627
4615
4535
4577
4735
4599
4599
4561
4454
4630
4610
4533
4615
4527
4551
4664
4553
4569
4615
4407
4655
4618
4617
4512
4549
4569
4529
4585
4513
4402
4392
4620
4500
4521
4633
4490
4583
4395
4579
4539
4604
4432
4568
4483
4562
4531
4539
4568
4532
4479
4394
4466
4560
4603
4461
4454
4449
4507
4345
4491
4374
4505
4476
4331
4476
4409
4389
4472
4558
4491
4528
4324
4508
4551
4423
4486
4340
4505
4467
4373
4419
4358
4446
4405
4412
4543
4519
4277
4509
4441
4472
4376
4259
4373
4504
4353
4465
4370
4376
4315
4352
4474
4421
4350
4484
4350
4473
4286
4497
4490
4256
4415
4399
4342
4426
4450
4358
4454
4358
4336
4441
4486
4413
4548
4577
4461
4589
4771
4688
4689
4804
4793
4734
4786
5006
5052
5065
5260
5330
5414
5254
5657
5674
5728
5756
5992
6257
6245
6440
6356
6532
6804
6877
6800
6967
7125
6990
7318
7356
7503
7729
7692
7664
7847
7976
7976
8018
8135
8221
8150
8027
8314
8286
8413
8371
8393
8415
8501
8529
8545
8632
8623
8499
8577
8894
8773
8787
8912
9028
9344
9461
9884
9845
10288
10602
11008
11503
11989
12444
12831
13244
13563
13723
13942
14127
14077
13791
13653
13152
13097
12852
12525
12154
11752
11417
11280
10982
10454
10139
9350
9204
9018
8906
8327
8162
7903
7441
7254
6759
6838
6520
6118
6050
5687
5738
5383
5352
5277
5029
4992
4716
4758
4691
4489
4413
4405
4480
4182
4146
4237
4046
4119
4013
4062
3922
4075
3990
3876
3924
3858
3982
3846
3942
3815
3852
3831
3809
3819
3887
3876
3819
3858
3906
3780
3834
3835
3787
3636
3793
3786
3758
3817
3657
3817
3788
3839
3774
3817
3803
3793
3826
3759
3783
3783
3768
3848
3666
3757
3791
3835
3843
3788
3699
3852
3833
3921
3734
3769
3789
3781
3892
3755
3835
3730
3731
3718
3817
3689
3837
3701
3786
3774
3769
3776
3760
3790
3915
3898
3747
3763
3679
3747
3809
3737
3865
3780
3692
3764
3740
3749
3843
3719
3685
3784
3769
3803
3989
3798
3715
3763
3818
3813
3763
3706
3766
3716
3783
3841
3754
3778
3865
3820
3809
3801
3733
3779
3855
3701
3953
3778
3694
3758
3833
3912
3811
3768
3800
3850
3866
3833
3710
3690
3770
3779
3768
3777
3840
3877
3858
3791
3745
3715
3809
3949
3791
4010
4017
3932
4050
4244
4234
4259
4497
4487
4484
4814
4878
5157
5295
5386
5654
5868
6004
6206
6432
6671
6780
7154
7295
7511
7818
8276
8283
8804
9102
9362
9566
9516
10061
10270
10400
10755
11119
11327
11459
11536
11960
12062
12532
12484
12715
12663
12939
12789
13079
13371
13467
13490
13602
13766
13878
13803
13918
13944
14080
14376
14288
14346
14672
14783
14848
15149
15922
15761
16253
16872
17258
18118
18674
19637
20562
21509
22455
23650
24260
24941
25643
26395
26810
26154
26372
25966
25780
25146
24602
23956
23203
22272
21763
20797
19737
19421
18334
17444
16433
15913
14963
14024
13363
12541
11749
11283
10535
9987
9393
9007
8505
7867
7661
7054
6796
6327
5954
5566
5416
5030
4962
4686
4380
4333
4134
4021
3780
3737
3588
3576
3397
3357
3304
3303
3139
3031
3080
2943
2948
2850
3012
3033
3021
2928
2890
2915
2880
2839
2790
2781
2929
2786
2835
2882
2767
2886
2754
2806
2835
2773
2887
2842
2782
2767
2728
2771
2711
2865
2768
2846
2871
2859
2774
2731
2679
2837
2867
2713
2776
2770
2706
2710
2731
2643
2742
2816
2792
2641
2693
2784
2701
2760
2827
2844
2791
2706
2721
2787
2794
2757
2755
2705
2711
2636
2716
2748
2876
2756
2712
2745
2657
2798
2751
2738
2806
2613
2706
2732
2692
2657
2833
2703
2666
2738
2701
2686
2727
2666
2664
2708
2688
2658
2738
2675
2579
2718
2673
2623
2672
2663
2569
2738
2744
2648
2676
2733
2731
2641
2749
2630
2678
2755
2697
2650
2581
2611
2658
2651
2719
2715
2691
2626
2646
2773
2551
2634
2630
2657
2720
2724
2660
2598
2697
2667
2740
2744
2664
2741
2708
2700
2622
2592
2631
2589
2661
2678
2632
2744
2612
2613
2630
2548
2669
2744
2574
2629
2685
2593
2712
2584
2623
2583
2693
2583
2630
2602
2634
2697
2596
2545
2634
2617
2600
2647
2494
2672
2552
2612
2561
2619
2599
2691
2606
2652
2620
2685
2700
2635
2636
2620
2540
2689
2575
2723
2699
2524
2601
2570
2588
2653
2639
2576
2552
2649
2668
2576
2597
2655
2610
2598
2541
2673
2634
2614
2616
2627
2624
2660
2482
2592
2563
2582
2593
2600
2570
2503
2561
2620
2681
2469
2572
2648
2636
2648
2609
2605
2580
2469
2585
2610
2508
2639
2723
2719
2549
2612
2543
2567
2535
2607
2570
2585
2479
2604
2611
2535
2592
2548
2549
2562
2545
2594
2576
2564
2672
2519
2657
2544
2596
2569
2557
2508
2537
2604
2589
2534
2563
2554
2652
2612
2473
2548
2620
2642
2576
2654
2559
2621
2594
2567
2642
2638
2529
2585
2550
2577
2596
2626
2499
2545
2607
2608
2540
2558
2588
2567
2662
2573
2463
2575
2563
2556
2545
2616
2563
2594
2532
2678
2544
2470
2471
2488
2734
2595
2550
2475
2572
2608
2604
2475
2612
2601
2527
2563
2558
2574
2568
2570
2589
2578
2647
2510
2502
2610
2558
2601
2583
2689
2577
2530
2597
2595
2577
2560
2484
2635
2482
2540
2636
2580
2606
2588
2704
2612
2700
2660
2646
2596
2559
2663
2489
2703
2711
2570
2621
2611
2679
2613
2615
2600
2651
2675
2722
2676
2645
2651
2664
2648
2632
2620
2699
2661
2632
2749
2649
2731
2732
2713
2802
2711
2882
2849
2873
2866
2866
2955
3084
3062
3031
3242
3381
3418
3651
3774
3849
4143
4363
4621
4863
5368
5542
6027
6410
6887
7281
8016
8524
9041
9656
10227
10962
11655
12183
13110
13956
14645
15172
16062
17155
17846
18712
19162
20199
21060
21899
22566
23312
24063
24725
25587
26117
26879
27465
28196
28510
29381
29695
30210
30640
30884
31734
31982
32336
32889
33109
32976
33898
34235
34137
34703
35018
35324
35719
36151
36809
37048
37978
38829
39417
40894
42334
43542
45338
47260
49175
51507
54126
56591
58563
61495
63204
65168
66115
67224
67488
67855
68169
67092
66073
64411
62686
61290
59674
57531
54560
53077
51099
48298
45293
43114
41202
39100
36127
33974
31766
29415
27491
25589
23584
21898
20159
18275
17258
15687
14483
13149
12254
10955
9872
9086
8226
7514
6748
6160
5530
5142
4590
4049
3864
3491
3242
2976
2664
2369
2219
2011
1877
1741
1655
1616
1510
1406
1276
1228
1173
1131
1093
1084
1038
949
913
959
976
918
880
830
787
808
824
824
793
765
767
788
736
766
780
775
777
734
752
688
758
714
659
688
693
671
760
692
714
702
721
693
665
651
638
661
696
696
694
653
675
654
661
672
624
682
636
661
682
684
656
627
670
678
618
651
664
655
695
655
620
680
651
663
621
642
618
663
616
669
614
644
657
614
634
609
607
615
689
590
658
659
628
605
655
637
615
642
613
644
653
629
598
585
610
675
596
608
619
611
595
607
589
644
618
663
659
607
585
575
562
585
567
654
622
598
551
586
611
596
571
630
653
647
579
636
629
637
629
609
675
633
646
679
675
620
708
671
733
722
718
749
787
830
880
947
960
1013
1067
1112
1182
1237
1252
1331
1399
1556
1687
1692
1843
1911
1953
2125
2271
2363
2364
2496
2641
2651
2819
2899
3065
3256
3159
3378
3412
3576
3600
3690
3784
3967
3973
4081
4290
4182
4326
4431
4391
4410
4431
4712
4712
4712
4751
4933
4910
4997
4856
5003
5105
5186
5239
5254
5380
5357
5721
5770
5704
6046
6196
6374
6703
6892
7023
7426
7821
8052
8339
8696
8918
9152
9261
9213
9092
9180
8976
8804
8657
8734
8348
7900
7813
7439
7319
6918
6525
6550
5902
5627
5290
5090
4736
4428
4192
3835
3643
3485
3160
3004
2704
2526
2394
2117
2075
1762
1698
1579
1462
1303
1213
1141
1053
954
946
856
795
754
660
622
621
589
553
507
513
481
491
433
441
430
393
389
356
402
365
332
390
330
327
331
346
314
318
343
327
332
326
318
310
340
291
290
326
319
279
317
288
300
290
298
295
273
319
278
301
281
306
268
285
281
299
286
283
295
275
292
265
284
304
270
307
318
286
265
288
269
278
289
277
309
284
274
314
287
267
296
284
282
287
258
302
275
285
275
265
275
283
258
269
302
292
285
296
288
279
300
290
276
275
271
264
263
272
291
283
265
266
314
253
272
257
276
276
256
257
293
268
255
274
255
304
289
280
248
240
262
258
261
280
290
271
267
278
251
259
266
269
253
250
249
267
260
281
254
235
280
265
254
255
233
245
238
264
269
294
243
266
308
246
244
264
250
243
272
243
261
239
289
259
249
238
233
256
264
263
243
267
249
229
258
220
243
260
273
271
242
251
235
235
236
249
255
253
233
239
262
253
253
260
251
252
256
271
224
216
243
240
237
241
216
257
223
273
246
252
265
236
230
247
210
247
238
249
246
237
229
218
234
224
240
250
268
220
242
249
249
277
223
222
248
265
251
238
263
220
234
255
240
232
244
230
218
237
261
225
248
255
234
250
241
209
239
229
227
231
219
218
233
229
230
233
218
221
217
258
250
251
210
235
216
244
223
207
221
227
232
220
219
247
247
236
193
228
225
219
257
241
226
207
233
234
219
227
219
215
227
225
218
209
234
245
182
243
216
231
241
234
204
228
217
222
229
243
226
234
213
227
208
197
248
185
235
227
223
251
211
210
217
232
236
230
223
216
215
218
228
217
237
197
221
208
245
194
235
221
211
242
219
210
202
203
231
196
216
232
202
206
210
215
216
245
226
192
214
216
217
200
215
217
215
216
205
205
219
208
239
221
212
223
183
205
203
218
204
228
214
209
225
231
206
185
227
200
262
203
218
199
218
214
207
210
210
231
207
219
204
195
204
222
199
231
184
189
227
200
225
224
220
234
176
230
211
222
230
205
223
201
189
218
194
206
205
211
190
194
197
209
207
219
208
222
210
202
179
202
204
209
211
205
184
202
222
207
197
211
221
194
195
196
203
195
218
216
213
244
190
209
204
232
191
221
203
198
223
203
173
227
196
204
216
194
207
214
231
209
196
220
231
195
206
199
220
208
194
196
229
179
203
207
208
185
215
195
201
228
174
211
197
171
194
224
176
194
204
195
192
178
199
203
184
198
177
202
188
186
193
207
199
186
198
190
200
191
168
174
190
175
182
208
170
192
199
201
163
182
182
199
156
185
167
169
194
162
191
179
171
175
185
161
180
186
165
199
193
181
205
197
185
181
184
181
171
192
172
179
180
170
183
188
186
179
187
194
180
166
195
184
187
161
191
193
185
183
164
167
189
200
206
164
180
168
176
181
170
172
169
178
193
175
147
163
183
176
179
160
185
162
160
188
168
170
156
182
182
174
170
166
167
147
182
165
167
192
170
170
158
180
165
183
170
167
159
159
184
170
150
183
176
185
193
197
186
184
189
179
178
189
191
155
166
176
209
194
178
161
166
178
166
155
175
163
164
200
167
160
164
164
163
165
147
176
171
148
152
160
175
174
174
192
173
159
165
177
169
160
180
174
162
177
183
157
169
153
174
166
155
189
177
170
166
189
151
180
152
170
170
174
151
157
152
156
154
165
171
155
154
151
172
161
182
175
147
161
173
145
162
169
166
154
151
155
142
171
155
149
138
180
159
145
192
156
153
182
151
158
164
175
143
189
176
141
178
145
176
147
169
160
137
161
154
174
145
150
184
148
141
166
167
173
143
170
161
174
168
160
173
149
139
173
155
150
168
161
155
159
147
143
158
142
160
158
153
141
181
148
153
158
151
158
130
137
136
153
142
137
158
153
157
152
161
151
139
147
136
135
161
141
154
148
162
138
146
142
147
163
151
169
150
161
152
164
161
150
136
143
164
146
138
146
125
145
131
165
130
123
153
175
156
143
117
161
136
142
135
146
131
147
158
134
160
137
148
175
149
128
144
140
152
150
125
134
151
151
167
134
142
135
134
132
142
123
145
153
142
152
161
151
145
140
168
157
137
131
146
163
156
140
139
134
147
138
148
142
179
117
149
140
141
127
123
133
130
137
133
129
165
154
122
135
138
142
142
141
131
145
148
134
153
135
141
139
121
136
134
120
141
129
141
143
130
140
142
138
149
131
142
128
153
129
153
136
129
154
137
125
132
136
139
155
138
130
151
111
131
122
126
116
115
126
120
143
131
139
139
147
124
132
130
114
146
136
143
118
136
116
135
140
144
125
151
134
126
118
130
147
156
144
140
151
125
137
145
133
140
121
118
113
118
131
134
137
135
125
157
148
140
133
125
130
131
136
131
128
143
154
134
141
121
130
136
122
135
119
130
120
131
115
139
122
116
123
132
134
158
143
124
145
125
130
112
145
127
115
114
116
126
126
134
117
132
137
150
127
120
107
107
121
129
123
145
126
133
108
125
123
129
155
129
120
123
130
118
152
148
107
133
128
128
126
125
133
125
123
139
125
102
136
138
138
130
126
130
133
131
138
126
126
126
134
115
120
112
130
119
121
140
136
106
137
126
126
107
119
124
102
133
112
108
128
116
126
130
128
119
153
131
124
132
116
121
120
114
134
113
133
113
122
126
129
117
135
115
111
129
137
118
109
123
98
125
123
108
107
121
116
118
106
124
133
125
135
132
110
132
100
115
132
118
110
114
116
99
115
107
116
131
118
120
117
152
130
93
130
113
119
112
119
134
124
136
124
107
95
125
136
125
114
123
110
145
121
127
135
146
129
129
134
118
121
110
98
115
123
109
121
134
130
119
126
125
138
105
120
114
91
123
118
117
117
135
118
133
126
113
132
119
126
125
125
129
129
107
131
125
110
122
117
109
115
125
138
143
117
122
116
131
102
121
127
134
93
103
107
107
110
106
103
109
101
116
98
110
117
114
116
109
109
110
123
104
105
104
88
109
107
120
96
106
91
92
93
110
114
112
111
94
102
110
85
112
106
108
100
126
93
95
107
113
102
98
100
88
110
111
100
84
107
89
109
110
99
84
81
113
105
95
94
101
109
126
85
118
104
111
111
96
89
109
127
105
96
113
110
97
96
118
110
93
78
116
99
96
97
85
100
102
98
108
101
100
93
93
81
104
109
105
100
123
94
109
91
92
102
102
85
95
102
100
111
92
89
98
97
96
98
108
100
93
110
91
98
109
91
98
81
96
108
97
83
98
101
100
91
89
81
88
95
104
85
90
74
104
92
83
97
108
92
91
106
90
98
103
101
100
94
87
102
115
92
95
78
89
84
88
105
102
96
116
90
85
108
83
102
97
73
79
82
84
102
85
89
88
82
117
92
77
88
84
104
87
85
91
106
99
107
99
90
85
82
83
92
88
91
80
87
105
87
88
86
120
90
85
82
83
85
83
76
86
88
103
96
91
93
91
101
89
84
84
82
95
102
86
100
83
81
76
92
77
75
77
88
85
86
88
89
88
92
92
71
85
99
80
82
79
94
79
92
94
90
87
87
96
85
96
98
86
75
90
102
84
93
89
81
79
86
86
89
80
83
90
91
66
86
77
86
98
86
83
96
83
79
74
78
65
93
88
70
66
85
89
80
77
78
104
97
78
80
75
84
100
84
86
83
74
83
93
79
71
80
87
79
82
72
79
82
80
82
68
76
73
88
77
85
70
79
76
78
77
84
83
97
69
70
73
80
83
78
76
98
81
79
63
69
77
89
83
89
83
80
63
72
71
73
74
74
88
71
78
88
65
107
79
77
76
86
86
67
78
88
74
84
81
65
84
85
68
70
77
98
75
97
78
85
75
64
70
79
83
76
78
79
73
75
61
53
65
80
61
65
72
73
69
73
69
86
72
91
74
77
96
68
59
73
82
72
59
74
80
65
78
67
74
52
76
62
66
73
66
84
55
86
70
77
64
87
87
79
71
76
65
61
62
73
66
83
69
77
69
71
62
85
74
87
76
87
79
73
67
73
68
84
71
76
82
63
66
65
63
69
70
64
78
79
59
61
74
68
65
71
64
81
65
72
80
53
79
73
60
72
60
65
58
68
58
69
73
63
63
72
80
69
57
69
71
66
60
88
77
74
68
62
55
64
74
65
68
80
84
73
70
73
74
54
58
74
60
54
53
64
65
61
57
78
66
39
80
68
60
66
67
55
63
87
67
71
48
49
88
82
72
60
59
77
65
71
60
59
62
65
52
69
68
62
70
80
67
84
60
68
87
69
72
66
74
68
69
65
61
64
69
64
70
54
81
63
65
69
63
53
55
72
68
66
61
67
73
60
85
69
59
63
70
67
47
56
76
66
71
57
69
63
71
68
68
63
73
71
64
66
58
56
72
71
63
50
58
69
64
62
55
67
56
62
52
69
57
63
70
60
58
64
66
60
64
65
67
68
55
64
69
50
66
67
63
66
58
73
54
55
62
70
72
67
62
68
57
77
68
70
69
66
77
68
59
65
69
59
71
54
63
61
71
69
51
79
50
61
55
59
77
60
58
70
55
70
71
62
55
56
65
72
64
67
57
55
60
72
65
70
84
58
56
67
73
59
65
54
71
68
53
61
65
54
63
66
61
51
62
68
46
67
52
77
64
65
50
60
57
54
44
64
61
51
57
51
50
78
62
57
60
46
66
56
60
66
53
58
59
49
44
46
51
59
56
56
60
41
54
40
45
48
51
50
59
42
55
54
55
54
59
62
45
50
53
53
43
46
56
42
47
46
46
53
41
44
47
65
50
62
56
49
43
52
48
43
66
59
48
43
54
59
47
49
50
54
51
50
64
43
50
48
39
56
44
43
49
65
45
73
52
44
57
42
60
50
61
43
62
43
47
53
51
61
50
62
60
46
62
53
50
64
51
52
53
57
41
59
51
64
56
39
55
46
54
46
52
53
50
36
47
57
44
47
46
59
58
56
38
52
67
43
50
45
62
43
53
43
52
50
59
48
46
53
41
50
60
54
60
61
47
37
47
43
40
42
46
53
55
51
58
54
50
46
65
41
59
44
56
44
61
55
58
51
62
45
47
67
62
62
52
51
49
55
48
63
70
54
61
61
46
65
63
49
50
61
68
49
72
65
56
61
58
62
56
61
66
58
62
64
73
67
53
64
52
60
71
66
63
54
68
52
57
70
78
71
71
63
78
77
61
65
66
62
68
65
79
74
60
61
66
63
64
64
64
56
56
65
50
55
64
46
58
52
52
46
60
54
60
47
44
50
48
48
55
45
48
41
39
52
49
44
48
52
57
43
39
46
45
38
39
48
35
44
47
47
46
46
35
35
43
41
44
38
31
45
45
39
40
44
44
58
42
38
44
29
51
27
59
58
42
46
35
53
46
43
33
54
42
49
47
40
58
34
47
48
49
44
44
37
47
48
42
38
49
44
37
31
39
37
44
46
43
36
47
47
50
32
45
42
31
34
34
44
37
46
43
41
42
40
47
48
35
50
38
38
29
44
40
35
37
51
31
51
42
40
44
58
43
48
44
38
39
37
40
39
49
47
41
45
48
51
36
36
35
51
41
42
46
55
46
28
28
46
47
52
47
30
44
40
43
36
47
51
51
42
44
41
44
53
47
28
38
34
41
30
26
48
47
40
40
36
45
42
40
33
38
46
44
50
48
33
53
43
40
38
43
42
37
40
51
39
49
37
40
42
42
42
45
55
37
48
33
27
48
38
52
37
37
53
38
42
39
40
49
37
46
44
49
39
33
41
41
41
37
39
43
38
35
36
31
35
38
37
39
39
44
32
28
43
35
31
25
41
26
35
35
33
35
31
49
34
33
32
39
44
33
43
36
39
34
28
32
45
30
41
34
33
39
38
33
41
39
38
28
23
47
40
46
45
40
35
31
36
31
36
35
32
39
42
37
40
41
37
27
38
25
34
38
27
30
45
33
36
32
36
33
31
38
35
31
37
43
36
42
41
42
34
42
22
39
34
29
32
36
39
24
47
37
37
43
32
41
29
27
44
31
39
30
29
26
36
45
37
35
44
42
32
28
27
39
31
47
35
37
27
41
22
39
26
33
27
31
36
30
28
38
35
41
29
36
38
34
37
28
48
40
30
30
42
42
38
36
33
35
49
39
35
43
39
32
40
35
32
30
32
27
33
34
44
41
40
39
36
27
33
40
33
42
24
35
29
35
39
33
41
32
31
35
38
38
34
37
32
43
41
38
33
27
36
38
29
36
26
42
27
29
36
36
26
39
30
45
27
42
38
52
41
49
44
42
39
42
46
39
42
34
45
48
46
40
35
41
39
36
38
32
41
53
38
51
42
36
36
28
27
38
40
26
35
31
38
24
40
48
42
47
33
26
47
32
32
38
31
29
36
31
35
38
45
37
32
26
27
25
50
29
27
29
23
20
21
46
30
35
24
30
41
26
27
31
21
39
23
25
24
29
30
29
31
29
23
24
28
24
23
19
21
15
28
26
22
30
24
28
39
29
26
24
22
24
24
21
26
19
20
13
18
32
16
20
19
32
26
27
21
20
22
16
25
27
23
27
23
25
22
21
24
23
21
15
26
22
28
27
31
20
20
24
27
28
26
18
27
33
22
25
37
22
16
26
28
31
19
23
31
25
31
28
30
25
32
20
27
26
28
24
29
22
25
36
16
22
25
34
25
12
26
24
21
27
25
31
21
21
22
24
26
28
24
21
33
26
19
26
23
34
21
23
20
27
21
26
19
23
26
23
18
33
20
22
30
22
25
21
21
24
22
16
28
25
25
21
26
23
21
21
19
21
23
19
17
17
19
24
28
30
30
22
15
28
24
22
29
23
22
15
23
23
25
24
19
26
17
23
22
22
27
26
25
19
20
23
28
26
21
23
25
18
17
19
25
26
21
34
19
24
19
18
26
24
22
34
19
23
20
18
21
20
30
27
24
25
29
26
27
27
23
20
21
27
18
15
25
30
23
37
25
24
31
20
26
18
20
24
20
28
22
23
21
20
21
30
22
25
21
23
22
29
31
21
22
31
27
23
22
29
26
20
25
24
20
21
26
20
17
15
22
24
24
26
24
22
17
18
24
21
22
26
25
28
21
26
25
21
18
24
19
23
23
16
26
25
25
24
22
25
25
17
13
20
21
22
15
27
21
20
22
14
13
25
17
21
26
27
19
27
13
33
22
19
29
18
20
20
12
24
24
14
35
27
21
22
29
22
21
26
16
25
24
24
22
20
23
26
23
16
20
25
26
22
19
17
22
18
22
28
26
28
21
20
21
24
19
27
24
22
20
18
32
28
19
17
22
25
21
31
26
20
29
27
19
15
25
27
17
26
25
24
22
30
28
23
20
17
21
27
24
34
27
27
29
17
24
15
27
21
21
17
23
31
26
23
15
32
31
24
13
27
29
21
20
26
27
22
31
39
34
20
28
26
26
30
29
27
39
28
30
31
19
24
29
34
27
39
33
27
24
25
28
29
34
27
30
38
36
29
27
19
34
29
30
29
26
38
29
25
27
23
29
34
23
26
43
35
26
31
26
29
22
36
22
30
21
22
20
30
32
32
28
27
31
25
31
33
38
36
38
23
25
27
23
25
34
28
18
21
15
26
39
26
22
23
31
23
29
27
18
17
23
21
24
27
17
24
19
19
22
20
16
11
17
22
11
15
16
7
15
13
13
10
13
17
16
11
15
18
14
8
8
10
11
13
10
13
16
7
6
12
10
13
6
3
11
10
10
14
12
14
9
15
13
14
8
8
13
12
12
14
17
13
9
5
17
14
8
14
11
7
8
11
7
15
8
12
14
13
10
12
12
6
15
13
16
11
7
13
8
16
9
17
14
11
8
14
6
7
10
13
12
18
14
7
15
18
14
10
11
11
7
8
11
14
10
10
11
17
11
14
16
9
13
6
13
16
6
15
20
12
11
13
14
21
12
14
17
11
12
11
10
12
11
15
15
13
15
14
17
13
14
20
14
17
16
11
10
14
14
13
9
20
11
14
9
10
20
12
16
10
22
11
11
9
7
13
16
9
9
13
17
12
16
16
13
12
12
11
10
15
8
9
13
11
9
18
13
13
14
4
10
10
16
15
17
12
11
13
13
7
22
16
9
9
18
9
11
16
14
14
7
9
17
11
14
14
15
9
21
13
15
16
13
12
15
15
15
9
10
14
10
12
8
16
11
17
9
15
14
23
15
11
12
7
16
13
10
11
7
15
19
12
11
15
9
18
12
6
8
16
11
11
17
13
11
12
12
9
10
6
13
15
11
9
4
6
11
11
11
19
9
10
11
9
8
8
7
10
11
5
8
14
12
9
5
4
13
6
6
6
7
9
10
10
8
4
5
10
12
7
10
11
5
16
4
9
11
4
10
4
8
6
6
11
11
9
9
7
12
9
10
12
10
10
7
5
8
6
6
6
4
4
6
8
4
11
3
8
4
2
4
6
9
2
11
4
10
5
7
17
8
7
12
7
10
8
4
16
2
5
15
1
5
4
8
7
6
8
11
10
7
6
9
6
5
8
10
8
4
7
8
7
12
4
10
8
8
5
6
4
14
7
6
6
7
14
5
10
5
7
18
6
6
4
7
12
6
5
6
3
6
6
16
8
10
9
7
14
8
8
11
13
9
3
6
9
8
10
7
5
12
4
5
4
13
8
2
5
9
9
10
10
7
9
6
8
6
7
8
11
11
4
4
4
6
7
7
6
15
9
6
5
6
11
5
7
8
7
5
4
5
10
11
11
10
5
0
9
1
14
10
9
6
5
10
6
8
9
6
11
7
7
4
9
6
9
9
8
9
6
12
7
10
7
6
4
11
5
13
5
11
12
18
8
8
7
8
4
7
9
11
14
9
6
9
9
10
6
7
7
10
12
5
10
7
6
10
8
9
11
7
11
17
10
13
8
6
8
9
9
9
12
10
11
15
5
8
9
11
11
8
6
13
6
11
6
14
5
7
7
7
13
8
6
7
8
4
5
7
5
8
9
3
7
14
9
7
7
10
3
8
5
5
6
7
6
9
5
8
5
6
13
5
8
11
9
6
8
2
8
7
10
6
7
9
5
8
3
8
5
10
9
5
9
12
10
8
3
7
10
9
5
7
2
3
6
5
2
7
10
9
5
6
2
4
6
10
7
5
8
12
5
5
6
12
4
7
6
8
5
6
4
6
3
7
1
5
5
9
7
5
5
6
4
4
6
5
5
13
5
4
6
10
5
6
5
5
9
10
9
7
6
3
9
6
8
5
8
8
3
8
7
7
4
5
9
8
9
7
7
8
7
7
8
10
5
8
6
7
9
10
11
7
9
6
8
6
4
9
7
4
4
11
5
9
10
11
3
7
2
11
3
11
8
16
8
13
8
2
7
9
6
10
13
8
11
6
3
4
5
3
6
9
12
12
7
10
6
6
5
5
9
6
9
9
9
7
5
7
6
7
8
5
5
3
6
8
10
9
7
10
7
7
9
8
8
10
7
7
6
5
6
5
10
5
8
9
5
5
8
5
9
5
9
11
9
10
7
9
7
13
7
13
8
6
7
11
7
4
6
12
6
11
10
4
7
3
6
16
5
2
6
8
10
7
5
10
4
6
8
8
7
5
7
9
10
5
8
10
6
12
7
6
7
7
8
8
2
9
3
12
8
4
4
5
6
7
3
6
5
5
5
6
5
5
9
8
7
3
3
6
9
15
8
5
3
6
5
7
10
6
4
3
6
4
5
1
5
7
8
2
8
7
5
6
8
9
4
4
4
6
6
2
6
11
10
8
6
5
6
5
8
8
9
12
6
3
4
1
6
6
4
6
12
8
3
4
7
9
7
2
4
12
7
5
9
5
8
2
8
6
6
9
3
2
1
4
4
8
5
7
9
4
4
6
8
8
5
10
3
8
5
2
6
7
8
4
6
5
6
5
9
6
2
5
3
7
6
7
5
5
5
8
10
7
4
6
5
8
7
8
4
8
3
5
3
3
9
10
5
3
6
9
7
6
7
7
5
6
10
3
7
6
1
8
9
3
10
5
2
5
7
1
4
9
4
7
4
5
8
7
5
8
8
5
4
3
3
3
7
6
7
4
5
3
6
10
3
7
8
1
5
4
8
4
4
7
5
8
4
3
7
7
6
4
7
9
3
6
8
10
5
5
6
7
2
4
4
8
6
5
2
7
6
4
4
8
9
1
6
9
2
7
1
6
6
1
3
5
2
3
3
2
5
6
5
3
3
4
6
6
6
6
6
1
7
3
6
4
10
7
5
5
2
5
9
8
8
9
4
4
3
1
6
5
5
4
5
3
4
7
4
6
7
8
10
6
4
6
6
6
9
6
7
5
3
6
8
4
4
8
9
9
6
6
5
6
6
10
7
4
9
5
6
3
7
6
1
5
8
8
6
8
4
3
5
8
7
7
6
5
3
9
5
6
6
5
5
8
14
3
6
4
5
4
1
9
3
9
9
2
13
8
1
6
10
5
5
8
3
5
2
8
1
9
6
6
10
3
11
4
6
6
7
3
7
3
5
2
4
6
6
3
4
4
4
10
4
9
3
6
4
3
8
3
8
1
7
7
6
6
4
5
2
14
10
4
8
8
8
9
8
3
7
7
5
2
6
6
4
1
4
6
7
5
5
5
4
7
6
2
3
1
5
4
4
13
3
7
3
4
3
7
8
8
3
3
3
7
3
7
9
7
8
2
0
5
5
11
3
1
6
4
3
3
5
1
7
5
7
8
4
3
5
13
6
5
9
5
4
7
6
3
1
8
9
4
5
9
12
6
6
5
4
6
7
6
7
2
5
4
2
5
4
2
3
3
4
3
5
5
4
8
3
8
10
2
6
6
3
6
8
2
4
3
8
3
3
7
9
5
2
6
3
6
3
4
4
8
7
4
5
3
3
8
5
7
3
5
7
5
1
3
5
4
5
4
9
5
6
7
4
2
3
6
5
5
9
3
6
7
3
3
4
4
4
7
2
7
5
12
6
3
5
12
4
3
6
6
2
4
4
4
3
6
2
8
5
6
6
3
7
5
5
5
7
5
5
5
3
4
7
2
8
7
11
5
3
7
5
4
3
4
6
5
2
3
7
3
4
5
7
6
10
5
3
3
3
0
3
1
9
4
4
7
9
3
7
3
8
6
3
4
6
3
4
4
5
7
7
2
3
5
3
5
11
3
2
5
3
8
1
4
6
3
3
3
6
7
6
8
2
9
3
2
2
2
6
6
5
3
4
5
2
2
5
2
3
5
7
0
4
7
8
7
2
4
10
3
1
3
5
8
5
3
5
5
4
5
4
3
6
5
5
4
5
7
6
5
5
5
2
5
3
1
5
5
8
8
2
2
3
2
2
3
7
0
4
7
2
7
9
5
7
8
4
5
1
2
1
4
5
4
6
2
7
4
3
8
4
5
2
8
5
2
5
3
8
8
5
2
5
5
2
5
4
7
2
9
2
6
3
3
5
5
5
8
5
2
7
2
3
4
7
4
5
5
3
3
8
5
3
8
2
3
8
2
6
4
6
8
4
3
1
2
9
9
1
3
5
0
4
3
4
3
7
1
5
4
4
8
7
5
9
3
5
1
8
5
1
4
6
3
2
3
3
4
4
5
8
5
2
7
3
5
3
6
8
1
6
4
5
8
5
3
5
8
4
7
5
3
4
1
5
6
6
6
6
4
4
1
3
3
3
7
3
8
3
6
3
3
2
3
3
6
8
4
7
3
5
2
9
2
8
5
1
7
2
3
4
4
4
7
4
2
2
4
5
4
2
3
6
8
7
5
9
3
7
8
2
7
6
4
7
4
4
7
5
8
4
4
5
3
3
3
4
4
2
8
4
0
6
6
5
6
1
3
5
3
2
6
3
5
4
4
1
7
4
1
7
3
3
5
2
1
2
5
4
7
5
1
4
4
7
4
4
3
2
4
8
4
4
12
2
11
0
5
3
4
1
3
4
2
4
1
2
4
7
2
4
4
4
5
2
3
4
1
2
3
3
4
3
4
2
8
3
6
6
0
4
4
7
5
6
2
4
7
4
3
5
3
6
4
4
4
3
5
4
5
6
5
2
9
2
0
3
6
6
3
7
8
7
4
2
2
7
3
7
5
8
1
5
7
7
6
4
7
5
4
3
2
5
5
5
3
6
3
7
7
9
8
5
4
6
6
6
17
7
7
8
7
9
9
7
14
8
6
7
7
6
8
4
12
6
10
7
9
5
6
12
10
7
6
11
11
11
7
5
5
8
4
8
3
9
14
8
10
12
8
9
11
8
13
10
9
10
16
9
7
9
12
9
9
8
6
17
11
12
10
7
12
6
5
10
6
7
6
6
3
1
4
10
3
9
4
10
8
5
7
4
3
3
3
9
3
4
9
5
0
3
7
2
6
7
1
6
5
3
3
2
3
2
5
5
7
10
2
4
7
7
6
7
3
3
6
10
6
6
8
7
3
1
3
6
4
3
5
2
1
2
5
4
7
1
3
7
3
2
3
7
0
6
0
7
6
0
4
2
4
3
7
10
5
3
8
5
7
5
2
3
2
7
5
7
4
3
5
3
1
1
2
4
6
4
4
6
3
2
7
4
5
3
3
4
1
5
0
2
3
5
3
1
6
2
4
5
4
2
4
5
5
2
8
4
4
2
5
4
4
3
3
4
2
3
3
5
4
5
4
3
7
4
5
5
3
2
9
4
7
3
4
4
5
5
3
4
9
3
2
1
5
3
5
0
6
9
3
6
3
7
3
5
8
5
4
5
2
6
5
5
5
2
5
5
1
4
5
4
0
5
6
10
5
8
8
9
2
7
5
5
6
3
8
2
3
2
3
4
4
6
2
7
12
9
6
1
5
6
5
8
2
7
5
4
2
3
2
7
4
5
4
8
3
7
3
3
4
8
4
4
2
3
7
2
8
6
1
6
0
3
2
7
5
5
8
2
3
1
5
6
6
4
4
3
3
5
4
6
3
3
6
6
5
3
0
4
2
2
4
3
3
4
3
4
3
3
5
4
6
5
2
4
2
0
3
3
5
3
3
3
4
4
5
3
2
3
5
5
4
5
3
1
4
4
3
2
2
3
6
5
13
2
4
1
4
2
4
1
3
3
4
2
1
5
5
0
5
4
1
4
5
8
3
6
4
5
2
8
4
2
4
2
4
3
2
3
2
2
8
3
3
5
4
1
1
6
6
4
4
2
6
2
5
2
6
2
6
4
2
6
4
2
3
2
8
4
2
6
6
4
6
5
4
2
3
5
5
4
2
1
2
5
4
3
2
3
3
7
6
7
9
6
5
6
1
4
3
8
3
3
4
5
6
4
4
7
4
6
5
2
1
4
5
1
9
6
5
3
3
3
1
5
5
1
4
3
6
2
2
4
8
9
4
1
5
5
1
5
2
6
6
5
2
2
2
2
5
2
5
6
5
4
8
2
4
4
4
5
6
4
5
7
5
3
4
3
5
4
6
6
2
1
5
10
9
5
6
2
8
4
3
5
4
3
8
6
9
4
8
4
3
10
4
2
5
3
3
2
8
8
8
7
4
9
8
14
10
4
4
6
5
7
3
5
11
5
7
8
8
11
8
5
5
6
6
5
8
6
8
10
8
9
8
4
3
8
2
4
2
6
3
13
6
7
5
5
6
10
8
9
4
8
9
3
2
13
3
4
8
5
5
3
1
3
4
7
6
14
6
8
10
4
7
3
6
3
4
2
5
2
4
3
3
5
5
3
2
1
3
5
1
3
8
5
5
7
3
2
5
5
6
4
1
4
3
9
3
6
2
3
0
2
2
6
3
0
3
6
2
3
3
3
2
2
4
2
4
1
3
3
3
4
2
3
4
5
2
1
7
3
4
3
6
3
5
4
2
4
4
7
3
3
1
3
3
6
5
1
2
1
4
5
1
3
3
7
0
3
5
4
2
6
3
3
3
3
1
2
5
2
6
6
5
4
5
2
5
5
3
4
6
3
7
5
4
1
4
1
5
4
3
2
5
2
4
4
5
5
4
5
5
6
1
3
3
5
5
1
3
3
3
2
3
4
2
5
7
6
2
2
5
3
1
7
4
2
9
3
3
2
2
5
4
3
4
1
4
2
5
4
2
1
2
4
4
2
1
2
3
1
4
1
0
2
2
6
3
1
5
5
3
1
4
4
3
2
4
2
0
3
2
1
3
4
3
4
7
2
5
4
3
2
7
4
2
1
2
3
1
3
3
5
8
2
2
2
6
3
4
5
2
6
2
3
2
6
0
2
7
2
0
2
4
2
6
5
1
1
0
6
7
2
2
3
4
5
1
2
1
6
5
6
3
6
2
3
6
4
8
2
4
2
6
6
3
3
4
2
4
3
1
2
6
6
1
6
5
5
2
4
1
5
4
3
5
3
3
6
6
8
2
3
5
6
4
1
2
3
6
3
6
3
3
4
3
3
3
4
5
3
2
2
7
2
5
3
4
1
6
2
2
4
1
3
1
1
1
2
5
4
1
2
3
2
2
3
3
2
3
7
4
3
2
3
3
6
7
3
4
2
2
3
2
2
4
0
3
2
6
3
5
2
7
4
3
2
1
1
3
1
2
2
3
1
1
1
6
1
3
5
6
3
2
6
2
3
2
3
6
2
1
2
3
3
6
4
4
3
2
5
3
7
4
4
3
4
1
2
2
1
2
2
8
4
2
3
8
4
2
5
4
5
6
7
0
2
3
6
2
3
2
2
6
6
4
2
2
5
3
3
3
3
3
5
5
2
2
6
5
4
1
2
3
4
6
2
2
3
3
3
5
3
2
3
2
7
3
1
3
3
4
4
4
2
3
3
2
3
4
5
2
4
9
4
3
7
3
4
5
3
3
4
3
6
3
2
3
4
7
4
4
2
1
2
6
3
2
7
5
3
1
2
2
1
3
3
5
3
1
1
4
1
2
2
4
7
1
6
7
1
2
3
4
4
6
4
4
4
1
3
1
1
0
2
5
5
7
3
2
3
4
4
4
4
3
3
7
3
1
2
4
3
3
4
1
1
3
5
2
4
4
6
3
7
7
3
2
10
0
3
3
1
2
2
2
4
5
5
4
4
3
2
1
2
1
2
1
7
1
3
2
3
6
2
3
1
2
1
2
7
4
1
3
2
5
2
7
2
3
3
3
7
2
2
2
3
4
0
3
4
1
1
2
4
1
2
2
2
3
1
2
7
2
2
1
0
4
2
4
2
2
5
2
2
8
5
4
5
1
3
5
2
6
2
5
6
3
3
2
1
4
1
5
6
3
2
2
3
5
1
6
1
2
3
3
0
6
1
3
6
3
2
2
4
2
0
3
2
2
2
4
3
3
5
2
4
4
3
1
1
4
5
7
2
2
2
1
3
3
3
0
2
4
2
4
1
5
3
3
5
0
1
1
2
2
2
1
3
1
3
1
1
2
2
2
2
2
2
1
3
1
4
1
3
1
1
5
4
2
4
3
4
1
3
3
2
4
2
4
2
5
3
4
2
3
3
4
0
3
2
2
1
4
3
3
6
1
4
4
3
3
2
4
2
1
4
3
2
3
3
1
1
5
4
0
3
3
1
1
5
2
1
0
1
5
0
2
2
5
2
2
1
2
7
2
3
3
3
2
1
1
1
5
7
4
5
1
4
1
1
2
3
1
0
2
3
1
2
2
2
0
4
2
2
3
5
4
1
3
3
2
2
2
1
3
3
3
4
9
2
0
7
3
1
1
6
2
2
2
5
1
3
4
6
4
6
2
1
2
3
3
3
2
2
3
2
5
3
2
0
1
2
1
3
1
3
2
1
5
8
2
5
3
3
1
3
5
2
4
3
2
3
4
3
4
7
2
4
2
3
2
3
2
1
3
5
4
3
6
3
3
3
0
6
6
5
4
4
2
1
4
0
2
4
5
2
4
2
4
4
0
2
2
4
3
3
2
2
5
5
3
6
2
5
1
3
3
3
5
4
2
3
5
3
1
4
7
1
1
2
2
5
2
2
4
3
5
1
1
2
3
3
4
1
1
1
6
7
3
6
7
6
2
3
1
1
6
1
3
1
5
5
4
3
6
1
4
3
5
5
2
3
6
3
4
3
1
2
3
1
5
5
3
2
5
3
6
2
4
2
1
1
3
5
3
4
3
2
1
1
2
3
1
2
2
2
2
3
5
4
6
3
3
3
3
2
0
5
2
3
4
4
0
4
4
3
3
1
2
4
4
1
4
1
5
6
3
2
6
4
1
1
3
5
5
4
3
2
2
3
3
3
2
1
3
3
2
3
1
3
4
3
4
1
6
2
2
4
5
4
5
1
2
7
2
6
7
2
1
2
2
5
2
2
5
2
2
2
0
3
2
2
4
4
1
2
1
2
4
3
2
3
3
1
2
2
3
6
3
5
7
4
2
3
4
2
5
0
2
0
6
5
4
2
1
3
1
3
2
3
0
1
2
2
3
5
3
4
3
3
2
2
3
3
1
2
3
2
5
4
3
2
3
1
4
1
7
3
3
4
3
2
1
5
0
3
3
4
1
2
0
5
4
1
2
2
0
2
2
1
1
3
3
4
3
6
3
3
0
3
7
4
4
1
5
1
4
4
3
4
5
3
1
3
3
5
3
0
1
2
3
2
3
6
2
6
5
0
1
4
3
0
1
9
1
2
4
4
2
3
0
5
4
4
1
4
1
3
5
4
3
5
3
5
1
0
2
4
3
1
1
1
2
4
1
1
3
3
4
1
6
0
3
3
6
1
2
2
2
0
3
7
4
2
3
4
0
3
1
1
3
5
2
3
6
3
3
2
1
1
1
1
4
2
5
5
3
1
1
2
0
1
3
0
5
3
3
1
2
1
2
4
1
4
1
2
2
3
2
5
3
4
4
1
2
1
1
3
2
5
3
0
0
1
1
5
1
0
3
4
4
6
2
2
0
3
3
0
2
5
3
3
3
3
3
3
0
4
3
1
1
1
0
1
7
3
2
3
2
2
3
2
3
3
2
6
3
6
7
4
4
2
2
1
1
1
5
0
2
5
2
5
3
5
4
2
1
4
6
6
2
6
8
7
6
2
1
4
5
3
2
6
3
3
3
2
3
5
4
4
8
6
2
4
6
3
4
3
4
4
11
5
1
2
4
8
7
6
7
9
4
15
4
5
8
11
2
4
9
5
2
2
8
5
7
6
7
3
6
7
0
3
4
2
6
2
2
3
6
3
4
8
8
5
3
0
5
1
9
4
8
5
1
3
5
3
4
3
6
2
1
5
4
4
2
3
4
2
4
4
2
6
3
9
3
2
0
4
6
1
2
1
3
2
6
2
3
4
1
6
1
3
2
2
4
1
2
4
6
1
3
2
4
2
2
4
1
6
1
2
1
1
2
3
3
1
1
1
4
7
4
1
5
1
2
2
4
3
4
3
0
1
6
6
3
7
4
7
2
3
2
0
3
0
2
2
1
2
2
6
0
3
3
0
4
3
0
4
2
1
2
1
2
2
1
1
1
4
4
4
4
1
1
3
2
5
2
2
2
7
5
4
5
8
2
0
2
1
0
3
4
5
4
2
4
4
5
3
3
1
4
1
2
1
2
1
2
1
3
6
5
1
3
3
2
6
0
5
2
4
4
1
1
2
3
1
2
1
1
1
4
1
2
2
2
4
1
3
2
1
4
1
1
1
2
4
3
4
6
3
1
3
2
1
4
3
6
6
1
3
4
3
1
5
5
0
2
3
1
2
3
5
3
1
3
4
3
3
4
4
4
5
2
3
3
2
1
3
2
1
3
4
2
2
1
1
3
6
4
1
3
7
4
3
6
1
2
2
1
4
6
3
4
1
2
0
4
3
3
1
1
4
3
7
3
4
1
1
4
2
3
2
1
2
2
3
7
3
4
2
3
0
1
2
4
8
4
1
1
2
3
1
4
1
8
1
6
2
3
7
4
2
5
1
1
2
4
1
2
2
4
4
1
3
2
2
4
1
2
2
5
3
3
3
6
6
2
2
1
5
2
1
4
0
4
2
1
7
3
2
5
2
3
0
3
1
2
2
1
9
6
6
3
2
5
4
1
3
1
3
3
4
1
2
1
2
4
4
1
5
3
3
3
3
0
2
0
4
4
2
3
0
2
4
1
1
2
3
2
3
7
6
1
3
2
4
5
5
3
3
1
1
1
0
1
3
3
3
3
0
5
2
1
0
2
3
3
3
1
4
1
2
2
2
1
3
1
4
2
4
4
1
2
3
2
0
3
6
1
3
5
2
1
1
4
2
0
5
1
4
3
3
1
5
0
0
2
1
5
4
0
2
2
3
5
2
1
2
1
4
1
6
3
2
1
6
1
4
1
3
1
2
2
6
1
1
4
3
1
1
1
5
5
3
3
5
4
2
1
2
4
1
4
0
4
5
3
7
0
2
2
1
3
1
0
2
1
1
3
2
0
1
5
1
3
2
3
6
4
3
3
2
1
3
6
0
4
2
2
3
3
3
2
2
6
1
2
0
3
4
3
2
1
2
4
3
3
5
4
1
0
1
3
3
2
2
3
3
9
5
1
3
1
0
3
2
2
2
4
3
2
2
3
3
5
5
2
3
1
0
3
5
2
3
2
1
3
2
0
2
3
3
4
4
1
5
1
3
4
1
3
3
1
5
1
0
1
5
4
3
1
6
2
3
4
4
1
2
2
1
2
5
2
2
2
1
2
1
3
2
1
2
4
4
2
2
1
3
4
6
3
6
1
1
2
3
4
3
1
1
1
2
2
3
7
2
5
4
3
3
0
2
3
1
5
0
4
4
3
2
4
7
5
1
0
3
4
2
1
2
5
2
6
2
4
2
0
4
3
0
1
5
4
1
4
2
2
3
2
2
3
4
3
4
1
1
2
1
3
4
1
7
0
4
4
4
7
3
3
2
2
1
3
1
1
5
2
0
1
7
1
3
1
6
5
2
1
2
5
1
4
4
4
4
3
8
4
2
1
7
5
5
2
6
2
4
0
2
6
6
5
0
2
2
2
2
3
1
1
4
4
2
5
3
4
2
6
2
1
4
3
2
2
1
1
4
1
1
1
1
5
1
5
2
4
1
1
3
1
6
0
5
0
5
2
2
4
2
5
0
3
1
5
4
3
2
5
2
1
6
2
1
5
2
3
3
3
3
4
4
2
2
1
5
1
0
2
3
3
3
3
2
6
2
3
1
4
1
2
4
2
1
3
3
4
2
2
3
1
3
6
6
1
1
4
2
1
1
4
5
1
4
2
4
5
1
1
1
0
5
1
2
1
5
10
2
1
0
3
3
6
3
0
1
4
1
3
1
0
4
2
3
3
5
4
1
0
3
1
0
2
2
7
6
2
2
0
6
3
1
2
2
3
3
0
1
2
0
3
1
2
5
0
5
3
4
3
3
0
1
3
5
2
2
0
2
1
1
4
5
1
3
3
3
5
1
2
2
3
4
1
3
1
2
3
2
2
3
2
8
4
3
1
1
6
3
5
2
2
1
3
3
4
3
5
4
4
5
1
0
1
0
2
4
4
3
4
1
5
4
3
2
0
8
0
2
4
4
1
1
2
3
1
0
4
1
2
3
5
6
5
3
3
1
3
3
4
0
3
7
3
3
4
3
2
4
3
3
2
0
1
1
3
0
1
0
7
4
0
3
4
6
5
1
2
1
3
3
1
3
2
6
2
1
7
0
1
3
5
1
4
3
6
5
0
5
4
4
1
1
2
1
1
2
2
5
5
4
6
1
4
3
2
4
2
1
2
5
2
7
1
2
2
1
2
0
1
0
2
1
3
4
2
4
1
5
1
3
3
3
1
1
5
1
4
2
2
4
2
1
3
1
2
4
4
4
3
4
1
3
2
4
2
3
0
3
3
1
2
3
2
4
5
0
3
2
2
4
2
2
1
3
4
4
5
4
4
4
4
4
9
4
1
3
5
8
2
3
1
3
3
4
4
2
2
5
4
2
2
1
4
2
3
4
4
2
3
5
1
5
2
3
3
4
3
3
4
2
1
0
4
9
1
3
2
1
3
1
3
6
3
6
3
0
4
0
1
4
2
3
3
4
7
2
1
0
1
2
1
3
1
0
4
0
1
2
2
6
0
1
0
0
1
4
2
2
3
4
3
4
3
4
6
0
2
1
1
3
1
2
5
4
5
3
2
3
4
2
2
1
3
3
1
2
1
2
0
2
2
6
7
0
2
2
2
0
2
2
0
1
2
2
1
3
3
6
4
3
2
3
2
3
5
4
2
4
3
1
1
3
0
1
1
4
2
0
4
2
6
4
0
1
4
3
3
6
2
0
2
0
3
0
2
4
0
4
1
3
2
2
1
2
3
0
1
6
3
2
2
4
2
0
2
2
1
3
0
1
1
2
2
1
2
3
4
4
0
2
4
2
0
3
1
0
0
5
1
3
0
1
0
3
0
1
6
0
0
4
2
3
2
0
0
0
2
5
2
5
1
0
0
2
3
3
2
0
1
3
2
4
3
1
3
1
3
3
0
1
2
3
1
3
1
4
2
3
2
2
3
3
2
3
2
5
0
3
1
1
2
3
1
4
1
1
0
3
2
3
0
2
3
1
1
2
1
1
4
2
0
1
0
0
1
0
4
0
0
4
1
2
1
1
2
2
2
1
1
2
2
2
2
1
1
0
2
0
1
1
2
2
1
2
1
2
2
1
3
1
4
1
3
3
3
0
2
0
1
3
2
2
0
1
0
0
1
4
5
0
4
1
1
1
3
1
4
1
2
3
1
1
3
2
0
4
1
1
1
4
2
3
1
4
2
2
1
1
1
0
1
3
1
0
0
0
1
3
1
0
2
3
4
5
3
1
3
4
3
1
3
3
4
1
3
2
0
0
3
1
0
3
1
4
1
4
1
2
2
3
0
2
1
4
1
5
2
1
2
2
3
0
1
3
3
1
0
3
2
2
2
2
3
3
3
1
0
4
4
0
1
1
1
2
0
0
1
2
1
5
1
2
0
0
2
1
2
0
2
2
1
3
3
2
1
1
5
2
2
0
1
2
3
4
1
0
2
2
2
2
1
4
1
2
4
1
4
2
4
1
1
4
0
1
1
0
2
2
2
2
1
2
2
1
1
2
2
1
2
2
2
2
3
1
2
1
3
0
4
3
1
3
2
2
0
1
3
3
3
0
0
2
1
1
0
0
0
2
3
0
2
3
2
4
1
1
2
2
2
1
3
0
1
1
2
3
1
2
2
0
2
1
0
0
5
1
1
2
1
1
0
1
2
1
0
0
2
3
2
1
2
1
1
2
0
1
3
2
3
1
2
1
1
1
1
1
0
2
1
3
1
1
2
1
1
1
3
2
0
2
1
1
2
1
1
1
4
4
4
3
0
1
2
4
2
2
4
3
1
2
1
0
0
2
2
1
1
1
2
3
1
3
1
0
2
3
0
2
2
1
1
1
4
1
1
0
0
1
1
2
1
0
3
0
1
1
1
0
0
0
1
3
1
1
3
1
1
2
3
0
2
2
1
1
2
0
3
0
0
3
1
2
1
1
2
2
2
0
1
0
1
0
1
1
0
1
4
2
1
0
2
2
3
0
2
1
0
1
1
0
0
1
0
3
0
1
1
2
2
3
3
1
0
1
0
0
2
0
0
0
2
0
1
1
5
0
0
2
2
2
2
2
1
0
1
3
1
1
1
1
3
0
1
0
1
1
2
1
4
1
1
1
0
2
0
0
0
0
1
2
2
0
0
3
0
3
2
2
2
0
0
2
1
1
1
0
4
1
1
1
0
1
0
1
0
1
1
0
3
1
0
0
2
1
2
0
1
0
0
1
2
0
2
2
1
3
2
2
0
2
0
1
3
1
2
2
1
1
1
0
1
2
2
5
0
1
4
1
4
2
0
1
0
1
2
1
0
1
1
2
1
1
2
2
0
2
4
0
1
0
0
2
0
3
1
0
1
1
2
1
3
1
3
2
1
1
3
0
1
1
2
1
0
0
1
2
0
2
1
1
0
2
1
0
1
1
0
1
3
1
2
2
1
0
0
1
0
2
1
2
2
0
2
1
1
1
3
2
2
0
0
3
3
2
1
1
1
0
1
4
2
4
0
0
2
0
1
0
1
1
3
0
0
0
1
1
0
1
3
1
1
4
2
1
1
1
3
0
3
0
0
2
0
2
1
3
0
4
0
1
1
1
1
2
0
2
0
1
0
0
2
1
1
1
0
1
0
0
0
4
0
0
0
0
0
0
1
0
2
0
2
0
3
0
0
2
3
0
1
0
3
2
0
2
1
4
1
1
1
1
0
2
3
2
0
2
2
1
2
1
1
0
2
0
3
1
2
3
1
2
1
0
0
1
2
3
0
0
3
0
1
2
1
2
0
1
0
1
0
0
1
3
0
3
3
1
2
1
2
0
1
1
0
0
0
1
4
2
0
1
1
3
2
1
2
1
1
3
1
3
0
1
1
2
2
0
0
2
0
2
1
3
1
0
2
2
2
1
2
2
0
4
1
0
0
1
0
1
2
4
1
1
0
0
0
1
0
2
1
1
3
1
0
0
1
3
0
1
1
2
2
1
3
2
1
0
1
0
2
1
0
2
0
0
1
0
3
2
2
1
0
0
3
3
3
1
1
1
0
0
2
0
1
0
1
2
3
0
1
0
3
0
2
1
1
1
2
0
2
1
1
1
1
3
1
0
0
0
1
1
1
3
2
0
1
0
0
0
1
0
1
1
2
0
3
1
2
0
0
0
3
0
1
1
0
1
1
3
1
1
1
1
1
0
1
1
0
1
2
1
0
1
0
2
2
2
2
2
0
3
0
3
1
1
2
1
2
0
1
0
2
1
0
1
1
2
0
0
1
0
1
2
2
1
0
2
0
2
1
2
1
1
0
0
3
1
1
0
0
3
0
1
0
0
1
1
2
1
0
1
2
1
0
1
2
0
3
0
0
1
0
1
0
2
1
1
0
2
3
0
1
1
0
0
0
3
0
2
0
1
0
1
1
0
0
0
0
2
1
2
1
2
1
2
0
0
1
0
1
1
0
1
0
1
0
1
0
1
0
0
1
0
0
1
5
0
0
2
0
1
0
3
1
0
0
1
1
0
2
2
0
0
0
1
0
2
0
0
1
1
1
2
2
1
2
0
1
0
2
2
1
0
2
1
2
2
1
4
0
3
0
0
0
2
1
0
2
1
3
3
0
0
2
2
1
2
3
1
3
2
1
2
3
2
2
0
1
0
0
1
3
0
1
1
1
3
1
1
1
1
1
1
1
0
1
1
0
0
0
1
0
1
2
0
0
1
1
0
2
2
0
0
1
0
1
1
0
0
1
0
4
1
1
0
1
0
0
1
2
3
0
1
1
1
2
3
0
1
3
1
1
0
0
0
1
0
2
3
0
2
2
0
0
1
4
1
1
0
0
0
1
0
0
0
1
0
2
0
1
1
0
1
1
0
0
0
0
2
2
1
1
0
2
1
1
0
1
0
3
2
0
2
0
0
1
0
0
3
0
0
0
0
0
0
1
0
1
0
0
1
0
0
0
0
1
0
1
1
0
0
0
0
1
2
0
2
0
0
1
0
0
1
0
0
1
0
0
1
1
0
3
0
0
1
0
0
1
2
0
0
2
3
0
3
0
3
1
1
0
1
0
1
0
1
0
1
1
1
0
1
2
0
0
1
1
2
0
1
0
2
0
1
2
0
1
0
1
1
0
2
0
1
0
0
0
1
1
1
1
2
2
0
0
1
1
1
0
1
0
1
2
0
1
2
4
0
0
1
2
1
0
0
2
0
1
2
0
1
1
1
2
1
1
3
2
0
1
2
1
1
0
1
0
1
3
0
0
0
1
0
0
2
1
0
3
3
0
1
1
3
0
2
3
1
2
1
2
2
3
2
2
1
1
0
4
0
0
2
0
0
0
1
0
0
1
0
2
1
2
0
1
3
0
0
1
2
1
1
2
1
0
3
3
1
0
0
2
1
1
4
1
2
2
0
0
0
0
0
1
1
0
3
1
0
1
0
0
0
3
0
1
0
3
1
0
0
2
0
2
1
1
2
2
1
0
1
0
1
1
0
0
0
0
1
2
1
0
1
2
1
1
0
0
0
0
0
1
1
2
1
0
0
0
1
0
0
0
2
1
0
0
3
1
1
0
0
1
1
1
0
0
1
4
0
2
1
0
1
1
0
1
2
1
1
0
1
0
2
0
0
0
0
0
0
0
0
1
1
1
0
1
0
1
2
1
1
0
0
1
1
3
1
0
0
1
0
0
1
2
0
1
1
0
0
0
2
0
1
4
0
0
0
0
0
0
1
1
2
0
0
0
1
0
0
0
0
0
1
0
3
1
1
1
1
2
3
0
2
1
1
1
0
2
0
2
1
1
1
0
1
1
0
1
0
0
1
3
0
2
0
0
0
2
1
2
1
0
2
2
0
2
0
0
3
0
3
0
0
2
1
1
0
1
2
0
0
0
1
0
0
0
1
2
1
1
1
0
1
1
2
0
2
1
0
0
1
0
1
0
1
1
0
0
1
1
2
1
1
1
2
1
0
0
3
0
0
1
2
0
1
1
0
0
3
2
2
0
2
1
0
0
1
0
0
1
1
0
0
1
1
1
0
0
1
0
2
1
1
2
0
0
1
1
2
1
0
1
0
1
1
1
4
0
0
1
2
2
0
0
2
0
1
0
0
1
1
1
2
2
1
0
1
2
2
1
1
1
1
1
2
3
0
0
1
1
0
0
2
1
0
0
1
1
1
0
0
0
1
0
0
1
1
1
0
2
0
0
1
4
0
1
0
1
1
2
0
1
1
0
1
1
1
0
2
0
1
0
1
0
1
1
0
1
5
1
0
1
2
2
3
0
1
0
0
1
1
1
1
3
0
0
1
1
0
0
0
2
1
0
1
0
1
1
2
1
1
2
3
0
0
1
1
1
1
1
1
3
4
1
2
1
2
2
1
2
2
3
1
5
3
1
3
2
1
1
2
4
1
3
1
4
1
0
0
4
4
5
4
4
3
2
5
2
2
4
3
2
5
4
6
6
5
3
6
8
8
4
7
11
4
7
6
11
8
7
8
8
7
9
9
7
10
7
13
10
9
9
18
7
10
7
6
15
4
15
9
17
7
13
5
13
13
11
14
17
15
13
14
12
16
12
10
6
8
16
7
13
20
14
7
16
13
14
11
8
12
8
13
13
13
11
10
9
6
3
4
7
9
6
12
4
10
8
3
7
6
5
9
3
5
5
5
3
4
2
1
6
7
6
4
6
2
3
2
2
5
1
2
4
7
2
4
3
4
2
3
0
1
3
1
3
3
3
2
2
0
3
1
0
0
3
2
3
0
3
0
3
1
0
1
2
1
0
1
1
0
1
1
1
1
2
2
1
0
0
1
1
2
0
1
1
1
0
0
2
0
0
0
0
3
0
3
1
0
1
1
1
0
0
0
1
0
1
1
0
1
0
0
1
0
0
0
0
4
0
1
3
0
1
0
0
0
1
0
0
1
0
2
0
0
1
0
0
2
1
0
1
1
0
2
0
0
0
1
0
1
0
0
1
0
0
0
0
0
2
1
1
1
2
1
1
1
1
1
0
0
1
0
0
0
1
1
0
1
2
0
0
0
2
0
0
0
2
1
0
0
1
0
1
0
0
0
1
2
0
1
0
1
0
1
1
2
0
0
1
1
0
0
0
2
1
0
0
1
0
0
2
0
1
0
0
1
0
0
0
0
0
0
1
0
1
0
0
0
2
0
0
3
0
0
1
1
0
1
0
1
1
1
0
0
1
0
1
0
1
0
3
0
1
0
0
1
0
1
1
0
2
0
0
0
0
0
1
2
0
1
0
0
1
0
0
1
1
1
0
1
2
0
0
1
1
0
0
2
0
1
0
1
1
4
0
1
0
1
0
1
1
1
1
2
0
0
0
1
1
0
1
0
0
0
0
0
0
1
0
0
0
1
0
1
2
1
1
0
1
0
0
0
1
2
0
2
0
1
0
1
0
1
1
0
1
0
0
0
0
1
0
0
3
0
1
0
1
0
0
0
2
1
1
1
1
1
1
2
3
1
1
1
0
0
0
0
0
1
0
0
1
1
0
0
0
0
0
0
0
1
1
2
1
1
0
1
0
1
1
1
1
1
0
0
0
0
1
0
2
0
0
1
2
0
0
2
0
2
0
0
0
0
2
0
2
0
1
0
2
0
0
1
0
0
0
0
1
0
0
0
0
0
0
0
3
0
0
0
1
1
0
1
0
0
0
1
0
1
0
0
1
0
1
2
0
3
1
1
1
0
0
1
1
3
1
1
2
0
0
1
1
0
0
1
2
2
1
0
0
0
0
0
1
0
1
0
0
0
2
0
0
0
0
1
1
1
1
1
1
1
0
1
1
1
1
0
0
0
0
0
1
0
1
0
0
2
0
0
0
1
1
0
0
0
0
0
2
1
1
0
0
0
2
2
0
1
0
2
2
0
1
0
1
1
0
0
0
1
2
0
0
0
1
1
1
0
1
2
0
0
0
1
0
1
0
2
0
0
0
0
0
0
1
0
0
1
0
1
1
1
0
1
1
0
0
0
1
1
0
0
0
0
1
0
0
0
1
1
1
1
0
0
1
2
0
0
1
0
0
0
0
0
0
0
1
0
0
0
1
0
0
0
1
1
1
1
0
1
1
0
1
0
2
1
0
1
4
2
0
2
0
1
0
0
1
0
0
0
1
0
1
1
0
0
0
0
2
0
0
0
1
0
0
0
0
1
0
1
1
0
0
1
0
0
1
0
1
1
0
1
2
0
1
1
0
1
1
1
0
0
1
0
0
0
1
0
0
1
0
0
0
1
1
0
0
2
0
0
1
1
0
0
0
1
0
0
0
0
1
0
0
0
1
0
2
1
0
0
0
0
1
1
0
0
0
1
0
0
1
0
0
0
0
0
0
0
0
0
0
0
0
1
2
0
1
0
0
0
0
0
1
0
0
1
0
1
0
0
1
1
0
0
0
2
0
0
1
0
0
0
3
0
1
1
3
0
2
1
0
1
2
0
0
0
0
0
0
0
0
0
0
0
1
0
1
0
0
0
0
0
0
2
1
0
0
1
1
2
1
0
0
1
0
0
0
1
0
0
0
0
0
1
1
0
0
0
0
0
0
0
0
0
0
0
0
0
0
0
0
1
0
0
0
0
1
1
1
0
0
0
0
0
0
1
0
1
1
0
0
0
1
0
0
0
0
0
1
0
1
3
0
0
1
1
0
0
0
1
0
0
0
0
0
0
2
1
0
0
0
0
1
0
0
1
1
1
0
0
0
1
2
0
1
0
0
0
0
1
1
0
1
0
0
0
0
0
0
0
0
0
0
0
0
0
0
0
0
0
0
0
0
0
0
0
0
0
0
0
0
0
0
0
0
0
0
0
0
0
0
0
0
0
0
0
0
0
0
0
0
0
0
0
0
0
0
0
0
0
0
0
0
0
0
0
0
0
0
0
0
0
0
0
0
0
0
0
0
0
0
0
0
0
0
0
0
0
0
0
0
0
0
0
0
0
0
0
0
0
0
0
0
0
0
0
0
0
0
0
0
0
0
0
0
0
0
0
0
0
0
0
0
0
0
0
0
0
0
0
0
0
0
0
0
0
0
0
0
0
0
0
0
0
0
0
0
0
0
0
0
0
0
0
0
0
0
0
0
0
0
0
0
0
0
0
0
0
0
0
0
0
0
0
0
0
0
0
0
0
0
0
0
0
0
0
0
0
0
0
0
0
0
0
0
0
0
0
0
0
0
0
0
0
0
0
0
0
0
0
0
0
0
0
0
0
0
0
0
0
0
0
0
0
0
0
0
0
0
0
0
0
0
0
0
0
0
0
0
0
0
0
0
0
0
0
0
0
0
0
0
0
0
0
0
0
0
0
0
0
$ROI:
0
0
$PRESETS:
Live Time
0
0
