$SPEC_ID:

$SPEC_REM:
DET# 1
DETDESC# MCB 25
AP# ORCA (11.0h)
$DATE_MEA:
2017-08-12 08:47:49 +0000
$MEAS_TIM:
3140.78 4320.00
$DATA:
0 16383
0
0
0
0
0
0
0
0
0
0
0
0
0
0
0
0
0
0
0
0
0
0
0
0
0
0
0
0
0
0
0
0
0
0
0
0
0
0
0
0
0
0
0
0
0
0
0
0
0
0
0
0
0
0
0
0
0
0
0
0
0
0
0
0
0
0
0
0
0
0
0
0
0
0
0
0
0
0
0
0
0
0
0
0
0
0
0
0
0
0
0
0
0
0
0
0
0
0
0
0
0
0
0
0
0
0
0
0
0
1
7
51
1679
10973
19723
19268
17537
16816
16189
16160
16263
16421
16489
16499
17040
17084
17478
17635
17610
17988
17924
18138
18216
18141
18347
18298
18336
18361
18483
18115
17839
18134
18263
18190
17911
17898
17699
17842
17610
17871
17480
17649
17581
17481
17570
17379
17503
17034
17104
17100
17110
17239
17045
16965
17151
16924
16992
16950
16853
16862
16827
16984
16634
16879
16567
16659
16532
16600
16714
16399
16552
16318
16191
16455
16223
16371
16378
16114
16128
16035
16080
16108
16086
15875
15959
16104
15932
15965
16092
15885
16172
15966
15939
15677
15816
15878
15774
15451
15438
15721
15543
15306
15526
15430
15456
15444
15395
15351
15344
15337
15307
15176
15222
15097
15181
15198
15181
15054
15253
14911
15086
14979
15194
15013
15174
15107
15066
15102
14966
15100
15062
14864
14702
14778
14734
14833
14790
14526
14778
14680
14829
14687
14542
14548
14623
14623
14585
14388
14689
14478
14526
14617
14416
14524
14310
14461
14606
14344
14214
14560
14255
14366
14117
14416
14178
14415
14260
14231
14302
14292
14304
14386
14160
14200
14274
14273
14355
13982
14127
14019
14087
13963
13828
14073
13838
13972
14160
13915
13891
13865
13966
13857
13914
13716
13948
13714
13777
13876
13838
13700
13739
13888
13793
13741
13561
13558
13815
13603
13793
13406
13633
13604
13889
13710
13632
13536
13502
13338
13468
13499
13488
13353
13377
13514
13348
13661
13476
13383
13606
13530
13292
13479
13347
13443
13468
13368
13528
13169
13217
13265
13388
13173
13367
13362
13128
13415
13139
13288
13120
13234
13160
13061
13055
13200
13229
13215
13145
13103
12955
13303
12972
13068
13134
13001
13086
13012
13069
12820
13074
12943
12887
12753
13141
13384
12974
13032
12819
12969
12809
13066
12939
12867
12615
12841
12973
13098
12652
12777
12754
12658
12620
12869
12815
12852
12696
12787
12833
12779
12670
12880
12778
12837
12742
12774
12626
12492
12696
12665
12590
12647
12520
12484
12572
12610
12538
12697
12482
12628
12580
12542
12571
12665
12531
12400
12286
12479
12446
12587
12838
12430
12424
12406
12379
12276
12469
12489
12612
12272
12338
12318
12308
12172
12251
12340
12401
12391
11944
12140
12306
12337
12337
12131
12275
12217
12346
12226
12195
12198
12161
12165
12241
12111
12357
12173
12150
12310
12051
12236
12257
11990
12331
12244
12183
12338
11912
12139
12133
12036
12167
12081
12126
12079
12099
12181
12006
12236
11979
11874
11844
12009
11830
12051
12017
11978
11964
11907
12028
12058
12217
12001
11823
11990
11891
11816
11880
11734
11958
11686
11859
11949
12044
11637
11877
11755
11818
11867
11708
11790
11699
11759
11699
11922
11711
11858
11838
11616
11627
11768
11820
11708
11731
11782
11621
11882
11781
11554
11528
11643
11646
11644
11622
11616
11744
11675
11493
11570
11843
11779
11606
11531
11467
11557
11403
11753
11467
11540
11673
11379
11570
11423
11522
11386
11481
11322
11326
11399
11541
11541
11414
11565
11400
11594
11478
11437
11443
11436
11398
11520
11400
11285
11270
11414
11471
11369
11423
11196
11399
11245
11257
11319
11152
11159
11190
11229
11429
11300
11183
11176
11255
11340
11211
11210
11206
11010
11190
11202
11020
11210
11213
11163
10978
11108
11196
11115
10992
11001
10975
11099
11183
11131
11168
11059
10886
11159
11098
11062
11114
10998
11048
10962
10994
10947
11056
10844
11021
10939
10857
10822
10897
10890
10756
10809
10971
10848
10899
11082
10997
10836
11059
10891
10984
10861
10937
10922
10917
11041
10886
10835
10762
11003
10741
10839
10881
10752
10844
10792
10747
10742
11056
10750
10786
10830
10645
10806
10916
10677
10940
10964
10951
10646
10690
10630
10731
10727
10586
10763
10665
10663
10686
10728
10739
10818
10775
10724
10551
10632
10784
10951
10620
10659
10874
10868
10780
10614
10679
10624
10851
10631
10694
10774
10840
10569
10621
10718
10582
10746
10788
10642
10518
10597
10664
10581
10494
10538
10707
10766
10446
10583
10678
10654
10857
10544
10626
10642
10703
10747
10566
10625
10602
10556
10711
10558
10704
10556
10815
10802
10641
10661
10603
10507
10762
10580
10665
10496
10634
10760
10506
10600
10662
10811
10589
10738
10648
10687
10787
10669
10790
10864
10761
10993
10779
10863
10929
10903
10874
11029
10935
11097
10940
11176
11197
11164
11396
11442
11513
11598
11747
11725
11936
11901
12169
12150
12303
12484
12459
12838
12934
12860
12820
13260
13292
13569
13436
13654
13735
13860
14183
14143
14388
14333
14583
14640
14793
14967
15083
14954
15114
15275
15286
15431
15604
15384
15675
15747
15923
16135
15847
16364
16432
16656
16593
16941
17216
17058
17029
17155
17600
17385
17557
17915
17779
18167
18246
18086
17971
17815
17715
17521
17776
17532
17240
16867
17179
16811
16683
16411
16203
16044
15792
15602
15313
15177
14925
14649
14370
14239
14101
13587
13764
13358
13433
12697
12566
12527
12513
12089
11872
11785
11505
11419
11349
11236
11047
10807
10973
10769
10477
10537
10589
10373
10602
10419
10758
10399
10341
10287
10299
10270
10127
10162
10272
10304
10231
10365
10330
10344
10356
10099
10228
10072
10280
10384
10120
10160
10263
10310
10249
10287
10356
10360
10359
10188
10234
10150
10242
10227
10148
10335
10173
10051
10008
10376
10280
10512
10330
10092
10351
10293
10302
10278
10341
10392
10413
10626
10385
10362
10363
10371
10387
10383
10479
10511
10365
10416
10342
10509
10419
10454
10293
10476
10336
10226
10352
10404
10547
10437
10419
10373
10734
10641
10566
10653
10540
10573
10557
10585
10532
10576
10790
10571
10519
10545
10757
10853
10778
10732
10971
10833
10649
10751
10775
10594
10923
10729
10697
10719
10690
10771
10582
10727
11066
10731
10784
10930
10997
10734
10878
10916
10811
10802
10929
10949
10894
10989
10965
11102
10983
10842
10962
11019
10846
11024
11157
11152
10926
10954
11287
11042
11048
11047
11095
11213
11428
11256
11176
11151
11112
11254
11086
11172
11332
11264
11439
11136
11235
11250
11457
11436
11186
11131
11361
11465
11337
11410
11361
11469
11433
11528
11446
11438
11640
11329
11375
11455
11486
11537
11635
11514
11594
11471
11573
11662
11632
11450
11522
11594
11589
11778
11514
11745
11514
11398
11751
11862
11687
11837
11653
11663
11696
11735
11510
11880
11869
11740
11763
11810
11723
11838
11881
11685
11842
11749
11780
11917
11819
11892
12001
11898
11929
11953
11839
11975
12048
11899
11948
12024
11911
12062
12055
12094
11983
12152
12183
12066
11859
12143
12127
12068
12132
12285
12297
12349
11979
12081
12324
12244
12113
12282
12215
12333
12206
12099
12220
12093
12400
12098
12394
12146
12061
12400
12389
12127
12365
12377
12473
12437
12330
12486
12500
12329
12529
12499
12314
12550
12506
12547
12469
12448
12339
12462
12546
12544
12564
12755
12466
12570
12482
12706
12515
12530
12502
12606
12689
12887
12523
12509
12648
12693
12670
12411
12745
12613
12672
12675
12634
12548
12726
12641
12617
12631
12795
12859
12673
12662
12853
12719
12785
12753
12939
12647
12802
13115
12726
12970
12795
13137
12963
13081
12891
12798
12866
13211
12960
12978
13099
12972
13247
12968
12980
13186
13019
13044
13083
13017
13014
13091
13104
13025
12860
13011
12978
13124
13128
13092
12944
13037
13194
13244
12965
13077
13214
13177
13278
13374
13215
13181
13292
13338
13183
13229
13523
13216
13273
12980
13100
13174
13288
13334
13447
13316
13292
13399
13362
13472
13433
13185
13317
13298
13447
13564
13545
13452
13600
13644
13487
13526
13426
13460
13538
13347
13481
13468
13628
13548
13736
13534
13608
13568
13716
13551
13673
13463
13683
13904
13781
13903
13812
13593
13712
13555
13699
13745
13834
13703
13754
13946
13945
13637
14124
13604
13633
13873
13890
13618
13739
13868
14123
13913
14103
13871
13891
13915
13997
14026
14053
13855
14266
13974
14053
13976
14104
13907
14366
14146
14033
14196
14137
14065
14177
14292
14381
14058
14437
14360
14285
14480
14318
14310
13996
14169
14121
14437
14221
14433
14426
14524
14214
14546
14617
14552
14289
14654
14551
14377
14634
14597
14541
14435
14491
14587
14655
14528
14618
14641
14556
14766
14789
14839
14712
14440
14722
14654
14628
14999
14747
14867
14928
14950
14811
14654
14659
14808
14914
15016
15207
15068
15169
14950
15051
14987
15130
15080
14959
15183
14821
15309
15193
14991
15341
15213
15360
15198
15137
15303
15309
15333
15433
15517
15486
15222
15420
15376
15490
15340
15594
15511
15415
15639
15500
15618
15718
15742
15742
15457
15388
15607
15714
15680
16016
15693
15708
15595
15619
15579
15751
15994
15524
15853
15833
15904
15856
15748
16105
15976
15773
15867
16051
16177
15994
16126
15878
16115
16064
16110
16055
15973
15953
16255
16228
16004
16225
16048
15989
16121
15981
16304
16278
16097
16175
16257
16315
16364
16216
16495
16387
16136
16304
16526
16264
16189
16346
16305
16310
16404
16421
16421
16582
16310
16595
16609
16577
16578
16539
16601
16671
16871
16748
16570
16742
16517
16474
16793
16671
16548
16670
16888
16705
17032
16929
16793
16865
16845
16792
17015
17155
17202
17149
17194
17123
17222
17111
17491
17150
17498
17042
17255
17337
17331
17375
17507
17705
17432
17465
17554
17454
17441
17570
17623
17590
17539
17716
17768
17656
17971
17721
17819
17794
17852
17900
17825
18070
17808
17931
17984
18175
17997
17899
18063
18116
18143
18104
18125
18077
17985
18085
17821
17981
18209
18018
18240
18153
18019
18236
18263
17825
18184
18052
17958
18243
18161
18032
17947
18229
18238
18216
18250
18207
18250
18221
18142
18213
18408
18398
18280
18130
18552
18445
18592
18243
18210
18208
18346
18447
18554
18668
18503
18319
18501
18731
18665
18647
18515
18730
18817
18960
18873
18671
18455
18767
18695
18777
19060
18526
18734
18893
18815
18834
18947
18956
19262
18784
18552
18675
19160
18741
18962
18973
18954
19073
18896
19147
19118
19132
18994
18835
19016
18941
19085
18961
19459
19341
19286
18744
18924
18945
19192
19033
19300
18816
18877
18882
18544
18695
18770
18422
18445
18434
18349
18509
17981
18251
18081
18088
18248
17911
18170
17783
17519
17818
17720
17535
17565
17394
17304
17436
17031
17073
16934
16764
17178
17231
17220
17130
16802
16825
17061
16962
16950
16799
16639
16812
16874
16849
16815
16597
16855
16699
16726
16536
16349
16556
16603
16560
16433
16684
16555
16458
16364
16191
16492
16409
16145
16518
16522
16557
16341
16121
16373
16132
16384
16363
16289
16257
16326
16296
16097
16393
16282
16287
15932
16182
16000
16098
16146
15989
16027
16093
16149
16170
16126
16079
16033
15871
16184
16102
15986
15988
15984
16110
16209
15911
15879
16085
15841
15935
16101
16147
16134
16038
15897
16054
16007
15944
15965
15946
15619
15899
15599
15873
15933
15694
16002
15981
16050
15757
15698
15763
15869
16110
15816
15677
15633
15830
15876
16011
16067
15794
15715
15573
15787
15721
15827
15485
15580
15804
15591
15656
15816
15442
15738
15716
15773
15480
15673
15411
15450
15588
15591
15725
15625
15620
15453
15649
15794
15617
15815
15480
15577
15517
15518
15559
15279
15584
15549
15698
15647
15451
15571
15449
15630
15515
15280
15503
15486
15622
15526
15512
15557
15493
15379
15341
15516
15515
15468
15271
15568
15433
15287
15518
15337
15516
15462
15457
15510
15529
15314
15061
15421
15437
15260
15352
15390
15170
15507
15264
15715
15234
15321
15506
15341
15550
15435
15437
15333
15518
15247
15142
15346
15321
15285
15309
15132
15289
15104
15562
14977
15416
15196
15309
15206
15315
15253
15304
15297
15130
14994
15356
15398
15317
15067
15159
15359
15046
15284
15295
15224
15239
15310
15199
15219
15200
14932
15078
15324
15039
15153
15249
15290
15104
15270
15281
15212
15141
15054
15205
15131
15167
15115
15110
15106
14997
15096
15130
15315
15330
15154
15280
15011
15154
15239
15199
15067
14925
15287
15309
14854
15247
14946
14943
15262
14843
15105
15294
15110
14964
15100
14956
14803
15196
15323
14982
15336
15000
15240
15109
14981
15097
15112
15141
15204
15048
15030
14960
14959
15156
15141
15161
15232
15081
15152
14970
15095
15092
15100
15167
14892
14928
14947
14928
15141
15001
15176
14922
14942
15049
15088
15021
14855
15047
15143
15203
15022
15157
14893
14944
14988
15110
14987
15065
14918
15117
14967
14994
15079
15070
15157
14904
15006
14946
14942
15285
15018
14985
14938
15207
14916
15000
14944
14876
14947
14910
14837
15086
15116
15022
14964
14928
14881
14992
14862
14886
14865
14944
15124
15006
14698
15050
14860
14913
14805
14782
14745
14928
14766
14664
14879
14935
14912
14817
14982
14845
14773
14712
14659
14888
14740
14582
14684
14871
14585
14853
14608
14499
14464
14565
14685
14391
14365
14477
14544
14296
14688
14475
14415
14267
14421
14358
14140
14267
14368
14255
14567
14249
14268
14057
14220
14107
14202
14008
14252
13956
14181
13866
13991
13894
13788
13924
13812
13743
13637
13894
13796
13961
13669
13478
13628
13445
13411
13464
13525
13222
13678
13412
13599
13377
13348
13258
13180
13032
13199
13006
12874
12900
12990
12668
13006
12764
12749
12798
12977
12808
12719
12684
12666
12592
12737
12585
12557
12576
12529
12159
12343
12453
12243
12249
12173
12382
12319
12459
12164
12369
12010
12125
12181
12106
12000
11816
11854
11977
11874
11921
11877
11858
11794
11876
11809
11877
11913
11714
11652
11607
11795
11745
11552
11668
11589
11456
11724
11480
11524
11532
11587
11413
11442
11439
11496
11407
11305
11345
11421
11511
11376
11314
11568
11344
11321
11058
11232
11228
11246
11251
11188
11181
11080
11197
11173
11102
11213
11103
11030
11088
10969
10972
11175
11088
11178
11115
11152
11216
11081
10902
11098
10963
11126
11256
11065
11035
11053
10976
11257
10921
11204
11099
11078
11129
11293
11201
11253
11144
11356
11106
11302
11148
11102
11236
11330
11224
11321
11413
11255
11437
11321
11413
11468
11604
11414
11496
11452
11323
11449
11521
11177
11565
11562
11582
11485
11460
11539
11411
11515
11495
11622
11724
11635
11550
11721
11614
11784
11628
11723
11604
11715
11556
11573
11733
11611
11368
11418
11684
11369
11644
11350
11294
11479
11261
11267
11341
11011
11227
11097
10908
10926
11021
10796
10872
10831
10755
10676
10519
10693
10573
10344
10536
10306
10205
10309
10307
10398
10311
10115
10047
9899
10015
9915
10123
10075
9959
10072
9895
10007
9891
10002
9946
9849
9818
9981
9933
9648
9812
9579
9806
9687
9730
9871
9762
9751
9585
9822
9661
9492
9727
9864
9572
9627
9464
9577
9570
9676
9313
9463
9475
9549
9565
9699
9537
9456
9465
9582
9353
9273
9559
9507
9300
9343
9425
9337
9430
9381
9278
9336
9352
9194
9311
9284
9282
9368
9189
9233
9363
9262
9311
9293
9037
9307
9253
9271
9127
9092
9186
9123
9084
9150
9168
8999
9138
9040
9000
9009
9244
9049
8910
9140
8966
8969
8929
9205
8925
9066
8791
8944
8944
8905
8999
8908
8891
9175
9006
8935
9002
8832
9098
8898
8990
8920
8893
8736
8830
9030
8740
8986
8881
8899
8733
8875
8767
8720
8827
8889
8888
8704
8816
8853
8668
8778
8763
8673
8742
8654
8683
8807
8709
8657
8827
8676
8719
8753
8560
8708
8661
8653
8527
8620
8703
8686
8424
8593
8695
8223
8741
8552
8422
8520
8551
8587
8453
8539
8586
8419
8342
8390
8308
8517
8460
8427
8358
8253
8551
8300
8624
8254
8394
8422
8395
8511
8352
8257
8308
8443
8370
8449
8370
8136
8295
8385
8258
8314
8373
8203
8197
8195
8380
8271
8360
8201
8273
8206
8359
8047
8281
8220
8289
8214
8309
8314
8210
8179
8240
8189
8334
8121
8148
8226
8234
8050
8169
8141
8196
8031
8051
8165
8097
7910
8047
8192
8144
8275
8111
8077
8131
8130
8132
8162
7951
8109
8101
8082
8078
8047
8040
8059
7851
7998
8091
7942
7867
8114
8142
7840
7914
7854
7985
8074
8002
7994
7954
7999
8010
7905
7847
7814
8070
8019
7938
8119
7901
7771
7863
7770
7859
7873
7896
7982
7786
7845
7703
7795
7995
7810
7906
7937
7802
7703
7815
7804
7883
7800
7927
7748
7737
7822
7943
7713
7764
7715
7788
7882
7836
7887
7802
7762
7619
7677
7639
7744
7764
7645
7763
7652
7752
7638
7732
7623
7695
7693
7712
7577
7713
7609
7571
7638
7683
7742
7689
7581
7766
7585
7440
7613
7570
7623
7537
7667
7510
7678
7615
7620
7490
7664
7586
7554
7511
7561
7479
7530
7703
7611
7602
7533
7363
7643
7438
7585
7604
7524
7566
7476
7441
7585
7587
7516
7211
7573
7353
7445
7399
7482
7373
7191
7376
7451
7477
7464
7578
7397
7396
7118
7437
7420
7380
7386
7392
7519
7246
7427
7293
7510
7477
7375
7347
7404
7497
7362
7290
7415
7328
7305
7327
7340
7465
7266
7585
7333
7188
7246
7206
7433
7198
7409
7360
7370
7457
7279
7329
7511
7211
7340
7346
7308
7318
7288
7215
7370
7272
7514
7112
7164
7320
7283
7355
7409
7390
7444
7633
7537
7609
7499
7592
7562
7799
7862
8096
8138
8098
8264
8368
8655
8831
8977
9020
9343
9548
9812
9934
10166
10510
10697
11046
11200
11496
11790
12018
12479
12648
12943
13171
13846
13985
14268
14499
14714
14964
15357
15654
16039
16365
16519
16961
17038
17462
17808
17973
18379
18427
18912
19122
19163
19691
20134
20105
20463
20438
21337
21580
22152
22405
22531
22646
22991
23546
23536
23740
24294
24110
24673
24416
24432
24193
24264
24216
23846
23519
23153
22989
22697
22350
21777
21073
20446
20067
19281
19187
18456
17901
17446
16705
16082
15509
14943
14420
14012
13268
13030
12424
11919
11548
11099
10551
10354
9986
9503
9197
9091
8888
8710
8371
8087
8008
7797
7629
7581
7426
7208
7317
7063
7038
6890
6893
6886
6648
6749
6624
6649
6710
6619
6578
6658
6462
6580
6730
6471
6474
6572
6471
6543
6527
6277
6444
6424
6477
6345
6525
6490
6423
6434
6311
6327
6440
6381
6413
6303
6366
6346
6413
6336
6171
6307
6479
6420
6465
6283
6338
6256
6206
6297
6232
6258
6458
6487
6322
6330
6119
6433
6271
6246
6231
6297
6304
6336
6244
6328
6316
6243
6287
6303
6199
6355
6249
6225
6409
6284
6272
6154
6194
6103
6314
6211
6290
6167
6271
6281
6324
6225
6343
6137
6376
6384
6371
6332
6101
6223
6216
6278
6277
6357
6237
6208
6113
6238
6069
6336
6264
6331
6114
6149
6168
6235
6306
6130
6205
6331
6237
6168
6207
6238
6172
6320
6092
6338
6246
6192
6247
6067
6233
6121
6230
6321
6258
6198
6281
6294
6340
6261
6331
6080
6321
6332
6436
6451
6423
6344
6418
6575
6393
6700
6730
6605
6725
6828
7205
7141
7223
7413
7741
7587
8025
8024
8399
8658
8965
9301
9790
9977
10603
10869
11398
12021
12540
12966
13537
14049
14635
15347
15799
16382
17031
17826
18698
19133
20240
20750
21714
22181
23045
23928
24541
25103
25866
26646
27511
28013
29019
29496
30218
30776
31275
32282
32843
33329
34619
34833
35831
36734
37488
37700
38395
39476
40038
40872
41953
42214
42756
44205
44646
45017
45760
46423
46705
46774
47301
47898
46927
46955
46908
46389
45938
45084
44389
43956
42940
41696
40811
39485
38013
37124
35434
33918
32782
31092
30026
28630
27218
25656
24613
23212
22148
21004
19612
18769
17739
16630
15657
14947
13973
13144
12510
11784
11218
10613
9831
9295
9093
8379
8180
7720
7340
7291
7177
6789
6638
6423
6403
6043
6036
5925
5830
5631
5524
5550
5445
5288
5432
5249
5156
5133
5218
5188
5156
5096
5204
4967
5035
5067
5072
4984
5145
4836
4976
4950
4917
5094
4786
4884
4995
4814
4924
4784
4750
4951
4799
4839
4803
4751
4930
4805
4807
4877
4891
4752
4726
4768
4883
4845
4711
4846
4770
4825
4722
4672
4683
4859
4703
4752
4904
4863
4824
4667
4731
4847
4679
4739
4712
4823
4676
4711
4584
4783
4712
4620
4680
4664
4701
4702
4750
4693
4731
4592
4759
4700
4762
4563
4663
4627
4728
4713
4765
4707
4614
4748
4739
4712
4515
4568
4711
4663
4664
4666
4541
4700
4633
4617
4634
4605
4547
4803
4455
4517
4553
4545
4648
4668
4648
4535
4792
4554
4640
4546
4612
4500
4539
4537
4588
4593
4583
4523
4630
4578
4601
4642
4614
4536
4542
4477
4624
4487
4468
4423
4653
4504
4537
4484
4457
4531
4466
4403
4451
4439
4568
4488
4431
4487
4469
4500
4473
4481
4527
4444
4539
4508
4547
4565
4429
4489
4492
4510
4458
4445
4509
4398
4572
4407
4496
4411
4420
4485
4531
4276
4425
4468
4387
4429
4512
4511
4480
4457
4565
4563
4419
4530
4459
4370
4475
4427
4331
4525
4449
4412
4433
4477
4493
4426
4570
4467
4368
4448
4399
4387
4433
4375
4472
4408
4371
4338
4469
4322
4384
4448
4394
4370
4404
4343
4409
4308
4392
4352
4371
4435
4395
4346
4344
4350
4377
4370
4314
4379
4398
4275
4355
4245
4501
4321
4383
4319
4280
4248
4359
4324
4385
4239
4365
4421
4255
4384
4380
4368
4309
4365
4314
4291
4313
4229
4402
4281
4328
4296
4366
4281
4314
4470
4234
4348
4321
4209
4326
4366
4409
4331
4216
4316
4336
4395
4261
4313
4244
4386
4471
4308
4209
4363
4196
4215
4212
4395
4266
4503
4206
4135
4105
4189
4277
4353
4276
4289
4321
4327
4237
4265
4293
4188
4371
4289
4270
4334
4256
4242
4286
4321
4364
4185
4349
4252
4219
4150
4367
4137
4231
4339
4284
4301
4180
4192
4235
4171
4255
4223
4317
4152
4301
4359
4256
4172
4281
4286
4324
4262
4193
4156
4115
4281
4216
4316
4239
4311
4223
4387
4235
4285
4304
4248
4255
4289
4342
4193
4236
4242
4446
4282
4273
4333
4269
4365
4280
4375
4361
4291
4339
4252
4359
4481
4408
4428
4370
4277
4295
4271
4298
4350
4467
4440
4486
4453
4546
4587
4483
4382
4442
4520
4430
4590
4558
4757
4653
4660
4723
4609
4700
4802
4813
4863
4862
4954
4950
5055
5150
5414
5365
5722
5751
6067
6366
6576
6852
7199
7749
8231
8512
9158
9898
10348
11157
11748
12885
13742
14689
15752
17025
18530
19510
20816
22144
23773
25362
27185
28717
30554
32586
34235
36171
38211
40282
42285
44039
46161
48519
50373
52527
55402
56770
59058
61113
63624
65609
67687
69669
71681
74404
76252
78384
80479
82467
84427
86382
88799
90803
92986
95136
96773
98743
101282
103457
105853
107253
110214
111742
113776
115686
117034
118775
120037
121660
122129
122505
122867
122936
121700
121136
119008
118524
117407
114804
112462
109089
107418
104138
100783
97111
94007
89848
85892
81914
78622
74507
70844
67019
63026
59570
55943
52523
48574
45301
42029
38945
36443
33394
31270
28543
26143
24132
22254
20310
18740
16882
15709
14135
13225
12110
10965
10274
9385
8471
8001
7380
6755
6416
5872
5505
5006
4811
4554
4367
4182
3891
3709
3676
3487
3286
3180
3146
2978
2918
2755
2720
2758
2548
2595
2542
2372
2437
2461
2354
2320
2358
2306
2264
2254
2227
2231
2181
2157
2183
2162
2139
2135
2097
2033
2016
2024
1992
1957
2044
2029
2023
1977
1943
1983
1971
1937
1904
1833
1918
1855
1969
1922
1903
1835
1809
1894
1893
1872
1870
1836
1846
1803
1809
1847
1937
1772
1818
1821
1805
1828
1914
1836
1781
1798
1749
1745
1760
1828
1782
1810
1819
1775
1819
1730
1728
1777
1691
1797
1753
1773
1754
1720
1723
1750
1701
1677
1660
1690
1688
1671
1706
1699
1707
1705
1736
1755
1658
1624
1665
1661
1723
1698
1662
1745
1705
1646
1635
1600
1629
1672
1642
1588
1661
1668
1702
1577
1683
1590
1708
1619
1659
1598
1589
1584
1567
1672
1577
1670
1634
1607
1680
1679
1718
1660
1657
1644
1647
1657
1692
1667
1654
1745
1719
1699
1882
1777
1779
1869
1824
1896
1941
1979
2047
2223
2195
2328
2395
2374
2600
2730
2756
2980
3096
3246
3314
3563
3871
3871
4105
4312
4643
4770
4920
5183
5388
5780
5839
6237
6585
6808
7055
7354
7564
7749
8199
8699
8890
8895
9425
9647
9913
10237
10524
10822
10941
11339
11406
11914
12099
12477
12821
13054
13267
13737
13980
14088
14307
14633
15057
15124
15420
15711
16099
16200
16561
16684
16982
16882
16962
16926
16940
17206
17060
16947
16697
16518
16449
16243
15634
15435
14990
14664
14240
13727
13194
12605
12503
11835
11264
10574
10262
9581
9177
8847
8402
7868
7414
6838
6620
6133
5643
5458
5039
4749
4394
4158
3858
3595
3394
3142
3037
2735
2588
2527
2247
2179
2111
2019
1963
1821
1815
1654
1603
1604
1513
1495
1520
1436
1396
1318
1383
1264
1223
1345
1303
1206
1205
1166
1201
1156
1126
1147
1171
1117
1172
1139
1192
1066
1042
1101
1089
1088
1114
1076
1018
1138
1090
983
1077
1075
1095
1078
1090
1077
1052
1137
1024
1032
1018
1062
977
1028
1011
1050
999
1039
1029
1007
1046
1008
1069
1018
987
964
1013
992
1010
965
1016
1029
991
1077
1062
978
999
956
947
980
1055
1007
931
1055
956
1054
989
928
960
979
974
963
912
915
968
978
997
983
930
967
939
931
1018
976
968
953
978
927
873
988
939
962
961
965
914
942
935
926
895
999
920
933
949
922
925
926
952
1033
874
909
950
954
886
991
953
860
947
959
970
922
971
944
988
904
867
916
915
948
978
879
936
911
892
912
881
897
899
914
931
920
944
864
867
931
919
889
884
913
882
946
901
907
982
879
928
895
897
840
909
955
933
874
852
877
888
905
896
860
908
872
924
884
872
882
834
922
939
844
882
893
925
886
902
855
882
870
811
889
879
822
913
860
891
854
865
813
831
869
858
851
837
841
825
809
913
853
901
856
852
871
795
877
796
825
808
826
769
756
781
830
844
822
807
824
817
865
798
867
828
835
819
785
834
801
792
831
808
810
834
799
915
840
815
834
810
854
806
814
828
803
790
827
826
851
865
810
876
778
824
835
842
817
807
778
797
802
832
743
785
852
760
776
775
846
806
848
767
815
758
798
827
780
775
786
798
840
805
852
761
795
812
770
801
807
805
768
773
804
776
813
788
825
808
791
774
761
788
787
822
824
788
785
817
753
807
744
809
766
823
745
750
759
847
765
748
762
805
793
770
815
747
797
796
746
791
782
721
796
793
770
793
768
788
800
745
786
677
742
799
775
749
771
769
757
786
771
784
762
767
752
746
759
750
792
786
731
788
741
749
683
787
758
735
770
813
757
769
787
777
747
758
766
739
780
711
728
715
758
774
738
749
665
732
723
718
784
756
774
747
749
765
739
725
791
748
727
776
736
720
747
701
774
701
766
785
725
774
711
733
753
700
743
819
773
785
754
816
791
743
774
764
759
732
825
822
769
737
835
789
829
811
765
769
768
811
828
836
815
822
843
816
817
873
819
842
851
815
856
882
873
900
849
889
845
926
835
890
807
902
898
864
848
882
839
881
887
903
842
874
890
846
895
897
873
859
875
884
816
868
873
813
862
864
798
820
838
784
848
775
751
775
769
771
757
698
791
720
765
707
705
762
701
778
732
728
659
701
707
658
687
693
678
668
680
652
636
670
650
619
662
640
638
670
673
680
674
657
625
657
657
637
628
667
606
655
639
662
616
632
634
659
649
674
648
646
630
622
631
597
652
658
691
632
660
663
653
627
585
671
656
646
597
662
660
618
641
647
642
577
640
643
615
706
634
575
629
607
652
646
621
627
628
613
622
599
666
627
651
617
635
607
572
633
620
586
626
615
618
627
589
624
617
571
595
598
626
627
630
621
620
604
605
602
619
616
617
619
592
617
615
615
572
617
615
587
604
608
647
587
612
643
602
635
575
601
566
607
562
630
626
597
602
652
619
631
570
621
566
610
618
616
592
613
577
626
560
599
608
577
603
614
561
595
630
625
640
583
588
626
541
610
624
610
624
581
599
586
621
576
589
613
588
620
583
586
607
564
558
569
573
594
608
626
581
581
575
580
587
567
562
622
635
654
562
555
578
581
595
560
617
592
564
578
574
581
588
598
567
613
554
562
551
582
556
556
549
557
564
558
587
559
551
625
604
574
621
589
538
594
557
518
514
558
554
563
588
572
570
560
581
535
572
508
561
556
558
540
551
560
545
556
573
581
522
562
569
590
546
597
553
586
581
529
560
551
562
526
581
591
533
563
508
599
536
557
549
532
555
544
585
520
570
517
538
573
529
522
560
530
549
547
545
503
538
550
537
496
540
517
529
551
520
553
504
525
557
546
491
511
538
572
615
582
548
564
507
497
540
490
543
515
510
524
509
530
514
534
499
495
539
544
550
517
517
521
492
543
496
504
542
524
510
523
538
528
492
537
526
506
487
494
507
512
488
536
496
495
515
525
519
526
544
476
555
535
544
511
472
515
519
495
502
517
507
558
504
526
514
516
504
521
521
506
510
517
446
465
513
549
466
486
478
493
502
505
530
496
522
452
517
511
510
467
484
508
514
519
520
498
524
499
468
521
492
485
536
504
535
495
506
459
476
489
481
460
487
486
481
488
474
516
490
476
514
511
501
467
457
516
473
449
476
510
523
481
459
487
477
510
456
512
483
491
442
485
482
436
501
493
494
501
473
482
473
494
511
477
467
461
488
473
478
460
457
464
483
448
472
442
471
482
461
456
489
459
498
478
502
477
443
441
498
478
503
502
489
484
508
465
475
474
484
492
510
497
484
477
454
426
473
485
455
478
477
459
473
456
498
431
474
480
470
490
461
446
451
463
468
449
454
491
468
474
434
470
479
496
440
480
459
474
431
435
453
464
461
410
456
462
449
453
475
480
434
440
437
440
451
437
478
460
403
454
453
465
443
442
448
481
451
439
445
451
445
423
450
429
440
423
417
430
435
446
431
437
454
460
437
438
447
419
427
421
462
425
429
454
429
445
432
426
430
457
417
432
485
448
462
431
453
453
432
439
427
409
437
429
422
424
435
425
431
438
455
421
460
438
438
397
442
440
427
449
425
448
456
438
448
451
437
454
434
453
388
429
469
398
429
408
386
450
470
405
424
408
415
417
446
417
455
442
399
433
444
417
426
430
416
438
421
409
442
426
409
456
414
391
420
397
421
422
407
426
430
437
429
429
413
422
401
452
425
435
408
407
393
465
445
405
374
415
427
441
404
394
405
433
439
397
369
398
443
399
394
437
386
423
412
423
453
426
362
410
435
414
385
394
392
438
396
413
417
392
413
369
441
405
436
420
391
409
403
400
413
387
395
421
400
363
431
395
443
411
397
396
424
397
403
394
387
397
399
417
448
378
377
373
406
389
381
390
419
384
395
372
386
378
386
375
377
376
400
381
389
403
381
377
374
327
370
397
403
365
370
352
393
390
369
390
364
357
364
382
398
334
367
356
369
358
324
374
392
415
352
354
364
361
380
386
349
345
360
358
352
350
376
339
373
364
371
401
349
349
388
332
403
360
349
371
394
354
349
380
325
359
346
342
367
371
351
355
332
386
368
350
334
370
384
377
317
361
345
362
361
368
352
327
349
341
350
340
353
347
348
371
335
371
347
332
378
320
325
352
364
301
342
357
352
328
346
333
363
321
326
322
327
344
351
337
317
326
350
350
338
334
348
333
332
372
360
325
341
382
349
333
342
317
354
376
307
325
362
309
364
335
336
335
352
313
315
351
332
335
320
305
332
327
330
299
340
346
331
331
362
329
301
330
319
359
328
358
301
331
302
372
368
315
361
341
291
307
310
317
333
293
322
346
336
280
364
319
303
324
314
318
326
314
322
331
326
303
298
297
309
293
291
314
338
316
313
324
315
297
289
316
295
331
342
282
327
293
284
286
296
302
308
289
306
281
314
296
295
317
309
293
304
278
301
350
289
300
322
338
334
284
327
299
298
307
273
312
318
307
318
326
282
272
334
290
317
294
311
317
334
294
276
273
317
274
308
284
289
308
322
288
311
293
308
306
276
324
283
287
298
285
323
277
280
324
307
308
307
307
283
283
294
290
302
302
306
311
306
297
323
264
308
292
291
271
296
273
287
274
268
315
288
273
248
299
291
283
285
286
278
283
289
291
303
268
281
267
274
274
280
277
313
296
275
283
308
277
282
271
283
268
308
291
281
286
276
287
253
305
251
248
297
316
277
282
268
297
284
277
282
286
273
277
291
270
290
267
269
233
252
244
259
293
269
276
308
261
293
295
285
269
274
312
264
272
286
304
263
261
267
276
237
277
256
280
269
268
258
281
265
258
255
275
282
239
282
262
265
281
272
272
257
272
275
234
254
279
294
239
279
249
276
280
252
235
244
265
270
264
254
283
249
227
270
252
248
243
269
272
234
255
261
273
255
256
259
257
258
267
242
229
248
245
240
248
255
264
223
284
245
225
251
236
247
268
226
272
248
239
258
251
211
244
237
293
240
256
234
246
279
252
241
228
270
243
239
226
252
249
231
228
238
244
235
220
244
206
224
241
221
232
250
249
251
223
233
202
226
253
228
240
239
254
249
243
239
258
266
236
247
224
245
225
224
233
240
231
232
233
254
251
253
247
207
211
219
245
208
248
234
235
220
231
218
240
237
241
220
243
208
220
195
219
240
238
254
204
243
225
239
189
215
243
226
250
229
222
240
257
225
238
249
238
240
244
233
233
216
202
238
230
219
243
237
230
223
226
231
213
235
210
197
226
233
222
241
250
243
208
208
225
245
213
241
219
207
231
216
229
216
248
233
215
222
214
233
200
252
217
225
233
229
192
233
238
224
221
234
246
245
234
226
222
227
230
231
246
188
211
202
231
208
229
226
229
185
251
196
233
251
211
224
207
238
214
196
236
237
214
192
240
227
214
216
202
223
228
209
214
232
209
200
233
226
217
212
203
231
234
204
187
232
205
221
205
214
208
214
206
198
200
207
204
211
206
226
202
206
186
196
198
197
198
209
208
214
203
205
196
199
219
231
204
218
207
230
217
184
201
196
220
190
172
225
196
192
184
209
184
211
204
184
186
157
181
201
205
196
197
192
185
172
187
194
186
211
181
181
205
205
196
205
181
185
202
189
172
226
210
205
176
201
163
187
187
185
185
207
170
174
190
173
166
214
182
204
183
175
178
172
196
184
179
195
187
165
175
180
202
202
208
174
191
168
191
184
195
185
177
172
191
154
201
183
173
178
190
200
166
198
185
169
171
199
163
174
162
165
173
182
195
168
169
180
178
181
178
178
197
199
183
187
189
173
172
184
193
183
160
178
182
159
176
178
173
169
184
172
188
186
178
170
176
168
201
169
191
161
194
189
223
178
183
219
158
193
160
179
174
183
160
183
191
190
185
157
165
198
172
189
158
182
174
174
186
191
198
175
200
168
183
174
170
184
177
189
179
188
187
198
175
197
172
150
184
187
217
186
192
194
182
168
189
198
201
168
185
189
192
174
193
197
191
187
190
145
212
192
166
198
172
181
171
158
177
169
175
193
183
187
185
179
181
187
173
177
179
171
179
157
191
204
186
176
184
184
185
190
184
213
178
184
184
179
188
168
160
193
203
188
191
168
159
193
164
175
172
180
165
150
203
189
151
163
209
156
166
179
163
156
170
179
178
182
179
150
153
169
171
155
177
163
161
163
144
153
132
150
163
146
154
134
143
174
152
169
152
137
157
145
133
151
166
163
158
155
163
157
175
173
169
161
142
124
144
142
148
123
165
154
153
145
147
160
152
155
136
148
128
167
163
152
148
163
157
152
158
156
162
172
133
177
169
166
151
162
150
163
146
157
134
148
148
150
157
155
132
148
176
142
150
151
157
150
114
172
156
161
129
147
149
151
159
156
142
160
155
134
162
154
155
143
148
160
146
166
169
138
160
145
155
171
147
164
180
161
159
165
142
146
139
154
163
141
152
158
151
155
163
160
145
165
146
148
165
157
158
161
128
149
151
154
153
129
162
138
158
138
140
142
170
163
174
167
131
139
150
127
157
123
160
137
145
132
134
152
173
186
151
167
157
159
145
162
169
143
177
163
148
158
150
152
171
154
140
145
158
156
160
165
170
166
151
153
131
149
157
158
153
150
162
125
141
156
160
175
168
161
151
152
145
154
160
164
147
129
144
150
156
151
146
124
120
138
159
152
131
158
144
130
128
107
122
132
118
130
145
119
148
137
145
160
106
136
149
145
138
136
156
118
136
125
124
111
136
116
111
106
114
138
131
124
126
127
127
123
110
127
123
134
141
124
134
117
136
150
124
130
131
134
113
108
144
120
107
126
116
126
127
126
112
125
129
135
113
111
141
132
123
132
95
131
129
113
125
128
127
136
136
134
135
134
140
141
132
118
116
109
142
128
147
125
121
110
118
141
118
118
128
111
105
135
113
127
142
140
133
105
142
131
126
126
124
125
130
132
123
138
134
125
123
128
111
132
138
131
124
133
127
118
127
106
105
134
123
116
140
127
108
125
131
120
121
124
122
132
137
145
127
147
141
116
109
138
155
127
122
152
137
139
128
138
120
105
144
125
127
123
133
122
114
163
147
130
117
123
121
134
132
148
112
123
134
120
152
145
146
150
135
125
141
120
124
162
133
127
156
141
119
142
152
117
146
158
157
154
143
144
143
151
136
153
142
159
147
135
146
156
150
129
169
146
152
168
180
167
154
150
156
143
157
149
175
165
166
126
130
164
150
175
138
139
162
147
155
150
150
153
160
151
127
131
138
139
164
168
140
150
148
152
131
145
119
151
107
128
125
150
117
103
112
112
126
119
95
120
111
100
100
100
93
73
115
101
76
109
77
100
93
96
91
97
85
86
94
105
82
66
88
80
93
75
95
100
83
81
85
81
97
98
74
86
71
86
84
101
79
98
76
84
79
84
81
85
84
86
79
80
73
81
78
82
77
88
73
82
61
92
79
76
82
82
87
95
77
87
63
80
72
76
82
85
72
107
82
73
81
99
86
96
84
74
93
75
74
87
84
80
80
94
95
72
63
76
69
73
80
76
97
92
85
80
79
76
90
94
104
73
80
84
73
71
81
71
82
80
90
91
89
78
59
73
69
95
76
70
87
67
84
86
82
91
86
75
78
90
89
83
69
93
96
77
77
78
90
89
81
80
84
85
64
59
76
96
76
87
83
110
87
95
85
90
81
80
91
78
75
87
94
77
87
77
84
98
83
99
85
80
94
74
77
92
81
88
67
91
74
77
89
96
72
88
87
81
75
88
80
97
70
89
67
80
99
76
81
76
82
85
81
78
102
83
84
88
69
67
84
81
75
89
87
60
86
88
92
72
90
67
77
74
66
77
72
84
86
92
85
76
74
88
86
82
74
90
83
81
67
77
81
72
65
96
78
82
70
85
82
73
59
106
76
92
97
90
80
79
89
85
87
70
76
75
84
71
75
73
83
68
65
89
73
76
80
78
69
70
56
68
68
76
62
71
81
64
78
68
89
74
78
78
73
66
79
67
74
81
74
62
74
91
57
77
66
88
70
72
64
71
89
73
71
80
73
67
79
70
92
71
84
67
79
71
78
72
72
75
75
89
76
75
74
74
76
70
70
74
58
73
76
67
82
72
80
76
78
74
86
85
70
77
80
70
89
89
85
62
74
67
72
76
69
78
90
83
79
79
75
84
74
88
84
72
76
65
92
75
62
82
81
66
65
86
76
80
63
68
88
91
80
87
98
71
75
84
84
80
73
76
94
75
87
89
86
83
82
92
96
97
74
99
80
68
96
92
69
97
86
103
82
85
78
74
78
90
79
91
78
93
94
76
74
87
99
103
100
101
90
71
104
100
97
91
82
106
106
111
85
100
108
85
101
105
106
122
106
116
111
92
104
114
107
110
103
99
110
103
121
84
101
116
111
100
109
121
141
137
122
119
124
99
115
111
128
116
112
100
110
110
125
112
131
105
113
118
117
127
125
139
118
116
113
120
116
124
133
128
132
118
118
125
122
114
117
115
109
102
110
109
89
102
96
98
79
110
92
88
85
67
69
88
72
80
57
58
74
56
71
60
59
61
46
57
60
57
41
49
44
37
48
39
44
37
39
30
42
43
49
33
37
39
43
38
40
25
39
40
30
30
26
23
35
29
27
40
31
27
31
32
30
46
27
26
29
36
33
33
25
38
34
29
36
26
26
25
32
31
35
29
32
25
39
30
28
25
35
33
25
41
34
30
27
30
24
20
29
34
30
30
24
30
37
26
24
42
40
34
25
23
28
25
26
32
29
32
21
36
26
36
27
28
32
35
24
28
32
36
26
25
28
38
30
25
31
30
35
34
28
31
25
32
36
36
22
39
28
27
36
38
31
28
33
44
42
37
33
30
28
27
26
32
31
32
28
38
30
33
19
28
33
37
42
35
38
30
33
31
35
35
30
24
54
32
35
23
30
36
32
29
30
43
26
25
26
36
22
35
33
26
34
36
31
37
36
33
38
32
37
36
34
21
35
32
28
36
30
28
27
33
35
43
30
31
40
35
33
34
28
38
31
31
41
30
28
33
29
48
33
43
41
36
33
36
40
48
40
27
40
35
41
49
40
53
36
45
43
39
47
45
39
38
42
34
36
37
48
35
39
34
49
34
37
41
40
38
33
32
44
37
41
33
42
41
30
24
37
52
36
26
32
32
29
26
32
24
39
28
20
34
28
39
23
27
31
25
16
21
22
22
22
18
22
14
12
24
20
23
23
17
20
24
25
22
27
16
23
25
16
19
23
17
13
10
17
17
23
14
18
10
16
17
8
17
19
9
19
17
13
19
10
15
17
12
21
21
14
15
11
16
21
18
10
18
15
11
18
11
14
19
14
12
14
16
9
12
23
11
17
8
21
15
11
14
12
21
18
12
11
16
10
27
11
16
18
16
15
7
13
15
8
11
15
12
12
17
24
14
18
13
16
15
24
12
18
15
10
12
14
10
13
10
14
19
15
9
14
16
17
12
12
12
9
10
19
14
17
14
11
14
12
20
12
16
19
11
13
14
15
10
14
18
18
24
18
14
14
11
11
14
12
15
18
17
14
13
20
18
17
16
18
15
10
18
16
8
11
22
8
26
16
20
17
11
15
18
14
11
12
9
19
14
14
12
20
16
14
16
18
14
9
16
12
18
14
22
20
14
13
15
15
6
13
15
19
21
13
7
13
9
18
13
17
14
18
4
25
17
17
13
13
20
14
16
17
12
11
10
20
7
16
11
16
16
16
11
11
14
17
13
12
12
15
16
19
10
19
19
16
17
17
15
10
16
15
14
19
13
15
15
11
16
14
13
11
19
21
12
12
8
16
14
15
13
13
12
13
19
15
10
16
13
14
14
13
15
15
13
8
12
16
15
11
14
17
17
14
19
10
12
10
11
12
21
9
12
19
4
17
17
17
9
11
12
15
13
11
9
16
10
16
16
17
11
15
8
14
11
5
13
12
14
7
13
7
10
8
13
13
11
15
15
9
15
7
10
7
13
11
8
14
11
15
10
11
9
17
7
16
14
8
13
15
10
18
7
9
8
11
14
9
10
4
9
18
15
10
21
11
12
8
9
11
12
13
9
12
3
14
13
6
6
15
11
7
18
9
19
19
6
5
6
6
13
11
15
15
10
8
10
10
16
9
12
13
9
11
7
14
9
7
13
12
9
13
13
6
9
11
8
10
10
12
12
15
8
14
14
7
13
10
10
9
11
8
6
11
11
9
16
7
15
13
11
10
7
26
9
7
14
6
7
19
14
5
12
9
11
6
13
7
10
10
7
5
9
19
12
8
11
5
12
16
8
9
10
6
12
6
6
13
14
12
6
14
9
15
10
11
7
9
13
8
10
10
9
13
14
6
12
13
13
8
9
13
16
10
18
15
11
9
11
13
16
12
13
15
9
8
7
6
7
17
13
14
10
14
14
18
15
10
12
5
13
17
7
12
16
11
15
12
11
11
20
7
12
10
16
12
17
11
8
13
9
7
7
18
9
16
11
11
17
14
14
11
7
18
10
8
11
10
8
11
15
10
6
10
12
11
2
11
20
6
8
12
8
8
6
4
8
8
15
17
13
6
14
9
10
11
7
5
15
16
15
7
9
8
10
8
7
8
11
14
10
10
10
10
8
4
9
10
9
7
12
14
9
6
9
12
8
13
10
7
13
8
8
6
7
10
8
9
6
7
11
12
8
14
9
8
10
8
11
6
13
7
18
7
10
8
6
9
7
10
9
7
5
10
4
10
9
8
11
9
7
8
7
5
11
6
3
6
13
11
4
6
11
6
14
9
6
12
7
8
11
7
8
11
5
6
10
6
9
9
11
14
5
5
7
6
11
3
11
5
9
8
6
9
7
6
9
10
7
9
6
5
9
4
5
4
7
8
13
10
10
3
5
11
10
16
4
6
12
9
10
11
6
12
6
12
11
3
7
12
3
8
11
8
10
11
6
7
7
12
11
10
9
5
10
7
6
4
9
13
11
5
8
14
7
6
13
12
7
10
15
9
6
9
11
14
8
9
10
6
9
8
6
7
10
10
9
11
6
6
12
9
10
8
5
5
7
8
11
13
9
10
8
5
5
3
11
8
10
11
9
12
12
9
5
8
11
9
11
8
5
8
9
8
8
6
7
10
5
10
7
6
6
14
8
8
11
8
7
6
16
5
7
2
7
5
8
11
10
6
10
13
5
9
6
7
5
8
9
9
13
9
7
5
9
6
6
9
11
11
5
10
8
7
7
12
10
6
6
7
4
16
7
9
6
6
14
7
7
7
7
3
10
11
5
8
7
7
10
4
7
9
3
8
13
7
10
6
8
2
7
11
5
7
11
7
7
7
6
6
7
9
4
10
9
5
8
5
7
5
7
2
7
3
11
5
7
6
11
11
10
5
15
11
11
10
11
8
7
10
8
5
12
8
5
3
11
10
8
6
8
7
12
4
9
5
7
6
9
12
13
9
11
11
9
9
6
5
23
16
7
8
5
11
8
4
4
12
5
9
5
13
9
6
12
6
11
10
7
5
14
6
6
8
8
11
6
6
8
6
8
5
8
7
8
7
4
12
6
12
7
9
2
6
3
5
7
7
8
5
6
6
6
7
10
7
4
8
6
6
6
7
5
8
10
15
12
5
11
8
3
7
7
13
9
3
9
11
5
7
6
7
4
12
11
6
13
4
12
9
11
9
6
9
12
7
7
6
4
10
10
3
12
7
7
4
8
8
8
10
5
4
7
14
7
5
7
8
6
4
8
5
2
7
6
5
5
12
6
9
4
10
8
5
6
8
6
4
8
5
6
8
10
6
7
8
5
2
12
6
13
3
7
6
7
6
3
5
6
7
5
8
2
5
11
6
10
6
8
7
11
10
4
9
6
7
7
4
6
11
7
5
8
7
5
4
10
7
3
12
5
6
7
4
8
3
6
7
5
5
9
5
5
6
7
9
9
5
5
6
11
3
8
7
9
10
6
7
7
9
8
5
7
9
7
9
7
6
9
5
11
9
9
10
5
4
5
7
8
10
8
7
5
7
1
7
9
4
4
7
8
5
5
3
3
12
7
3
10
11
4
6
8
7
11
7
7
3
7
6
7
5
11
6
4
6
14
10
5
9
7
8
2
3
4
9
7
9
7
9
8
13
6
6
6
4
5
1
6
4
11
11
6
7
7
7
6
7
2
8
5
7
6
7
6
4
3
6
11
3
4
5
6
5
1
3
9
4
4
3
9
7
7
5
7
3
7
5
7
4
3
5
7
6
7
7
7
8
6
3
7
7
6
5
7
5
8
8
5
11
2
6
6
2
6
4
7
4
8
8
5
6
6
8
5
8
9
2
6
5
4
8
5
6
3
10
6
6
3
4
3
9
3
9
6
3
6
3
5
5
3
10
2
9
6
12
7
8
5
6
5
5
2
3
4
5
12
10
8
9
4
8
3
7
3
5
6
7
5
7
7
6
7
5
5
7
7
11
5
4
4
4
3
6
5
10
6
4
7
6
7
5
8
4
2
3
3
7
8
4
2
5
2
7
5
4
8
9
1
0
8
4
7
7
5
9
6
3
7
4
3
4
5
4
4
4
3
3
3
3
5
4
5
3
4
2
4
10
7
5
1
4
4
6
5
7
11
2
7
8
6
6
5
7
5
6
8
4
4
3
5
6
2
8
8
9
3
3
9
6
3
4
6
4
6
5
5
6
9
2
7
4
10
1
9
4
8
4
5
6
8
7
5
1
7
7
5
4
7
11
4
7
4
4
6
4
8
6
5
3
4
5
5
1
7
3
6
7
3
6
9
6
1
2
7
3
5
8
8
3
8
5
6
12
4
2
2
5
8
4
6
5
5
5
7
5
8
3
1
5
5
9
6
1
5
4
6
4
7
4
5
10
5
4
7
5
6
5
5
3
8
7
5
2
6
4
4
7
5
6
4
8
3
4
3
5
6
5
3
2
7
5
4
3
4
4
4
5
7
4
6
4
8
3
6
3
8
4
5
7
5
6
5
6
3
6
4
2
3
5
3
5
5
3
3
6
6
7
4
3
1
8
6
1
3
3
4
2
3
4
4
4
3
5
6
4
6
7
7
3
7
10
13
7
3
6
8
6
11
5
6
11
6
13
9
7
8
7
4
5
7
7
8
9
6
5
8
7
15
12
8
6
7
11
6
16
6
15
6
8
10
10
4
5
14
7
11
7
10
9
8
6
9
9
10
7
2
6
9
8
6
11
8
5
5
5
11
9
10
5
5
10
4
8
5
4
5
8
5
10
1
3
6
6
3
4
4
9
5
9
4
5
1
4
4
5
4
4
4
4
3
8
3
6
4
6
4
3
8
3
3
3
4
6
3
2
2
4
4
5
1
2
4
4
2
6
9
5
3
4
2
3
3
5
6
5
1
2
5
6
4
0
3
3
7
9
2
6
5
2
2
7
5
8
4
9
5
6
4
4
5
4
6
5
2
6
6
6
1
7
5
2
4
4
1
6
4
2
6
4
3
3
5
3
1
3
6
4
2
5
7
7
5
10
5
2
3
1
1
4
7
5
8
4
3
3
4
1
3
3
3
2
4
4
11
6
3
8
4
3
3
4
4
2
5
5
4
4
1
11
7
5
7
6
6
6
2
6
8
5
3
4
3
2
1
4
3
4
3
1
7
7
3
4
5
6
4
6
4
5
6
5
4
5
5
5
4
4
8
5
5
1
10
6
8
6
4
10
9
6
6
5
5
6
6
3
8
4
4
4
6
5
4
6
5
3
3
5
8
6
5
4
7
5
6
10
5
2
3
4
3
3
2
3
5
2
4
3
6
5
4
3
6
2
0
6
3
1
4
4
3
6
4
5
1
6
9
7
3
2
2
3
4
4
4
2
3
6
8
7
4
1
5
4
4
5
3
5
4
9
4
8
7
3
4
4
4
3
5
6
2
4
5
3
2
5
3
3
3
1
6
3
3
2
5
0
4
4
6
7
4
5
4
5
5
4
1
3
4
4
4
4
9
1
3
6
7
2
3
8
7
6
6
5
2
6
0
4
4
5
4
2
2
4
3
5
10
6
3
3
4
8
3
6
5
2
3
7
4
3
4
3
6
3
2
2
1
5
2
2
2
2
6
5
1
2
4
6
3
3
5
3
5
8
6
6
3
4
9
8
6
1
8
4
2
2
8
4
3
4
1
3
4
9
3
4
4
5
4
2
3
4
2
1
3
5
3
5
4
4
3
2
3
4
6
6
0
3
6
3
5
3
1
3
7
0
7
3
4
4
2
3
6
0
1
4
8
4
6
5
6
8
3
3
2
3
6
1
7
2
4
4
2
5
3
1
2
2
3
5
4
6
4
4
3
3
1
5
3
3
5
2
3
1
8
4
7
3
4
7
3
3
5
6
9
5
5
5
5
4
4
2
6
2
4
6
3
4
7
7
6
7
5
7
5
5
4
8
4
7
8
6
6
3
5
8
5
2
4
5
7
8
8
5
6
9
11
5
6
5
6
5
6
4
8
5
10
5
13
9
8
8
6
6
3
3
5
5
7
8
5
5
7
5
3
5
10
6
7
5
3
3
5
6
6
3
4
5
7
7
4
7
8
3
2
1
3
4
2
6
4
6
3
9
3
3
4
3
5
6
6
4
7
4
2
6
8
4
4
7
3
4
5
2
4
7
3
3
2
1
2
5
6
6
3
10
3
4
2
6
3
4
3
2
4
5
6
5
2
3
1
2
2
3
5
5
1
6
5
1
3
4
4
2
4
5
3
1
1
1
2
4
4
2
3
5
6
2
3
3
5
3
1
3
1
3
3
1
3
4
2
0
3
7
2
5
3
3
8
3
4
6
5
4
2
4
2
3
1
3
3
3
3
3
4
1
6
3
2
4
3
4
2
1
1
6
2
5
1
4
1
8
2
2
3
1
3
2
5
0
0
2
3
3
4
2
5
1
4
1
0
0
1
3
5
1
2
2
1
2
5
4
2
2
4
1
3
1
3
0
5
6
2
1
1
2
3
1
1
6
0
3
2
2
3
1
6
6
2
6
1
4
5
6
3
4
3
2
6
2
1
4
6
2
2
1
3
1
2
3
3
2
3
4
5
6
3
7
7
3
2
2
4
2
3
2
4
1
1
5
3
4
0
4
4
3
4
3
3
3
1
4
3
4
7
2
1
2
4
3
0
2
2
3
0
4
4
3
2
4
1
2
1
4
5
2
2
2
1
1
3
4
1
2
2
6
1
2
4
3
5
6
2
4
7
1
3
1
3
2
4
3
2
3
2
1
2
3
3
4
2
4
3
2
5
1
4
4
2
1
3
1
1
5
4
4
4
4
3
3
2
2
5
4
4
4
4
4
6
4
2
5
2
2
1
3
5
3
6
1
1
3
1
2
0
1
5
4
2
1
1
3
4
1
2
3
3
6
1
1
4
2
3
11
0
5
2
3
6
5
6
2
3
3
4
2
5
4
3
0
0
2
1
4
1
3
3
4
4
5
2
3
2
4
1
4
5
2
4
5
4
5
3
3
5
1
4
3
3
0
2
5
9
3
3
3
5
3
1
5
1
2
2
0
6
5
5
2
3
8
4
4
6
2
2
2
6
2
3
4
4
0
3
3
6
5
5
2
1
1
3
5
4
4
3
6
1
2
2
2
2
2
3
0
1
2
4
2
4
1
2
5
3
5
3
1
3
1
0
4
1
2
3
6
3
2
3
1
1
4
2
2
2
1
5
1
4
3
3
3
4
3
3
3
2
5
1
1
1
6
2
2
2
4
1
5
4
3
3
2
0
0
2
5
5
0
1
2
4
4
3
5
3
3
2
5
3
0
2
1
2
3
6
2
3
1
2
2
5
8
1
3
4
4
4
0
0
2
0
2
3
4
5
5
3
4
3
3
1
2
4
3
2
1
1
2
4
4
1
1
2
2
3
4
3
4
4
4
7
6
4
6
2
0
3
4
1
5
1
2
2
4
5
5
3
6
5
2
2
2
1
0
1
6
4
2
1
3
1
2
2
2
1
5
3
6
3
1
4
5
10
5
1
2
2
1
3
6
1
5
0
0
1
7
2
2
1
3
5
1
1
4
5
1
2
0
1
3
4
1
1
3
1
2
3
4
2
4
2
2
2
4
1
3
3
4
3
2
3
0
1
5
0
2
3
6
6
4
2
5
3
2
0
5
0
3
5
3
3
3
1
8
0
2
2
5
3
4
1
3
2
2
2
5
1
2
2
1
2
3
4
1
5
3
2
2
4
3
2
5
3
3
0
0
4
3
4
2
3
1
4
3
4
3
3
2
1
1
6
0
0
1
4
3
2
3
1
6
7
3
1
1
4
3
1
4
6
1
3
0
7
0
7
3
0
4
0
2
1
2
3
2
2
0
3
6
4
2
3
2
3
5
2
4
4
5
2
3
2
1
1
4
3
0
2
2
4
2
2
2
1
3
0
1
3
1
1
2
4
2
3
4
1
6
4
3
2
5
2
3
1
5
5
4
0
2
4
2
3
3
4
3
9
4
1
2
4
3
1
4
1
2
2
3
3
6
2
4
5
2
6
3
5
6
3
6
2
6
1
0
4
2
2
2
1
4
7
0
0
0
0
3
3
1
3
4
4
1
2
2
2
3
1
0
1
0
3
3
5
3
1
4
5
4
1
2
1
3
2
5
4
6
3
2
2
7
3
1
1
5
4
0
1
1
1
3
4
1
3
2
2
3
2
4
2
0
3
3
2
2
4
2
0
1
4
4
2
3
5
1
5
3
3
0
1
2
1
2
1
3
2
1
0
6
3
3
7
0
4
6
3
2
0
7
4
3
0
3
2
4
5
3
4
2
1
1
7
3
1
1
5
2
1
4
4
0
0
5
3
3
3
3
2
2
6
3
1
2
1
5
0
2
3
4
0
2
0
1
0
3
0
9
3
1
4
2
3
1
4
4
2
1
4
2
1
2
4
1
1
1
3
4
4
4
1
3
3
4
3
1
0
1
3
1
1
2
4
2
1
2
4
3
3
2
2
4
1
9
0
1
1
2
1
2
3
2
2
1
2
2
2
1
3
1
0
1
3
2
2
0
6
4
3
1
6
3
3
3
5
3
3
1
2
5
4
3
6
2
0
3
6
2
0
3
3
2
3
1
2
3
1
3
0
2
1
3
6
3
2
1
0
2
3
2
1
1
3
2
0
1
0
5
2
2
6
2
2
1
1
0
1
1
5
3
4
2
0
5
5
2
1
0
1
4
2
0
3
4
1
4
3
4
1
1
4
0
0
2
5
6
0
2
6
1
4
1
3
3
1
0
1
1
4
2
2
3
1
1
2
2
0
0
3
5
4
1
2
2
1
4
1
1
3
4
4
4
1
3
6
2
5
0
2
1
2
4
2
4
2
2
6
3
1
5
2
0
2
1
3
0
3
2
0
1
1
5
2
1
1
4
2
3
5
0
4
2
0
6
4
1
3
0
2
2
4
1
0
3
5
3
1
1
1
3
0
5
1
1
2
2
1
5
1
4
3
3
1
4
5
3
2
3
4
2
2
3
4
2
5
2
2
4
3
4
4
2
3
1
1
4
1
2
3
0
3
2
0
0
3
6
0
0
4
2
1
5
3
0
0
2
3
3
1
3
1
4
3
2
2
2
5
2
0
2
3
1
1
2
10
3
4
1
4
3
5
2
2
0
1
6
3
2
3
2
2
2
7
3
5
2
2
4
1
0
4
6
3
0
0
4
4
1
0
1
3
5
2
1
3
4
4
0
3
3
1
3
1
1
2
2
5
1
5
5
1
1
3
4
4
0
3
2
2
4
4
3
3
2
2
3
1
2
2
1
2
2
2
2
2
3
3
1
6
1
4
3
0
2
1
5
1
2
1
1
1
3
1
5
4
1
3
2
3
2
4
1
2
3
3
1
2
1
2
1
5
3
1
3
2
3
4
4
4
2
3
3
1
2
1
5
2
0
0
2
3
6
1
4
4
4
3
6
2
1
7
5
3
3
4
3
5
4
2
5
3
2
3
3
3
5
4
6
6
3
6
4
2
2
4
4
4
0
8
4
4
9
2
3
2
4
4
1
7
4
5
4
6
6
7
1
6
5
3
10
3
4
4
6
1
3
3
3
2
5
8
4
2
3
4
5
4
3
5
4
3
1
4
3
4
2
2
0
2
3
2
3
3
7
3
1
3
4
3
3
2
1
1
1
1
1
2
5
1
3
4
1
3
2
1
1
4
4
3
1
1
2
2
1
1
2
4
5
4
1
5
1
2
3
0
5
2
1
1
3
3
2
4
1
3
2
4
2
1
2
3
3
3
0
4
3
4
5
2
2
4
2
4
1
3
2
3
5
3
1
2
5
2
0
1
2
2
2
2
2
4
1
3
1
4
1
0
2
2
3
2
4
0
2
0
2
1
1
0
2
2
1
2
2
1
3
2
3
0
1
1
1
1
1
2
1
2
2
1
2
6
3
3
1
5
2
1
2
3
2
2
4
2
2
1
1
7
3
0
1
4
2
2
3
2
3
2
5
3
3
4
1
1
3
4
0
0
3
5
2
2
2
4
4
5
2
1
3
3
4
4
1
3
1
0
2
1
3
4
5
2
2
3
1
0
1
1
2
6
2
1
1
2
2
4
1
2
2
3
2
1
5
3
5
4
0
1
2
2
4
2
3
1
1
2
2
2
2
4
3
3
2
2
0
4
1
1
2
1
1
1
1
2
3
0
0
6
2
1
2
0
5
2
2
1
0
2
1
3
1
3
1
2
4
2
0
1
3
0
0
3
0
2
3
2
5
3
5
2
3
0
4
2
2
0
2
5
5
2
2
4
3
3
2
3
3
2
1
2
3
3
5
3
3
0
3
3
1
1
4
1
1
3
2
2
2
4
2
4
2
2
6
3
1
6
1
1
1
1
3
6
1
5
1
3
4
0
3
3
4
1
4
2
0
1
1
3
4
4
3
3
1
3
4
2
2
1
3
4
3
1
8
4
1
2
4
1
2
6
0
0
1
1
2
2
0
4
2
2
1
2
2
2
3
3
1
2
5
1
2
1
4
1
1
1
2
2
4
3
4
0
1
2
1
1
2
1
1
4
2
1
0
0
2
0
3
2
2
2
3
1
4
4
2
1
0
2
0
2
2
0
1
4
2
1
5
5
2
1
4
6
1
3
1
3
4
0
1
4
5
4
3
2
6
2
1
2
1
6
5
1
2
0
3
0
2
3
3
1
0
3
4
2
3
2
1
2
2
4
3
2
2
5
1
4
2
1
4
3
2
2
3
0
1
0
2
3
6
3
3
3
2
1
1
1
1
2
0
1
3
1
1
1
1
2
4
1
0
1
2
2
3
2
4
2
1
1
3
0
3
4
0
4
3
3
5
2
2
2
2
1
5
2
4
3
0
1
3
5
3
3
3
1
2
1
3
2
4
5
0
3
1
1
4
1
0
2
2
2
6
2
3
0
3
4
7
3
1
2
1
4
5
1
0
1
0
2
0
5
1
3
3
0
2
1
2
2
3
1
5
2
0
2
1
1
2
0
0
3
0
1
2
1
3
1
3
3
3
3
3
3
0
2
0
2
3
3
7
4
1
1
3
1
1
2
0
2
2
3
3
3
1
1
3
3
2
3
0
5
3
3
2
2
1
3
1
4
0
1
3
0
0
4
2
1
1
5
7
4
1
3
0
3
2
1
2
2
1
4
1
5
0
1
3
1
0
3
2
3
2
4
1
1
2
1
2
2
3
8
4
1
2
4
1
1
1
3
0
3
1
4
2
2
1
1
1
3
1
1
1
3
1
7
3
3
2
0
1
2
3
5
1
1
2
1
1
5
2
1
3
1
3
1
4
2
1
2
5
4
2
1
4
4
1
1
3
1
2
1
1
0
1
1
2
4
1
1
1
4
1
3
1
0
4
1
7
2
1
2
2
1
2
4
2
0
1
2
1
3
2
3
1
1
2
1
1
0
2
1
5
3
1
2
1
3
2
2
1
2
3
2
4
2
5
4
3
2
3
3
3
2
0
0
3
1
4
3
2
3
2
1
3
1
4
1
4
1
1
3
3
1
1
3
3
1
3
0
1
3
2
2
1
5
0
1
2
2
7
0
3
1
3
1
4
3
0
3
2
3
1
2
3
1
3
2
1
1
1
0
2
1
1
0
2
3
0
1
0
3
2
2
4
0
0
3
4
0
0
3
4
1
3
2
1
1
3
5
1
1
0
4
6
5
4
1
2
1
2
1
1
1
1
4
6
3
2
0
2
2
1
2
3
2
3
2
4
2
3
0
2
2
1
0
3
4
1
3
0
2
0
0
0
1
3
3
3
1
3
2
3
1
0
0
3
1
3
1
1
2
3
1
1
2
3
3
1
4
2
2
1
2
3
5
3
1
2
0
5
1
2
1
3
3
0
3
0
1
0
3
1
0
4
1
1
1
2
2
3
0
2
4
0
4
2
0
3
3
1
2
1
1
3
2
2
1
1
1
1
3
1
1
6
3
2
1
0
0
2
1
0
2
2
0
3
4
1
1
4
2
1
1
3
2
3
1
2
0
2
2
2
0
1
2
5
4
2
2
2
1
1
3
3
4
3
1
2
3
0
1
0
5
1
1
4
4
0
1
1
1
1
6
3
0
3
2
5
0
0
2
3
0
4
1
3
0
0
1
1
0
1
2
1
1
2
6
4
1
4
2
1
4
0
1
2
3
2
0
2
1
2
1
3
0
3
1
1
2
2
4
1
2
3
5
2
2
4
4
2
4
3
4
4
4
6
2
4
2
2
8
1
2
1
2
2
2
3
7
3
3
2
4
3
0
4
1
4
3
0
2
6
0
0
3
1
3
1
2
4
2
3
4
9
3
1
3
5
3
5
0
1
2
1
1
0
2
2
5
1
2
1
2
1
3
2
0
0
1
0
2
1
1
2
2
0
1
3
1
2
3
5
2
1
1
3
4
4
3
2
2
3
4
2
0
2
2
1
0
1
1
2
1
1
1
2
2
5
5
1
2
2
4
0
1
3
6
2
1
1
1
3
3
2
3
2
1
0
2
2
2
0
3
2
2
3
1
2
1
5
3
3
1
1
2
0
1
1
2
1
4
0
1
1
1
0
2
3
2
2
4
1
3
0
1
0
1
2
1
0
1
1
4
1
5
3
1
4
1
1
6
0
0
1
1
3
1
0
1
0
1
2
1
0
3
2
2
0
2
2
1
2
2
1
2
3
4
2
2
6
1
6
5
0
1
0
1
2
1
2
0
1
0
1
1
4
3
1
0
1
3
3
2
0
0
0
1
2
0
3
0
2
2
1
1
0
2
1
2
1
2
0
0
0
1
1
1
1
1
2
1
0
1
1
1
1
2
1
1
1
4
2
1
0
0
0
2
2
0
1
1
3
0
1
0
0
1
0
1
2
2
1
1
2
1
2
0
2
0
1
1
3
0
1
1
1
0
3
1
2
0
1
3
1
0
1
4
1
0
3
1
1
3
1
2
1
3
2
0
0
0
0
4
3
1
1
1
3
3
0
1
1
0
1
0
2
0
2
4
2
2
2
0
2
1
0
4
0
0
2
2
3
0
0
0
2
1
3
2
1
0
1
3
0
3
1
0
0
1
1
2
1
0
3
1
0
0
3
1
2
1
5
1
0
2
1
0
3
1
1
0
2
0
0
2
0
1
0
0
0
2
0
1
0
0
3
4
0
1
0
1
0
1
2
0
5
0
1
1
1
2
0
2
1
1
1
2
0
0
1
0
2
1
0
2
1
3
1
3
1
2
0
0
2
1
3
0
4
1
3
1
1
3
1
0
0
1
1
5
0
0
0
3
4
0
2
2
0
1
1
1
3
2
2
2
1
0
0
2
0
1
1
0
0
1
1
1
1
0
1
2
2
1
3
1
0
1
2
2
2
1
4
2
1
0
1
4
0
3
0
3
2
0
3
2
1
2
1
2
2
0
2
0
2
0
3
2
1
2
2
1
1
2
1
1
0
1
1
1
1
3
1
0
1
1
0
2
1
2
1
1
1
0
2
1
0
0
0
1
0
1
4
0
1
2
2
3
4
1
1
1
1
2
1
2
0
0
0
1
0
0
0
0
0
1
2
1
1
0
1
0
3
2
2
1
1
1
0
3
0
4
1
0
1
1
4
3
1
3
4
0
1
0
1
2
2
5
2
0
1
0
3
0
0
0
2
1
1
2
1
1
1
0
0
1
1
1
2
1
4
1
1
2
1
2
2
0
1
1
2
2
0
1
0
4
2
0
2
0
2
1
2
1
0
0
0
0
1
0
1
0
0
2
0
3
0
1
0
1
0
2
0
3
1
1
0
1
2
0
1
0
0
0
2
1
2
3
0
2
0
0
0
1
0
0
2
1
2
2
1
1
0
0
2
5
1
0
1
0
1
2
0
2
0
1
0
1
1
2
0
0
1
0
0
2
1
0
2
1
0
2
1
0
1
2
1
2
2
2
2
0
1
2
2
4
2
1
1
4
2
1
1
1
1
1
1
2
0
0
0
3
0
0
0
0
1
1
0
1
1
0
1
1
0
0
1
1
2
1
1
0
0
1
1
1
1
2
0
1
0
3
1
2
1
1
1
2
1
3
0
1
1
0
1
0
4
1
1
0
1
1
1
1
3
3
2
1
1
1
0
0
1
1
1
1
0
3
2
1
2
2
1
1
0
1
3
2
1
0
0
0
3
1
2
3
0
0
1
0
1
1
1
0
0
1
0
3
1
1
2
0
0
1
1
0
1
0
0
1
0
0
2
1
1
0
3
0
0
0
3
0
2
1
4
2
2
0
1
2
1
2
1
0
1
2
0
1
1
1
0
1
0
2
1
0
2
1
2
2
1
1
1
2
1
2
0
1
2
0
0
1
1
1
3
0
1
0
1
1
0
2
0
0
1
2
0
1
0
0
2
1
1
0
0
1
2
2
0
0
0
0
1
2
0
3
1
1
0
4
2
0
1
3
0
1
0
1
0
0
2
1
2
0
1
0
1
2
0
1
1
1
1
3
2
1
4
0
0
1
1
0
1
1
2
1
1
0
1
1
0
0
0
2
2
0
0
0
1
2
2
0
2
1
0
2
0
1
0
1
2
0
1
0
0
1
0
0
1
0
0
0
1
1
0
1
0
1
0
2
0
1
2
2
3
0
0
2
3
1
1
0
0
0
1
0
0
0
2
0
1
1
0
0
2
0
1
1
4
1
1
0
2
2
0
0
0
0
0
3
2
2
1
1
1
4
0
2
1
2
1
1
1
1
2
1
3
0
0
2
1
2
0
1
0
0
0
2
1
1
1
1
1
1
0
1
1
1
0
1
1
0
0
0
1
3
0
1
0
0
0
0
0
0
1
1
0
2
2
0
1
0
1
0
0
1
1
0
4
1
1
1
2
0
0
0
2
0
0
1
2
1
0
0
0
0
1
0
2
2
0
0
3
0
2
3
0
0
0
2
0
0
0
1
2
1
0
1
0
2
1
1
2
0
1
1
0
2
1
0
1
1
1
0
0
2
1
1
0
0
1
0
0
0
1
2
1
0
0
1
0
4
1
0
2
4
0
1
1
1
1
1
0
3
0
0
0
0
0
1
3
0
0
1
2
1
0
1
0
0
0
0
0
1
0
0
2
0
1
0
0
0
1
1
0
0
0
4
0
1
0
1
4
0
0
1
0
2
0
0
0
0
0
0
0
0
1
0
0
0
1
1
2
2
2
0
0
1
1
1
1
1
1
2
0
1
1
1
0
1
0
0
2
2
0
0
1
0
2
0
0
1
1
0
1
0
3
1
1
0
0
0
1
0
0
1
0
2
0
2
1
0
1
1
1
1
0
1
0
0
0
0
1
1
1
1
1
0
0
1
1
0
2
1
1
0
2
1
1
1
0
1
0
1
3
1
1
2
0
0
2
1
0
1
0
1
3
0
0
0
1
0
2
1
1
0
2
2
1
1
2
2
1
0
2
2
2
0
1
0
0
1
2
1
3
1
1
1
1
3
0
1
0
0
1
0
2
1
0
0
0
1
0
0
3
1
0
1
2
1
0
0
1
1
2
2
0
0
0
2
1
1
0
0
1
0
1
1
2
0
2
4
1
0
0
0
2
1
1
1
3
1
0
2
2
0
3
0
1
2
1
1
0
0
4
1
0
2
1
0
1
1
3
2
0
1
2
0
0
1
3
0
0
0
2
3
0
3
1
0
0
0
1
0
1
2
0
0
2
2
1
0
2
0
2
2
2
1
2
2
0
2
3
0
1
0
1
1
1
0
0
1
1
1
2
1
0
2
3
2
2
0
0
0
1
0
1
0
1
0
0
0
0
2
0
0
2
1
2
0
1
0
1
1
2
1
3
1
0
0
1
1
0
0
0
0
2
1
1
0
0
0
3
1
1
1
1
0
0
0
2
0
0
0
2
0
1
0
0
1
1
0
3
1
1
0
2
2
1
1
2
3
2
0
0
0
0
0
2
1
1
0
0
0
0
2
1
0
0
2
1
2
1
1
0
0
0
0
2
0
0
3
3
1
1
0
0
0
0
1
1
0
1
0
2
0
1
0
0
0
0
1
2
1
1
1
0
0
3
1
1
0
1
0
2
1
1
2
0
0
0
0
1
0
1
3
1
0
1
2
0
0
2
0
1
1
1
1
0
1
2
2
3
1
1
1
1
0
0
0
1
2
1
1
0
0
1
1
0
5
2
0
0
0
1
0
1
0
1
1
1
2
1
2
1
1
0
1
2
0
3
0
2
0
0
1
3
1
2
0
0
1
0
0
0
0
0
1
0
3
1
1
1
1
1
0
0
1
0
1
0
0
0
1
1
1
0
1
0
0
0
2
1
1
0
0
0
2
2
1
2
0
0
1
1
0
0
2
0
0
1
0
1
1
0
1
0
0
1
3
0
0
1
0
0
0
1
1
0
0
1
1
1
0
0
0
3
1
1
0
1
1
0
2
0
1
2
2
1
0
0
1
0
0
0
0
0
1
2
1
2
2
0
0
1
1
0
0
1
2
2
0
1
1
0
0
2
0
0
0
1
0
1
1
0
0
0
0
1
0
0
0
0
0
1
1
0
0
0
0
0
0
0
0
0
1
0
1
0
0
0
0
3
1
0
0
1
0
1
0
1
1
0
0
1
0
1
0
0
1
0
0
1
0
1
0
0
0
0
1
1
0
0
1
0
1
0
0
2
1
2
1
0
0
1
1
1
0
0
0
1
0
0
1
0
1
0
0
1
1
1
1
0
2
0
0
1
0
2
1
0
0
0
1
0
0
1
0
0
3
1
1
0
1
0
0
1
1
2
0
2
2
0
0
1
0
1
0
1
0
1
1
0
0
0
2
0
1
0
4
1
0
1
0
0
2
0
2
0
0
0
0
0
2
1
2
0
1
1
2
1
0
0
1
2
0
0
1
0
0
0
1
1
1
3
0
0
1
0
1
0
3
0
0
0
2
1
0
0
0
1
0
0
1
1
2
1
1
0
1
1
1
1
2
1
0
0
0
1
1
1
1
0
0
0
0
0
1
1
0
0
0
0
2
1
2
1
1
0
0
0
2
0
0
1
1
0
0
2
0
0
0
0
1
1
2
0
0
1
0
0
2
0
0
0
0
3
0
2
1
0
2
0
1
2
0
0
1
2
0
0
2
2
1
0
2
1
0
0
0
1
0
1
0
1
1
1
1
0
0
0
0
1
1
0
1
2
2
1
0
1
0
1
0
1
1
0
0
0
0
0
1
0
0
0
0
1
0
0
2
2
0
2
1
2
0
2
1
1
0
1
1
0
1
0
0
3
0
0
3
1
0
1
2
1
2
2
1
4
1
1
3
0
0
0
1
2
1
4
1
1
0
1
1
1
5
2
1
2
0
1
3
1
0
2
1
3
1
2
1
1
1
1
0
3
1
1
0
3
1
2
2
2
9
1
1
2
4
3
3
2
3
4
4
6
5
6
5
5
4
2
0
3
4
6
5
6
9
10
9
3
11
5
4
7
3
5
6
12
11
5
6
5
10
6
10
8
5
9
7
7
7
9
5
8
9
13
14
10
10
10
8
14
8
8
11
9
14
8
7
13
8
10
10
13
5
9
5
3
6
9
7
5
4
5
7
8
2
5
4
4
7
5
5
6
6
9
7
3
3
3
3
2
7
3
2
4
7
5
4
0
3
3
3
2
4
3
1
1
4
1
1
4
1
1
1
0
1
1
0
4
1
1
0
4
0
1
3
2
0
1
3
2
0
0
2
0
1
0
0
1
2
0
4
0
0
1
0
1
1
0
1
0
0
0
2
0
0
0
1
1
1
0
0
0
1
0
0
1
0
2
2
1
0
0
1
0
1
0
0
0
1
0
0
0
1
0
0
1
1
0
0
0
1
0
0
1
0
0
1
1
0
0
0
0
1
1
0
0
0
1
0
0
0
0
0
1
2
0
0
1
0
0
0
1
0
3
1
0
0
0
0
0
0
0
0
0
0
0
0
0
3
0
2
1
1
0
0
0
0
0
0
0
0
2
1
1
0
0
1
0
1
0
1
0
1
0
2
2
3
1
2
0
0
1
0
0
0
0
1
0
0
0
1
0
1
1
1
2
1
0
1
0
1
0
0
1
1
0
1
1
3
0
0
1
0
1
0
1
0
2
0
0
0
1
0
1
0
0
1
2
1
1
0
0
1
0
0
1
0
0
0
1
0
0
0
1
0
1
0
1
1
0
1
0
0
1
0
0
0
0
2
0
0
1
1
1
2
0
2
1
0
0
0
0
0
0
0
0
1
1
0
1
0
0
1
0
1
1
1
1
0
1
0
1
1
1
0
1
0
1
0
0
1
1
0
2
1
0
0
1
1
0
1
0
0
2
0
0
2
0
1
1
0
0
0
0
0
2
0
0
1
0
1
1
1
0
0
0
1
0
0
0
0
0
2
0
1
0
0
0
0
0
0
0
1
0
0
0
0
0
0
0
0
0
1
1
0
0
1
1
0
1
0
0
1
0
1
0
0
0
1
1
0
0
0
1
0
0
0
0
1
0
1
0
0
0
0
0
1
0
1
1
0
0
0
1
0
0
0
0
1
0
1
1
0
1
0
1
0
0
1
1
0
0
2
1
0
1
1
0
0
2
1
0
0
2
0
0
0
0
0
0
2
0
0
0
0
0
0
0
1
0
2
1
2
0
0
1
0
1
0
1
0
0
2
0
0
1
1
0
3
0
0
0
1
0
1
0
0
2
1
0
1
0
1
0
1
3
0
0
0
0
0
0
0
0
1
2
0
0
1
3
1
0
0
0
0
1
1
1
0
0
0
0
2
0
0
1
1
0
0
0
0
0
2
0
0
0
0
0
0
1
1
1
2
0
0
0
0
0
0
2
0
0
1
0
0
1
0
0
0
0
1
0
1
1
0
1
0
0
1
0
1
0
0
1
0
0
1
0
0
0
0
0
1
0
0
0
2
0
0
0
1
1
0
0
0
0
1
0
0
0
0
2
0
0
0
1
1
0
1
0
0
0
2
0
1
0
1
0
0
0
0
0
1
1
1
0
0
0
0
0
1
0
1
0
0
0
0
0
0
2
0
0
0
0
0
0
0
1
0
1
0
1
1
1
0
0
1
0
0
1
0
1
0
2
0
0
0
0
0
1
0
1
0
0
0
0
0
2
0
0
0
0
0
0
2
1
0
1
0
0
0
0
1
1
0
0
0
1
0
0
0
0
0
2
1
0
2
0
0
0
0
0
2
0
0
2
0
0
0
2
0
0
0
0
0
0
0
0
1
0
0
0
1
0
0
1
0
0
0
0
0
0
1
0
0
0
0
0
0
0
0
0
1
0
0
0
1
1
1
0
0
0
0
0
1
1
2
0
1
0
1
1
0
1
1
2
0
0
0
0
0
0
0
0
1
0
2
1
1
0
0
0
0
1
0
0
0
0
1
0
0
0
0
0
0
1
0
1
1
0
0
0
0
0
1
1
0
1
1
0
0
0
0
1
0
0
0
0
1
0
0
0
0
0
1
0
0
0
1
0
1
0
0
1
1
0
0
0
1
1
2
0
0
0
0
1
0
0
1
1
0
0
0
2
3
0
0
0
1
0
0
0
0
0
1
1
1
0
1
0
1
1
0
1
0
1
0
0
0
1
0
0
0
0
0
0
0
1
0
0
1
0
0
0
0
0
0
1
0
0
0
0
2
1
0
1
0
0
1
0
1
0
0
0
0
0
0
0
0
0
0
0
0
0
0
0
0
0
0
0
0
0
0
0
0
0
0
0
0
0
0
0
0
0
0
0
0
0
0
0
0
0
0
0
0
0
0
0
0
0
0
0
0
0
0
0
0
0
0
0
0
0
0
0
0
0
0
0
0
0
0
0
0
0
0
0
0
0
0
0
0
0
0
0
0
0
0
0
0
0
0
0
0
0
0
0
0
0
0
0
0
0
0
0
0
0
0
0
0
0
0
0
0
0
0
0
0
0
0
0
0
0
0
0
0
0
0
0
0
0
0
0
0
0
0
0
0
0
0
0
0
0
0
0
0
0
0
0
0
0
0
0
0
0
0
0
0
0
0
0
0
0
0
0
0
0
0
0
0
0
0
0
0
0
0
0
0
0
0
0
0
0
0
0
0
0
0
0
0
0
0
0
0
0
0
0
0
0
0
0
0
0
0
0
0
0
0
0
0
0
0
0
0
0
0
0
0
0
0
0
0
0
0
0
0
0
0
0
0
0
0
0
0
0
0
0
0
0
0
0
0
0
0
0
0
0
0
0
0
0
0
0
0
0
0
0
0
$ROI:
0
0
$PRESETS:
Live Time
0
0
