$SPEC_ID:

$SPEC_REM:
DET# 1
DETDESC# MCB 25
AP# ORCA (11.0h)
$DATE_MEA:
2017-08-13 04:16:22 +0000
$MEAS_TIM:
3358.60 4320.00
$DATA:
0 16383
0
0
0
0
0
0
0
0
0
0
0
0
0
0
0
0
0
0
0
0
0
0
0
0
0
0
0
0
0
0
0
0
0
0
0
0
0
0
0
0
0
0
0
0
0
0
0
0
0
0
0
0
0
0
0
0
0
0
0
0
0
0
0
0
0
0
0
0
0
0
0
0
0
0
0
0
0
0
0
0
0
0
0
0
0
0
0
0
0
0
0
0
0
0
0
0
0
0
0
0
0
0
0
0
0
0
0
0
0
2
4
32
1395
9663
17690
17195
15872
14923
14624
14242
14350
14443
14616
15012
14830
15245
15472
15392
16049
16253
15965
16121
16095
16106
16184
16261
16115
16213
16036
16361
15929
15901
16051
15784
15852
15773
15815
15630
15683
15672
15640
15509
15454
15245
15191
15076
15318
15247
15185
15155
14988
15111
15055
14984
15073
14698
14714
14680
14982
14646
14579
14760
14599
14404
14665
14678
14537
14449
14490
14421
14517
14360
14329
14149
14250
14125
14104
13883
14053
14227
14182
14141
14069
13925
13864
14077
14131
13907
13715
13968
13840
13521
13455
13461
13490
13574
13614
13534
13496
13836
13651
13455
13423
13637
13463
13495
13436
13533
13380
13326
13524
13318
13351
13357
13167
13225
13036
13237
13168
13122
13238
12987
13185
13117
13082
13041
12988
12879
12935
12971
12904
13159
12798
12945
12991
12557
12901
12742
12609
12700
12766
12683
12962
12798
12685
12715
12593
12659
12508
12827
12524
12499
12741
12523
12595
12696
12403
12400
12570
12526
12400
12353
12402
12266
12287
12374
12242
12292
12321
12353
12410
12338
12343
12291
12314
12148
12132
12249
11970
12368
12270
12196
12225
12080
12081
12125
12176
11992
12087
11942
11866
11919
11971
12061
11797
12036
11795
11860
11924
11810
12023
12094
11999
11863
11905
11811
11953
11646
11734
11986
11794
11833
11908
11873
11839
11780
11640
11575
11588
11526
11964
11659
11564
11769
11487
11679
11658
11552
11623
11479
11516
11747
11724
11607
11588
11314
11510
11411
11509
11561
11403
11461
11731
11533
11424
11425
11388
11562
11445
11409
11617
11495
11556
11379
11557
11405
11575
11400
11241
11380
11240
11476
11391
11360
11208
11059
11403
11331
11280
11125
11056
11224
11129
11051
11131
11250
11243
11151
11118
11309
11165
11132
11187
11058
11088
11120
10833
10998
10980
10929
11388
11156
11122
11028
11137
10797
11092
11064
11137
10825
10940
10989
10917
10907
10919
10953
11005
10997
11000
10979
10879
10791
11049
10849
10906
10834
10972
10751
10863
11033
10753
10893
10922
10641
10803
10726
10689
10721
10782
10807
10885
10782
10649
10786
10708
10640
10583
10776
10804
10767
10793
10771
10651
10754
10700
10477
10790
10739
10526
10741
10320
10640
10458
10566
10603
10699
10627
10595
10536
10580
10491
10527
10537
10479
10658
10586
10644
10555
10723
10433
10513
10460
10299
10581
10348
10302
10360
10248
10329
10422
10340
10230
10523
10468
10573
10450
10363
10133
10466
10482
10387
10530
10335
10396
10353
10264
10505
10251
10151
10418
10495
10296
10308
10265
10364
10327
10211
10445
10153
10201
10166
10351
10250
10306
10207
10213
10304
10106
10269
10138
10317
10147
10257
10104
10229
10245
10405
10298
10221
10364
10115
10151
10330
10064
10093
10108
10075
9860
10122
10050
10100
10013
9993
10151
10255
9874
10046
9939
9891
10113
10184
10158
9774
10065
10143
10131
10092
9855
10102
10280
10011
9907
9938
9978
9953
10035
10050
10047
9768
9712
9885
9969
9839
9912
10003
9955
9975
9890
9942
9898
9961
9733
9771
9951
9707
9824
9926
9811
9637
10062
9877
9759
9781
9710
9766
9768
9688
9751
9666
9831
9699
9757
9886
9751
9868
9622
9738
9590
9596
9821
9709
9587
9746
9671
9918
9772
9635
9661
9724
9700
9952
9845
9537
9882
9574
9851
9675
9744
9829
9753
9498
9467
9684
9614
9595
9594
9678
9668
9480
9527
9724
9529
9848
9626
9538
9589
9602
9595
9581
9859
9666
9673
9689
9571
9620
9450
9658
9505
9663
9702
9802
9518
9496
9525
9354
9433
9624
9561
9561
9640
9278
9558
9423
9427
9456
9583
9467
9432
9574
9407
9642
9515
9460
9298
9457
9584
9530
9369
9552
9386
9595
9498
9363
9366
9489
9349
9361
9534
9470
9567
9607
9331
9517
9195
9609
9368
9556
9475
9235
9418
9588
9528
9479
9417
9467
9369
9568
9481
9363
9434
9430
9315
9414
9460
9451
9465
9307
9331
9368
9330
9220
9591
9241
9453
9531
9620
9505
9514
9384
9442
9265
9579
9579
9520
9419
9299
9465
9451
9458
9368
9331
9430
9488
9565
9369
9396
9678
9489
9469
9501
9565
9497
9602
9399
9508
9662
9685
9491
9501
9533
9805
9927
9796
9836
9621
10105
10028
10069
10065
10274
10330
10305
10425
10454
10631
10560
10688
10876
10812
10960
11135
11198
11448
11662
11560
11596
11938
12193
12053
12102
12348
12450
12536
12681
12659
13037
12993
12904
13072
13165
13315
13461
13447
13415
13613
13591
13890
13873
13787
14121
14192
14005
14182
14224
14487
14668
14586
14433
14722
14516
14942
15120
15011
15029
15635
15749
15894
15996
16196
16651
17039
16677
16582
16705
16462
16323
16234
15944
15732
15569
15522
15278
15018
14770
14587
14587
14059
14093
13626
13503
13627
13316
13019
12758
12569
12368
12350
12142
11796
11492
11450
11130
11043
10874
10630
10601
10434
10242
9929
9972
9705
9739
9735
9593
9621
9521
9425
9419
9334
9262
9217
9112
9062
9315
9289
9201
9147
9296
9153
9025
9086
9167
9169
9083
9164
9076
9127
9130
8846
9087
9074
9051
9101
9117
8976
8967
9053
9028
9113
9156
9156
9355
9118
8988
9171
8921
9175
9080
9120
9060
9125
9275
9066
9163
9278
9124
9181
9178
9167
9128
9106
9330
9170
9191
9245
9171
9497
9079
9305
9328
9299
9207
9172
9196
9326
9165
9341
9397
9452
9398
9271
9267
9322
9249
9376
9397
9658
9408
9436
9574
9283
9498
9436
9484
9388
9387
9418
9471
9459
9616
9595
9473
9503
9599
9641
9624
9590
9454
9482
9699
9607
9770
9673
9743
9526
9787
9674
9626
9692
9535
9780
9962
9606
9740
9789
9816
9719
9658
9598
9884
9625
9814
9693
9745
10000
9799
9882
9672
9795
9807
9830
9801
9823
9847
10085
9992
9774
9892
10078
9891
10070
9889
9952
9962
9802
10057
10106
9960
10094
9953
9996
10073
10262
10105
9991
10282
10247
10158
10065
10498
10208
10253
10215
10276
10359
10305
10087
10414
10294
10181
10377
10279
10311
10263
10182
10314
10299
10541
10359
10427
10251
10389
10316
10423
10469
10473
10450
10352
10520
10468
10550
10505
10200
10576
10766
10425
10363
10391
10568
10555
10538
10437
10547
10616
10746
10572
10482
10745
10642
10583
10593
10490
10560
10581
10604
10539
10807
10638
10517
10654
10496
10817
10801
10673
10648
10863
10738
10716
10815
10808
10844
10842
10820
10709
10820
10740
10881
10887
10743
10739
11046
10779
10913
11061
10825
10902
10676
10992
10732
10920
10739
11023
10888
10809
11041
11067
10748
11117
11083
10977
10984
10967
11081
11136
10982
11014
11174
10983
11071
11028
11212
11180
11187
11151
10972
11207
11241
11043
11256
11092
11245
11170
11230
11523
11444
11184
11126
11213
11384
11325
11401
11400
11048
11174
11082
11278
11365
11211
11335
11452
11397
11391
11451
11379
11342
11482
11346
11422
11501
11220
11458
11466
11357
11772
11429
11406
11472
11434
11459
11355
11419
11494
11467
11371
11410
11538
11428
11556
11577
11594
11467
11338
11580
11615
11645
11767
11930
11361
11696
11502
11614
11718
11425
11771
11680
11628
11676
11643
11636
11587
11547
11638
11813
11669
11779
11731
11690
11696
11740
11686
11953
11734
11788
11726
11794
12013
11744
11929
12020
11920
11772
11868
11857
11900
12039
11802
11920
11858
12069
11926
12077
11796
11988
12039
11866
12053
11880
11923
11932
11871
11995
12115
12050
12139
12075
11937
12001
12075
12033
11968
11907
12075
12272
11990
11904
11986
12150
11987
12118
12109
12059
12246
12233
12097
12239
12165
12131
12089
12203
12246
12262
12221
12207
12324
11972
12159
12198
12179
12109
12322
12071
12209
12285
12455
12219
12409
12328
12402
12776
12444
12302
12286
12439
12350
12437
12304
12480
12618
12640
12612
12167
12493
12676
12400
12715
12495
12653
12599
12382
12497
12644
12750
12778
12731
12711
12709
12931
12789
12623
12781
12721
12860
12688
12871
12785
12886
12845
12751
12574
12821
12897
12742
12954
12743
12571
12994
12939
13108
12933
13055
13049
12878
12953
12851
13086
12739
13186
13123
13195
13153
12970
13088
13201
13294
13110
13410
13255
13192
13299
13272
13234
13407
13355
13367
13414
13235
13258
13475
13437
13280
13423
13462
13439
13297
13475
13620
13648
13385
13418
13592
13361
13460
13504
13423
13610
13469
13657
13743
13658
13625
13667
13789
13670
13719
13824
13821
13686
13765
13727
13704
13755
13660
13803
13848
13921
13712
13940
13734
13830
13941
13976
13704
13751
13985
14103
13951
13915
13851
14113
13911
13979
14213
13989
14087
13946
14044
13976
13914
14064
14149
13972
14126
14067
14054
14311
14126
14129
14342
14302
14313
14025
14263
14305
14234
14474
14379
14010
14199
14223
14325
14102
14462
13951
14450
14428
14477
14351
14428
14238
14618
14347
14428
14297
14365
14541
14519
14553
14684
14310
14541
14573
14534
14365
14726
14325
14635
14756
14524
14474
14564
14367
14968
14698
14565
14664
14776
14702
14628
14834
14868
15076
14774
14945
15024
14859
15111
15051
15022
14950
15112
15410
15162
15003
15321
15416
15299
15225
15275
15471
15295
15533
15385
15444
15576
15354
15527
15571
15485
15550
15650
15723
15518
15725
15575
15751
15376
15679
15629
15597
15763
15733
15644
15890
15714
15582
15683
15889
15964
15542
15662
15544
15876
15941
15896
15971
15749
15552
16054
15630
15742
15921
15750
15697
15804
15886
15606
15907
15864
16009
16099
15760
16205
15917
15841
16001
15950
16043
15825
15867
15955
16165
16081
16159
16003
15956
15985
15841
16209
16257
16172
16392
16106
16142
16314
16040
16126
15988
16354
16107
16409
16353
16253
16256
16221
16219
16367
16335
16446
16292
16268
16294
16370
16375
16616
16361
16539
16669
16471
16353
16284
16590
16646
16538
16566
16660
16599
16285
16711
16768
16545
16388
16891
16700
16734
16851
16765
16576
16592
16567
16488
16661
16636
16721
16844
16526
16826
16709
16667
16475
16431
16292
16498
16355
16442
15908
16193
15990
16141
16033
15974
15951
15673
15783
15531
15566
15580
15493
15665
15528
15552
15304
15219
15024
15043
15248
15112
15124
15198
14913
14748
15014
15117
14918
14967
14895
14717
15024
14757
14733
14620
14690
14649
14701
14590
14498
14772
14780
14516
14606
14563
14659
14656
14684
14643
14559
14583
14500
14522
14540
14385
14560
14531
14286
14159
14543
14479
14447
14614
14293
14152
14307
14399
14280
14285
14296
14229
14353
14380
14307
14356
14433
14263
14156
14126
13999
14324
14260
14419
14007
14333
14231
14090
14074
14099
14034
13972
14291
14069
14157
14025
14154
14218
14090
14277
14082
14283
13995
14046
14043
14090
14236
13863
14132
14028
13927
14041
13985
14007
14196
13918
13870
13972
13970
14020
14090
14140
13957
14078
13912
13785
14034
13910
13886
13930
13875
13907
13849
14002
13919
14152
13724
13884
13781
13873
13711
13882
13783
13698
13815
13747
13880
13775
13678
13916
13762
13725
13829
13735
13655
13744
13782
13715
13836
13734
13716
13629
13611
13683
13615
13857
13551
13693
13701
13610
13806
13729
13479
13779
13692
13607
13580
13723
13636
13953
13739
13775
13667
13586
13740
13505
13655
13416
13493
13545
13652
13831
13513
13445
13499
13765
13637
13590
13473
13716
13614
13858
13580
13563
13717
13486
13520
13533
13512
13442
13592
13562
13479
13531
13553
13366
13438
13484
13385
13490
13561
13370
13606
13452
13355
13291
13410
13375
13243
13434
13444
13268
13608
13617
13221
13479
13487
13565
13318
13490
13681
13464
13183
13307
13301
13295
13133
13343
13310
13476
13407
13289
13376
13193
13370
13302
13267
13281
13247
13151
13258
13462
13444
13415
13292
13438
13056
13461
13342
13438
13234
13332
13254
13156
13287
13233
13362
13035
13139
13420
13110
13319
13215
13111
13118
13207
13153
13070
13212
13453
13035
13135
12986
13210
13208
13220
13089
13036
13235
13097
13221
13220
13009
13224
13084
13378
13299
12929
13096
13111
13176
12923
13283
13138
13286
13140
13093
13351
13068
13089
13176
12936
13170
13195
13184
12961
12818
13056
13108
13256
13013
13053
13083
13270
13223
12933
13108
13070
13009
13067
13244
12845
12781
12988
13099
12702
13080
12867
12998
13242
12954
12870
13129
12897
12846
12917
13114
12902
12758
13027
12757
13074
13096
12743
12997
13050
13114
12977
12873
12805
12833
12957
12989
12818
12901
12908
12934
13103
13165
12673
12569
13046
12840
13022
12840
12868
12835
12841
12767
12883
12798
12703
12984
12671
12575
12579
12924
12592
12704
12660
12783
12483
12589
12764
12631
12541
12586
12612
12548
12650
12790
12553
12738
12626
12512
12547
12594
12638
12606
12787
12532
12468
12443
12518
12357
12605
12415
12381
12372
12240
12417
12271
11938
12269
12346
12263
12154
12135
12200
11993
12079
12008
11891
12075
12110
12027
11989
12004
11834
11721
11930
11795
12096
11855
11737
11801
11641
11571
11570
11604
11633
11424
11494
11544
11440
11382
11506
11120
11281
11366
11419
11172
11111
11246
11303
11262
11049
10938
11006
11063
11046
11045
10743
11194
11104
10949
10800
10625
10768
10938
10637
10650
10669
10690
10584
10608
10758
10595
10589
10592
10563
10500
10485
10468
10364
10181
10194
10370
10295
10183
10187
10417
10175
10305
10033
10140
9898
10016
10297
10174
10096
10093
9993
10026
10042
9900
10020
9831
9770
9758
9891
9723
9848
9949
9898
9996
9764
9774
9902
9879
9710
9751
9875
9751
9939
9744
9877
9597
9719
9558
9733
9543
9811
9580
9661
9684
9543
9553
9515
9643
9535
9631
9533
9551
9486
9544
9718
9612
9370
9575
9425
9519
9428
9532
9366
9403
9476
9445
9434
9397
9479
9536
9651
9541
9302
9555
9518
9454
9584
9549
9640
9475
9603
9661
9733
9621
9607
9628
9650
9800
9571
9517
9637
9724
9764
9978
9735
9613
9744
9759
9742
9740
9702
9734
9786
9834
9848
9659
9597
9711
9714
9688
9773
9891
9895
9882
9738
9899
9848
9845
9971
9943
10011
10103
10027
9916
9676
9902
9726
9829
9890
9898
9707
9962
9830
9855
9490
9683
9839
9574
9628
9444
9280
9432
9389
9378
9177
9174
9194
9166
8936
9142
9073
9035
9023
8917
8999
9050
8817
8768
8835
8645
8669
8506
8577
8527
8743
8605
8531
8459
8511
8610
8626
8581
8313
8291
8334
8424
8458
8450
8399
8350
8448
8460
8239
8175
8246
8254
8220
8211
8276
8236
8211
8382
8243
8299
8216
8119
8265
8024
8235
8146
8098
8125
8149
8194
8215
8199
8208
8067
8172
8011
8011
8091
8059
8212
7909
7968
8039
8100
8080
8062
8004
8017
7905
7814
7919
7908
7921
7925
8147
7894
7912
8014
7971
7833
7685
7897
7747
7896
7971
7920
7863
7915
7768
7897
7772
7828
7833
7676
7756
7802
7655
7720
7606
7678
7859
7807
7737
7719
7615
7873
7734
7843
7614
7683
7482
7747
7515
7569
7908
7550
7911
7679
7564
7651
7626
7616
7630
7820
7483
7601
7424
7739
7579
7671
7505
7510
7615
7476
7453
7498
7455
7352
7464
7394
7535
7490
7486
7358
7444
7506
7469
7460
7561
7340
7427
7346
7278
7344
7150
7407
7445
7278
7513
7331
7364
7312
7428
7140
7351
7230
7457
7294
7366
7329
7263
7277
7312
7296
7099
7278
7293
7326
7193
7298
7137
7221
7203
7158
7179
7329
7141
7216
7263
7176
7164
7168
7117
7199
7090
7154
7106
7132
7162
7086
7149
7133
7033
7081
7155
7269
7043
7215
7199
7137
7270
7158
7032
7100
7152
7125
7097
7195
7110
6993
6939
7046
7076
6985
7000
7059
6874
7087
7018
7085
6961
6965
7068
7015
6977
6868
7077
6949
7051
6910
6888
6843
6850
6899
6975
6855
6930
7030
7031
6980
6845
6823
6958
6865
6799
6731
6973
6783
7036
6905
6885
6781
6864
6982
6773
6854
6615
6709
6774
6824
6788
6805
6821
6924
6860
6857
6809
6843
6861
6692
6728
6747
6756
6625
6766
6858
6641
6772
6853
6720
6736
6704
6687
6770
6696
6719
6831
6624
6644
6576
6773
6682
6614
6707
6859
6695
6632
6614
6627
6598
6682
6550
6526
6682
6614
6650
6493
6713
6710
6660
6497
6403
6715
6516
6652
6439
6624
6559
6533
6539
6522
6696
6573
6637
6565
6323
6657
6701
6557
6521
6555
6522
6547
6750
6392
6599
6473
6406
6535
6515
6477
6634
6515
6631
6538
6504
6430
6508
6546
6571
6506
6500
6581
6367
6286
6567
6264
6535
6556
6203
6382
6225
6479
6449
6375
6460
6443
6349
6382
6479
6345
6291
6247
6305
6488
6443
6333
6348
6456
6435
6432
6403
6459
6412
6354
6451
6495
6352
6363
6250
6323
6174
6417
6350
6372
6349
6239
6371
6276
6286
6525
6392
6405
6339
6324
6170
6140
6220
6089
6161
6128
6344
6330
6225
6154
6365
6324
6283
6257
6254
6317
6264
6283
6295
6197
6188
6301
6325
6212
6294
6294
6324
6378
6317
6243
6275
6179
6317
6375
6388
6505
6475
6529
6442
6546
6720
6901
6787
6988
6951
7106
7255
7345
7551
7455
7732
7886
8132
8216
8549
8683
8998
9001
9282
9460
9870
9964
10291
10555
10631
10837
10971
11370
11655
11948
11991
12323
12595
12789
12853
13124
13259
13593
13542
14078
14016
14351
14615
14590
14838
15171
15135
15673
15460
15941
16155
16211
16551
16654
16847
17168
17355
17687
18240
18372
19048
19292
19747
19740
19737
20083
20296
20673
20534
20394
20436
20513
20241
20007
19624
19534
19079
18550
18094
17719
17517
17016
16604
16061
15597
14943
14239
14059
13651
13179
12669
12146
11812
11277
10742
10482
10102
9778
9384
8896
8850
8436
8098
7836
7666
7489
7242
7101
6786
6850
6569
6344
6321
6127
6114
6083
6023
5948
5838
5797
5715
5603
5746
5685
5743
5521
5521
5581
5637
5657
5563
5631
5598
5434
5498
5687
5467
5622
5423
5433
5427
5523
5393
5509
5383
5393
5428
5462
5425
5500
5478
5251
5379
5339
5403
5405
5447
5347
5320
5367
5473
5334
5352
5371
5594
5310
5437
5455
5374
5327
5372
5502
5429
5345
5483
5539
5335
5434
5508
5366
5398
5379
5311
5358
5283
5445
5407
5392
5265
5373
5394
5474
5345
5284
5383
5391
5450
5374
5469
5379
5304
5362
5432
5339
5226
5409
5281
5414
5361
5314
5313
5346
5349
5209
5298
5436
5392
5362
5385
5352
5400
5418
5301
5560
5167
5392
5361
5328
5383
5416
5374
5228
5304
5404
5306
5388
5452
5276
5417
5311
5350
5353
5321
5266
5329
5464
5384
5430
5261
5384
5317
5431
5376
5485
5407
5594
5278
5401
5527
5394
5385
5591
5562
5407
5631
5575
5696
5926
5652
5879
5820
6127
6045
6241
6371
6521
6694
6933
7173
7424
7649
7938
8093
8754
8903
9318
9668
10176
10455
10944
11398
11815
12371
12741
13441
14041
14316
15077
15666
16157
16851
17229
18050
18392
19016
19564
19933
20702
21423
21680
22364
22672
23411
23909
24006
24715
25375
25291
26333
26468
27095
27327
27886
28431
28785
29451
29873
30144
31014
31521
32113
32801
33636
34255
34950
35876
36580
37408
37725
38434
38934
39086
39400
39614
39660
39309
39014
38762
38270
37449
36968
35996
34704
33969
33163
32004
31059
29943
28954
27311
26527
25031
24082
22667
21763
20601
19640
18402
17567
16609
15370
14518
13748
12796
12244
11580
10831
10220
9587
9265
8608
8136
7889
7280
6867
6674
6238
6180
5962
5780
5684
5370
5176
5087
5115
4888
4909
4742
4656
4625
4441
4499
4618
4291
4562
4429
4256
4329
4303
4354
4191
4253
4178
4389
4190
4195
4167
4185
4128
4131
4193
4123
4093
4140
4123
4130
4073
4102
4032
4082
4000
4002
4115
3979
4069
4083
4004
4028
4076
4041
4081
3883
4069
4039
4019
4131
3983
4072
3969
4037
4064
3887
4106
3961
4042
4044
3996
4073
4215
4025
4083
4060
3890
4010
4039
3956
3879
3940
3899
3949
3949
3934
3931
4009
4087
3969
3963
3922
3939
3972
3949
3925
3884
3907
3876
3961
3973
3960
4028
3921
4028
3924
3970
3825
3870
3880
3908
3882
3862
3922
3982
3934
3885
3862
3812
3797
3878
3846
3987
3944
3873
3917
3821
3925
3996
3832
3943
3810
3933
3940
3808
3901
3798
3871
3779
3943
3854
3826
3753
3821
3791
3926
3881
3769
3810
3933
3850
3951
3893
3834
3800
3761
3845
3699
3792
3726
3855
3818
3930
3751
3846
3982
3763
3888
3837
3782
3849
3890
3702
3756
3879
3807
3709
3766
3802
3835
3861
3800
3795
3882
3847
3726
3791
3706
3728
3774
3684
3836
3745
3729
3719
3705
3731
3881
3600
3712
3741
3753
3787
3685
3701
3734
3727
3660
3754
3737
3640
3666
3822
3791
3683
3853
3704
3814
3744
3685
3730
3684
3669
3788
3627
3628
3754
3690
3777
3637
3673
3791
3821
3719
3593
3651
3594
3682
3720
3672
3689
3720
3678
3621
3741
3670
3685
3729
3616
3723
3720
3675
3614
3696
3748
3649
3667
3742
3665
3624
3664
3702
3635
3682
3633
3722
3748
3683
3708
3804
3757
3691
3622
3662
3564
3673
3703
3724
3650
3582
3784
3706
3592
3687
3672
3622
3644
3666
3656
3640
3724
3610
3626
3610
3589
3579
3633
3679
3628
3688
3560
3686
3781
3667
3702
3621
3614
3585
3643
3621
3603
3685
3622
3704
3678
3598
3683
3761
3626
3772
3674
3635
3611
3678
3614
3704
3626
3659
3642
3662
3640
3686
3699
3598
3560
3637
3706
3570
3578
3517
3575
3688
3695
3575
3657
3590
3573
3573
3535
3634
3754
3565
3664
3633
3670
3683
3702
3608
3767
3672
3691
3548
3654
3622
3608
3655
3702
3558
3689
3585
3733
3696
3706
3684
3624
3660
3601
3699
3654
3621
3713
3654
3564
3667
3555
3675
3707
3702
3703
3651
3773
3744
3693
3680
3722
3686
3789
3624
3850
3873
3743
3726
3647
3779
3660
3779
3750
3760
3702
3844
3766
3829
3779
3826
3865
3886
3836
3889
4096
3857
4149
3964
4027
4166
4111
4169
4273
4295
4492
4487
4536
4813
4904
5089
5160
5429
5848
6115
6531
6809
7144
7676
8197
8877
9561
10151
10833
11761
12657
13385
14609
15757
16693
17644
19114
20351
21127
22997
24463
25419
27381
28785
30483
31933
33900
35529
36865
38807
40704
42093
43605
45781
46846
48093
50298
51588
53358
54833
56251
58055
59448
61087
62320
63863
65129
66450
67991
69139
70348
72180
73647
74928
76346
78043
79899
81159
83852
85305
87171
89044
91307
93056
94932
97013
98767
99168
100178
101935
103038
102508
102434
102008
100699
100481
98158
96410
94462
91705
89402
86815
84204
81175
78288
75107
71977
68225
64427
62042
58160
55026
51855
48675
45731
42492
39517
36712
33694
31478
28997
26925
24675
22758
20680
19041
17439
15905
14684
13310
12011
11108
10146
9221
8457
7727
6883
6392
5799
5380
4926
4595
4293
3863
3747
3410
3259
3076
2981
2707
2647
2471
2349
2289
2224
2112
2123
2121
1962
1977
1948
1944
1801
1749
1808
1768
1684
1687
1659
1653
1632
1661
1582
1606
1552
1557
1646
1554
1537
1476
1588
1464
1524
1531
1429
1506
1488
1459
1422
1361
1382
1381
1386
1493
1426
1410
1436
1448
1429
1329
1393
1356
1347
1342
1351
1433
1408
1343
1359
1275
1331
1345
1228
1364
1284
1291
1264
1277
1301
1338
1343
1297
1245
1257
1274
1274
1245
1258
1306
1298
1257
1295
1283
1275
1227
1256
1268
1335
1256
1215
1295
1269
1270
1290
1208
1206
1204
1233
1300
1202
1250
1229
1243
1251
1262
1161
1205
1232
1257
1302
1204
1259
1249
1217
1264
1169
1134
1290
1246
1239
1256
1205
1141
1182
1196
1183
1207
1224
1224
1264
1208
1192
1186
1209
1190
1248
1218
1212
1220
1215
1210
1227
1208
1254
1286
1176
1275
1260
1229
1292
1371
1254
1314
1304
1396
1408
1489
1545
1464
1480
1600
1649
1757
1790
1894
1854
1989
2230
2173
2358
2410
2550
2738
2758
3094
3171
3311
3533
3658
3965
4144
4394
4494
4715
4788
5112
5442
5615
5879
6033
6314
6348
6643
6825
7129
7230
7550
7747
7896
8162
8432
8617
8764
8927
9196
9450
9547
9879
10069
9939
10243
10406
10668
10942
11214
11303
11583
11987
11995
12334
12473
12674
12968
13199
13421
13622
13829
13977
14079
14096
14060
14098
14216
13960
13786
13646
13273
13097
12809
12542
12070
11888
11312
10996
10504
9856
9752
9133
8718
8377
7769
7473
7237
6682
6178
5902
5434
5071
4719
4434
4217
3896
3602
3442
3080
2953
2795
2532
2331
2198
2006
1952
1834
1695
1556
1484
1454
1360
1275
1255
1196
1102
1127
1063
1026
1046
1029
989
956
970
905
825
904
815
895
857
850
793
763
829
790
767
795
793
747
767
763
774
764
768
751
752
701
759
700
750
724
708
739
754
692
746
701
802
755
755
703
735
679
706
718
721
744
709
727
712
777
768
750
764
674
707
714
721
694
696
675
740
675
691
699
706
688
686
677
714
703
732
653
708
658
661
688
696
688
641
676
697
658
695
678
678
662
659
689
658
647
668
693
641
681
640
683
651
657
701
650
632
683
694
644
625
620
655
656
618
661
653
633
617
666
627
688
706
666
658
664
623
666
671
698
624
648
612
643
640
651
612
626
602
677
655
656
667
647
624
664
607
631
592
619
621
640
612
618
640
610
626
633
626
642
633
614
636
600
623
615
635
604
612
609
647
639
608
558
612
614
634
612
574
634
656
641
573
567
630
643
584
627
587
543
567
613
611
566
604
596
591
609
598
617
650
605
616
616
609
579
603
577
588
590
614
553
587
573
582
593
555
610
608
592
587
549
592
565
550
569
587
562
561
571
533
540
608
622
593
559
554
574
571
573
551
618
532
527
543
563
579
554
580
542
572
529
566
572
549
600
551
495
555
591
531
571
562
600
541
625
523
564
566
601
530
554
580
579
539
566
560
579
548
554
555
563
530
506
564
510
520
574
522
560
504
563
535
545
524
585
537
573
542
523
569
511
507
577
540
539
542
520
517
546
572
576
530
532
555
523
563
575
568
550
543
533
557
510
542
541
562
513
523
565
547
558
532
546
539
545
545
519
529
519
564
520
508
576
557
537
535
509
529
546
511
555
516
554
554
558
528
545
555
528
522
509
565
523
557
530
551
548
527
526
545
518
522
575
531
540
545
537
522
560
527
535
563
502
527
515
530
522
539
511
553
480
540
532
496
530
507
502
512
535
539
529
505
495
532
522
519
512
536
487
509
501
507
559
507
499
563
520
521
536
508
531
505
505
528
518
496
504
518
495
527
518
484
486
513
545
526
494
531
546
491
466
537
531
520
533
496
552
543
514
536
548
568
520
571
534
532
583
539
510
574
548
606
590
549
550
527
567
615
573
546
621
600
572
581
569
619
562
526
558
577
603
592
580
563
624
547
561
563
573
588
611
593
605
606
604
621
599
608
645
609
561
608
544
592
581
569
531
552
567
620
503
507
525
562
534
498
548
480
537
494
475
485
478
509
508
482
438
476
484
453
484
486
484
455
450
467
456
471
455
493
422
432
521
462
466
445
449
420
443
416
441
427
454
481
446
444
438
448
407
456
413
458
428
470
477
456
440
431
453
435
433
456
405
482
441
464
407
430
472
442
416
462
428
424
434
453
443
427
435
414
407
448
421
418
451
462
408
434
399
423
436
470
434
420
441
443
417
426
454
413
431
401
461
403
434
395
415
399
434
404
400
449
424
397
398
420
394
412
416
431
406
418
421
438
387
396
424
383
389
484
371
419
406
419
410
419
426
413
391
411
388
446
459
399
392
411
404
409
394
426
400
400
429
396
417
423
430
409
433
375
412
427
429
395
436
409
411
409
410
391
410
406
417
425
415
385
410
391
379
399
385
369
414
371
405
390
418
391
400
392
410
380
424
411
433
424
397
388
393
395
428
388
455
431
388
411
405
380
381
367
386
393
380
371
416
414
398
402
381
369
418
417
417
426
407
378
416
376
401
405
413
404
375
421
402
377
395
412
395
393
426
383
389
442
352
409
370
395
405
371
380
401
347
391
396
370
396
416
376
392
373
392
374
401
375
386
406
398
422
425
351
392
418
368
376
352
362
393
361
382
354
409
380
369
353
359
374
342
371
379
351
370
397
360
368
419
402
396
379
382
368
390
374
359
409
365
358
365
382
371
365
403
360
371
377
364
344
385
339
368
370
356
338
373
383
329
356
358
354
357
320
363
362
413
400
341
384
359
378
376
350
402
328
381
337
380
371
364
361
354
370
377
352
380
322
358
352
327
367
390
356
369
337
352
341
354
379
331
371
329
351
328
378
337
393
379
353
333
359
340
342
316
327
315
337
366
358
308
371
369
329
359
370
355
400
345
337
342
327
341
372
351
327
359
329
349
345
328
334
339
358
329
341
338
358
348
331
306
339
340
361
331
310
358
341
312
341
328
357
331
335
357
319
334
337
318
357
320
359
336
352
323
348
307
323
362
330
367
377
348
316
299
336
355
320
335
359
336
355
380
336
338
330
345
355
337
334
340
335
315
371
328
356
312
330
341
323
317
326
292
291
358
320
331
345
327
305
351
326
286
309
345
333
349
337
317
352
298
309
319
312
318
314
322
312
306
317
333
305
337
333
316
305
355
337
311
316
302
349
308
336
316
327
318
342
288
330
323
312
297
314
296
329
313
333
307
314
314
322
298
327
311
317
347
304
312
329
336
306
321
341
336
306
329
285
344
313
290
334
319
322
325
303
301
298
310
331
287
323
296
327
320
312
294
283
305
296
283
302
318
316
317
298
305
298
309
300
322
282
322
322
330
324
307
302
304
324
323
296
293
292
309
317
344
312
305
284
288
317
294
290
292
307
330
296
314
284
269
312
304
288
315
296
270
291
293
336
297
298
282
271
285
303
310
309
318
292
302
277
295
336
316
290
281
256
324
307
279
321
287
289
285
313
306
279
309
302
274
278
293
306
281
281
302
314
281
294
303
271
302
296
297
273
300
259
273
293
286
299
262
283
300
303
298
308
292
286
282
277
315
282
266
283
278
267
300
304
279
266
294
295
296
297
271
265
262
312
276
277
260
283
257
272
295
267
267
285
280
299
288
247
288
278
298
293
309
266
301
288
277
271
266
285
297
262
280
285
255
275
283
276
286
260
286
287
273
274
280
295
287
274
312
269
294
272
282
280
270
285
290
298
285
264
300
276
280
290
247
296
312
259
283
260
267
249
284
293
287
284
261
261
273
273
264
251
289
283
250
257
286
270
273
232
240
274
262
248
255
284
264
278
254
234
258
266
287
238
256
242
255
249
261
281
237
244
256
255
266
257
265
248
277
268
233
238
274
247
269
279
274
255
240
230
262
257
255
237
236
247
217
246
252
224
252
271
255
248
260
272
222
253
247
240
248
274
255
235
225
258
247
256
203
244
239
256
213
211
224
232
234
250
242
250
215
221
233
239
247
243
231
253
213
250
235
245
215
249
232
240
234
246
265
231
242
221
189
202
222
240
231
227
236
221
234
236
228
234
207
251
233
260
236
244
250
243
248
272
237
220
215
240
249
249
231
247
194
220
214
243
222
221
222
247
248
210
233
243
233
212
220
240
235
243
262
230
185
213
197
231
226
228
222
220
224
221
202
198
245
240
226
200
240
226
218
227
200
220
217
228
213
195
199
230
220
235
232
215
204
217
227
250
212
210
199
218
198
225
241
235
207
238
210
206
202
219
194
221
220
203
188
205
199
218
210
228
221
201
217
216
216
208
209
210
187
238
217
229
199
237
219
220
220
199
231
228
218
196
221
216
218
210
220
200
230
202
210
204
212
199
198
191
185
207
224
203
179
235
218
235
203
206
222
193
213
196
177
212
182
201
234
211
203
185
179
210
220
207
199
195
174
202
174
192
192
235
179
187
182
202
198
200
195
196
202
183
183
191
189
210
200
202
198
188
199
182
210
182
227
179
190
203
196
195
199
203
190
214
203
194
203
183
200
167
196
200
180
180
201
201
203
206
201
178
209
174
194
209
177
204
200
187
187
192
193
191
198
202
185
190
190
170
176
171
194
209
179
183
215
226
186
198
174
170
195
172
149
187
177
195
190
175
186
169
191
180
181
194
203
221
183
177
167
186
179
203
179
160
212
172
199
154
188
175
179
176
174
165
168
196
190
168
164
179
194
199
174
170
172
170
192
179
224
175
187
166
180
167
195
205
207
188
193
156
176
156
212
172
171
170
178
179
204
192
175
173
176
189
177
184
159
162
157
157
181
181
181
188
157
182
166
179
168
175
170
171
171
166
156
170
163
153
175
170
161
175
150
180
169
170
199
157
172
178
153
170
179
160
155
149
178
161
143
179
166
167
163
164
136
169
164
173
163
179
154
139
172
148
184
145
168
149
166
166
165
155
176
176
162
168
159
136
172
118
182
160
161
153
130
167
155
174
158
161
131
164
135
169
184
161
155
149
162
168
159
157
166
154
152
167
131
185
153
159
153
148
156
154
153
150
140
165
150
173
164
171
172
136
177
150
139
152
186
153
153
158
142
151
149
146
148
155
149
176
155
162
171
158
141
173
165
161
181
167
139
149
147
160
149
180
168
160
146
137
130
137
158
155
164
143
155
160
137
160
148
153
142
153
145
161
134
141
161
154
150
134
153
153
148
162
169
172
146
139
158
143
155
138
149
161
136
150
154
122
144
144
138
161
149
148
164
147
145
145
158
147
166
161
148
152
145
142
155
135
161
163
166
145
155
160
141
123
149
157
157
132
142
164
146
144
140
119
122
122
132
141
135
158
139
142
146
138
138
141
152
163
150
142
137
155
149
155
150
156
135
162
136
145
146
137
150
139
158
132
148
149
148
137
132
152
145
133
147
156
157
146
127
142
134
148
131
124
136
133
135
150
142
130
127
124
133
141
124
144
136
135
132
142
99
148
144
121
105
137
123
117
125
143
149
144
132
125
116
120
147
133
131
141
115
110
123
119
135
132
128
115
131
144
131
123
131
141
109
125
132
109
121
134
125
115
121
125
112
125
119
116
143
119
137
113
131
141
111
127
130
118
130
119
113
133
106
122
123
119
127
130
135
118
129
119
109
114
107
133
108
128
117
121
134
148
110
151
110
109
126
122
142
128
135
105
141
119
132
115
120
124
114
131
106
130
102
139
113
114
103
122
124
119
138
111
112
128
132
137
115
118
114
118
127
111
119
112
110
124
103
107
127
123
127
107
96
122
133
127
124
117
126
106
142
126
125
110
117
121
151
120
118
130
136
128
129
113
114
129
121
113
104
117
138
124
106
121
117
134
133
123
116
118
139
127
96
120
145
126
106
121
144
142
114
119
111
106
112
144
116
117
151
121
132
128
136
117
140
130
124
113
129
130
125
127
131
111
117
140
124
144
126
125
105
128
120
135
133
117
141
127
118
146
118
112
129
125
109
119
137
120
125
114
152
103
146
116
141
131
129
148
123
121
128
145
142
137
119
146
119
134
120
120
118
119
121
135
150
111
135
124
124
124
115
115
123
129
128
128
125
125
134
112
136
119
111
108
98
113
123
117
98
89
105
116
95
116
128
114
104
113
108
122
94
98
112
110
93
108
112
97
112
95
116
117
107
101
124
110
93
96
94
88
107
117
96
111
107
99
107
97
89
104
107
107
104
86
103
116
104
97
105
97
104
106
90
107
95
118
118
91
103
98
109
90
96
109
97
99
98
106
128
92
107
99
107
104
116
85
103
108
100
108
111
98
101
98
79
92
109
80
116
96
99
89
80
101
96
123
112
122
118
99
96
106
105
99
104
100
96
108
100
110
99
108
106
117
91
94
104
104
100
114
102
93
104
93
101
104
99
79
93
93
99
99
123
108
99
107
105
84
117
101
106
112
99
119
98
88
97
99
94
92
107
108
112
119
107
116
104
103
106
101
76
88
106
109
102
95
99
103
96
100
121
102
106
96
124
101
89
99
108
103
108
122
114
109
105
94
106
101
110
100
101
111
92
102
104
115
111
92
102
104
110
125
96
110
88
95
100
95
101
98
102
115
88
112
80
96
95
89
104
96
91
82
92
97
85
87
88
86
76
84
78
96
85
83
100
77
94
70
91
87
92
78
89
84
87
86
79
76
86
89
90
110
85
93
79
78
96
79
91
91
78
59
76
83
77
83
88
91
82
76
72
100
89
99
85
92
99
80
76
87
86
78
82
104
86
92
79
82
94
76
71
72
86
89
71
83
68
84
90
78
73
69
77
84
83
101
80
71
86
77
85
82
71
78
88
96
76
89
90
98
78
99
77
78
78
88
104
94
74
95
85
97
94
88
66
90
85
83
91
80
91
81
92
89
77
75
77
86
100
95
80
99
93
88
90
90
90
77
83
91
85
78
91
95
74
108
83
99
84
74
100
82
86
89
75
75
68
73
77
78
82
84
90
83
82
78
84
100
83
85
79
86
102
85
75
82
81
90
90
102
85
76
76
80
91
98
93
87
71
94
75
90
92
88
85
84
87
91
93
71
89
83
75
110
98
99
92
104
97
107
112
94
77
106
99
106
84
94
95
102
94
101
91
98
95
104
95
124
105
87
89
104
82
106
129
95
93
107
98
93
88
114
122
100
111
109
96
99
94
100
107
90
87
91
102
85
105
93
98
82
125
83
74
103
91
79
90
82
74
84
73
85
89
86
94
84
52
92
100
84
85
68
62
82
61
71
67
81
56
76
73
63
69
63
67
58
72
59
70
73
55
64
43
48
53
64
56
49
54
49
63
65
56
52
62
52
57
67
58
63
46
50
66
64
50
48
53
61
58
52
42
50
59
51
52
58
50
60
63
43
62
61
54
55
64
52
57
50
59
57
63
46
54
58
63
58
50
56
45
48
50
53
49
50
56
58
54
51
56
57
40
61
48
48
57
54
58
65
73
53
60
42
50
42
58
65
59
49
47
65
48
62
53
45
58
52
52
54
58
57
56
53
50
62
54
44
49
47
47
48
55
56
62
52
40
50
58
64
56
54
56
42
41
56
53
58
53
42
56
43
60
59
53
61
56
57
62
38
53
61
42
57
53
46
50
61
58
44
42
45
41
56
62
43
37
52
57
48
57
53
45
57
53
59
53
69
66
58
49
47
49
51
59
58
58
42
56
69
60
45
54
47
51
58
49
42
57
63
64
54
52
49
44
65
45
59
41
56
57
48
48
53
57
52
51
56
54
53
53
56
47
55
61
52
58
48
43
62
54
56
37
49
60
53
49
61
54
61
41
52
51
37
55
72
57
51
55
45
58
59
56
57
58
58
55
58
56
43
55
38
59
62
44
62
45
43
48
70
68
52
39
45
49
54
60
53
34
61
48
57
41
51
56
46
48
61
47
42
53
61
61
54
60
54
39
56
47
34
37
47
51
48
46
44
46
49
52
55
58
53
48
42
51
48
55
48
51
54
61
45
51
41
52
41
56
44
48
54
45
54
45
55
57
68
44
58
48
53
50
40
43
43
58
57
45
44
42
65
51
56
43
59
47
56
45
61
45
51
44
46
40
36
43
58
57
56
48
53
53
52
45
59
53
55
66
54
56
42
63
52
60
56
54
52
43
46
55
50
51
51
43
49
45
61
59
52
57
62
49
57
61
42
57
52
46
43
68
47
52
54
51
58
55
49
48
50
45
51
57
63
53
58
59
60
59
52
47
56
61
67
58
70
54
56
57
48
54
58
54
49
62
79
70
57
64
70
47
69
58
42
63
74
57
70
61
47
66
70
51
62
65
60
71
72
65
76
67
63
70
51
93
72
71
77
70
67
58
69
63
67
76
79
90
66
79
82
70
88
91
66
78
70
92
81
81
64
82
74
80
87
72
84
87
80
68
77
70
97
84
76
86
82
77
76
76
69
61
66
78
68
88
73
67
63
59
58
79
72
72
76
60
55
58
71
54
49
54
64
62
52
56
47
48
44
45
57
33
41
28
31
35
32
33
28
35
31
38
30
26
30
28
19
30
19
31
20
15
21
36
28
15
24
23
17
28
25
20
15
24
10
24
19
17
21
14
14
19
19
14
21
17
21
23
23
18
19
18
17
24
15
18
23
29
19
18
18
23
26
14
20
18
18
23
25
22
22
22
25
9
22
23
23
22
25
17
16
26
31
13
25
26
21
20
20
25
24
17
26
25
22
26
20
27
25
12
19
24
22
27
16
15
19
26
19
22
31
24
22
23
17
15
21
20
18
21
14
20
21
24
29
20
21
25
21
20
27
19
16
16
22
25
27
24
19
26
28
32
21
19
22
21
22
21
22
20
24
20
19
24
18
14
18
23
31
26
21
22
17
19
25
25
24
24
18
16
19
32
22
17
21
25
11
21
18
23
27
20
29
21
18
14
15
19
22
25
27
16
15
18
22
20
22
16
19
21
25
29
21
29
23
24
26
17
30
15
31
25
26
28
24
21
14
23
28
24
24
24
23
22
18
29
24
18
22
26
25
30
29
32
22
29
43
32
26
17
29
26
28
24
17
29
33
25
24
21
20
22
40
26
30
29
33
29
23
30
28
23
23
28
28
25
25
33
23
25
20
21
29
26
28
21
32
23
27
15
16
16
13
25
14
21
14
15
20
14
14
16
14
16
12
21
16
8
17
7
13
9
13
14
7
16
9
11
15
14
8
10
8
13
18
12
8
15
13
18
6
9
11
11
13
10
15
14
13
14
14
12
8
16
7
16
14
12
12
8
9
13
15
11
14
18
7
14
12
13
13
10
7
9
13
8
13
10
8
10
2
13
6
17
18
8
7
6
5
11
13
8
8
12
11
11
12
16
11
13
5
9
10
9
7
11
7
9
9
10
13
7
9
14
9
11
9
9
13
8
12
22
15
13
6
6
10
15
10
13
11
9
13
12
9
9
9
7
7
17
10
9
6
11
13
18
8
14
11
20
7
8
15
16
2
6
13
16
12
11
15
9
5
10
10
13
13
15
9
9
11
7
8
11
8
10
10
10
14
10
15
13
11
6
8
10
12
10
11
18
8
6
8
15
12
13
8
13
11
15
8
6
15
15
14
8
11
9
15
17
14
15
14
9
10
9
15
9
9
9
6
14
12
8
16
10
11
7
21
13
15
11
12
20
11
8
14
8
15
10
7
5
11
12
15
13
12
14
15
12
11
10
17
15
6
17
10
12
9
13
13
6
12
11
14
6
15
11
8
15
8
16
12
15
15
10
12
14
12
9
16
11
13
10
4
12
15
11
11
10
13
7
10
14
8
9
14
7
13
13
5
8
11
7
11
11
15
5
5
6
11
9
10
10
18
10
8
14
10
10
9
3
8
7
4
12
9
15
7
6
4
9
5
6
9
14
8
11
12
14
9
6
18
10
7
11
11
11
7
11
7
11
5
11
11
11
16
10
9
11
9
3
6
8
7
11
6
7
4
5
11
9
12
8
2
8
6
15
5
7
9
7
9
13
9
14
7
5
8
9
10
7
13
6
10
7
11
11
8
15
13
7
9
7
9
11
7
10
14
3
11
11
8
4
8
8
5
13
9
8
8
12
9
14
1
9
12
9
7
14
15
9
4
12
6
10
9
12
9
7
9
7
5
12
8
11
9
5
9
9
9
10
10
7
7
13
8
5
7
8
4
14
9
8
11
6
8
14
11
8
8
8
10
8
12
4
7
8
7
13
8
14
7
7
10
4
4
6
11
9
18
5
7
8
10
1
4
11
5
9
4
3
8
10
17
6
6
3
9
5
7
5
8
9
6
6
7
5
7
11
13
11
4
8
12
10
13
10
9
12
9
6
6
10
6
13
9
12
12
8
8
13
9
9
11
12
5
6
16
12
9
11
12
10
11
5
9
13
9
10
14
12
10
8
8
6
11
6
10
13
9
13
12
12
10
11
8
13
11
11
11
9
7
13
10
11
11
13
10
17
9
10
9
10
14
8
8
4
11
11
7
6
10
9
8
13
12
9
13
5
11
9
9
8
6
7
8
8
8
5
9
7
8
6
7
4
6
7
8
11
7
4
9
5
9
9
9
5
9
8
7
8
4
12
4
3
9
4
5
12
9
6
10
4
5
6
8
7
8
5
8
3
5
7
8
8
7
6
2
5
6
13
7
10
8
9
10
6
9
8
7
9
7
6
1
5
5
2
3
3
4
11
10
3
4
5
8
9
2
14
9
11
9
9
6
2
5
8
10
5
6
7
7
4
8
9
6
5
5
15
8
5
7
5
5
6
5
9
4
10
5
5
5
9
5
7
4
10
7
12
6
6
6
8
2
8
4
3
7
6
5
9
6
7
5
8
2
10
4
6
6
8
10
8
8
6
9
5
7
7
8
10
7
7
4
7
4
8
7
8
4
8
10
11
8
5
9
10
7
4
6
4
3
6
9
6
5
7
2
5
8
7
6
8
13
2
5
7
4
7
3
12
4
8
6
9
4
4
6
6
2
3
5
3
6
5
11
8
6
6
9
9
5
10
6
5
7
5
5
6
7
5
6
8
5
9
3
5
1
5
4
2
9
3
7
5
15
5
7
6
3
8
10
6
9
5
4
6
4
7
5
7
4
5
3
8
5
4
9
7
5
9
6
3
9
8
5
8
10
5
7
4
6
9
6
5
11
7
5
6
7
9
8
6
7
6
11
5
9
8
7
9
6
5
14
4
2
10
4
7
3
7
6
6
5
7
5
7
6
4
7
7
6
9
6
4
6
5
5
7
2
11
9
7
6
6
8
3
8
6
3
6
6
5
5
3
10
3
16
8
7
4
3
9
6
8
5
6
7
9
6
9
8
4
10
9
2
7
7
9
5
6
5
4
8
2
11
9
7
4
7
9
8
3
2
11
10
8
6
4
5
6
8
6
7
5
11
5
7
7
9
5
6
3
5
6
3
4
4
8
8
6
4
8
9
10
7
7
13
7
6
8
6
6
5
8
3
9
6
8
8
5
6
5
9
3
8
4
8
10
6
5
7
2
7
10
2
13
8
3
11
3
6
4
9
6
3
8
6
9
3
4
4
6
1
6
6
5
5
2
3
1
6
4
3
6
4
7
8
9
9
6
6
7
6
4
6
4
6
3
7
7
6
3
10
5
7
5
3
2
3
6
4
3
4
4
4
5
9
5
7
2
8
9
7
3
4
5
4
11
2
4
3
5
3
12
7
9
11
5
4
7
6
6
3
8
4
3
5
6
4
5
5
4
9
5
7
4
6
10
5
1
6
6
11
3
1
7
11
4
5
1
7
7
6
10
3
5
6
7
4
5
9
1
2
11
6
4
6
9
4
4
8
3
4
10
7
8
8
5
3
6
5
3
4
5
7
13
3
5
9
5
2
4
8
10
5
1
13
6
10
8
5
6
4
6
5
8
4
8
10
4
8
8
7
4
7
9
8
4
7
8
10
5
3
3
7
0
6
4
3
8
8
9
7
3
4
10
8
6
7
9
3
4
5
4
6
5
6
3
3
7
5
10
9
9
5
5
7
7
4
6
6
5
4
2
3
5
3
15
8
1
5
6
3
7
1
6
6
6
4
2
3
4
4
8
3
5
7
2
9
9
2
10
10
3
3
5
3
5
5
4
3
3
7
5
5
3
8
9
6
4
11
4
4
6
3
2
4
7
10
4
7
5
7
0
3
2
6
3
7
8
4
0
8
3
5
8
2
3
6
9
6
3
2
10
4
7
4
5
7
2
2
3
2
4
8
3
12
7
4
4
7
5
2
1
2
8
7
8
2
7
1
1
7
4
8
6
7
8
6
8
6
4
5
6
6
5
9
2
5
5
5
4
5
7
9
9
3
8
8
6
10
5
6
5
6
6
5
7
4
4
0
7
2
6
4
4
3
7
2
4
6
4
2
8
10
6
8
2
4
5
3
6
2
4
4
3
4
4
4
3
5
2
6
4
6
3
7
5
8
3
7
5
5
2
4
1
3
4
6
2
6
8
7
3
3
4
6
2
7
4
5
2
8
6
5
7
5
2
3
1
1
4
4
6
3
3
3
2
8
2
3
3
4
4
2
4
6
2
2
0
7
4
6
5
6
5
4
6
3
4
8
5
4
2
4
3
5
8
5
5
4
7
3
3
4
7
5
5
4
4
5
4
7
4
5
7
4
5
10
8
3
3
4
5
4
4
7
11
4
5
4
6
4
2
5
8
5
3
4
3
7
2
7
8
6
1
5
3
5
7
4
3
5
6
4
4
4
4
3
6
5
5
2
2
9
9
8
2
5
6
6
2
5
9
8
1
4
5
6
6
3
4
5
8
3
0
2
5
7
3
7
7
4
4
4
6
4
5
6
7
7
5
6
7
5
5
8
7
1
4
4
3
3
7
5
7
6
7
8
2
5
8
3
4
2
5
5
9
4
6
3
6
2
3
5
6
5
5
4
1
9
4
6
3
4
7
4
8
4
2
6
9
5
7
4
4
7
9
4
6
3
6
3
3
2
2
7
2
7
2
5
5
2
9
4
8
7
2
7
9
4
5
5
2
8
9
11
10
5
6
12
9
8
12
3
10
8
4
9
7
7
6
11
9
7
8
8
7
6
7
10
9
6
6
5
11
11
12
9
10
14
7
7
7
12
6
7
10
3
9
9
7
8
14
10
6
11
9
12
6
8
8
8
6
4
4
5
7
9
8
5
5
7
5
5
6
9
6
8
11
7
5
3
6
9
4
3
6
5
7
7
7
5
6
4
7
5
5
11
6
6
9
3
4
1
7
2
5
2
8
6
14
3
2
5
5
3
8
5
5
5
3
3
6
5
6
1
1
3
5
8
4
6
5
7
1
5
5
1
5
2
3
1
4
3
5
7
4
4
2
3
3
1
9
5
1
5
5
4
1
3
0
1
5
3
3
3
6
2
6
7
5
1
5
4
2
4
4
3
2
6
3
1
3
4
3
4
4
6
3
4
3
6
5
2
6
1
1
5
1
4
3
4
6
2
2
1
6
3
0
2
4
3
3
3
2
4
5
6
7
3
5
3
2
6
7
3
1
3
5
2
3
6
2
2
2
3
6
5
4
5
5
3
5
4
3
3
6
4
5
6
1
4
2
2
5
4
4
6
4
5
5
3
7
2
7
7
6
6
5
7
6
4
6
2
0
4
6
2
9
3
6
1
3
3
9
5
7
3
6
4
4
5
4
3
6
5
5
6
5
2
6
3
2
4
9
6
4
7
3
4
1
4
9
7
2
2
2
2
5
6
1
4
1
2
5
1
7
8
3
3
5
3
2
5
3
1
4
7
2
4
1
4
4
5
2
3
3
4
8
3
8
3
4
4
4
4
1
3
5
2
5
6
3
3
2
6
3
2
3
3
2
3
2
5
1
1
7
2
3
7
4
4
5
2
7
4
7
5
5
3
2
4
5
4
3
2
3
4
1
5
3
7
4
6
3
5
1
5
3
4
4
5
7
0
4
3
6
6
4
4
1
7
4
2
4
4
4
4
5
1
6
7
3
0
3
2
3
7
4
6
3
5
3
1
6
3
3
5
8
2
2
3
5
8
5
3
4
6
4
3
2
0
3
1
5
3
2
1
1
2
5
4
2
5
4
2
2
3
3
3
9
1
4
3
3
5
6
2
6
5
4
6
3
4
3
2
0
4
2
3
5
4
5
4
2
4
1
1
6
4
1
2
7
7
4
3
5
3
6
4
2
5
5
3
4
2
5
2
4
3
3
2
7
1
6
3
5
11
2
1
4
7
2
1
3
4
1
1
3
6
2
5
3
2
3
0
4
2
4
2
3
7
7
2
8
4
5
4
4
4
4
1
8
4
0
6
5
5
2
7
2
8
8
10
2
5
3
6
6
3
2
4
6
2
5
7
8
7
7
5
6
9
5
7
8
5
7
3
6
2
8
7
5
6
2
9
6
8
5
5
3
5
7
6
8
4
8
7
3
10
8
5
5
5
8
9
8
4
8
4
7
4
8
6
3
6
2
6
9
3
6
7
7
6
10
3
5
6
10
9
6
3
5
2
4
8
3
4
5
3
8
9
6
4
9
8
3
7
7
3
5
2
4
3
5
3
3
5
4
6
3
6
4
7
4
5
3
5
3
3
5
3
6
4
3
5
7
2
2
4
4
3
3
2
0
3
3
1
1
1
4
3
4
7
2
2
3
5
3
6
3
7
6
2
6
3
2
2
2
5
5
2
0
2
3
4
5
1
3
2
2
4
5
3
1
3
4
4
1
0
3
4
6
2
2
4
5
2
3
4
3
1
1
4
7
4
3
1
3
3
2
0
5
4
4
3
6
2
4
2
3
5
3
1
3
0
3
4
3
4
1
3
5
2
1
3
3
1
5
3
1
3
1
2
7
3
3
3
2
2
6
6
3
2
2
6
8
0
4
3
5
1
2
4
7
6
3
1
2
4
2
4
4
3
1
2
3
1
4
5
2
3
6
5
2
3
4
1
2
2
5
5
3
0
3
2
1
3
5
4
7
2
5
7
1
4
5
2
4
2
3
2
3
1
3
4
1
3
3
1
3
5
6
5
3
2
1
5
2
6
5
1
2
1
2
2
3
2
4
4
2
6
4
3
4
5
2
1
3
3
4
0
2
4
5
3
6
0
4
4
1
1
4
3
0
3
1
6
3
3
4
2
2
8
5
2
4
2
3
3
1
3
3
3
2
2
2
3
2
3
4
2
3
5
4
2
1
3
2
4
6
6
5
2
5
7
2
7
7
5
4
3
2
4
2
2
3
2
4
3
3
5
4
3
3
3
2
5
1
5
2
2
3
0
2
1
3
0
3
5
3
1
5
3
2
2
4
1
1
2
4
2
3
2
4
2
2
3
2
1
5
2
5
5
0
3
3
6
7
0
2
1
4
2
3
2
3
3
3
5
2
0
4
4
7
2
3
0
2
4
4
1
3
1
3
4
1
5
0
1
4
3
7
2
2
3
0
5
2
6
4
1
2
4
1
1
4
3
1
2
7
1
2
1
2
2
7
5
0
1
3
7
4
2
3
3
3
2
2
4
6
1
4
0
7
7
3
4
2
0
2
6
1
4
4
3
2
4
4
5
0
1
2
2
6
2
6
2
3
6
3
1
4
5
2
5
4
5
4
1
3
5
4
1
3
4
4
2
4
3
7
1
1
3
3
4
4
3
2
0
2
2
4
1
0
1
1
4
4
4
5
3
4
2
1
3
4
4
1
2
4
3
3
2
1
4
4
1
4
5
4
3
0
3
4
7
1
4
3
8
3
2
1
3
4
8
2
2
3
3
5
2
2
2
2
2
0
4
3
3
2
5
3
1
3
2
1
6
6
1
5
4
1
3
2
2
1
3
6
5
1
0
2
2
5
0
2
1
2
2
2
2
5
1
3
2
1
1
2
2
1
3
4
2
0
1
3
2
5
3
3
2
4
5
2
2
0
3
4
5
1
4
5
1
5
4
6
4
3
5
4
6
2
6
3
3
1
2
3
4
3
2
3
3
1
2
1
1
3
2
3
2
0
2
1
4
6
3
3
3
1
4
0
6
2
5
1
3
5
2
3
6
2
3
1
2
2
4
2
2
2
1
1
1
1
1
2
4
1
1
3
5
1
1
3
4
4
1
2
1
3
2
0
1
0
4
3
2
3
3
1
5
3
3
3
0
5
2
7
4
3
4
1
4
1
0
1
4
4
2
3
0
3
2
2
3
3
3
7
5
4
4
3
4
5
1
3
4
4
4
2
6
0
1
3
3
1
2
3
2
2
3
3
3
3
2
2
5
0
3
3
5
2
1
3
1
4
4
0
7
6
3
5
3
3
4
7
2
2
0
4
4
2
2
2
1
0
5
3
4
1
3
6
5
8
3
2
2
1
4
5
1
5
3
4
2
3
2
2
1
1
3
1
2
0
5
1
5
3
3
5
6
4
3
2
2
1
2
1
4
1
3
2
1
0
1
0
1
4
3
3
4
3
1
4
2
0
3
3
6
1
3
3
4
4
2
1
2
2
2
4
3
4
5
1
2
1
6
2
3
2
5
1
2
0
1
2
3
3
3
1
4
1
7
3
2
3
1
4
4
5
2
2
5
6
7
2
1
1
1
2
5
6
6
5
4
6
2
4
4
4
3
1
4
3
0
4
2
2
2
4
1
5
4
5
7
3
1
1
2
4
3
1
1
3
1
4
2
4
4
1
4
2
6
2
2
0
5
3
0
3
5
2
3
1
1
1
5
3
4
2
2
4
1
3
2
2
4
3
6
3
2
2
2
4
4
2
1
2
3
6
7
2
5
2
6
2
3
3
5
3
2
0
7
1
0
3
5
2
2
1
2
3
3
4
2
1
0
2
4
5
3
3
1
2
3
3
2
5
4
1
3
1
2
1
1
2
0
1
2
1
1
4
1
3
3
3
1
7
3
1
1
2
1
3
3
0
2
5
1
4
2
2
4
3
1
3
1
3
6
2
1
3
3
7
5
3
4
2
2
3
1
2
0
2
3
2
1
2
0
2
5
1
2
2
2
6
4
4
5
0
1
9
5
1
7
2
2
5
4
1
6
3
1
2
1
1
4
3
2
3
2
3
2
0
4
3
4
1
1
3
6
1
4
5
3
1
1
3
4
5
2
2
1
2
3
4
2
2
3
1
4
5
8
2
4
0
1
3
2
1
7
5
2
3
4
5
3
2
2
3
2
1
3
0
2
2
3
1
2
3
3
2
0
4
1
3
1
4
0
2
5
3
5
5
0
2
2
3
1
5
4
1
3
1
2
2
4
2
4
3
6
2
3
6
3
5
4
3
0
3
2
2
4
1
0
3
1
5
4
2
5
0
2
1
1
2
4
2
1
4
5
1
0
1
1
2
5
2
2
2
2
3
3
2
0
5
3
4
0
1
3
2
3
0
2
1
3
3
2
1
1
3
4
1
1
4
1
3
3
4
1
2
0
0
1
1
1
1
5
3
2
2
2
2
1
1
6
5
4
0
3
3
1
1
4
2
4
1
1
2
2
1
0
1
3
2
1
2
2
2
3
2
1
2
2
4
5
8
1
3
2
3
1
0
3
3
2
2
4
3
3
2
1
0
2
0
2
1
0
1
4
2
1
5
1
4
5
0
1
2
2
3
2
4
1
3
0
1
2
1
2
3
2
3
3
1
5
2
4
1
6
2
2
2
3
1
1
2
2
4
2
2
3
2
1
1
3
2
5
1
2
4
1
3
3
3
3
1
2
3
2
1
3
2
1
1
5
1
3
0
2
0
1
2
4
1
2
3
1
4
1
3
3
2
3
3
2
2
2
1
2
1
2
4
3
2
1
6
2
1
5
1
1
4
1
0
4
6
3
3
4
8
2
3
1
6
1
7
2
3
1
8
1
3
2
1
3
3
3
2
1
2
3
2
5
2
4
2
3
3
7
7
3
7
5
3
2
6
7
5
4
8
2
9
3
2
6
5
7
2
2
5
5
5
3
6
4
3
5
4
2
6
8
6
2
5
6
4
7
4
4
6
5
5
4
6
6
7
3
6
6
7
6
9
6
5
9
2
4
5
7
2
6
4
8
4
5
7
3
8
6
5
3
4
2
3
5
5
7
7
6
5
6
2
5
4
4
5
4
2
4
4
4
3
1
2
5
1
2
0
4
1
2
7
4
3
3
0
6
4
1
1
4
3
4
1
3
0
1
2
4
3
1
3
7
6
0
3
4
1
3
4
1
2
1
1
0
6
1
3
4
1
3
2
2
2
2
4
3
3
2
2
0
5
3
2
4
2
4
3
2
3
7
2
4
2
1
3
2
2
1
2
5
0
4
3
2
0
4
2
2
1
5
2
4
4
3
2
3
0
4
2
4
0
4
2
2
2
1
2
2
2
2
4
5
1
3
1
5
3
0
1
1
5
3
3
2
2
0
1
3
5
2
1
2
2
2
2
3
0
0
3
3
1
2
1
3
1
0
5
2
3
2
1
1
1
5
3
1
0
1
4
1
3
2
3
3
2
1
0
2
1
4
3
2
1
0
1
0
2
1
2
2
2
5
2
8
5
4
1
2
3
0
0
1
3
2
5
2
1
4
3
4
2
4
2
4
4
2
2
3
2
2
1
0
2
3
5
2
5
1
5
1
3
1
2
1
2
1
1
1
3
4
4
3
3
6
1
2
1
6
3
3
1
5
3
1
3
2
2
1
1
2
0
2
2
1
2
1
4
3
1
2
4
4
2
4
3
4
6
2
2
2
1
1
4
1
4
6
2
2
3
4
2
4
3
4
1
3
1
2
2
2
2
4
2
2
4
4
6
1
3
3
2
5
6
0
1
3
5
8
3
2
3
0
4
4
4
3
1
1
2
1
1
0
3
1
2
2
2
4
7
3
0
5
4
6
3
3
5
0
4
4
2
4
3
2
0
5
3
0
6
6
3
0
3
1
3
2
2
1
3
3
1
3
2
5
4
3
2
3
3
1
1
5
3
3
3
0
1
4
1
6
1
3
1
1
1
7
3
1
3
4
2
2
2
2
1
0
1
0
5
2
3
1
2
4
3
2
5
1
5
3
2
1
2
0
1
4
1
0
3
2
2
5
1
2
1
3
4
4
1
1
1
0
2
2
2
1
2
2
3
5
2
2
4
0
1
1
1
1
4
3
3
1
1
2
3
0
2
0
1
5
1
3
0
2
2
3
0
2
2
2
3
0
1
1
2
5
3
1
2
1
1
5
4
3
1
4
2
3
2
2
6
1
5
1
1
3
1
1
4
3
5
3
2
0
2
3
5
1
6
2
3
1
0
1
3
3
1
1
1
1
1
1
4
3
3
1
3
4
1
3
4
2
2
4
1
2
2
0
1
2
3
4
4
0
1
3
2
1
2
3
1
3
0
4
3
2
1
2
3
2
3
2
5
2
2
2
3
3
0
1
3
0
0
1
2
2
2
2
2
1
3
3
3
3
2
1
3
3
2
2
1
2
2
4
0
2
4
3
0
1
5
2
4
2
1
1
1
3
2
2
1
0
3
2
2
2
5
3
2
3
3
1
3
2
1
2
2
1
0
2
2
4
0
4
1
3
3
3
3
4
4
2
4
0
2
6
0
1
3
2
2
5
1
1
1
3
2
1
5
7
2
3
3
2
0
2
2
1
1
3
1
4
3
3
0
4
2
3
4
2
0
6
1
1
0
2
4
3
2
4
0
3
3
2
5
2
5
3
0
1
2
5
0
2
9
2
3
4
3
1
2
1
4
3
4
2
0
3
2
0
1
1
5
3
2
2
3
0
3
2
3
2
3
3
0
1
1
3
2
7
1
1
1
5
1
4
2
3
2
4
3
3
0
5
3
3
5
2
3
2
1
1
2
5
3
1
1
3
4
1
2
1
3
0
0
1
2
4
1
3
1
2
3
6
2
1
1
0
0
1
2
2
4
0
2
0
3
0
2
1
3
1
0
4
2
4
1
1
2
3
5
3
1
0
2
3
3
3
4
2
3
2
1
2
1
2
2
1
3
3
2
1
4
4
2
2
2
3
1
4
4
3
3
3
2
0
3
4
3
3
2
4
6
0
3
1
2
2
3
3
1
2
5
1
3
3
2
3
2
1
3
2
3
4
3
4
6
3
1
2
4
3
0
3
2
1
5
0
1
1
4
0
2
3
2
0
2
3
1
2
3
6
1
1
1
0
3
2
3
5
2
1
3
1
4
3
3
3
3
0
1
2
3
1
4
2
3
4
4
4
1
1
3
1
2
3
0
2
1
1
2
2
2
2
3
4
1
5
2
4
2
3
5
3
2
5
3
0
2
4
1
0
5
0
0
3
1
2
3
3
2
3
2
1
1
4
1
0
1
4
3
2
1
4
2
3
2
1
2
3
2
1
2
1
1
4
3
2
1
3
0
2
3
3
1
1
1
1
1
0
2
1
2
2
1
1
4
7
2
2
2
0
1
4
0
3
2
1
1
4
4
2
2
2
4
2
2
1
4
1
4
4
2
2
2
1
3
2
1
1
4
3
4
1
2
2
3
2
3
4
2
3
1
0
2
2
1
7
6
4
1
2
3
2
2
2
3
1
3
5
2
0
0
2
2
2
2
2
0
3
5
1
4
2
5
2
5
1
2
0
1
1
1
1
3
4
3
2
3
4
1
2
2
1
4
1
1
2
1
1
2
4
6
0
2
2
3
2
3
3
3
3
1
3
6
2
1
1
6
4
1
1
2
2
4
3
6
5
0
2
2
1
4
0
2
1
6
3
5
2
3
5
1
2
0
3
2
3
0
3
6
2
3
5
5
5
1
1
5
5
2
3
4
3
6
2
3
2
0
4
4
3
5
3
3
3
4
2
1
0
2
4
2
2
2
1
6
0
4
5
3
3
1
3
4
2
0
2
2
2
4
1
1
2
2
1
2
4
1
5
1
0
2
0
2
5
3
2
1
4
1
3
3
1
3
1
3
2
3
1
4
1
2
5
1
0
1
3
0
2
2
0
4
3
1
1
4
1
1
3
2
0
3
2
0
1
3
1
4
1
3
0
2
1
1
0
3
2
0
2
4
0
2
3
1
2
0
5
2
0
2
2
1
2
1
2
3
1
2
5
1
3
2
1
2
1
1
0
1
1
2
1
2
2
3
1
6
2
4
1
4
4
3
1
0
1
1
3
1
2
1
2
4
1
2
0
0
2
0
3
0
1
2
2
1
1
2
0
1
5
2
0
1
2
4
1
3
2
2
1
5
2
1
2
3
2
1
1
2
4
3
2
3
2
3
2
1
2
3
1
2
0
1
1
0
1
0
2
1
1
3
4
5
1
1
1
2
0
0
0
4
3
0
6
0
1
1
2
2
1
3
1
0
2
0
0
1
0
3
1
1
2
2
2
0
0
1
1
0
1
0
5
1
5
0
1
3
0
1
3
3
1
1
3
0
1
2
1
3
0
4
1
1
3
2
1
0
1
2
1
1
1
3
1
0
3
0
0
0
0
3
2
0
3
2
2
1
3
1
0
2
2
3
2
4
1
0
1
2
2
1
3
2
1
1
2
2
3
2
3
3
2
2
3
0
1
1
0
2
3
2
1
1
3
1
1
0
1
1
1
1
1
1
4
2
1
1
2
2
1
0
1
3
2
3
1
0
1
0
2
0
4
1
4
2
0
1
3
0
4
1
2
2
2
1
3
0
0
2
1
0
1
3
2
0
1
4
1
2
3
2
4
4
3
2
3
1
0
2
2
2
1
3
2
3
2
2
2
1
2
1
0
0
1
1
1
1
0
1
2
0
2
2
1
3
1
1
2
0
1
2
1
2
0
1
3
0
0
1
0
2
3
1
2
3
2
1
3
1
2
0
2
3
1
3
1
1
1
1
0
2
2
3
0
3
1
0
1
0
0
1
1
2
1
2
4
0
1
0
1
1
0
1
0
3
0
3
0
2
2
0
0
1
1
2
1
2
0
1
0
0
2
1
1
2
2
0
2
3
0
0
1
2
3
2
1
0
0
0
2
2
2
3
2
2
0
1
3
1
4
0
0
2
0
0
1
1
1
1
3
0
2
2
2
0
1
0
2
3
0
4
0
1
2
1
3
0
1
1
0
2
3
1
2
4
0
2
0
1
0
2
1
1
0
1
3
3
0
1
3
0
2
1
0
3
0
2
0
0
1
0
0
2
0
3
1
1
0
0
0
1
2
0
4
3
3
1
1
1
0
1
1
0
0
0
3
3
1
0
1
0
0
3
1
3
2
4
3
2
0
0
1
0
0
0
1
0
1
4
2
2
0
2
2
1
1
1
1
4
2
2
0
1
0
0
0
2
1
2
1
1
1
2
2
1
3
0
2
1
0
2
0
4
0
2
3
1
0
1
3
1
1
0
2
0
2
1
0
1
0
2
0
2
2
2
2
0
1
0
1
0
3
2
0
1
2
1
1
2
0
2
0
1
1
1
2
4
1
3
2
3
0
1
2
0
2
1
1
0
0
0
2
2
1
3
0
2
2
2
4
1
1
1
1
0
0
1
2
0
3
2
3
2
5
3
0
1
1
2
1
1
2
2
1
0
0
1
0
0
0
2
3
0
1
1
1
1
2
3
0
1
2
1
2
0
0
2
3
1
1
1
0
3
1
1
0
2
4
0
0
2
4
0
5
3
5
1
0
2
2
2
0
2
1
1
2
3
1
3
2
1
1
1
0
1
2
1
0
2
0
0
1
0
0
2
1
1
1
0
3
1
0
5
0
0
2
1
1
0
1
1
3
2
0
0
0
1
5
1
1
1
1
2
1
1
3
2
0
2
0
2
0
2
2
0
2
1
1
0
1
0
1
1
0
1
2
1
1
1
1
1
0
0
1
1
3
1
2
0
4
4
2
1
0
0
0
1
2
3
1
0
1
0
0
2
3
1
3
1
2
0
0
2
1
3
0
0
0
0
0
0
0
0
3
0
2
1
0
3
1
0
2
2
0
1
1
0
0
2
0
2
1
2
1
1
1
1
1
2
1
1
2
0
4
0
1
1
0
0
2
0
1
3
0
1
2
1
1
0
2
3
4
0
0
4
1
1
0
0
0
3
1
0
0
0
1
0
1
1
1
2
0
2
1
2
1
0
1
1
2
0
0
3
0
0
0
0
1
1
3
0
0
1
1
1
2
3
0
1
3
0
2
1
1
3
1
1
1
2
2
0
1
0
1
1
0
3
1
1
2
1
2
0
0
0
2
1
1
1
0
0
0
1
0
0
3
1
1
0
3
0
2
0
2
0
0
0
2
1
0
0
1
0
0
0
0
2
0
0
0
0
1
1
0
1
1
3
0
1
2
0
0
3
2
0
0
0
0
1
1
1
0
2
1
1
0
1
2
1
1
2
0
0
4
0
1
1
2
0
0
1
0
1
1
0
0
0
0
0
0
0
1
1
0
0
0
1
0
0
0
2
0
0
2
1
2
1
2
1
1
0
1
0
2
2
0
0
0
0
2
1
2
1
3
0
1
1
0
2
1
1
3
1
0
1
0
0
3
0
0
1
3
1
0
0
0
2
1
1
2
1
1
1
1
1
1
0
1
0
1
0
1
1
0
2
1
1
1
1
0
0
0
1
1
0
2
1
2
0
3
4
0
0
0
0
0
0
2
0
0
1
0
1
2
1
1
0
1
1
0
2
0
0
0
1
2
1
1
0
3
0
1
2
1
0
0
0
3
0
0
1
1
2
0
0
1
0
2
1
0
1
0
1
1
1
0
0
0
0
0
0
0
2
1
0
1
1
0
2
0
1
1
0
0
0
0
0
2
2
0
2
0
0
0
1
2
0
1
1
1
0
1
1
1
2
0
1
1
0
1
0
1
2
1
2
1
1
0
0
1
0
0
4
1
1
1
1
0
0
2
1
0
0
0
0
3
0
1
1
1
0
0
0
0
1
2
0
0
2
0
0
0
1
1
0
2
0
2
0
2
4
1
0
2
1
0
1
4
1
0
0
0
1
3
3
1
1
0
2
3
1
2
1
2
0
1
1
0
1
3
2
1
2
0
4
2
3
0
2
3
0
1
0
2
0
0
1
0
1
0
0
0
0
0
1
5
0
1
2
0
2
3
1
0
2
2
1
2
4
0
3
0
0
0
0
1
3
2
1
1
0
2
0
0
2
3
2
0
1
3
1
2
1
1
0
0
1
2
0
1
1
0
0
0
0
0
1
2
0
0
0
0
1
0
0
1
0
0
0
0
3
0
2
0
2
1
1
0
1
1
0
0
0
0
0
0
1
2
2
1
2
2
1
0
1
0
2
0
2
2
1
2
0
0
1
0
0
0
3
0
0
1
0
0
2
3
0
1
0
1
1
1
1
0
0
1
0
0
2
1
1
1
0
1
0
2
1
0
0
1
2
0
1
0
0
1
0
0
0
0
2
1
1
1
2
2
2
0
1
3
1
0
1
1
2
0
0
0
1
1
1
2
0
0
2
0
1
0
2
0
0
0
0
1
1
0
1
0
0
0
1
1
1
0
0
0
4
0
0
2
1
0
0
0
2
2
1
0
1
1
0
0
2
1
1
1
0
2
1
2
1
0
0
1
0
0
1
3
1
3
0
1
2
0
2
1
0
0
3
0
0
2
2
1
2
0
2
0
2
0
1
1
1
2
2
0
3
0
0
0
1
0
0
1
0
0
0
0
2
1
1
4
0
1
1
2
2
0
1
1
0
0
0
1
1
0
2
1
2
3
1
1
2
0
0
1
1
2
0
0
0
0
1
3
1
0
1
1
3
1
0
2
0
2
0
0
1
0
0
0
3
1
0
0
2
1
0
2
0
0
5
2
0
0
1
0
0
0
1
1
1
1
1
0
0
0
0
0
1
1
0
1
3
0
1
0
1
4
2
0
1
1
0
1
0
0
1
0
0
0
0
1
1
1
2
2
1
0
0
0
0
1
1
2
1
2
2
0
0
1
0
2
2
0
0
0
0
0
1
3
0
1
0
0
0
1
1
0
1
0
2
0
0
0
1
0
1
2
0
0
0
0
1
0
2
1
0
1
1
0
0
0
1
0
0
2
0
0
1
0
1
0
3
0
1
2
0
2
0
1
0
0
1
0
0
2
0
0
0
1
0
0
0
2
3
0
0
1
0
1
2
2
0
0
0
0
0
1
1
1
0
0
0
3
0
1
1
4
0
0
3
2
2
0
0
2
0
2
1
0
0
2
0
0
1
2
1
0
1
1
0
0
2
0
0
1
0
0
0
1
0
1
1
0
1
1
0
0
1
2
0
3
1
1
1
0
1
0
0
0
0
0
1
1
0
0
0
1
2
0
0
0
0
1
0
0
0
2
2
0
2
0
0
1
0
0
1
1
0
0
1
1
0
0
0
2
2
0
0
0
0
0
0
0
0
1
0
0
1
0
1
1
0
2
0
1
0
0
1
0
0
0
2
0
1
1
0
2
0
1
0
1
0
2
1
1
0
0
1
0
2
0
0
1
2
1
0
2
0
0
0
2
1
2
0
0
0
2
0
1
0
0
0
0
0
0
1
1
3
0
0
1
0
0
0
1
0
0
0
0
2
2
0
1
1
0
0
0
2
0
0
1
1
0
0
1
1
0
1
1
0
1
0
0
1
2
1
2
0
2
1
0
2
0
0
0
0
1
0
0
1
1
0
1
1
0
1
0
1
1
2
3
1
2
0
3
0
0
0
0
1
1
1
2
0
1
0
1
2
2
1
1
0
3
0
1
0
2
1
0
1
0
0
1
0
2
1
0
1
1
3
1
1
0
0
1
0
3
0
2
1
2
2
2
1
0
0
1
0
0
0
1
1
0
2
2
3
0
1
2
1
1
0
0
1
2
0
0
2
5
2
2
0
0
0
1
3
1
1
2
0
2
0
5
1
2
0
4
0
6
4
3
1
4
2
3
5
7
6
4
2
4
6
7
2
0
4
8
4
6
3
5
3
4
8
9
1
3
8
12
7
3
6
12
10
14
9
7
4
11
10
12
7
15
12
9
13
7
7
12
17
10
11
9
5
10
8
11
9
8
7
11
10
16
10
8
8
5
8
14
11
15
13
13
11
6
8
11
5
8
11
11
10
3
10
7
3
5
6
9
4
7
3
5
6
8
7
9
2
4
2
3
5
4
6
0
5
3
5
5
0
2
0
1
6
2
1
3
4
2
4
2
5
2
3
2
1
1
2
1
3
3
2
3
1
1
4
1
2
2
1
2
1
1
4
1
4
2
2
0
1
1
0
1
1
0
0
3
1
0
0
0
1
0
1
0
2
1
2
1
0
2
0
0
1
1
1
0
1
2
1
1
1
1
0
0
0
1
0
0
0
0
1
0
1
1
1
0
0
0
1
0
0
0
1
0
1
0
0
1
0
0
1
2
1
0
0
0
2
0
0
1
1
0
1
0
1
0
1
0
0
0
1
0
0
0
1
1
0
1
0
0
3
1
0
2
0
3
0
1
0
2
0
1
0
0
2
1
0
1
1
1
0
0
0
0
1
0
0
1
1
0
0
0
0
2
0
0
1
2
1
0
1
0
1
0
0
0
1
1
0
2
0
0
0
0
2
0
0
1
0
0
0
0
1
0
0
0
1
0
1
0
2
0
1
0
0
1
0
0
0
0
1
0
1
3
1
0
1
1
1
0
1
0
1
2
1
0
0
1
0
0
1
1
1
0
1
1
0
0
0
2
0
0
1
1
0
0
2
1
0
1
0
0
0
0
0
1
0
0
0
0
0
0
0
2
0
0
0
0
0
0
0
0
1
1
1
2
0
2
0
0
0
1
0
2
1
1
1
0
1
0
0
0
0
2
0
1
0
0
1
1
1
0
0
1
0
1
2
0
1
1
1
0
0
0
0
0
1
0
0
0
0
0
0
0
0
1
0
0
0
0
0
0
1
0
1
1
0
0
0
0
0
0
1
0
0
0
0
1
1
0
1
1
0
0
0
1
0
1
1
0
0
0
0
1
1
1
0
0
1
1
1
0
0
0
2
0
0
0
2
0
1
0
0
0
0
0
0
1
0
0
1
2
2
1
1
2
0
0
0
1
0
0
1
0
1
0
2
0
0
0
0
0
0
0
1
0
3
0
0
1
3
0
2
0
0
0
0
1
0
1
1
0
1
0
3
0
1
1
1
0
0
0
1
2
0
0
0
1
0
0
1
0
0
0
1
2
1
0
0
1
1
1
0
0
1
1
1
0
1
2
0
0
0
1
0
0
0
0
2
0
1
0
0
1
0
0
1
1
0
1
0
1
0
0
1
0
0
0
1
3
1
1
1
0
0
0
1
1
0
0
0
0
0
1
0
1
1
0
1
0
1
0
0
1
0
0
0
0
0
0
0
0
0
0
0
0
0
1
0
0
0
1
1
0
1
0
0
0
2
1
0
2
1
0
1
0
0
0
0
0
0
1
0
0
1
0
0
1
0
0
0
0
0
1
1
1
0
0
0
0
1
1
0
0
3
0
0
0
1
1
1
0
0
0
1
0
0
0
1
1
0
0
0
0
1
0
1
0
0
0
1
1
1
0
0
0
0
0
1
0
0
0
0
1
1
0
0
1
1
1
0
0
0
0
2
1
0
0
0
0
0
2
0
0
1
0
0
0
0
0
1
1
1
1
0
0
0
0
0
1
0
1
1
0
1
0
0
1
0
0
0
0
0
0
0
0
0
0
0
0
0
0
1
1
0
0
0
1
0
0
1
2
1
1
0
0
0
0
1
0
0
0
0
0
1
0
0
0
1
0
0
1
0
1
0
0
0
1
0
0
1
0
0
0
0
1
0
0
2
1
0
0
1
0
1
0
0
0
1
1
0
0
0
0
1
0
1
2
0
1
1
0
2
1
0
1
1
0
0
0
0
0
0
1
0
0
0
0
1
2
0
0
2
1
0
1
0
0
0
0
0
1
0
0
2
0
0
0
0
0
1
0
0
1
2
0
0
1
1
0
1
1
1
1
1
0
2
1
0
0
1
0
0
0
0
0
1
1
3
0
0
0
0
1
0
1
1
1
0
1
2
0
1
0
2
0
0
1
0
0
0
0
0
0
0
0
1
0
0
0
1
0
1
1
1
0
0
0
0
1
0
0
0
1
0
1
1
0
1
0
0
0
0
1
0
0
0
0
0
0
0
0
0
0
0
0
0
0
0
0
0
0
0
1
1
0
0
0
1
0
1
0
1
0
0
0
0
0
0
0
0
0
0
0
0
0
0
0
0
0
0
0
0
0
0
0
0
0
0
0
0
0
0
0
0
0
0
0
0
0
0
0
0
0
0
0
0
0
0
0
0
0
0
0
0
0
0
0
0
0
0
0
0
0
0
0
0
0
0
0
0
0
0
0
0
0
0
0
0
0
0
0
0
0
0
0
0
0
0
0
0
0
0
0
0
0
0
0
0
0
0
0
0
0
0
0
0
0
0
0
0
0
0
0
0
0
0
0
0
0
0
0
0
0
0
0
0
0
0
0
0
0
0
0
0
0
0
0
0
0
0
0
0
0
0
0
0
0
0
0
0
0
0
0
0
0
0
0
0
0
0
0
0
0
0
0
0
0
0
0
0
0
0
0
0
0
0
0
0
0
0
0
0
0
0
0
0
0
0
0
0
0
0
0
0
0
0
0
0
0
0
0
0
0
0
0
0
0
0
0
0
0
0
0
0
0
0
0
0
0
0
0
0
0
0
0
0
0
0
0
0
0
0
0
0
0
0
0
0
0
0
0
0
0
0
0
0
0
0
0
0
0
0
0
0
0
0
0
0
0
0
0
$ROI:
0
0
$PRESETS:
Live Time
0
0
