7443 11930 644 61.9 8.32431 560 1324.66 0.00560277
7443 12069 696 65.265 2.86445 -410 1185.26 0.00561786
7443 35509 598 62.8103 4.4755 430 1432.9 0.00537969
7443 43011 674 58.6441 2.24177 -350 1610.38 0.00566425
7443 54429 600 57.6922 3.50541 660 1598.92 0.00707026
7443 57352 696 69.5411 3.85426 -380 1738.71 0.00638555
7443 61887 696 70.0041 4.90991 470 1580.82 0.00556736
7443 64701 626 74.78 3.97299 -610 1409.65 0.00645784
7443 75080 646 59.5928 3.31782 860 1101.7 0.00462032
7443 97765 644 64.0141 31.0748 2860 1101.31 0.00430218
7443 102729 640 72.6583 1.10017 -520 1590.55 0.00418156
7443 111483 644 69.0496 6.48212 440 1535.89 0.00627382
7443 114142 662 58.0451 1.43566 -340 1403.4 0.0047949
7443 116431 624 69.3147 3.62544 570 1524.4 0.00412286
7443 119080 642 58.8499 12.6331 980 1012.62 0.00531883
7443 128952 688 62.8795 23.5147 7840 1432.07 0.00867106
7443 133683 662 71.5583 2.50107 600 1420.02 0.005864
7443 135524 646 58.7568 26.1623 7590 1398.79 0.00404634
7443 139715 598 61.3607 1.3398 -350 1328.77 0.00406673
7443 147596 610 61.8439 10.8568 -830 1478.85 0.00667973
7443 149855 640 58.0297 8.89547 490 1314.93 0.00720471
7443 150619 696 67.18 10.919 460 1708.89 0.00706414
7443 165000 664 59.9237 4.93172 730 1480.97 0.00696155
7443 167961 662 66.7842 1.26371 640 1301.58 0.00424876
7443 176457 598 68.9326 9.23115 570 1594.62 0.00865597
7443 188377 626 56.7422 15.419 -1880 1299.94 0.00561817
7443 191468 594 65.5068 1.20586 350 1469.51 0.00442626
7443 207896 674 68.3209 2.37428 750 1660.07 0.00576404
7443 217516 674 58.5675 2.88467 670 1314.68 0.00612223
7443 229370 576 58.6789 3.78527 460 1475.19 0.00618472
7443 234811 662 71.1141 1.1911 500 1583.16 0.00423984
7443 245369 624 60.8325 12.6561 1210 1396.98 0.0056485
7443 249008 608 71.3823 1.1356 -470 1660.23 0.00412095
7443 254620 594 71.843 11.4682 640 1669.46 0.00754264
7443 254910 642 57.9008 26.2469 4650 849.122 0.00410811
7443 255459 674 59.8353 2.0673 -380 1473.9 0.0058454
7443 256435 690 59.5807 6.66481 760 1171.66 0.00551479
7443 259957 674 59.8937 1.4419 510 1294.79 0.00457895
7443 274418 696 68.5838 2.64381 -670 1083.51 0.00453186
7443 300139 644 64.5538 10.8064 1430 1376.46 0.00517689
7443 307612 626 67.9461 9.77384 430 1585.67 0.00698197
