7517 19044 690 66.7094 1.60427 -220 1743.82 0.0042479
7517 25497 674 61.7128 5.85866 -360 1619.08 0.00744997
7517 27412 576 61.2489 10.6465 1190 1351.93 0.0058948
7517 35188 626 60.1469 6.58163 540 1264.74 0.00561355
7517 49529 662 58.1056 9.82041 -700 986.355 0.0050555
7517 68226 610 74.8698 3.76155 -690 1486.59 0.00566784
7517 69567 642 66.6808 8.25172 700 1288.35 0.00540167
7517 78817 644 56.9483 19.5842 -5490 975.132 0.00423849
7517 84777 644 63.9435 3.38498 490 1379.51 0.00437789
7517 94094 688 66.3785 3.7179 490 1339.38 0.00435062
7517 95406 692 58.0741 1.85485 360 1382.28 0.00533587
7517 101139 640 74.8605 2.06374 280 1593.42 0.00516803
7517 114837 576 64.1129 4.65457 -520 1334.95 0.00686701
7517 128587 624 73.1534 4.63282 610 1410.38 0.00424075
7517 145134 688 72.6423 8.33846 -430 1625.99 0.00769653
7517 145425 626 66.3131 2.12666 -630 1127.06 0.00517168
7517 145872 646 73.3046 1.15125 -360 1541.61 0.00426338
7517 146777 690 59.9681 2.3282 -450 1242.52 0.00443903
7517 176786 610 57.2834 1.57977 220 1215.47 0.00427808
7517 191871 696 61.008 6.79006 -640 1318.48 0.00670014
7517 217014 688 68.6167 1.98146 360 1673.36 0.00531773
7517 226138 608 59.1587 4.72433 720 1301.68 0.00407379
7517 233518 592 66.5296 11.5283 720 1595.25 0.0090561
7517 234601 696 73.5013 2.23151 770 1803.53 0.00525606
7517 258902 626 62.4774 3.59644 380 1282.46 0.00521889
7517 262082 644 65.5473 5.92692 470 1360.88 0.00601532
7517 272529 696 67.1491 2.51574 590 1063.02 0.00586763
7517 296641 662 63.6171 3.07121 -550 1326.67 0.00604603
7517 305672 610 65.5644 1.24138 -330 1284.41 0.00423477
7517 307584 592 73.4154 4.557 420 1559.32 0.00502546
7517 310336 600 66.8015 10.0123 -530 1666.33 0.00773199
7517 329864 624 75.634 2.87491 350 1480.21 0.00582517
