7600 6426 642 60.9627 6.92856 550 1295.17 0.00566131
7600 7506 600 73.6454 10.9169 510 1817.38 0.00758228
7600 19358 610 68.9296 6.39321 610 1413.1 0.00515689
7600 23796 598 71.8234 3.45318 480 1619.83 0.00448635
7600 23963 688 75.9558 1.12528 360 1568.76 0.00431465
7600 47136 610 73.455 1.21143 460 1614.5 0.00413911
7600 69579 592 71.976 6.35042 -410 1689.26 0.00678376
7600 96525 594 57.0326 22.0726 6990 1164.38 0.0043313
7600 135918 598 68.1532 8.12626 840 1282.21 0.00487523
7600 149208 644 65.7546 5.67555 430 1462.46 0.00686413
7600 154774 690 73.2471 1.15275 -540 1436.71 0.00416877
7600 173631 674 66.167 1.20727 450 1630.13 0.00464286
7600 186959 626 74.8868 2.00476 -230 1518.17 0.00506645
7600 192070 594 57.4407 6.3156 720 1183.41 0.00496012
7600 192152 662 57.7333 1.73054 410 1171.02 0.00500916
7600 206525 696 72.4815 1.46275 -570 1467.68 0.00448977
7600 212492 576 60.186 7.02221 800 1190.66 0.00516928
7600 226669 644 68.4345 2.7656 -340 1417.38 0.00606287
7600 235921 642 57.659 5.76975 670 1128.13 0.00408522
7600 252353 576 72.4061 11.0945 1610 1512.49 0.00598154
7600 273443 642 70.7421 1.1079 500 1424.8 0.00416018
7600 279071 696 72.9143 1.26366 -500 1643.59 0.00420984
7600 283160 674 61.5902 2.03734 -510 1359.31 0.00553783
7600 289224 626 60.2885 11.2023 1850 1289.31 0.00606212
7600 301571 624 59.4594 25.9073 4030 889.764 0.00405213
7600 311164 626 71.7285 1.74659 650 1299.54 0.00457018
7600 312833 576 65.083 3.45089 520 1529.02 0.00666233
7600 324452 696 63.4193 2.06702 -470 1285.93 0.00511383
7600 325422 598 65.7016 4.84504 620 1297.93 0.00529752
