7427 4097 646 68.092 7.44563 500 1463.22 0.0060086
7427 8299 644 72.5753 2.2871 -540 1511.96 0.00535375
7427 25264 688 59.2788 1.06544 -440 1281.39 0.00405815
7427 38474 576 60.6446 1.48669 500 1232.64 0.00474115
7427 47872 626 63.2058 1.58404 -390 1291.69 0.00478583
7427 57403 664 75.3509 14.065 -450 1761.29 0.00774172
7427 92829 600 69.9299 1.1032 570 1367.11 0.00441585
7427 123782 600 60.8334 9.55001 590 1292.16 0.00703893
7427 150362 576 70.8998 1.03078 -340 1611.31 0.00414239
7427 152877 644 75.9841 8.16368 940 1722 0.00590244
7427 174173 624 65.2242 5.71905 920 1491.05 0.00407364
7427 180442 598 61.1046 12.1125 1010 1208.28 0.00578571
7427 190635 610 59.2672 8.86875 1230 1298.53 0.00497366
7427 215095 692 72.2457 1.23406 -370 1565.22 0.00407861
7427 215550 690 75.7128 3.26034 580 1598.11 0.0062246
7427 222974 640 69.9217 1.36519 -480 1593.61 0.0044616
7427 293927 644 69.1842 5.70065 650 1271.58 0.00444538
7427 300531 646 58.5202 2.07344 -350 978.517 0.00507463
7427 303170 610 59.6695 1.78711 -620 1164.53 0.00488413
7427 308342 626 57.3436 11.0214 640 904.997 0.00505004
7427 327612 610 67.7108 3.23293 -370 1532.15 0.00645229
