7279 2806 610 64.4982 5.68486 -630 1414.13 0.00683304
7279 6384 576 69.3229 3.57728 640 1348.63 0.00404935
7279 9422 576 75.1194 2.07229 380 1476.38 0.00463215
7279 21837 674 69.9698 1.66963 -730 1265.77 0.00485626
7279 22071 662 74.5684 2.48467 400 1772.16 0.00565387
7279 22128 696 61.5542 4.56219 -560 1397.17 0.0057672
7279 23135 598 75.1913 6.77628 970 1555.38 0.00434226
7279 23334 688 63.9732 7.59023 780 1305.25 0.00788559
7279 31518 644 60.5098 8.16078 720 1169.6 0.00674672
7279 31870 592 61.0857 2.1769 -430 1574 0.0057892
7279 35773 674 61.9641 1.80885 350 1298.27 0.00483344
7279 38724 608 67.445 8.76178 900 1305.36 0.00571929
7279 42485 674 65.2553 3.13217 440 1702.32 0.00617503
7279 49533 642 65.0591 5.62527 490 1281.66 0.00537698
7279 49799 662 69.2391 1.84692 -350 1734.68 0.00513251
7279 51095 576 66.1673 2.86695 470 1686.19 0.00585318
7279 51123 624 57.3644 2.43337 -440 1475.68 0.00539577
7279 53028 690 74.5993 1.84595 -560 1570.02 0.00544327
7279 56127 626 69.2208 2.05362 360 1511.06 0.00554044
7279 59442 640 59.6907 1.52122 -360 1577.81 0.00495812
7279 61638 674 60.1777 8.4286 400 1547.6 0.00739844
7279 62102 594 63.1452 4.27107 760 1290.05 0.00417055
7279 64999 594 58.3292 2.50423 460 1376.89 0.00615386
7279 66190 696 65.1902 4.70851 540 1047.86 0.00420002
7279 74043 608 58.8923 6.06353 620 1391.97 0.00467952
7279 75734 644 73.4435 12.4168 -550 1443.38 0.0074685
7279 76808 674 71.6411 8.28151 720 1482.41 0.00593736
7279 80188 600 58.6609 2.17619 420 1172.78 0.00614431
7279 80589 598 66.6905 21.7704 -4910 1219.32 0.00414171
7279 81689 644 64.5319 9.58322 -610 1138.97 0.00618703
7279 87435 674 57.6814 1.36427 -380 1132.14 0.00453937
