7315 596 674 66.5803 2.51397 370 1508.63 0.00612064
7315 10731 644 57.1507 2.34087 510 1152.15 0.00527356
7315 21464 688 65.2742 1.24214 -410 1542.81 0.00449119
7315 26272 662 68.8669 1.32296 -420 1222.57 0.00452355
7315 26609 626 58.8095 16.157 7910 1222.4 0.00509633
7315 28209 624 70.0614 9.12494 530 1329.53 0.00608068
7315 38730 692 72.9196 3.34345 400 1634 0.00659741
7315 40226 610 71.896 7.02444 1860 1467.55 0.00519901
7315 47202 644 57.2212 1.26927 410 1291.18 0.00438562
7315 62050 610 73.9498 2.64651 -570 1444.4 0.00528856
7315 66038 644 65.4051 5.99997 410 1522.6 0.00677581
7315 68389 610 75.2388 1.57682 500 1490.78 0.00446611
7315 70468 626 59.5597 23.8925 2120 1067.26 0.00433746
7315 70585 690 57.08 2.02121 -480 1356.31 0.00542616
7315 70620 608 69.5016 6.4242 390 1573.37 0.00802891
7315 74167 646 63.0357 5.86115 520 1249.24 0.00675975
7315 77048 598 58.5213 1.14212 510 985.99 0.00438131
7315 79596 610 61.0479 2.04335 -450 1287.4 0.00505792
7315 85134 600 72.0713 2.50147 490 1537.05 0.00620193
7315 87581 624 75.745 3.84558 440 1291.14 0.00501672
7315 91946 642 65.6395 5.89416 720 1444.07 0.00492082
7315 93831 576 64.9116 4.58476 -420 1443.18 0.00684502
7315 96025 610 66.7479 8.1035 640 1510.79 0.00680169
7315 103547 674 76.1708 3.18939 340 1597.64 0.00672197
7315 104761 696 72.8195 2.29833 470 1433.43 0.00518525
7315 105745 598 75.7465 1.05378 560 1477.65 0.00408732
7315 116989 640 66.3762 1.04173 490 1269.39 0.00416282
7315 117015 576 56.8184 3.70332 -450 920.353 0.00414126
7315 120548 646 72.6869 4.59189 530 1524.49 0.0069949
7315 135928 576 75.064 4.85849 540 1544.11 0.00561519
7315 143198 626 57.9412 20.7069 1570 1205.88 0.00647748
7315 145381 696 69.0834 5.33915 460 1675.95 0.00651227
7315 146950 624 70.1579 2.23851 440 1494.53 0.0053747
7315 149544 662 67.4318 5.37137 560 1540.69 0.00512091
7315 152049 626 57.7639 1.18788 1330 1144.93 0.00435133
7315 155965 674 72.2609 5.01392 510 1710.23 0.00730898
7315 157519 664 62.0077 3.62591 -760 1504.49 0.00500986
7315 157601 640 74.7354 2.14593 -340 1602.68 0.00522911
7315 158886 664 66.9089 2.77804 -340 1329.1 0.00591448
7315 159476 576 72.4471 1.15105 510 1599.58 0.00420617
7315 160854 640 62.3517 2.81123 720 1132.5 0.0057277
7315 163821 576 68.8476 5.85684 500 1598.41 0.00542638
7315 170988 576 60.5798 4.15876 370 1507.54 0.00654828
7315 173138 626 70.6416 6.20615 770 1355.26 0.00432023
7315 173179 626 65.7034 8.22724 1540 1156.38 0.00471399
7315 173357 598 73.5619 5.73458 800 1588.7 0.00475433
7315 178163 600 76.1809 2.68265 480 1631.02 0.0063007
7315 179471 690 60.0711 10.3873 450 1405.56 0.00750884
7315 180346 674 61.8034 3.80573 440 1618.88 0.00625787
7315 184152 674 66.3481 4.07509 -520 1331.03 0.00664641
7315 184300 600 57.0494 8.69213 690 1349.74 0.00575926
7315 186518 598 73.5408 4.06124 610 1425.6 0.00448629
7315 188102 626 68.7025 22.0488 -1560 1307.88 0.00501856
7315 195625 600 61.8396 11.1891 680 1250.85 0.00789796
7315 196999 690 60.2785 11.3673 1230 1344.33 0.0052543
