7512 6916 688 63.3134 1.54939 450 1390.87 0.00427827
7512 17538 626 75.68 2.54816 480 1556.8 0.00430642
7512 19471 674 70.7898 3.19986 -490 1139.53 0.00471007
7512 47510 696 71.2309 10.0256 570 1483.42 0.00717815
7512 57285 674 60.7129 4.68584 -470 1046.34 0.0061204
7512 99968 598 60.9837 8.2017 1020 1269.7 0.00514256
7512 105971 664 56.7165 1.44618 440 1091.92 0.00402396
7512 107494 696 60.1381 2.36735 -860 1480.55 0.00467303
7512 118639 576 60.663 7.39355 730 1260.18 0.00532307
7512 119099 696 75.4038 1.62204 580 1282.73 0.00442219
7512 123881 696 61.7099 9.30019 900 1290.62 0.00507698
7512 138351 592 56.9574 4.32387 1020 1253.87 0.00481391
7512 139600 576 74.3749 3.10366 570 1495.5 0.00611709
7512 169624 688 63.9362 1.61047 -380 1375.87 0.00474145
7512 179004 688 62.853 2.75128 480 1299.88 0.00480347
7512 195447 664 65.6832 2.29183 -640 1167.03 0.00527132
7512 196426 610 59.9388 1.18453 510 1188.62 0.00400679
7512 253618 646 65.7846 4.07322 -450 1401.38 0.00621111
7512 266376 646 73.9443 7.17595 750 1443.73 0.00459753
7512 269922 646 63.4461 22.7515 3690 1172.98 0.00434798
7512 273614 662 56.9032 3.25814 430 1398.13 0.00606858
7512 328172 576 58.704 6.87809 370 1548.17 0.00715149
