7418 838 594 64.0237 1.14634 480 1193.34 0.004553
7418 7054 690 64.8593 5.42475 -690 1565.67 0.00704029
7418 21585 664 66.1628 2.49353 470 1248.25 0.00407971
7418 46188 624 59.3506 4.60213 1040 1321.87 0.00400501
7418 52783 610 72.1798 15.3161 -600 1641.35 0.00794664
7418 54992 662 63.0243 1.21092 480 1465.33 0.00423924
7418 56833 576 70.2833 5.56739 690 1495.12 0.00500531
7418 68176 674 57.2449 3.18928 -580 977.478 0.00531642
7418 68390 690 58.9312 1.05256 430 1189.05 0.00403945
7418 74949 626 63.6019 25.7645 8250 1254.89 0.00559024
7418 85640 664 69.8256 2.92652 750 1359.07 0.00574403
7418 94759 696 59.7319 2.44002 -640 1127.04 0.00535894
7418 101967 642 65.7918 7.87205 650 1337.92 0.0055174
7418 103715 600 62.7985 7.80724 1190 1406.33 0.00489363
7418 115095 576 70.3724 10.3696 560 1567.66 0.006909
7418 134601 626 58.1991 5.77072 730 1106.28 0.00403958
7418 144515 674 75.021 1.58931 410 1794.09 0.00487146
7418 151234 608 63.4422 1.35665 430 1720.1 0.00501401
7418 155986 642 63.7736 7.19425 760 1378.67 0.00548675
7418 160585 674 65.8926 1.38575 -690 1242.44 0.0048085
7418 161453 624 60.0795 6.80109 520 1464.32 0.00547046
7418 170360 610 60.7781 2.65947 -380 1374.55 0.00588367
7418 172096 642 62.4712 4.22257 660 1065.63 0.00426592
7418 173570 674 60.7423 2.54215 800 1415.36 0.00553798
7418 177405 626 71.379 2.51117 -340 1641.01 0.00597437
7418 177727 662 58.1247 1.05199 310 1242.57 0.00407766
7418 180842 592 62.6998 3.2356 560 1270.72 0.00501597
7418 190499 662 74.5603 1.41794 -460 1602.57 0.00441203
7418 212143 696 66.878 1.87889 -390 1211.71 0.0051114
7418 223263 674 75.9322 4.78667 590 1530.5 0.00725288
7418 224312 626 75.2434 22.442 8300 1344.85 0.00436949
7418 226321 696 61.478 1.57669 -630 1355.74 0.004501
7418 249185 674 74.3414 2.05957 690 1358.83 0.0054141
7418 275587 674 73.4631 2.09144 570 1424.68 0.00473231
7418 281420 662 72.1681 6.78993 470 1590.24 0.0071775
7418 292240 664 74.438 10.605 -690 1711.91 0.0069809
7418 307106 592 63.7528 3.37751 430 1548.7 0.00478724
7418 311988 624 64.4451 2.34521 -320 1615.27 0.00585573
7418 317747 662 74.9416 4.67367 580 1520.95 0.00548649
7418 323148 600 67.4118 1.57117 390 1476.29 0.00497502
