7551 3590 674 75.9228 4.55827 -830 1897.73 0.00663273
7551 31660 592 68.5969 1.63814 -510 1361.42 0.00519375
7551 32456 644 58.6067 5.40955 -460 1095.25 0.00663079
7551 32683 610 62.9918 3.76067 420 1314.43 0.00552532
7551 36788 600 56.8159 1.66657 590 1223.28 0.00550436
7551 51736 576 61.8221 5.79748 1260 1316.01 0.00447433
7551 56562 640 76.4871 4.04825 400 1647.38 0.00583985
7551 65878 594 57.9631 1.2806 -540 1154.53 0.00460735
7551 68386 690 68.1384 4.35394 500 1477.69 0.00629799
7551 69952 608 71.5016 2.61809 590 1652.34 0.006941
7551 71260 674 67.9114 1.96577 -590 1299.22 0.00525298
7551 76270 646 64.7702 2.80426 390 1470.45 0.0059423
7551 90403 576 70.6471 6.5875 370 1701.66 0.00761463
7551 92970 642 73.5546 3.82076 440 1497.51 0.00490486
7551 95281 626 60.2037 20.3116 4580 1078.91 0.00504807
7551 102386 644 66.1791 5.32181 460 1432.56 0.00473847
7551 121050 624 72.5351 2.28386 -390 1526.07 0.00573365
7551 133205 626 58.1097 1.02423 -290 1282.46 0.00402773
7551 159516 644 73.4434 2.11085 450 1682.57 0.00518562
7551 161949 662 70.2238 4.0539 -870 1623.15 0.00564367
7551 163263 690 63.9736 3.05193 -440 1475.14 0.00548859
7551 172266 662 63.4169 1.3184 380 1408.31 0.00471996
7551 175522 690 58.6658 26.986 7080 1513.28 0.00409971
7551 182791 576 59.8899 1.60656 410 1149.78 0.00402947
7551 190209 690 64.5211 1.18664 -480 1187.58 0.00439973
7551 197508 610 68.2292 1.2483 370 1287.77 0.00439987
7551 199520 576 66.9533 6.08308 630 1106.83 0.00418276
7551 199600 576 67.2558 6.17947 740 1486.96 0.00490191
7551 208706 662 71.8698 4.5841 540 1699.36 0.00456451
7551 215638 674 64.7911 4.90439 -1100 1594.04 0.0063622
7551 224169 696 60.061 1.49365 650 1254.9 0.00411207
7551 236234 674 64.4584 1.34815 -670 1606.38 0.00437569
7551 240960 624 56.8622 21.6586 2660 1093.44 0.00414357
7551 246987 610 60.5955 5.59124 -670 1283.6 0.00662509
7551 250524 640 69.3966 3.64788 550 1299.4 0.00424271
7551 256262 674 68.9177 1.39632 -530 1532.91 0.00439582
7551 256777 696 65.2439 3.54325 370 1405.91 0.0060397
