7481 2020 640 56.903 7.48895 380 1329.73 0.00750172
7481 9130 690 57.3929 1.44369 580 1012.9 0.00482464
7481 9688 690 72.059 1.00531 -340 1875.67 0.00407027
7481 9718 594 60.6525 3.69549 -340 1645.3 0.00708528
7481 17191 674 59.929 5.22484 -560 1280.58 0.00622384
7481 27350 598 74.6825 7.53589 1050 1698.55 0.00476653
7481 38249 662 59.1179 2.44671 680 1248.31 0.00551377
7481 38666 662 65.6059 4.42329 -470 1532.5 0.00652064
7481 58877 644 75.5982 6.86332 640 1688.55 0.00526677
7481 65909 610 64.6414 1.17955 -380 1204.87 0.00414015
7481 78964 696 68.6652 3.10666 380 1662.38 0.00588449
7481 86584 644 75.3335 2.69293 -400 1712.09 0.00604299
7481 98058 690 62.4967 2.21814 -420 1529.1 0.0055807
7481 99469 642 72.0729 2.05679 -500 1258.46 0.00529159
7481 119523 626 57.6831 17.6818 -3890 1086.44 0.00429914
7481 131009 598 71.2818 1.71009 -380 1564.03 0.00445626
7481 131879 674 72.5737 3.59663 570 1530.46 0.00687189
7481 133116 598 61.0485 11.9202 -810 1424.07 0.00715374
7481 140320 646 63.3467 9.7298 520 1376.84 0.00697518
7481 142025 662 60.3655 1.78311 530 1191.19 0.00480772
7481 153487 608 57.0846 4.50381 520 1450.58 0.00537486
7481 161999 576 68.5718 2.94004 380 1538.52 0.00446011
7481 167069 610 57.288 7.27026 -400 1315.89 0.0073503
7481 169088 626 64.9057 13.541 3320 1526.63 0.00541122
7481 173470 662 63.8199 13.7427 670 1589.81 0.00808852
7481 182851 626 56.9432 4.60167 -460 1142.21 0.00648411
7481 183048 610 59.3158 1.38705 360 1359.63 0.00469057
7481 194804 664 63.6257 4.23049 520 1149.71 0.0040917
7481 206080 598 59.8556 19.8576 -4130 1169.08 0.00407648
7481 215176 598 62.4211 6.30061 730 1104.29 0.00496106
7481 227084 592 59.0432 8.22768 620 1339.3 0.00628468
7481 254326 644 69.8227 6.95878 540 1533.76 0.00544412
7481 263582 662 63.9335 10.2792 570 1423.09 0.00758881
7481 269621 642 56.9532 9.07863 920 1356.63 0.00476422
7481 287706 594 65.5752 8.47864 810 1411.73 0.00559208
