$SPEC_ID:

$SPEC_REM:
DET# 1
DETDESC# MCB 25
AP# ORCA (11.0h)
$DATE_MEA:
2017-08-12 01:00:23 +0000
$MEAS_TIM:
3112.76 4320.00
$DATA:
0 16383
0
0
0
0
0
0
0
0
0
0
0
0
0
0
0
0
0
0
0
0
0
0
0
0
0
0
0
0
0
0
0
0
0
0
0
0
0
0
0
0
0
0
0
0
0
0
0
0
0
0
0
0
0
0
0
0
0
0
0
0
0
0
0
0
0
0
0
0
0
0
0
0
0
0
0
0
0
0
0
0
0
0
0
0
0
0
0
0
0
0
0
0
0
0
0
0
0
0
0
0
0
0
0
0
0
0
0
0
0
3
5
48
1725
11155
20162
19756
17846
17184
16355
16299
16407
16499
16634
16746
16972
17357
17492
17802
17727
18062
18276
18430
18550
18440
18482
18263
18449
18479
18327
18392
18320
18319
18354
18093
18092
17967
18201
17784
18089
17750
18089
17816
17608
17736
17861
17665
17640
17385
17655
17281
17592
17544
17226
17310
17162
17137
17232
17012
17134
16912
16899
16954
16928
16859
17135
16672
16584
16708
16686
16765
16670
16581
16566
16439
16442
16463
16535
16399
16552
16435
16345
16295
16444
16057
16052
16310
16276
15960
15947
16286
16130
15944
16001
15731
16050
16123
15951
15845
15913
15604
15971
15791
15795
15881
15677
15738
15698
15684
15574
15440
15348
15645
15387
15355
15513
15229
15168
15380
15165
15502
15133
15339
15474
15388
15238
15103
15280
15317
15142
15164
15062
15060
15118
15006
15132
14978
14837
15189
14892
14753
14905
14944
14888
14926
14962
14821
14605
14762
14656
14845
14729
14494
14850
14951
14615
14664
14613
14571
14717
14585
14564
14576
14335
14548
14625
14518
14348
14508
14559
14538
14423
14508
14292
14393
14556
14361
14425
14523
14248
14258
14244
14352
14048
14323
14402
14000
14115
14229
14285
14232
14203
13873
14450
14203
13813
14091
14016
14134
14064
14091
13816
14093
13608
13736
13884
14012
13938
13883
13797
13721
13845
13888
13767
13840
14111
13866
13892
13717
13670
13704
13537
13641
13900
13699
13536
13654
13916
13592
13631
13561
13704
13509
13590
13695
13517
13605
13441
13727
13809
13625
13252
13625
13488
13473
13446
13385
13617
13694
13539
13235
13094
13397
13412
13611
13430
13374
13319
13605
13386
13427
13268
13229
13343
13338
13652
13162
13212
13481
13283
13202
13201
13199
13153
13043
12908
13082
13064
12982
13190
12945
12958
13057
12945
12855
13041
13069
12933
13023
13084
13132
13135
12983
12897
13001
13050
12962
12853
12827
12961
12852
12720
12931
12843
12805
12934
12928
12937
13084
12814
12739
12833
12992
12668
12606
12663
12677
12688
12590
12847
12675
12803
12753
12881
12692
12718
12481
12678
12677
12787
12513
12893
12796
12499
12646
12506
12706
12606
12510
12636
12367
12738
12592
12652
12579
12405
12642
12466
12472
12315
12299
12714
12569
12549
12403
12554
12499
12545
12679
12565
12493
12390
12536
12482
12342
12405
12287
12489
12296
12425
12160
12080
12417
12351
12212
12552
12569
12289
12192
12237
12350
12316
12330
12278
12320
12208
12102
12006
12203
12366
12385
12136
12302
12156
11950
11924
12159
12152
12169
11890
12183
12266
12167
12155
12227
11932
12026
11884
12005
12185
11997
12126
11935
12067
11919
12275
12015
11893
11894
11887
11937
12138
11993
11808
11916
11806
11908
11999
12073
11787
11921
11695
11925
11783
11914
11822
11834
11966
11698
11848
11811
11799
11714
11707
11747
11589
11784
11762
11731
11678
11755
11860
11832
11513
11753
11818
11678
11862
11797
11524
11789
11708
11684
11610
11503
11558
11527
11731
11710
11573
11655
11668
11480
11591
11489
11507
11674
11540
11489
11329
11532
11668
11651
11471
11591
11424
11506
11466
11476
11491
11330
11416
11516
11444
11413
11392
11343
11303
11376
11644
11301
11386
11163
11401
11398
11369
11245
11407
11197
11430
11100
11392
11359
11424
11287
11306
11230
11195
11316
11186
11235
11190
11171
11138
11184
11201
11058
11211
11290
11158
11306
11008
10969
11028
11272
11196
11117
11077
11198
11132
11135
11016
11079
11208
11216
11053
11295
11070
11090
10880
10790
11073
11054
10880
11250
11166
11124
11150
11039
11111
10905
10780
11218
11199
11125
10973
11085
10813
10961
11065
10993
10949
10760
10978
11013
11069
11067
10963
10908
11158
10902
11047
10855
11057
10893
10894
10775
10808
10785
11031
10859
10848
10886
10862
11002
10994
10863
11083
10806
10729
10846
10880
10650
10942
10884
10866
10944
10961
10874
10749
10706
10851
10887
10718
10705
11011
10709
10822
10919
10715
10759
10924
10864
10618
10805
10615
11018
10816
10957
10784
10673
10786
10756
10856
10996
10590
10823
10594
10758
10796
10591
10709
10837
10909
10740
10789
10584
10777
10670
11045
10820
10807
10661
10753
10877
10947
10710
10700
10677
10941
10921
10799
10884
10683
10825
10778
10795
11029
11181
10960
10789
11162
11007
11132
10951
10985
11076
11168
11260
11468
11223
11396
11350
11621
11505
11781
11706
11789
11791
12117
12070
12282
12286
12338
12555
12636
12503
12804
12832
13214
13383
13560
13541
13465
13678
13858
14146
14123
14142
14414
14590
14606
14815
14731
14892
15104
15160
15329
15405
15453
15404
15359
15752
15830
15977
15872
16032
16269
16129
16363
16440
16813
16698
16785
16931
17152
17354
17296
17612
17712
17867
18005
17891
18208
18303
17790
18067
17987
17806
17775
17322
17616
17430
16955
16971
16946
16564
16460
16191
15882
15787
15453
15452
15325
14813
14836
14559
14425
13896
13690
13719
13414
13328
12966
12646
12506
12391
12227
11919
11829
11665
11498
11457
11181
11091
11119
11065
10985
10862
10784
10721
10675
10569
10510
10504
10658
10525
10261
10420
10121
10511
10419
10230
10456
10456
10245
10472
10346
10315
10540
10376
10436
10144
10303
10162
10293
10269
10380
10419
10279
10366
10597
10217
10220
10258
10410
10498
10292
10315
10420
10307
10366
10481
10366
10587
10580
10455
10413
10477
10508
10368
10448
10460
10558
10621
10383
10461
10554
10392
10367
10532
10581
10606
10751
10525
10556
10512
10434
10458
10482
10494
10323
10539
10569
10665
10751
10717
10431
10765
10629
10555
10671
10730
10665
10733
10721
10478
10695
10652
10742
10674
10656
10974
10685
10702
10694
11065
10904
10886
10636
10803
11009
10860
10788
10866
10810
10979
10865
11015
10937
10958
10835
10903
11066
10868
11044
11043
11263
11169
11010
11093
11107
10871
11155
11201
11063
11228
10993
11142
11054
11208
11044
11231
11281
11252
11144
11374
11211
11241
11322
11297
11222
11192
11317
11180
11203
11228
11500
11431
11237
11369
11254
11397
11510
11327
11358
11532
11527
11357
11606
11704
11352
11520
11484
11498
11644
11447
11634
11548
11520
11762
11603
11724
11776
11578
11604
11684
11644
11580
11800
11709
11497
11812
11693
11686
11888
11871
11667
11692
11947
11792
11545
11840
11933
11846
12021
11786
11916
12017
11797
11743
12100
12021
11941
11946
12011
12020
12167
11967
11951
12060
12055
11985
12060
12158
11985
12051
12036
11952
12088
12064
12091
11941
11928
12184
12109
12200
12143
12139
12232
12012
12211
12063
12223
12169
12064
12254
12270
12338
12209
12263
12186
12111
12401
12166
12290
12269
12228
12316
12490
12679
12371
12430
12386
12381
12369
12262
12353
12513
12462
12565
12449
12643
12663
12452
12517
12453
12396
12650
12440
12604
12704
12579
12502
12766
12494
12531
12650
12553
12463
12759
12526
12780
12528
12877
12712
12609
12579
12571
12825
12777
12701
12663
12866
12636
12798
12668
12784
12630
12662
12962
12517
12638
12852
12979
12899
12762
13021
12849
12932
12763
12878
12663
12818
12942
13040
12911
12944
13046
13010
13261
13039
12966
12984
13105
13098
12743
13148
12876
13174
13032
13157
13249
12962
13241
13217
13105
13072
13257
12935
13103
13359
13278
13343
13196
13269
13316
13240
13290
13219
13247
13325
13238
13112
13175
13247
13272
13262
13558
13201
13426
13505
13400
13508
13428
13307
13489
13346
13347
13281
13337
13495
13378
13475
13514
13301
13630
13547
13655
13503
13626
13360
13408
13363
13387
13593
13494
13547
13721
13549
13412
13624
13732
13833
13602
13563
13414
13599
13666
13708
13926
13733
13516
13708
13709
13749
13852
13810
13836
13992
13620
13973
13934
13709
13725
13852
13752
13937
13809
13946
13847
13876
14058
13897
14107
13846
13839
13930
14114
13841
13913
13926
14017
14162
13852
13921
14282
14013
14251
14232
14044
14074
14287
14097
14268
14203
13916
14305
14309
14416
14305
14049
14290
14342
14099
14290
14353
14210
14397
14380
14403
14322
14359
14309
14453
14270
14524
14317
14478
14575
14510
14650
14546
14551
14715
14647
14553
14453
15033
14750
14638
14775
14555
14765
14807
14556
15104
14744
14748
14946
14807
14664
14900
14754
14736
14952
14943
14944
14702
14738
15085
14878
14858
15108
15058
15090
14945
14875
15117
14922
15155
15271
15196
14990
15323
15122
15159
15089
15119
15210
15249
15231
15294
15134
15440
15290
15309
15480
15335
15491
15672
15919
15589
15405
15666
15537
15459
15479
15627
15602
15644
15689
15868
15676
15823
15634
15828
15856
15692
15944
15867
15825
15819
15740
15932
15912
15983
15959
15930
15908
15861
15888
16092
16152
16052
15896
16056
16083
16047
15956
16000
15995
16205
16146
16074
16257
15985
16427
16203
16190
16024
16088
16442
16223
16184
16592
16303
16353
16259
16284
16410
16187
16322
16664
16458
16435
16202
16103
16507
16497
16487
16512
16458
16463
16463
16245
16412
16256
16435
16572
16626
16697
16675
16407
16613
16524
16745
16761
16637
16530
16573
16592
16977
16894
16833
16762
16847
16985
17100
16894
16970
16768
16666
16899
17226
17060
17086
16998
17242
17163
17234
17042
17328
17385
17220
17248
17404
17307
17440
17254
17652
17699
17512
17554
17574
17492
17647
17588
17697
17863
17805
17869
17708
17739
17732
17938
17817
17887
18222
18019
17865
18218
17749
18096
18310
18021
18211
18033
17980
18245
18056
18085
18146
18091
18235
18224
18333
18067
18178
18425
18203
18461
18229
18314
18461
18400
18397
18495
18366
18552
18380
18523
18303
18336
18501
18404
18588
18481
18075
18449
18675
18432
18501
18451
18396
18566
18283
18548
18462
18547
18722
18641
18511
18451
18732
18666
18328
18513
18640
18647
18484
18746
19033
18693
18818
18659
18773
18968
18844
18895
18800
19006
18955
19060
19020
18937
18865
18988
19186
19096
19206
19095
18981
19060
19079
19138
19284
18964
19154
19288
19253
19118
18931
19193
19124
19549
19433
19558
19252
19347
19328
19276
19147
19180
19516
19285
19282
19670
19512
19540
19505
19435
19549
19623
19339
19202
19309
19267
19186
19090
19225
19223
19272
18779
18903
19193
18870
19046
18788
18456
18597
18406
18576
18537
18144
18341
18165
18364
17991
18002
18086
17687
17728
17671
17630
17763
17734
17500
17597
17497
17374
17281
17369
17074
17298
17346
17371
17179
16905
17184
17095
17137
17049
17084
17036
17182
17245
16991
16903
17056
16842
16807
16888
16849
16591
16612
16715
16689
16581
16807
16490
16710
16575
16632
16540
16904
16564
16564
16603
16490
16687
16451
16741
16748
16340
16652
16484
16491
16495
16461
16400
16582
16326
16143
16463
16436
16500
16474
16363
16213
16703
16295
16453
16344
16361
16273
16252
16479
16252
16381
16279
16381
16378
16430
16188
16137
15798
16072
16367
16071
16092
16312
16304
16032
16044
16217
16166
15948
16319
16201
15864
16094
16326
16080
16280
16053
16064
16163
15952
15923
16020
15937
16177
16080
15742
16082
16122
16164
15797
15991
15925
16133
16065
16038
15780
15888
15748
15934
15921
15944
15932
15670
16077
15971
15920
15940
15906
16139
15731
15884
16030
15752
15643
15771
15831
16021
15827
15729
15837
15966
15943
15841
15888
15795
15639
15485
15633
15849
15665
15624
15759
15768
15953
15746
15874
15593
15804
15507
15731
15579
15491
15859
15929
15554
15444
15448
15468
15842
15495
15580
15520
15484
15527
15771
15615
15757
15680
15677
15570
15848
15897
15425
15564
15487
15715
15664
15720
15476
15483
15741
15445
15752
15601
15385
15589
15566
15562
15380
15666
15506
15448
15540
15507
15343
15495
15456
15496
15464
15661
15538
15497
15432
15511
15267
15226
15413
15526
15528
15333
15386
15366
15557
15584
15550
15428
15482
15356
15506
15386
15552
15389
15033
15440
15489
15359
15303
15479
15475
15332
15240
15477
15441
15530
15201
15137
15524
15426
15454
15370
15352
15580
15195
15259
15265
15382
15374
15290
15420
15532
15434
15352
15473
15343
15333
15355
15324
15402
15212
15305
15340
15369
15324
15337
15355
15305
15198
15643
15429
15283
15556
15304
15554
15002
15235
15446
15341
15182
15520
15346
15236
15403
15273
15179
15232
15374
15343
15328
15451
15156
15182
15467
15089
15317
15369
15314
15323
15200
15209
15253
15283
15234
15400
15378
15395
15323
15197
15273
15321
15248
15432
15267
15187
15347
15405
15380
15275
15195
15119
15181
15229
15139
15331
15279
15287
15240
15355
15215
14960
15300
15103
15263
15203
15162
15572
15154
15119
15391
15347
15274
15226
15348
15524
15360
15089
15178
15047
15173
15064
15381
15360
14988
15473
15309
15020
15010
15167
15369
15057
15032
15028
15097
15371
15177
15303
15243
15387
15086
15059
15185
15203
14978
15110
14902
14951
14940
15205
14946
14948
14949
14962
14881
15074
14888
14847
14769
14574
14849
14908
14800
14634
14966
14506
14746
14579
14791
14818
14807
14718
14770
14617
14669
14534
14518
14688
14647
14361
14450
14390
14569
14193
14469
14413
14286
14300
14245
14266
14203
14333
14198
14344
14086
13811
13880
13952
13798
13886
13687
13667
13919
13625
13672
13672
13559
13858
13718
13871
13550
13366
13406
13333
13259
13197
13358
13106
13172
13316
13130
13350
13099
12934
13134
12894
13046
12986
12711
12943
12841
12661
12889
12811
12774
12697
12712
12633
12489
12526
12648
12613
12547
12337
12636
12463
12391
12368
12322
12269
12225
12246
12267
12146
11901
12083
12056
12004
11991
11958
12010
11991
12115
12082
11767
11756
11814
11977
11961
11740
11713
11715
11837
11942
11732
11974
11776
11722
11776
11575
11589
11528
11431
11602
11501
11630
11650
11759
11397
11651
11499
11502
11701
11505
11393
11361
11379
11526
11545
11384
11322
11340
11412
11541
11285
11368
11397
11174
11236
11299
11439
11282
11446
11315
11312
11308
11207
11240
11331
11348
11407
11304
11323
11363
11192
11263
11346
11402
11374
11112
11400
11536
11262
11522
11438
11516
11474
11213
11352
11364
11561
11433
11488
11635
11383
11517
11606
11643
11640
11630
11636
11683
11732
11701
11549
11775
11760
11696
11701
11872
11777
11744
11865
11715
11877
11788
11862
11921
11818
11875
12089
11936
11871
11908
12060
11904
11865
11953
11857
11775
11960
12138
11819
11741
11675
11492
11821
11662
11747
11503
11567
11345
11562
11500
11227
11405
11175
11123
11013
10880
11010
11091
10617
10817
10868
10651
10747
10605
10663
10490
10294
10392
10653
10369
10570
10319
10401
10261
10210
10138
10370
10151
10250
9917
10153
10152
10149
10087
10212
10232
10183
10157
10054
9932
10026
9962
10012
10044
9942
9657
9979
9798
9914
9966
10038
10001
9864
9894
9655
9740
9820
9888
9746
9835
9827
9872
9496
9631
9695
9947
9723
9764
9666
9714
9541
9576
9546
9459
9568
9697
9667
9527
9643
9543
9599
9542
9643
9678
9527
9537
9514
9632
9400
9636
9316
9321
9543
9450
9364
9632
9409
9385
9255
9294
9361
9209
9202
9341
9207
9192
9255
9214
9294
9109
9210
9134
9345
9075
9234
9174
9313
9287
9128
9166
9204
9231
9232
9133
9213
9092
8957
9099
9067
9207
9167
9026
9185
9020
9278
9146
9206
9166
9044
9062
9103
9071
9008
9005
8939
8986
8897
9080
8963
8910
8957
8912
8901
8976
9085
8931
8864
8764
8922
8800
8832
8964
8960
9150
8900
8727
8961
8705
8857
8809
9016
8797
8831
8655
8678
8740
8898
8770
8801
8711
8639
8838
8790
8941
8746
8624
8942
8753
8735
8616
8794
8873
8705
8703
8542
8522
8721
8615
8639
8558
8702
8527
8388
8597
8600
8585
8597
8593
8680
8646
8374
8554
8512
8374
8478
8388
8623
8623
8478
8521
8606
8382
8488
8402
8273
8536
8472
8514
8515
8489
8466
8402
8511
8311
8418
8206
8395
8341
8426
8493
8443
8340
8373
8438
8378
8354
8434
8284
8339
8298
8375
8352
8363
8411
8276
8327
8303
8109
8317
8275
8347
8348
8164
8353
8194
8293
8356
8066
8230
8261
8178
8439
8237
8185
8204
8091
8085
8227
7913
8108
8192
8109
8144
8142
8108
8114
8090
8187
8080
8251
8055
8371
8148
8005
8080
8153
8135
8011
8112
7926
8019
8017
8001
8049
8098
8076
8082
8126
7964
8124
8147
8032
8103
8085
7884
8167
7789
7978
7935
7895
8057
8067
7893
7980
7971
7931
8029
7732
7788
7909
7882
7880
7991
7955
7983
7783
7774
7772
7805
7829
7936
7842
7785
7778
7724
7882
7835
7760
7837
7808
7810
7757
7813
7868
7737
7744
7712
7693
7800
7814
7699
7766
7762
7773
7813
7606
7695
7784
7874
7697
7753
7845
7671
7715
7632
7878
7583
7669
7824
7547
7565
7522
7678
7684
7668
7719
7644
7822
7469
7743
7545
7662
7642
7725
7523
7608
7472
7784
7597
7583
7658
7548
7618
7601
7667
7563
7669
7491
7542
7642
7452
7579
7455
7586
7510
7610
7530
7647
7640
7624
7645
7630
7503
7454
7505
7522
7612
7482
7516
7570
7412
7547
7561
7728
7422
7421
7496
7535
7529
7474
7458
7505
7581
7512
7226
7582
7512
7497
7364
7483
7374
7483
7321
7475
7422
7499
7475
7611
7485
7444
7588
7545
7648
7580
7696
7695
7853
7785
8091
8038
7924
8212
8305
8450
8504
8682
8799
9010
9081
9468
9665
9819
10090
10213
10304
10720
10932
11288
11640
11940
12021
12455
12568
12774
13119
13594
13998
14135
14516
14967
15177
15576
15820
15995
16127
16694
16882
17031
17722
17791
18260
18348
18693
18869
19457
19493
19827
20206
20471
20559
21093
21448
21842
21995
22036
22629
22764
23386
23430
23987
24244
24473
24523
24404
24722
25027
24658
24749
24523
24261
23939
23945
24018
23460
23083
22757
22090
21509
20920
20446
20161
19404
18840
18181
17579
17209
16540
16026
15162
14887
14353
13869
13130
12633
12123
11828
11436
11020
10748
10273
9993
9525
9221
8971
8849
8363
8515
8338
8026
7887
7747
7569
7581
7379
7282
7113
7102
6992
7085
6900
6987
6859
6913
6857
6758
6729
6716
6609
6683
6771
6552
6695
6582
6618
6563
6485
6614
6538
6503
6347
6522
6568
6475
6354
6762
6511
6553
6528
6488
6534
6512
6671
6366
6628
6481
6572
6417
6393
6401
6428
6447
6473
6397
6504
6510
6375
6603
6527
6411
6454
6439
6490
6610
6519
6356
6368
6423
6512
6479
6317
6433
6457
6418
6378
6364
6436
6474
6456
6216
6447
6395
6463
6486
6429
6441
6319
6403
6520
6323
6398
6424
6371
6390
6250
6454
6420
6387
6343
6281
6458
6534
6399
6559
6509
6360
6440
6440
6431
6435
6472
6309
6448
6482
6498
6399
6339
6474
6441
6372
6419
6380
6387
6265
6292
6398
6344
6313
6410
6431
6338
6469
6511
6382
6378
6498
6437
6308
6352
6483
6404
6578
6462
6280
6649
6459
6478
6482
6536
6632
6554
6573
6726
6497
6704
6768
6831
7017
6885
7188
7222
7249
7434
7641
7863
8089
8206
8569
8719
9199
9556
9609
9998
10410
10693
11563
11852
12220
13002
13290
13918
14458
15122
15939
16254
17047
17694
18436
19337
19997
20673
21492
22133
23065
23514
24455
24985
25996
26584
27070
27799
28482
29555
30083
30891
31816
32698
33134
33678
34476
35357
35668
36342
37602
38107
38708
39560
40271
41020
41892
42414
42967
43917
44885
45547
46144
46426
47096
47374
48201
47993
47841
47989
47772
47163
47047
46319
45614
45182
44195
43278
42309
41109
40253
38828
37827
36256
34917
33692
32344
30446
29191
28075
26899
25663
23887
23032
21814
20418
19347
18204
17396
16301
15145
14465
13544
12971
12143
11484
10846
10482
9889
9409
9087
8529
8144
7844
7657
7433
7092
6858
6666
6459
6237
6224
6047
5990
5885
5845
5748
5607
5522
5473
5406
5520
5476
5476
5362
5342
5272
5261
5199
5319
5279
5110
5181
5142
5141
5088
5206
5148
4963
5235
5161
5030
5026
5048
4956
5059
5070
4900
5147
4936
4914
5113
4925
5049
4871
4956
4967
5007
4929
4972
5026
4816
4953
4766
4957
4873
4896
4906
4940
4873
5004
4870
4879
4947
4792
4906
4869
4898
4901
4880
4942
4689
4902
4813
4814
4848
4902
4748
4765
4847
4796
4723
4793
4729
4754
4715
4924
4837
4868
4816
4710
4812
4717
4787
4826
4697
4782
4657
4781
4806
4696
4643
4729
4642
4688
4730
4815
4756
4625
4686
4781
4762
4666
4640
4613
4664
4726
4671
4754
4665
4728
4644
4742
4569
4564
4728
4595
4664
4751
4771
4617
4570
4825
4616
4589
4704
4571
4730
4714
4835
4781
4607
4664
4633
4667
4627
4666
4810
4677
4545
4655
4715
4677
4720
4680
4557
4662
4575
4639
4555
4544
4661
4522
4538
4745
4578
4658
4597
4644
4683
4707
4751
4580
4599
4622
4651
4684
4572
4663
4544
4626
4687
4460
4507
4622
4445
4595
4498
4589
4605
4545
4465
4520
4683
4617
4528
4567
4595
4470
4419
4636
4472
4516
4586
4573
4508
4560
4603
4389
4469
4626
4579
4447
4522
4461
4473
4527
4490
4413
4499
4458
4560
4640
4471
4332
4402
4483
4532
4498
4477
4505
4462
4483
4351
4474
4497
4513
4534
4441
4492
4498
4517
4527
4442
4438
4534
4438
4402
4413
4490
4390
4563
4439
4490
4382
4412
4414
4373
4443
4397
4308
4369
4482
4421
4433
4416
4376
4321
4373
4292
4404
4431
4404
4372
4372
4359
4367
4493
4408
4413
4381
4360
4439
4377
4470
4483
4367
4572
4264
4443
4385
4458
4519
4352
4347
4375
4334
4290
4322
4383
4359
4369
4347
4438
4434
4314
4397
4410
4402
4456
4358
4345
4325
4419
4471
4413
4396
4383
4284
4398
4400
4401
4450
4296
4386
4409
4366
4432
4420
4331
4383
4355
4409
4359
4292
4386
4351
4309
4472
4363
4379
4326
4493
4326
4325
4588
4319
4412
4539
4407
4333
4452
4385
4412
4443
4394
4471
4441
4465
4433
4455
4360
4403
4370
4382
4518
4402
4384
4327
4410
4540
4387
4413
4468
4441
4429
4304
4437
4364
4491
4408
4461
4494
4525
4480
4575
4524
4556
4541
4491
4531
4512
4522
4502
4586
4700
4530
4592
4692
4491
4597
4547
4554
4648
4598
4681
4574
4738
4765
4768
4655
4856
4805
4830
4997
5045
5033
5171
5277
5207
5383
5436
5760
5786
5943
6155
6519
6763
7068
7371
7505
8069
8536
9087
9698
10333
10940
11702
12670
13656
14349
15687
16672
17875
19044
20414
21580
23356
24778
26305
27903
29992
31844
33496
35528
37648
39603
41577
43288
45892
47344
50297
52018
54293
56469
58475
60738
62947
64799
67764
69773
72019
74222
75998
78563
80251
82851
84202
86062
88746
91012
93539
95223
97598
99169
101434
103824
106281
108077
110107
112441
113695
116609
117742
119467
120964
122392
122528
123454
124654
124043
123769
123399
122591
121968
120252
118212
115815
114543
111470
107582
105186
102101
98802
95114
91216
88121
83706
79627
76058
72142
68339
64577
60704
57245
53555
49737
46709
43405
40515
37512
34752
32113
29611
27310
25198
23278
21495
19697
17972
16547
15219
13848
12766
11612
10795
9815
9239
8434
7740
7302
6712
6282
5887
5508
5119
4931
4573
4311
4171
3973
3800
3705
3458
3383
3276
3216
3136
3075
2827
2837
2798
2693
2669
2655
2550
2528
2428
2446
2390
2441
2318
2336
2339
2362
2242
2217
2227
2331
2257
2243
2102
2223
2151
2101
2183
2181
2015
2099
2017
2021
2088
2110
2015
2008
1916
2025
2040
2048
1971
1963
1975
1989
1927
1898
1966
1904
1933
1992
1945
1900
1957
1949
1960
1962
1924
1947
1958
1864
1883
1819
1881
1880
1797
1827
1811
1880
1867
1752
1804
1859
1821
1733
1752
1809
1802
1805
1849
1761
1784
1806
1838
1794
1801
1753
1814
1755
1733
1801
1813
1778
1774
1754
1717
1798
1770
1764
1730
1692
1697
1722
1769
1737
1726
1727
1770
1739
1629
1704
1705
1737
1632
1741
1743
1662
1722
1679
1712
1653
1694
1680
1655
1787
1704
1694
1708
1669
1715
1719
1742
1752
1727
1733
1714
1710
1713
1766
1728
1751
1688
1782
1842
1767
1872
1824
1828
1929
1978
1960
2126
2137
2206
2287
2363
2469
2573
2583
2698
2863
2888
3124
3206
3486
3564
3761
3993
4089
4260
4470
4677
4916
5243
5551
5756
6093
6219
6455
6808
7095
7233
7637
7916
8328
8382
8932
9008
9552
9687
9991
10268
10751
10895
11039
11182
11562
12115
12342
12466
12862
13272
13359
13505
13800
14018
14487
14810
14945
15410
15497
15845
16310
16417
16629
16851
17020
17004
17258
17109
17701
17481
17346
17131
17254
16823
16910
16565
16228
16016
15679
15007
14959
14410
14020
13715
13049
12655
11888
11337
11117
10541
9955
9512
9090
8652
7938
7550
7096
6881
6300
5887
5535
5309
4780
4534
4324
3954
3727
3525
3340
3153
2986
2709
2630
2588
2313
2187
2086
2078
1952
1869
1777
1761
1713
1666
1608
1519
1543
1490
1404
1451
1382
1345
1367
1279
1228
1314
1232
1262
1227
1231
1210
1229
1174
1243
1209
1139
1246
1205
1153
1119
1191
1103
1116
1229
1182
1146
1129
1162
1114
1084
1150
1130
1121
1132
1089
1130
1090
1067
1119
1164
1220
1082
1091
1052
1069
1112
1121
988
1096
1009
1077
1092
1067
1068
1053
1068
1072
1015
1089
1067
1045
1065
1017
1066
1079
1068
1077
1051
1064
1016
1044
1082
987
1036
1040
1015
1066
1011
1036
980
1029
1039
993
1000
1023
1029
1043
1108
1001
992
1025
1074
973
999
977
958
1045
932
1074
996
964
924
1023
1039
975
995
947
979
1009
890
1008
973
999
908
1020
927
967
944
1030
972
1014
949
1022
991
1011
932
999
995
964
1014
977
952
964
971
959
975
969
996
972
962
950
926
964
970
969
869
922
959
967
944
947
1041
886
983
922
915
911
895
963
889
928
989
929
960
947
932
929
913
954
975
950
968
860
899
904
941
961
902
910
944
926
903
905
938
852
920
900
913
905
857
945
863
912
955
949
904
931
888
928
844
952
877
941
874
894
892
890
952
844
892
914
841
914
897
904
905
948
875
879
938
852
867
849
953
879
821
872
882
866
850
934
886
843
902
918
858
868
860
932
840
827
871
875
796
910
879
854
881
885
871
855
830
805
897
901
846
808
859
832
843
881
878
831
879
815
781
817
845
848
850
840
825
856
817
840
814
783
858
846
882
796
839
795
867
837
840
915
841
866
883
818
855
823
851
826
841
844
838
844
867
817
806
834
826
824
838
896
808
817
883
792
848
848
778
767
820
890
825
830
823
854
820
847
843
799
783
854
881
824
830
803
849
828
817
834
781
836
831
807
824
847
825
865
828
826
829
851
874
820
789
864
787
810
878
762
812
820
786
876
785
814
818
825
779
794
761
804
800
827
769
782
766
817
787
830
785
787
844
820
762
793
767
790
815
793
787
791
808
785
810
764
805
791
810
830
759
787
814
787
808
789
777
773
777
782
835
738
801
787
742
794
746
783
791
773
797
820
795
822
775
764
819
791
801
813
772
816
822
813
762
771
781
761
742
802
830
834
800
785
797
844
826
851
856
835
854
865
792
854
879
823
879
852
869
855
883
873
813
840
855
876
852
878
924
877
943
860
889
901
880
914
925
901
896
878
868
925
903
945
936
884
940
883
891
906
927
967
925
922
899
924
906
880
900
900
880
867
901
810
850
844
839
893
786
842
831
864
814
811
817
799
807
811
802
745
743
724
802
726
766
713
731
747
738
710
763
714
711
723
744
711
658
667
665
697
683
654
694
718
722
681
686
680
666
706
678
684
702
680
652
659
647
662
711
717
666
665
698
750
660
688
639
655
678
685
660
738
675
641
680
688
687
661
654
642
672
656
630
677
610
692
660
641
645
627
648
677
665
654
657
637
665
686
636
676
657
664
618
672
643
658
629
624
678
670
685
650
651
672
654
643
628
634
629
686
644
655
619
602
661
688
667
600
615
642
630
639
614
683
645
645
629
658
612
639
642
627
622
610
617
625
617
680
590
630
642
629
625
630
620
604
608
608
627
632
628
609
663
658
635
629
594
640
647
606
619
658
641
577
609
630
575
628
585
586
683
616
600
652
616
616
627
606
631
660
620
592
615
617
618
571
603
631
637
618
646
610
609
607
635
600
552
616
621
616
592
614
559
600
602
661
633
596
601
599
628
606
579
594
600
578
571
616
632
625
648
605
615
646
613
571
598
552
551
602
615
608
632
635
627
574
594
597
581
550
605
604
583
631
623
674
570
560
602
577
545
612
607
619
620
595
595
602
603
559
592
601
583
606
572
641
625
557
597
607
576
609
601
610
548
589
600
606
599
587
559
582
574
603
581
593
627
588
600
597
576
567
594
582
565
616
581
601
555
566
605
630
601
542
551
568
549
579
548
566
587
593
543
566
572
567
569
571
563
583
585
573
556
549
564
554
575
568
573
550
553
569
562
573
579
567
561
556
532
558
605
576
560
579
536
584
576
578
525
570
565
573
585
588
532
581
537
496
528
532
572
519
518
567
566
569
570
560
564
547
604
505
556
555
580
557
557
552
525
537
567
583
550
543
542
521
550
489
552
545
523
519
582
552
552
541
554
525
514
552
525
576
508
539
505
542
563
558
515
530
499
521
531
492
560
513
512
551
514
525
500
541
546
487
548
484
493
552
587
485
518
516
527
526
529
521
515
507
463
525
540
480
478
480
506
544
513
544
471
541
558
536
512
489
523
510
524
524
550
525
498
494
509
479
456
539
548
523
483
519
509
509
510
539
508
552
504
502
498
487
536
492
477
489
526
493
500
524
495
473
506
492
541
521
489
538
515
517
472
498
528
510
492
470
532
496
479
494
467
515
518
512
473
492
492
490
496
483
494
497
494
513
499
493
487
499
511
503
493
492
459
502
477
464
513
494
496
403
462
528
505
443
506
514
499
451
534
454
536
519
442
511
483
489
481
482
474
484
479
470
478
537
491
496
485
503
480
534
477
491
458
514
486
454
483
493
489
416
479
486
452
468
491
504
462
519
479
458
465
490
469
450
464
447
480
481
472
460
460
494
467
460
459
485
496
470
439
458
506
469
494
453
510
462
487
466
484
459
496
456
455
474
494
474
443
469
456
460
494
451
442
448
440
472
459
480
471
445
477
458
460
442
518
451
452
450
480
445
462
469
471
424
468
424
450
458
443
440
478
484
438
450
456
418
434
464
458
473
461
471
455
423
451
422
473
471
417
435
472
433
456
461
445
456
405
452
456
421
439
451
445
439
469
423
465
420
425
416
451
454
461
447
457
464
486
432
480
409
442
420
430
478
422
424
437
444
413
469
463
432
456
416
455
465
418
394
437
432
454
382
476
410
426
423
388
423
415
450
437
454
417
432
435
401
433
445
427
447
451
426
404
440
479
444
416
399
440
446
440
429
405
424
432
408
428
430
404
424
426
434
430
443
411
413
440
431
453
432
409
423
449
422
380
424
397
380
423
406
408
398
403
421
419
431
400
429
402
417
386
386
420
395
460
387
380
384
419
381
442
412
417
390
396
410
394
431
416
407
376
372
423
411
418
352
416
435
432
405
396
428
386
390
369
380
373
363
381
397
403
393
414
388
373
426
371
416
404
364
424
358
353
398
360
365
388
354
399
356
411
361
383
331
376
365
349
381
398
358
384
397
394
387
380
369
349
379
367
389
355
375
358
384
369
393
368
362
355
400
360
363
319
397
353
392
367
373
358
390
380
351
358
334
367
376
376
348
399
363
382
344
332
361
338
337
343
364
346
329
361
378
336
363
364
361
344
358
372
356
319
371
373
355
372
382
367
354
322
313
343
386
323
345
309
354
349
335
354
307
332
365
351
334
360
339
338
331
357
356
376
327
353
366
354
325
331
338
357
350
331
396
312
354
355
356
394
337
380
340
334
342
347
344
349
350
322
361
330
332
337
374
347
316
317
347
306
362
326
349
322
356
373
329
357
337
348
345
370
332
350
334
351
351
316
330
352
327
354
339
303
365
358
358
293
313
328
341
312
301
337
350
324
337
322
311
342
333
345
335
353
359
342
340
350
356
307
328
341
327
335
324
315
292
317
325
298
321
322
324
300
316
284
343
335
328
342
318
324
294
304
291
367
317
339
313
309
304
353
319
310
336
318
300
301
317
332
310
300
303
319
327
331
276
335
338
300
328
331
297
303
322
339
328
313
294
307
291
307
328
292
298
320
331
325
305
310
288
303
289
314
306
290
316
296
309
297
320
310
313
317
306
303
313
309
342
312
317
302
284
331
314
284
280
313
267
319
269
308
302
323
282
292
314
306
298
284
321
283
310
291
267
267
307
291
317
283
295
284
292
322
292
286
287
297
263
269
302
276
294
288
295
304
273
266
317
295
291
296
282
265
312
306
309
267
298
267
273
292
291
264
265
300
299
270
260
316
271
253
333
301
292
284
274
294
277
269
251
300
285
300
288
244
289
272
267
282
295
276
275
278
284
300
294
254
264
270
277
266
276
254
269
264
272
267
258
283
250
283
284
266
240
246
297
261
248
297
284
250
251
292
290
239
282
239
236
289
263
259
273
248
237
271
265
254
284
242
257
255
271
282
261
243
267
211
274
252
247
257
259
247
255
260
238
252
276
229
276
263
261
248
255
256
223
280
268
244
260
247
230
252
261
280
277
240
251
273
217
233
260
250
218
248
241
255
268
256
255
290
260
238
281
272
245
245
236
247
236
255
251
253
262
231
235
240
245
229
240
249
241
246
227
256
240
236
233
236
244
231
240
235
242
233
233
278
262
255
228
243
244
263
250
256
231
223
241
250
238
239
231
250
248
237
239
238
243
223
235
239
259
235
196
218
245
243
239
241
239
229
236
225
242
287
250
219
268
244
223
225
238
263
263
248
240
228
248
256
235
225
247
234
253
227
198
224
224
223
248
231
291
226
210
248
230
241
250
227
228
240
221
253
233
207
220
243
261
235
256
237
233
216
255
219
218
241
226
242
234
218
215
225
254
240
206
224
254
249
219
213
224
215
215
242
242
213
228
256
232
256
238
224
195
229
225
223
213
201
221
237
237
206
205
228
215
222
214
219
208
224
229
232
219
221
228
204
217
230
233
240
215
246
196
253
218
186
222
215
232
215
223
202
203
206
231
195
203
196
219
220
218
204
224
196
214
213
204
230
211
218
209
202
217
195
221
206
197
190
209
228
176
174
210
194
191
222
198
204
209
224
200
220
198
182
181
216
198
198
189
229
194
198
202
203
181
196
206
196
225
212
207
185
200
169
219
227
190
199
172
184
189
189
199
174
173
190
192
202
202
223
206
187
208
187
180
180
200
209
200
218
184
187
201
179
197
188
221
185
191
187
203
186
191
169
191
196
170
185
169
186
173
196
190
196
197
184
206
202
169
183
203
161
182
184
185
189
200
156
172
198
192
197
183
170
214
175
176
168
169
181
172
182
177
162
194
199
217
185
197
194
187
154
205
192
157
180
186
172
203
200
220
188
175
208
197
192
196
200
202
172
184
193
185
186
197
228
184
189
203
178
170
208
211
199
197
200
189
177
217
203
175
194
205
184
197
184
193
197
175
196
186
171
183
208
173
195
186
200
200
192
211
182
199
178
188
195
201
175
198
209
197
215
164
204
209
207
194
189
186
172
208
184
163
214
188
186
182
172
225
198
182
214
154
211
198
188
194
186
211
213
202
187
196
192
178
184
193
201
201
186
191
184
171
197
208
208
196
175
185
180
166
173
203
185
194
181
194
152
171
168
191
163
203
178
148
189
186
157
169
182
186
185
170
163
142
190
157
182
172
152
164
167
176
168
169
132
161
164
174
173
142
168
165
141
162
165
186
171
175
200
157
163
168
169
149
161
167
177
149
157
177
174
171
165
167
155
164
154
150
152
182
168
156
169
151
166
155
172
179
174
160
162
174
173
143
165
144
173
141
159
150
141
160
173
150
164
178
173
172
155
155
192
163
155
191
185
159
165
145
159
188
158
164
172
146
151
162
152
145
138
163
172
162
155
144
151
153
181
204
142
161
168
158
151
167
155
182
147
161
159
165
164
160
160
154
150
176
176
170
167
189
140
170
161
165
160
178
146
190
171
171
164
163
153
147
181
135
174
165
156
164
175
168
157
178
157
172
165
171
173
160
184
173
157
165
175
172
168
169
155
162
157
184
168
157
155
162
162
178
174
148
173
166
138
164
192
195
140
181
159
166
179
180
160
126
182
172
150
162
153
157
161
159
149
170
169
168
159
159
173
167
143
155
141
153
174
181
145
152
164
143
151
142
160
137
149
164
155
142
139
153
144
155
145
144
134
150
135
143
135
164
153
140
128
147
137
130
114
147
128
133
140
134
138
135
113
139
120
144
148
142
134
149
127
136
147
134
144
131
111
133
135
137
139
132
136
133
119
125
144
127
127
138
138
140
146
158
133
134
145
134
132
125
129
148
120
137
129
131
140
147
129
152
127
146
145
156
122
141
134
135
118
146
141
127
143
131
121
150
145
140
126
118
126
152
142
116
136
144
141
130
131
134
119
149
117
138
148
118
133
136
129
132
163
146
140
127
151
123
146
157
129
135
147
146
124
142
139
136
142
121
124
132
151
142
126
133
159
139
147
156
140
125
141
125
120
139
137
128
151
142
150
145
119
120
123
127
142
134
123
124
133
129
156
160
138
146
142
129
118
126
147
147
140
138
138
140
160
138
151
131
136
150
143
148
153
152
138
161
155
152
139
165
158
152
142
157
166
151
155
149
154
153
164
144
166
139
162
151
173
158
133
189
168
163
149
153
174
167
189
169
166
153
165
166
171
171
168
165
175
176
180
172
159
181
177
155
125
165
173
173
171
156
180
163
166
169
165
180
157
156
150
141
156
161
138
148
134
132
131
125
144
136
141
129
126
129
110
118
112
120
115
109
113
113
124
126
102
119
104
116
104
109
102
83
114
114
98
89
86
85
94
99
78
104
104
112
95
106
87
115
111
89
86
88
93
97
85
81
84
104
89
78
79
98
92
65
80
70
77
86
95
94
98
91
78
100
89
97
68
81
87
97
98
91
81
97
85
108
79
81
91
75
88
79
66
86
90
86
85
81
84
83
82
83
86
87
104
80
83
81
79
88
118
85
93
102
80
112
85
84
65
73
95
70
90
70
84
91
105
79
78
89
77
97
83
80
85
70
86
85
97
99
77
91
92
92
90
93
108
91
96
97
100
85
76
80
86
89
85
78
86
84
90
96
71
91
81
92
77
91
87
87
103
73
88
71
93
84
77
80
87
91
78
91
81
81
104
72
81
102
85
76
83
77
86
82
94
93
86
83
84
85
87
98
84
63
74
88
70
70
76
87
85
93
89
83
76
88
88
100
83
69
81
85
99
74
88
88
65
83
99
80
93
82
73
73
63
95
80
94
76
84
99
87
95
86
80
86
94
77
74
78
84
98
94
82
83
89
87
80
86
97
72
94
94
90
100
94
95
82
87
95
84
95
80
108
83
101
85
102
73
95
82
85
85
87
97
90
98
99
95
86
84
99
87
91
79
87
73
81
68
87
71
89
87
92
81
83
83
80
88
81
76
90
79
90
79
76
83
89
84
78
91
74
84
72
78
77
76
77
86
82
93
79
91
69
91
78
89
91
80
73
66
70
85
68
97
81
86
84
94
79
77
69
73
72
78
78
68
75
75
78
74
81
85
82
95
85
78
90
84
89
103
86
87
84
70
92
85
74
78
75
63
83
78
106
75
71
90
93
71
89
79
79
76
82
90
90
74
87
86
78
79
60
100
99
71
78
88
70
77
81
79
75
75
80
80
69
83
86
78
96
80
95
87
79
94
96
94
82
76
83
96
102
91
75
91
80
84
106
70
79
91
93
80
100
98
79
108
78
108
91
96
95
86
93
91
104
97
80
82
109
95
106
108
89
97
99
87
92
72
85
89
108
107
103
93
85
104
101
110
104
78
95
98
101
95
93
98
101
105
122
97
122
101
108
90
131
98
121
133
111
105
119
107
119
99
118
103
127
142
125
106
106
117
118
126
131
129
128
140
124
114
136
142
121
143
123
133
131
153
150
124
113
125
129
115
128
117
126
130
118
138
141
143
112
109
115
109
114
117
116
123
101
97
118
103
124
97
100
97
103
116
100
93
79
98
73
68
73
77
75
68
65
66
68
59
62
63
54
72
48
61
48
43
49
51
39
37
41
47
48
30
40
34
39
41
42
43
56
25
31
34
34
32
27
28
32
36
28
32
31
25
29
30
28
33
32
31
47
41
26
34
40
38
35
29
31
36
25
29
29
27
32
27
37
32
34
36
28
28
24
37
37
34
30
30
32
25
38
27
33
36
40
30
37
31
24
27
40
37
36
33
33
30
23
41
32
41
36
32
35
39
25
37
35
28
47
26
38
33
28
25
29
30
28
34
34
31
27
28
30
33
37
40
32
35
31
36
33
40
43
33
25
34
34
35
40
26
43
40
33
36
36
35
36
31
33
30
38
31
35
36
26
27
31
27
30
30
35
40
43
36
40
29
28
46
29
22
26
41
40
34
30
33
32
31
33
35
37
35
30
32
36
38
35
31
31
31
38
29
46
32
32
25
25
30
24
47
35
39
39
39
43
32
40
36
25
37
31
34
42
30
48
45
22
38
45
38
35
38
36
36
37
40
37
36
33
53
40
49
43
30
36
45
55
34
37
56
47
46
47
34
39
28
34
34
43
42
36
35
53
37
39
53
46
39
38
34
45
45
46
38
47
47
37
31
38
39
30
44
32
40
43
35
35
51
34
43
35
31
24
34
36
28
29
34
28
23
19
31
28
30
19
17
24
25
26
26
24
20
26
26
30
20
17
17
17
22
19
26
23
16
16
13
21
17
24
14
17
11
29
15
18
12
20
12
20
19
19
13
17
11
16
16
16
18
18
21
14
13
16
17
21
16
14
12
11
15
14
18
16
16
17
20
11
19
18
14
18
21
13
22
15
17
18
22
14
19
13
10
18
15
19
14
17
19
14
21
12
11
18
10
18
15
19
15
20
20
17
20
16
20
15
25
16
18
16
21
18
14
13
15
11
14
15
16
18
16
17
19
12
13
23
20
22
20
10
22
13
4
12
20
13
12
13
23
16
18
9
18
14
16
12
24
11
20
18
14
17
17
15
15
12
8
12
24
14
12
13
18
15
13
14
18
13
11
18
17
18
17
11
13
17
15
15
10
11
14
20
13
14
14
16
14
16
16
17
13
15
14
21
20
15
9
17
12
7
23
12
17
21
16
14
15
19
13
11
17
13
16
11
16
19
13
10
17
11
10
14
13
11
9
15
14
18
14
16
18
17
23
19
16
21
25
13
12
15
13
17
13
17
13
15
13
26
14
13
18
7
17
11
19
18
27
14
18
13
17
11
8
17
15
13
20
13
11
15
20
16
12
21
20
14
15
14
20
17
18
14
14
13
14
18
18
15
22
11
12
18
15
13
16
14
21
16
25
11
7
9
15
15
16
15
15
18
11
19
9
16
11
16
7
17
13
16
9
13
16
12
19
9
10
19
7
23
15
7
10
9
8
15
15
8
5
8
16
8
7
15
9
15
15
13
16
14
3
8
9
13
11
14
11
16
12
19
18
15
18
10
11
10
12
17
11
13
6
4
14
19
15
12
6
12
13
15
6
13
11
12
15
8
6
10
9
10
13
17
14
11
12
17
10
11
10
15
6
12
16
12
15
15
20
5
14
12
16
9
8
7
18
13
16
12
7
16
11
7
14
12
16
13
19
16
15
16
12
12
13
8
14
6
11
12
5
11
16
13
13
11
13
12
7
15
15
9
6
14
10
9
8
6
4
13
13
9
9
9
16
13
11
10
11
14
16
15
9
11
10
14
14
19
12
9
9
16
8
12
5
9
12
14
6
19
6
10
20
20
6
8
11
12
16
10
18
8
19
10
15
7
15
6
8
14
11
10
8
10
8
12
11
9
6
14
9
14
11
13
13
13
16
14
9
11
14
10
13
17
12
11
11
15
12
13
13
9
21
12
10
17
8
16
8
18
17
10
9
16
22
11
15
14
10
6
11
8
9
6
11
14
5
8
16
15
15
10
12
12
12
6
8
11
10
14
14
13
10
16
10
9
13
8
10
14
13
9
5
11
16
13
13
7
7
13
13
13
15
11
12
15
10
15
11
8
15
14
9
7
11
9
10
13
9
7
7
12
10
11
9
8
9
12
13
9
14
7
11
10
8
16
15
8
10
16
14
8
6
6
7
12
7
13
7
10
11
11
6
12
21
12
6
10
9
10
6
5
11
17
9
10
11
15
5
12
12
12
3
10
9
12
9
11
12
7
7
12
12
8
12
10
13
8
10
8
3
5
4
10
10
10
14
12
9
16
13
8
5
10
10
11
8
9
12
7
6
10
7
14
8
7
6
13
6
9
8
15
12
8
7
6
8
11
7
14
9
7
3
8
12
7
15
10
9
6
8
13
10
15
7
11
10
8
5
6
12
8
10
6
7
13
10
15
8
5
13
10
4
11
6
9
9
7
9
10
7
14
12
6
4
9
7
12
7
9
7
8
7
5
10
16
12
16
8
10
5
8
13
9
11
4
6
8
6
9
5
9
11
13
9
13
10
7
8
5
7
6
9
5
7
3
10
6
9
7
7
3
8
6
7
5
11
7
11
12
5
10
8
5
9
6
8
6
9
13
6
8
10
13
12
10
6
7
3
9
8
6
12
13
4
18
8
8
10
9
10
8
9
12
8
8
5
9
3
4
6
6
13
4
4
8
12
4
13
8
5
11
8
12
8
12
9
6
9
7
9
5
14
11
7
8
9
10
6
4
9
8
7
6
8
7
5
3
6
6
9
3
15
8
6
7
13
10
5
14
7
7
11
6
6
7
12
4
7
13
6
6
5
8
12
9
9
9
7
8
7
10
11
8
7
12
6
8
6
6
3
10
3
8
8
7
7
7
10
11
7
4
6
7
5
9
3
15
6
5
8
3
6
9
9
5
8
3
10
6
5
5
11
11
14
7
12
7
11
12
8
4
4
8
10
5
7
13
10
6
4
4
12
11
13
9
11
7
10
6
7
8
4
4
6
2
4
14
6
9
7
6
10
3
4
11
8
3
8
5
6
7
6
8
8
7
6
12
4
7
6
7
7
6
7
9
9
8
11
6
9
4
8
1
4
2
5
9
9
6
7
4
5
9
12
7
4
5
8
6
3
9
8
10
8
8
7
7
6
8
9
6
3
9
11
8
7
6
8
13
5
3
5
7
8
6
7
4
4
7
6
6
12
12
6
8
2
8
5
5
11
10
8
6
7
1
10
5
9
6
11
10
10
9
6
8
5
10
11
5
6
7
8
7
7
7
6
5
9
7
5
4
6
5
10
5
6
10
6
1
9
10
8
1
6
6
2
4
8
2
9
6
8
5
6
10
7
6
9
7
6
3
7
8
3
7
8
6
6
7
8
4
15
10
7
9
6
8
9
5
3
8
6
4
5
8
6
9
11
5
6
4
3
10
5
4
10
7
4
6
8
9
11
3
9
11
13
6
7
8
8
9
5
9
9
2
13
10
5
9
5
7
6
5
7
10
8
5
6
10
8
12
6
8
4
8
6
5
6
6
9
2
10
4
12
5
5
6
8
17
7
8
10
7
7
10
4
6
5
5
5
8
6
6
7
7
4
4
9
8
2
8
4
4
4
13
5
4
9
10
7
7
9
6
6
4
7
3
4
5
6
5
6
6
5
5
9
8
4
4
9
4
6
7
8
5
7
5
8
5
11
7
9
4
4
2
8
5
6
4
6
8
6
7
6
11
4
5
14
6
4
8
5
5
6
10
11
6
5
11
7
6
7
8
7
3
7
9
7
6
6
10
9
7
4
4
2
7
5
7
5
6
7
7
6
6
10
5
9
11
8
6
6
5
9
4
8
3
3
5
4
4
4
10
2
6
4
8
4
9
7
8
5
7
5
9
10
6
9
9
4
5
3
11
7
7
5
7
4
6
7
7
4
9
5
3
4
7
5
10
5
6
5
5
4
4
3
1
11
7
5
6
5
5
9
8
5
4
6
9
2
2
6
4
5
4
8
6
5
5
10
6
4
3
6
5
1
10
7
7
7
6
4
5
4
5
3
5
9
4
3
3
3
5
9
5
5
3
7
4
5
7
6
6
5
5
6
6
1
5
4
4
6
13
5
7
6
5
12
3
6
9
6
4
2
1
8
6
8
6
5
7
5
4
8
8
5
2
10
5
6
4
9
4
7
7
6
7
6
2
1
2
3
2
5
4
2
1
6
4
5
3
2
7
4
7
8
3
5
5
7
6
2
4
4
3
6
9
7
6
2
8
8
5
3
6
10
6
11
9
3
6
3
4
5
5
3
6
6
6
4
7
7
4
3
4
5
7
4
7
4
3
4
3
3
7
8
2
9
6
6
6
5
4
5
5
4
5
5
6
5
11
6
7
10
3
6
7
5
9
5
3
4
4
3
8
1
5
3
3
3
3
11
5
6
6
6
4
4
6
2
5
4
7
6
5
5
6
1
5
5
6
9
6
5
7
9
5
7
6
6
1
9
6
6
8
7
6
3
4
4
2
6
7
3
3
5
6
9
7
6
12
2
3
4
5
5
5
7
6
5
8
7
8
1
4
2
7
5
4
6
6
7
5
10
8
7
6
9
4
5
7
11
6
5
4
8
4
9
9
9
9
6
9
5
5
6
13
5
9
5
7
13
8
6
7
8
16
8
7
8
12
6
7
3
7
9
8
11
8
8
8
11
9
12
4
13
5
2
8
7
9
8
11
10
10
11
11
10
10
10
12
6
9
9
6
5
7
4
5
9
10
7
7
2
10
5
3
6
10
8
5
4
4
7
7
4
8
9
1
3
4
7
4
9
6
6
3
5
3
3
4
6
8
4
6
4
8
3
4
5
7
8
6
3
11
7
5
5
2
2
4
4
7
8
6
8
4
5
3
3
3
6
5
8
1
9
4
8
5
3
6
6
5
4
3
4
3
3
7
5
6
8
5
5
4
5
2
4
1
4
4
5
5
5
9
4
2
2
5
4
4
9
6
7
5
3
2
3
3
2
3
5
2
4
2
2
5
2
1
4
4
5
8
6
5
6
3
2
4
5
6
3
6
6
3
0
4
3
10
1
2
3
3
4
3
3
3
4
2
3
6
8
4
4
7
3
1
5
5
7
2
5
4
4
4
5
4
4
7
6
7
6
5
5
3
7
3
2
4
2
7
6
1
6
10
4
6
5
7
5
4
4
6
6
7
5
4
1
7
5
7
4
7
7
8
4
4
7
7
1
6
10
7
5
4
4
3
7
7
8
7
4
1
5
5
6
3
5
7
11
6
5
7
3
4
1
6
6
6
3
2
8
5
3
3
3
8
2
1
3
3
7
2
5
7
6
6
4
5
1
6
5
6
7
6
6
3
5
9
2
6
5
5
6
6
4
9
7
6
5
5
4
4
2
2
3
8
2
4
3
3
5
2
4
4
3
5
6
4
7
3
2
4
9
9
3
3
4
3
3
8
5
4
6
3
5
2
3
2
5
8
8
4
8
5
4
3
3
2
4
5
1
2
6
4
5
8
5
4
1
2
3
2
1
2
0
4
3
6
6
3
1
3
5
8
5
5
4
2
6
3
2
5
7
3
6
9
4
6
2
4
5
7
1
5
1
7
5
1
8
5
1
6
3
6
2
2
8
5
4
3
8
8
3
4
6
3
7
4
4
4
9
2
9
3
8
4
6
3
2
4
9
5
2
3
5
5
5
4
5
5
2
1
5
3
6
4
4
2
8
2
3
3
9
5
2
3
5
4
3
2
4
7
4
3
4
3
4
7
6
4
5
4
2
4
3
7
5
2
4
4
3
9
2
0
5
4
6
5
4
3
7
3
10
3
2
6
4
0
6
4
3
11
5
1
4
2
3
3
2
6
4
4
1
4
0
5
3
8
6
5
4
2
10
4
1
7
3
3
2
6
5
7
8
10
6
3
4
5
5
3
3
5
6
3
3
4
4
3
5
6
7
3
7
8
5
4
4
3
7
6
6
2
9
6
5
4
8
7
5
6
6
8
2
2
11
6
10
7
6
4
6
5
4
7
8
6
2
5
5
5
11
5
9
5
8
4
5
5
5
6
6
4
4
6
10
5
7
7
9
0
7
0
4
11
4
10
2
7
1
2
3
3
5
1
2
4
5
1
2
6
7
2
2
4
4
7
6
7
4
6
6
2
6
0
4
2
4
6
1
5
2
3
5
3
7
3
3
1
1
4
5
2
2
6
3
4
2
4
3
2
1
3
2
3
5
2
5
2
3
4
6
0
6
2
3
7
1
2
2
0
5
2
3
3
6
2
0
5
4
3
5
5
0
4
3
3
2
5
3
2
3
3
3
2
2
6
2
2
1
7
1
3
1
3
5
5
1
5
5
1
4
6
4
6
6
3
4
4
5
2
3
6
2
6
2
2
2
2
3
4
1
4
6
3
2
7
2
1
4
3
4
2
6
2
3
1
2
1
2
1
7
4
1
2
1
3
4
4
5
1
4
4
1
4
6
3
4
1
5
2
3
4
3
1
6
1
5
3
2
4
2
4
1
4
4
3
6
3
1
4
2
0
2
6
2
6
4
3
3
5
3
5
6
4
6
0
4
9
6
3
4
4
2
3
3
6
2
8
5
2
6
2
4
3
2
5
1
3
3
4
4
5
3
2
4
5
0
7
3
5
3
4
3
2
1
3
3
3
4
2
3
5
1
1
5
6
7
2
5
0
3
5
6
4
2
4
1
2
4
4
3
3
0
3
4
2
2
0
1
2
0
4
3
4
5
3
2
1
5
4
4
1
4
2
2
2
2
5
6
5
4
3
3
7
2
4
3
3
1
2
7
2
5
3
2
3
2
1
3
1
7
0
4
5
2
1
4
3
6
4
0
1
4
7
4
3
5
3
3
3
2
1
3
6
3
4
3
1
4
3
3
5
3
5
3
6
3
3
3
1
1
3
2
4
2
2
0
1
6
5
8
4
2
4
4
4
1
4
5
8
2
1
2
4
5
4
0
4
4
1
3
4
1
3
4
3
0
0
4
3
0
2
3
6
1
4
2
4
6
3
2
5
0
3
1
4
3
2
2
3
1
4
3
2
4
6
4
3
1
4
0
2
2
3
3
5
1
3
2
4
3
7
2
4
1
2
1
7
2
2
3
2
4
2
4
4
2
2
5
5
3
3
6
1
5
4
2
1
4
4
4
6
3
4
4
3
1
2
2
2
7
2
2
3
3
5
1
3
3
0
6
4
1
3
5
3
3
3
2
0
2
3
3
3
0
2
2
0
1
3
2
2
1
4
4
2
4
2
1
3
2
4
2
6
2
3
5
3
3
0
2
2
0
2
2
3
2
2
1
2
1
1
5
2
7
3
2
6
1
3
4
4
1
3
1
6
1
4
6
1
4
3
5
1
5
2
3
3
0
3
4
4
4
2
4
2
5
1
4
3
2
2
1
6
2
4
1
2
3
0
1
0
0
2
8
2
8
1
5
3
3
4
2
3
1
5
0
4
1
5
3
1
1
2
4
1
1
4
0
4
5
7
2
1
2
4
4
3
6
3
3
2
4
6
1
2
2
0
1
4
3
1
4
3
5
7
4
2
4
1
3
6
3
2
3
2
1
1
3
3
2
0
7
3
2
1
2
2
1
4
4
3
7
2
1
5
2
1
2
2
3
3
5
5
1
1
1
2
4
0
1
1
4
4
3
3
1
4
3
4
3
3
8
2
6
2
3
3
3
5
1
5
4
3
3
5
3
0
1
2
2
4
3
3
2
2
2
5
1
1
3
2
1
4
3
2
2
4
1
3
2
0
3
3
1
4
3
1
0
1
7
5
1
2
2
3
2
3
1
2
2
3
7
1
2
2
4
3
4
5
3
2
3
3
4
2
1
0
1
2
1
4
5
3
2
2
5
3
2
5
2
4
5
2
1
1
6
2
1
4
4
3
1
4
2
2
1
3
2
2
2
4
5
4
5
3
4
8
1
2
2
0
3
4
4
2
5
3
3
4
1
6
1
2
2
3
2
3
1
3
1
5
3
1
3
2
3
5
7
2
6
5
1
2
4
3
2
3
2
4
3
3
0
2
4
3
2
2
3
2
2
1
5
4
2
4
2
7
0
1
0
6
3
3
4
6
0
0
1
2
3
2
3
1
1
1
3
2
7
8
4
0
3
5
2
2
4
3
4
1
2
6
4
1
2
3
1
2
3
2
1
6
3
9
0
2
3
3
0
3
5
3
0
3
1
2
3
4
0
2
5
6
4
4
6
4
1
3
5
3
5
4
3
4
6
5
4
2
1
2
4
1
1
2
2
4
2
3
3
5
3
5
3
2
3
2
3
2
2
1
5
3
1
1
0
2
7
2
3
1
2
2
2
1
3
3
3
6
2
4
1
4
5
3
1
6
4
0
0
1
0
4
2
1
4
2
2
1
4
4
2
3
7
2
3
5
2
1
1
3
2
3
2
1
2
3
1
1
5
2
2
0
6
1
2
2
4
1
2
2
2
4
2
1
4
1
5
2
4
3
2
1
4
2
5
3
4
2
3
3
1
1
5
2
4
3
3
1
1
2
2
2
0
3
3
4
1
0
4
4
5
2
4
2
5
5
1
4
4
2
2
1
0
4
3
5
2
1
5
3
4
3
4
1
6
2
2
3
2
2
4
1
1
2
4
2
1
3
4
4
2
5
2
1
3
3
1
3
1
3
2
1
6
3
3
1
0
1
4
4
2
4
2
0
2
4
3
4
4
1
1
2
0
2
2
1
0
2
2
2
3
2
4
3
2
0
3
4
3
3
3
2
5
1
3
2
4
0
1
3
1
1
0
6
2
3
4
4
2
1
3
6
2
2
2
4
2
4
2
2
2
1
0
2
2
4
2
3
6
5
2
3
4
2
2
1
0
3
4
2
1
2
5
6
3
2
0
1
3
2
4
4
1
0
3
1
5
4
4
1
1
5
1
2
1
1
9
2
2
2
1
2
1
1
2
2
1
1
0
3
4
3
0
1
3
1
2
4
4
3
2
5
1
0
5
2
2
1
3
3
0
2
2
0
4
4
7
1
2
1
6
2
4
2
2
1
7
0
2
4
3
4
2
1
2
1
3
3
2
1
4
2
3
1
0
7
0
2
0
3
5
0
3
3
3
3
1
3
3
3
4
2
2
0
2
1
1
2
3
4
1
2
4
5
2
5
2
3
0
1
2
0
1
3
2
2
0
4
2
4
3
2
2
0
1
2
8
2
0
2
2
7
2
2
4
2
5
7
2
3
3
1
2
3
3
2
1
4
3
4
3
2
4
2
1
1
1
4
2
3
3
2
0
3
7
0
4
1
2
5
2
2
3
1
2
1
1
0
0
3
1
2
2
3
1
6
2
3
2
2
1
0
0
2
2
1
3
0
4
3
4
2
2
3
3
1
4
2
2
2
2
2
4
0
5
1
3
5
2
5
5
2
4
2
1
2
7
0
2
3
9
7
1
2
5
1
3
4
3
3
5
4
4
4
1
5
3
3
5
3
2
4
4
4
3
0
3
3
4
3
5
4
2
4
6
7
3
3
5
5
6
2
3
2
3
9
4
6
8
2
3
4
6
6
1
8
2
5
2
5
4
6
2
5
4
6
2
4
11
0
5
7
1
5
4
2
4
5
4
6
4
2
8
0
5
3
5
2
3
3
1
3
6
4
1
6
3
5
2
3
2
6
3
4
3
4
2
1
1
3
4
2
3
3
1
5
2
2
2
2
0
3
1
2
0
4
2
4
4
5
2
2
3
0
1
5
1
1
2
3
1
6
0
2
0
2
1
2
5
1
1
3
2
0
1
1
4
1
4
0
3
1
3
1
3
2
0
2
3
3
4
3
1
1
5
3
5
5
2
3
2
1
3
3
2
2
2
1
1
2
2
3
8
3
5
1
1
1
1
2
2
1
4
4
0
1
6
3
2
3
1
5
4
1
2
1
1
1
0
2
2
4
5
1
3
5
1
2
1
0
4
4
0
1
2
3
4
2
1
3
3
2
2
3
1
1
3
2
4
3
3
3
1
4
3
3
2
2
1
2
1
1
2
2
1
3
3
2
0
1
1
2
2
2
2
3
2
1
0
1
2
3
0
2
1
1
1
2
4
1
0
5
4
1
4
2
2
3
1
0
3
3
3
1
2
4
1
1
1
1
0
1
5
6
3
1
0
0
0
5
2
1
2
3
2
2
4
5
2
3
6
2
2
1
1
7
3
5
6
6
4
0
2
0
4
3
3
3
0
0
5
1
2
2
2
4
6
3
3
1
1
2
2
2
1
1
5
2
3
2
1
6
2
4
4
1
2
0
4
5
1
1
1
1
1
0
2
3
2
6
2
3
1
2
2
3
1
2
0
2
0
1
2
2
3
1
0
3
1
2
3
4
4
4
1
4
4
1
5
6
3
1
6
0
5
1
2
4
5
0
2
4
2
5
2
4
3
4
4
3
2
2
5
3
2
2
0
0
2
2
2
2
5
0
2
2
2
3
3
3
1
3
0
3
0
2
3
0
2
0
1
2
3
1
2
2
4
1
5
0
3
3
4
4
2
3
2
0
2
4
4
1
2
1
1
4
1
1
0
0
0
3
2
5
3
3
2
3
4
4
4
0
0
3
2
5
1
0
3
0
0
1
2
6
0
3
2
3
5
1
3
4
0
2
4
3
3
2
2
1
2
2
3
2
1
1
3
2
3
1
1
2
1
0
2
1
0
3
2
4
1
2
3
2
0
1
0
4
2
1
3
1
0
5
0
2
4
5
2
4
1
5
1
3
0
0
1
1
0
3
1
3
1
2
2
1
4
2
3
7
3
5
2
5
2
1
2
3
0
0
7
5
0
7
2
1
3
3
2
3
2
3
1
0
2
2
2
3
2
2
3
6
3
1
0
6
2
1
2
0
2
3
1
2
6
1
5
4
1
5
1
2
1
1
1
2
1
4
1
2
3
2
4
2
3
4
1
3
1
2
2
1
4
2
1
4
2
2
2
0
5
3
2
0
5
5
1
4
0
3
1
0
3
1
6
2
2
1
0
4
1
0
0
1
3
3
1
3
4
2
3
5
1
4
1
1
2
3
6
3
4
0
3
3
2
3
3
3
2
1
5
1
2
1
5
3
4
2
0
0
2
2
2
6
1
7
4
2
2
2
6
4
2
2
1
1
3
3
5
4
1
0
2
3
6
0
0
2
2
1
2
3
4
3
4
1
0
0
2
1
6
4
2
1
1
2
3
2
1
1
2
3
3
2
1
2
4
3
1
2
0
2
3
3
1
1
3
1
3
1
2
4
3
2
3
1
1
2
4
0
1
1
1
1
1
1
2
3
2
1
1
1
1
6
1
2
4
0
2
5
1
2
1
2
0
3
3
0
1
2
4
3
1
0
0
3
2
3
4
0
0
3
1
1
0
1
2
3
4
1
2
1
3
3
1
1
1
1
1
4
2
1
0
3
1
4
3
0
3
3
3
2
4
3
2
4
3
5
1
2
3
0
4
1
1
3
1
3
1
1
1
2
1
2
5
5
0
1
3
3
1
2
3
0
5
5
2
3
1
1
3
1
1
3
1
5
1
3
3
1
3
4
2
0
5
4
1
4
5
1
1
3
1
2
5
2
3
1
4
1
3
2
1
0
3
4
1
2
1
2
5
2
4
3
2
1
3
4
2
2
2
0
2
2
2
6
2
3
1
2
5
1
2
1
3
2
3
2
1
3
4
3
3
2
2
1
2
2
0
1
2
2
2
1
1
1
2
3
1
4
3
5
1
1
3
0
1
3
4
1
4
2
2
1
0
2
2
4
3
4
0
1
1
2
1
1
1
1
4
2
3
1
2
2
3
0
3
2
4
1
1
6
1
1
2
4
1
1
2
1
1
0
1
0
1
2
0
4
2
3
1
3
1
0
0
4
2
4
1
2
2
1
5
0
2
0
3
1
2
1
4
1
1
3
4
2
3
2
2
3
2
2
4
2
5
3
1
1
5
5
1
2
0
3
2
1
2
4
1
1
1
1
0
4
1
2
2
2
3
4
4
3
2
5
5
1
2
2
3
3
0
1
1
2
1
1
3
0
4
1
1
1
2
1
1
2
1
3
2
4
3
4
1
1
4
3
2
1
1
0
3
1
2
2
1
0
1
0
2
3
4
4
0
2
3
5
1
2
1
1
2
5
0
0
1
2
1
1
3
3
4
3
1
1
6
4
2
0
2
1
2
3
2
1
5
4
6
2
1
1
4
1
1
1
2
5
3
4
2
1
4
3
0
1
1
4
3
5
2
2
2
4
2
5
3
2
3
2
1
3
2
2
1
3
7
3
5
3
3
1
5
1
1
4
5
2
1
4
2
3
4
1
4
2
2
6
1
2
3
3
4
4
4
4
1
2
4
2
5
3
4
1
2
6
1
1
3
0
1
3
2
4
4
3
6
2
3
2
4
3
3
2
1
0
1
1
0
7
3
3
1
2
4
4
1
3
1
0
4
1
0
3
2
4
2
0
3
2
4
4
4
3
2
0
2
1
1
0
0
1
0
3
0
2
0
4
2
1
4
3
1
3
2
2
1
1
0
1
2
1
4
2
2
2
2
0
2
2
2
3
1
3
2
1
1
2
1
2
3
3
0
0
3
3
2
1
2
3
4
2
1
0
0
3
2
3
2
3
1
1
5
5
4
3
0
3
1
3
1
0
0
0
0
3
2
2
1
3
1
2
3
2
4
3
1
0
0
0
2
2
1
0
0
1
1
2
1
1
0
0
3
1
2
2
0
2
2
2
3
0
2
1
2
3
1
1
1
3
0
1
2
0
0
2
1
4
1
1
1
0
2
2
2
2
1
1
4
3
3
2
1
1
3
1
1
0
1
0
0
2
2
1
2
2
0
1
4
0
0
1
1
1
2
1
3
1
1
1
1
2
1
0
3
3
0
3
0
0
1
3
1
4
2
3
3
0
1
2
5
1
0
2
0
3
1
0
3
1
4
0
2
1
0
3
1
0
0
3
0
3
1
1
3
3
3
1
1
2
1
1
0
1
0
1
0
0
0
2
1
0
2
2
0
3
2
1
3
1
7
3
0
0
0
1
2
1
1
3
2
3
0
0
0
1
1
1
3
2
2
3
2
0
1
2
1
0
2
1
1
1
1
0
1
1
3
2
2
2
0
1
1
1
0
1
0
0
2
1
1
4
0
1
1
1
5
2
1
0
1
4
3
0
0
1
2
2
0
1
3
1
1
0
0
1
3
1
1
2
0
1
0
1
1
1
2
1
1
2
2
4
0
2
3
0
1
0
0
2
2
0
0
0
2
1
1
1
2
2
2
1
1
3
2
0
1
0
1
1
2
3
0
3
3
2
1
3
1
4
0
2
1
3
2
3
0
0
2
3
2
4
2
1
2
3
1
1
2
2
2
4
4
1
3
1
2
3
0
2
0
2
2
0
2
1
2
1
2
1
1
0
0
1
0
1
2
0
1
0
1
2
1
2
1
0
2
0
1
3
0
1
2
1
3
0
0
2
1
1
2
2
3
1
3
0
1
5
2
6
0
0
0
2
1
1
2
2
4
2
1
2
0
2
1
0
3
2
0
2
0
2
0
1
1
1
3
1
2
2
0
1
0
2
0
1
2
0
0
2
1
1
2
0
1
0
3
2
0
0
0
1
1
0
2
1
0
1
2
1
1
0
1
1
2
1
4
1
0
0
3
4
1
0
0
1
0
1
1
1
0
0
1
2
1
2
0
1
2
3
0
0
2
1
1
1
1
0
0
0
1
1
0
0
1
2
2
0
0
0
0
3
1
3
0
3
1
2
2
0
2
0
1
1
2
0
2
2
1
1
3
3
1
2
2
2
3
2
0
2
1
1
0
2
1
2
2
3
1
3
0
0
1
1
0
1
3
1
1
2
0
1
0
1
0
0
0
0
1
1
1
0
0
2
1
1
0
3
1
0
4
1
1
0
1
4
1
3
0
2
0
1
0
1
2
1
3
0
4
1
0
0
1
0
0
2
0
0
1
1
1
0
2
0
2
0
0
1
2
0
1
3
2
0
0
2
1
1
1
1
1
1
2
1
1
0
2
1
3
2
1
2
2
1
1
0
2
2
1
1
0
3
0
2
0
1
1
2
2
0
1
0
3
0
2
1
2
2
0
1
0
2
0
1
0
1
2
2
0
3
0
2
0
1
1
3
1
2
0
3
2
0
1
0
3
1
0
2
1
2
1
0
2
1
0
1
3
1
2
1
1
1
1
0
0
3
0
0
2
0
0
0
2
1
1
1
3
0
1
1
3
3
1
1
2
1
0
2
0
2
3
2
0
0
1
0
2
4
0
1
3
4
3
0
3
1
1
1
2
1
0
1
3
0
4
0
2
3
4
0
2
2
1
1
1
0
0
2
1
1
1
2
1
2
0
1
3
2
0
1
0
1
1
0
2
1
4
0
1
0
1
0
2
2
0
1
0
0
0
0
0
0
3
1
2
0
1
0
0
0
2
1
0
1
0
0
0
0
5
1
1
0
1
1
1
2
2
1
2
0
0
0
0
1
4
0
0
0
0
0
0
1
0
1
0
1
1
1
0
1
1
1
0
0
1
1
1
1
0
1
2
0
1
1
1
2
0
0
0
1
0
1
1
1
0
2
0
1
1
2
0
2
1
1
1
2
2
5
1
0
0
0
2
1
0
0
0
1
0
0
2
0
3
0
2
1
0
0
2
0
0
1
1
1
0
1
2
0
0
1
1
3
2
1
1
0
1
0
0
2
1
3
0
2
0
1
1
0
0
2
1
2
0
1
1
0
1
0
1
2
1
0
1
2
2
0
0
3
0
1
0
4
1
0
0
0
1
1
0
0
1
2
1
1
1
3
1
1
1
2
1
0
0
2
2
1
0
0
0
1
1
0
0
1
1
2
1
0
1
1
0
2
0
1
0
0
2
2
1
1
2
0
0
1
1
2
1
2
0
2
1
2
0
0
0
0
1
0
2
0
0
3
1
3
3
2
2
1
0
0
3
0
0
1
2
1
2
1
0
1
2
1
0
1
0
0
3
0
2
0
0
0
2
0
1
0
2
2
1
0
3
1
1
1
0
0
0
0
2
0
0
2
0
0
0
1
1
1
0
1
1
2
1
0
0
2
0
0
1
0
3
0
0
0
0
0
1
0
0
0
1
0
0
0
0
1
2
1
0
0
1
0
0
1
0
2
0
0
0
0
0
0
1
1
2
1
0
0
1
0
0
0
2
1
0
1
0
0
2
0
1
3
0
2
1
1
1
0
0
1
3
1
1
1
3
0
1
2
2
0
2
0
0
1
1
1
0
1
0
1
2
2
3
0
0
2
2
0
1
2
4
0
0
0
0
0
0
1
0
0
2
0
0
0
0
0
0
1
1
2
0
0
0
0
1
0
0
0
1
1
1
3
2
1
1
5
3
1
1
0
0
0
1
1
1
2
0
1
0
0
0
1
1
1
1
1
0
3
1
1
0
0
2
2
0
0
1
0
2
1
1
0
0
2
0
1
0
0
1
0
0
0
0
0
1
0
1
2
0
1
2
3
3
1
0
3
2
1
1
1
0
0
2
0
0
2
1
0
1
2
2
2
0
3
0
1
1
0
0
1
1
0
1
2
3
1
2
1
2
0
0
1
1
1
0
0
1
0
0
1
0
0
2
2
0
1
1
0
2
1
1
0
1
2
0
2
0
1
0
0
2
0
2
0
0
2
1
1
2
0
1
0
0
0
0
2
0
0
3
1
1
2
1
2
0
1
3
0
0
1
1
1
1
2
1
1
0
1
0
1
1
0
0
0
1
1
1
1
0
1
1
0
1
1
0
0
1
0
2
1
0
0
2
1
0
0
0
0
0
0
1
1
1
1
1
1
1
2
1
3
0
1
2
5
0
1
1
0
0
1
2
1
0
0
1
0
0
1
0
1
1
0
0
2
0
0
1
0
0
0
2
0
3
1
0
1
1
0
1
2
0
1
1
2
1
1
1
0
0
2
0
0
0
0
1
0
2
2
1
0
1
1
0
1
0
3
1
0
0
2
1
0
2
1
1
1
0
0
0
0
1
3
1
1
2
3
0
2
1
2
0
0
0
0
1
2
0
0
1
1
1
2
1
2
1
0
3
0
1
3
1
0
1
0
1
1
1
1
2
1
3
0
1
1
0
0
0
1
0
2
2
2
0
1
1
2
1
0
2
1
1
1
4
0
0
2
0
4
0
1
1
0
2
0
1
0
1
2
0
1
1
0
0
1
0
1
0
1
1
0
0
0
0
2
0
2
0
0
0
1
0
0
2
0
3
2
1
0
1
2
0
1
0
3
0
0
1
1
1
0
2
1
2
0
1
2
2
2
2
1
2
2
1
2
1
1
2
0
0
0
1
2
1
1
2
1
0
1
2
1
0
0
0
1
0
2
0
1
0
0
0
0
0
0
0
2
1
1
0
0
1
0
1
0
1
1
0
0
1
0
0
1
1
1
0
0
0
1
0
0
1
2
1
0
0
1
0
1
0
0
1
0
1
0
0
1
1
1
0
3
0
0
0
2
0
1
1
0
1
0
1
1
0
0
0
0
1
1
0
1
0
0
0
1
2
1
1
0
0
0
1
0
1
1
0
1
1
2
0
0
1
0
2
1
0
0
0
2
0
0
2
0
0
1
2
0
2
1
1
0
0
0
0
1
1
0
0
0
0
0
0
0
0
0
1
0
0
1
0
0
1
2
0
2
0
1
1
2
1
3
0
1
1
1
2
1
0
1
0
1
0
0
0
0
0
1
2
0
0
1
1
1
2
0
0
0
0
0
2
1
1
2
0
0
1
0
0
0
1
1
1
1
1
0
2
1
0
0
3
1
0
0
1
3
0
0
0
0
0
2
1
0
0
0
2
2
0
1
1
0
0
3
1
0
1
0
1
0
1
0
0
1
1
1
1
1
2
2
2
1
0
1
1
1
1
1
0
3
1
1
0
0
1
0
0
4
0
1
2
0
1
1
0
1
2
0
0
0
0
1
1
0
0
1
0
1
1
0
0
1
0
0
1
4
0
0
1
0
0
0
1
2
0
2
1
0
0
1
1
0
1
1
0
1
2
1
0
1
0
0
1
0
0
2
0
2
2
0
0
1
0
0
0
0
1
0
1
2
1
0
0
1
0
0
0
0
0
1
0
0
1
2
0
1
2
0
1
0
0
1
0
0
0
0
1
0
1
0
0
2
0
2
0
2
1
1
2
0
0
2
0
2
0
0
0
1
2
2
1
2
0
0
2
0
1
2
0
0
1
1
0
0
1
0
1
0
0
0
1
0
1
0
0
1
0
0
0
0
0
1
0
1
0
0
0
1
0
1
2
1
2
2
2
1
0
0
0
3
1
3
1
2
1
1
2
2
1
4
0
1
2
1
2
0
0
2
0
2
4
1
2
7
1
2
0
5
1
0
2
3
2
2
2
0
4
4
4
2
1
3
4
4
1
3
7
6
3
4
8
13
8
7
7
4
2
5
8
9
4
7
13
6
8
9
14
9
7
12
3
7
16
10
6
7
10
11
9
10
7
8
10
11
11
5
7
7
16
11
10
10
7
6
10
13
7
9
11
12
10
4
9
15
10
9
8
8
11
7
11
7
7
11
5
5
2
4
10
2
6
5
6
5
3
4
4
2
7
2
4
3
2
4
2
6
4
4
2
2
4
10
5
2
8
1
2
2
2
4
5
1
4
3
1
2
2
3
1
1
1
0
2
3
0
5
3
1
3
2
4
1
0
0
0
1
2
2
0
0
0
0
2
1
1
0
0
0
1
0
0
0
2
0
0
0
1
0
1
1
3
0
0
1
0
1
0
2
0
0
1
0
0
0
1
1
0
2
2
0
1
0
1
0
0
0
1
1
0
0
2
1
0
0
0
1
0
1
1
1
1
0
1
0
0
0
0
1
1
0
0
0
1
0
1
0
1
1
0
1
1
1
0
0
0
0
0
1
1
1
0
0
0
1
0
0
0
0
0
0
2
0
0
0
1
1
0
1
0
1
0
0
1
0
0
0
0
1
1
0
0
0
0
0
1
0
1
1
0
1
0
0
1
0
1
1
0
0
0
1
0
1
0
0
0
1
0
0
1
1
0
1
0
0
1
0
1
1
0
0
0
0
1
0
2
1
0
0
0
0
0
0
0
0
1
1
0
1
1
0
1
2
1
0
0
0
1
0
1
1
0
2
0
1
0
1
0
1
1
0
1
0
1
1
1
0
1
0
0
1
0
0
0
1
0
0
0
0
0
0
1
1
2
0
0
0
1
0
2
0
1
0
1
0
0
0
1
1
0
0
1
0
0
2
2
0
0
0
0
2
0
1
0
1
1
1
0
0
0
0
0
1
0
0
1
1
0
0
0
2
0
0
0
0
0
1
0
1
0
0
0
1
0
0
1
0
0
0
0
0
0
1
0
1
0
0
0
0
1
1
2
1
0
0
0
0
1
0
1
0
0
0
2
1
1
0
0
0
0
0
0
0
0
1
0
1
0
0
1
0
2
0
0
1
1
2
2
1
1
0
0
0
0
0
0
1
1
0
1
0
1
1
2
1
0
0
0
1
0
0
2
1
0
0
0
0
0
0
0
1
1
0
0
1
1
1
1
0
1
1
0
1
0
1
2
1
0
1
0
2
1
0
1
0
0
0
0
2
0
2
0
2
1
0
0
1
0
1
0
0
1
1
1
0
1
1
0
0
1
0
1
0
0
1
0
0
0
2
0
0
0
1
0
0
1
0
0
0
0
1
1
0
0
1
0
2
0
0
1
0
0
2
0
0
1
0
0
1
1
0
0
1
1
1
0
0
0
0
0
1
0
1
0
0
0
0
0
2
0
2
1
0
2
1
0
0
0
1
0
0
0
0
0
0
0
0
0
0
1
0
2
1
1
0
1
0
1
1
0
0
0
2
0
0
1
1
1
2
0
1
0
0
0
1
0
0
1
0
0
0
1
0
1
0
1
1
0
0
0
0
1
1
1
0
0
0
0
0
0
0
2
0
0
0
1
0
0
0
0
1
0
1
1
0
2
0
0
0
0
1
0
1
0
0
0
0
0
0
1
0
0
0
1
1
0
0
2
1
1
1
1
0
1
0
0
0
0
1
0
0
0
1
1
0
0
0
0
0
1
1
0
0
0
1
0
0
1
0
0
1
0
1
0
2
0
0
0
0
0
0
1
0
1
0
0
0
1
0
0
1
0
0
0
1
1
1
0
0
1
0
0
0
0
1
1
0
0
0
0
0
1
0
0
0
0
0
0
1
0
0
0
0
0
0
3
1
0
0
0
0
1
0
0
0
2
0
0
0
0
0
1
0
0
1
1
0
1
1
0
0
2
1
1
0
3
0
0
0
1
0
1
1
0
0
0
0
0
0
0
1
0
1
1
1
0
1
0
0
0
0
2
0
0
2
0
0
0
0
0
0
1
0
0
0
0
0
0
0
1
1
3
1
1
1
0
0
0
1
0
0
0
1
1
0
0
1
2
0
0
1
0
0
0
0
0
0
0
0
0
2
0
0
0
0
0
0
0
0
1
1
1
0
1
0
0
0
0
1
1
0
2
0
0
1
0
0
0
0
0
0
0
0
1
0
0
0
0
0
0
1
0
0
1
0
0
1
0
1
1
2
0
0
1
3
0
0
0
0
1
0
0
1
0
0
1
2
0
0
1
0
0
1
0
1
0
0
0
1
0
0
0
0
0
0
0
0
0
0
0
0
0
0
0
0
0
0
0
0
0
0
0
0
0
0
0
0
0
0
0
0
0
0
0
0
0
0
0
0
0
0
0
0
0
0
0
0
0
0
0
0
0
0
0
0
0
0
0
0
0
0
0
0
0
0
0
0
0
0
0
0
0
0
0
0
0
0
0
0
0
0
0
0
0
0
0
0
0
0
0
0
0
0
0
0
0
0
0
0
0
0
0
0
0
0
0
0
0
0
0
0
0
0
0
0
0
0
0
0
0
0
0
0
0
0
0
0
0
0
0
0
0
0
0
0
0
0
0
0
0
0
0
0
0
0
0
0
0
0
0
0
0
0
0
0
0
0
0
0
0
0
0
0
0
0
0
0
0
0
0
0
0
0
0
0
0
0
0
0
0
0
0
0
0
0
0
0
0
0
0
0
0
0
0
0
0
0
0
0
0
0
0
0
0
0
0
0
0
0
0
0
0
0
0
0
0
0
0
0
0
0
0
0
0
0
0
0
0
0
0
0
0
0
0
0
0
0
0
0
0
0
0
0
0
0
0
0
0
0
0
0
0
0
0
0
0
0
0
0
$ROI:
0
0
$PRESETS:
Live Time
0
0
