$SPEC_ID:

$SPEC_REM:
DET# 1
DETDESC# MCB 25
AP# ORCA (11.0h)
$DATE_MEA:
2017-08-12 21:46:46 +0000
$MEAS_TIM:
3266.14 4320.00
$DATA:
0 16383
0
0
0
0
0
0
0
0
0
0
0
0
0
0
0
0
0
0
0
0
0
0
0
0
0
0
0
0
0
0
0
0
0
0
0
0
0
0
0
0
0
0
0
0
0
0
0
0
0
0
0
0
0
0
0
0
0
0
0
0
0
0
0
0
0
0
0
0
0
0
0
0
0
0
0
0
0
0
0
0
0
0
0
0
0
0
0
0
0
0
0
0
0
0
0
0
0
0
0
0
0
0
0
0
0
0
0
0
1
2
5
33
1508
10050
18633
18240
16961
15861
15344
15015
15241
15318
15458
15609
15849
16223
16121
16441
17024
16828
17155
16902
17236
17378
17357
17315
17086
17096
17170
17096
17108
16972
16991
16977
17139
16981
16603
16525
16702
16706
16436
16271
16464
16542
16154
16137
16377
15952
16180
15944
16059
15936
15870
16187
16031
15910
15735
15801
15846
15527
15465
15717
15621
15608
15626
15653
15629
15326
15519
15397
15328
15238
15468
15337
15268
15105
15229
15191
15211
15261
15170
14936
15034
15251
15142
15064
14721
14846
14602
14724
14590
14640
14534
14631
14645
14657
14498
14735
14396
14518
14501
14468
14412
14239
14356
14366
14229
14341
14271
14261
14198
14271
14348
14101
14234
14188
14278
13970
14001
13824
14068
13997
13882
14198
13957
13979
13895
13746
13749
13861
13717
13770
13723
13785
13753
13795
13648
13698
13935
13665
13537
13677
13517
13487
13658
13696
13755
13552
13495
13452
13563
13438
13455
13392
13414
13228
13360
13051
13281
13379
13385
13336
13278
13344
13166
13269
13165
13238
13181
13245
13117
13459
13030
12955
12856
13180
13140
12920
13048
13018
13093
12861
13067
13063
12879
12846
12932
13324
12864
12924
12934
12628
12793
12967
13055
12863
12952
12730
12937
13054
12672
12841
12759
12482
12721
12850
12740
12665
12719
12567
12757
12647
12765
12744
12449
12556
12578
12709
12421
12708
12494
12373
12379
12429
12604
12435
12389
12566
12437
12445
12391
12623
12247
12445
12598
12309
12492
12221
12480
12410
12306
12412
12099
12260
12363
12210
12053
12096
12019
12208
12210
12328
12266
12130
12071
12057
12152
12133
12019
11997
12070
12126
12108
12146
12093
11945
12117
11977
12012
11933
11819
12086
11885
11733
11866
11897
11925
11925
11911
11874
11932
11781
11926
11914
12114
11987
11878
11741
11762
11696
11835
11919
11975
11899
11943
11677
11827
11644
11895
11868
11876
11763
11642
11753
11737
11589
11681
11874
11756
11636
11870
11594
11670
11545
11711
11665
11602
11572
11425
11551
11588
11446
12051
11465
11473
11605
11525
11465
11550
11405
11475
11406
11322
11588
11432
11527
11353
11441
11606
11350
11234
11409
11497
11363
11249
11317
11520
11484
11430
11420
11251
11373
11680
11317
11364
11385
11242
11291
11245
11154
11272
11345
11344
11086
11128
11393
11189
11275
11195
11216
11447
11055
10972
11324
11199
11359
10981
11354
11058
11295
11021
11252
11143
11118
11134
11117
10923
11131
11090
10999
11003
11190
11093
10862
11046
11140
11336
11176
11047
11128
11103
11112
11179
11077
10955
11040
11078
11016
11061
10867
10941
11169
10991
10984
10898
11000
10859
10912
11009
10856
10866
10693
10886
10852
10877
10872
10840
10867
10727
10950
10831
10990
10876
10721
10781
10859
10796
10857
10893
10789
10733
10705
10424
10758
10726
10585
10829
10913
10679
10746
10736
10951
10653
10603
10797
10528
10558
10692
10690
10706
10646
10561
10785
10610
10666
10820
10541
10631
10649
10703
10697
10638
10693
10633
10553
10705
10613
10378
10673
10593
10563
10427
10651
10550
10579
10493
10636
10392
10408
10236
10356
10452
10690
10463
10447
10579
10531
10424
10505
10509
10474
10415
10237
10640
10523
10429
10645
10436
10005
10564
10467
10287
10190
10496
10414
10259
10250
10480
10197
10084
10086
10217
10238
10188
10368
10324
10152
10263
10149
10233
10232
10330
10209
10234
10260
10172
10120
10187
10264
10184
10087
10280
10230
10293
10050
10168
10175
10338
10164
10128
10190
10051
9926
10119
10168
10197
10281
10085
10059
10159
10134
10266
10012
10043
10115
10049
10245
10114
10002
10286
10143
10153
10042
10272
10211
10162
10032
10003
10276
9791
10079
10123
10173
10081
10038
10148
9990
10002
10080
10071
9911
10017
9864
10037
10137
10143
9997
9846
9895
10073
10218
10044
9952
10030
10075
9970
9926
9739
9883
10005
9967
10006
9832
10074
10132
10241
9950
10035
10067
9870
9960
9868
10112
10138
9967
9990
10038
10030
9916
10098
9947
10066
9825
9979
10106
10037
10035
10040
10095
9824
10034
9950
10184
9862
9838
10178
10003
10091
9971
9948
10100
9999
10030
9917
10016
9828
9885
10032
9943
10097
10246
10101
10052
9942
10162
10058
10122
10158
10215
10246
10274
10194
10377
10408
10459
10280
10859
10569
10737
10488
10679
10766
10765
10896
11171
11041
11126
11290
11692
11618
11470
11756
11937
11929
12028
12341
12364
12398
12569
12503
12755
13014
12929
13204
13480
13572
13536
13760
13677
13864
13970
14020
14222
14079
14500
14190
14577
14787
14497
14701
14906
14718
15101
15175
15184
15167
15195
15508
15866
15735
15553
16011
16088
16393
16395
16597
16814
16736
17256
17208
17415
17511
17432
17538
17074
17249
17033
17026
16629
16248
16295
16223
15957
15519
15659
15388
15408
15124
14566
14346
14329
14244
13842
13628
13407
13256
13091
12974
12647
12203
12304
12072
11840
11536
11270
11563
11042
10828
10800
10596
10738
10506
10172
10225
10186
10140
10135
9917
9919
9920
9848
9659
9822
9758
9803
9609
9463
9689
9677
9657
9565
9395
9512
9647
9606
9489
9561
9416
9517
9529
9591
9616
9543
9464
9588
9536
9711
9666
9620
9554
9468
9451
9733
9620
9592
9810
9613
9746
9614
9603
9577
9624
9699
9762
9620
9584
9570
9668
9747
9751
9810
9850
9822
9761
9680
9895
9811
9792
9771
9891
9868
9887
9890
9719
9774
9852
9862
9888
9835
9896
9894
9969
9905
9752
9811
9871
9895
9794
9820
10031
9956
9917
9934
9933
9942
10047
10185
9969
10070
9984
9918
10015
9902
10081
9968
10130
10021
10377
9958
10088
10012
10065
9978
10040
10047
10346
10055
10313
10252
10246
10294
10046
10210
10204
10359
10137
10226
10354
10378
10357
10166
10191
10513
10383
10473
10284
10240
10260
10351
10208
10354
10510
10550
10391
10460
10304
10417
10429
10406
10759
10633
10717
10548
10601
10624
10500
10422
10509
10576
10633
10583
10665
10608
10525
10694
10610
10696
10713
10501
10596
10836
10849
10805
10523
10695
10703
10817
10619
10793
10700
10694
10863
10783
10869
10712
11048
10806
11056
10892
10817
10908
10841
10946
11030
11080
10853
10902
10878
10891
11022
11077
11115
10929
11091
11175
11102
11039
10870
11209
10922
11127
10992
11098
11136
11309
11187
11337
11020
10901
11188
11223
11122
11272
11309
10951
11169
11220
11325
11138
11368
11201
11399
11334
11104
11136
11265
11242
11306
11241
11456
11372
11346
11388
11295
11299
11377
11376
11358
11313
11465
11372
11521
11411
11391
11406
11460
11687
11448
11516
11372
11332
11461
11493
11616
11468
11600
11446
11654
11668
11769
11501
11769
11644
11856
11749
11552
11737
11618
11748
11786
11720
11825
11745
11821
11658
11890
11744
11708
11804
11738
11827
11830
11780
11621
11870
11799
11756
11778
11755
11768
11824
11920
12001
11763
11964
11817
11719
11881
12004
11911
11822
11919
11951
12015
11898
11945
11917
12101
12027
11926
12210
11965
11857
11938
12238
11863
12011
11914
11996
12072
12256
12149
12105
12235
12134
12085
12026
12159
12100
12334
12035
12228
12165
12320
12122
11976
12325
12104
12099
12074
12324
12105
12280
12167
12283
12416
12266
12439
12435
12458
12325
12454
12453
12295
12408
12257
12574
12225
12374
12320
12300
12277
12163
12491
12508
12467
12452
12466
12631
12711
12481
12603
12471
12412
12507
12600
12494
12768
12492
12753
12679
12599
12546
12542
12704
12696
12583
12797
12743
12453
12426
12837
12670
12290
12599
12687
12756
12761
12593
12708
12619
13154
12886
12705
12845
12779
12678
12855
12833
12903
12837
12862
13030
12989
12818
13054
12957
12945
13062
12835
12960
13084
12913
13054
12839
12770
12922
12901
12841
12958
12960
13085
12977
12807
12835
12967
13119
13235
12988
13141
13021
13135
13240
13201
13093
13069
13225
13149
13048
13220
13144
13209
13325
13449
13270
13255
13504
13358
13271
13418
13122
13194
13495
13526
13457
13403
13512
13434
13362
13448
13455
13457
13424
13432
13516
13774
13486
13424
13600
13499
13601
13744
13660
13760
13580
13573
13742
13650
13547
13715
13663
13607
13705
13765
13684
13986
13898
13918
13881
13786
13829
13967
13983
13890
13801
13954
13969
14002
14116
14036
13847
14186
14094
13956
14163
13866
14095
14122
13951
14094
14129
14075
14208
14157
14231
14053
14019
14198
14307
14415
14320
14352
14392
14402
14332
14486
14535
14228
14381
14488
14411
14202
14432
14559
14377
14559
14353
14514
14515
14524
14586
14796
14585
14574
14582
14707
14501
14715
14564
14637
14787
14714
14907
14567
14955
14901
14569
14771
14759
14795
14789
14886
14812
14922
15055
14824
14817
14705
15044
15082
14884
14952
15067
14868
14930
15007
14865
15191
15123
15339
14967
15010
14962
15007
15195
14991
15071
15063
15052
15003
15047
15411
15013
15019
15338
15318
15365
15206
15314
15483
15277
15244
15437
15303
15332
15376
15466
15380
15485
15461
15262
15261
15507
15374
15461
15653
15364
15815
15415
15703
15783
15503
15706
15625
15724
15357
15672
15914
15720
15801
15869
15899
15895
15883
15752
15879
15912
16228
15926
16078
16127
15706
15792
16265
16202
16402
16333
16149
16177
16352
16350
16625
16619
16334
16257
16298
16448
16433
16649
16469
16543
16257
16547
16490
16624
16229
16615
16644
16564
16954
16693
16572
16727
16580
16586
16888
16813
16882
16850
16589
16825
16793
16917
16900
16873
16939
16912
16891
16865
16878
16842
16962
16706
16855
16867
17005
16894
16633
16908
16853
16874
16887
16855
16916
17043
16793
17080
17095
16868
16957
17012
17139
16878
17072
17013
17149
17347
17199
17265
17006
17172
16964
17341
17130
17298
16963
17218
17223
17091
17173
17276
17290
17245
17020
17389
17370
17108
17390
17458
17310
17370
17508
17318
17297
17651
17472
17320
17358
17475
17497
17595
17516
17454
17527
17658
17464
17668
17751
17493
17559
17720
17901
17688
17810
17864
18027
17932
18171
17803
17770
17780
17734
17839
17761
17729
17691
17710
17493
17678
17380
17652
17392
17492
17253
17298
17301
16949
17328
16886
17120
16916
16853
16734
16707
16606
16726
16551
16670
16268
16395
16245
16268
16424
16160
16205
16081
15947
16062
15846
15856
15867
15574
15745
15733
15810
15695
15920
15706
15475
15727
15629
15477
15585
15609
15484
15864
15773
15376
15443
15466
15650
15463
15376
15474
15593
15436
15266
15384
15337
15503
15531
15480
15290
15212
15145
15183
15127
15503
15042
15443
15389
15334
15138
15112
15029
15193
15157
15004
15056
15161
15104
15189
15128
15148
14932
14901
14975
15167
15047
14943
14982
15179
15063
14955
14733
15137
15016
14987
14787
14934
14906
15191
14850
15160
14806
14801
14868
14978
14768
14698
14884
14782
14769
15068
14908
14928
14815
14752
14713
15001
14683
14836
14588
14825
14836
14844
14749
14487
14852
14680
14769
14544
14603
14726
14623
14676
14849
14506
14741
14660
14654
14822
14615
14920
14923
14728
14611
14589
14450
14581
14471
14592
14642
14770
14676
14592
14774
14577
14588
14594
14588
14524
14493
14670
14477
14669
14674
14494
14666
14724
14454
14591
14476
14533
14385
14594
14613
14590
14346
14218
14663
14477
14548
14231
14646
14561
14486
14409
14331
14594
14268
14418
14319
14360
14416
14360
14300
14345
14631
14267
14455
14152
14280
14166
14599
14465
14542
14453
14422
14468
14192
14452
14419
14296
14447
14320
14317
14481
14360
14208
14391
14251
14435
14309
14312
14238
14440
14087
14183
14097
14351
14378
14116
14106
14085
14217
14376
14296
14089
14321
14194
14039
14093
14231
14165
14221
14189
14262
14189
14133
14183
14419
14198
13899
14107
14239
14124
14064
14166
14261
14164
13907
14232
14051
14341
14119
14084
13918
14075
13908
13978
13910
14200
14153
14123
14102
14031
14270
13954
14114
13933
13869
14205
13986
14167
13955
14008
13880
14098
14094
13864
14042
14241
13846
13914
14047
13997
13970
13822
14171
13915
13747
13995
13961
14070
13934
13868
13884
13809
13905
13858
14148
14096
14017
14011
14085
14015
13976
13922
14015
14135
13980
13845
13982
14117
14055
14060
13899
13778
13887
13966
13729
14043
13928
14173
14120
13719
13886
13773
13979
13738
14067
14011
13960
13820
13681
13919
13764
13652
13888
14064
13886
14180
13880
13737
14003
13963
13882
13897
13990
13845
13880
13754
13855
13710
13831
13770
13845
13804
13819
13810
13784
13884
13991
13720
13840
13737
13768
13903
13840
13808
13731
13763
13691
13670
13897
13760
13669
13684
13588
13727
13882
13610
13667
13701
13718
13596
13723
13764
13618
13521
13732
13520
13545
13502
13545
13359
13456
13805
13548
13560
13486
13630
13578
13350
13564
13608
13501
13540
13370
13504
13338
13442
13597
13414
13357
13309
13336
13189
13403
13182
13352
13035
13301
13114
13144
13234
13000
13295
13178
12993
13177
13071
12869
13244
12920
13072
12856
12808
12617
12722
12736
12675
12600
12765
12694
12709
12557
12632
12555
12433
12679
12376
12359
12594
12250
12445
12465
12261
12378
12317
12020
12096
12081
12143
12078
11995
12060
11976
11852
11875
11957
11885
11855
11966
11789
11939
11709
11574
11723
11753
11560
11468
11530
11475
11569
11416
11420
11382
11279
11347
11289
11426
11157
11081
11306
11110
11309
11119
11095
11200
11204
10970
11001
11061
10850
10794
10988
10961
10892
10751
10823
10852
10835
10808
10915
10736
10661
10688
10781
10846
10565
10701
10565
10750
10590
10707
10627
10570
10592
10435
10599
10513
10483
10459
10605
10416
10377
10393
10307
10265
10405
10319
10245
10272
10498
10460
10308
10172
10377
10400
10189
10036
10294
10332
10306
10311
10204
10207
10366
10328
10097
10091
10173
10292
10043
10146
10213
10320
10278
10203
9903
10420
10138
10108
10174
9983
10166
10130
10186
10238
10013
10298
10108
10122
10046
10192
10362
10278
10192
10242
10077
10216
10351
10305
10405
10305
10422
10192
10381
10266
10333
10350
10431
10342
10353
10376
10531
10579
10419
10560
10628
10418
10500
10574
10577
10485
10476
10414
10554
10665
10718
10627
10651
10658
10793
10724
10388
10787
10715
10745
10844
10650
10653
10585
10617
10592
10600
10495
10384
10458
10481
10593
10306
10314
10272
10179
10160
10150
9962
9993
9781
9966
9950
9781
9887
9664
9609
9643
9721
9479
9437
9493
9328
9502
9209
9542
9362
9237
9200
9228
9128
9409
9040
8993
9248
9198
9158
9277
9056
9104
8938
9154
9091
9107
8988
8911
8860
8937
8957
8825
8947
9000
8853
8712
8889
8848
8878
8834
8793
8730
9011
8752
8565
8719
8746
8723
8776
8746
8719
8718
8651
8702
8553
8709
8561
8681
8567
8621
8691
8599
8621
8370
8506
8575
8493
8561
8488
8580
8556
8630
8621
8585
8530
8359
8464
8439
8511
8497
8541
8278
8452
8340
8393
8371
8293
8404
8552
8233
8306
8512
8341
8257
8327
8316
8297
8246
8398
8328
8256
8430
8287
8182
8411
8358
8328
8283
8263
8099
8215
8005
8326
8048
8222
8181
8303
8229
8205
8202
8088
8022
8247
8265
8050
8045
8110
8014
8128
8133
8054
8160
8208
8144
8040
7956
8110
7974
7958
7998
7909
7875
8022
8215
7815
7923
7985
8154
7957
8157
7924
7889
7829
8128
7953
7871
7782
7881
7666
7858
7860
7928
7913
7837
7854
7963
7763
7826
7768
7777
7852
7765
7769
7675
7810
7717
7764
7693
7637
7819
7761
7774
7788
7808
7741
7702
7667
7710
7718
7786
7752
7748
7545
7698
7629
7621
7665
7664
7674
7551
7618
7669
7553
7768
7567
7637
7681
7535
7530
7716
7707
7556
7673
7650
7569
7565
7573
7584
7478
7546
7495
7344
7412
7643
7580
7527
7570
7456
7578
7444
7437
7418
7609
7390
7427
7618
7443
7555
7363
7493
7493
7496
7538
7362
7470
7467
7338
7549
7361
7420
7334
7622
7494
7372
7461
7512
7382
7379
7258
7330
7194
7431
7292
7185
7429
7266
7314
7108
7486
7260
7318
7273
7351
7380
7330
7227
7167
7249
7287
7369
7113
7203
7321
7234
7146
7213
7390
7162
7151
7151
7091
7285
7330
7189
7264
7030
7271
7063
7053
7139
7078
7128
7191
7124
7248
7233
7073
7099
7228
7136
7222
7066
7131
7141
7160
7029
6986
7123
7082
7042
7037
7166
7083
7004
7069
7016
7012
6872
6945
7002
7032
7233
7079
7043
7011
7057
6843
6934
6932
6884
6915
6857
6877
6968
6986
6887
6974
7025
6970
6994
6988
6920
6920
6984
7005
6796
6815
7058
6962
6879
6815
6927
6947
6945
6930
6930
6982
6948
6934
6886
6906
6854
6797
7002
6983
6782
6828
6844
6869
6762
6714
6897
6837
6859
6660
6771
6888
6786
6959
6856
6916
6764
6711
6819
6919
6802
6821
6712
6897
6867
6737
6793
6917
6763
6735
6758
6711
6703
6641
6637
6681
6810
6700
6821
6774
6772
6819
6719
6706
6702
6742
6663
6497
6725
6746
6716
6774
6648
6699
6758
6713
6684
6639
6745
6533
6756
6570
6715
6546
6841
6635
6645
6905
6751
6756
6712
6808
6717
6806
6674
6767
6917
6873
6839
6945
6951
7082
7129
7152
7265
7314
7525
7471
7603
7868
7926
8027
8234
8513
8498
8857
8891
9193
9476
9765
9796
10324
10352
10577
10802
10964
11346
11667
11945
12197
12385
12701
12839
13139
13556
13799
13725
14272
14536
14806
14932
15430
15348
15624
15948
16431
16377
16684
16877
16992
17241
17592
18091
18002
18434
18501
18940
19015
19407
19859
20143
20266
20678
21023
21521
21768
21971
22033
22196
22127
22423
22041
22155
22155
21879
21520
21251
20927
20366
20307
19478
19133
18479
17986
17515
17327
16855
16046
15550
14972
14588
14212
13536
12961
12596
12032
11626
11078
10697
10359
9883
9502
9349
8962
8601
8603
8258
7975
7734
7400
7484
7280
6950
6809
6722
6662
6600
6552
6348
6388
6259
6226
6141
6142
6113
5991
5982
6021
5947
5973
6065
6030
6080
5975
5933
6024
6019
5987
5866
5871
5844
5835
5805
5831
5869
5894
5868
5841
5850
5766
5819
5810
5853
5777
5870
5912
5809
5777
5740
5734
5749
5769
5883
5847
5768
5885
5709
5642
5836
5790
5861
5783
5833
5716
5833
5788
5749
5797
5865
5837
5809
5820
5789
5767
5695
5696
5740
5751
5665
5664
5748
5805
5831
5642
5629
5642
5760
5602
5710
5658
5763
5709
5880
5720
5689
5887
5708
5683
5666
5626
5675
5692
5768
5772
5778
5741
5891
5784
5754
5742
5691
5800
5722
5584
5856
5584
5649
5853
5789
5606
5812
5701
5696
5487
5583
5582
5694
5712
5754
5727
5731
5790
5811
5502
5580
5691
5735
5616
5779
5632
5713
5755
5763
5840
5731
5851
5764
5778
5795
5720
5728
5797
5806
5883
5873
5831
5818
5920
6043
6042
6141
6334
6394
6218
6565
6652
6651
6943
7219
7372
7644
7732
8048
8349
8670
8998
9592
9606
10106
10626
10952
11447
11851
12740
12940
13573
14203
14886
15449
15913
16788
17372
18204
18621
19015
19843
20573
20966
21466
22084
22859
23699
24116
24761
25231
26002
26614
27109
27928
28272
28633
29315
29935
30648
30896
31714
32384
32746
33550
34367
34621
35220
36141
36771
37503
38187
39001
39609
40811
40788
41541
42450
42623
42923
43051
42880
42736
42706
42351
42097
41361
40307
39463
38740
37463
36551
35556
33921
33052
31938
30680
29335
28263
26695
25688
24432
23497
21684
21151
19971
18440
17728
16432
15815
14817
13787
12914
12342
11606
10904
10211
9841
9190
8785
8229
8044
7623
7199
6921
6612
6466
6118
5976
5911
5772
5606
5361
5203
5226
5150
5064
5033
4937
4963
4899
4724
4767
4737
4743
4559
4614
4555
4534
4612
4555
4479
4580
4575
4526
4520
4496
4415
4495
4490
4538
4533
4425
4336
4517
4419
4421
4512
4415
4466
4393
4413
4382
4408
4318
4301
4311
4473
4331
4358
4377
4383
4369
4320
4316
4237
4318
4402
4346
4265
4284
4304
4265
4290
4310
4320
4323
4293
4267
4298
4252
4186
4276
4249
4239
4226
4267
4188
4297
4290
4242
4270
4266
4320
4337
4236
4305
4298
4036
4221
4186
4333
4250
4202
4149
4163
4123
4223
4189
4298
4226
4262
4279
4229
4375
4258
4224
4166
4327
4137
4154
4219
4242
4221
4200
4219
4082
4141
4138
4115
4071
4301
4210
4099
4235
4180
4307
4224
4207
4203
4203
4135
4148
4127
4086
4068
4117
4144
4051
4079
4160
4101
4070
4101
4128
4196
4224
4086
4184
4038
4041
4132
4057
4193
4095
4238
4016
4108
4174
4103
4031
4199
4010
4097
4057
4087
4204
4090
4125
4173
4033
4203
4043
4145
3980
4123
4018
4031
3947
4200
4025
4069
4148
4037
4017
4019
4006
4057
4050
4027
4054
4001
4032
4012
4073
4096
3998
4021
4060
4021
4077
4044
4100
4023
4055
3940
4063
4071
4017
4002
3984
3935
4047
3938
3896
4018
4121
4020
3951
4052
4030
4084
3927
4040
4105
3951
3966
3963
3951
4012
3921
3984
3884
3864
3959
3992
3933
3971
3993
3991
4033
4032
3987
4003
3843
4006
4023
3975
3962
4007
3867
3953
3896
3966
3898
3938
3876
3982
4007
3822
3990
3804
3934
3953
4014
3857
3890
3809
3967
3869
3981
3931
4069
3903
3913
3927
3957
3928
3903
3827
3886
3909
3951
3870
4013
3937
3854
3821
3792
3990
4049
3903
3838
3861
4024
3912
3929
3888
4002
3888
3695
3820
3941
3942
3889
3865
4010
3994
3821
3888
4000
3948
3871
3818
3863
3895
3825
3917
3845
3841
3922
3848
4021
3971
3905
3828
3801
3862
3906
4012
3870
3971
3831
4042
3921
3804
3967
3836
3868
3912
3936
3898
3880
3841
3941
3958
3917
3977
3917
3926
3876
3779
3909
3951
3949
3782
3889
3882
3847
3903
3826
3818
3974
3879
4111
3942
3996
3903
3848
3908
3952
3987
3969
3881
3910
3967
3826
3842
3986
3896
3962
3919
3906
4074
4012
4075
3909
3902
3987
3947
4002
3944
3929
4000
4024
4031
3996
4086
4075
3993
4108
4076
4068
4019
4090
4040
4187
4218
4203
4104
4267
4200
4205
4240
4281
4260
4428
4428
4553
4455
4487
4547
4701
4779
4943
5062
5229
5532
5687
5867
6230
6278
6668
7047
7567
8079
8462
9222
9738
10500
11275
12022
12966
13832
14994
15929
17339
18227
19331
20852
22546
24097
25392
27180
28369
30054
32039
33953
35679
37360
39099
41076
42862
44594
46797
48434
50599
52260
54164
55854
57846
59920
61630
63454
65082
66943
68369
70249
72047
74091
75400
77328
78627
80765
82039
83992
86358
87868
89942
92008
93668
95214
97996
100015
101623
102978
105377
107062
108242
110102
109950
110991
111443
111932
111481
110563
109006
107772
106477
104070
101649
99705
96172
93196
90329
87389
83770
80847
76954
72898
69671
66421
62476
59166
55199
52265
48915
45488
42605
39565
36534
34101
31409
28970
26932
24420
22707
20928
18691
16954
15681
14673
13322
12156
10851
10209
9236
8439
7725
7063
6378
5969
5613
5138
4876
4445
4119
3812
3714
3539
3338
3078
2986
2909
2834
2710
2653
2593
2442
2458
2323
2254
2168
2112
2065
2130
2096
1979
2033
1974
1947
1971
1802
1789
1776
1801
1787
1811
1754
1776
1799
1774
1752
1716
1678
1670
1727
1654
1691
1668
1631
1695
1643
1583
1660
1591
1569
1652
1644
1519
1601
1570
1593
1598
1601
1641
1563
1625
1590
1494
1522
1521
1515
1577
1522
1576
1520
1525
1470
1493
1496
1557
1536
1524
1457
1505
1456
1561
1516
1435
1471
1559
1432
1475
1490
1479
1423
1417
1540
1419
1441
1467
1401
1446
1457
1438
1389
1396
1420
1475
1404
1377
1404
1461
1419
1402
1360
1340
1374
1360
1453
1434
1417
1385
1426
1470
1382
1354
1345
1404
1390
1408
1376
1398
1398
1309
1306
1342
1404
1344
1362
1379
1334
1365
1375
1396
1418
1383
1351
1366
1377
1401
1357
1411
1366
1452
1356
1461
1400
1415
1451
1433
1458
1435
1518
1446
1458
1480
1614
1624
1662
1747
1758
1814
1894
1925
1995
2172
2237
2290
2375
2438
2645
2702
2884
3012
3246
3290
3426
3799
3953
4121
4364
4602
4842
5129
5224
5486
5604
6158
6231
6514
6860
7053
7213
7361
7611
7973
8178
8401
8718
9135
9200
9498
9684
9768
10072
10375
10753
10812
11124
11369
11781
11923
12113
12298
12556
12852
13079
13127
13642
13683
14177
14258
14535
14859
14791
15241
15044
15383
15357
15577
15459
15438
15258
15176
15013
14691
14479
14171
13751
13420
12980
12585
12273
11823
11408
10935
10523
9852
9500
9100
8421
8226
7668
7250
6842
6266
6005
5380
5264
4869
4609
4259
3999
3771
3350
3176
2902
2830
2684
2469
2233
2148
2076
1850
1802
1683
1644
1580
1485
1448
1369
1376
1283
1191
1168
1181
1170
1124
1070
1127
1052
1005
1040
1025
973
939
1001
927
964
1002
926
983
943
907
945
872
909
948
897
883
860
888
882
838
860
917
891
916
842
837
903
858
863
811
846
806
818
863
851
875
867
891
820
828
832
838
888
813
811
813
826
785
816
819
880
760
820
787
814
810
798
797
821
842
847
830
781
784
794
828
836
808
807
795
803
839
860
783
860
741
832
796
816
784
799
744
755
799
844
781
780
748
787
800
821
771
788
807
777
785
827
789
723
719
761
804
782
756
773
779
769
760
777
804
782
728
800
776
787
723
748
771
799
748
762
704
744
738
758
782
769
749
742
758
759
790
744
781
743
743
763
743
717
767
743
748
751
715
735
785
729
773
729
721
760
692
712
717
724
753
717
699
706
687
709
677
731
748
724
733
702
686
686
731
741
760
697
734
657
736
714
725
713
726
659
690
710
652
690
661
659
659
721
734
665
663
716
735
713
767
691
692
722
702
705
698
668
696
702
643
700
683
679
701
667
676
677
673
679
662
693
704
699
650
691
698
683
661
676
649
707
655
665
662
656
680
673
657
635
679
688
641
672
647
649
649
622
672
663
693
657
679
692
681
680
648
689
653
670
637
656
629
654
653
635
673
625
626
690
642
664
680
658
681
630
592
665
660
652
646
661
649
666
659
665
676
637
639
649
673
649
650
665
608
680
648
671
655
656
638
695
645
671
618
631
670
658
656
656
618
645
582
686
654
642
612
626
650
642
700
632
599
630
636
661
675
645
685
636
645
630
560
651
610
662
621
652
639
586
593
655
683
611
644
645
572
665
643
659
644
655
615
638
604
583
584
604
615
619
619
596
646
606
627
579
630
614
610
577
616
589
595
606
608
647
613
645
623
645
594
635
602
596
664
586
616
622
594
644
651
597
644
583
663
629
586
593
622
624
640
643
603
577
589
634
575
576
618
597
643
580
618
562
632
578
611
633
593
607
587
612
663
629
654
593
568
629
619
620
630
600
612
604
602
625
627
604
612
652
582
644
635
607
617
642
614
601
679
682
669
654
675
627
699
683
655
661
664
675
664
668
684
652
689
698
702
645
697
679
783
649
702
665
666
690
698
691
677
710
700
671
682
691
775
724
722
745
695
721
732
699
725
721
703
728
685
734
681
697
639
685
654
691
678
631
617
616
608
605
571
607
597
573
646
617
610
575
584
570
551
592
519
556
617
541
572
560
537
514
561
516
533
505
574
542
511
559
515
522
534
478
530
545
578
504
533
500
504
494
555
506
521
533
531
514
501
538
527
534
527
487
496
514
544
503
495
513
508
551
557
492
539
519
511
476
508
485
532
484
534
553
505
500
512
535
509
493
516
490
478
519
482
494
505
504
521
492
514
489
474
521
519
540
497
501
510
500
504
472
501
520
517
495
474
527
526
484
501
475
472
506
499
476
515
472
486
482
479
515
498
479
449
433
538
465
518
509
537
463
485
492
491
479
500
507
464
446
464
534
468
511
517
492
529
495
469
476
503
505
490
495
460
490
490
469
469
497
505
460
491
459
487
490
484
464
469
458
486
463
509
469
471
473
462
456
490
512
460
466
469
457
465
537
495
460
472
458
457
468
480
458
455
469
461
501
479
504
477
492
439
427
466
463
449
471
418
460
502
455
475
441
486
455
474
461
463
463
464
431
463
453
479
451
473
482
458
454
430
524
469
464
444
445
463
478
462
450
442
448
471
405
480
465
460
440
446
477
425
465
419
440
483
495
472
469
427
460
452
470
452
427
464
488
421
440
482
439
444
413
391
466
454
444
445
435
445
461
425
443
462
440
431
457
440
447
454
411
453
454
470
449
458
407
491
461
404
470
419
438
479
413
444
423
414
430
437
417
431
426
433
469
417
409
427
421
480
429
447
401
436
399
432
415
432
409
444
462
428
430
426
454
402
422
367
448
407
401
452
413
375
373
423
431
431
389
460
416
435
431
407
392
445
426
434
412
451
452
419
404
370
421
420
388
424
407
411
402
464
440
384
462
427
390
427
415
373
445
383
388
403
426
432
428
437
412
418
416
430
366
421
437
422
422
394
418
407
403
395
430
421
367
409
424
400
392
414
389
395
373
426
394
423
384
451
440
401
422
412
385
419
420
404
403
406
391
400
407
446
385
405
393
383
424
392
365
367
361
414
415
388
341
368
393
390
405
432
424
364
403
402
404
359
400
388
394
409
385
389
430
401
392
389
398
384
368
408
403
390
370
386
366
386
341
403
413
378
409
390
337
394
416
402
362
400
408
386
368
386
396
366
415
399
402
370
390
356
375
404
364
386
376
389
374
347
371
416
397
373
376
400
410
396
396
408
395
385
382
380
389
328
370
379
399
378
408
398
388
367
396
386
376
359
357
361
387
377
412
415
385
373
351
384
382
384
405
387
367
360
354
365
357
357
351
333
383
401
359
367
400
359
380
344
362
348
395
376
371
357
361
357
383
378
383
375
342
360
349
334
348
351
346
322
347
361
360
388
372
344
327
338
358
351
357
348
341
376
386
356
366
386
367
340
352
342
355
370
353
323
390
345
378
377
386
367
365
318
357
356
380
343
363
364
336
346
330
360
362
338
323
355
331
363
362
356
367
329
338
340
368
339
366
310
390
350
337
325
344
346
355
324
341
354
323
336
350
324
304
354
323
347
332
354
304
354
336
352
336
327
356
302
342
339
359
320
333
323
353
341
334
316
343
319
352
337
307
370
324
352
366
368
356
346
365
331
321
324
320
319
319
329
343
331
351
342
349
340
339
331
354
332
327
321
331
326
304
354
314
344
325
326
304
321
325
310
341
343
325
315
319
357
309
341
372
362
356
337
300
334
320
320
307
322
314
354
311
344
330
342
333
321
302
337
323
303
320
309
306
317
300
344
310
341
357
320
324
313
288
307
310
337
311
316
320
335
326
310
331
327
303
325
306
308
352
327
294
329
308
352
353
288
307
314
289
315
325
311
288
327
281
320
324
308
326
311
284
339
319
284
314
299
308
294
307
253
305
298
299
332
324
326
295
295
294
307
320
302
285
297
288
303
305
285
315
297
309
270
273
274
316
262
274
300
285
304
285
306
282
290
307
288
271
278
310
296
294
294
262
249
298
273
294
299
281
317
272
282
297
284
284
309
299
303
291
253
283
326
273
260
249
306
286
277
278
256
279
260
271
265
286
283
272
287
288
302
259
294
269
306
257
274
286
256
269
319
257
290
278
279
303
263
277
277
271
280
261
273
274
264
285
271
278
260
294
249
263
293
251
270
291
247
235
271
289
267
257
265
256
261
252
257
254
272
282
284
248
268
233
253
259
224
255
269
258
271
285
251
275
222
255
251
253
253
267
278
256
269
261
289
259
273
269
269
237
272
231
247
272
257
256
290
249
263
257
259
229
266
274
256
248
226
247
260
251
266
259
240
267
258
258
281
225
252
310
242
268
256
264
258
287
264
248
280
267
262
268
259
269
234
251
282
241
256
252
240
263
256
230
251
225
248
241
215
254
259
239
264
244
263
242
261
242
216
243
256
257
233
237
245
234
264
239
241
246
238
232
246
224
252
253
216
230
236
261
246
224
265
237
257
239
239
262
246
221
248
238
226
257
252
222
235
254
241
222
229
265
237
231
227
253
212
277
277
224
237
217
230
222
205
214
231
216
207
223
243
229
236
233
232
249
238
237
239
215
247
229
199
226
236
227
217
213
234
217
258
223
223
220
231
223
230
213
231
219
231
239
235
221
239
222
201
227
214
234
231
216
192
230
218
217
225
231
201
230
236
228
198
223
216
257
208
242
187
208
222
236
189
200
221
208
204
235
217
239
215
192
211
215
226
223
217
189
208
209
231
250
187
224
222
195
211
206
190
212
205
180
205
216
205
192
196
215
228
199
193
200
226
196
209
211
203
196
214
217
203
235
196
195
195
192
202
196
218
206
208
191
197
200
196
191
213
215
205
207
190
223
195
224
235
220
184
182
218
192
232
223
198
170
214
194
196
194
197
203
223
172
212
201
226
204
223
203
179
202
197
162
172
218
193
195
190
186
197
206
220
193
203
193
192
195
185
194
210
179
218
204
202
190
200
202
200
192
175
194
169
192
185
195
206
220
173
220
204
168
187
198
176
188
186
213
184
196
205
176
152
200
186
159
195
202
199
202
204
190
181
179
201
195
212
213
187
206
182
182
180
177
180
185
188
180
190
172
219
196
190
205
194
186
188
189
188
196
188
187
203
202
155
175
190
157
181
179
181
162
162
195
219
174
208
180
169
167
186
188
170
210
187
186
189
171
177
170
201
188
181
152
191
169
165
199
169
180
180
177
172
195
184
185
191
171
165
167
171
166
198
155
183
169
179
182
166
187
182
184
183
195
181
184
176
180
169
165
184
157
191
174
190
181
155
175
158
174
166
163
184
157
204
178
181
160
181
178
169
183
172
184
164
165
200
176
176
187
161
165
175
175
166
170
170
154
170
193
194
177
162
182
166
152
176
154
184
167
168
166
179
171
149
174
170
178
168
159
179
183
197
153
152
174
156
159
180
154
155
159
168
161
170
175
144
169
163
163
156
165
178
163
176
175
153
169
172
175
144
148
161
169
175
137
165
134
172
173
157
176
155
139
143
142
154
167
163
160
147
181
147
146
179
158
152
165
150
155
152
163
131
150
160
157
162
146
126
170
147
139
141
137
147
148
130
173
130
161
151
154
158
149
127
150
173
150
174
148
145
139
134
144
166
124
149
143
163
146
125
161
185
138
173
126
147
140
150
166
149
125
145
142
164
140
139
152
153
158
142
158
139
146
149
127
141
142
125
117
148
152
168
138
151
146
152
157
142
154
135
162
151
143
155
152
154
137
150
140
141
135
153
142
138
160
137
146
143
162
145
149
139
153
130
141
164
151
128
134
145
125
141
116
136
138
151
131
126
139
149
134
127
154
133
154
143
145
143
143
140
156
143
130
136
128
128
128
143
121
147
157
150
144
131
110
133
153
150
142
132
140
125
150
156
115
134
150
139
135
159
148
169
134
127
154
138
127
144
143
160
158
141
119
143
143
133
137
139
136
147
163
160
146
153
161
149
159
155
151
155
157
160
137
122
146
164
151
150
127
158
146
142
163
146
156
143
142
160
155
152
147
137
138
135
136
142
151
184
140
156
145
145
133
135
152
169
149
138
155
165
147
137
149
149
138
145
139
130
148
126
111
139
132
120
157
136
139
128
139
134
126
120
138
153
132
119
131
131
116
125
120
106
112
117
146
133
137
116
117
132
133
147
126
141
136
115
132
130
112
117
123
130
115
111
114
132
113
119
133
116
101
120
124
136
104
115
124
123
128
106
141
142
108
128
116
122
107
115
100
130
115
130
129
121
106
114
113
110
99
128
123
115
123
118
139
114
134
114
123
107
127
135
100
123
98
104
106
121
117
112
129
130
106
111
108
116
91
109
132
121
133
123
115
111
113
108
147
123
122
113
140
128
122
126
126
128
106
123
106
129
121
110
107
112
120
130
152
106
128
123
132
134
102
117
118
109
108
126
116
108
108
124
111
122
120
147
123
137
107
111
127
129
124
113
125
112
106
140
123
120
109
126
120
132
114
123
113
120
119
117
125
115
127
114
120
120
102
108
129
117
115
129
120
127
139
134
119
119
118
136
119
124
121
126
130
131
131
124
127
138
130
134
140
111
109
129
141
116
127
116
129
128
115
114
129
126
129
129
126
117
116
116
117
118
107
138
109
104
113
106
118
124
109
106
110
111
105
117
116
110
115
111
97
123
107
87
118
97
105
111
122
113
93
97
91
96
113
114
98
116
104
112
96
104
106
101
131
80
121
95
114
92
97
125
103
104
108
102
134
97
106
100
76
104
110
91
103
93
98
103
102
102
118
114
98
97
104
101
98
77
110
103
105
83
94
98
95
99
88
109
109
104
98
88
139
96
85
88
106
91
113
87
95
92
110
98
110
105
117
113
121
105
97
113
109
111
98
95
110
99
106
82
102
94
99
93
108
99
84
87
104
85
85
98
108
111
93
99
94
104
96
91
108
109
104
101
121
106
119
110
93
107
94
106
88
96
110
89
102
94
98
100
96
103
107
108
93
103
109
101
110
87
85
108
110
100
111
106
110
117
102
103
111
120
109
106
100
101
98
94
111
114
113
104
98
111
97
100
101
103
116
104
105
118
98
100
103
115
113
98
93
117
88
116
106
120
132
128
102
122
111
112
101
126
105
123
119
137
120
119
115
120
133
124
116
119
112
131
134
114
110
132
130
116
128
132
109
106
112
105
104
119
126
132
126
148
101
108
132
112
113
128
123
98
136
119
114
137
119
122
113
127
104
104
104
118
124
110
106
98
113
96
104
95
103
94
94
101
96
108
71
84
87
70
101
68
81
78
90
69
79
74
77
85
75
77
65
76
78
70
77
69
68
66
70
81
71
67
88
71
71
64
67
67
73
63
69
69
84
76
74
58
53
76
55
80
65
79
69
57
77
60
66
75
62
69
71
69
68
61
74
58
74
73
63
59
80
67
65
58
66
64
69
62
54
77
52
57
66
63
65
72
87
50
65
64
69
59
68
79
61
64
70
77
61
59
64
53
60
58
47
58
56
65
70
67
74
66
71
57
52
72
67
79
72
49
65
58
67
69
64
73
59
57
73
65
67
72
65
70
55
65
69
38
78
75
50
63
65
46
59
60
58
64
55
57
61
60
67
55
62
47
81
61
72
45
64
76
73
66
63
67
58
51
69
71
61
61
74
61
49
59
56
64
53
67
63
64
56
57
55
64
62
60
63
70
55
51
58
72
63
67
67
57
61
66
58
66
58
54
41
65
65
60
59
71
78
56
55
58
62
71
68
58
57
62
45
58
65
54
61
61
53
62
50
65
64
73
73
53
63
71
67
65
57
61
64
70
56
63
57
63
65
65
57
65
60
79
63
71
51
69
76
68
69
64
61
59
74
49
66
72
68
73
51
59
65
57
58
67
85
64
56
63
66
61
52
80
76
51
74
62
60
64
52
52
62
70
63
57
50
52
58
48
58
65
57
87
67
63
60
59
68
66
60
50
67
61
51
56
56
54
61
40
59
68
67
55
61
51
62
62
73
54
52
63
64
71
46
51
53
60
64
51
62
58
54
54
74
55
68
44
66
59
62
65
56
62
56
69
45
63
55
57
62
47
67
55
68
49
57
51
62
72
69
53
54
67
74
64
62
63
71
63
55
62
49
46
63
63
72
65
60
68
71
56
56
84
75
69
73
60
67
75
79
56
58
70
50
52
83
55
75
68
57
47
74
71
66
67
64
80
78
56
75
66
74
52
61
69
69
69
81
63
61
71
65
71
66
71
62
74
67
61
69
58
69
74
66
85
76
65
60
84
62
76
63
65
53
81
83
78
69
87
67
65
71
61
70
64
68
78
82
70
81
60
75
62
72
80
106
64
80
72
95
85
89
79
76
91
79
88
76
76
67
81
71
80
102
107
78
86
88
90
91
100
96
96
101
87
85
85
93
103
104
86
88
77
91
76
93
107
85
95
104
101
103
86
101
104
105
88
83
99
82
90
73
96
92
87
77
95
89
77
81
82
85
77
64
83
71
64
70
73
67
56
70
60
53
47
33
51
51
46
47
45
46
39
40
47
33
32
29
37
48
31
30
36
43
29
25
28
35
32
32
36
24
24
31
20
27
23
30
24
32
20
31
19
28
29
26
32
24
23
17
23
27
19
32
20
24
24
22
23
24
27
15
26
19
22
24
31
23
28
34
22
26
26
25
32
24
28
26
21
19
24
23
28
22
24
27
19
31
29
28
22
32
21
26
21
25
24
18
24
19
29
23
27
29
24
15
33
25
24
30
23
25
19
31
28
22
19
26
20
21
23
24
28
33
21
23
31
24
24
20
20
28
24
35
27
25
22
22
25
27
20
20
27
32
33
21
28
31
17
17
23
28
20
22
25
25
24
23
21
19
32
26
18
33
29
24
25
26
30
18
20
24
28
21
31
23
26
20
31
23
21
28
28
26
25
26
26
23
26
32
22
29
28
27
21
35
25
26
24
29
26
39
18
20
20
25
20
29
26
31
28
33
28
19
31
37
31
22
28
23
32
26
27
24
27
34
18
29
31
26
26
30
42
30
30
33
29
29
29
28
28
32
31
26
27
35
31
27
40
30
29
26
36
39
34
32
30
30
32
36
25
43
34
29
27
25
28
24
31
32
39
22
31
30
28
23
21
31
37
39
25
19
30
27
30
25
22
30
20
34
29
20
22
22
14
20
24
21
18
24
16
17
23
16
23
19
14
16
8
15
12
14
17
15
17
17
17
11
20
12
19
18
12
21
7
9
15
9
19
10
10
14
20
11
9
18
10
9
13
8
12
11
12
11
13
15
15
24
9
17
16
15
18
9
8
14
10
16
10
8
12
13
12
12
11
9
11
8
10
9
9
13
14
10
10
14
14
9
18
10
7
13
5
12
12
12
14
15
13
14
10
9
16
10
18
12
6
12
7
14
6
12
15
10
13
7
12
12
12
9
22
9
10
9
13
16
19
11
15
22
11
13
19
9
11
7
9
16
14
15
11
13
8
11
16
10
11
11
11
14
15
8
11
9
8
12
11
13
10
14
9
13
11
11
9
10
14
13
11
12
11
16
11
14
11
7
7
10
19
17
11
9
15
8
10
8
11
16
16
16
13
8
12
12
12
14
8
10
8
10
12
7
16
8
11
11
15
11
11
8
22
12
15
10
16
11
10
12
11
11
16
11
6
12
12
8
16
9
8
15
12
6
11
13
8
16
15
18
10
7
16
12
13
13
16
15
15
11
7
17
12
10
17
13
14
9
16
8
11
15
11
10
16
10
7
15
11
18
6
11
15
12
14
14
17
14
8
8
19
11
10
12
11
6
10
17
14
8
15
17
10
16
10
14
6
10
11
7
10
14
12
13
12
13
9
9
10
10
9
16
15
13
17
14
9
8
15
11
10
4
12
13
11
10
8
16
9
13
12
11
11
7
10
14
15
18
15
10
6
8
7
10
12
9
7
12
10
11
11
10
7
8
7
13
3
15
10
6
8
8
5
8
9
8
7
18
6
16
9
10
11
9
14
8
9
8
10
6
15
2
9
15
5
15
10
11
12
11
4
10
7
9
11
7
7
8
15
13
8
11
10
8
11
9
9
5
9
9
4
11
10
10
13
12
11
13
5
5
8
14
9
9
11
9
11
5
8
6
5
10
9
6
7
5
9
7
12
14
1
8
11
11
4
13
11
14
6
13
4
10
8
4
9
11
7
13
7
11
7
7
12
12
8
6
10
2
9
6
11
12
13
8
8
2
11
7
8
13
4
10
7
7
8
3
7
10
8
14
14
12
4
9
9
9
4
8
6
8
10
8
10
14
7
7
9
8
7
10
7
10
6
7
14
8
7
7
7
7
11
6
13
6
8
9
8
12
10
15
10
13
18
13
11
12
13
7
13
7
5
10
10
10
13
7
14
9
14
9
9
10
9
9
9
14
9
15
7
15
8
11
10
13
15
4
7
6
16
12
10
12
6
10
11
9
11
10
9
9
12
10
4
8
13
8
14
13
9
7
8
5
12
10
10
7
7
9
8
7
4
11
6
4
9
10
7
8
12
12
9
15
9
8
12
6
8
15
14
6
11
11
8
3
9
9
12
6
6
5
8
3
6
7
10
8
6
6
11
3
9
9
7
8
8
10
16
11
11
4
9
10
5
6
8
6
11
7
8
4
7
11
3
11
5
10
6
12
13
8
9
7
10
16
7
11
8
7
7
12
6
12
3
10
14
10
8
15
3
7
7
3
9
7
9
11
11
7
7
11
6
6
10
3
4
10
8
10
8
9
4
5
12
9
7
5
4
7
11
4
6
4
7
6
13
5
9
10
9
8
11
4
10
8
10
10
11
5
4
5
4
8
5
14
5
2
7
9
13
9
2
3
9
7
8
7
5
7
6
6
8
10
7
9
10
4
6
11
9
10
4
4
5
9
4
8
9
6
9
12
1
10
3
6
13
8
7
8
9
3
8
7
6
3
13
8
10
3
7
4
5
6
9
7
5
8
5
4
6
8
6
3
6
9
8
8
6
12
2
9
2
6
6
6
13
7
5
7
6
12
6
8
8
7
11
9
11
8
5
3
6
6
9
7
9
5
4
3
7
7
5
8
7
7
8
7
3
6
3
8
7
1
9
12
9
7
5
5
7
7
6
5
5
4
3
6
6
7
6
5
5
5
4
8
5
8
7
8
8
7
6
6
9
6
6
5
7
7
4
8
10
7
9
10
4
2
7
4
6
5
3
5
8
3
6
9
6
3
10
4
11
7
8
6
6
9
7
7
10
14
6
4
9
6
8
5
6
14
9
7
4
6
12
9
6
7
6
8
6
6
4
5
6
9
4
8
8
5
9
8
5
4
3
12
11
5
11
6
5
3
9
8
5
8
8
8
11
7
6
7
7
5
7
9
8
9
10
9
7
6
7
4
9
9
6
4
7
4
8
6
7
5
8
6
14
3
10
1
11
4
9
11
4
4
9
8
10
13
9
8
11
5
7
6
5
5
8
8
5
12
6
9
7
5
9
9
9
4
10
5
8
7
5
6
8
6
7
8
2
2
6
4
5
8
8
14
2
6
6
5
6
6
6
5
2
5
2
11
5
6
7
13
8
11
3
5
3
5
5
7
4
4
5
7
5
6
10
11
10
5
3
7
6
7
13
5
9
6
4
7
7
6
4
4
6
5
9
4
3
6
3
4
2
6
8
5
5
9
9
7
6
9
8
8
5
4
6
11
4
6
4
4
6
6
6
5
4
12
5
6
7
5
3
5
3
4
8
4
10
6
8
8
2
5
5
5
4
5
7
3
0
6
6
8
6
7
12
5
7
5
6
7
4
9
10
4
6
7
10
6
6
7
10
7
4
7
5
4
6
5
8
6
6
4
10
6
6
4
5
2
5
8
7
5
7
3
6
3
5
5
4
5
6
8
5
5
6
8
13
6
8
6
7
9
4
8
8
10
7
7
3
6
2
8
7
5
7
7
8
6
6
11
6
8
7
12
7
7
4
4
6
6
5
5
2
6
6
4
3
9
7
7
4
4
3
5
6
6
3
7
6
5
7
5
3
4
8
3
7
6
8
6
8
7
6
7
2
8
4
2
4
10
7
6
8
2
3
7
5
9
4
7
3
4
5
3
6
8
6
5
5
11
6
4
7
8
8
5
5
8
3
5
5
6
3
9
4
4
9
6
6
7
3
4
8
6
8
4
7
6
8
4
9
7
7
4
4
5
8
7
2
5
8
6
4
5
4
5
4
8
2
2
7
9
5
9
6
6
2
6
4
4
5
4
4
3
2
6
5
11
1
7
4
9
1
4
5
8
5
6
7
5
2
4
4
6
2
6
1
5
1
10
7
4
5
6
6
6
6
4
6
2
5
4
0
4
10
3
5
11
7
5
4
6
9
4
3
6
2
4
5
5
1
7
3
1
6
3
7
9
2
8
5
7
4
7
4
2
4
6
2
2
4
2
3
5
6
2
10
3
7
3
3
5
8
5
3
5
10
3
8
5
4
5
2
8
4
5
6
7
3
5
6
2
3
9
3
3
3
4
4
6
6
5
2
4
6
4
5
2
5
5
3
5
3
4
2
3
11
1
4
7
2
4
2
9
6
3
5
6
3
4
6
5
4
5
4
5
6
4
8
7
1
5
3
1
5
2
2
3
3
5
4
3
11
6
6
8
9
7
2
7
3
4
6
4
8
0
4
3
4
3
7
4
3
9
7
7
7
4
5
6
9
4
6
6
2
2
1
4
8
5
5
3
4
6
3
1
5
6
6
10
4
3
7
4
3
4
5
5
4
4
6
5
4
4
4
2
7
3
2
2
4
3
6
5
4
7
4
9
5
3
3
1
6
7
4
8
4
3
4
2
5
8
3
8
7
4
6
4
2
7
7
4
6
2
8
4
4
3
3
1
5
2
5
8
6
7
6
4
6
6
5
3
7
6
4
9
1
3
10
1
6
4
8
0
2
7
5
7
4
4
4
2
5
6
4
6
6
2
5
5
3
3
8
10
6
9
7
4
5
2
9
3
5
2
6
5
9
7
4
8
2
8
9
5
4
9
6
4
11
2
6
4
4
3
4
11
4
5
11
9
8
8
6
6
8
8
7
4
10
7
10
6
5
8
12
8
10
4
9
5
11
11
9
8
12
12
7
10
6
1
6
6
7
7
9
9
14
6
6
8
8
11
10
11
10
5
6
7
8
5
5
8
6
9
7
5
4
8
9
6
4
12
7
7
6
6
2
14
2
6
10
9
3
3
4
2
4
4
4
9
5
5
2
8
5
3
1
4
7
6
4
2
2
6
3
4
5
4
6
5
3
2
3
5
7
2
2
0
3
4
7
6
5
6
4
3
6
7
5
3
8
11
2
6
3
5
5
5
1
5
7
6
2
3
3
4
4
5
4
1
5
6
4
7
2
1
3
3
4
2
2
5
3
2
3
2
5
6
7
4
4
2
4
2
4
3
5
3
4
5
2
5
9
3
6
5
3
4
3
5
8
3
4
5
2
5
7
5
7
8
7
4
3
7
1
5
5
6
4
4
4
2
5
4
5
1
4
6
5
5
5
5
3
7
6
2
2
4
2
6
2
2
7
5
2
5
3
5
7
4
2
7
7
5
3
5
6
10
6
2
7
7
3
8
1
6
3
2
4
4
6
6
8
7
4
6
5
4
3
4
5
5
2
4
5
9
6
4
5
2
4
7
8
5
3
4
2
2
8
3
5
4
5
4
10
7
3
4
2
4
8
3
3
1
2
6
6
4
5
4
4
7
3
6
5
3
1
8
6
4
6
3
7
2
3
3
2
0
6
2
4
5
4
5
2
4
3
1
4
6
5
6
3
3
5
5
6
5
6
2
2
2
2
7
1
8
1
7
3
5
7
2
4
4
5
4
3
3
3
5
2
3
6
2
6
5
5
3
3
3
8
4
2
7
3
3
5
5
4
8
0
2
1
2
5
6
5
6
4
3
2
4
6
5
3
3
8
2
6
5
5
6
0
5
5
5
4
4
0
7
3
6
7
5
2
4
5
4
3
4
4
5
2
6
8
4
4
7
2
3
4
5
4
2
9
2
5
1
4
2
4
7
10
5
5
7
2
7
3
6
2
4
10
3
5
2
4
4
4
5
6
3
2
6
4
2
4
2
3
4
4
4
7
6
3
3
2
2
5
2
2
6
5
3
3
1
3
3
1
5
6
1
4
3
5
6
6
3
1
4
4
1
3
2
4
6
3
2
4
6
4
5
5
2
4
2
1
7
2
3
5
3
4
5
4
4
4
2
3
4
2
4
5
2
2
3
5
6
5
6
3
3
7
4
6
4
4
2
2
0
4
1
3
8
1
7
4
2
5
4
5
2
6
4
3
4
4
0
9
4
5
2
3
7
6
9
7
4
3
1
5
6
7
3
3
3
6
5
7
9
5
3
5
7
7
7
5
5
4
3
5
4
8
8
8
9
2
3
11
6
10
7
5
10
9
7
7
6
7
4
7
7
9
4
6
4
11
8
9
9
4
8
7
9
5
5
6
4
6
9
7
2
9
2
7
5
10
6
2
2
4
4
3
9
7
5
5
7
7
7
5
8
7
6
4
5
4
1
6
6
4
3
4
6
2
4
4
5
1
8
2
4
2
1
4
2
4
11
4
2
3
5
5
4
2
3
2
2
5
6
3
6
5
2
8
2
2
2
4
5
5
7
5
3
6
3
4
4
4
3
4
2
2
4
2
6
4
3
3
3
3
3
2
4
3
4
7
2
3
2
5
1
8
2
3
1
0
2
3
1
2
6
9
3
4
2
6
3
4
2
4
2
0
3
5
4
5
3
3
5
7
3
5
5
1
5
1
1
2
3
6
2
3
7
3
1
2
3
5
1
4
2
2
2
4
4
0
5
5
3
3
0
4
3
3
7
3
9
5
0
2
3
5
3
3
3
2
3
2
3
5
3
4
7
3
3
3
4
2
4
1
5
1
5
4
5
3
3
5
3
3
3
3
5
3
6
1
0
1
4
7
4
5
2
4
5
5
3
4
5
1
3
4
5
2
1
2
1
4
6
5
5
4
1
3
4
4
3
3
3
4
3
1
3
2
1
2
5
7
2
4
2
5
4
7
1
4
1
3
4
1
3
4
5
2
7
6
2
3
2
2
8
1
1
3
5
4
2
6
5
3
1
5
4
2
5
1
4
4
3
2
4
5
2
4
3
4
5
6
3
4
4
2
5
6
4
2
2
5
3
2
5
1
1
2
3
4
2
5
2
2
3
2
2
1
9
2
4
1
1
2
2
2
4
2
1
4
6
4
2
4
3
1
1
4
2
2
4
0
1
4
0
5
5
4
3
4
3
2
1
2
2
4
1
4
2
5
0
2
3
1
3
2
4
4
5
4
4
2
1
3
3
2
3
6
3
2
4
2
6
5
2
3
6
4
2
4
3
2
7
2
1
3
4
3
4
0
2
3
2
2
2
0
2
0
4
8
6
5
4
4
3
1
0
2
1
1
1
3
6
1
1
1
0
5
1
4
3
1
0
1
4
8
2
6
6
3
5
3
3
5
3
7
2
2
2
4
4
5
2
5
4
1
1
3
1
3
3
7
4
2
3
6
3
6
1
3
3
3
3
2
2
2
5
7
1
2
4
2
1
4
3
1
5
1
5
5
4
0
3
5
1
4
4
1
4
3
4
3
4
1
2
5
0
1
3
2
2
3
1
4
1
3
2
4
3
3
6
4
7
4
3
4
1
3
5
6
2
1
3
1
1
5
2
5
1
4
4
0
4
4
2
2
2
2
5
1
5
2
2
2
7
1
3
4
2
3
4
4
5
2
3
1
3
3
2
3
2
3
4
0
6
5
4
1
3
3
2
5
2
2
1
4
4
1
2
3
3
3
2
2
4
3
5
5
0
3
4
1
0
8
1
6
3
4
5
0
4
2
3
7
4
0
1
5
6
4
6
2
3
3
3
2
3
5
6
3
2
2
5
3
3
4
1
0
5
2
3
4
2
2
3
2
2
4
2
1
0
1
6
4
4
1
4
2
2
5
3
4
3
4
3
3
0
4
2
1
2
3
3
4
5
2
3
2
3
1
1
3
2
2
2
1
0
3
1
0
2
3
3
5
3
5
3
2
1
2
2
3
3
5
8
4
3
2
5
4
6
4
2
4
4
4
3
1
1
3
2
1
2
3
4
0
2
5
3
1
4
3
3
2
3
3
2
3
4
3
4
2
1
7
3
1
3
4
5
4
4
2
3
2
0
2
1
2
0
3
3
4
2
4
4
5
1
5
0
3
2
2
0
1
4
1
1
2
5
1
8
1
2
3
3
2
0
4
2
4
3
1
2
0
4
6
2
1
5
1
2
1
2
5
1
5
2
3
3
2
5
5
2
5
1
3
1
0
2
5
3
5
2
1
4
0
2
4
0
3
4
3
0
0
4
0
1
3
3
0
1
0
0
2
7
1
7
4
3
2
2
4
4
3
2
3
5
1
1
3
4
1
0
1
2
2
1
4
1
6
4
5
2
1
3
4
1
4
3
5
2
5
3
2
2
2
1
2
2
5
3
4
4
2
2
4
4
3
3
5
2
2
3
3
5
1
1
7
3
2
2
4
2
1
5
3
2
1
1
3
2
0
5
2
5
4
0
1
4
7
1
2
0
2
4
4
3
6
3
2
5
1
2
4
2
3
3
2
2
2
3
1
6
5
1
1
2
2
3
2
1
2
4
1
2
1
4
1
2
3
3
2
5
4
1
5
4
3
2
5
1
3
5
2
1
1
4
2
2
3
1
0
2
1
3
5
4
0
6
3
2
2
2
1
0
3
2
4
7
3
2
2
3
0
1
3
0
4
1
2
3
4
7
2
2
4
2
3
2
0
0
5
5
4
1
3
3
0
1
1
1
3
4
4
0
2
1
3
0
2
4
9
7
4
2
2
2
2
3
4
6
6
2
2
0
4
6
2
2
0
2
6
1
7
2
2
3
2
5
4
2
6
4
6
1
4
3
3
1
1
4
4
5
6
3
1
1
4
1
2
3
0
6
2
2
2
0
1
3
3
2
2
3
0
1
3
2
1
2
1
5
2
3
5
4
0
6
4
6
3
3
1
2
5
4
3
3
3
2
2
1
2
5
4
0
1
0
4
4
1
1
1
3
3
3
2
5
2
3
4
2
1
1
2
2
2
1
4
0
5
2
3
0
2
0
4
2
1
1
2
1
3
1
1
3
1
4
2
3
2
3
1
3
4
1
1
1
3
3
1
0
2
4
2
1
3
4
0
2
1
3
2
3
1
0
1
1
0
3
3
1
3
2
4
0
1
2
4
3
2
3
3
4
1
1
5
3
4
1
1
3
1
1
2
2
4
6
2
2
3
4
4
0
0
3
2
2
3
1
5
3
7
2
4
4
2
2
1
1
4
0
4
1
2
2
1
2
3
2
0
3
0
2
1
7
0
5
2
3
3
3
2
2
1
1
3
0
5
2
2
0
1
4
5
3
1
1
3
3
5
4
4
4
2
2
4
0
4
5
3
0
1
3
2
2
2
1
4
4
2
3
2
4
2
2
3
3
3
0
3
5
6
2
1
4
3
2
1
0
3
0
2
0
5
1
3
0
1
3
1
1
4
3
4
1
2
0
3
1
4
7
3
3
5
1
3
1
2
3
1
1
6
1
2
3
1
1
2
2
3
2
1
2
3
3
1
3
4
1
4
1
1
3
3
5
4
3
4
1
1
2
1
2
0
5
4
2
3
2
2
3
5
0
1
2
6
3
4
3
3
2
1
1
1
5
2
2
2
2
1
1
2
1
4
0
3
3
6
3
2
3
1
1
1
1
0
3
5
1
1
2
1
2
1
3
3
2
0
2
1
2
1
2
3
3
1
1
3
2
2
3
2
0
1
2
4
1
4
2
2
2
3
3
2
3
3
2
1
6
3
3
3
1
1
6
2
5
4
3
4
2
0
2
6
2
4
5
4
1
5
1
1
6
5
4
8
4
6
3
4
2
6
6
6
4
7
5
6
5
3
2
5
2
6
2
5
7
6
6
2
4
3
4
5
5
5
2
4
6
6
1
5
5
5
7
8
4
6
2
0
4
4
6
5
4
2
6
4
1
4
3
2
7
2
4
3
2
3
5
1
3
2
0
2
5
3
1
6
1
4
5
1
2
1
7
1
1
1
3
1
2
2
1
2
2
3
3
0
5
2
3
1
1
0
2
3
0
5
2
3
7
2
3
2
4
2
2
2
1
2
3
3
1
3
3
4
2
2
2
0
3
2
3
2
1
2
3
3
3
4
4
4
2
4
3
2
3
1
5
1
3
3
3
1
3
4
2
2
1
2
3
6
2
1
1
4
4
3
5
0
0
4
0
2
1
5
4
2
0
1
3
2
2
1
0
1
1
2
1
3
4
2
3
3
4
2
1
1
1
1
4
2
2
1
1
2
1
2
4
2
2
4
2
4
4
4
3
3
1
5
2
0
7
2
1
4
1
3
0
3
2
1
1
3
3
3
4
1
4
3
3
2
2
2
2
4
3
4
4
6
0
2
2
4
2
5
1
6
1
1
2
3
5
0
3
3
2
2
3
3
3
4
3
3
2
5
2
5
3
1
3
1
2
3
4
1
4
4
4
2
1
1
2
1
1
1
3
2
1
2
4
1
1
0
1
5
6
1
2
4
3
2
1
3
7
1
1
1
3
2
2
4
1
2
2
3
1
1
3
4
2
0
3
3
2
2
2
2
3
5
0
1
2
3
4
3
1
4
3
8
2
1
3
2
1
1
2
1
4
3
2
5
3
1
1
4
2
4
3
4
2
3
4
2
5
2
3
1
2
5
4
5
2
2
2
4
1
2
3
2
5
3
1
5
3
3
4
3
2
4
1
5
1
1
4
1
2
2
1
2
2
3
4
3
2
0
1
2
4
4
4
1
4
3
2
3
4
3
5
1
4
4
5
2
3
2
2
2
3
2
2
1
1
0
3
2
2
2
2
1
4
7
1
0
1
2
1
3
0
5
2
2
2
4
1
4
2
1
1
3
3
1
2
1
1
0
1
1
1
2
1
4
2
0
3
2
1
3
5
1
2
1
1
0
1
4
2
4
3
4
1
1
1
1
1
2
4
2
4
3
0
1
1
2
7
1
0
3
1
3
1
0
0
3
4
2
3
4
0
2
3
4
0
0
4
3
2
2
2
1
3
3
2
4
4
3
2
1
1
0
2
1
3
4
6
2
1
4
1
3
1
1
2
3
2
2
3
3
2
2
3
2
0
1
3
1
2
3
1
3
1
1
2
6
2
3
4
3
3
1
0
1
2
1
4
0
1
0
3
2
1
1
3
3
3
3
0
0
3
2
3
3
5
4
3
4
1
3
3
0
4
1
2
3
2
0
0
2
3
1
3
5
0
0
2
0
4
3
1
2
5
3
0
3
2
4
2
2
5
1
7
3
1
0
1
2
2
0
3
2
0
3
4
2
3
2
3
3
1
5
5
0
4
2
1
3
3
0
1
2
1
3
3
3
3
2
2
2
1
2
2
0
4
7
3
3
3
0
2
2
1
1
5
2
2
2
2
4
4
2
6
3
3
1
2
1
3
2
2
1
1
2
1
2
0
1
2
4
3
3
2
1
3
4
2
4
0
3
4
3
5
3
1
1
1
3
2
2
2
2
1
3
1
1
1
3
2
4
2
3
2
2
6
4
3
1
2
3
2
2
3
0
7
2
1
1
4
3
3
3
3
3
2
0
2
5
2
4
4
2
4
2
3
5
3
1
4
2
3
2
1
4
3
3
1
3
4
1
0
5
2
3
5
3
2
3
0
5
4
2
1
0
4
2
3
2
1
1
1
9
1
2
2
1
2
1
0
1
3
0
2
2
2
2
1
3
1
4
3
0
5
1
1
3
3
1
1
1
1
1
3
1
1
1
3
1
0
0
2
1
1
1
2
4
1
5
3
3
3
0
3
2
1
4
3
1
0
1
3
3
5
3
1
0
3
2
0
3
1
3
2
2
0
4
3
3
4
3
1
2
2
1
2
4
0
5
2
0
2
0
2
2
4
0
3
6
3
2
1
2
2
6
2
4
1
4
7
0
0
1
2
0
2
1
4
4
2
1
0
4
3
2
3
4
0
3
4
2
1
1
2
2
2
3
1
4
3
2
2
1
2
2
2
1
0
0
2
3
1
4
1
2
1
1
2
5
0
4
2
1
1
2
3
1
1
2
3
7
3
4
3
2
1
1
5
2
1
5
2
1
4
1
0
4
4
3
2
3
1
3
4
2
3
3
6
1
1
2
1
1
3
1
3
0
0
3
1
4
1
4
3
4
2
1
3
0
3
4
1
2
1
2
1
2
2
0
0
3
0
1
4
0
0
2
1
3
2
3
2
4
1
2
4
2
3
4
1
1
4
1
2
3
0
1
0
2
6
0
2
1
3
3
4
1
2
1
1
1
0
0
2
1
1
4
3
0
3
3
2
1
3
1
1
2
0
3
4
0
2
5
3
2
2
3
1
0
0
2
0
2
2
3
2
1
1
5
3
1
3
0
3
3
3
1
4
3
7
2
1
3
2
0
0
1
3
0
5
1
2
2
2
1
4
1
2
3
4
4
3
2
4
3
1
7
4
3
1
2
1
4
3
1
4
1
0
1
1
2
1
1
0
2
3
2
4
0
1
1
3
2
3
4
2
2
1
2
2
2
1
3
1
2
2
3
1
0
2
1
1
3
3
3
2
5
1
4
1
1
1
3
2
3
4
2
2
4
2
2
2
0
2
3
4
5
2
4
1
2
2
4
3
1
4
1
2
2
0
0
4
2
5
2
2
2
5
6
1
2
2
3
1
5
2
3
3
2
1
2
5
3
1
1
3
2
4
0
5
4
2
0
3
3
2
3
3
2
0
2
1
3
4
4
1
1
6
1
1
2
0
1
1
1
2
3
5
1
2
6
0
1
1
0
3
2
0
4
0
2
2
3
3
0
2
0
2
2
2
0
1
1
1
1
2
4
1
2
1
4
2
3
3
3
0
0
4
3
3
2
1
1
1
1
0
0
3
0
1
2
2
1
2
2
4
2
3
1
3
0
2
2
2
3
2
0
2
3
4
1
1
0
2
1
5
3
0
2
2
2
2
2
3
4
3
2
1
1
1
5
2
1
1
3
2
0
1
1
1
3
2
4
1
1
0
2
3
0
1
2
2
1
2
0
1
2
5
1
3
1
2
1
2
3
0
1
2
2
4
3
0
3
0
3
1
1
2
2
1
1
2
2
1
2
1
0
0
3
2
0
3
0
2
1
1
1
2
3
1
1
0
1
1
0
1
4
4
0
0
1
2
1
1
2
1
2
3
1
1
2
0
0
0
2
1
2
0
1
3
2
1
0
0
4
2
2
0
1
0
1
1
3
3
2
2
2
4
0
4
1
1
0
2
1
3
0
2
1
0
3
1
1
0
0
1
2
2
3
5
1
2
3
1
1
0
1
3
1
1
4
1
0
2
0
1
2
1
1
0
2
4
0
3
1
3
1
1
1
0
1
2
0
0
0
3
1
1
3
2
1
1
1
2
2
1
1
1
2
1
2
3
0
1
3
2
2
2
2
2
1
3
0
3
0
1
1
2
2
0
2
2
1
3
5
1
2
1
2
0
2
0
2
0
3
2
2
1
2
1
3
0
4
1
1
2
1
1
2
6
2
1
3
2
0
2
2
1
0
2
2
0
2
3
1
2
0
0
0
0
1
2
2
0
2
0
3
2
2
3
1
1
0
1
0
4
2
2
1
3
1
2
3
2
1
0
2
1
1
3
0
0
2
2
2
3
1
2
2
1
4
1
3
1
1
2
5
3
1
2
3
2
5
2
0
1
3
2
0
4
4
1
4
3
3
1
0
5
1
1
0
1
1
2
1
2
2
2
4
0
0
2
1
1
0
2
1
0
2
0
1
5
1
2
0
2
4
0
0
0
3
2
3
1
3
3
2
2
1
1
1
2
3
0
0
1
1
3
2
2
1
1
1
2
0
2
0
0
0
0
2
0
2
1
1
2
0
1
2
1
1
0
2
1
0
0
1
1
1
1
2
3
2
1
1
1
1
1
2
3
3
1
0
2
0
1
1
0
0
0
3
2
1
3
3
3
1
2
0
1
1
0
1
0
2
1
0
0
0
0
3
0
1
1
0
0
0
0
2
0
0
6
3
0
2
2
1
1
3
2
0
3
2
4
1
1
2
2
1
0
1
1
0
1
3
0
1
0
2
2
1
2
3
0
4
0
3
1
3
2
0
0
0
1
0
2
1
1
1
3
2
1
3
3
0
3
1
0
1
0
0
1
1
1
1
0
4
2
1
3
1
0
0
1
1
1
0
1
0
2
1
0
0
2
1
1
2
0
0
0
2
2
1
1
1
0
0
1
0
3
0
2
0
3
1
2
1
1
1
0
2
2
3
1
1
1
1
0
0
3
2
0
3
1
1
0
0
2
0
2
1
1
1
1
3
1
0
0
1
0
0
1
1
1
2
0
2
1
1
4
2
3
2
0
1
3
2
1
0
1
2
0
1
0
2
2
1
3
1
0
3
0
2
2
0
1
3
0
2
0
1
0
0
0
1
1
1
2
0
2
1
1
0
2
0
0
1
2
0
7
2
1
0
5
2
0
0
3
1
1
1
0
0
1
0
1
1
0
3
0
1
2
1
0
1
0
1
1
2
0
0
1
0
1
0
2
1
3
2
0
1
2
1
1
1
1
1
1
0
2
1
1
1
2
0
1
0
1
2
2
0
0
2
1
1
2
2
4
0
1
0
1
2
0
0
2
0
2
1
0
0
3
0
1
1
0
0
2
1
1
0
1
2
0
1
2
2
0
0
2
2
0
2
0
1
1
2
0
1
1
0
2
3
2
2
0
0
1
1
0
0
0
0
0
0
0
1
1
1
0
1
1
2
1
1
1
1
0
1
0
0
0
3
2
1
1
2
0
0
0
1
1
1
1
2
0
2
2
2
3
0
1
0
1
0
0
1
2
1
0
2
1
0
0
2
0
0
2
0
3
2
0
6
1
3
0
0
1
2
2
2
1
0
1
0
0
2
0
0
0
1
0
2
0
1
0
2
0
1
0
1
0
1
0
1
0
1
0
1
2
2
0
0
1
0
1
1
0
2
0
0
0
1
0
1
1
2
0
0
1
0
1
2
1
1
0
2
1
1
0
0
1
2
1
1
1
1
2
0
1
4
0
1
0
1
0
0
2
1
1
1
1
0
0
1
0
2
0
0
0
0
2
3
1
0
1
0
1
1
1
3
2
0
0
0
2
1
0
1
0
2
0
1
1
1
1
1
2
1
0
1
0
1
1
1
0
2
0
0
1
0
1
0
1
0
0
1
2
0
3
2
1
1
0
1
0
2
1
0
1
2
2
0
1
0
0
1
1
2
0
1
2
0
1
1
0
0
1
0
2
0
0
3
0
0
2
2
0
2
1
1
2
2
0
0
0
1
0
2
0
3
1
1
2
2
1
0
0
0
0
0
2
2
1
0
1
2
0
0
1
1
0
1
1
0
0
0
0
1
2
0
2
0
0
2
0
1
2
0
0
1
2
0
1
0
0
2
2
1
0
0
1
0
1
1
1
0
1
0
1
0
2
1
0
0
0
0
0
3
0
3
0
2
0
1
2
0
1
1
1
2
0
1
0
0
5
1
1
1
1
0
0
0
1
0
2
0
0
2
1
1
1
2
0
1
3
1
0
2
0
0
1
0
0
0
1
0
0
0
1
0
2
1
2
0
0
0
1
2
3
1
1
2
0
0
1
0
0
1
2
0
1
1
0
0
0
0
1
1
1
0
1
0
1
0
0
2
1
1
2
0
2
0
2
0
2
0
0
0
0
0
0
2
0
1
0
0
1
1
0
0
1
0
0
0
0
0
1
2
1
0
0
1
3
0
1
0
4
2
0
0
1
0
1
2
3
0
0
1
0
1
1
1
6
0
1
1
2
1
1
2
1
3
1
2
1
0
1
0
1
1
3
0
3
0
0
1
1
1
2
0
0
1
2
5
0
2
1
2
2
0
3
1
1
2
1
0
2
2
3
2
2
1
1
2
1
2
1
0
0
1
1
0
3
0
1
1
1
1
1
0
1
1
1
2
1
0
3
1
2
0
0
0
1
2
0
0
2
1
0
2
1
0
2
1
1
2
1
1
1
1
0
1
1
1
0
0
1
0
0
1
1
3
0
1
1
0
0
0
0
1
2
1
0
0
1
0
0
3
2
0
0
1
2
0
2
0
1
1
0
2
1
1
0
1
0
1
2
0
3
0
0
1
0
0
1
3
1
0
1
0
1
1
1
0
1
1
1
1
0
1
1
0
0
0
1
0
1
1
1
1
0
0
2
1
0
0
0
2
0
0
2
1
1
0
1
0
1
0
0
1
0
0
0
0
0
1
1
0
1
0
0
1
0
1
3
0
2
0
0
1
1
2
2
2
1
3
2
2
1
1
0
2
0
0
0
1
0
1
0
1
1
3
1
0
2
0
0
1
1
0
1
1
0
1
1
0
0
1
0
0
0
2
1
1
3
2
0
0
0
2
0
0
1
0
1
1
0
1
0
0
2
1
3
1
4
3
1
0
3
1
1
0
0
0
0
2
1
0
0
0
0
1
2
3
0
2
0
1
0
0
1
0
2
0
0
3
0
1
2
2
2
0
2
1
0
2
0
1
2
1
1
1
1
2
2
1
2
2
0
1
1
1
0
1
0
0
1
2
2
0
1
1
0
1
2
0
0
0
0
1
0
2
0
2
0
1
2
1
0
0
1
2
1
2
1
2
0
4
1
1
0
1
1
0
2
0
1
0
2
1
3
1
1
2
2
0
0
1
0
0
0
0
0
1
3
3
0
1
1
1
0
1
0
3
0
1
0
0
1
0
1
2
2
1
1
1
1
2
1
5
0
0
1
0
1
1
3
1
1
0
1
1
0
0
0
1
1
0
0
1
0
0
1
0
1
2
3
0
3
1
0
0
0
1
0
0
0
2
2
1
2
0
1
0
0
2
1
1
0
1
2
0
2
1
0
1
0
0
0
1
0
1
0
1
0
1
0
1
1
1
0
1
0
1
4
0
2
0
0
0
1
0
0
0
0
1
0
2
0
2
0
0
2
0
0
0
1
1
1
1
0
1
2
0
1
1
0
0
0
0
2
0
1
0
0
0
0
0
2
0
1
0
0
0
0
1
1
1
2
0
0
2
1
0
0
0
2
0
0
0
0
0
0
2
2
0
2
0
0
0
1
0
0
0
0
0
1
0
1
1
0
0
0
0
1
0
2
0
0
0
0
0
0
0
2
0
0
1
1
0
2
0
1
1
1
1
0
1
1
0
0
1
0
1
1
0
0
1
1
0
0
0
1
0
3
0
0
1
0
0
2
0
1
0
0
1
1
0
1
0
1
0
0
0
3
1
0
1
0
1
0
2
3
0
0
0
2
2
0
1
1
2
1
2
2
0
1
1
1
0
1
0
0
1
1
0
0
2
1
0
0
0
0
1
0
1
0
2
0
0
0
1
2
2
0
0
0
1
1
0
2
0
2
0
0
2
1
0
0
1
2
0
1
0
0
0
0
0
0
1
1
0
0
0
2
1
0
0
1
0
2
0
1
0
0
1
0
2
0
0
0
1
0
0
0
0
0
0
1
1
2
0
0
0
0
1
0
0
1
1
2
1
1
0
0
1
1
3
1
0
0
1
0
0
2
0
1
2
0
1
1
0
1
2
1
0
0
0
1
2
2
0
2
0
2
1
0
1
0
1
1
1
0
2
1
1
1
1
1
1
0
0
1
1
0
0
1
3
2
0
0
0
2
3
3
0
1
3
2
2
1
0
6
2
2
1
2
1
0
0
2
2
2
2
2
4
2
2
5
1
1
4
1
2
7
6
3
6
7
3
3
6
2
6
5
6
7
7
5
10
8
10
3
8
5
11
4
10
6
5
9
14
5
3
7
12
12
7
16
7
5
9
10
10
11
7
8
10
9
11
6
9
7
11
7
13
13
10
5
11
21
6
11
5
6
10
7
6
7
7
4
12
9
6
6
14
6
9
5
7
4
4
8
8
0
2
6
2
6
5
7
2
6
4
7
2
6
1
2
2
6
3
4
7
5
7
4
3
2
4
0
3
1
3
1
0
0
4
1
2
2
4
2
3
3
2
2
1
0
2
3
1
1
0
3
1
2
2
1
0
2
2
2
1
0
1
1
0
3
2
4
2
0
1
0
0
2
1
1
0
1
2
2
0
0
1
0
0
0
1
0
0
1
0
0
0
3
0
0
0
1
1
1
0
1
0
1
2
0
0
1
0
1
1
0
1
0
1
0
1
0
0
0
1
1
1
0
0
1
1
0
1
2
0
1
0
1
2
1
0
0
0
0
1
1
0
0
0
0
2
0
1
0
1
0
0
0
1
0
0
1
0
0
1
0
0
2
0
1
2
0
1
2
0
0
1
1
0
0
0
1
0
0
1
0
0
0
1
0
0
0
2
2
2
0
2
0
0
1
2
1
0
0
0
2
1
0
1
1
1
0
1
2
0
1
1
0
0
2
1
0
1
0
0
0
0
0
0
0
1
0
1
0
0
0
0
0
0
1
0
0
1
1
0
0
0
0
1
0
0
0
2
0
0
1
0
0
0
1
0
1
0
0
0
1
0
0
1
1
1
1
0
1
1
1
0
0
2
0
1
0
0
0
0
0
1
1
1
0
2
0
0
1
1
2
0
0
1
0
0
0
0
0
0
0
1
1
0
0
0
1
0
0
0
0
1
0
0
0
1
1
1
0
0
0
0
0
0
0
1
1
0
0
0
0
0
1
1
1
0
1
0
0
1
0
0
1
0
0
0
0
1
1
0
0
0
0
1
0
0
2
0
0
1
1
0
1
0
0
0
0
1
0
1
0
1
2
0
1
0
0
0
1
1
2
0
2
0
0
0
2
0
2
0
1
0
2
0
0
0
0
1
0
1
0
0
0
0
1
2
0
0
1
0
0
0
0
2
1
0
0
0
3
1
0
1
0
0
1
1
0
1
0
1
2
1
0
0
0
1
0
0
0
0
0
0
2
0
0
2
1
0
0
1
0
0
0
2
1
0
1
0
0
1
0
0
1
1
0
0
1
1
0
0
0
0
0
0
0
3
0
1
2
0
1
1
1
1
1
0
2
0
0
0
0
0
1
1
1
0
0
1
0
1
0
3
1
0
0
1
1
1
0
0
0
0
1
1
0
0
2
1
0
2
1
1
2
1
0
0
0
2
0
0
0
2
0
0
0
1
1
0
1
0
0
1
0
0
0
1
0
0
0
0
1
0
1
0
0
0
0
0
1
1
0
0
1
0
0
0
1
3
0
2
0
1
0
0
0
1
0
1
0
2
1
1
0
1
0
0
0
0
1
0
1
0
0
0
0
0
0
2
3
1
0
0
0
0
0
0
1
0
0
2
1
0
2
0
0
0
1
1
0
0
0
0
0
0
0
0
1
0
0
0
0
0
1
0
0
1
1
0
0
0
0
0
0
0
0
1
0
1
0
0
0
0
0
0
0
0
0
0
1
1
0
0
0
0
1
1
0
0
0
1
1
1
1
0
0
0
0
0
0
1
0
0
0
0
0
1
0
0
1
1
0
0
2
0
1
1
1
0
0
1
0
1
1
1
1
0
0
0
0
1
0
1
1
2
0
1
1
0
0
2
0
1
0
0
1
2
0
1
0
0
0
0
0
0
0
0
0
1
0
1
0
0
0
0
0
0
0
0
0
2
0
0
0
0
1
0
0
1
0
0
1
0
0
0
0
0
2
0
0
0
0
1
1
0
0
0
1
0
0
0
1
0
1
0
1
0
2
0
0
0
0
0
0
1
0
0
0
0
1
0
0
1
0
0
0
1
0
0
0
0
0
0
0
1
1
1
1
0
0
0
1
0
0
0
0
1
3
0
0
2
0
1
0
0
1
1
0
0
2
1
1
0
1
0
0
0
0
1
0
0
0
1
0
0
0
0
1
0
1
0
1
0
0
1
0
0
0
0
0
0
0
1
0
1
1
0
0
0
0
0
1
0
0
0
0
0
1
0
0
1
0
0
0
0
0
0
2
0
0
1
0
0
0
2
0
0
0
0
0
1
0
0
1
0
0
2
0
0
0
1
0
0
0
0
0
0
0
0
0
0
0
0
0
0
0
0
0
0
0
0
0
0
0
0
0
0
0
0
0
0
0
0
0
0
0
0
0
0
0
0
0
0
0
0
0
0
0
0
0
0
0
0
0
0
0
0
0
0
0
0
0
0
0
0
0
0
0
0
0
0
0
0
0
0
0
0
0
0
0
0
0
0
0
0
0
0
0
0
0
0
0
0
0
0
0
0
0
0
0
0
0
0
0
0
0
0
0
0
0
0
0
0
0
0
0
0
0
0
0
0
0
0
0
0
0
0
0
0
0
0
0
0
0
0
0
0
0
0
0
0
0
0
0
0
0
0
0
0
0
0
0
0
0
0
0
0
0
0
0
0
0
0
0
0
0
0
0
0
0
0
0
0
0
0
0
0
0
0
0
0
0
0
0
0
0
0
0
0
0
0
0
0
0
0
0
0
0
0
0
0
0
0
0
0
0
0
0
0
0
0
0
0
0
0
0
0
0
0
0
0
0
0
0
0
0
0
0
0
0
0
0
0
0
0
0
0
0
0
0
0
0
0
0
0
0
0
0
0
0
0
0
0
0
0
0
0
0
0
$ROI:
0
0
$PRESETS:
Live Time
0
0
