$SPEC_ID:

$SPEC_REM:
DET# 1
DETDESC# MCB 25
AP# ORCA (11.0h)
$DATE_MEA:
2017-08-13 15:57:30 +0000
$MEAS_TIM:
3577.56 4320.00
$DATA:
0 16383
0
0
0
0
0
0
0
0
0
0
0
0
0
0
0
0
0
0
0
0
0
0
0
0
0
0
0
0
0
0
0
0
0
0
0
0
0
0
0
0
0
0
0
0
0
0
0
0
0
0
0
0
0
0
0
0
0
0
0
0
0
0
0
0
0
0
0
0
0
0
0
0
0
0
0
0
0
0
0
0
0
0
0
0
0
0
0
0
0
0
0
0
0
0
0
0
0
0
0
0
0
0
0
0
0
0
0
0
1
1
2
35
1129
7650
14239
13754
12366
12112
11767
11653
11412
11775
11612
11786
12090
12243
12476
12509
12683
12741
13008
12803
13071
13322
13149
13040
12760
13100
12946
12921
12753
12837
12762
12742
12569
12483
12482
12477
12302
12443
12546
12281
12206
12488
12288
12250
12272
11885
12226
12090
12134
11669
12036
11868
11821
12184
11866
11835
11692
11714
11818
11589
11676
11738
11521
11394
11683
11805
11306
11506
11619
11339
11586
11191
11427
11523
11396
11221
11124
11247
11160
11271
10983
11228
11032
11178
10985
10924
10885
11202
11054
10935
11191
11001
10783
10881
11073
10955
10912
10867
10857
10829
10864
10835
10565
10667
10789
10521
10594
10797
10589
10565
10633
10569
10620
10525
10576
10638
10503
10473
10234
10367
10381
10434
10573
10478
10503
10354
10352
10272
10377
10266
10193
10261
10262
10322
10282
10364
10115
10289
10195
10035
10094
10168
10145
10133
10100
9996
10160
9904
10022
10079
10018
10232
10037
10041
9900
10110
9975
9800
9838
10088
9913
9921
9803
9861
9856
9609
10019
9769
9869
9855
9808
9816
9850
9872
9698
9690
9506
9743
9802
9792
9752
9640
9731
9709
9710
9629
9727
9607
9804
9734
9655
9594
9526
9567
9583
9608
9535
9437
9735
9591
9567
9346
9502
9458
9541
9595
9565
9404
9280
9604
9305
9502
9262
9284
9385
9534
9346
9186
9350
9292
9318
9421
9428
9357
9440
9259
9518
9261
9318
9164
9172
9370
9201
9437
9393
9201
9279
9209
9319
9221
9308
9214
9206
9157
9103
9174
8930
9193
9061
9265
9185
9115
8952
9113
9148
9195
9164
9005
9136
9122
9037
9039
8917
9084
8944
8920
9247
9032
8854
8866
8926
8977
8844
8977
8914
9009
8906
8911
8932
8894
8854
9008
8976
8770
8962
9121
9049
8958
8888
8888
8751
8746
8857
8934
8918
8854
8788
8866
8816
8867
8688
9004
8870
8950
8632
8856
8903
8814
8703
8684
8850
8678
8779
8649
8860
8768
8747
8644
8857
8722
8713
8660
8689
8601
8611
8530
8757
8566
8520
8923
8567
8617
8697
8412
8760
8657
8726
8552
8627
8495
8633
8562
8643
8738
8564
8647
8378
8542
8429
8570
8434
8468
8622
8437
8473
8483
8559
8579
8585
8603
8543
8525
8707
8442
8527
8543
8438
8624
8476
8514
8500
8541
8436
8393
8513
8577
8573
8499
8397
8327
8445
8320
8287
8392
8376
8494
8381
8478
8217
8410
8256
8325
8245
8311
8268
8318
8198
8224
8246
8525
8418
8334
8197
8309
8454
8241
8389
8419
8361
8273
8410
8357
8345
8353
8287
8334
8295
8280
8244
8330
8215
8358
8354
8219
8309
8210
8195
8273
8182
8155
8280
8096
8184
8191
8209
8159
8239
8180
8001
8072
8151
8197
8079
8222
8255
7991
8266
8200
8182
8285
8073
8118
8306
8051
8140
8147
8123
8130
8231
8150
8123
8140
8134
8094
8101
8075
8137
8157
8023
8118
8082
8151
8006
8300
7982
7940
7959
8076
8058
8095
8039
8092
8145
7875
8044
8015
8149
7906
8049
8062
7888
7875
8127
7924
7761
7917
8092
7917
7914
7908
7766
8165
7907
7958
7989
7991
7910
8021
8163
7976
8000
7899
7801
7873
7918
7919
7976
7939
7888
7839
7912
7892
7861
7953
8023
7765
7828
7983
7804
7947
7746
7885
7805
7979
7796
7948
8018
7866
7893
7802
7914
7926
7888
7770
7982
7719
7723
7834
7880
7724
7814
7750
7797
7804
7913
7871
7954
7923
8013
7817
7806
7771
7855
7992
7749
7766
7853
7821
7937
7861
7789
7741
7898
7829
7799
7856
7856
7879
7842
7840
7762
7736
7687
7777
7945
7832
7822
7859
7786
7753
7814
7911
7771
7762
7757
7876
7632
7867
7765
7716
7929
7772
7832
7691
7854
7861
7714
7793
7765
7796
7901
8004
8000
7752
7704
7695
7951
7834
7885
7892
7838
7728
7808
7772
7821
7812
7847
7845
7911
7714
7745
7968
7825
7716
7834
7871
7708
7797
7681
7869
7784
7815
7915
7744
7770
7825
7729
7955
7989
7873
7840
7759
7760
7832
7712
7777
7936
7896
7874
7673
7859
7995
8016
8057
7772
8055
8125
8045
7989
8063
7906
8105
8359
8120
8236
8263
8301
8395
8460
8454
8502
8613
8567
8517
8548
8845
8764
8801
9063
8908
8888
9127
9148
9240
9205
9164
9286
9397
9567
9388
9346
9572
9583
9636
9572
9804
9859
9676
9645
9773
9811
9644
9757
9860
9764
9770
9639
10001
9892
9942
9748
9990
10131
9992
10161
9862
10157
10168
10301
10311
10416
10625
11109
10936
11184
11536
11751
11802
11954
12050
11832
11398
11783
11416
11318
11173
10980
10977
10753
10755
10531
10449
10440
9992
10084
10060
9610
9950
9546
9561
9339
9258
9042
8888
8859
8687
8822
8708
8598
8468
8418
8256
8184
8263
8053
8188
7944
7850
7902
7780
7831
7613
7722
7571
7660
7524
7692
7648
7495
7611
7577
7583
7681
7564
7745
7435
7570
7557
7577
7500
7675
7522
7574
7713
7570
7695
7644
7637
7611
7530
7565
7610
7576
7481
7510
7674
7646
7563
7585
7550
7578
7490
7603
7532
7564
7614
7620
7582
7429
7530
7588
7605
7648
7713
7703
7698
7628
7679
7697
7729
7644
7695
7844
7612
7683
7875
7935
7956
7848
7890
7696
7699
7634
7773
7943
7769
7886
7793
7972
7819
7629
7889
7810
7792
7583
7953
8067
7858
7838
7918
7918
7790
7964
8082
7928
8068
7939
7993
8050
8147
7938
8084
7981
7994
7925
7926
7952
8068
8125
8201
8134
8336
8095
7963
8339
7981
7969
8030
8220
8117
8160
8016
8230
8173
8111
8197
8094
8346
8154
8239
8402
8298
8222
8179
8366
8194
8110
8296
8388
8451
8163
8347
8422
8293
8363
8354
8240
8257
8323
8477
8460
8478
8431
8333
8609
8491
8418
8489
8453
8300
8578
8604
8402
8451
8531
8559
8491
8543
8664
8533
8591
8412
8604
8522
8479
8554
8672
8504
8736
8656
8629
8783
8690
8620
8717
8664
8625
8711
8636
8825
8815
8628
8810
8811
8860
8777
8734
8692
8788
8823
8855
8841
8858
8692
8866
9052
8765
8750
9003
8831
8943
8919
8980
9040
8901
8888
8945
8827
9075
8959
8991
9011
8976
8938
8957
8921
9054
9017
9153
8880
8889
8837
8990
8982
9028
9025
9011
9030
9179
9094
9215
9117
8970
9219
9264
9177
9031
9184
9061
9189
9106
9109
9157
9409
9021
8996
9105
9372
9147
9289
9120
9142
9200
9288
9320
9304
9318
9122
9323
9322
9295
9247
9456
9259
9427
9164
9337
9433
9259
9373
9249
9449
9338
9350
9463
9303
9429
9406
9561
9318
9457
9328
9471
9307
9362
9512
9524
9569
9283
9411
9525
9681
9450
9384
9671
9425
9659
9601
9737
9384
9447
9573
9668
9446
9614
9453
9556
9558
9498
9540
9462
9558
9518
9699
9698
9804
9665
9739
9635
9601
9454
9844
9789
9620
9701
9703
9901
9703
9761
9752
9691
9690
9580
9977
9773
9898
9842
9632
9874
9673
9759
9693
9886
9727
9891
9783
9904
9822
9895
9931
9831
9795
9757
9862
10002
9721
10011
9867
9911
9638
10057
9912
9934
10071
10114
9668
10086
9937
9837
10079
10170
10068
10010
10089
10000
10090
10038
9959
9938
9956
10175
10006
10098
9930
10126
10065
10069
10099
10006
10188
10078
10194
10196
10144
10198
10138
10139
10216
10282
10157
10037
10149
10366
9963
10137
10166
10296
10130
10116
10387
10338
10248
10221
10242
10295
10279
10434
10449
10227
10175
10339
10412
10381
10488
10468
10394
10345
10278
10416
10285
10533
10268
10408
10565
10435
10420
10338
10534
10312
10315
10227
10392
10468
10451
10519
10478
10596
10421
10503
10510
10640
10458
10717
10699
10624
10661
10503
10607
10581
10629
10644
10551
10624
10661
10712
10655
10722
10741
10697
10763
10686
10852
10779
10577
10868
10771
10782
10855
10872
10768
10864
10850
10846
10916
10795
10858
10947
11007
10881
10890
10843
10988
10885
10731
11015
10932
10950
10776
10843
10991
10986
11044
10975
11212
11207
11204
11086
11231
10811
10945
11027
11191
11032
11087
11294
11244
11211
11095
11392
11015
11186
11434
11096
11180
11183
11372
11271
11343
11269
11439
11223
11262
11384
11543
11251
11271
11211
11512
11449
11276
11424
11583
11424
11258
11378
11520
11671
11428
11365
11544
11358
11418
11381
11424
11608
11572
11710
11509
11511
11567
11725
11649
11736
11558
11681
11663
11543
11759
11710
11855
11629
11771
11468
11884
11831
11579
11765
12092
11631
11714
11768
11861
11874
11888
11792
11742
11883
11617
11909
11804
11668
11871
11793
11785
11780
11786
12057
11951
11897
11970
11889
11906
11835
11932
11955
12015
11904
11963
11963
12025
11945
12212
12092
12109
12168
12171
12051
12350
12148
11981
12276
12100
12334
12325
12285
12099
12181
12181
12166
12075
12216
12220
12511
12302
12390
12227
12275
12469
12322
12513
12697
12357
12442
12834
12695
12603
12344
12504
12647
12656
12581
12671
12576
12626
12692
12653
12581
12577
12746
12704
12718
12796
12995
12699
12988
12778
12863
12869
12692
12763
12927
12925
12950
12721
13017
12899
12965
12970
13067
12825
13033
13123
13031
13070
12790
13151
12826
13145
12966
13046
12756
13081
12991
13024
13072
13023
12929
13252
13053
13034
13304
13048
12989
13177
12958
13201
12952
13122
13103
13080
12981
13203
13239
13162
13347
13125
13497
13038
13281
13178
13220
13461
13238
13235
13498
13208
13324
13190
13280
13487
13386
13485
13360
13464
13489
13052
13434
13411
13400
13279
13712
13409
13534
13401
13463
13261
13474
13430
13556
13646
13482
13539
13358
13581
13487
13494
13402
13427
13536
13461
13573
13251
13264
13235
13412
13501
13404
13423
13626
13736
13749
13670
13835
13890
13810
13843
13608
13724
13902
13899
14022
13584
13761
13778
13439
13640
13440
13597
13610
13678
13484
13214
13292
13312
13268
13114
13158
13206
12891
13059
12894
12985
13018
12921
12727
12858
12807
12682
12574
12682
12736
12661
12713
12562
12371
12494
12444
12359
12218
12400
12367
12176
12225
12495
12204
12392
12336
12392
12351
12227
12309
12137
12234
12151
12024
12172
12220
12117
12253
12015
12202
11976
11991
12082
12100
12107
12006
11937
11911
12098
11763
11830
11802
12037
11892
12201
11955
11930
11782
11998
11875
11778
11851
11846
11920
11817
11963
11925
12044
11761
12127
11962
11933
12066
11791
11805
11870
11912
11656
11579
11906
11899
12024
11939
11787
11847
11598
11795
11647
11805
11864
11651
11769
11666
11855
11639
11716
11691
11668
11814
11593
11677
11602
11858
11602
11639
11510
11449
11841
11761
11814
11526
11686
11713
11658
11555
11488
11718
11540
11534
11494
11661
11533
11657
11366
11488
11490
11492
11424
11478
11457
11502
11460
11414
11545
11516
11330
11326
11437
11678
11409
11470
11292
11630
11561
11296
11601
11495
11287
11277
11388
11589
11539
11392
11262
11475
11175
11454
11549
11455
11330
11392
11365
11277
11355
11356
11328
11312
11436
11463
11123
11108
11316
11343
11351
11269
11382
11312
11241
11363
11140
11169
11303
11482
11088
11227
11170
11145
11339
11310
11322
11202
11397
11224
11303
11171
11091
11257
10899
10925
11432
11224
11301
11054
11122
11278
11200
10999
11137
10925
11268
11034
11249
11145
11170
11342
11128
11312
11216
11274
11244
11099
11097
10953
10912
11087
11062
11010
11080
11082
11027
10955
11134
11206
11159
10971
10961
11185
11192
11114
11010
11018
11089
11169
11045
10921
10933
11138
11087
10963
11114
11062
10963
11109
10903
10786
11065
10938
11307
11250
10977
10918
11023
11123
11048
10702
10936
11034
10886
10954
10969
10789
10916
10900
10847
10779
10812
10938
10850
11027
10900
10935
10792
10701
10944
10785
10886
10984
10997
10827
10805
10748
10912
10805
10749
10961
10815
10811
10921
10803
10980
10865
10618
10933
10876
10770
10797
10739
10796
10684
10697
10775
10797
10815
10600
10662
10761
10894
10727
10619
10698
10632
10939
10810
10750
10583
10609
10557
10778
10814
10631
10762
10577
10646
10647
10761
10649
10731
10564
10607
10673
10690
10739
10536
10788
10683
10611
10690
10470
10537
10456
10676
10652
10667
10585
10806
10342
10622
10489
10559
10685
10601
10447
10479
10346
10445
10426
10340
10568
10509
10581
10713
10408
10541
10391
10561
10365
10531
10407
10442
10505
10407
10359
10432
10443
10537
10331
10473
10309
10506
10201
10368
10375
10322
10119
10412
10356
10366
10096
10201
10247
10356
10337
10336
10267
10028
10312
10203
10178
10260
10176
10080
10213
10151
10175
10247
10076
10125
10003
9980
10120
9867
10014
10095
9874
9910
9780
10074
10037
9768
9890
9833
9818
9944
9974
9783
9667
9886
9824
9436
9626
9694
9809
9551
9582
9610
9503
9457
9584
9514
9292
9283
9301
9583
9305
9390
9304
9194
9170
9173
9238
9256
9394
9225
9046
9162
9216
9079
8997
9002
9000
8896
8821
8922
8883
8906
8879
8784
8932
8736
8751
8622
8588
8604
8658
8641
8652
8513
8556
8598
8551
8403
8543
8559
8540
8486
8606
8508
8392
8470
8279
8460
8339
8453
8229
8350
8139
8232
8282
8332
8292
8123
8352
8395
8167
8084
8116
8122
8052
8040
8012
8150
8148
8016
8015
8116
8029
7935
7915
8114
7908
7946
7738
7886
7998
7891
8234
8040
7892
7931
7855
7838
7809
7887
7845
7876
7928
7800
7817
7709
7822
7906
7866
7911
7852
7757
7835
7881
7843
7918
7790
7738
7943
7841
7837
7696
7851
7760
7636
7871
7770
7803
7829
7865
7825
7827
7700
7821
7900
7842
7919
7772
7748
7764
7845
7872
7974
7958
7937
7857
7938
7903
7983
7952
7817
7803
7888
7841
7767
8010
7749
7875
7939
7947
7887
7864
8015
7797
7862
7858
7830
7961
7865
7868
7929
7842
7849
7789
7965
7896
7822
7944
7979
8118
8119
8057
8008
8230
8048
7934
8104
8041
8207
8049
8160
7914
7981
7857
7889
7954
7648
7723
7618
7799
7623
7677
7759
7617
7600
7549
7503
7494
7429
7329
7507
7200
7314
7199
7160
7062
7107
7053
7151
7176
7146
7035
7138
7133
6948
7021
7152
6791
7031
6963
7009
6862
6890
6911
6948
7017
6930
6826
6882
6950
6932
7011
6796
6749
6846
6855
6857
6894
6716
6779
6773
6748
6869
6524
6751
6700
6776
6838
6693
6684
6762
6551
6668
6585
6731
6725
6698
6605
6664
6611
6675
6696
6558
6648
6538
6638
6683
6602
6520
6556
6468
6644
6651
6646
6500
6483
6510
6550
6597
6544
6496
6544
6478
6553
6522
6322
6481
6621
6440
6539
6410
6359
6512
6447
6468
6452
6527
6266
6385
6491
6280
6319
6412
6485
6302
6478
6341
6446
6159
6291
6286
6355
6305
6294
6365
6391
6309
6525
6380
6314
6261
6545
6174
6269
6279
6341
6316
6164
6204
6255
6194
6291
6105
6203
6190
6315
6148
6192
6182
6213
6169
6175
6264
6274
6211
6163
6198
6134
6090
6141
6050
6090
6238
6125
6150
6137
5995
6086
6084
6049
6039
6050
6256
6142
6203
5965
6137
5989
6148
6008
6034
6051
6150
6139
6036
6192
6017
6139
6015
5980
5931
6048
5919
5837
6133
6048
6110
5888
6041
5951
5973
5859
6076
6067
5855
5961
5948
5908
6040
5941
5899
5804
5912
6012
6050
5964
5850
5808
5945
5821
5905
5860
5947
5669
6016
5846
5883
5899
5783
5875
5808
5766
5857
5964
5881
5879
5818
5858
5853
5820
5839
5942
5614
5727
5824
5806
5732
5694
5974
5868
5735
5761
5758
5739
5793
5656
5657
5583
5845
5656
5676
5712
5691
5695
5690
5570
5818
5651
5661
5692
5673
5774
5730
5643
5755
5632
5728
5704
5598
5565
5800
5709
5734
5685
5757
5570
5610
5615
5690
5506
5635
5713
5674
5821
5624
5589
5568
5595
5559
5530
5590
5560
5723
5697
5521
5469
5625
5534
5561
5459
5652
5507
5659
5647
5578
5684
5476
5409
5597
5560
5531
5479
5499
5576
5393
5436
5456
5453
5568
5571
5538
5676
5486
5372
5437
5609
5492
5340
5462
5501
5447
5609
5466
5313
5418
5423
5364
5344
5314
5576
5460
5390
5360
5293
5289
5470
5520
5427
5538
5409
5437
5323
5396
5456
5352
5374
5399
5518
5457
5397
5451
5410
5279
5301
5299
5521
5319
5376
5369
5429
5362
5434
5355
5360
5319
5342
5367
5293
5288
5282
5337
5255
5346
5378
5327
5319
5216
5296
5408
5336
5266
5166
5254
5307
5264
5196
5346
5217
5356
5221
5353
5280
5171
5288
5267
5175
5273
5263
5238
5330
5146
5296
5233
5248
5337
5286
5407
5159
5235
5382
5342
5275
5203
5229
5299
5219
5384
5355
5151
5219
5130
5338
5305
5219
5221
5134
5176
5411
5203
5173
5389
5132
5211
5322
5196
5332
5336
5416
5246
5361
5276
5339
5438
5369
5623
5657
5807
5884
5851
5945
5833
6061
6299
6375
6460
6430
6666
6711
6983
6863
7142
7313
7515
7473
7871
8016
8083
7980
8474
8703
8550
8735
9041
9125
9316
9530
9470
9824
9948
10070
9932
10448
10368
10537
10495
10579
10853
10992
10982
10927
11054
11366
11250
11594
11306
11530
11670
11907
11666
11775
12097
12050
12500
12684
12842
13270
13303
13738
14150
14401
14897
15436
15740
15982
16332
16586
16622
16732
16469
16494
16098
15964
15776
15458
15170
14703
14437
14108
13633
13390
12861
12585
12308
11746
11490
11032
10625
10099
9784
9452
8983
8759
8400
8147
7820
7640
7554
7036
6808
6619
6391
6481
6120
5757
5854
5698
5604
5485
5371
5295
5162
5189
4972
4900
4813
4946
4772
4897
4751
4760
4756
4585
4678
4621
4559
4657
4665
4500
4664
4482
4508
4592
4633
4512
4528
4474
4575
4503
4585
4464
4497
4634
4534
4588
4408
4503
4555
4517
4652
4490
4634
4497
4455
4556
4566
4552
4501
4539
4444
4601
4431
4534
4461
4491
4467
4559
4377
4516
4576
4551
4445
4509
4429
4330
4397
4512
4364
4577
4540
4525
4406
4478
4426
4365
4563
4458
4495
4454
4529
4401
4493
4495
4483
4432
4414
4502
4533
4461
4442
4458
4523
4357
4504
4458
4408
4407
4380
4326
4460
4431
4618
4460
4571
4413
4456
4477
4361
4428
4429
4537
4512
4492
4509
4553
4500
4561
4325
4547
4412
4470
4380
4532
4465
4462
4378
4409
4471
4455
4452
4466
4534
4515
4510
4398
4538
4573
4459
4392
4505
4486
4563
4552
4363
4548
4438
4485
4585
4669
4526
4663
4561
4775
4596
4705
4889
4948
4972
5124
5282
5451
5560
5600
6064
5973
6126
6422
6571
6943
7114
7533
7787
8069
8312
8598
9037
9518
9709
10135
10431
10782
10957
11464
11881
12301
12598
13210
13534
13842
14327
14824
15046
15094
15514
15692
15940
16591
16698
16846
17236
17694
18025
18185
18446
18551
18731
19007
19186
19216
19808
20003
20060
20477
20793
20731
21335
21758
21966
22520
23042
23766
24290
24801
25837
26608
27504
28498
29391
29991
30743
31151
31416
31294
31942
31542
31380
30528
30415
29529
28848
28469
27228
26601
25666
24849
23936
22870
22117
21017
19882
19370
18307
17274
16270
15424
14765
13932
13128
12402
11787
10955
10409
9953
9234
8512
8274
7821
7477
6936
6713
6316
6048
5812
5551
5248
4997
4798
4698
4526
4273
4292
4113
4065
3958
3866
3790
3834
3823
3650
3630
3645
3520
3573
3534
3389
3437
3496
3390
3288
3478
3393
3310
3320
3363
3396
3309
3361
3392
3314
3269
3400
3351
3263
3296
3423
3348
3274
3291
3249
3335
3263
3237
3320
3324
3371
3345
3425
3429
3255
3343
3295
3314
3209
3309
3156
3336
3249
3273
3177
3262
3165
3221
3230
3321
3279
3291
3204
3311
3252
3315
3202
3247
3256
3259
3282
3290
3289
3213
3277
3324
3212
3190
3238
3208
3232
3204
3337
3193
3112
3362
3243
3340
3276
3113
3205
3227
3172
3241
3329
3252
3146
3273
3141
3247
3163
3297
3258
3231
3155
3203
3161
3317
3193
3229
3098
3137
3180
3236
3236
3213
3195
3113
3201
3113
3225
3172
3210
3149
3192
3132
3116
3157
3208
3142
3188
3074
3099
3158
3175
3097
3160
3149
3137
3267
3141
3128
3119
3145
3145
3278
3066
3122
3197
3249
3274
3130
3076
3130
3091
3228
3080
3115
3238
3016
3080
3155
3149
3056
3075
3018
3053
3084
3173
3120
3034
3081
3151
3156
3042
3105
3133
3107
3052
3014
3122
3166
3113
3080
3076
3053
3074
3086
3037
3120
3096
3131
3052
3116
3092
3080
3048
3118
3049
3047
3026
3110
3162
3062
3111
3024
2948
2980
3163
3022
3115
3043
3139
3079
3045
2962
3188
3072
3140
3037
3081
3138
3124
3247
3165
3134
3142
3049
3084
2992
3092
3140
3035
2975
3131
3069
3003
3031
3059
3079
3129
3008
3057
3146
3056
3130
3151
3044
3057
3027
3095
3113
3060
3046
3082
3024
2979
3185
3064
3037
2992
3065
3082
3070
3003
3061
2982
2948
3014
3070
3125
2972
3112
3044
2993
3140
2981
2985
3060
3041
3072
3038
3065
2987
2999
2994
2917
3069
3107
2977
3016
2979
3080
3103
2998
2945
3009
3001
3098
3061
2980
2970
2975
3035
3097
3066
3062
2963
2976
3004
2978
2977
3069
3001
3058
3016
3084
2998
3021
3068
3094
2999
3018
2970
3102
3031
2980
3031
3003
3084
2991
3003
2981
2905
2987
2939
2960
3009
3089
3147
2935
2943
3069
3043
3025
2934
3020
2938
3079
3020
3060
2955
3145
2987
3042
2954
3176
2966
2962
3106
3079
2985
2993
3026
3026
3096
3045
3097
3071
3014
3023
3099
3157
2933
2994
3103
3057
3121
3055
3052
3103
3014
3118
3167
3076
3067
3139
3085
3164
3127
3109
3133
3146
3083
3117
3072
3182
3097
3164
3132
3125
3171
3300
3215
3284
3311
3318
3263
3344
3291
3394
3431
3468
3471
3562
3608
3761
3730
3926
3966
4181
4207
4462
4699
4933
5208
5469
5894
6157
6697
7037
7741
8028
8760
9429
10079
10834
11425
12224
13208
13758
14941
16128
16985
17897
18860
20016
21233
22315
23015
24250
25764
26781
27763
29043
30121
31141
32539
33274
34170
35811
36577
37351
38370
39308
40019
40995
41958
42737
43187
44531
45413
45796
46905
47217
48328
48838
49701
50256
50999
51956
52563
53343
54427
55849
57206
57822
59540
61275
63359
65156
67071
69309
71640
73486
75794
77577
79091
79753
80359
81423
81445
80552
80376
79332
77676
76212
74676
72387
70168
67451
65605
62674
59996
57499
54854
51993
49394
46241
43303
41094
38414
35995
33618
31597
29146
26856
25138
23114
20957
19379
17812
16346
14774
13759
12558
11398
10308
9450
8611
7739
7140
6415
5945
5308
4781
4569
4016
3692
3350
3120
3015
2614
2467
2294
2153
2145
1887
1801
1777
1726
1587
1506
1471
1403
1383
1403
1296
1236
1237
1308
1168
1131
1179
1155
1131
1152
1015
1061
1098
1010
1096
1070
1069
1068
956
992
975
1002
963
933
1048
1013
969
991
1020
1003
944
965
964
957
917
928
1000
927
907
960
905
960
962
911
952
942
871
965
936
903
879
867
909
891
935
869
937
942
878
856
919
941
948
870
932
904
844
866
908
858
917
858
908
880
905
830
860
831
876
867
848
842
874
854
862
832
868
860
824
814
843
806
839
914
880
864
866
827
838
871
857
846
848
818
856
818
847
821
822
813
865
819
839
847
841
885
844
872
847
886
834
815
838
814
840
895
835
847
813
802
885
895
838
894
842
902
879
912
941
995
915
923
953
976
978
1029
1101
1096
1162
1234
1227
1235
1308
1398
1503
1548
1611
1759
1778
1986
2063
2178
2325
2381
2471
2627
2814
2957
3081
3152
3434
3538
3691
3722
3888
4188
4244
4457
4497
4664
4696
5095
5106
5339
5445
5567
5711
5755
5881
6084
6033
6164
6266
6620
6536
6650
6767
7010
7005
7069
7242
7338
7344
7508
7599
7975
7891
8015
8353
8550
8776
8716
9255
9552
9594
9940
10258
10323
10533
10885
11027
10975
11301
11120
10921
10994
10846
10653
10429
10222
10080
9700
9346
8976
8757
8187
8052
7577
7271
6777
6588
6181
5759
5377
5171
4719
4533
4311
3951
3687
3484
3260
2833
2848
2533
2415
2217
1986
1825
1784
1631
1519
1340
1348
1237
1129
1029
984
940
914
874
823
773
732
686
682
703
621
617
600
561
557
575
530
522
550
527
529
527
528
497
499
533
493
482
511
481
490
477
474
476
496
463
443
456
465
462
480
466
468
445
477
449
434
443
481
388
489
426
443
420
478
437
441
408
402
431
439
463
445
448
449
429
418
450
450
405
432
414
427
432
463
390
413
402
424
448
436
418
444
404
459
457
429
406
441
406
443
467
432
447
432
418
450
400
408
462
422
434
417
368
465
361
401
417
428
412
412
427
395
408
439
437
382
437
411
383
415
417
430
384
427
411
379
379
434
380
394
398
385
428
405
402
402
401
406
405
390
410
375
415
424
409
407
363
410
406
352
388
420
373
427
373
409
408
355
397
409
439
399
413
426
396
396
372
379
378
384
412
370
412
362
400
405
408
377
389
400
412
400
337
362
403
356
379
396
342
374
336
378
349
386
374
365
346
409
390
384
338
394
342
397
369
362
362
388
377
426
380
381
364
369
351
392
377
338
378
358
383
338
367
369
373
357
348
383
365
356
349
374
321
360
365
381
361
335
359
347
368
352
343
362
373
363
342
355
373
344
346
366
336
365
375
363
330
329
379
351
368
370
342
322
345
356
360
348
367
375
379
346
342
358
360
343
356
339
346
324
310
335
339
350
343
366
345
344
305
336
375
321
343
332
322
367
377
343
365
370
327
341
349
286
330
381
300
319
322
352
333
374
323
353
333
322
344
353
339
352
317
347
329
313
343
338
354
307
348
313
318
364
354
329
308
321
352
342
345
330
326
364
360
345
347
328
363
340
338
351
332
355
348
340
341
341
362
337
310
319
331
324
336
329
327
321
331
336
320
332
299
320
344
331
326
302
304
316
333
315
318
299
330
323
324
312
343
324
333
319
298
311
326
298
302
326
329
336
279
364
336
318
319
314
311
316
311
326
346
343
341
332
310
307
331
317
298
333
329
278
340
323
293
328
290
354
289
285
305
305
320
322
304
315
336
329
336
301
306
335
322
322
287
277
331
319
287
302
301
362
357
297
310
365
323
335
345
329
309
317
317
339
345
372
330
332
337
329
321
314
359
349
335
329
360
297
334
340
346
324
338
333
325
342
326
344
328
337
355
347
328
318
331
330
353
359
323
366
368
330
373
344
353
340
364
326
326
362
312
346
335
331
326
326
319
304
302
323
332
325
303
321
304
298
323
317
296
304
294
290
307
286
304
276
283
313
291
286
290
302
302
290
277
293
278
271
306
301
285
260
288
278
285
270
254
273
272
262
302
263
286
269
324
285
276
223
293
281
290
284
296
240
272
279
298
268
280
277
255
284
286
280
276
282
292
270
263
245
251
288
283
288
313
241
258
263
284
273
268
271
273
304
273
285
266
247
303
284
257
259
280
245
275
278
295
265
274
271
254
262
283
297
240
274
245
242
255
254
250
252
263
247
280
243
265
233
265
277
290
273
280
283
283
278
275
259
246
238
267
282
270
261
270
253
277
227
282
273
248
253
254
272
259
228
272
261
272
258
259
257
254
238
252
273
245
276
230
238
278
231
256
265
246
262
252
242
257
254
260
228
241
258
232
212
245
260
235
250
245
262
242
240
247
245
252
243
249
256
219
273
243
247
250
250
270
249
282
236
247
245
244
243
248
249
252
252
263
258
242
254
244
233
256
243
229
265
257
281
252
241
226
256
258
252
257
239
280
254
227
261
253
242
232
216
249
236
244
228
247
191
244
253
248
247
237
227
261
221
239
252
272
269
233
232
227
258
261
233
249
241
231
255
243
239
255
221
220
235
222
251
232
236
229
232
246
220
222
247
235
243
219
249
209
231
218
235
221
264
230
222
234
258
227
209
238
253
250
247
229
211
221
202
243
229
235
228
218
226
232
230
235
258
206
211
219
249
248
230
202
222
232
258
229
233
220
225
246
229
221
229
266
227
212
201
243
237
231
202
249
254
227
207
223
226
265
218
203
207
223
218
198
212
220
207
194
233
217
212
237
217
203
229
226
241
214
209
220
234
204
249
218
218
191
219
196
231
207
210
228
213
249
225
229
220
217
232
214
238
216
236
228
209
199
234
226
222
189
202
202
245
185
233
224
198
183
230
193
210
195
218
194
205
203
185
212
216
208
194
212
184
233
202
219
222
204
176
215
219
206
211
196
227
193
196
216
223
208
203
203
211
211
192
202
223
190
228
195
204
185
198
238
223
188
192
204
194
225
181
239
173
199
200
186
208
204
216
180
215
205
215
192
188
206
191
210
214
200
209
216
192
219
193
205
216
200
216
184
209
240
196
187
189
173
186
248
190
184
201
205
188
184
219
182
192
178
192
194
190
239
186
184
213
171
190
205
187
180
191
191
195
204
182
184
195
192
198
205
197
194
209
213
196
181
179
191
193
170
201
180
179
209
203
201
186
190
194
196
203
174
190
191
194
191
168
207
194
214
209
201
216
174
202
195
189
194
202
187
196
179
159
200
209
196
200
201
187
205
198
206
210
193
208
176
180
164
204
192
181
200
195
198
196
211
182
175
211
177
181
203
173
170
205
220
177
195
186
186
167
197
207
186
162
189
183
171
200
171
203
177
187
176
164
197
180
198
167
199
205
175
174
173
197
168
202
195
182
159
151
162
156
197
180
183
175
180
175
166
200
205
189
161
174
175
183
161
179
187
183
195
178
165
188
175
173
165
161
176
187
169
162
183
177
169
164
172
182
182
194
178
170
178
153
170
200
177
180
190
160
189
180
159
193
172
182
173
170
177
190
165
171
194
183
153
175
184
180
189
164
171
186
158
184
180
182
186
194
166
174
177
184
170
166
198
172
180
179
177
189
203
186
167
167
179
185
185
197
171
184
179
177
178
161
172
155
167
184
192
182
179
183
170
170
173
162
182
176
167
179
173
166
167
185
174
153
176
192
166
181
177
147
180
176
186
172
174
171
171
177
188
167
167
166
154
171
167
155
172
170
164
180
179
170
175
163
166
174
142
156
149
167
162
167
166
178
148
181
159
174
164
164
151
152
133
173
171
154
150
151
150
152
171
168
163
142
144
174
161
139
159
141
164
165
129
182
152
142
152
150
146
155
146
132
164
149
156
153
165
157
159
145
147
160
148
169
143
159
172
166
151
126
165
157
131
129
161
145
147
160
143
126
150
163
158
126
180
162
162
141
148
169
144
138
145
153
142
134
140
158
156
158
142
152
173
164
131
140
133
113
139
139
141
143
139
147
137
126
130
148
129
149
151
137
113
160
147
137
152
135
142
129
128
147
126
142
135
154
125
167
161
147
150
163
133
127
137
138
152
129
127
134
123
130
123
147
153
123
131
161
137
145
146
136
153
150
133
136
146
142
124
143
141
124
124
144
134
132
146
141
158
120
135
130
125
144
144
130
158
153
128
128
121
146
141
126
148
136
148
137
122
139
139
122
155
127
160
144
140
142
145
130
149
151
127
116
128
156
136
127
128
126
115
155
130
141
121
153
142
113
137
106
114
133
141
129
123
147
139
154
127
120
140
141
150
123
119
130
109
134
127
124
138
131
136
120
123
121
135
117
145
113
123
107
124
136
97
130
120
123
134
132
114
134
128
127
111
131
122
110
133
121
137
118
134
129
124
112
144
121
120
120
127
104
109
138
123
124
124
112
109
122
109
134
133
116
120
130
125
147
117
112
115
114
121
135
132
134
134
109
113
119
115
118
105
98
145
129
120
132
126
121
127
107
118
110
143
134
112
115
118
135
129
120
119
116
109
129
132
125
124
120
117
112
119
111
116
108
116
139
105
110
97
115
107
126
109
109
114
111
94
133
124
120
118
132
130
118
105
113
119
128
111
102
107
124
103
126
90
123
95
126
122
136
119
105
120
111
104
115
114
115
115
132
114
104
112
113
108
104
131
115
106
123
121
121
122
104
96
130
110
125
111
100
117
112
117
107
111
110
124
103
120
97
98
115
113
108
125
101
92
112
96
114
95
105
119
107
90
107
99
99
110
89
103
98
105
107
101
90
98
114
131
111
116
98
86
96
98
100
117
101
125
90
109
102
93
109
105
102
116
99
83
90
88
111
104
94
106
115
115
92
113
123
89
91
103
123
99
107
87
94
99
122
112
99
88
86
78
106
112
110
92
84
99
95
97
114
103
86
107
99
111
103
106
109
102
85
105
100
107
91
91
83
92
99
93
101
89
96
93
105
109
115
93
98
90
89
111
100
108
99
88
90
89
95
117
90
110
94
100
101
100
96
75
94
84
114
109
101
96
98
94
94
90
106
106
73
96
103
98
96
90
97
85
93
81
79
88
105
95
88
107
117
93
97
81
93
93
86
93
76
92
99
90
105
90
103
110
87
102
96
92
90
98
101
82
96
81
76
83
93
89
106
71
103
76
86
90
73
96
95
93
88
82
99
99
93
82
95
100
87
91
101
85
80
96
80
92
86
95
81
91
90
90
97
77
80
98
88
99
88
103
100
104
91
104
95
102
83
85
93
91
101
90
87
109
95
95
90
87
108
74
93
111
87
80
97
89
86
85
89
80
80
90
77
103
99
84
83
96
94
95
84
83
78
83
85
87
87
93
87
98
109
81
84
101
93
100
93
106
77
77
83
106
101
94
101
88
83
90
94
97
87
88
95
78
98
78
84
87
82
83
81
90
92
86
83
86
76
87
71
84
91
76
69
91
74
90
71
70
73
86
83
76
86
85
62
90
88
72
92
69
76
74
75
76
68
74
68
99
81
82
72
94
84
76
84
73
73
82
71
64
83
67
70
85
79
81
68
75
82
81
67
81
82
74
82
86
71
77
77
71
71
88
88
67
83
86
86
77
79
79
81
67
65
94
68
72
68
88
78
78
77
81
81
62
81
78
69
80
84
73
84
76
77
71
81
64
82
74
63
81
77
80
73
78
73
81
84
80
69
70
71
67
65
70
67
61
77
71
84
74
82
76
94
72
68
70
67
75
69
69
66
64
66
88
77
74
74
62
68
74
67
72
72
68
87
84
88
54
91
71
73
73
65
64
64
59
86
81
86
79
66
66
73
72
75
87
80
94
99
64
67
68
85
79
85
85
76
87
71
69
75
67
77
79
85
81
81
65
78
83
79
82
84
64
88
78
73
90
86
85
76
68
80
94
79
80
83
92
92
74
94
87
73
81
82
86
86
69
86
91
83
89
98
88
81
82
87
93
65
85
77
83
86
79
86
81
86
71
88
83
95
69
86
80
74
87
98
76
74
77
65
70
82
62
65
82
71
63
70
62
65
74
67
72
72
72
70
72
78
69
79
67
65
59
55
65
81
52
72
70
66
79
56
61
70
62
71
55
63
64
58
77
63
71
52
62
55
70
65
64
72
68
66
60
50
62
53
67
53
65
62
58
69
71
56
60
59
69
78
66
53
63
55
67
60
68
63
59
61
51
67
71
64
59
62
64
72
56
72
69
70
55
64
74
75
61
58
66
69
59
60
76
59
71
67
56
73
72
71
72
77
60
71
50
74
76
56
43
61
59
67
54
56
58
61
67
58
54
51
73
56
64
50
73
67
61
79
77
57
61
61
72
57
59
52
60
58
40
70
48
69
56
60
53
51
58
70
63
74
69
59
54
75
53
73
65
60
65
73
58
60
60
65
66
77
64
61
64
77
70
67
61
72
56
55
67
73
64
66
50
63
62
61
64
64
87
66
75
60
62
60
47
62
59
54
59
74
58
61
68
75
57
60
66
60
62
70
67
60
70
59
59
72
64
58
57
62
74
60
56
65
55
61
47
53
46
64
64
55
55
41
70
71
61
58
56
50
67
61
47
63
65
53
48
58
68
53
44
40
61
70
49
50
61
46
52
46
41
52
56
54
67
42
54
50
62
47
54
43
57
56
47
59
52
57
59
56
56
50
51
42
58
44
53
48
62
55
56
70
59
54
62
47
46
60
58
67
49
61
48
51
58
45
44
49
59
45
48
48
63
44
57
53
49
51
56
42
54
47
53
56
50
57
43
44
46
61
70
54
65
47
39
64
54
46
53
65
52
55
60
58
46
60
55
46
45
55
61
47
57
56
58
60
63
57
46
49
52
55
47
47
65
43
61
47
38
48
60
55
45
40
46
60
55
36
47
48
53
46
58
60
58
63
49
51
67
63
52
46
42
51
43
53
48
48
63
64
35
62
57
63
56
49
43
51
54
45
63
45
52
58
54
63
47
53
60
62
56
61
55
51
61
53
61
55
60
58
58
61
56
49
71
58
59
64
53
47
74
51
60
47
65
70
59
64
57
45
50
68
66
67
65
53
53
72
54
54
48
62
53
66
61
63
53
48
44
65
52
46
65
50
56
43
49
60
58
60
50
61
49
53
54
62
56
58
56
54
46
56
59
46
57
52
67
64
61
52
51
58
41
43
56
43
42
43
37
40
53
54
51
37
34
40
40
52
29
31
38
34
44
36
29
41
41
37
39
34
38
28
33
40
34
38
42
31
35
28
43
36
37
36
32
40
34
43
36
34
30
46
36
40
34
36
27
49
33
41
39
34
35
31
37
31
37
41
43
45
39
38
41
29
41
30
36
30
31
42
39
31
29
40
32
38
25
26
33
26
35
41
33
31
36
36
35
42
38
33
34
28
38
26
32
35
35
28
33
36
28
31
32
37
29
33
29
26
37
36
35
34
31
24
26
27
38
36
35
33
27
44
28
34
31
40
38
28
38
32
31
32
29
31
32
31
26
33
37
32
36
36
26
32
29
31
29
33
40
32
43
28
35
31
38
33
39
33
44
34
33
35
30
32
36
23
36
40
40
33
33
42
33
38
37
46
34
29
32
40
38
22
31
33
29
31
44
28
32
34
32
23
23
29
36
30
32
59
32
24
28
35
35
38
37
27
32
46
33
35
26
32
33
38
32
32
47
29
32
35
39
22
35
19
25
33
36
31
31
33
37
36
43
33
44
32
31
42
25
33
35
33
26
30
48
46
33
58
36
44
44
33
34
41
43
40
39
29
45
29
24
32
40
36
28
40
36
28
35
33
35
39
40
46
31
35
30
36
35
28
35
38
29
37
27
20
26
31
26
29
35
30
31
42
29
29
38
26
37
33
23
27
34
26
33
33
24
33
34
41
33
32
23
35
25
30
33
36
24
28
27
29
29
41
34
28
22
40
23
22
23
30
27
31
36
28
26
27
28
26
29
34
35
38
34
36
30
30
23
27
28
40
23
28
27
25
36
38
35
38
38
38
27
41
26
34
37
39
42
40
32
41
36
27
24
25
30
32
38
33
39
39
32
33
27
32
34
42
33
30
25
35
34
29
25
28
31
33
28
31
29
32
38
34
33
31
33
38
47
22
22
33
24
26
21
22
46
19
28
45
32
34
50
37
30
32
40
46
37
32
41
38
32
36
28
39
33
29
27
35
41
30
40
38
30
38
38
39
32
35
36
23
41
38
40
32
30
44
43
39
31
34
41
42
39
38
26
48
48
49
43
47
37
41
43
49
45
44
44
35
42
46
56
31
41
46
51
49
48
55
43
41
54
62
58
47
31
53
44
60
45
48
44
44
47
39
53
51
47
47
45
45
53
41
36
44
47
46
40
37
42
38
39
36
54
44
36
40
46
49
39
41
39
39
35
28
26
37
31
43
47
26
30
20
26
26
26
23
28
36
25
25
22
20
28
21
21
26
17
17
11
25
14
15
12
16
26
12
9
20
15
21
10
15
15
10
17
17
16
16
12
20
14
14
12
13
15
18
15
19
11
17
22
9
12
17
17
16
8
18
13
7
9
14
13
17
19
19
13
15
11
13
12
11
23
9
18
11
9
22
18
11
7
16
10
12
24
17
16
18
18
11
8
13
12
17
14
20
15
10
13
19
15
15
7
21
9
13
18
13
13
18
12
20
11
15
28
14
10
19
9
10
10
19
16
25
15
11
15
28
17
13
16
24
18
19
17
16
16
17
10
20
21
20
17
15
19
18
16
14
15
13
13
25
20
10
15
18
14
22
19
14
16
8
10
16
18
16
16
16
16
13
16
17
13
21
14
17
11
17
11
13
16
20
13
15
16
20
18
14
19
12
27
16
14
14
12
10
15
13
12
15
23
9
14
12
15
14
17
19
12
19
11
16
9
12
11
13
20
16
15
13
15
18
18
10
10
29
26
10
13
16
18
13
15
17
19
15
18
21
11
13
22
19
20
23
12
9
21
12
23
22
14
16
18
24
19
17
21
20
20
15
18
15
18
15
15
15
14
15
13
19
19
14
14
17
12
11
16
17
13
15
17
17
13
16
10
16
8
14
22
24
13
18
13
12
12
8
13
10
12
13
12
11
11
15
12
9
7
8
6
14
10
5
6
8
5
12
8
9
7
8
14
14
6
4
11
10
14
13
8
12
8
5
11
11
11
5
6
8
4
11
11
5
5
6
8
17
5
15
5
9
9
9
10
7
6
11
8
8
7
8
15
16
8
8
8
12
7
13
3
8
7
4
9
6
9
9
6
12
5
8
10
9
7
6
6
8
8
6
5
8
12
9
11
9
2
11
12
6
6
4
11
4
14
10
12
3
12
8
6
9
7
7
6
6
10
9
6
0
6
10
7
6
11
10
9
6
11
10
14
7
10
11
12
8
4
4
9
7
9
13
5
2
6
6
7
13
10
5
7
11
10
13
6
9
14
3
5
4
9
8
7
8
6
10
8
11
7
12
6
6
7
7
4
6
7
7
7
3
7
8
8
6
7
6
9
7
9
9
9
10
12
7
7
7
9
6
5
7
10
9
6
9
9
7
14
6
12
10
8
12
11
2
8
9
8
3
5
8
6
10
12
4
9
11
4
10
9
12
8
12
14
6
8
15
12
8
8
10
6
7
9
12
4
7
4
7
10
6
13
8
12
11
8
13
13
5
10
9
11
11
10
7
4
9
11
12
10
15
7
13
17
7
8
13
7
14
11
6
8
7
12
9
10
7
10
8
12
6
3
11
6
13
7
11
8
14
14
10
11
10
6
7
8
6
5
9
9
10
10
16
11
7
9
5
6
10
9
10
6
11
9
4
4
9
9
3
4
8
3
6
6
5
10
6
8
13
4
7
6
7
6
3
8
11
7
10
6
9
7
10
6
8
10
7
8
7
5
6
10
6
8
6
3
10
6
3
6
14
9
10
6
4
7
6
5
6
7
6
7
9
5
7
6
10
7
5
4
9
6
9
8
5
3
4
6
4
9
10
5
7
6
7
3
7
7
7
12
5
9
8
8
6
11
10
9
7
6
6
2
8
9
9
7
4
2
2
9
1
8
9
13
7
6
4
5
9
9
7
9
13
7
9
7
8
2
7
6
4
11
4
7
5
8
9
10
8
9
6
7
14
7
6
10
8
11
8
8
8
8
7
7
5
8
3
9
5
12
10
6
8
5
7
10
7
11
11
3
11
9
5
8
10
4
5
8
6
6
9
6
6
10
9
7
8
7
8
4
8
6
5
7
11
5
7
5
10
6
15
8
8
9
7
10
5
10
5
5
7
7
6
5
10
13
7
4
6
7
7
17
10
11
12
11
4
9
6
7
8
12
7
10
8
6
5
8
14
8
8
3
8
5
11
10
5
8
4
5
10
6
5
2
4
5
12
8
9
9
5
7
3
5
6
9
8
7
4
6
8
10
11
7
3
7
7
6
4
14
8
6
6
7
2
10
8
8
7
11
3
6
7
11
6
5
5
6
6
6
8
4
15
6
3
10
5
4
3
6
2
10
5
7
9
10
7
5
6
8
5
8
9
4
5
5
3
10
12
6
7
4
4
9
9
10
7
6
3
2
4
13
11
5
10
8
14
3
5
10
5
8
11
5
10
7
5
5
3
4
2
10
6
7
10
5
9
6
3
10
8
6
10
3
6
3
10
3
8
11
6
5
4
6
5
4
11
7
8
6
6
7
7
7
3
6
8
5
6
6
3
8
5
7
2
8
8
4
13
5
9
8
6
7
11
4
5
11
8
6
5
6
11
10
8
5
5
6
2
5
10
3
10
4
10
11
5
2
6
7
2
4
10
4
8
5
5
11
10
6
4
9
9
7
3
2
5
7
3
10
3
6
9
5
6
10
6
11
9
5
7
4
5
8
3
4
7
6
4
7
5
3
10
8
3
5
2
9
3
5
10
3
6
10
9
8
6
6
10
5
7
7
3
9
12
7
8
13
5
7
4
8
3
4
10
2
8
7
6
7
8
4
11
4
5
1
6
4
5
8
5
7
4
6
6
6
5
6
11
6
8
6
5
6
2
7
3
5
6
9
6
7
5
4
7
11
4
4
10
4
7
4
3
8
4
4
6
6
9
6
8
6
4
7
7
4
10
5
8
8
8
3
3
9
6
5
6
5
3
3
7
5
5
3
4
6
9
7
10
7
3
6
2
9
7
4
9
6
5
5
3
8
8
15
6
9
8
9
3
8
7
6
4
6
4
3
6
6
5
7
10
10
6
9
4
4
5
7
7
7
6
4
8
4
10
6
6
8
5
8
7
6
4
10
6
5
6
7
6
2
9
7
7
8
8
13
5
8
7
5
3
5
2
2
8
8
5
8
8
4
8
6
1
5
6
3
6
4
4
7
5
6
2
2
6
2
5
7
7
9
6
11
5
5
7
5
6
9
4
9
5
7
8
4
0
10
6
3
8
5
4
6
3
4
4
6
11
6
4
4
6
5
3
5
2
6
1
2
2
6
7
5
2
4
7
6
5
4
5
4
4
6
5
7
4
4
3
11
7
3
8
9
3
4
3
5
5
3
4
6
8
6
2
5
3
2
4
9
2
4
10
8
2
2
4
5
5
5
5
3
5
7
3
7
4
5
4
5
5
4
6
4
1
2
5
4
9
6
2
5
4
7
3
2
3
4
5
5
5
4
4
5
3
8
8
6
6
9
2
6
4
10
4
10
4
3
2
2
4
5
9
5
10
4
6
10
5
4
5
2
5
3
4
6
3
8
6
4
6
2
8
6
6
6
5
3
10
2
6
3
6
4
4
4
8
6
1
6
5
7
8
5
8
5
4
12
9
7
6
6
5
10
7
9
7
10
7
5
8
6
5
5
4
9
5
8
6
4
9
10
11
5
6
8
8
5
3
7
6
8
3
6
2
8
9
7
8
4
4
3
7
5
8
7
9
5
8
3
1
5
4
5
2
6
2
3
7
2
4
4
2
6
7
6
3
6
3
8
4
7
3
2
5
7
5
6
7
5
8
3
6
3
5
3
3
6
7
5
6
4
2
6
3
4
3
2
5
4
4
8
10
6
5
3
3
4
1
3
6
3
6
8
2
3
4
7
2
3
4
6
5
4
6
5
4
9
2
5
3
4
4
3
7
4
1
4
3
4
5
6
5
3
5
1
2
9
2
1
8
5
6
8
5
9
5
4
4
4
7
3
6
7
10
5
3
7
6
3
2
6
5
5
4
2
10
4
3
1
1
8
8
7
4
5
7
4
2
5
4
6
3
5
4
5
5
4
1
5
2
7
3
3
7
4
1
5
2
4
2
3
2
1
5
9
4
7
5
5
4
8
5
2
7
9
4
4
3
5
8
4
8
4
6
4
1
3
3
4
6
4
4
5
5
4
3
7
5
3
3
5
6
7
5
5
2
3
1
1
4
5
3
4
6
5
6
7
10
9
6
3
7
4
4
4
2
5
5
7
6
6
7
7
4
4
4
5
5
8
2
4
1
6
4
6
5
6
4
10
5
3
7
6
4
8
7
2
7
3
8
6
3
3
7
8
5
10
4
5
6
4
6
3
2
5
6
5
4
6
4
4
7
2
3
3
8
3
6
4
5
6
5
4
6
1
3
3
6
2
2
7
3
12
6
7
3
4
6
4
3
6
8
5
5
4
2
3
4
2
1
3
8
8
3
2
6
3
3
3
11
5
1
6
4
5
6
4
1
3
9
1
5
5
7
1
4
3
7
6
5
6
4
6
7
6
3
2
6
6
3
5
6
2
8
5
3
2
0
6
6
5
4
6
4
3
1
2
3
3
3
4
1
4
2
2
2
2
2
3
3
6
7
8
3
4
4
1
6
7
9
4
6
2
4
7
5
4
6
3
5
3
4
2
5
4
3
4
3
2
5
3
5
4
3
3
5
9
7
3
11
10
3
4
4
6
4
5
6
5
6
5
8
6
6
4
11
3
7
10
8
11
8
10
7
9
16
6
10
10
11
14
9
4
6
5
7
10
2
4
6
8
8
11
7
11
6
4
13
8
9
6
4
6
12
12
7
8
10
8
6
10
5
12
6
8
11
9
10
12
8
12
6
5
13
12
10
9
16
7
8
18
6
7
6
6
5
8
8
4
12
5
5
4
6
6
3
7
5
4
8
6
11
5
8
7
11
6
4
2
9
3
3
7
7
6
4
4
4
4
7
4
4
9
4
1
6
5
7
4
5
6
3
5
4
5
4
5
3
4
4
4
2
6
2
3
8
2
9
4
11
3
6
4
6
7
2
1
8
3
2
2
4
5
3
4
5
5
1
3
1
6
1
1
6
3
2
7
6
4
2
1
7
5
4
4
3
7
3
5
4
6
3
4
5
4
2
3
4
6
3
7
5
6
3
1
4
5
5
3
6
1
2
5
5
5
3
2
4
2
9
6
3
3
5
3
4
3
1
4
4
3
1
5
3
2
1
5
6
3
7
7
2
6
3
3
4
2
5
3
4
3
1
5
5
4
5
3
5
2
6
6
4
6
1
2
8
6
0
3
5
3
5
2
3
2
3
5
3
3
4
2
3
5
7
4
4
5
4
3
5
6
6
6
5
5
4
2
5
5
9
7
6
9
5
5
4
9
5
3
5
4
3
8
5
6
4
6
4
3
1
4
3
3
7
1
4
3
3
2
7
4
5
6
3
1
7
3
4
5
2
3
2
1
2
4
5
7
2
6
7
1
5
2
1
2
5
2
4
4
9
2
7
5
4
4
4
4
5
3
4
3
4
1
3
3
5
6
6
0
6
3
2
6
4
5
4
7
3
1
2
4
7
7
5
8
4
3
6
4
5
4
6
9
4
4
2
3
7
6
2
4
3
2
5
5
8
4
2
1
4
3
2
2
3
3
2
3
5
2
7
4
8
4
2
3
5
3
3
3
4
2
3
5
6
6
3
1
4
3
2
1
3
3
2
5
6
5
3
9
3
2
4
3
6
7
3
4
1
7
4
5
4
4
4
1
7
4
4
5
1
6
3
4
6
5
3
5
3
5
8
3
4
3
2
8
3
3
5
1
4
5
4
3
6
5
5
3
3
2
2
5
3
5
5
1
2
6
1
7
4
7
1
4
6
1
4
1
6
7
2
6
2
1
5
7
2
1
3
4
1
5
5
3
5
3
2
5
6
2
3
5
4
4
7
1
8
6
1
5
7
2
3
2
1
5
5
0
5
2
4
3
5
4
3
7
3
3
6
10
4
1
4
4
6
3
3
8
5
3
6
3
5
3
1
4
6
2
2
7
8
8
7
4
5
3
5
3
8
6
4
4
7
2
8
7
5
3
7
5
9
7
8
3
5
4
4
7
13
8
4
9
3
6
7
12
7
3
7
8
8
5
10
7
5
7
6
8
2
3
12
4
7
8
4
7
7
8
5
7
5
4
8
9
9
8
3
7
12
8
3
6
6
6
6
5
5
11
3
5
6
8
4
4
4
3
6
2
6
6
8
6
4
7
2
4
5
4
8
5
1
5
7
4
4
5
4
4
4
8
2
4
3
3
7
6
2
4
1
5
3
5
1
2
4
1
2
6
2
3
3
4
1
4
7
5
4
4
2
4
4
3
1
6
3
5
4
4
1
7
3
3
2
4
3
4
5
5
7
1
8
2
2
2
4
5
3
3
2
1
3
5
2
2
2
5
7
1
4
4
2
4
2
8
3
2
6
4
2
3
2
2
3
3
4
1
2
4
5
4
3
3
4
4
2
3
3
2
2
8
3
5
0
1
1
2
2
4
7
3
6
3
4
3
2
2
2
5
2
4
5
3
4
6
5
6
3
4
4
4
6
5
2
7
2
3
5
4
3
3
8
0
2
2
8
3
6
6
2
2
4
0
1
4
3
2
5
3
4
6
6
4
4
3
3
2
1
2
6
4
5
0
1
5
7
5
0
2
3
2
8
6
1
3
5
4
2
3
2
4
4
4
3
0
7
2
2
4
3
6
4
5
3
3
3
3
2
2
2
4
3
1
5
3
1
3
4
6
0
3
4
3
3
1
3
3
4
6
2
4
3
6
4
2
7
5
3
5
5
2
1
2
3
7
3
4
7
4
4
2
5
4
6
0
2
4
3
2
2
4
3
3
3
2
2
8
6
3
5
2
0
3
5
1
3
6
2
2
4
0
3
1
4
1
5
4
2
5
3
3
4
5
5
2
6
4
3
1
2
4
1
3
3
2
3
5
3
7
0
5
5
2
4
4
4
5
5
2
1
0
2
5
3
2
3
3
7
2
2
6
2
4
2
0
3
2
3
8
5
1
2
3
6
2
4
3
3
4
6
4
4
0
4
2
1
4
5
5
2
4
6
1
4
0
4
5
1
3
3
0
4
3
3
2
4
6
3
2
5
3
1
3
5
3
2
4
6
0
4
3
3
3
4
2
2
5
2
3
0
5
2
2
3
4
1
1
2
2
5
4
1
3
4
1
3
4
5
5
3
0
1
4
2
4
2
2
5
6
1
3
2
2
4
5
4
3
4
3
2
6
2
4
3
3
1
1
5
3
3
3
4
1
4
2
4
5
2
0
5
3
1
4
7
5
0
2
5
4
2
0
2
3
1
5
4
6
3
6
4
3
3
6
1
4
1
3
2
5
1
4
4
2
5
5
2
10
5
3
4
4
3
3
4
4
3
2
3
1
3
2
4
2
2
2
3
3
6
7
3
7
2
3
2
5
0
3
3
3
1
0
2
3
4
5
2
4
3
2
1
3
3
2
3
1
5
1
4
5
6
3
4
1
7
5
5
1
2
2
0
2
2
7
1
2
3
4
2
3
1
0
2
2
2
1
4
2
4
4
2
4
2
4
1
1
2
2
4
3
8
3
2
4
1
3
6
5
9
4
2
4
2
0
2
3
1
5
2
5
0
1
2
3
4
4
0
2
1
3
3
1
2
0
3
4
2
5
1
2
2
3
2
3
2
3
5
4
3
3
3
2
6
2
4
3
3
1
2
5
2
4
1
3
4
2
2
7
6
2
4
1
1
2
6
2
0
1
2
0
1
4
1
2
3
4
7
2
1
2
4
2
5
3
0
1
1
5
2
4
4
6
2
3
1
2
3
1
3
3
2
3
4
2
3
2
1
5
2
1
3
4
4
4
0
4
2
2
3
6
5
0
6
3
7
1
2
5
2
3
3
3
6
6
3
3
5
5
3
0
2
2
3
3
6
8
0
2
1
4
6
4
4
3
3
4
0
3
2
1
1
3
3
2
0
2
4
1
2
4
2
2
7
6
2
2
5
4
3
2
3
5
3
1
1
1
3
2
4
4
4
3
4
1
5
3
2
5
1
3
4
2
5
2
3
1
6
0
1
5
2
3
3
1
4
2
2
0
5
1
3
3
3
2
4
2
5
2
4
3
5
1
0
5
6
2
0
2
0
2
5
6
3
3
3
3
1
6
4
5
0
2
2
4
0
1
3
2
2
3
2
3
4
1
3
3
3
3
2
4
4
3
1
4
1
6
3
1
2
3
5
2
1
2
6
3
2
4
2
6
3
1
2
5
3
4
2
2
1
1
0
5
3
2
2
6
0
1
3
1
5
6
6
3
4
3
3
4
1
2
3
4
1
3
1
4
0
6
4
2
4
7
6
5
4
3
1
1
2
3
3
3
4
4
6
3
5
2
3
3
2
4
5
6
1
7
5
2
1
2
4
5
1
4
4
2
1
3
3
4
4
0
4
1
4
4
1
5
7
4
2
3
2
1
5
4
1
2
2
1
3
0
3
2
4
5
1
3
6
4
1
0
2
0
3
1
2
1
5
4
4
3
2
3
4
3
4
4
3
0
1
2
3
3
3
3
2
0
4
1
7
0
7
2
1
3
4
3
1
4
3
0
2
3
3
2
2
2
1
2
2
1
1
3
4
2
3
3
3
1
3
3
2
0
1
1
4
3
3
4
2
1
3
2
2
0
2
3
2
1
2
2
3
2
3
2
1
5
4
3
1
2
4
4
2
3
3
4
1
6
0
1
3
3
1
2
3
0
3
1
1
2
2
2
2
3
3
5
2
3
4
2
3
2
3
1
1
1
1
5
6
3
4
7
1
1
4
2
1
1
4
1
1
3
4
10
2
1
1
7
2
2
4
1
3
5
3
2
4
1
4
4
1
1
1
3
8
2
4
0
5
3
6
0
2
3
3
2
2
0
1
1
5
4
2
2
0
4
0
4
1
2
2
1
2
2
2
6
4
2
4
3
3
2
1
5
2
4
8
1
3
4
2
2
1
2
3
3
2
5
1
2
6
4
2
2
1
1
2
6
3
4
6
2
1
4
2
1
0
0
2
5
7
3
0
4
1
5
2
2
4
0
0
2
0
5
1
4
1
4
5
2
3
1
2
3
4
0
3
1
0
0
4
4
1
1
2
2
0
1
6
1
4
3
2
2
2
1
1
3
2
2
2
5
2
3
5
0
1
3
0
1
3
1
5
2
3
2
4
3
2
2
0
4
3
2
3
2
4
0
1
7
2
5
4
1
3
2
2
3
0
4
3
1
3
5
3
0
3
2
4
5
2
5
2
1
1
5
0
1
1
2
0
2
2
4
3
4
1
3
4
3
0
1
1
2
0
5
4
4
3
3
1
3
4
2
1
3
5
11
2
3
4
4
0
2
0
6
5
4
4
1
2
1
2
2
3
4
4
0
4
4
2
1
2
3
1
5
1
2
2
0
8
6
3
1
1
1
2
4
4
4
3
2
1
2
4
3
4
4
2
0
1
1
4
3
1
1
3
1
3
5
4
2
7
7
0
3
2
4
3
5
3
1
1
2
6
5
3
3
2
1
7
1
5
2
5
4
4
0
2
2
4
2
7
4
4
6
2
3
4
2
3
5
5
6
3
2
4
5
7
2
2
2
10
4
5
5
3
6
3
2
4
2
7
3
5
4
3
8
2
10
8
8
5
7
5
10
6
7
3
4
2
4
4
10
7
5
14
5
3
2
8
4
4
9
3
3
3
4
10
6
5
0
5
7
5
6
4
5
1
4
2
5
8
4
2
3
5
9
4
8
1
3
1
3
4
5
1
3
3
2
1
4
2
3
5
4
0
4
1
4
4
2
1
2
5
4
1
4
1
2
3
5
0
4
1
2
6
4
4
2
2
2
2
2
4
3
2
1
3
5
5
3
2
2
3
2
4
2
2
3
2
6
1
4
2
0
4
2
0
0
2
2
1
1
1
0
2
2
1
5
2
1
2
5
5
1
4
3
4
2
6
4
4
0
7
2
2
4
6
3
0
5
3
0
6
4
0
3
5
3
2
2
2
0
1
6
4
5
4
2
1
1
4
0
3
1
3
3
1
1
2
2
3
0
2
2
0
3
4
3
2
2
3
2
3
3
2
1
0
2
3
0
2
2
4
2
1
3
1
3
2
3
8
4
7
4
5
1
2
0
3
5
2
4
2
2
2
4
3
3
3
2
2
3
1
3
3
4
4
0
7
5
1
4
4
1
2
2
3
0
0
1
5
2
2
2
1
2
4
5
0
1
4
4
4
4
5
4
5
3
4
3
3
0
6
5
2
3
2
2
4
3
1
2
1
5
4
1
4
3
4
3
5
2
4
1
1
4
1
2
3
3
2
6
5
2
1
0
2
4
2
1
5
1
1
3
2
4
3
3
0
4
3
2
1
1
1
0
0
3
3
1
1
4
0
5
3
2
2
6
3
1
1
1
2
3
1
2
1
3
2
2
1
4
1
4
3
4
0
7
3
3
2
3
2
1
2
0
4
4
3
1
4
5
3
2
1
3
2
5
1
3
1
2
2
4
1
2
4
7
3
3
3
7
2
1
2
1
4
3
3
4
3
2
6
2
3
1
2
4
3
1
2
4
2
1
2
3
3
3
4
0
0
1
6
0
2
0
1
1
0
6
4
2
6
6
2
4
4
1
3
1
5
4
7
0
1
0
0
2
1
4
2
0
2
4
4
0
4
3
3
3
3
2
3
2
2
2
0
3
1
3
5
4
1
5
2
1
3
3
4
0
5
2
2
2
3
2
0
3
4
4
2
2
2
3
3
7
4
6
1
1
3
1
2
2
3
1
3
2
2
1
2
4
1
4
2
5
5
5
0
0
0
1
8
4
2
4
2
5
1
2
2
3
2
3
3
5
2
4
6
0
2
0
1
3
4
0
1
1
3
3
0
0
4
3
5
3
1
5
4
2
3
5
1
1
2
1
7
1
3
1
3
1
2
4
9
0
3
2
4
2
4
2
3
5
2
1
2
2
2
0
3
2
2
2
4
5
1
2
2
1
3
2
1
1
2
2
2
4
0
0
2
1
2
2
0
0
3
3
1
1
6
5
2
2
3
2
0
1
1
2
5
4
3
4
4
4
3
3
2
4
5
3
1
1
1
6
7
0
4
6
1
2
1
1
1
4
6
4
2
1
2
0
3
2
2
1
3
4
4
3
1
0
2
3
3
1
2
1
2
0
2
2
2
5
6
1
3
4
3
4
3
1
2
3
0
1
3
4
4
5
3
3
2
2
3
3
3
2
1
5
3
5
3
4
2
1
0
4
3
3
3
2
3
4
3
2
3
5
0
4
3
5
2
4
1
2
3
2
2
2
2
2
5
2
4
3
2
2
0
3
3
3
2
2
2
1
1
2
2
3
2
3
6
1
3
2
2
1
3
1
2
3
3
3
3
4
3
1
0
1
3
1
6
1
2
5
2
0
1
3
1
2
2
3
3
2
0
3
0
2
1
2
5
2
1
2
3
2
0
4
3
4
2
5
1
0
2
2
3
1
2
1
3
2
3
3
2
2
2
4
1
3
1
5
1
3
2
5
3
6
1
1
2
2
2
2
4
0
1
5
2
3
5
1
6
3
3
4
1
3
1
2
3
1
1
2
2
1
5
4
3
6
1
2
1
1
1
0
4
1
2
1
0
5
4
2
1
1
1
3
3
3
3
2
3
3
2
2
1
2
7
1
3
1
3
4
1
1
7
2
3
1
2
3
4
2
2
3
2
1
2
2
3
2
5
2
2
2
1
4
0
0
1
2
2
2
6
1
0
5
4
4
4
2
5
2
2
3
0
2
1
1
3
2
3
2
0
2
2
2
0
4
1
3
5
1
4
2
1
3
3
3
1
2
1
3
3
2
0
2
1
3
0
5
1
1
2
5
2
2
2
1
1
2
6
3
2
5
1
1
3
2
2
3
0
2
1
4
3
2
0
5
1
2
1
2
2
4
2
3
1
4
3
1
2
3
2
2
2
3
5
2
0
6
4
4
1
2
3
0
4
2
2
3
4
2
3
2
2
3
2
6
1
3
3
0
1
3
2
1
3
1
4
3
2
7
1
4
2
3
2
2
3
0
1
2
5
5
1
2
1
2
3
2
3
0
1
4
2
4
4
4
4
1
3
0
1
2
4
3
2
2
0
0
3
2
2
1
3
3
2
2
4
2
1
0
1
2
8
4
3
3
3
1
1
1
5
2
4
5
2
3
4
0
5
5
2
1
5
3
0
1
2
1
5
4
4
1
2
4
3
3
2
3
2
3
2
4
2
4
2
5
4
1
0
3
4
2
5
2
2
4
1
3
1
3
4
4
4
3
2
3
2
3
1
3
1
5
5
4
4
1
6
4
4
3
2
5
0
1
5
2
3
3
3
4
3
3
2
3
5
2
2
3
3
1
5
3
4
8
4
4
2
3
2
1
3
2
4
4
1
3
4
3
4
4
3
1
1
2
3
1
3
2
2
3
3
1
9
3
2
1
2
0
2
5
4
2
4
2
2
4
4
2
2
5
7
3
2
4
2
1
2
3
5
2
1
6
3
4
3
1
3
2
3
0
2
1
1
1
3
1
0
3
2
2
4
4
1
1
3
3
2
2
4
2
3
0
2
4
3
1
1
0
3
3
3
2
1
2
2
0
5
3
2
5
1
2
2
4
3
1
1
1
2
1
0
2
1
1
3
3
0
0
2
2
3
4
2
0
3
2
3
1
4
2
2
3
2
3
2
1
3
5
1
2
1
3
1
3
5
0
2
3
1
6
1
1
2
0
2
2
2
3
2
2
1
3
3
3
1
1
3
4
4
0
0
2
3
2
3
2
1
0
1
1
2
0
2
3
2
1
1
5
4
2
3
1
4
0
1
6
1
2
2
1
3
2
3
0
1
0
2
2
2
0
3
2
2
5
1
0
1
0
3
1
4
1
1
0
3
0
3
1
2
2
1
4
1
2
1
0
3
3
3
1
2
0
1
1
2
3
1
1
0
2
0
1
2
3
2
3
3
2
2
0
0
4
2
2
0
2
1
2
1
4
5
2
1
0
4
0
2
0
1
1
0
3
0
1
2
1
1
0
0
1
0
0
0
0
1
1
1
2
1
0
0
1
1
2
1
2
2
1
1
4
0
3
5
3
1
0
4
3
0
2
1
0
1
2
7
3
2
0
2
2
0
2
3
2
2
0
3
1
2
2
0
1
2
3
1
3
1
1
1
2
2
1
2
2
1
0
4
0
3
1
2
0
2
1
1
2
4
3
1
2
1
4
1
2
0
4
1
2
2
1
3
1
2
1
1
0
0
0
2
1
0
0
1
2
0
1
4
1
1
1
3
2
2
0
1
1
1
0
1
2
4
1
4
3
3
3
0
4
3
1
2
2
0
1
3
2
0
3
2
2
3
0
1
2
2
3
2
1
0
4
4
2
2
3
1
2
1
2
0
1
1
3
3
0
1
2
2
2
1
1
1
4
4
0
1
2
2
2
1
1
1
1
1
2
1
2
2
2
1
2
1
3
0
1
1
1
3
0
4
5
1
2
2
0
1
3
3
2
2
2
2
2
1
1
3
2
2
4
3
1
1
2
0
2
1
0
2
2
5
0
2
0
0
5
0
1
3
0
2
3
3
2
0
0
2
1
1
1
0
1
2
1
1
0
0
0
0
0
1
1
0
4
2
2
2
0
3
3
1
0
0
0
2
1
1
1
1
1
5
1
1
1
1
2
4
3
2
2
2
2
2
3
0
1
2
3
0
2
0
1
3
0
1
1
3
2
0
0
2
0
1
0
3
0
2
0
0
3
2
4
1
3
2
0
3
1
1
0
2
2
3
1
3
0
4
1
1
1
0
0
5
0
1
1
1
3
2
1
0
1
2
0
1
0
1
4
3
2
4
2
2
1
1
2
1
0
1
1
3
2
1
1
1
1
2
1
2
0
0
0
1
1
1
2
1
1
2
1
1
3
5
1
1
2
4
1
0
0
3
4
3
2
0
3
2
1
2
1
1
0
1
3
2
3
1
1
2
0
1
2
4
3
0
1
2
0
1
3
0
1
2
4
1
2
0
0
1
0
1
1
4
2
1
1
0
2
3
0
1
2
0
3
1
1
0
4
1
2
2
2
3
1
4
4
1
1
1
1
0
1
1
0
1
1
1
2
2
1
3
1
2
1
2
2
1
0
0
2
3
2
1
1
0
1
1
1
1
3
2
3
2
1
1
1
1
1
2
3
0
1
0
0
1
0
1
1
2
1
0
2
1
2
1
3
0
2
0
3
0
1
0
1
4
1
5
0
2
0
2
2
1
2
0
0
2
2
1
1
0
2
2
1
2
3
2
3
0
0
2
0
1
2
1
1
3
2
1
1
1
1
1
0
2
1
0
1
1
2
2
0
4
0
1
1
2
1
3
2
1
1
1
2
2
1
1
2
0
1
0
0
1
0
1
3
2
4
0
1
0
2
1
2
3
1
1
1
1
2
2
1
1
3
2
2
1
2
5
0
2
0
2
0
1
3
0
1
0
1
0
2
1
1
3
0
1
1
4
3
1
1
2
2
0
2
1
0
0
1
2
0
0
2
1
1
3
0
4
2
1
2
0
0
1
1
0
3
0
2
1
1
1
1
3
1
1
3
0
0
0
0
1
0
0
2
2
1
2
1
0
0
0
2
1
1
1
2
1
0
1
1
2
3
2
1
0
0
0
2
2
0
2
2
1
2
0
1
1
1
1
0
3
0
1
3
1
1
0
0
0
3
1
1
3
2
1
1
0
2
1
0
0
0
0
0
1
0
0
2
1
2
1
1
0
3
0
0
1
3
2
1
0
1
0
0
0
3
1
1
1
0
1
1
0
0
1
1
0
1
0
1
2
3
1
1
1
2
2
3
0
2
1
0
2
0
3
2
3
1
0
1
0
0
1
1
1
1
0
0
2
1
0
0
2
0
1
3
1
1
0
1
3
2
0
2
1
0
1
3
2
0
0
2
2
3
0
0
0
3
2
1
2
3
1
1
0
2
2
1
5
3
1
1
1
1
1
0
0
4
2
2
1
1
0
1
1
1
0
1
1
1
0
3
0
1
2
1
1
0
3
3
0
1
2
1
3
0
1
0
2
0
1
2
0
0
1
1
2
0
5
1
1
0
1
0
3
1
1
0
0
1
1
1
1
0
1
3
0
3
0
0
1
1
1
0
0
2
1
3
1
1
0
1
0
3
3
0
1
1
3
0
0
1
0
1
3
0
2
1
0
0
0
1
0
1
1
1
5
0
1
0
2
1
1
0
2
0
0
2
0
2
2
0
1
0
1
0
1
3
1
0
0
2
0
1
1
0
2
2
2
1
1
3
0
1
1
1
1
2
2
1
0
1
3
1
3
1
0
0
2
0
2
0
2
0
1
1
2
1
1
2
1
0
1
0
2
0
2
2
5
1
1
0
3
1
0
2
0
1
0
1
1
0
0
1
0
1
1
2
0
0
0
1
2
1
1
0
2
2
1
1
0
0
2
0
2
0
0
1
0
1
0
0
1
0
3
2
1
1
0
1
2
0
0
1
1
1
0
1
1
1
1
1
1
1
1
2
1
1
2
1
0
1
1
2
1
1
1
2
2
2
1
1
3
0
0
0
1
1
1
3
1
1
0
2
2
0
1
0
0
0
1
2
1
2
2
0
2
0
0
2
1
1
1
0
0
0
2
2
1
1
2
1
0
1
1
2
1
2
0
1
4
1
2
0
1
4
1
1
1
1
0
3
0
1
0
2
1
2
3
1
0
3
2
0
2
0
0
1
0
1
1
1
0
0
1
0
3
2
2
1
0
1
2
1
0
0
1
3
1
0
0
0
1
2
0
1
0
1
2
1
0
1
1
0
1
1
0
0
0
1
1
1
1
0
2
1
2
0
0
1
1
1
0
1
0
0
2
1
0
0
1
0
1
3
0
0
0
1
1
1
1
0
3
0
2
1
0
0
1
3
1
0
0
1
0
0
1
1
2
0
0
1
0
1
2
1
1
2
1
1
0
0
1
1
0
0
2
1
1
2
0
1
1
3
1
1
0
1
1
3
1
1
1
0
1
1
1
0
0
2
0
0
1
0
2
2
0
1
0
2
1
1
0
3
2
0
1
0
1
0
1
0
1
3
0
2
0
0
1
0
1
2
1
0
2
0
1
1
2
0
1
1
0
0
3
0
0
1
0
0
3
0
1
1
1
0
1
1
0
3
1
2
1
1
2
1
1
3
0
1
1
0
0
3
1
1
2
1
1
2
1
1
3
0
1
2
2
2
2
1
1
2
1
2
0
1
0
2
0
1
0
1
1
1
2
2
1
0
2
0
0
1
1
0
3
0
0
0
2
0
0
1
0
1
3
0
0
0
1
1
0
1
1
1
1
0
2
0
0
0
1
0
1
2
2
1
3
1
0
1
1
2
2
1
1
1
0
3
0
0
0
1
4
0
1
1
1
0
0
0
1
2
1
0
0
0
2
2
2
0
1
3
2
2
0
0
3
0
1
2
4
1
0
1
1
0
1
3
1
1
1
1
0
0
0
2
2
2
0
2
4
1
0
0
0
0
1
0
0
1
3
2
0
1
1
1
0
1
1
0
0
1
0
1
0
1
1
1
2
0
3
1
2
1
2
1
1
3
0
3
0
0
1
0
2
0
0
0
1
1
0
0
0
1
0
1
0
1
0
0
0
1
1
0
1
0
0
0
1
0
1
0
2
0
1
0
0
1
0
0
2
1
2
2
0
0
1
2
1
0
2
0
0
0
3
4
0
3
0
1
1
0
2
0
0
1
0
5
0
2
2
2
1
0
1
0
1
0
1
0
0
0
2
0
1
0
1
1
1
1
2
1
0
0
1
0
0
2
0
0
0
1
0
2
2
0
2
1
1
0
1
0
2
0
2
0
2
2
1
1
0
0
0
0
1
0
1
2
0
0
0
0
2
0
2
0
0
0
2
0
1
0
1
1
1
1
0
1
0
1
0
0
0
0
2
1
2
2
0
1
0
0
0
1
1
2
0
1
0
0
0
1
2
1
1
1
1
2
1
0
1
0
0
2
1
1
2
1
1
1
1
1
0
0
1
2
0
1
0
1
1
0
0
1
0
1
0
0
3
0
0
1
0
1
1
1
1
1
1
0
1
0
4
1
1
0
2
0
0
0
1
1
1
1
0
1
0
1
3
1
0
3
1
0
2
0
0
1
1
0
0
2
0
1
0
0
1
2
0
1
2
0
3
1
1
0
0
0
0
0
1
2
1
0
1
2
0
0
2
1
0
0
0
0
2
4
2
1
1
1
2
0
1
2
0
1
0
0
1
0
2
1
1
1
1
0
2
2
1
1
0
2
3
1
1
0
0
2
3
0
1
1
1
0
0
2
1
3
0
0
2
0
1
1
0
0
3
0
1
1
2
0
1
3
1
0
1
4
0
2
2
0
0
1
1
3
1
0
1
1
1
1
4
0
1
1
1
1
1
1
1
1
1
1
1
2
5
2
2
3
2
2
7
0
0
2
3
2
5
3
4
5
3
3
4
3
4
1
3
7
10
8
1
6
2
2
10
4
3
9
8
8
10
1
7
7
10
10
6
12
7
7
10
3
6
11
11
3
13
11
12
15
6
12
15
12
7
10
5
15
14
8
14
17
14
17
19
9
14
8
5
10
15
6
9
14
11
13
12
12
8
9
5
16
9
7
7
8
5
8
4
12
3
7
16
6
6
9
7
7
5
3
7
8
6
4
7
4
3
6
7
5
10
4
8
10
4
5
3
1
5
5
1
7
3
6
7
6
6
3
3
3
4
2
2
1
1
3
2
0
1
5
2
1
0
3
3
1
3
2
1
4
2
3
2
2
4
1
1
1
3
0
2
1
0
1
0
0
2
2
1
1
0
3
1
0
0
1
2
1
0
0
2
0
0
1
2
0
3
0
0
1
0
0
1
1
0
0
1
0
2
0
0
1
1
0
0
0
1
2
0
0
0
2
0
0
0
1
1
0
1
2
1
0
0
1
2
1
1
0
1
2
1
0
0
1
0
1
0
0
0
0
1
0
0
0
0
0
1
0
0
1
1
0
0
2
0
1
1
0
0
0
0
0
2
1
1
2
0
0
0
2
0
0
1
1
0
1
0
0
1
0
1
0
1
1
1
1
0
0
2
0
0
3
0
0
0
0
0
1
0
0
0
0
1
0
1
1
0
0
0
0
0
1
0
3
0
0
0
1
1
0
0
0
1
0
0
2
0
1
0
0
0
1
1
1
0
1
0
0
0
0
0
1
0
0
0
1
0
0
1
0
1
0
0
1
0
0
0
0
0
0
1
0
0
0
1
4
0
0
0
0
0
0
2
0
1
0
0
0
0
0
1
2
1
1
1
0
1
0
0
0
0
0
0
0
0
0
1
2
1
0
0
5
0
0
0
1
0
0
1
1
0
1
0
0
0
0
2
2
0
2
0
0
0
1
0
0
1
1
1
2
0
0
0
1
0
0
1
1
0
1
1
1
0
0
1
0
0
0
1
0
0
2
0
0
1
0
0
0
0
2
0
1
0
1
0
1
0
1
0
0
0
1
0
2
0
0
1
0
1
0
1
0
0
0
2
0
0
1
0
1
0
1
0
1
1
1
0
1
2
1
3
0
1
1
0
0
1
1
0
1
0
0
2
1
2
2
0
0
1
3
1
1
0
1
1
2
0
0
0
0
2
0
1
0
0
0
0
1
1
1
1
2
1
0
0
0
2
0
0
0
3
0
0
1
1
1
0
1
1
0
0
0
0
0
1
3
0
2
0
1
1
0
2
1
0
0
1
0
1
1
1
1
1
0
0
1
0
0
1
1
2
0
0
0
1
1
0
0
0
0
1
0
1
0
0
0
0
0
0
1
0
0
0
1
0
0
1
0
1
0
1
0
0
1
0
0
0
0
1
1
2
1
0
0
0
0
0
1
1
1
0
1
1
0
1
1
0
1
1
0
0
3
1
1
0
1
0
0
0
0
0
0
1
1
0
3
0
0
0
0
0
0
0
0
0
0
0
0
0
0
1
1
1
1
1
0
0
0
0
0
0
1
1
1
0
1
0
0
0
1
0
1
0
0
1
1
0
1
1
0
0
0
0
0
0
0
2
0
0
0
0
0
0
0
1
1
2
1
1
0
0
0
1
0
2
1
1
0
0
1
0
0
0
0
1
1
1
0
0
1
0
0
0
0
0
1
1
1
0
0
1
0
0
1
0
1
0
0
0
1
2
1
0
1
1
0
1
1
0
0
0
0
0
2
1
1
0
0
0
0
0
2
0
0
1
0
0
1
0
2
0
0
0
0
0
2
2
1
0
1
0
0
1
0
0
0
0
0
0
0
1
0
0
2
1
0
2
0
0
1
0
0
0
0
0
0
0
1
1
1
0
0
0
1
0
0
0
0
1
1
0
1
2
0
1
0
0
2
1
0
0
0
1
0
0
0
0
0
0
2
1
1
0
0
0
0
1
0
0
0
1
1
1
0
1
1
0
0
0
1
0
2
0
1
0
1
0
0
0
2
0
0
0
1
1
1
0
1
0
0
0
0
0
1
1
1
1
1
2
1
1
1
1
1
0
0
0
0
0
2
0
1
0
1
1
1
0
1
0
1
1
0
0
0
2
0
0
0
0
0
1
1
0
2
0
0
1
1
1
1
0
1
0
0
0
0
1
1
0
0
0
0
0
2
0
0
0
0
0
0
0
0
0
1
1
0
0
0
1
0
1
1
2
0
0
1
0
0
1
0
0
0
0
1
2
0
0
0
0
0
1
0
0
0
0
0
1
0
0
0
0
0
1
0
0
2
1
0
0
0
0
0
0
0
0
0
0
0
0
0
0
0
0
0
0
0
0
0
0
0
0
0
0
0
0
0
0
0
0
0
0
0
0
0
0
0
0
0
0
0
0
0
0
0
0
0
0
0
0
0
0
0
0
0
0
0
0
0
0
0
0
0
0
0
0
0
0
0
0
0
0
0
0
0
0
0
0
0
0
0
0
0
0
0
0
0
0
0
0
0
0
0
0
0
0
0
0
0
0
0
0
0
0
0
0
0
0
0
0
0
0
0
0
0
0
0
0
0
0
0
0
0
0
0
0
0
0
0
0
0
0
0
0
0
0
0
0
0
0
0
0
0
0
0
0
0
0
0
0
0
0
0
0
0
0
0
0
0
0
0
0
0
0
0
0
0
0
0
0
0
0
0
0
0
0
0
0
0
0
0
0
0
0
0
0
0
0
0
0
0
0
0
0
0
0
0
0
0
0
0
0
0
0
0
0
0
0
0
0
0
0
0
0
0
0
0
0
0
0
0
0
0
0
0
0
0
0
0
0
0
0
0
0
0
0
0
0
0
0
0
0
0
0
0
0
0
0
0
0
0
0
0
0
0
0
$ROI:
0
0
$PRESETS:
Live Time
0
0
