$SPEC_ID:

$SPEC_REM:
DET# 1
DETDESC# MCB 25
AP# ORCA (11.0h)
$DATE_MEA:
2017-08-13 05:34:17 +0000
$MEAS_TIM:
3380.92 4320.00
$DATA:
0 16383
0
0
0
0
0
0
0
0
0
0
0
0
0
0
0
0
0
0
0
0
0
0
0
0
0
0
0
0
0
0
0
0
0
0
0
0
0
0
0
0
0
0
0
0
0
0
0
0
0
0
0
0
0
0
0
0
0
0
0
0
0
0
0
0
0
0
0
0
0
0
0
0
0
0
0
0
0
0
0
0
0
0
0
0
0
0
0
0
0
0
0
0
0
0
0
0
0
0
0
0
0
0
0
0
0
0
0
0
0
1
4
34
1425
9290
17206
16871
15546
14802
14440
14177
14048
14275
14536
14575
14800
15081
15247
15215
15519
15333
15771
15691
15834
15688
15766
15841
15845
15849
15589
15993
15927
15580
15435
15709
15606
15472
15673
15234
15608
15482
15365
15246
15215
15073
15004
15051
15180
14721
14974
14664
14625
14565
14667
14666
14688
14329
14641
14526
14377
14398
14387
14462
14518
14247
14300
14364
14300
14347
13988
14225
14262
14099
14010
14200
13998
13894
13997
13943
13768
13953
13767
13740
13793
13788
13773
13755
13602
13751
13831
13409
13610
13399
13520
13490
13295
13536
13264
13292
13385
13284
13342
13363
13236
13189
13021
13407
13034
13058
13323
13069
13226
12836
13010
13013
12837
12820
12919
12879
13101
12952
12999
12972
12954
12788
12750
12767
12859
12895
12656
12820
12662
12579
12558
12704
12784
12497
12592
12579
12593
12560
12644
12545
12376
12405
12464
12362
12393
12457
12394
12467
12405
12214
12350
12082
12160
12175
12130
12198
12184
12260
12258
12140
12207
12095
12235
11977
12342
11927
12124
11989
12025
12011
12020
12102
12234
11846
12191
11971
11989
12067
11991
12124
11920
12025
11854
11810
11889
11833
11777
11936
11800
11899
11777
11780
11841
11616
11883
11754
11767
11802
11751
11748
11774
11741
11598
11569
11562
11765
11655
11574
11591
11734
11598
11645
11610
11624
11383
11490
11499
11633
11567
11178
11570
11372
11528
11424
11432
11698
11345
11484
11320
11453
11436
11329
11059
11375
11318
11473
11292
11337
11375
11399
11397
11323
11306
11046
11103
11217
11321
11102
11099
11519
11089
11112
11040
11066
11092
11123
11230
10989
11141
10974
11140
11095
10873
11105
10995
11222
10984
10931
10970
10990
11123
11017
11030
10937
11162
11094
11115
11059
10940
10967
10904
10769
11016
10914
10897
10987
10891
10877
11015
10893
10669
10984
10761
10674
10901
10871
10845
10623
10812
10764
10757
10738
10625
10553
10713
10651
10708
10686
10735
10717
10682
10651
10737
10686
10713
10505
10778
10770
10617
10775
10448
10495
10558
10574
10461
10512
10695
10548
10601
10591
10479
10480
10400
10631
10602
10573
10769
10605
10576
10486
10702
10320
10487
10551
10496
10498
10476
10679
10342
10417
10401
10371
10374
10470
10225
10337
10530
10579
10324
10340
10353
10397
10482
10371
10324
10486
10291
10339
10482
10443
10368
10246
10363
10433
10226
10388
10446
10321
10481
10411
10175
10237
10014
10192
10188
10535
10267
10173
10111
10180
10396
10227
10128
10267
10336
10174
10241
10318
10105
10090
10286
10254
10192
10093
10052
10146
10081
9925
10283
10267
10188
10288
10030
10103
10013
9879
9974
9990
10009
10072
10111
9974
9961
10147
10270
9895
9712
9926
9846
10105
9744
10023
9991
10090
9900
9941
9924
9800
10086
9850
9953
10004
9879
9871
9790
9984
9977
9757
9936
9935
9809
9821
9746
9919
9830
9930
9927
9741
9806
9673
9777
9747
9779
9821
9790
9812
9668
9869
9720
9702
9874
9766
9789
9780
9681
9511
9743
9685
9731
9646
9739
9661
9681
9747
9779
9740
9522
9483
9699
9641
9692
9506
9657
9516
9565
9627
9689
9590
9552
9538
9617
9599
9540
9471
9462
9582
9519
9442
9524
9745
9431
9503
9410
9467
9369
9436
9420
9563
9608
9536
9603
9551
9404
9455
9707
9609
9585
9599
9545
9360
9367
9576
9426
9489
9561
9462
9314
9638
9550
9296
9467
9478
9517
9464
9375
9328
9448
9405
9406
9407
9409
9422
9344
9339
9359
9395
9313
9332
9394
9256
9615
9427
9337
9261
9151
9325
9317
9445
9388
9484
9444
9358
9585
9421
9304
9403
9404
9350
9100
9322
9353
9287
9457
9391
9498
9454
9367
9390
9456
9353
9376
9263
9268
9183
9175
9300
9192
9367
9389
9385
9237
9354
9267
9351
9325
9415
9192
9385
9346
9342
9432
9424
9299
9377
9180
9311
9351
9380
9278
9184
9149
9385
9388
9130
9213
9299
9112
9027
9184
9196
9174
9217
9312
9281
9238
9218
9365
9297
9286
9404
9258
9320
9247
9552
9403
9371
9308
9445
9385
9516
9249
9452
9349
9317
9414
9304
9367
9307
9325
9305
9430
9296
9565
9546
9599
9519
9737
9552
9592
9693
9746
9562
9796
9890
9714
10005
9934
10187
10032
10225
10264
10480
10500
10698
10726
10756
11004
10884
10961
10965
11285
11342
11386
11459
11533
11681
11885
12106
12186
12089
12264
12310
12292
12692
12821
12676
12747
13092
13074
12975
13333
13100
13350
13483
13486
13530
13714
13778
13759
13900
13992
14090
14079
14080
14247
14491
14433
14540
14569
14761
14856
15057
15485
15387
15583
15896
16219
16463
16405
16443
16315
16367
16161
16028
15837
15667
15600
15259
15317
14890
14800
14586
14548
14289
13945
13984
13828
13503
13261
13093
12662
12748
12387
12050
11753
11773
11480
11251
11322
10921
10776
10820
10357
10358
10156
10189
10064
9699
9784
9798
9506
9466
9442
9223
9285
9341
9342
9132
9159
9045
9128
9080
8876
8935
8804
8902
8909
9027
8782
8866
8799
8933
8836
8823
9006
8972
8911
8887
8996
8999
9044
8866
8897
8951
8944
8914
8987
8982
9058
8894
8943
9022
8989
8897
8977
9207
9063
8937
9142
9002
8962
8889
9083
8940
9039
9169
8992
9172
9087
9037
9104
9015
9153
9112
9162
9276
9130
9054
9064
9162
9041
9342
9158
9179
9031
9115
9191
9232
9168
9177
9364
9214
9177
9197
9200
9043
9352
9224
9293
9167
9404
9192
9302
9464
9261
9299
9345
9442
9224
9256
9587
9320
9350
9408
9378
9402
9545
9377
9434
9349
9455
9516
9434
9522
9604
9498
9685
9678
9518
9716
9717
9690
9473
9525
9339
9648
9735
9607
9637
9560
9540
9529
9719
9861
9503
9916
9735
9756
9677
9780
9694
9758
9757
9727
9839
9948
9916
9824
9936
9920
9808
9789
9946
9846
9960
9907
9873
9887
9987
9947
9969
9917
10020
9929
10058
9874
10091
10083
9926
9961
10164
10098
9813
10037
10039
9926
10212
10096
10153
9972
10376
10129
10069
10127
10172
10132
10065
10254
10152
9993
10372
10174
10214
10151
10316
10325
10296
10395
10219
10300
10306
10430
10272
10229
10242
10428
10175
10289
10494
10185
10575
10359
10335
10653
10549
10510
10407
10521
10394
10504
10396
10324
10679
10452
10551
10527
10428
10570
10605
10454
10514
10575
10586
10653
10395
10470
10671
10648
10789
10586
10612
10753
10804
10680
10446
10644
10773
10598
10846
10666
10759
10927
10724
10840
10929
10716
10793
10952
10883
10666
10781
10687
10830
10805
10768
10612
10952
11132
10600
10756
10927
10758
10927
10943
10795
10841
10896
10858
11062
10882
10942
10993
11010
10828
10954
11038
10988
11098
10840
11100
10981
11043
11044
11060
11143
11139
11274
11079
10995
11134
11090
11195
11058
11057
11140
10927
11056
11347
11011
11349
11204
11234
11234
11032
11280
11111
11277
11156
11077
11139
11377
11562
11223
11255
11204
11362
11304
11239
11363
11374
11358
11436
11160
11392
11448
11385
11170
11533
11421
11409
11364
11515
11444
11262
11547
11459
11455
11446
11338
11486
11610
11517
11476
11366
11554
11458
11485
11358
11551
11473
11647
11666
11557
11547
11620
11431
11641
11600
11573
11649
11542
11692
11722
11678
11612
11538
11667
11783
11729
11657
11705
11812
11885
11603
11665
11781
11841
11968
11745
11778
11753
11753
11913
11796
11791
11964
11750
11837
11819
11802
11848
11435
12055
11789
11928
11874
11971
11747
11950
12041
11912
11865
11827
11897
11915
12060
11961
11797
12238
11955
11885
12003
11898
12117
11874
11996
12137
12211
11959
12101
12178
12050
12170
12140
12150
12210
12170
12232
12095
12082
12336
12292
12214
12056
12350
12206
12111
12112
12373
12357
12319
12381
12349
12403
12301
12413
12276
12393
12300
12274
12409
12235
12664
12361
12367
12317
12145
12491
12326
12459
12427
12472
12269
12592
12599
12431
12404
12471
12534
12699
12597
12716
12627
12727
12469
12716
12566
12794
12647
12961
12674
12672
12612
12848
12821
12767
12630
12778
12621
12855
12931
12850
12967
12971
12806
13091
12849
12869
12867
12815
12978
13105
12942
12991
12856
13108
12937
13033
13062
13045
13148
12951
13109
13213
13036
13144
13156
13083
12990
13210
13373
13277
13319
13271
13316
13299
13330
13247
13329
13422
13329
13545
13503
13534
13581
13542
13471
13437
13666
13392
13324
13373
13470
13347
13521
13599
13155
13592
13777
13681
13656
13667
13630
13747
13835
13497
13583
13533
13646
13591
13781
13617
13654
13806
13798
13787
13753
13960
13686
13619
13810
14139
13840
13794
13930
13947
14018
14018
14078
14084
13732
13862
14002
13840
14189
14000
13959
13991
13705
14048
13909
14008
14161
13933
14225
13919
13984
14124
14218
14211
14206
14199
14058
14120
14094
14111
14295
14143
14330
14140
14087
14071
13994
14119
14215
14387
14608
14442
14136
14442
14233
14347
14243
14463
14427
14319
14438
14570
14528
14468
14549
14569
14656
14518
14566
14613
14545
14713
14672
14683
14568
14921
14952
14716
14765
14660
14744
14866
14739
15066
14936
15053
15011
14931
15070
14928
15194
14907
14917
15132
15196
15005
15210
15446
15360
15166
15075
15273
15434
15475
15294
15537
15369
15414
15446
15269
15442
15439
15379
15386
15658
15652
15429
15518
15704
15707
15660
15561
15636
15392
15733
15701
15729
15497
15673
15613
15805
15654
15342
15444
15551
15511
15636
15638
15550
15672
15534
15591
15605
15620
15593
15776
15570
15754
15762
15669
15755
15674
15705
15434
15711
15770
15675
15752
15955
15887
15513
15747
15838
15864
15768
15810
15977
15933
15761
15840
15971
16030
16124
16070
16042
16005
16221
16156
16339
15957
16130
16071
16140
16075
15968
16126
16079
16324
16141
16174
15838
16154
16121
15957
16404
16161
16489
16134
16178
16261
16156
16082
16254
16289
16331
16494
16214
16487
16479
16408
16687
16824
16472
16654
16618
16559
16687
16568
16634
16339
16183
16503
15985
16263
15951
16001
15847
15979
15722
15701
16013
15871
15687
15659
15414
15570
15344
15301
15442
15235
15165
15096
14999
15194
14985
15189
14939
14973
14750
14844
14731
15140
14602
14474
14758
14670
14668
14656
14672
14676
14435
14383
14474
14526
14534
14215
14354
14526
14509
14453
14307
14195
14255
14297
14273
14275
14418
14349
14365
14163
14301
14313
14304
14307
14181
14324
14064
14223
14172
14222
14136
14235
14149
14232
14209
13965
14111
14045
14207
14077
13990
14080
14190
14100
13887
14233
14260
14060
13785
14122
14118
14198
14002
13973
13991
13795
14042
14107
14186
14034
13744
14087
14021
13766
13746
13974
13772
13868
13965
13824
13847
13717
13837
13843
13777
13735
13671
13693
13757
13832
13902
13833
13765
13930
13641
13805
13820
13739
13751
13685
13907
13717
13681
13467
13847
13586
14002
13529
13618
13766
13605
13694
13682
13673
13561
13643
13780
13561
13738
13704
13423
13643
13786
13543
13383
13519
13519
13491
13575
13466
13578
13588
13588
13683
13415
13608
13418
13519
13636
13272
13610
13328
13668
13629
13653
13445
13462
13423
13471
13388
13511
13593
13266
13509
13400
13683
13243
13544
13559
13249
13257
13451
13333
13435
13108
13431
13383
13331
13369
13410
13348
13255
13407
13332
13189
13251
13241
13245
13311
13512
13250
13355
13350
13341
13195
13147
13231
13328
13438
13116
13245
13442
13166
13130
13096
13136
13200
13227
13256
13146
13228
13436
13162
13460
13203
13179
13334
13091
13312
13283
13257
13195
13297
12890
13143
13111
13324
13145
13193
13213
13319
13036
13157
12941
13162
13041
13053
13179
12999
13096
13236
13158
13085
13312
13071
13049
12913
12819
12990
13080
12926
13180
12970
13021
13206
13272
13083
13060
13071
13231
13138
13018
13050
12884
12930
12936
12939
13208
13024
13100
12883
12979
13221
12842
13090
13257
13059
13184
13010
12827
13047
13007
13153
13248
13059
13053
12913
13103
12721
12855
13051
12724
12942
12994
12918
13041
12949
12891
13027
12913
12957
12845
12889
12922
12888
12890
12817
12849
12913
12832
12885
13039
12871
12906
12876
12904
12750
12756
12842
12928
12820
12877
12801
12698
12825
12872
12648
12865
12922
12824
12828
12695
12798
12819
12622
12709
12616
12762
12872
12689
12961
12725
12717
12730
13020
12871
12747
12650
12627
12661
12897
12567
12600
12827
12589
12855
12718
12747
12853
12476
12833
12568
12768
12788
12738
12690
12630
12767
12605
12569
12557
12852
12618
12670
12458
12572
12457
12511
12683
12417
12640
12653
12587
12452
12288
12595
12359
12577
12580
12369
12416
12411
12428
12588
12423
12392
12436
12288
12292
12119
12270
12464
12210
12112
12296
12278
12313
12316
12312
12502
12124
12100
12355
12285
12116
12115
12139
12158
12166
12062
11742
11840
11805
12034
11992
11955
11958
11936
11741
11561
11619
11614
11533
11964
11634
11557
11689
11647
11813
11725
11537
11467
11625
11540
11419
11619
11251
11424
11437
11292
11204
11267
11341
11285
11335
11303
11278
10980
11134
11038
11062
10956
10898
10879
10918
11047
10739
10855
10955
10544
10607
10868
10744
10688
10613
10432
10703
10628
10396
10458
10549
10377
10255
10253
10405
10384
10393
10378
10369
10328
10408
10064
10289
10140
10123
10083
9923
10166
9930
9843
10037
10062
9878
10092
9867
9829
9893
9705
10006
9790
10036
9859
9778
9858
9784
9698
9942
9670
9874
9805
9753
9792
9450
9441
9697
9690
9548
9632
9453
9498
9523
9467
9424
9590
9573
9611
9686
9578
9415
9497
9565
9258
9514
9278
9379
9523
9427
9508
9360
9326
9279
9361
9422
9240
9273
9424
9383
9140
9380
9312
9279
9410
9464
9415
9347
9225
9417
9328
9280
9334
9329
9440
9332
9329
9256
9253
9313
9290
9498
9356
9564
9401
9550
9500
9359
9334
9500
9601
9554
9430
9527
9402
9586
9408
9580
9432
9540
9689
9474
9388
9446
9693
9603
9583
9591
9469
9442
9667
9534
9713
9445
9821
9637
9780
9625
9730
9600
9778
9779
9750
9725
9816
9636
9759
9665
9711
9763
9607
9610
9619
9799
9620
9484
9435
9598
9460
9301
9279
9122
9283
9451
9048
8956
9218
9178
9017
8808
8800
9065
8839
8626
8615
8668
8760
8579
8546
8668
8693
8735
8695
8375
8670
8665
8434
8420
8351
8448
8509
8427
8121
8316
8390
8149
8157
8484
8214
8276
8225
8091
8181
8239
8154
8226
8101
8166
8116
8110
8218
7917
8142
8117
8185
8128
8095
8045
7947
8105
7955
8042
8116
8079
8035
8010
8106
8090
7919
8058
7843
7841
7806
7867
7857
8106
7988
7850
7810
7893
7838
7724
7686
7899
7812
8007
7670
7756
7679
7764
7743
7827
7740
7776
7813
7710
7771
7841
7632
7720
7702
7716
7624
7661
7544
7565
7677
7638
7666
7643
7732
7747
7557
7459
7545
7668
7686
7671
7749
7482
7497
7591
7540
7510
7532
7518
7351
7585
7390
7482
7532
7446
7610
7635
7495
7565
7529
7279
7656
7324
7393
7559
7497
7278
7376
7423
7444
7354
7568
7423
7361
7293
7393
7369
7535
7454
7436
7390
7398
7365
7277
7323
7122
7308
7252
7260
7225
7196
7374
7217
7401
7229
7268
7291
7135
7228
7142
7243
7182
7374
7175
7211
7090
7302
7128
6969
7191
7111
7270
7110
7118
7227
7102
7185
7261
7070
7109
7040
7145
7055
7268
7124
7057
7037
7088
6919
7041
6997
7054
7093
7114
7111
7098
7059
7010
6982
7048
7042
7063
6993
7027
6871
6904
6905
7117
6989
6830
6795
7011
7054
6982
7073
6926
6926
6876
6919
7080
6955
6924
6909
6812
7010
6969
6782
6789
6788
7005
6900
6886
6951
6893
6968
6895
6933
6744
6784
6907
6816
6824
6664
6956
6826
6870
6690
6901
6871
6772
6737
6625
6812
6764
6682
6890
6853
6784
6769
6737
6782
6736
6730
6716
6696
6713
6773
6766
6502
6615
6756
6715
6797
6603
6790
6559
6634
6682
6692
6563
6806
6727
6709
6500
6642
6751
6596
6810
6655
6570
6619
6590
6657
6577
6574
6523
6545
6576
6386
6653
6533
6628
6629
6766
6515
6605
6449
6528
6585
6499
6467
6465
6431
6450
6624
6490
6485
6482
6783
6527
6481
6538
6536
6575
6510
6502
6370
6492
6557
6473
6430
6486
6492
6493
6471
6453
6478
6676
6456
6364
6343
6447
6369
6464
6311
6297
6340
6402
6437
6400
6407
6429
6427
6307
6402
6344
6358
6372
6461
6318
6441
6307
6503
6331
6348
6270
6386
6221
6358
6351
6358
6311
6529
6303
6360
6254
6325
6244
6266
6250
6305
6337
6358
6182
6420
6269
6220
6273
6233
6348
6389
6291
6312
6138
6345
6323
6182
6102
6265
6296
6229
6206
6268
6220
6244
6349
6109
6191
6112
6119
6252
6177
6109
6216
6326
6169
6212
6233
6062
6135
6171
6221
6030
6212
6059
6138
6332
6071
6206
6204
6301
6200
6267
6121
6182
6181
6158
6266
5995
6158
6082
6296
6361
6105
6440
6487
6276
6292
6331
6321
6369
6465
6519
6670
6725
6735
6714
7062
7192
7158
7231
7524
7618
7687
7882
8239
8121
8503
8717
8946
8971
9247
9500
9652
9856
10106
10386
10440
10830
10900
11450
11314
11646
12056
12059
12529
12482
12878
12984
13302
13290
13532
13723
13896
14085
14128
14382
14694
14781
14947
15277
15340
15528
15579
15581
16062
16387
16649
16923
17160
17597
17722
18215
18296
18538
18797
19133
19642
19587
20106
20389
20173
20177
20093
20187
19941
19596
19452
18914
18731
18117
17861
17445
17093
16493
16053
15695
15153
14521
14048
13549
13044
12711
12176
11817
11498
10916
10573
10187
9758
9753
9113
8814
8512
8298
8015
7669
7529
7275
7057
6938
6751
6574
6492
6498
6185
5974
6050
5996
5839
5908
5832
5614
5760
5631
5642
5584
5474
5528
5355
5378
5440
5476
5430
5383
5229
5398
5518
5513
5451
5474
5395
5398
5508
5212
5358
5322
5339
5392
5510
5281
5336
5385
5426
5457
5352
5374
5312
5303
5303
5320
5236
5386
5271
5262
5339
5432
5313
5348
5297
5316
5250
5249
5300
5299
5345
5225
5291
5259
5353
5225
5396
5345
5274
5168
5333
5360
5209
5340
5265
5267
5307
5294
5169
5360
5195
5318
5151
5356
5274
5255
5301
5261
5334
5206
5301
5235
5160
5288
5238
5265
5148
5181
5202
5242
5369
5383
5247
5182
5341
5254
5284
5201
5280
5301
5176
5148
5232
5302
5330
5125
5216
5169
5149
5286
5237
5237
5209
5314
5094
5258
5229
5284
5223
5296
5388
5225
5344
5193
5139
5240
5424
5323
5203
5190
5232
5303
5416
5403
5326
5339
5350
5340
5404
5344
5504
5371
5694
5622
5512
5614
5745
5642
5917
5970
6078
6334
6348
6552
6669
7005
7134
7412
7614
7905
8406
8533
8931
9426
9959
10431
10695
10927
11516
11872
12451
12707
13515
14090
14547
14900
15683
16159
16487
17053
17752
18385
18594
19303
19689
20381
20994
21360
21785
22304
22997
23181
23744
24512
24839
25291
25534
25821
26615
26593
27074
27382
28260
28468
29223
29389
30169
30591
31608
31655
32800
33680
33979
35247
35764
36384
37034
37566
37949
38611
38835
38901
38665
38250
38199
37639
37063
36500
35628
34512
34298
33330
32577
31072
30078
28796
27639
26664
25580
24195
23238
22280
20992
19869
19001
18083
17103
16061
15190
14270
13453
12543
11866
11236
10736
9976
9481
9018
8573
8066
7660
7228
6878
6580
6241
6040
5748
5529
5468
5196
5089
4981
4948
4689
4562
4668
4539
4485
4444
4308
4401
4377
4286
4292
4271
4185
4209
4179
4180
4209
4294
4179
4254
4190
4125
4042
4160
4139
4077
4102
4101
4025
4176
4110
3934
3973
3981
4067
3999
4009
4033
4031
4058
4075
3942
4116
4059
4038
3859
3940
4016
3963
3899
3982
3935
3956
3913
3937
3975
3920
3943
3873
3942
3859
3908
4002
3840
3934
3876
3997
3985
3864
3834
3947
4040
3922
3863
3853
3921
3929
3902
3851
3912
3843
3976
3918
3802
3911
3913
3811
3887
3858
3755
3806
3763
3824
3848
3904
3776
3777
3850
3829
3866
3883
3926
3855
3755
3860
4019
3750
3864
3755
3816
3840
3810
3781
3759
3865
3915
3816
3853
3836
3871
3879
3897
3781
3736
3803
3796
3782
3845
3771
3827
3831
3830
3853
3686
3750
3725
3636
3656
3842
3732
3891
3841
3698
3867
3702
3768
3683
3739
3751
3752
3782
3716
3771
3694
3737
3781
3738
3815
3706
3629
3711
3692
3832
3689
3811
3606
3892
3765
3706
3664
3775
3699
3691
3713
3767
3752
3753
3711
3629
3697
3657
3757
3671
3721
3667
3830
3848
3717
3699
3663
3692
3673
3813
3726
3714
3757
3735
3693
3667
3735
3664
3618
3690
3677
3730
3699
3740
3711
3793
3707
3642
3677
3673
3640
3632
3658
3766
3711
3487
3640
3599
3642
3682
3709
3624
3755
3584
3866
3676
3664
3563
3755
3649
3581
3581
3618
3702
3596
3564
3598
3586
3585
3764
3609
3587
3662
3602
3616
3592
3699
3653
3569
3573
3636
3618
3659
3581
3592
3744
3714
3685
3709
3557
3600
3649
3661
3572
3619
3526
3535
3670
3662
3612
3671
3566
3674
3596
3562
3605
3547
3632
3591
3602
3566
3616
3553
3628
3699
3535
3569
3619
3586
3635
3504
3606
3566
3545
3614
3457
3603
3566
3588
3631
3539
3514
3592
3611
3532
3597
3624
3599
3666
3568
3588
3556
3567
3688
3513
3499
3685
3621
3524
3638
3529
3543
3471
3587
3538
3588
3502
3592
3522
3660
3606
3517
3563
3533
3642
3524
3543
3460
3527
3533
3617
3607
3606
3496
3512
3549
3591
3699
3550
3645
3593
3485
3620
3597
3477
3590
3537
3575
3622
3508
3549
3660
3624
3697
3611
3595
3572
3612
3592
3669
3546
3542
3698
3596
3679
3589
3550
3675
3523
3651
3605
3645
3677
3657
3635
3708
3686
3611
3742
3643
3667
3740
3630
3789
3652
3666
3832
3812
3692
3893
3800
3864
3853
3897
3936
3743
3865
3951
3910
3881
4030
4088
4076
4082
4224
4406
4433
4481
4675
4854
4974
5117
5372
5598
5935
6263
6706
6899
7361
8068
8538
9001
9788
10423
11378
12217
12992
13901
14629
15791
16952
18230
19530
20781
21915
23358
24821
26152
27568
29201
30977
32325
34082
35451
36832
38734
40052
42054
43556
45076
46811
48193
50063
50885
52580
54278
55387
57092
58646
59669
60910
62557
63831
64748
65914
67725
68964
70463
72214
73243
75162
76148
78123
79585
81585
83149
85298
86786
89112
91469
92667
94546
95644
97997
98878
99181
100441
100527
99727
99633
98561
97444
95586
94077
92000
89326
87161
84948
82053
78546
75763
72900
69742
66176
62777
59504
56447
53194
50083
46962
43839
41324
38359
35304
32941
30162
27868
25771
23719
22017
20108
18652
16726
15452
14075
12726
11726
10498
9573
8971
8026
7308
6741
6213
5626
4999
4818
4520
4071
3744
3660
3282
3089
3001
2725
2661
2574
2477
2279
2224
2203
2082
1983
1965
1975
1908
1868
1773
1715
1666
1660
1717
1570
1659
1584
1546
1567
1556
1533
1463
1449
1501
1480
1450
1435
1395
1480
1462
1386
1515
1423
1432
1419
1383
1390
1399
1379
1404
1375
1336
1338
1347
1407
1360
1358
1386
1353
1342
1309
1307
1351
1369
1331
1244
1323
1267
1258
1252
1258
1267
1311
1395
1323
1229
1326
1297
1311
1219
1236
1266
1254
1257
1218
1291
1324
1241
1180
1213
1194
1285
1321
1259
1235
1162
1255
1205
1281
1276
1209
1166
1200
1163
1221
1204
1165
1254
1223
1186
1218
1168
1172
1180
1210
1185
1098
1208
1218
1121
1189
1205
1242
1164
1250
1217
1139
1150
1209
1189
1194
1134
1221
1149
1204
1154
1189
1191
1179
1127
1143
1130
1172
1153
1176
1232
1241
1185
1166
1248
1188
1169
1210
1226
1207
1201
1191
1227
1234
1255
1313
1301
1333
1359
1345
1361
1522
1530
1606
1576
1678
1763
1863
1981
2033
2144
2321
2439
2425
2585
2811
2983
2983
3341
3332
3587
3677
3961
4003
4323
4530
4650
4923
5134
5326
5617
5733
6018
6198
6489
6599
6643
6976
7172
7431
7561
7928
8051
8412
8583
8681
8969
9056
9093
9351
9721
9788
9872
10312
10218
10616
10490
10669
11125
11326
11736
11785
11883
12364
12374
12663
12834
13261
13432
13498
13654
13722
13658
13895
13886
13725
13733
13305
13189
12710
12961
12192
12052
11746
11436
11009
10565
10230
9648
9298
9022
8518
7936
7606
7077
6859
6493
6028
5708
5298
4974
4630
4355
4077
3819
3501
3254
2922
2784
2629
2396
2318
2146
2040
1813
1661
1635
1436
1520
1395
1283
1232
1236
1090
1117
992
957
985
967
983
927
868
873
859
815
864
808
856
824
762
735
782
816
746
811
801
759
767
740
750
690
712
723
659
734
738
682
710
708
701
662
667
740
663
690
701
717
710
707
685
692
741
665
709
656
686
669
679
688
655
669
683
674
665
674
648
715
666
728
657
667
674
661
674
654
645
678
691
672
646
649
665
648
681
650
633
699
630
661
632
617
646
635
652
671
664
636
593
652
683
630
623
639
626
616
664
649
611
605
662
694
650
619
662
650
602
625
608
637
608
635
584
653
602
619
594
634
600
608
624
583
585
630
596
642
608
603
622
619
620
649
593
596
581
612
632
637
604
634
614
595
628
594
556
568
585
587
599
617
657
584
610
637
600
606
576
647
577
600
590
584
545
600
590
618
586
581
586
591
535
619
589
565
611
595
572
576
583
590
577
587
578
558
576
592
573
600
610
568
560
551
522
586
565
590
576
559
537
533
589
587
571
613
577
599
551
578
538
565
570
557
575
579
540
539
556
537
565
546
574
553
517
580
573
519
567
540
550
546
556
553
557
586
577
527
527
564
540
551
534
566
590
521
535
525
523
535
538
569
539
541
498
565
579
543
560
553
524
573
517
543
528
501
537
544
561
525
560
521
549
513
539
532
560
548
524
517
533
565
572
539
542
539
525
563
515
510
474
587
486
528
553
557
513
507
528
489
522
526
521
532
535
515
557
509
526
539
520
529
531
515
500
537
559
509
532
533
518
547
525
534
557
475
498
562
477
518
529
517
522
536
522
505
501
539
518
511
560
535
484
486
491
532
518
511
504
515
492
520
511
509
503
529
492
479
498
518
506
503
543
527
513
550
514
545
502
499
507
538
538
510
488
479
491
500
491
521
512
496
512
524
496
532
491
498
525
502
523
496
530
508
498
530
519
495
486
484
508
475
506
504
519
495
507
507
539
464
527
481
541
513
485
485
499
480
510
476
492
451
492
486
550
506
533
537
492
518
502
493
486
527
498
499
509
524
495
490
507
516
481
536
520
523
542
467
547
556
527
561
530
554
507
523
533
538
611
545
536
576
539
552
527
499
523
563
551
543
546
559
567
591
505
537
597
577
552
565
588
562
581
570
530
550
582
565
577
600
628
561
600
553
551
607
590
578
565
516
553
558
577
590
521
513
528
481
498
519
491
486
480
517
519
480
511
447
463
471
496
461
466
432
454
452
445
436
443
429
457
442
432
444
446
465
438
424
420
465
434
428
471
394
405
451
419
441
445
438
449
420
413
428
427
409
441
386
405
390
402
414
456
415
416
416
410
448
415
394
389
422
425
396
451
409
409
427
409
411
425
431
445
413
424
421
419
435
422
436
424
388
420
403
443
421
396
385
390
400
406
405
403
399
407
436
448
395
398
415
411
432
396
413
390
415
434
402
394
379
407
405
379
410
414
368
396
394
398
396
386
376
405
406
391
373
422
399
440
404
383
421
440
442
424
339
416
403
437
390
385
362
383
400
393
428
395
373
412
431
382
406
390
412
388
365
377
392
378
385
389
391
448
386
408
400
373
371
416
413
400
399
401
380
373
347
350
354
379
400
391
386
388
396
374
370
393
362
369
385
361
397
402
377
370
401
417
393
413
391
431
398
369
386
416
407
356
388
372
367
344
391
381
353
377
361
366
398
385
369
416
401
415
367
395
401
366
391
370
372
377
384
350
377
372
402
351
387
345
393
383
318
338
351
364
373
407
348
397
354
377
388
388
380
379
346
354
344
359
383
358
348
390
348
396
351
379
370
408
325
391
366
399
366
372
361
402
373
369
348
349
374
361
348
350
375
365
375
330
386
353
363
322
391
363
352
312
333
344
339
357
361
351
343
354
338
335
334
367
355
371
348
390
359
351
366
347
370
333
341
381
359
332
322
319
344
357
376
332
337
373
364
352
330
390
345
385
338
371
324
306
393
338
339
353
359
342
322
346
337
319
366
324
356
334
318
338
346
329
391
305
353
311
340
365
371
367
338
349
327
309
312
311
330
352
350
339
326
368
331
332
340
352
359
333
324
348
302
323
312
309
344
319
386
316
300
340
331
320
336
309
366
359
315
330
323
345
342
344
350
338
360
303
314
322
355
308
311
333
339
329
305
308
327
312
314
331
288
368
331
309
305
344
311
350
288
297
306
299
293
320
315
337
308
310
285
307
320
334
308
295
295
312
309
326
315
309
330
340
318
315
327
322
310
332
278
324
278
292
317
330
303
328
307
348
309
330
308
318
290
305
318
320
323
300
321
329
302
326
272
276
287
321
316
301
321
305
329
302
287
288
311
301
287
314
304
281
293
342
317
350
285
342
327
318
302
282
277
326
321
316
295
315
288
296
268
316
276
327
310
285
302
310
306
282
314
345
306
289
315
297
290
288
335
308
299
313
314
308
303
322
284
301
295
288
315
306
359
306
284
276
338
279
279
297
299
267
293
297
306
296
299
302
284
277
282
295
285
341
271
339
290
284
294
283
285
302
307
278
273
322
349
289
279
297
306
346
258
278
294
287
294
284
301
270
297
277
312
280
279
316
288
331
264
284
296
284
263
275
296
297
268
298
264
297
302
281
287
292
299
275
287
282
306
263
296
253
297
280
292
292
284
275
298
306
297
251
272
280
277
270
301
278
296
287
294
264
277
287
270
256
277
266
267
277
275
261
264
270
271
308
231
296
268
271
271
276
245
267
274
265
263
292
255
233
256
263
295
275
263
257
285
247
283
280
284
277
274
290
262
275
260
283
259
260
269
259
252
302
268
282
289
269
264
266
287
242
254
306
263
278
274
254
273
286
269
271
295
269
282
255
256
254
277
258
262
265
294
250
287
276
291
278
296
268
292
282
232
305
277
293
270
271
262
281
238
259
293
252
217
273
257
273
241
248
293
266
265
285
257
268
258
247
238
290
260
265
251
236
281
252
238
239
259
248
233
280
257
284
248
264
215
272
261
259
252
244
236
250
259
247
272
266
227
273
242
260
205
236
245
246
231
247
235
232
216
256
220
243
245
235
252
239
246
237
245
219
248
241
210
260
237
258
229
219
240
237
249
226
245
246
258
198
232
229
253
244
246
243
226
237
216
233
261
227
243
227
247
232
236
239
241
253
224
236
237
228
228
242
219
202
216
230
218
222
207
211
228
225
236
234
228
214
227
261
217
255
255
264
230
229
215
219
214
228
221
219
224
225
219
196
228
201
234
251
236
194
223
209
200
219
226
215
225
204
212
201
233
230
210
224
235
229
182
209
201
214
200
249
219
198
214
187
204
216
227
224
215
193
192
226
208
216
220
200
214
211
233
200
256
209
201
236
219
191
196
217
229
200
242
216
224
202
208
209
195
214
215
208
202
190
199
239
192
228
187
215
212
196
219
200
188
217
203
200
186
230
199
217
220
217
200
202
207
192
206
210
223
231
198
224
208
189
191
213
201
217
239
208
216
202
216
182
196
207
213
219
202
192
214
222
188
215
216
197
183
201
197
184
219
208
194
179
203
210
209
201
180
182
183
210
203
204
192
194
193
199
198
177
178
216
204
202
197
218
190
210
179
192
186
190
215
189
202
186
152
189
183
170
206
191
221
202
202
202
188
236
213
203
166
183
175
187
182
219
190
182
182
186
203
190
201
212
207
197
183
200
152
155
215
178
191
172
185
195
193
171
176
174
173
195
187
207
172
181
193
177
170
197
193
166
164
186
203
182
191
191
181
191
171
189
165
174
173
162
166
191
187
213
169
197
190
201
195
178
208
174
177
160
181
217
175
188
168
162
170
165
175
192
179
168
180
172
194
195
173
179
161
178
200
178
189
183
162
199
173
173
168
168
173
181
178
170
165
195
172
153
185
148
182
175
179
178
183
162
182
187
180
151
175
157
176
145
176
160
153
175
166
196
170
176
182
172
180
172
160
171
175
176
154
175
170
137
185
173
158
168
166
169
165
180
165
175
147
171
145
155
183
159
170
173
153
141
177
158
151
173
166
166
166
178
177
147
158
171
157
157
148
158
149
176
154
140
133
161
156
166
135
198
164
159
165
174
150
151
160
183
163
161
146
172
148
158
163
167
159
160
162
169
122
142
148
157
158
140
146
164
171
159
146
161
160
145
139
162
182
153
156
157
157
149
170
173
158
153
150
138
143
147
133
162
147
152
134
157
158
155
150
136
140
156
151
151
157
143
147
151
174
138
139
169
164
157
141
149
147
153
123
148
154
172
172
163
177
153
152
141
145
138
125
147
141
125
146
151
156
140
153
146
151
152
144
162
141
126
129
133
159
139
146
140
146
151
139
173
142
126
162
155
148
147
153
140
143
155
144
153
135
117
147
136
165
155
140
148
159
151
152
135
139
133
156
154
137
141
119
144
138
147
137
147
132
141
156
145
159
159
133
138
122
113
139
164
135
155
139
150
131
143
137
145
144
160
148
142
138
130
157
154
167
147
152
148
131
132
140
145
141
159
144
146
140
126
149
121
139
134
149
157
146
131
138
143
142
138
143
128
130
132
147
138
137
142
150
145
145
145
122
142
131
128
132
158
145
133
121
163
122
124
140
150
129
131
149
120
134
127
133
131
134
127
126
140
138
137
163
126
119
142
123
122
119
133
133
134
131
145
118
148
137
124
125
118
116
131
133
131
116
110
105
111
119
119
119
103
127
118
146
129
131
114
143
112
116
131
111
126
136
132
124
126
127
112
114
128
125
115
121
120
116
132
117
112
127
124
128
107
112
121
118
118
126
118
128
108
123
124
118
127
118
119
125
120
120
112
109
115
109
118
137
134
130
130
133
105
115
116
134
132
126
130
122
135
132
104
110
109
116
121
114
119
124
120
119
123
136
114
129
102
122
114
114
124
116
136
122
110
129
113
112
103
119
110
113
128
127
106
126
127
115
127
137
118
124
123
115
109
115
123
107
121
110
138
106
105
125
132
100
108
116
119
112
104
116
108
103
100
123
105
109
120
128
101
118
125
137
115
118
111
123
124
126
114
131
102
135
121
125
105
113
120
120
123
119
123
127
129
102
110
111
116
128
122
127
129
121
117
100
113
122
123
119
109
116
123
115
129
131
107
133
108
132
130
102
135
129
138
104
123
96
133
128
115
123
128
110
99
143
112
123
134
123
138
117
134
121
125
115
134
128
119
107
123
112
111
130
119
124
122
126
134
123
112
140
136
103
116
91
111
104
124
103
128
103
121
123
121
106
94
93
112
97
111
118
103
108
112
123
105
112
114
101
118
118
101
105
84
99
130
97
109
103
118
104
105
86
103
99
110
98
102
102
88
102
105
87
111
100
102
106
89
98
122
89
85
92
104
115
95
108
104
97
87
95
88
109
120
103
97
93
108
83
100
93
99
101
99
101
90
91
105
90
103
107
107
87
101
92
109
113
102
89
104
94
106
79
102
106
107
106
104
106
84
118
83
94
89
93
83
84
107
102
101
91
110
97
91
102
87
97
95
87
95
119
91
97
83
105
88
93
99
98
97
97
94
88
84
82
116
103
104
94
91
78
107
92
81
92
101
105
89
101
111
113
98
109
114
96
91
83
86
117
89
100
118
95
87
96
90
96
114
85
123
112
91
113
100
104
104
104
95
114
93
120
90
97
90
93
97
105
91
114
100
103
123
101
108
92
99
109
88
92
89
96
99
99
103
103
92
99
95
109
97
91
103
77
101
93
79
102
111
114
94
105
105
71
92
100
105
88
86
89
96
85
90
101
76
83
86
97
98
89
86
87
99
77
82
86
101
92
84
102
101
104
94
85
93
79
95
84
76
75
99
100
94
87
69
80
77
85
89
82
96
75
75
73
96
85
89
88
86
85
78
69
71
78
87
67
81
83
92
90
90
98
96
92
77
75
79
77
91
85
68
69
81
82
77
83
90
85
65
84
87
82
82
73
77
82
80
86
99
95
98
71
67
86
91
102
81
97
86
81
81
69
78
94
102
77
84
73
73
83
105
89
75
89
78
94
89
88
78
62
83
69
83
98
89
89
85
80
76
82
86
79
74
86
73
83
76
65
71
94
84
78
87
82
76
68
70
84
97
74
87
68
68
70
71
93
85
67
78
84
68
91
79
89
87
70
82
88
79
84
95
85
79
77
83
104
86
103
76
96
85
88
79
90
83
78
82
79
73
97
90
80
90
83
78
62
84
85
100
89
72
60
101
92
83
98
92
78
80
96
84
101
77
97
67
89
105
98
83
89
93
98
108
86
95
93
79
106
81
82
98
105
95
86
112
81
101
106
102
103
92
90
93
92
115
99
98
97
86
91
96
109
104
98
103
100
108
80
90
116
89
82
96
78
105
95
99
75
93
85
96
86
76
104
98
97
101
86
82
89
68
82
74
73
72
78
69
82
94
81
76
74
76
59
63
70
74
79
64
73
60
69
48
60
72
63
64
74
56
66
80
64
51
60
66
56
52
60
40
49
51
66
55
63
57
49
51
49
49
61
41
49
61
55
53
61
54
61
51
55
46
68
49
49
61
59
55
50
62
44
62
45
56
66
56
64
56
40
38
51
53
53
60
48
62
54
50
57
50
49
62
53
48
59
49
41
42
51
57
65
57
44
53
42
53
49
53
44
62
39
49
55
48
63
62
43
49
41
48
54
46
56
56
51
49
53
42
51
44
55
58
39
40
61
50
61
56
68
57
65
51
57
53
52
54
51
45
49
46
52
38
51
50
52
50
44
57
43
53
52
44
55
41
46
59
49
45
49
59
51
55
70
44
44
54
52
37
49
58
45
43
47
67
34
34
49
55
50
38
50
56
57
42
54
53
37
50
47
49
37
62
41
54
51
58
62
57
39
55
48
44
62
45
56
56
58
53
61
42
60
53
42
58
57
42
46
42
50
45
51
50
53
50
50
52
53
43
44
56
47
52
47
58
51
64
55
61
47
46
55
56
66
54
52
57
54
57
45
45
52
54
55
53
50
59
51
48
54
43
56
58
67
55
50
63
47
62
58
44
59
54
63
50
52
59
52
52
47
52
52
50
50
44
40
48
56
38
58
54
50
39
55
44
47
52
45
57
46
43
54
50
56
51
50
60
58
50
50
44
36
52
41
53
55
48
52
39
42
59
42
43
50
41
56
47
47
59
51
46
41
38
39
48
39
47
62
38
40
47
42
36
41
47
53
43
40
47
56
61
42
49
47
41
46
59
46
53
42
50
43
66
50
47
49
55
43
57
46
43
48
45
55
45
49
47
49
43
55
49
46
45
51
44
54
44
50
50
54
50
50
66
51
55
44
41
43
41
49
69
44
38
49
45
52
42
61
54
55
67
47
57
52
38
52
44
51
50
35
44
53
46
45
49
40
54
55
42
62
47
68
54
71
49
49
48
52
42
51
63
77
43
57
63
54
52
61
57
62
56
64
51
50
50
64
65
59
61
65
51
61
59
53
53
67
63
41
70
61
62
53
73
55
61
58
76
70
53
54
59
78
73
71
62
77
72
66
64
76
68
67
85
74
90
67
75
81
60
64
66
67
56
69
71
82
75
74
57
79
74
83
74
68
74
80
79
66
81
80
80
78
78
73
60
82
63
67
81
62
77
70
81
68
78
73
73
64
66
58
68
67
67
72
60
60
60
60
59
46
56
62
48
44
53
45
27
43
39
33
43
39
29
43
44
31
28
33
36
32
19
30
22
31
23
16
30
34
26
13
18
30
22
29
20
24
15
28
21
24
21
15
16
14
24
21
19
13
22
19
17
25
28
18
10
22
22
18
21
18
18
20
21
23
25
20
21
16
13
25
21
24
16
23
22
22
21
22
22
20
28
20
25
23
30
18
17
20
31
25
12
22
14
16
21
25
12
18
17
18
15
20
22
20
18
26
19
13
21
16
21
17
22
20
21
24
17
13
17
30
16
22
22
17
18
21
20
23
23
22
21
21
17
16
30
23
20
20
16
23
22
23
18
23
29
21
29
19
16
32
21
22
17
19
20
21
12
18
29
17
23
30
19
21
24
25
16
20
14
23
21
21
26
20
25
23
17
10
15
18
22
26
23
17
26
22
26
23
26
17
27
21
9
26
24
17
21
17
25
27
18
22
27
18
16
19
20
26
18
26
25
19
22
22
25
20
27
18
24
28
25
29
26
17
25
33
24
21
26
20
21
18
24
22
26
25
26
23
20
20
20
29
18
25
19
26
21
20
25
28
22
29
25
34
27
26
23
32
28
27
30
26
21
26
23
19
29
22
21
29
25
26
28
24
23
21
28
32
24
23
28
21
17
25
15
16
18
19
17
21
20
16
22
15
26
18
17
18
17
20
17
15
14
21
14
16
17
12
21
8
10
6
14
7
10
15
7
10
12
9
7
15
12
12
13
20
10
18
9
15
9
11
14
17
10
10
8
8
13
8
8
13
15
10
10
6
8
7
10
12
10
7
6
13
5
14
13
9
10
20
9
13
9
9
15
12
12
10
7
14
12
13
9
8
5
14
9
13
10
9
12
8
12
11
11
18
7
5
12
7
3
14
9
7
7
9
12
8
9
11
7
2
4
11
11
9
11
9
15
15
8
11
10
5
10
13
6
8
17
16
6
9
15
11
15
6
2
10
10
13
15
11
7
3
9
8
9
11
8
21
8
12
5
9
12
4
14
15
7
9
9
6
11
10
7
18
5
14
18
8
11
11
5
10
10
9
19
12
9
8
10
8
10
8
9
10
11
15
8
8
10
9
13
10
7
14
6
11
7
8
6
9
9
13
13
9
8
15
6
9
7
13
20
18
9
12
6
10
13
13
12
4
13
11
10
19
12
9
7
16
12
8
11
12
13
12
5
7
17
6
6
10
11
10
13
5
15
6
13
7
4
10
14
12
8
14
14
13
16
23
12
10
16
7
5
14
11
12
14
3
20
11
15
17
7
12
9
15
9
14
14
14
11
10
12
8
12
6
6
8
3
6
10
13
11
8
9
12
14
10
6
10
13
11
10
8
7
13
3
12
12
12
14
13
12
8
10
10
7
10
9
8
11
8
13
9
11
7
13
10
12
9
9
6
8
8
6
9
8
10
15
10
5
7
13
14
5
10
8
10
11
8
5
9
6
8
7
11
16
6
9
5
6
11
8
8
5
10
8
14
8
6
11
7
11
12
13
11
8
8
6
9
9
9
9
10
7
11
8
14
6
8
7
8
13
7
13
2
6
9
7
8
13
5
6
7
11
5
10
9
7
8
1
6
10
8
10
9
12
9
6
4
5
14
5
13
7
10
10
12
11
13
8
8
7
7
9
6
10
6
3
12
8
9
13
11
8
12
6
5
11
10
7
8
8
6
2
10
9
6
6
4
8
8
10
7
7
9
9
5
8
7
5
9
8
9
10
7
7
10
8
8
10
7
8
11
8
5
10
9
7
10
12
7
6
5
7
14
7
8
6
6
7
5
7
8
5
9
8
14
9
5
7
11
6
5
5
7
10
6
15
13
7
6
11
6
10
8
6
7
12
6
10
12
13
12
11
2
15
9
16
12
8
9
19
12
8
7
11
10
18
12
12
9
5
12
9
7
8
10
5
10
12
5
10
9
11
8
10
10
12
8
12
14
4
8
16
6
8
10
8
7
7
8
10
4
13
6
14
7
7
6
8
10
10
5
11
4
5
4
6
6
9
8
4
4
11
14
11
6
6
9
10
3
6
12
11
10
11
9
12
6
10
7
5
5
9
10
12
10
8
6
6
5
10
10
2
8
6
8
10
14
6
12
9
5
6
0
4
11
6
8
10
7
13
13
7
8
7
3
4
6
9
12
3
10
9
5
8
10
2
8
7
13
12
10
7
8
4
7
7
5
5
10
6
11
6
10
4
12
5
8
12
3
7
8
5
4
6
5
10
6
12
8
6
9
8
10
4
3
7
11
10
8
8
6
8
8
5
6
14
6
3
6
4
1
10
6
5
13
4
6
3
6
7
9
7
3
10
8
10
5
5
7
0
5
8
9
3
7
10
7
4
6
10
9
9
5
6
1
6
9
11
6
9
2
7
3
8
2
6
7
9
4
7
7
6
8
5
7
7
6
7
3
10
9
4
9
7
6
11
6
3
5
5
6
7
5
8
6
6
6
4
7
5
1
4
4
5
7
8
9
7
5
9
9
6
6
5
10
5
5
11
10
4
6
3
6
4
6
3
4
3
6
3
9
1
8
8
5
10
7
5
6
9
4
8
8
7
4
7
4
7
2
6
6
4
5
6
8
8
3
4
7
7
3
8
4
9
3
3
5
8
10
6
7
6
3
7
9
2
4
6
5
4
3
9
5
11
3
8
4
1
5
5
10
5
6
5
5
13
2
5
3
8
8
3
6
5
10
6
7
8
8
5
7
10
4
7
3
12
14
4
3
7
6
8
10
6
5
4
10
5
6
14
8
6
7
8
11
5
6
2
4
3
11
7
5
13
7
11
7
3
11
6
11
8
7
4
6
6
5
6
7
4
7
5
3
4
11
3
4
10
8
11
6
4
8
9
3
11
5
5
4
10
8
9
8
5
6
5
7
10
6
11
6
10
7
5
8
7
10
7
8
8
3
5
3
4
7
11
8
8
5
4
7
4
6
5
7
6
4
1
2
10
8
4
6
10
6
9
6
6
6
7
9
8
9
6
4
7
6
8
8
10
4
4
5
6
5
2
6
5
8
6
5
4
4
11
3
5
9
8
4
5
6
10
11
2
5
3
6
5
2
7
8
5
14
2
3
5
8
5
7
6
7
7
5
11
5
8
6
8
7
7
10
4
7
14
7
6
4
8
5
4
4
8
1
2
4
5
5
6
5
5
6
5
2
3
10
11
5
2
3
4
6
3
5
8
7
4
4
4
4
9
5
4
6
2
4
11
9
4
5
4
3
1
5
5
4
10
12
4
9
9
6
4
7
5
5
6
0
6
7
8
2
10
7
10
6
3
3
7
3
4
6
8
8
4
7
4
7
4
6
7
11
5
8
3
8
6
8
5
1
6
5
4
8
10
7
1
6
6
7
6
5
5
7
4
9
6
7
4
6
2
6
3
8
7
4
5
5
4
4
8
4
8
7
6
5
4
6
9
3
8
7
6
14
3
3
3
6
9
4
7
9
12
5
6
8
5
3
7
7
3
7
7
5
6
2
6
9
6
8
6
7
5
2
4
7
3
5
5
7
3
7
3
5
9
9
7
2
2
5
10
6
5
11
4
6
9
7
7
7
7
3
5
5
9
4
6
4
7
5
5
5
4
4
4
7
6
9
4
9
6
9
6
5
5
6
5
5
8
8
4
4
4
9
5
6
2
4
1
2
3
4
4
2
5
3
7
6
1
7
1
7
5
5
4
5
5
5
6
3
4
11
5
7
4
3
6
3
6
4
6
9
5
11
3
6
2
4
7
4
8
4
6
5
9
2
5
6
8
9
4
4
7
3
4
2
7
3
11
6
7
8
8
6
4
3
3
4
4
2
4
4
3
6
9
2
4
4
6
8
7
4
3
5
3
4
6
5
12
5
2
8
9
4
5
8
3
7
5
3
8
4
4
6
4
2
4
5
3
7
4
4
2
6
2
5
3
4
6
4
9
3
2
1
5
4
2
4
3
4
3
2
2
3
7
5
8
6
2
2
5
5
6
4
6
6
4
5
8
6
4
5
9
10
3
6
7
6
6
5
2
6
3
6
5
7
6
8
4
2
9
3
4
6
5
3
5
2
3
5
9
3
7
6
5
2
5
2
6
5
1
5
4
5
1
4
2
3
7
5
3
8
7
4
2
2
3
8
9
5
4
6
3
7
10
3
4
3
3
9
5
4
5
4
5
8
5
5
3
5
6
4
6
5
3
5
5
6
3
7
5
5
4
6
7
6
5
4
5
5
4
3
0
5
7
8
3
4
7
8
6
4
9
2
4
3
3
2
4
4
2
6
6
4
4
10
7
2
8
6
1
3
3
2
3
2
8
4
6
6
5
2
6
6
3
4
1
1
3
4
8
4
4
5
8
5
5
5
6
2
5
6
4
2
4
5
5
1
3
3
3
5
3
6
6
3
4
4
6
7
8
3
3
3
5
6
9
5
5
4
4
3
7
6
4
6
4
4
7
6
5
7
8
5
5
8
6
6
1
2
4
3
4
14
6
6
3
6
5
2
4
5
6
8
3
5
2
5
3
6
9
4
9
5
5
9
9
10
6
5
10
6
6
4
2
7
10
1
9
12
8
10
11
8
6
7
9
8
9
4
11
10
13
13
11
8
12
8
7
7
11
9
12
5
9
8
9
7
11
10
8
13
9
17
10
9
8
9
7
12
13
12
6
4
9
6
8
12
12
4
10
4
6
9
12
14
5
5
5
8
3
8
4
5
7
6
13
8
11
6
2
9
9
5
7
2
6
1
7
1
5
4
5
3
2
3
7
2
3
7
3
4
5
5
4
7
6
4
3
8
4
6
4
5
5
7
7
8
2
5
6
3
4
2
3
1
6
1
1
5
2
6
3
2
6
7
6
3
9
5
4
2
5
3
2
3
4
1
5
3
6
3
6
10
7
1
1
2
2
6
4
5
3
4
6
9
1
2
3
6
7
4
2
5
4
3
4
2
2
4
7
5
3
4
8
6
1
8
3
5
3
5
4
4
4
4
3
5
3
3
3
7
6
5
1
3
3
1
5
3
7
2
3
5
3
5
5
5
5
3
3
9
5
3
4
5
6
1
2
5
5
5
2
5
4
7
2
4
6
7
1
6
3
2
4
6
6
9
3
5
3
3
8
4
4
6
7
2
4
6
6
6
5
4
6
5
6
7
7
10
6
3
3
5
4
8
5
4
7
5
4
5
1
5
6
4
1
2
3
3
5
4
8
4
8
1
4
9
7
4
0
2
5
7
5
6
3
2
2
5
2
2
6
3
2
2
4
2
4
4
6
1
10
3
2
5
7
2
3
2
6
4
1
2
3
3
3
8
6
6
2
5
5
4
2
7
3
1
1
4
2
3
3
1
1
7
3
5
1
1
5
6
5
3
4
7
5
2
5
3
3
1
4
5
0
4
4
2
6
1
4
5
2
3
6
3
1
7
6
3
6
3
6
2
3
3
5
6
4
6
11
4
4
6
1
4
3
8
9
6
3
4
6
4
4
4
4
5
4
2
3
7
6
3
4
6
2
6
8
4
5
5
3
2
4
3
6
2
3
10
3
2
1
3
3
1
1
4
6
3
3
6
6
6
3
1
3
1
2
2
7
2
5
3
3
3
4
1
2
3
5
4
3
5
7
2
6
5
1
4
3
8
6
4
2
3
7
3
1
7
6
7
3
4
5
2
1
6
3
0
3
2
1
6
2
2
5
4
5
2
3
4
3
1
1
3
4
6
1
5
8
7
3
5
8
7
2
7
6
3
4
3
6
4
2
2
4
5
1
4
6
7
3
5
5
2
2
7
8
5
1
5
7
6
3
1
7
4
5
3
7
6
4
7
8
3
2
3
6
4
4
5
5
4
8
1
4
7
4
6
3
5
4
4
4
9
3
3
4
2
5
4
6
7
4
8
4
7
5
4
6
3
7
9
6
3
7
9
5
6
13
4
4
8
4
7
8
9
4
5
8
7
3
4
3
5
6
4
9
6
10
9
11
8
2
8
7
4
8
3
8
3
2
6
6
6
7
10
4
5
2
8
5
4
9
3
5
2
6
5
3
1
4
3
3
8
6
4
4
5
3
2
6
8
3
6
3
4
5
3
2
5
5
4
5
3
4
4
5
7
2
3
5
5
4
2
3
1
5
3
3
1
0
5
4
7
4
2
3
6
3
1
3
1
4
7
3
7
3
1
6
2
1
2
3
2
2
4
1
1
4
3
3
4
0
5
0
4
5
2
5
1
2
4
4
3
1
4
2
3
1
7
3
3
3
2
4
5
5
2
4
1
5
0
3
0
3
2
5
3
7
3
4
2
2
5
2
4
3
3
4
4
2
4
2
7
4
4
3
2
3
4
5
2
0
1
3
1
4
0
4
3
3
2
3
5
2
5
5
5
7
3
3
2
2
4
3
4
4
6
4
3
1
2
4
3
6
4
2
5
2
4
3
9
2
4
4
3
4
5
2
2
4
2
4
3
3
2
1
3
2
2
5
2
5
3
5
2
5
1
2
9
4
2
5
6
6
3
1
5
0
4
1
1
3
6
3
4
0
1
3
3
4
1
5
4
3
7
4
1
1
2
1
6
2
1
1
4
6
4
0
0
0
8
1
3
5
2
3
4
8
4
1
4
6
4
3
2
2
4
0
6
1
0
0
4
3
0
3
1
0
3
0
2
3
0
4
4
3
2
7
6
1
2
4
4
5
1
3
3
2
4
1
3
5
1
4
2
7
5
5
5
4
5
3
1
3
2
3
1
1
4
7
6
1
6
4
5
2
3
4
3
5
3
1
5
4
2
2
2
3
1
2
0
2
4
6
4
2
4
8
7
3
4
3
1
3
7
7
9
2
3
5
5
4
5
2
6
5
1
2
2
4
4
7
6
6
4
5
0
3
3
0
3
0
0
0
5
4
2
5
4
5
4
5
4
1
4
2
7
3
0
4
6
2
0
4
3
2
5
2
3
3
4
3
7
5
1
3
2
5
1
4
3
5
2
2
3
4
2
2
2
3
6
6
4
1
2
1
2
4
6
5
4
1
1
2
5
1
5
3
1
1
1
6
2
1
1
4
4
2
2
4
5
0
3
4
5
0
2
3
3
3
3
4
4
2
4
2
1
4
0
1
3
1
3
4
2
3
2
1
2
3
2
3
3
2
6
0
5
1
3
1
4
2
5
0
2
6
2
0
1
2
4
3
4
3
2
1
4
4
1
3
6
1
1
1
6
3
1
2
3
3
3
1
4
4
1
3
4
2
2
3
1
7
2
4
5
7
5
4
2
2
2
0
3
1
2
0
1
3
3
4
4
6
1
3
2
5
1
2
3
2
1
1
3
3
3
3
1
2
3
1
1
4
0
3
3
0
3
4
3
7
5
2
0
1
5
3
5
3
0
3
1
2
6
3
3
3
3
1
2
1
2
2
4
2
2
2
2
3
2
3
2
4
3
6
3
0
5
6
3
2
5
3
1
8
2
3
4
4
2
4
2
4
3
1
3
2
4
3
2
1
0
2
3
2
0
4
2
2
4
1
3
3
7
5
0
1
4
5
1
3
2
2
2
4
3
5
2
2
1
2
1
2
3
0
2
3
2
0
4
4
6
3
1
4
3
1
2
4
1
1
1
1
4
5
4
2
2
2
4
7
2
1
3
3
1
7
3
3
3
2
3
1
3
3
4
3
3
5
0
3
6
2
2
3
4
2
2
3
6
3
3
4
3
1
5
0
3
2
1
2
1
0
1
4
3
4
5
2
5
1
2
6
2
4
2
4
2
2
2
3
1
2
5
5
3
5
3
2
3
3
2
3
4
1
2
1
6
0
1
4
2
6
0
6
2
1
6
1
1
2
2
5
2
6
1
3
5
6
2
3
2
3
0
4
6
3
1
3
4
2
2
8
4
0
3
2
3
0
7
3
0
2
5
1
1
1
4
2
1
3
2
2
0
1
4
1
3
3
6
6
3
4
4
4
3
3
3
5
2
3
2
5
2
5
3
1
1
4
0
3
0
3
2
5
4
1
1
3
3
5
0
4
1
5
1
0
2
4
2
1
3
3
5
3
2
5
3
3
4
1
0
2
5
3
3
2
1
2
1
1
4
3
3
4
0
3
0
8
3
2
3
4
1
2
2
2
4
0
5
4
2
3
6
4
0
1
2
2
2
3
1
7
2
1
1
2
2
5
2
3
0
4
1
3
3
5
3
2
4
4
4
1
6
0
2
3
5
3
5
3
3
4
2
2
2
4
1
3
3
1
4
3
1
4
5
3
3
1
5
2
2
4
2
3
1
4
2
4
5
5
2
4
1
4
5
4
1
3
2
3
2
6
6
1
3
3
2
6
4
4
2
3
1
0
1
2
3
4
2
7
4
3
2
2
2
7
3
3
2
1
3
8
1
0
5
3
2
2
5
0
4
3
1
0
0
2
4
2
5
4
2
1
2
1
3
6
2
0
6
1
2
3
4
4
1
2
3
1
3
2
0
1
1
1
0
3
4
2
4
2
1
3
1
1
3
6
4
1
2
3
2
6
0
5
6
2
1
6
4
4
3
2
1
4
4
3
3
1
0
3
3
4
4
4
5
1
5
0
2
4
2
6
1
2
2
4
7
2
2
6
0
2
0
4
8
1
4
7
3
4
3
2
3
4
2
2
3
1
3
3
6
3
0
3
2
1
4
2
2
4
2
5
1
4
4
5
1
1
5
2
3
4
0
3
3
1
0
2
3
1
1
1
3
5
6
3
2
4
5
3
1
2
3
2
3
2
2
5
1
2
4
3
5
4
4
2
2
3
4
3
2
2
0
4
1
3
2
0
2
1
0
6
2
3
2
0
3
6
4
1
1
3
1
3
0
2
0
1
4
2
1
4
2
2
3
2
2
2
2
2
6
3
0
2
5
0
5
2
3
2
1
4
5
3
3
0
0
3
1
5
2
2
4
0
2
3
4
4
3
3
2
3
2
3
1
3
2
3
2
3
2
2
3
2
2
1
1
5
2
2
3
2
2
3
2
1
0
2
1
5
2
2
3
2
2
4
5
3
3
2
3
4
2
3
1
3
2
2
3
5
2
2
2
1
3
3
4
1
2
1
0
2
2
2
4
1
3
1
4
3
2
0
4
2
1
0
2
3
7
3
2
2
0
5
2
3
1
1
3
2
5
3
3
3
4
3
2
0
3
2
2
1
5
1
2
0
2
2
0
0
3
2
2
0
2
1
2
4
2
1
2
5
0
5
1
0
3
1
5
1
2
2
1
3
2
9
6
6
4
2
2
3
1
1
2
0
3
4
4
2
3
4
4
2
2
2
5
1
2
3
3
4
1
2
1
3
2
5
6
1
4
4
1
3
5
0
1
3
2
4
4
2
4
3
0
2
1
1
2
1
2
6
4
0
1
3
4
3
5
4
5
3
5
3
2
2
1
3
1
5
3
4
2
4
4
2
3
8
2
3
4
2
0
1
2
1
8
3
4
4
3
5
4
4
7
5
1
5
2
3
1
4
6
4
4
4
4
4
4
8
4
8
1
1
4
4
5
10
2
4
6
2
6
13
7
6
8
4
6
5
6
8
4
4
6
4
5
2
5
5
4
1
6
9
10
7
3
4
4
6
1
1
6
3
6
3
2
4
6
4
3
3
0
2
2
3
1
1
1
2
5
4
4
2
2
1
1
3
4
4
2
0
2
2
1
6
5
3
2
4
2
1
1
1
2
1
5
4
3
4
6
6
2
4
1
2
3
2
1
6
3
2
3
4
2
6
2
2
1
1
3
1
5
1
3
3
4
1
2
2
2
2
3
4
0
1
5
1
6
2
0
3
6
2
2
3
3
1
2
1
3
3
5
3
2
2
2
2
0
3
1
6
2
5
3
8
3
2
5
2
3
5
1
5
1
2
6
1
5
1
4
4
0
2
2
4
1
2
3
3
3
5
1
4
1
3
1
3
0
2
0
4
2
1
1
1
2
1
0
5
1
1
3
1
1
2
4
0
0
2
1
4
2
6
1
4
4
4
2
3
6
2
3
2
2
1
3
2
4
1
1
3
1
3
1
7
2
4
1
2
1
5
1
3
2
2
2
0
3
4
2
6
4
5
2
5
1
3
3
2
3
4
3
2
2
4
2
2
2
2
4
0
1
2
3
3
1
2
1
4
4
4
2
4
4
2
0
2
2
3
2
4
0
0
2
4
3
6
2
2
0
2
2
3
2
2
2
2
3
2
4
4
4
1
2
5
1
3
3
3
3
3
3
0
2
0
1
2
2
1
2
3
2
2
3
4
0
6
4
4
4
3
3
2
3
2
3
5
5
8
4
0
2
2
6
2
2
0
2
6
4
3
4
2
1
4
4
0
1
3
2
0
1
3
1
2
3
1
4
4
0
6
1
3
7
4
2
0
4
1
2
2
1
3
2
0
1
1
1
2
4
1
5
3
3
3
1
3
2
5
1
4
3
1
0
3
0
2
1
1
1
2
1
1
0
3
4
2
9
2
2
2
0
0
1
2
4
3
0
1
3
1
1
2
2
2
4
5
3
4
4
5
1
2
3
1
2
1
1
1
1
3
1
4
1
6
2
1
1
5
2
0
2
4
5
1
0
2
3
4
2
0
4
1
5
3
3
4
2
1
2
2
3
0
3
0
3
4
4
5
1
1
3
3
3
1
0
1
2
4
2
3
1
2
2
1
2
1
0
1
5
1
4
3
0
1
0
4
1
2
1
2
3
0
1
2
1
1
0
0
5
3
5
4
2
4
4
1
2
1
5
3
3
1
2
5
2
5
1
4
2
4
1
3
0
1
5
1
1
3
1
4
3
1
3
1
1
1
2
2
3
3
1
1
3
1
2
5
0
3
3
3
2
1
2
3
3
6
4
6
0
1
1
2
1
4
3
1
2
4
4
2
2
3
1
3
2
3
2
3
5
3
4
3
1
4
1
6
1
2
3
2
2
2
3
3
1
2
2
6
2
0
1
5
4
2
2
2
2
3
4
3
1
3
2
2
3
0
1
3
1
2
2
3
1
1
1
3
1
5
4
1
2
2
4
2
1
2
1
1
4
3
4
2
3
3
5
2
6
2
3
2
0
1
3
3
2
2
2
1
1
1
3
3
2
1
4
2
2
1
0
3
2
3
1
3
2
3
1
0
0
1
2
2
1
2
4
1
1
4
4
1
2
1
2
5
5
4
2
1
2
3
2
2
2
0
4
5
1
2
1
4
2
1
3
0
1
4
2
4
2
0
1
2
1
1
4
5
3
3
0
0
1
4
5
3
2
1
7
0
2
1
1
4
2
3
3
4
3
3
1
1
5
1
3
3
3
0
2
0
1
5
2
1
3
0
2
3
3
2
1
0
4
0
2
1
1
2
2
4
2
4
1
2
3
1
2
2
2
3
2
2
2
0
2
5
1
5
5
1
7
3
4
1
1
3
2
2
0
2
1
5
3
3
3
0
4
1
0
3
1
0
3
4
2
0
2
3
1
2
1
2
2
1
1
3
1
1
3
4
2
0
2
3
3
1
1
3
5
2
3
4
1
2
3
3
3
5
5
2
2
3
1
3
4
1
6
1
2
4
1
4
2
2
1
2
3
3
0
3
5
4
3
4
2
1
1
3
1
1
2
5
4
3
6
4
2
4
4
2
3
2
2
1
1
1
4
2
5
3
2
2
1
1
3
3
0
5
5
5
2
1
2
1
1
4
0
1
3
1
3
3
4
1
2
2
0
3
4
0
1
2
8
2
3
2
2
1
3
2
1
4
4
3
2
0
2
4
1
3
1
0
4
4
6
1
1
3
2
6
2
1
1
4
1
3
2
1
3
4
1
1
1
3
3
1
4
5
0
5
1
1
5
3
2
2
1
1
5
5
4
4
3
0
1
0
0
1
3
1
2
4
2
1
3
1
0
2
1
4
1
0
2
3
0
3
3
1
5
3
3
2
3
1
1
2
5
0
1
1
1
1
2
2
1
3
2
1
2
2
4
1
2
7
1
1
3
4
2
2
1
3
1
2
4
0
3
0
2
3
1
1
2
1
0
4
2
3
2
1
3
3
1
2
2
1
1
2
4
1
3
3
1
5
0
1
1
4
1
2
5
1
2
1
2
3
0
2
0
1
4
1
4
2
2
2
3
5
1
2
2
1
3
2
3
0
2
3
0
1
1
3
3
5
3
2
2
2
0
3
1
2
7
3
2
3
4
6
3
4
2
1
5
1
2
5
0
3
2
3
2
1
0
0
3
4
1
2
4
1
4
4
3
2
4
8
4
3
3
2
4
3
4
0
3
8
4
1
1
4
2
3
1
2
3
3
4
5
7
4
4
3
1
5
5
2
2
6
3
4
1
4
5
1
2
5
3
4
4
0
2
3
2
4
2
2
1
2
6
4
2
1
1
3
1
0
4
6
2
4
2
4
4
2
2
4
4
0
0
1
1
3
1
1
1
3
2
3
3
1
2
2
2
2
5
3
1
1
1
2
3
4
3
4
1
3
2
1
2
3
2
4
2
3
0
2
2
0
1
2
0
2
3
3
2
2
0
5
1
2
2
0
1
2
1
0
2
1
1
0
1
2
7
0
3
1
3
2
0
1
3
1
2
1
2
2
2
4
3
1
2
1
0
3
0
3
5
2
1
1
1
0
2
3
2
0
2
0
2
1
1
2
0
2
0
2
2
1
3
0
0
4
2
0
0
3
1
4
1
6
4
2
2
1
2
0
1
1
2
0
3
1
3
2
3
2
1
2
2
1
3
1
1
2
5
0
2
0
4
2
4
3
2
2
2
2
3
0
2
4
1
2
1
2
2
1
1
2
3
2
3
2
2
0
1
3
0
1
4
1
0
0
0
0
1
6
2
1
1
0
1
1
3
4
0
2
1
0
2
0
3
1
2
0
0
3
1
3
2
2
0
2
2
1
1
0
0
3
1
1
3
5
0
1
2
2
2
2
2
2
1
2
4
2
0
1
1
1
0
1
1
1
2
3
0
2
2
1
2
3
2
0
1
2
2
0
1
0
2
1
1
3
1
1
2
1
3
1
2
0
3
3
2
1
0
2
0
1
0
1
2
1
1
3
5
0
1
1
2
0
1
4
0
3
2
2
2
1
0
3
1
0
3
2
0
3
0
0
3
4
2
6
2
1
0
0
3
1
2
0
0
1
1
1
3
3
1
1
2
0
1
0
1
2
1
1
1
2
1
1
2
1
0
1
1
2
3
2
2
2
1
2
2
4
1
0
2
2
0
2
3
2
2
1
1
2
3
0
1
2
1
2
0
1
2
1
3
0
0
0
4
1
5
1
0
1
1
3
2
2
4
0
3
1
2
1
4
2
1
3
1
2
1
0
0
2
1
2
1
2
5
2
0
2
3
1
0
0
1
0
1
5
1
1
4
2
5
2
2
2
3
0
3
0
1
3
0
0
1
1
0
2
2
5
4
0
0
1
3
1
1
3
2
1
2
2
3
1
0
2
0
2
0
2
1
3
1
1
2
1
1
1
1
0
1
1
0
0
2
0
1
1
1
2
0
1
1
1
2
0
1
4
1
3
1
2
1
3
1
2
3
2
3
2
1
0
0
2
1
0
0
1
1
1
1
1
1
0
1
0
4
1
3
0
2
1
0
1
1
1
0
0
1
4
3
0
1
0
1
1
5
5
1
0
2
3
3
1
2
1
1
1
1
2
1
1
1
1
1
1
2
3
2
2
2
0
2
1
1
3
0
1
0
2
1
2
1
1
1
3
0
3
3
0
0
1
2
3
3
1
1
3
1
2
2
2
0
4
1
2
0
4
2
4
0
2
2
0
1
1
1
1
3
3
1
1
3
0
2
1
0
1
2
3
1
1
1
0
4
2
1
0
2
2
1
0
1
1
4
0
0
1
3
2
4
2
1
0
2
3
2
2
3
2
1
0
1
2
2
5
1
1
2
1
0
5
2
0
6
4
1
1
0
0
0
1
3
2
0
1
1
0
1
0
0
1
1
1
0
3
0
1
4
2
0
2
1
0
0
1
1
3
1
3
1
1
3
0
2
1
0
0
1
0
0
1
0
2
1
1
2
1
1
1
1
1
1
0
1
0
1
2
1
2
2
3
3
0
0
2
1
1
2
2
2
1
1
0
2
2
2
0
2
1
1
2
0
2
0
0
2
3
1
0
0
1
1
1
0
0
3
0
1
1
2
0
1
0
4
1
1
0
0
1
0
1
1
1
1
0
0
1
0
2
2
0
5
2
1
0
0
0
1
0
0
1
0
0
2
1
2
0
1
0
0
0
0
2
1
2
2
2
3
3
3
3
1
3
1
0
3
1
2
1
1
3
1
2
1
2
0
1
1
1
3
2
1
3
1
1
1
1
3
0
0
2
1
0
2
1
1
1
2
1
1
0
0
4
0
0
1
1
0
3
1
1
1
0
0
1
0
0
2
3
0
1
0
0
2
1
2
0
2
1
3
0
0
1
1
0
0
0
1
1
1
1
0
0
0
2
1
2
2
1
2
0
0
2
3
3
4
1
2
2
1
2
4
2
1
0
0
1
0
0
0
3
2
2
1
1
0
2
0
2
1
1
1
1
1
1
2
3
1
1
1
0
1
0
1
1
0
1
0
1
1
1
0
1
0
2
0
0
0
1
0
0
0
0
1
0
0
2
0
1
1
1
1
2
2
1
0
0
1
1
2
0
3
0
2
0
2
1
0
1
0
1
0
0
0
2
1
1
1
0
0
0
1
0
1
2
0
0
0
1
2
0
1
1
1
0
0
0
2
2
0
2
3
0
2
2
3
0
5
2
0
0
2
0
0
0
0
1
2
0
2
1
0
2
1
1
2
2
2
1
1
1
0
1
0
0
1
0
3
0
0
1
0
4
0
0
0
1
0
2
0
1
2
3
2
0
2
2
0
0
1
1
0
2
0
1
0
0
0
0
0
0
1
3
0
1
0
0
2
0
2
1
1
0
0
0
0
1
0
0
0
2
0
1
2
0
1
1
5
0
2
1
0
1
1
0
0
1
0
0
1
0
0
0
2
1
1
0
0
0
1
0
0
0
0
2
2
0
1
0
0
0
0
0
1
5
2
0
0
1
0
3
1
0
0
0
0
0
0
0
0
3
2
2
1
2
0
2
1
3
1
0
1
0
0
4
0
1
1
0
2
2
0
0
2
0
1
2
0
4
0
0
0
1
2
1
1
2
1
1
1
0
0
0
2
0
0
0
0
1
2
2
0
2
0
1
1
0
0
1
4
0
0
0
1
1
2
0
2
2
1
0
1
1
0
3
2
0
0
1
3
0
0
0
1
2
0
0
1
1
1
0
0
0
1
3
1
0
2
0
1
0
0
0
0
0
1
0
1
1
2
3
0
0
0
1
1
1
2
0
0
1
2
2
1
2
2
0
1
1
2
2
1
1
1
0
1
0
0
1
2
2
0
1
1
1
0
1
0
0
1
0
0
2
0
2
1
1
1
1
0
2
3
3
1
1
0
1
0
0
2
1
1
0
0
1
1
1
3
2
2
1
0
1
1
1
2
0
0
1
0
1
2
0
4
0
0
0
0
1
0
0
1
3
0
3
3
1
1
0
3
1
1
0
1
0
2
1
0
0
0
0
1
0
2
1
0
1
1
0
1
0
1
3
2
2
1
0
0
1
0
2
1
0
3
2
1
2
1
2
1
1
3
2
1
0
0
3
2
0
0
1
2
1
1
2
0
1
2
0
1
1
1
0
0
2
1
0
0
2
1
0
2
1
0
1
1
0
1
2
1
0
2
2
0
1
1
0
3
1
2
0
0
3
0
2
0
1
1
0
1
0
2
2
0
0
0
1
3
0
3
2
1
0
3
2
2
1
1
0
2
1
1
3
1
0
0
0
2
0
2
0
0
1
0
2
0
0
2
0
1
1
0
1
1
0
2
1
0
1
2
0
0
0
0
0
1
0
0
0
1
1
1
1
0
1
0
0
2
0
0
0
0
1
0
0
0
1
0
5
1
0
1
1
0
2
1
1
0
1
0
0
0
0
1
2
1
2
1
1
0
1
1
1
0
1
3
0
1
2
0
2
1
1
0
1
1
0
1
0
2
0
1
1
0
1
1
1
0
2
2
2
1
2
2
0
1
0
3
1
0
0
1
2
0
1
0
2
0
1
1
2
3
2
0
0
0
0
1
0
2
0
0
1
1
1
0
1
0
1
1
2
0
3
2
2
1
1
2
0
0
0
0
1
1
0
0
2
1
2
0
1
0
1
1
0
1
1
1
1
1
0
0
2
1
2
0
3
2
2
1
4
0
0
0
2
2
1
0
1
0
2
0
0
1
0
1
0
1
1
1
0
1
1
2
2
1
0
2
0
1
1
0
0
0
0
1
2
1
1
0
1
1
0
4
1
0
0
3
0
1
0
1
0
0
0
2
0
1
0
1
1
0
1
2
1
0
0
2
0
0
1
1
0
0
1
1
2
1
1
1
0
1
0
1
1
3
0
2
2
0
0
0
0
0
2
0
0
2
0
0
1
1
0
0
1
0
0
0
2
1
1
1
1
2
2
1
1
1
0
1
0
1
1
0
2
1
1
0
1
3
1
2
0
1
0
0
0
1
1
0
0
3
0
0
0
1
3
0
0
0
0
1
2
1
2
0
0
0
1
1
0
0
1
0
1
0
0
0
0
2
0
0
0
0
0
0
0
1
2
1
0
1
1
0
1
0
1
1
1
0
0
0
1
0
0
0
2
1
1
0
0
0
0
1
1
2
1
1
0
1
0
1
0
1
0
1
0
2
2
0
0
0
0
3
1
0
0
0
0
1
0
1
1
1
0
1
1
3
0
0
0
1
1
0
1
1
0
1
0
3
0
0
0
0
2
2
0
0
0
0
0
0
1
0
1
0
0
0
2
2
1
0
2
0
2
2
1
0
0
1
1
0
2
0
0
1
1
0
1
2
2
3
1
0
1
1
1
0
1
1
1
0
0
1
1
0
1
0
0
1
0
0
0
0
0
0
0
0
1
0
1
2
0
0
1
1
0
0
0
0
1
0
3
0
4
1
2
1
1
1
0
0
1
0
0
2
1
0
0
1
0
1
1
2
1
1
0
1
1
0
2
2
2
0
0
0
1
0
0
1
0
0
1
1
2
1
1
2
0
1
0
2
0
2
0
0
0
0
2
1
1
0
0
0
2
1
1
2
0
1
1
0
0
0
0
3
1
1
3
0
3
1
1
0
0
1
1
2
0
2
1
2
1
1
1
0
1
2
0
0
2
2
2
0
1
0
1
1
1
1
1
2
2
1
0
3
1
1
1
3
2
2
0
2
0
0
0
2
2
2
1
1
0
2
1
2
1
0
2
1
2
0
0
1
4
1
2
3
4
4
0
4
2
0
3
2
2
1
3
3
0
3
2
3
4
4
1
6
1
1
2
6
10
1
5
4
1
3
3
4
5
2
6
6
7
4
5
7
8
8
13
6
12
8
7
4
5
7
6
10
16
13
9
14
7
10
13
11
11
7
6
14
5
14
7
10
9
12
11
16
13
11
9
12
15
5
4
11
7
8
15
18
9
7
9
11
9
12
15
7
15
10
5
7
8
10
5
5
5
4
10
9
8
5
9
11
5
7
6
5
6
5
8
5
5
3
7
9
6
3
5
2
4
5
4
3
3
1
4
5
1
5
4
0
5
2
1
3
4
2
1
2
3
1
1
0
2
1
2
2
0
1
3
2
0
1
1
1
1
2
3
2
1
0
3
3
0
1
1
1
1
0
0
1
0
3
0
0
0
0
1
2
1
0
0
1
2
0
2
0
2
0
0
0
0
0
1
0
1
0
0
1
1
2
0
0
0
0
1
0
0
1
1
1
0
0
0
0
1
1
0
2
2
0
1
0
0
0
1
0
1
1
2
0
0
0
1
0
0
2
1
0
2
0
0
0
1
1
0
0
0
0
0
1
2
0
0
0
1
1
0
0
1
1
1
1
0
0
0
3
0
1
0
1
0
0
0
0
0
0
1
0
1
0
0
0
0
0
0
1
0
0
0
2
0
2
1
0
0
1
0
1
0
0
0
1
1
0
1
0
2
2
1
0
2
0
0
1
1
1
2
0
2
1
2
2
0
0
0
0
1
0
0
0
1
1
1
2
1
0
1
0
2
0
0
0
0
0
0
0
0
2
2
1
2
1
0
0
0
2
1
1
0
2
1
0
0
1
0
0
1
0
0
1
2
0
1
1
0
1
0
0
0
0
0
1
0
0
1
0
1
1
0
1
0
0
0
1
1
1
3
1
0
0
0
0
1
0
0
0
0
0
0
0
1
0
0
1
1
0
1
0
1
0
0
0
2
0
1
1
1
1
0
1
0
1
0
0
0
1
0
1
0
3
0
0
1
0
0
2
2
0
0
0
1
0
1
1
0
0
1
2
1
1
0
1
1
1
0
0
0
2
1
1
0
0
0
0
1
1
0
0
0
1
0
0
0
0
0
0
1
0
1
0
0
0
1
0
0
0
2
0
0
0
1
0
1
1
0
1
1
1
0
1
0
0
0
0
1
1
0
0
1
1
0
0
1
0
2
0
1
0
1
1
0
0
0
1
0
2
0
1
1
1
1
4
0
0
0
0
1
0
0
0
0
1
0
1
0
2
0
1
1
1
2
1
0
1
0
1
1
2
2
1
1
0
0
0
0
1
1
0
0
1
2
0
0
0
1
1
1
1
1
2
0
0
0
1
0
0
0
0
1
0
0
0
0
1
0
0
1
1
0
1
1
1
0
2
1
0
1
0
0
0
0
0
2
0
0
2
0
0
0
0
0
1
0
0
0
0
0
1
0
0
2
1
1
1
0
0
0
3
1
1
1
2
1
1
0
0
0
0
0
0
0
0
0
1
0
0
1
0
0
1
2
1
0
1
0
1
0
0
1
1
0
0
0
0
0
1
0
0
0
0
0
0
0
1
1
1
0
0
2
0
2
0
1
0
1
0
1
0
2
0
1
1
1
0
0
0
0
2
2
1
0
1
0
0
0
0
0
0
0
0
0
1
0
0
0
0
0
1
0
1
0
0
0
1
0
1
0
0
0
0
0
1
0
1
1
2
0
1
1
0
0
0
0
0
0
1
0
0
0
1
0
0
0
1
0
0
0
1
2
2
0
1
1
2
0
1
1
0
1
0
0
0
1
0
0
0
0
2
0
0
0
0
0
0
0
0
0
0
2
1
1
0
0
2
0
0
0
0
1
1
1
0
0
0
1
0
0
0
0
2
0
0
0
0
0
1
0
0
0
2
0
0
0
0
0
0
1
0
0
0
0
0
0
0
0
1
0
1
1
0
2
0
1
2
0
1
0
0
1
0
0
0
0
1
0
1
0
1
3
0
1
1
0
1
1
2
0
0
1
1
0
0
2
1
0
1
0
2
0
0
0
0
0
0
0
0
2
0
0
0
0
0
0
0
1
1
0
0
1
2
1
0
0
0
0
0
0
0
0
0
0
1
0
1
1
2
0
0
2
0
0
0
0
0
1
1
0
0
0
1
1
1
0
0
0
0
0
1
0
0
0
0
0
1
0
2
0
0
0
0
0
0
0
1
0
0
1
0
0
0
1
1
0
1
0
1
1
0
0
0
0
0
3
0
1
1
1
0
1
0
0
1
0
0
0
0
0
0
0
1
0
0
0
0
1
0
0
0
0
1
0
0
0
0
1
1
0
1
0
0
0
0
0
0
0
0
0
0
0
0
0
0
0
0
0
0
0
0
0
0
0
0
0
0
0
0
0
0
0
0
0
0
0
0
0
0
0
0
0
0
0
0
0
0
0
0
0
0
0
0
0
0
0
0
0
0
0
0
0
0
0
0
0
0
0
0
0
0
0
0
0
0
0
0
0
0
0
0
0
0
0
0
0
0
0
0
0
0
0
0
0
0
0
0
0
0
0
0
0
0
0
0
0
0
0
0
0
0
0
0
0
0
0
0
0
0
0
0
0
0
0
0
0
0
0
0
0
0
0
0
0
0
0
0
0
0
0
0
0
0
0
0
0
0
0
0
0
0
0
0
0
0
0
0
0
0
0
0
0
0
0
0
0
0
0
0
0
0
0
0
0
0
0
0
0
0
0
0
0
0
0
0
0
0
0
0
0
0
0
0
0
0
0
0
0
0
0
0
0
0
0
0
0
0
0
0
0
0
0
0
0
0
0
0
0
0
0
0
0
0
0
0
0
0
0
0
0
0
0
0
0
0
0
0
0
0
0
0
0
0
0
0
0
0
0
0
0
0
0
0
0
0
0
0
0
$ROI:
0
0
$PRESETS:
Live Time
0
0
