$SPEC_ID:

$SPEC_REM:
DET# 1
DETDESC# MCB 25
AP# ORCA (11.0h)
$DATE_MEA:
2017-08-14 04:56:32 +0000
$MEAS_TIM:
3819.32 4320.00
$DATA:
0 16383
0
0
0
0
0
0
0
0
0
0
0
0
0
0
0
0
0
0
0
0
0
0
0
0
0
0
0
0
0
0
0
0
0
0
0
0
0
0
0
0
0
0
0
0
0
0
0
0
0
0
0
0
0
0
0
0
0
0
0
0
0
0
0
0
0
0
0
0
0
0
0
0
0
0
0
0
0
0
0
0
0
0
0
0
0
0
0
0
0
0
0
0
0
0
0
0
0
0
0
0
0
0
0
0
0
0
0
0
0
0
3
14
646
4962
9645
9701
8975
8368
8006
7833
7751
7848
7942
8112
8299
8179
8709
8720
8818
8712
8790
8946
8925
8873
9090
8962
8889
8842
8919
8948
8858
8847
8727
8731
8850
8770
8621
8614
8622
8539
8411
8457
8462
8501
8395
8284
8381
8459
8527
8390
8248
8375
8324
8185
8153
8104
8260
8161
8164
8216
7991
7936
8008
7874
8006
8092
7931
7863
8054
7801
7717
8116
7853
7877
7787
7860
7679
7826
7810
7779
7641
7733
7619
7582
7684
7634
7544
7564
7648
7549
7515
7529
7648
7547
7496
7416
7565
7379
7362
7501
7475
7525
7281
7450
7333
7396
7272
7416
7439
7427
7320
7209
7251
7421
7189
7335
7317
7151
7105
7217
7211
7190
7061
6951
7236
7328
7061
7143
7050
7347
7093
7071
7057
7050
7075
7120
7109
7152
6871
7022
6964
6783
6982
6961
6896
7041
7124
6942
7044
6860
6920
6858
6951
6882
6897
6919
6892
6891
6869
6932
6818
6804
6915
6784
6908
6776
6815
6716
6745
6805
6718
6750
6784
6607
6813
6827
6620
6699
6691
6741
6889
6815
6698
6690
6560
6722
6619
6777
6789
6538
6580
6710
6559
6740
6575
6665
6668
6740
6462
6515
6648
6591
6493
6375
6577
6534
6573
6568
6535
6357
6540
6599
6468
6499
6510
6448
6539
6266
6668
6479
6554
6508
6329
6455
6504
6549
6519
6392
6373
6441
6550
6488
6489
6322
6175
6384
6375
6383
6340
6524
6385
6506
6369
6391
6472
6578
6452
6288
6366
6365
6422
6293
6521
6464
6344
6267
6301
6292
6188
6343
6383
6328
6328
6286
6260
6402
6280
6250
6300
6178
6249
6175
6365
6160
6281
6242
6057
6161
6145
6305
6337
6093
6303
6176
6148
6305
6118
6011
6124
6187
6179
6263
6358
6247
6222
6107
6116
6050
6201
6115
6138
6167
6223
6192
5930
6065
6043
6154
6080
5999
6135
6197
6008
6149
5977
5925
6207
6195
6012
6101
6114
6046
5998
6037
6102
6243
5980
6207
6011
6156
6106
5978
6016
6124
6043
5938
5969
5870
6115
6035
6072
5990
5809
6142
5843
6000
5916
5989
5976
5778
5950
6024
5936
6161
5959
5998
5966
5960
5913
5856
6042
5906
5864
5956
5980
5934
5951
5861
5859
5818
5897
5804
5900
5740
5922
6027
5831
5978
5891
5880
5853
5880
5849
5793
6100
5917
5898
5851
5921
5810
5793
5966
5948
5915
5965
5690
5830
5887
5861
5881
5920
5832
6013
5895
5774
5861
5779
5789
5793
5887
5847
5770
5761
5790
5877
5738
5857
5771
5704
5830
5779
5775
5840
5795
5767
5839
5669
5712
5769
5615
5772
5770
5804
5946
5657
5824
5757
5716
5795
5811
5766
5663
5813
5787
5777
5705
5612
5825
5647
5823
5633
5795
5831
5767
5791
5705
5556
5706
5636
5725
5764
5773
5709
5778
5741
5628
5674
5669
5684
5626
5732
5672
5662
5712
5647
5782
5627
5709
5711
5724
5747
5701
5578
5619
5560
5747
5603
5589
5621
5802
5622
5622
5618
5644
5675
5617
5621
5534
5504
5670
5780
5591
5727
5671
5648
5615
5551
5629
5692
5675
5604
5685
5694
5653
5724
5556
5648
5469
5599
5608
5740
5705
5662
5666
5756
5547
5638
5597
5569
5683
5575
5545
5619
5578
5569
5698
5602
5567
5551
5675
5575
5486
5629
5664
5678
5527
5614
5629
5434
5622
5694
5658
5571
5643
5533
5637
5738
5649
5637
5523
5725
5541
5650
5565
5700
5483
5462
5690
5627
5686
5556
5670
5652
5503
5690
5688
5681
5858
5643
5658
5699
5621
5489
5593
5658
5780
5558
5697
5735
5590
5795
5612
5615
5623
5517
5718
5528
5777
5661
5642
5664
5509
5574
5652
5743
5541
5633
5691
5690
5693
5745
5708
5570
5484
5517
5720
5537
5647
5789
5560
5606
5639
5575
5724
5686
5667
5660
5696
5636
5578
5521
5709
5541
5626
5764
5609
5614
5681
5587
5635
5757
5649
5553
5712
5554
5753
5576
5646
5674
5562
5765
5609
5485
5527
5547
5595
5681
5700
5669
5578
5687
5663
5612
5638
5609
5697
5740
5599
5628
5728
5560
5644
5656
5697
5612
5460
5553
5676
5639
5732
5667
5643
5755
5721
5726
5694
5702
5804
5924
5820
5643
5767
5605
5817
5728
5883
5769
5799
5863
5832
5808
5677
5789
5836
5829
5762
5774
5756
5696
5839
5704
5700
5802
5601
5770
5832
5747
5830
5765
5727
5873
5942
5788
5863
5842
5821
5731
5763
5825
5866
5880
5763
5997
5890
6011
6082
6252
6523
6361
6395
6430
6348
6325
6163
6189
6300
6025
6022
5960
5942
6085
5855
5861
6014
5863
5942
5839
5829
5837
5778
5792
5596
5688
5695
5587
5618
5630
5598
5653
5608
5616
5570
5550
5583
5460
5608
5564
5613
5546
5439
5537
5557
5432
5490
5485
5452
5495
5566
5321
5649
5455
5507
5568
5470
5573
5373
5622
5464
5472
5555
5636
5534
5601
5518
5541
5573
5590
5553
5497
5503
5485
5456
5636
5628
5642
5585
5544
5567
5601
5571
5504
5397
5481
5386
5551
5604
5575
5590
5555
5696
5618
5530
5670
5653
5563
5558
5677
5704
5630
5544
5633
5717
5601
5624
5599
5735
5639
5752
5612
5741
5719
5710
5781
5684
5804
5787
5636
5838
5636
5852
5807
5655
5565
5895
5771
5750
5716
5762
5778
5760
5838
5756
5869
5770
6043
5766
5745
5787
5863
5875
5882
5920
5955
5735
5806
5925
5984
5679
5928
5974
5950
5940
6037
6054
5962
5903
5998
5918
5954
6063
6064
5945
5882
6054
6102
6000
6101
6013
6118
6055
5895
6044
5992
6076
5964
6060
6191
6069
6073
6134
6287
6188
6030
6048
6120
6099
6137
6110
6184
6113
6216
6295
6108
6058
6328
6220
6202
6209
6196
6351
6247
6365
6216
6264
6167
6257
6275
6256
6257
6136
6263
6118
6154
6345
6202
6328
6400
6194
6247
6201
6330
6313
6300
6452
6144
6336
6453
6397
6324
6459
6493
6382
6490
6516
6373
6580
6364
6417
6435
6504
6450
6548
6394
6421
6603
6488
6416
6424
6504
6609
6518
6530
6584
6419
6555
6444
6556
6488
6564
6417
6623
6496
6716
6605
6569
6652
6583
6590
6611
6500
6589
6724
6569
6719
6615
6524
6688
6741
6607
6680
6770
6741
6634
6598
6687
6779
6667
6683
6803
6680
6855
6740
6875
6915
6808
6641
6799
6746
6691
6639
6783
6617
6858
6803
6894
6691
6722
6876
6943
6827
6894
6963
6771
6872
7068
7085
6909
7000
6909
6985
6856
6775
6910
6803
7000
6973
6702
7014
6971
6953
6982
7038
7021
6806
6942
7004
6968
6819
7019
7172
6908
7022
6977
7072
6941
6944
7123
6949
6924
6875
6984
7084
6994
6967
6901
6968
7085
7083
7098
7176
7145
7159
6986
7158
6918
6862
6930
7059
7045
7120
7035
7091
7177
7227
7271
7200
7150
7069
7184
7056
7065
7160
7093
7178
7105
7197
7085
7213
7221
7157
7204
7092
7260
7080
7166
7159
7216
7162
7237
7252
7306
7119
7207
7121
7185
7170
7213
7337
7376
7217
7331
7300
7230
7401
7333
7277
7388
7365
7215
7298
7409
7358
7356
7231
7366
7173
7385
7383
7357
7392
7386
7479
7432
7450
7571
7347
7400
7427
7244
7431
7409
7394
7418
7462
7525
7437
7567
7367
7485
7334
7456
7537
7544
7388
7474
7541
7586
7435
7352
7659
7561
7476
7454
7496
7618
7551
7591
7554
7548
7363
7430
7469
7566
7524
7604
7396
7594
7553
7713
7620
7671
7603
7765
7606
7622
7645
7670
7541
7519
7673
7586
7749
7578
7698
7689
7816
7742
7686
7664
7735
7796
7839
7649
7710
7698
7699
7878
7574
7857
7908
7651
7689
7810
7648
7710
7689
7852
7717
7809
7821
7853
7977
7997
8051
7861
7859
7938
8112
7736
7790
7903
7952
7821
7921
7978
8019
7971
8032
7984
7961
7822
8045
7905
7978
8015
7967
8049
8173
7973
8059
8066
7995
8234
8155
8043
8044
8040
8074
8052
8050
8040
8279
8088
8066
8224
8137
8043
8199
8150
8224
8137
8380
8219
8167
8209
7900
8154
8162
8246
8227
8403
8414
8351
8290
8283
8185
8330
8284
8367
8109
8179
8389
8415
8407
8457
8208
8404
8362
8357
8404
8351
8322
8267
8457
8428
8258
8434
8574
8441
8403
8474
8551
8569
8489
8540
8484
8518
8457
8641
8501
8360
8479
8564
8505
8567
8552
8433
8476
8522
8493
8544
8530
8342
8554
8613
8723
8689
8721
8757
8609
8701
8561
8741
8750
8657
8601
8601
8644
8647
8647
8694
8744
8753
8654
8655
8806
8699
8750
8903
8676
8615
8812
8656
8603
9077
8864
8891
8883
8879
8896
8834
8914
8637
8965
8946
8859
9031
8949
8918
8741
8900
9034
8852
8815
8930
8949
8834
9104
8898
8982
9138
9070
9228
9026
9176
8957
9348
8922
9079
9005
9160
9058
9258
9219
8987
9192
9201
9359
9324
9057
9133
9185
9084
9154
9257
9365
9230
9445
9348
9523
9326
9107
9237
9345
9396
9258
9237
9382
9265
9499
9372
9432
9210
9319
9417
9428
9349
9459
9553
9431
9346
9300
9513
9553
9340
9292
9411
9505
9399
9469
9563
9402
9633
9539
9478
9481
9544
9421
9635
9402
9511
9411
9549
9485
9414
9463
9527
9417
9667
9599
9551
9548
9607
9574
9526
9730
9703
9669
9618
9663
9560
9780
9397
9773
9604
9621
9723
9575
9595
9474
9573
9519
9749
9692
9567
9631
9737
9674
9599
9642
9703
9557
9597
9636
9577
9682
9740
9462
9610
9662
9542
9617
9637
9425
9374
9694
9547
9483
9580
9717
9723
9760
9835
9921
9792
10055
9995
10058
10010
10022
9990
9862
9857
10056
9825
9781
9900
9628
9811
9707
9642
9702
9744
9537
9519
9397
9362
9452
9451
9279
9496
9462
9293
9234
9218
9277
9192
9143
9318
9102
9032
9225
9095
9151
9046
9160
8947
9014
8918
8864
8923
8950
9045
9045
8967
8942
8776
9043
8965
9005
8987
8906
8828
8826
8835
8777
8825
8898
8961
8881
8784
8882
8808
8760
8811
8732
8753
8741
8725
8895
8621
8890
8665
8739
8640
8635
8737
8562
8881
8982
8603
8838
8596
8617
8597
8757
8767
8663
8540
8696
8592
8594
8700
8628
8614
8585
8595
8734
8625
8741
8476
8531
8515
8575
8609
8576
8654
8391
8497
8595
8455
8635
8694
8344
8452
8547
8418
8533
8608
8476
8430
8418
8360
8656
8444
8564
8386
8319
8574
8476
8586
8468
8659
8511
8374
8372
8342
8390
8393
8356
8581
8532
8374
8460
8335
8406
8434
8330
8495
8507
8385
8398
8192
8336
8448
8377
8418
8258
8283
8412
8355
8209
8287
8388
8188
8228
8117
8312
8361
8325
8098
8267
8104
8109
8205
8151
8454
8309
8301
8134
8156
8185
8005
8406
8218
8248
8159
8163
8156
8302
8082
8049
8185
8100
8152
8351
8115
8195
8217
8210
8236
8071
8058
7994
8208
8276
8123
8193
8059
8106
8292
7835
8144
8093
8001
8139
8098
8081
8210
8042
8017
8093
7891
8055
7999
8121
7894
8020
7899
8146
7884
8005
8119
7996
7997
7963
8077
7853
7923
8035
7988
7988
7985
7869
7803
7978
8022
7950
7821
7890
8133
7833
7911
8100
7824
7941
7720
8181
7889
7864
7929
7862
7920
7863
7804
7848
7869
7878
7953
7790
7806
7738
7799
7883
7764
7911
7554
7910
7991
7752
7824
7785
7942
7828
8011
7831
7773
7798
7794
7743
7843
7846
7794
7732
7724
7735
7774
7741
7885
7631
7791
7669
7687
7746
7841
7755
7728
7648
7667
7524
7679
7628
7780
7822
7706
7673
7526
7916
7625
7839
7648
7595
7610
7769
7856
7661
7740
7664
7738
7643
7645
7698
7712
7729
7491
7609
7622
7754
7581
7762
7564
7617
7609
7660
7554
7490
7595
7761
7550
7447
7497
7495
7538
7508
7569
7423
7453
7448
7582
7402
7338
7449
7447
7684
7369
7599
7427
7482
7401
7522
7517
7291
7484
7541
7564
7533
7396
7579
7449
7548
7574
7407
7421
7487
7541
7443
7413
7388
7374
7396
7304
7340
7421
7302
7308
7332
7127
7363
7488
7280
7503
7239
7457
7314
7285
7272
7453
7178
7242
7308
7300
7096
7257
7145
7054
7346
7268
6969
7194
7221
7269
7222
7222
7196
7133
7253
7140
7277
7230
7031
7117
7241
7303
7106
7250
7136
7046
7132
6973
7046
7052
7088
7218
7110
7015
6945
7055
6909
6924
6937
6964
6960
6782
7036
6959
6801
6741
6914
6837
6897
6866
6648
6834
6801
6740
6741
6714
6708
6665
6567
6620
6581
6656
6554
6656
6676
6511
6627
6508
6484
6539
6483
6550
6448
6509
6247
6455
6335
6525
6223
6343
6276
6359
6202
6322
6145
6209
6278
6318
6140
6275
6226
6103
6191
6144
6149
6230
6104
6156
6085
6161
5994
6057
6053
5965
6157
6126
6051
5905
5943
5923
5895
5889
5987
5881
5974
5896
5932
5931
5918
5790
5850
5823
5743
5740
5831
5895
5777
5659
5794
5871
5861
5934
5767
5788
5729
5688
5651
5755
5672
5774
5703
5742
5724
5849
5654
5811
5589
5877
5643
5699
5621
5527
5652
5631
5646
5654
5667
5594
5624
5518
5589
5643
5628
5597
5572
5482
5548
5659
5661
5510
5491
5627
5598
5533
5484
5507
5659
5662
5667
5682
5510
5640
5526
5685
5642
5604
5538
5571
5664
5661
5437
5444
5591
5625
5699
5546
5707
5653
5577
5610
5546
5521
5664
5534
5531
5575
5562
5525
5470
5386
5428
5626
5620
5416
5593
5453
5475
5590
5441
5474
5499
5580
5440
5447
5496
5481
5518
5569
5602
5642
5607
5782
5585
5781
5747
5886
5852
5884
5865
5819
5936
5774
5657
5678
5732
5638
5654
5576
5567
5649
5541
5542
5471
5447
5369
5329
5416
5306
5180
5287
5297
5072
5260
5139
5196
5125
5053
5147
5025
5184
5085
5048
5114
5077
5075
4977
5133
5067
5026
4976
4898
5066
4922
4966
5014
5074
4961
4892
4965
4987
4879
4993
4797
4876
4851
4981
4939
4946
4908
4899
4901
4847
5022
4903
4881
4932
4868
5103
4867
4913
4847
4868
4774
4854
4819
4870
4736
4840
4795
4890
4807
4725
4819
4698
4870
4615
4776
4661
4625
4791
4801
4785
4684
4661
4669
4729
4684
4690
4605
4622
4721
4620
4723
4695
4711
4717
4668
4721
4765
4628
4627
4568
4708
4747
4557
4588
4620
4688
4769
4713
4657
4435
4554
4586
4624
4581
4489
4600
4375
4692
4718
4480
4594
4544
4485
4671
4678
4492
4636
4640
4487
4534
4532
4503
4496
4570
4542
4480
4581
4451
4532
4563
4621
4659
4547
4607
4509
4563
4670
4525
4669
4429
4594
4626
4579
4486
4516
4497
4461
4471
4450
4400
4418
4505
4489
4410
4559
4456
4408
4477
4490
4431
4330
4610
4338
4350
4431
4405
4419
4345
4304
4454
4358
4448
4495
4433
4452
4354
4386
4367
4343
4310
4428
4372
4466
4379
4302
4380
4437
4351
4156
4300
4381
4302
4407
4133
4276
4251
4409
4305
4313
4398
4265
4183
4332
4211
4387
4239
4251
4292
4330
4336
4261
4271
4186
4322
4367
4310
4333
4331
4204
4260
4189
4281
4245
4230
4343
4140
4234
4110
4230
4202
4237
4260
4307
4243
4139
4382
4185
4201
4085
4256
4115
4113
4093
4251
4150
4074
4284
4131
4145
4215
4228
4203
4198
4229
4182
4226
4112
4136
4182
4173
4124
4151
4180
4036
4107
4136
4128
4183
4179
4058
3947
4102
4038
4327
4103
4217
4102
4042
4085
3988
4126
4073
4084
4068
4190
4125
4115
4148
4006
4176
3969
4110
4049
4000
4029
4084
4018
4040
4047
4215
4156
3960
4211
4013
4096
4107
3990
4099
4066
4116
4107
3988
4059
4100
4063
3966
4151
3907
4044
4035
3945
3984
4104
3936
3983
4112
3966
3903
4078
4047
3934
4014
4098
4031
3979
4006
3928
3952
3996
3965
3960
4015
3988
4036
3948
3968
3941
4044
3880
4095
3936
3865
3885
4044
4042
3982
4004
3978
4016
4000
4014
3951
3977
3936
3906
3991
4010
3919
3951
3832
4035
3998
3954
3819
3870
3819
3908
3932
3876
3928
3996
4010
3942
3847
3880
3951
3890
3861
3981
3946
3917
3929
3819
3854
4034
3935
3926
3943
3812
3871
3891
3834
3860
3971
3829
3940
3859
3939
3873
3884
3879
3944
3784
3896
3886
3933
3990
4009
3861
3871
3890
3854
3801
4012
3900
3864
3828
3800
3829
3784
3788
3855
3838
3904
3885
3782
3863
3871
3783
3769
3918
3926
3920
3937
3893
3803
3998
4064
4057
4136
3998
4198
4048
4164
4191
4318
4299
4303
4479
4505
4645
4716
4769
4972
4927
4963
5046
5152
5327
5286
5476
5469
5495
5689
5750
5865
6072
6119
6131
6106
6103
6198
6222
6413
6626
6488
6559
6469
6705
6585
6567
6827
6926
6858
6846
6935
6737
6822
6813
6926
6971
6932
6965
7004
6944
7029
7053
6974
7253
7107
7241
7299
7372
7353
7660
7758
8158
8368
8748
9100
9625
10058
10669
11035
11398
11919
11979
12297
12373
12294
12160
12120
12112
11625
11537
11109
10831
10394
10176
9837
9294
8926
8554
8376
8048
7607
7572
7077
6921
6568
6399
6038
5939
5739
5522
5297
5210
5079
4829
4651
4519
4461
4379
4291
4139
4098
4133
3860
3905
3803
3712
3695
3702
3610
3523
3635
3570
3571
3564
3433
3331
3467
3418
3399
3300
3423
3434
3302
3347
3446
3364
3255
3254
3353
3343
3388
3352
3399
3429
3296
3391
3352
3257
3425
3341
3429
3302
3322
3281
3370
3438
3428
3411
3399
3341
3304
3322
3256
3315
3329
3375
3295
3260
3323
3374
3332
3299
3307
3399
3394
3329
3310
3296
3299
3322
3399
3257
3339
3263
3247
3281
3273
3373
3241
3302
3273
3374
3278
3377
3328
3345
3289
3311
3426
3355
3242
3253
3307
3340
3308
3302
3332
3279
3283
3257
3252
3275
3244
3234
3180
3271
3399
3399
3255
3314
3381
3447
3314
3295
3363
3348
3317
3428
3313
3246
3353
3316
3302
3305
3298
3257
3372
3356
3357
3301
3248
3222
3348
3278
3460
3225
3252
3315
3278
3386
3320
3409
3273
3411
3341
3363
3356
3375
3539
3283
3378
3374
3473
3433
3569
3629
3553
3652
3848
3746
3978
4007
4110
4170
4340
4644
4569
4927
4924
5241
5407
5622
5676
5943
6003
6258
6530
6667
7056
7253
7313
7501
7734
8119
8136
8428
8558
8640
8898
9205
9262
9474
9525
9642
9851
9835
10204
10225
10327
10291
10401
10623
10524
10803
10645
10717
10947
10688
11153
10995
10926
10990
11162
11093
11077
11228
11183
11347
11851
11676
12024
12209
12370
12863
13236
13688
14117
15078
16061
17070
17962
19134
19946
21326
22016
22860
23180
23656
23913
23777
23497
22849
22459
22078
21252
20563
19903
18973
18178
17372
16634
15832
14909
14314
13596
12748
12081
11328
10724
10089
9687
8966
8456
7854
7488
6922
6573
6099
5823
5568
5302
4943
4744
4503
4374
4151
3894
3823
3607
3451
3347
3300
3190
3158
2968
2967
2875
2855
2765
2823
2720
2565
2658
2690
2564
2585
2482
2593
2603
2507
2467
2538
2447
2432
2510
2399
2412
2458
2502
2490
2449
2479
2485
2427
2366
2585
2439
2469
2450
2319
2453
2461
2375
2379
2397
2393
2393
2375
2405
2426
2375
2467
2403
2426
2432
2381
2388
2395
2415
2400
2401
2451
2496
2479
2426
2422
2384
2459
2440
2410
2436
2395
2466
2455
2384
2357
2463
2355
2427
2398
2409
2418
2405
2262
2429
2330
2371
2418
2396
2349
2430
2358
2419
2349
2295
2378
2393
2427
2419
2352
2338
2345
2367
2366
2298
2372
2369
2376
2338
2330
2332
2445
2402
2329
2370
2361
2344
2337
2353
2277
2387
2391
2376
2363
2362
2263
2371
2354
2258
2295
2329
2332
2209
2328
2404
2263
2414
2345
2414
2295
2307
2336
2425
2375
2345
2368
2314
2323
2331
2312
2334
2367
2270
2429
2315
2263
2370
2313
2282
2304
2372
2165
2309
2307
2299
2341
2375
2341
2289
2297
2359
2365
2322
2315
2385
2333
2347
2336
2331
2283
2347
2328
2273
2389
2339
2256
2331
2335
2361
2292
2276
2243
2279
2323
2314
2272
2403
2263
2271
2327
2278
2327
2329
2265
2342
2341
2308
2377
2328
2356
2326
2332
2340
2338
2314
2293
2272
2293
2292
2256
2298
2316
2320
2261
2316
2301
2267
2354
2356
2276
2371
2311
2341
2363
2302
2313
2229
2282
2343
2440
2312
2338
2311
2321
2370
2313
2316
2196
2360
2351
2269
2403
2313
2353
2329
2221
2254
2269
2327
2279
2245
2357
2359
2303
2316
2299
2313
2191
2244
2322
2355
2282
2180
2274
2261
2394
2419
2331
2240
2277
2415
2270
2285
2363
2289
2352
2216
2211
2252
2307
2295
2287
2301
2194
2252
2346
2207
2190
2227
2217
2220
2326
2202
2185
2336
2267
2242
2182
2227
2260
2360
2277
2185
2296
2298
2294
2388
2225
2375
2197
2342
2335
2255
2268
2225
2223
2234
2300
2238
2225
2234
2252
2309
2315
2322
2313
2327
2257
2217
2293
2275
2356
2151
2296
2289
2312
2220
2304
2200
2315
2290
2270
2209
2293
2178
2261
2313
2264
2280
2382
2289
2240
2270
2267
2259
2381
2277
2281
2235
2299
2354
2308
2157
2287
2305
2317
2295
2334
2235
2355
2265
2265
2359
2361
2282
2251
2273
2352
2417
2323
2278
2361
2377
2297
2374
2340
2267
2381
2294
2298
2375
2298
2395
2376
2378
2436
2402
2431
2439
2434
2518
2400
2450
2416
2457
2441
2481
2590
2599
2660
2648
2775
2753
2873
3014
3038
3185
3432
3556
3702
4072
4164
4461
4694
5020
5506
5853
6274
6760
7237
7566
8089
8651
9287
9878
10537
11029
11638
12344
13005
13726
14141
14594
15655
16063
16763
17222
17811
18497
19121
19587
20202
20589
21212
21564
22409
22484
22587
23358
23827
23911
24392
24337
24588
24902
25291
25329
25659
25586
25833
26022
26282
26442
26971
27073
26792
27382
27496
27965
28402
28574
29691
30282
30843
31336
32649
34386
35985
37820
39558
42086
44800
47158
49968
52302
54833
56931
58666
60011
60995
60675
60676
60203
58785
58025
56217
54233
52355
50558
48905
46505
43919
42339
39620
37357
35303
33092
30549
29100
26892
25116
23101
21351
19826
18239
16629
15393
14107
12830
11889
10612
9734
8895
8093
7381
6636
6079
5580
4854
4514
4116
3742
3421
3046
2727
2505
2349
2102
1971
1816
1689
1506
1469
1406
1273
1249
1127
1091
999
971
914
853
843
776
803
801
743
706
746
743
709
662
673
636
666
584
684
667
635
577
614
543
582
574
557
578
556
524
564
564
557
558
553
534
545
546
542
514
570
565
542
526
524
542
541
549
532
580
521
517
559
532
517
574
551
497
485
514
515
497
490
527
515
535
552
536
495
558
497
520
523
505
539
523
525
512
520
513
538
484
534
519
516
496
527
544
518
551
510
536
530
464
510
493
493
520
512
544
490
493
495
470
480
495
494
481
518
432
465
516
420
517
515
498
471
512
486
515
480
442
519
466
508
518
461
480
534
512
523
488
527
555
461
520
516
566
537
483
493
530
559
586
543
578
618
630
677
685
666
725
715
822
783
876
885
1004
1004
1053
1180
1230
1341
1381
1469
1545
1581
1622
1758
1885
1945
2036
2080
2170
2246
2389
2532
2511
2568
2626
2707
2830
2896
2932
2973
3065
3081
3188
3191
3284
3329
3377
3459
3511
3515
3402
3650
3669
3720
3773
3713
3707
3687
3771
3884
3754
3825
3940
3916
3979
3944
4087
4174
4366
4411
4530
4732
4803
5120
5288
5623
5823
6157
6666
6825
7062
7443
7716
7797
8005
7998
8160
8166
8014
7995
7802
7601
7453
7106
6744
6625
6316
6122
5678
5566
5209
4789
4616
4155
3994
3883
3477
3297
3022
2935
2644
2465
2259
2147
1873
1764
1592
1441
1349
1227
1235
1050
988
903
860
717
688
595
611
595
527
507
511
431
433
401
412
356
357
331
331
323
340
298
264
292
253
251
262
257
274
277
238
256
237
247
227
249
241
277
239
245
233
246
226
253
278
243
245
244
229
221
208
258
204
250
203
234
214
235
222
221
208
227
211
203
218
206
234
235
224
207
219
219
239
218
215
207
213
223
221
213
228
200
219
203
215
204
206
200
204
191
193
209
178
187
195
210
214
231
179
198
200
183
208
212
201
214
224
178
224
186
190
225
211
222
218
191
209
209
202
211
182
208
208
197
201
209
218
205
187
200
200
182
193
191
200
227
210
202
192
182
185
186
207
188
214
193
193
213
179
190
185
199
202
192
183
187
209
210
215
210
190
183
205
171
175
207
177
208
182
200
198
197
193
187
187
177
172
176
188
174
198
185
169
211
206
201
164
190
194
184
175
191
177
183
153
189
204
195
198
142
185
177
199
182
183
172
193
191
194
200
193
181
188
197
199
160
175
175
183
189
223
191
221
189
174
203
175
182
210
191
178
199
198
173
180
179
161
177
188
179
181
161
173
156
181
158
176
214
178
172
179
197
170
201
185
166
182
178
164
165
172
196
176
185
175
169
170
153
170
182
174
175
163
178
182
188
152
165
177
191
174
196
183
166
175
174
152
144
168
170
188
196
187
173
150
196
162
187
176
174
143
158
178
155
171
181
158
177
169
184
165
174
159
185
165
170
164
180
181
183
180
156
168
171
158
189
168
155
163
155
152
167
148
163
179
184
180
178
198
164
167
164
178
149
162
170
174
169
185
171
152
165
182
166
163
171
179
163
168
160
192
167
164
170
138
189
156
172
159
158
133
160
166
137
162
168
156
157
145
158
150
155
168
187
174
161
170
177
158
151
158
171
147
185
159
154
156
161
168
152
164
166
171
182
165
166
175
137
165
154
157
167
176
177
143
168
150
141
157
144
158
166
144
157
152
165
172
173
143
148
137
162
172
151
133
153
164
180
168
153
134
166
160
147
171
167
155
149
150
153
180
191
153
161
136
166
143
152
158
144
161
175
144
133
156
163
144
157
161
150
148
135
150
155
141
161
166
139
146
171
151
137
145
139
160
132
167
138
174
152
146
152
149
146
144
152
145
118
153
158
144
143
165
168
156
117
149
145
175
141
168
174
144
140
158
167
161
153
158
151
153
150
141
150
162
150
156
145
145
150
147
138
131
140
152
141
138
134
154
126
149
122
144
136
164
157
139
170
124
139
140
181
125
149
145
140
141
138
128
150
137
131
139
138
138
147
146
137
128
142
139
129
123
133
156
133
146
141
148
130
132
146
139
132
142
150
131
124
160
139
128
167
133
117
141
136
118
144
154
155
115
155
147
129
153
140
133
129
154
120
130
117
122
126
140
118
133
125
120
159
140
138
138
150
138
161
124
125
128
154
117
120
122
157
99
118
133
117
131
129
147
139
124
133
131
125
131
144
140
125
141
127
127
133
148
134
126
110
117
126
139
110
141
109
124
126
132
136
130
148
109
138
133
123
141
121
123
139
138
141
111
132
114
137
124
148
139
119
111
130
125
114
140
126
140
123
120
112
113
122
146
126
128
117
117
152
123
145
132
125
119
134
137
138
109
132
130
129
131
127
115
127
136
136
110
126
133
128
138
107
119
113
136
133
131
119
126
117
113
147
121
128
127
123
109
150
113
123
119
115
120
117
112
118
88
118
129
124
128
120
117
130
145
109
131
124
132
150
122
131
124
117
86
139
132
125
131
119
126
116
134
123
130
138
116
124
113
133
113
131
122
141
134
133
131
126
113
116
129
123
105
119
119
124
120
105
127
122
127
120
133
113
128
115
103
128
99
121
137
110
117
124
113
116
90
117
110
134
117
117
123
119
116
131
119
112
127
113
126
109
124
117
101
109
112
115
114
123
135
115
140
106
117
145
122
111
98
96
111
126
127
120
112
123
104
95
103
103
122
108
120
136
115
101
102
108
121
97
112
122
101
111
105
91
115
98
114
123
91
121
114
104
119
121
107
114
94
126
109
117
125
99
142
102
119
106
108
128
112
122
100
119
122
103
96
100
109
107
105
129
91
92
127
103
106
102
106
113
96
109
118
130
110
111
114
122
109
105
114
104
108
118
108
105
116
90
113
135
117
113
101
122
101
82
86
82
103
111
121
105
109
109
131
128
99
120
121
116
96
88
109
114
92
89
109
122
102
95
123
103
115
92
103
116
116
103
100
108
117
91
95
103
93
105
105
105
112
111
102
85
121
102
94
97
112
88
98
103
105
118
105
97
122
106
111
94
94
102
108
100
99
99
100
93
110
107
97
100
134
112
104
117
102
109
109
119
110
107
106
96
94
102
108
105
92
119
85
100
104
118
96
112
98
89
120
88
82
109
100
105
102
101
94
84
102
87
119
103
110
92
112
83
104
90
91
126
97
92
95
99
121
104
103
107
90
90
117
75
76
96
86
91
105
103
101
78
98
105
85
119
108
85
82
101
88
101
78
92
82
89
90
94
96
111
90
84
104
107
90
84
114
103
89
96
93
88
85
98
84
102
105
108
90
104
96
100
97
98
90
94
93
99
98
107
92
112
91
64
97
92
108
110
93
86
93
96
96
78
104
99
83
92
103
78
91
89
113
103
90
92
97
102
94
113
85
100
78
96
95
92
99
96
67
92
75
92
87
94
94
93
88
101
84
93
93
87
83
90
99
77
82
88
92
80
100
110
107
93
89
84
85
96
100
103
106
93
101
127
75
83
78
78
87
68
81
95
79
94
107
90
80
69
105
92
105
87
92
80
96
104
95
81
86
83
73
86
87
82
113
93
103
89
79
81
97
98
82
80
99
113
94
83
88
91
99
95
85
95
115
83
108
113
117
106
105
76
92
91
90
104
91
76
86
92
89
94
106
84
85
96
100
91
110
105
97
106
84
100
88
94
85
100
105
95
83
87
101
82
77
82
87
80
73
95
68
83
95
72
71
89
71
102
67
89
77
77
78
86
90
80
88
81
97
89
90
90
74
80
80
76
80
90
75
65
81
88
92
69
75
78
90
86
69
78
78
78
94
77
83
69
82
69
73
73
79
83
103
82
70
68
84
73
69
73
76
76
85
68
74
86
71
58
68
63
68
57
82
61
75
80
86
78
76
88
73
62
76
60
57
67
76
66
70
81
90
76
67
81
78
70
77
61
70
70
73
53
74
75
74
70
70
74
75
77
69
68
66
76
83
64
84
55
65
82
74
67
65
73
79
77
78
68
78
72
69
62
77
89
65
84
80
65
77
65
78
65
59
71
73
58
81
70
63
74
71
67
67
73
69
75
59
68
72
84
71
88
66
66
69
65
62
85
72
73
80
76
45
71
71
81
74
64
70
67
78
57
73
85
57
62
83
79
66
72
67
61
65
71
52
79
68
79
65
62
57
79
73
63
76
75
64
71
79
76
78
60
57
70
74
65
61
59
70
39
81
71
78
73
58
60
74
67
65
65
62
68
76
65
64
67
69
81
73
62
63
61
65
68
66
67
61
72
50
66
69
61
62
63
67
63
56
66
58
60
73
65
59
61
52
73
60
64
69
68
69
67
67
64
65
58
65
71
68
64
65
73
59
72
55
73
64
51
80
62
46
68
61
69
58
62
64
58
60
59
60
72
68
55
64
69
58
69
62
60
56
58
70
53
62
65
54
74
66
58
64
75
58
66
67
67
68
61
58
74
67
64
66
61
73
58
57
69
51
49
56
73
52
59
61
59
66
53
70
57
68
60
51
53
54
58
69
50
58
75
75
60
65
52
63
56
51
50
56
59
62
73
59
71
55
72
53
54
66
63
51
63
54
55
63
69
55
60
67
58
47
51
60
54
55
60
59
61
59
54
63
43
61
60
50
47
61
67
61
51
52
75
66
56
39
59
52
58
64
49
59
52
61
56
55
48
71
45
47
53
50
51
44
62
46
49
57
56
47
64
46
42
57
47
46
70
54
45
55
42
72
56
48
54
63
56
63
49
63
59
54
60
54
64
68
63
57
60
50
44
68
53
58
54
53
53
53
62
50
63
57
53
47
47
62
58
58
62
48
55
56
54
62
46
46
64
43
53
44
58
60
60
57
56
46
54
62
43
56
54
61
53
55
46
50
61
52
43
48
45
45
60
50
62
38
49
56
40
46
49
55
49
48
44
52
49
59
65
58
51
53
53
56
58
48
53
55
55
51
65
50
50
58
43
46
56
62
53
53
53
51
54
37
50
54
65
60
59
39
58
51
49
52
42
41
60
55
40
47
54
50
62
46
47
50
36
45
42
46
55
47
53
57
43
60
55
49
49
57
45
43
50
44
44
36
37
40
42
37
39
44
47
49
64
50
56
44
41
41
49
55
44
45
46
46
44
33
45
48
51
49
64
58
39
51
45
43
50
64
44
40
53
39
41
50
47
47
48
53
49
53
49
40
59
61
53
51
45
43
43
54
35
44
65
54
53
35
49
43
60
48
50
48
50
47
48
55
40
57
58
64
56
54
53
46
69
60
48
55
34
40
48
36
51
55
60
54
57
34
48
53
59
53
59
54
46
69
59
48
52
55
61
44
45
55
54
58
65
61
58
73
44
68
46
45
41
67
40
53
53
40
61
49
62
61
30
42
48
51
38
48
45
55
45
43
35
44
52
45
45
41
32
48
52
43
41
52
38
42
41
29
45
50
50
36
35
48
37
36
45
40
49
42
41
42
39
35
47
44
31
36
48
24
42
45
41
35
44
33
45
40
31
39
35
31
34
36
40
44
46
52
49
37
46
35
44
28
51
30
36
45
41
52
39
41
37
43
39
41
39
32
43
30
38
47
35
44
33
38
46
33
26
34
50
31
38
41
42
31
43
42
30
31
33
31
45
33
27
30
40
42
48
50
38
40
44
30
36
48
30
47
36
36
35
27
42
47
35
42
43
37
39
36
43
34
34
35
42
49
43
39
43
50
47
38
41
42
53
32
45
48
35
35
43
34
23
42
39
51
50
25
46
40
33
46
37
38
48
38
36
43
41
53
40
52
41
40
27
39
41
42
38
51
51
46
50
47
53
54
44
49
48
46
45
44
43
50
45
56
45
49
57
43
58
50
52
63
65
54
43
45
59
56
51
50
59
53
62
50
45
63
52
57
56
44
36
60
49
50
61
58
56
67
54
63
56
45
53
52
62
47
60
53
66
62
63
47
60
55
64
61
67
64
57
45
55
52
57
53
51
57
44
56
46
52
48
39
47
44
38
42
37
31
36
49
46
38
37
39
33
40
31
42
40
50
38
31
44
41
44
41
33
33
33
32
39
34
33
24
39
33
37
27
47
35
39
43
40
25
24
36
38
33
23
35
38
37
23
41
33
25
31
36
29
23
32
30
33
31
39
37
35
39
42
28
36
30
30
43
44
28
34
39
35
36
41
28
40
34
21
35
35
38
34
40
33
30
27
35
36
24
31
33
39
31
24
33
31
41
37
31
48
34
34
24
38
29
26
32
33
34
40
35
33
28
36
32
38
37
41
28
32
36
46
44
36
31
28
31
29
36
36
33
30
27
35
29
34
32
28
39
35
39
28
31
35
35
41
27
34
39
33
37
26
35
39
34
26
29
28
34
24
30
41
43
37
41
37
28
37
27
30
29
51
26
42
29
36
37
27
30
41
32
30
30
32
33
20
21
29
36
31
41
41
36
35
27
30
30
33
27
33
29
40
29
28
39
41
34
29
30
36
31
39
27
41
35
33
41
39
33
19
34
39
26
32
28
25
22
36
34
32
39
28
28
37
30
44
21
42
35
32
23
45
30
28
34
33
26
32
31
40
25
33
19
22
34
30
34
23
28
29
24
21
27
29
26
31
27
24
27
28
23
28
38
36
25
25
28
23
27
33
27
27
21
21
34
21
22
20
25
28
26
27
22
35
22
24
23
26
25
26
32
32
22
24
33
33
33
25
23
31
32
25
35
20
34
24
21
27
27
28
25
25
20
28
21
30
36
40
22
24
30
24
29
38
29
28
25
23
28
31
25
26
19
32
33
31
27
36
23
21
25
24
23
28
37
25
38
22
25
21
21
23
32
30
25
28
22
36
31
40
19
20
34
26
28
20
22
35
28
23
26
30
20
25
24
30
23
21
18
34
31
35
21
34
26
28
28
26
27
27
23
30
23
27
30
28
31
35
35
18
27
24
20
24
22
25
36
32
22
33
28
25
44
34
27
35
35
24
24
31
26
35
38
33
40
28
27
28
36
35
35
27
27
28
29
29
30
37
30
18
25
21
29
28
20
25
31
41
31
22
28
31
28
26
22
32
23
26
30
34
29
28
44
31
23
35
35
29
33
28
29
31
30
25
29
31
29
35
24
25
26
28
36
28
28
34
24
26
23
32
18
19
31
28
25
32
27
23
23
25
25
23
17
21
26
19
21
27
23
19
33
21
14
14
15
27
18
15
20
25
33
16
23
20
14
24
20
25
15
23
28
21
14
16
21
14
27
21
16
21
19
19
35
22
27
28
16
25
14
21
25
18
20
29
21
28
10
20
16
25
16
26
21
15
15
19
23
17
26
18
16
27
19
21
23
22
25
24
22
18
23
18
29
20
15
18
27
17
18
18
20
24
16
21
20
21
16
24
22
16
27
24
15
14
24
20
15
20
23
24
18
24
22
16
26
16
22
23
18
24
21
21
15
25
19
28
21
17
26
18
22
17
20
17
22
21
26
20
27
21
11
21
21
22
21
15
27
17
20
19
18
19
18
15
15
13
21
26
23
19
25
29
19
14
23
26
16
23
29
15
19
29
29
19
16
13
24
18
20
21
22
19
19
19
19
16
24
17
23
15
26
17
22
27
19
17
28
14
16
24
14
15
12
25
18
12
14
17
24
12
16
16
23
31
22
16
23
8
20
23
16
12
23
23
17
16
18
22
26
15
21
17
21
26
13
23
27
24
15
22
12
16
17
12
16
12
18
23
12
17
18
12
19
19
15
23
13
17
19
20
22
20
19
22
19
23
18
19
23
20
25
16
20
24
22
19
24
22
22
16
18
15
19
21
14
24
17
16
11
21
14
14
12
14
25
23
19
16
22
12
20
24
17
15
20
22
17
20
17
18
19
26
23
18
18
18
15
19
16
21
16
19
16
16
16
17
10
28
21
11
18
14
25
13
11
17
18
17
13
22
14
20
17
22
20
15
22
22
14
20
13
19
16
15
16
21
19
16
19
17
19
15
23
18
24
17
18
16
11
13
16
15
16
23
20
22
20
15
19
12
13
21
12
7
21
15
20
19
16
23
17
16
19
20
15
18
18
16
20
19
16
15
19
23
17
14
29
21
16
15
13
21
24
18
17
22
26
28
13
24
24
20
27
19
19
19
19
27
12
17
20
12
19
25
23
14
19
17
14
17
14
22
22
23
17
17
14
27
21
24
19
23
23
27
18
19
24
20
18
22
16
23
27
30
25
27
14
31
14
14
20
19
26
18
24
19
30
16
18
21
25
27
19
15
21
26
16
22
26
24
16
20
26
24
18
32
20
23
22
32
22
16
22
22
16
17
25
17
25
18
15
28
21
30
22
27
20
17
16
23
20
26
16
18
21
22
30
18
16
16
15
21
21
22
19
19
20
18
16
16
19
15
21
18
19
16
10
21
5
14
12
7
18
10
17
11
10
16
9
16
10
13
9
13
12
12
10
11
7
10
18
9
13
6
14
8
8
13
11
11
14
9
16
5
12
14
14
13
6
13
10
10
17
8
9
11
10
9
14
8
8
7
6
15
11
3
10
12
8
13
11
10
14
15
10
11
10
9
6
5
8
9
9
5
12
9
12
5
7
11
8
18
8
11
9
11
15
12
7
16
9
9
12
13
7
15
16
13
10
13
9
14
8
14
9
13
14
13
17
13
17
20
11
10
10
8
5
9
13
11
8
11
10
16
13
7
9
15
10
15
11
11
11
19
18
7
14
16
11
12
8
7
11
8
15
10
12
13
11
15
13
8
19
10
9
11
12
11
12
9
14
15
9
10
13
8
13
7
11
18
6
14
10
10
11
11
12
7
10
10
13
8
10
10
15
12
6
10
9
8
13
12
9
10
15
9
13
11
9
11
14
10
11
10
11
11
13
11
11
8
13
10
7
11
7
10
10
13
9
9
14
7
9
11
9
11
14
11
8
12
17
10
5
9
10
15
9
7
10
8
15
13
9
12
10
13
6
10
16
3
11
5
9
10
11
8
10
15
11
12
10
14
19
15
14
10
7
9
18
6
14
7
10
13
8
10
13
7
14
6
9
14
6
7
11
11
12
9
5
17
3
9
8
5
4
12
10
4
13
4
12
5
3
3
5
4
14
4
11
13
4
5
7
14
9
6
9
11
16
7
6
9
6
9
10
12
7
5
7
4
9
8
5
7
9
11
10
6
8
4
12
6
8
7
4
10
7
4
9
9
5
7
9
6
4
7
11
16
4
5
11
8
3
7
8
8
4
14
8
4
8
7
3
3
7
9
4
5
8
8
12
6
10
6
8
8
12
9
5
5
5
9
12
10
8
11
9
11
10
10
5
10
9
4
10
9
5
10
9
1
9
8
6
13
6
11
8
9
17
5
5
9
8
7
7
7
8
8
7
4
7
2
7
11
3
9
9
2
6
7
5
9
7
9
8
3
8
3
7
7
11
5
9
10
5
7
8
5
7
5
9
2
3
4
5
4
7
3
1
11
5
6
7
6
7
8
7
7
3
6
7
12
5
5
5
7
7
9
8
3
6
10
3
9
6
4
9
6
9
10
5
6
10
4
10
4
5
10
6
7
5
4
3
8
5
7
8
12
14
7
5
9
11
8
8
13
7
5
6
10
13
11
12
8
9
5
9
5
6
4
10
10
4
6
7
13
13
3
5
17
10
5
10
10
15
16
14
6
10
5
5
7
7
9
8
11
11
8
13
10
15
9
11
7
2
5
5
8
9
7
2
11
8
9
10
9
6
6
8
6
8
7
5
6
7
7
13
4
7
4
12
5
7
8
12
9
4
6
3
9
7
3
10
3
7
6
4
8
5
7
4
9
6
12
8
7
9
11
11
7
11
5
12
9
6
4
2
8
4
7
7
6
8
5
3
7
11
7
6
5
9
7
9
4
6
7
4
9
2
8
10
2
6
4
5
10
7
11
10
7
8
7
3
7
2
5
3
10
6
7
12
8
11
12
9
5
4
8
7
5
3
5
7
8
5
6
5
4
5
6
4
4
2
5
8
12
4
4
10
6
7
11
12
7
9
10
5
6
8
5
6
10
4
5
5
5
8
6
9
9
8
8
5
9
8
8
8
11
9
12
4
7
5
6
4
8
9
8
7
7
5
7
4
9
7
3
12
7
3
3
7
11
7
9
9
7
8
4
6
8
6
7
8
5
6
10
6
7
2
6
6
7
9
4
7
11
7
9
10
7
4
2
9
8
9
6
5
10
6
9
4
4
7
3
8
7
6
9
1
7
5
8
5
7
11
6
4
6
10
5
6
5
10
4
5
7
8
11
3
5
9
6
5
4
7
7
8
5
5
2
13
4
5
11
5
5
9
8
5
6
10
9
10
9
10
8
7
8
9
8
11
12
12
8
11
3
6
4
6
5
4
10
3
7
10
4
4
6
4
5
5
10
6
6
11
5
5
5
8
5
2
6
8
5
6
8
8
7
6
4
2
7
7
4
6
5
3
3
8
3
5
8
6
2
8
5
2
3
5
4
6
4
8
5
5
4
3
3
4
7
6
5
6
5
12
3
5
7
5
6
7
5
5
5
8
6
1
5
8
4
7
8
7
3
3
6
7
4
5
3
6
6
7
8
8
4
5
8
7
5
6
8
4
10
4
7
7
5
4
4
9
4
6
6
6
3
3
3
5
2
7
3
4
2
6
4
5
6
6
10
1
4
10
7
5
7
2
5
8
5
6
4
5
8
4
8
5
8
6
6
6
3
3
6
1
8
2
7
2
4
5
7
5
7
5
3
3
8
7
4
5
5
6
3
5
3
5
4
8
5
8
4
3
2
4
4
8
5
5
9
2
5
6
5
4
8
3
6
2
5
8
4
6
5
7
7
9
2
7
5
5
1
7
8
5
3
2
4
2
1
6
7
4
7
8
6
2
7
8
5
8
9
1
8
2
6
8
7
2
6
5
5
6
5
11
11
6
4
8
4
5
4
7
3
11
2
5
2
5
9
4
4
4
8
5
8
6
4
3
7
8
8
3
7
6
4
8
5
3
5
6
6
3
10
7
9
3
6
7
5
8
3
6
5
5
11
7
5
3
1
4
6
11
4
6
6
8
8
7
3
4
8
5
4
7
6
3
5
3
2
6
9
4
2
6
3
3
5
4
5
6
10
5
3
5
8
5
5
5
10
5
3
10
6
3
3
7
7
5
1
4
6
6
7
3
7
3
7
4
6
2
7
4
4
4
1
6
4
9
7
4
7
4
7
2
3
5
5
6
6
6
6
8
7
8
5
5
5
2
6
6
5
7
3
4
4
6
8
6
6
5
5
0
7
3
8
4
5
4
2
6
3
3
7
8
5
5
4
4
8
5
5
2
5
2
6
7
4
6
3
4
1
5
4
8
3
5
1
5
8
5
3
9
5
3
6
1
9
6
5
6
4
2
8
9
5
6
7
5
7
1
6
4
2
6
2
8
1
3
7
7
6
3
5
6
5
8
8
6
4
7
3
8
3
4
9
10
7
1
7
7
4
5
1
5
6
3
5
4
3
4
8
6
8
8
4
6
2
4
7
3
3
6
3
2
3
7
6
6
5
8
4
3
6
4
5
6
3
3
2
5
3
3
5
7
4
4
6
7
6
8
5
6
6
3
9
2
4
5
2
4
4
8
6
4
5
8
4
6
3
5
6
6
4
3
6
3
4
11
3
10
4
5
3
8
7
7
11
5
3
5
4
7
2
6
6
8
2
7
3
5
2
10
2
1
2
8
5
3
6
6
4
4
6
6
8
3
6
5
6
7
4
7
4
7
2
8
2
5
5
6
7
6
6
4
9
3
5
7
6
7
3
5
7
3
5
3
10
5
8
5
6
9
7
7
8
8
4
5
6
8
7
6
4
3
7
7
3
3
5
6
4
5
4
3
3
5
3
4
8
8
3
7
6
6
7
4
3
5
3
3
5
7
8
6
4
7
2
6
4
9
6
3
5
3
6
7
5
1
1
4
4
1
6
7
5
6
4
4
5
7
8
4
7
8
1
1
7
9
7
4
8
5
6
6
3
4
8
9
5
8
2
3
5
4
10
4
9
4
1
4
4
4
8
6
6
9
5
4
2
2
5
5
2
2
4
3
2
3
8
9
7
3
10
5
3
3
5
3
4
6
1
5
6
3
3
3
8
4
5
3
4
4
6
4
6
5
5
2
7
6
2
5
3
7
5
6
8
5
5
3
4
4
6
5
5
6
4
1
6
8
5
7
5
7
5
7
7
5
3
4
2
6
5
5
5
6
5
3
3
5
7
7
4
6
4
8
4
7
5
7
4
6
3
7
4
7
11
7
9
5
1
4
4
9
5
6
6
9
5
6
2
3
3
10
6
2
2
5
9
6
3
4
2
3
3
3
8
6
4
5
3
1
3
7
4
1
1
1
5
2
4
5
5
6
6
5
6
10
3
2
5
8
5
4
1
6
3
5
3
7
5
3
5
7
6
7
4
2
2
4
5
6
3
3
4
4
7
6
5
2
7
3
7
7
4
6
3
2
8
5
5
6
3
2
3
9
5
2
5
1
4
8
2
3
4
2
4
1
2
4
3
2
2
4
6
5
5
9
2
3
5
7
4
6
6
6
5
4
5
5
8
9
3
3
2
7
10
4
4
4
5
9
5
8
2
3
9
3
3
10
4
7
3
4
4
8
4
7
5
6
2
5
4
2
11
3
7
4
5
2
3
4
3
3
6
4
4
3
7
4
5
5
3
5
4
4
4
4
6
7
2
3
2
5
4
9
4
4
3
4
5
5
4
6
8
5
4
2
5
6
4
5
5
6
6
6
1
7
5
4
3
7
4
7
1
1
3
6
3
4
2
4
4
8
2
4
4
6
3
8
5
6
6
3
3
3
7
3
7
5
3
4
3
3
5
4
9
5
4
6
10
6
7
4
1
10
4
5
5
5
6
6
8
2
10
9
7
7
8
6
5
7
4
9
7
6
13
4
5
8
4
7
8
6
16
14
8
9
10
12
5
7
13
9
12
10
10
9
9
4
9
11
17
6
11
5
9
7
10
7
12
14
12
7
5
9
6
5
16
10
8
12
11
3
5
17
9
11
10
4
13
10
7
7
8
10
6
6
3
4
5
3
10
4
10
7
13
7
6
3
8
10
3
7
8
2
4
6
5
3
3
4
4
2
8
6
2
4
5
2
1
9
7
3
6
6
7
4
7
4
5
4
2
7
6
2
2
1
5
1
4
4
6
8
4
3
3
4
0
3
6
5
2
8
1
5
5
3
1
4
6
3
5
6
3
1
6
5
3
2
4
1
4
7
4
2
3
1
6
6
4
2
4
0
11
1
5
2
4
4
4
3
7
2
5
5
10
3
2
0
1
3
1
8
4
0
4
5
6
2
2
3
4
4
1
1
6
5
4
4
2
2
4
4
2
1
5
7
2
4
5
1
3
0
2
5
4
2
2
1
4
3
1
3
1
4
6
6
2
5
3
3
4
5
2
4
3
6
4
7
3
4
3
4
9
1
3
7
1
1
3
2
11
2
9
3
5
4
3
5
2
6
3
3
7
7
8
4
5
4
1
5
3
6
2
2
3
5
9
6
3
1
4
3
8
8
5
3
5
3
3
6
2
4
5
4
2
4
10
5
2
5
6
1
0
1
6
5
2
6
5
6
5
3
4
4
5
3
4
4
6
2
8
6
3
9
5
3
2
6
4
5
8
2
1
4
2
2
9
5
2
6
2
3
4
3
10
3
4
3
4
7
2
6
2
0
5
5
5
3
3
1
2
2
6
2
1
3
1
9
4
6
2
6
8
6
5
3
4
2
4
3
6
4
6
5
1
5
5
3
3
2
3
0
2
2
3
1
4
2
6
1
8
7
0
3
0
2
5
6
3
6
2
5
5
2
4
4
3
2
5
0
2
3
2
5
3
3
2
3
4
5
3
3
0
4
7
4
2
6
1
3
2
7
3
1
2
6
7
2
5
7
7
3
2
0
6
4
4
7
8
5
6
6
1
4
4
2
3
4
1
3
4
4
2
3
2
2
5
2
4
5
1
3
5
3
5
5
7
2
4
3
3
3
5
4
10
5
2
2
4
7
4
4
4
4
3
5
1
4
7
5
3
5
0
4
3
2
3
2
2
2
2
2
6
1
2
4
6
1
2
1
1
6
4
4
6
3
1
3
4
5
1
3
3
6
4
3
1
4
6
3
3
4
2
4
4
5
2
5
4
3
4
6
6
4
7
6
5
8
6
3
4
6
3
6
8
5
7
6
4
4
7
7
5
2
9
6
9
7
3
5
5
7
4
9
6
6
4
8
5
4
7
5
2
5
8
2
3
10
9
7
5
8
6
8
4
7
7
6
12
2
4
8
7
6
5
8
7
11
6
7
7
7
8
3
6
7
9
6
7
5
8
7
9
10
9
6
5
0
4
6
9
4
8
6
5
10
7
3
5
4
8
4
7
6
7
4
7
3
1
4
6
4
1
2
3
9
2
5
5
7
1
3
11
2
5
6
5
6
8
1
4
2
5
3
4
5
5
1
3
2
1
6
2
2
3
3
3
1
3
3
4
1
4
2
5
1
5
7
5
3
6
6
3
5
2
3
3
6
3
2
3
5
6
4
4
3
2
3
3
2
4
3
3
3
3
10
4
3
1
7
4
8
6
0
5
7
3
4
7
4
1
6
2
2
6
9
3
1
7
3
5
3
7
2
6
3
4
3
5
7
5
6
4
2
6
3
6
2
1
2
2
3
1
5
7
2
4
3
3
2
2
2
1
2
2
3
3
2
4
5
6
2
1
2
5
2
4
0
5
2
3
1
3
2
1
4
1
2
6
3
6
3
4
3
2
1
3
4
3
0
4
2
2
3
2
4
7
5
1
0
3
6
5
3
4
6
3
1
1
2
2
0
3
4
4
4
4
3
5
3
5
2
5
2
8
3
3
4
4
5
3
5
3
3
10
2
2
5
4
4
3
2
1
5
4
0
5
4
1
7
3
4
4
2
1
3
5
3
4
3
1
4
3
3
2
1
4
3
2
5
3
2
2
4
2
6
5
5
2
2
3
3
4
3
2
5
3
2
3
5
1
3
3
4
3
4
2
4
3
2
1
3
0
5
4
2
0
2
4
2
3
3
4
4
1
2
4
5
2
3
4
3
2
2
6
7
1
1
5
1
6
3
2
2
3
10
4
4
3
2
1
4
1
3
2
2
3
2
6
2
6
5
4
6
2
8
4
2
1
2
5
4
2
6
5
4
3
2
4
5
2
2
4
2
4
4
3
4
3
5
3
3
4
6
0
2
4
3
6
6
2
4
5
4
3
1
3
3
4
4
2
3
4
4
4
5
1
2
2
1
2
2
2
4
2
4
0
1
2
6
2
4
2
0
6
1
2
1
1
5
4
4
2
2
3
4
1
2
2
1
3
4
4
5
3
0
3
3
3
4
4
1
9
5
2
6
2
5
3
5
9
1
0
5
2
3
5
3
3
5
3
0
5
5
0
5
2
0
3
4
4
5
3
2
3
7
5
4
3
1
0
1
1
6
2
4
4
5
1
1
2
4
1
3
2
7
4
6
4
2
2
4
2
1
2
2
3
1
4
3
3
3
1
5
1
1
2
3
2
3
1
4
3
3
3
1
1
3
2
2
1
6
3
5
4
3
5
3
2
1
3
1
2
3
5
0
3
4
3
1
1
2
3
5
3
1
2
1
3
5
5
4
2
5
2
1
4
2
5
0
3
3
3
3
4
4
2
4
1
5
2
2
4
4
3
2
2
1
2
3
3
3
6
2
2
2
4
2
3
4
4
5
2
3
3
3
4
2
4
4
4
5
2
0
3
2
0
2
2
4
3
3
4
0
5
1
2
5
4
4
3
3
2
5
4
1
5
1
3
3
3
4
3
4
3
1
2
3
6
1
0
3
2
6
5
6
1
0
5
4
5
1
2
5
3
3
2
4
3
2
5
1
4
3
3
5
3
2
8
2
4
3
3
1
0
3
2
3
6
3
1
0
1
1
6
4
4
3
4
4
1
4
5
6
3
3
4
7
4
2
2
0
2
3
3
8
6
1
4
8
1
7
3
0
2
7
3
2
7
1
3
4
6
3
1
2
2
4
5
2
2
6
3
1
3
4
5
3
5
2
5
3
2
3
4
4
2
1
4
2
3
2
2
5
1
3
4
6
2
3
3
2
8
1
3
2
4
2
3
5
2
7
3
2
3
2
6
2
3
1
4
8
2
2
5
2
1
6
3
4
4
2
9
3
2
4
1
6
0
6
4
2
6
3
3
1
3
0
4
4
1
3
6
2
2
3
2
0
2
5
7
3
3
2
3
4
7
4
3
5
3
3
5
1
4
2
3
4
2
3
4
2
2
5
0
5
2
3
5
3
4
2
5
2
5
2
2
1
2
2
4
2
7
5
2
4
4
1
4
1
5
3
2
3
5
4
1
3
1
1
2
5
2
4
3
2
3
5
3
2
2
1
1
4
1
2
2
4
4
3
1
4
3
6
4
1
6
2
1
2
4
1
4
4
2
2
3
3
3
4
3
3
4
5
2
3
4
1
2
2
3
5
3
4
2
4
2
4
1
2
7
2
4
3
0
1
3
3
4
5
3
2
0
4
2
2
2
3
4
1
3
3
5
2
1
1
5
8
1
3
5
1
2
2
4
1
3
6
2
1
0
3
5
4
6
5
4
4
4
3
4
3
4
3
5
2
4
3
0
2
5
4
5
4
4
3
3
3
4
5
4
5
1
3
8
1
1
3
4
4
4
4
4
1
2
3
2
3
3
3
0
3
2
2
1
3
5
2
3
4
0
2
5
1
5
3
3
3
1
3
1
6
2
3
2
0
2
2
1
4
4
3
3
3
2
0
4
3
1
3
2
2
4
2
4
2
3
1
3
2
4
2
5
2
3
4
3
3
5
3
7
2
3
3
4
4
3
2
2
6
2
1
4
3
1
0
1
3
2
3
4
2
2
3
3
3
1
1
0
3
3
2
3
5
1
4
4
3
4
5
4
3
1
1
7
2
6
3
3
3
3
1
3
2
4
2
4
3
1
1
1
1
4
1
1
2
2
4
2
3
2
1
3
2
2
2
5
1
2
3
4
4
5
2
2
4
2
1
5
5
1
4
2
6
3
5
6
1
2
3
4
4
4
3
4
2
3
1
2
1
2
2
2
1
5
0
5
1
4
6
3
3
5
8
3
2
3
3
2
6
2
4
3
0
4
2
8
3
5
1
5
5
2
2
5
2
1
0
1
2
5
3
3
3
3
1
4
4
3
5
5
2
5
0
3
2
3
6
3
3
1
2
4
2
1
4
1
1
3
3
1
2
4
3
2
4
1
2
4
3
9
3
2
5
4
7
4
1
2
2
6
1
4
4
3
2
3
3
6
2
3
0
2
6
3
1
3
5
1
0
3
1
1
3
7
2
3
6
8
1
2
2
3
5
3
2
3
5
4
4
3
5
1
6
3
3
2
4
3
6
5
5
3
4
4
3
4
3
4
4
8
4
1
5
3
1
2
2
2
5
2
1
3
6
0
4
3
2
2
5
2
3
5
2
5
1
2
6
5
3
1
2
5
4
4
4
1
4
9
4
1
6
1
0
3
1
4
3
4
4
3
2
3
3
0
2
4
3
3
2
0
1
7
3
8
1
4
2
2
1
2
4
3
4
2
3
2
0
5
1
3
3
4
2
2
2
3
4
2
0
2
4
0
1
2
4
4
4
3
2
3
4
7
3
5
4
1
5
0
4
2
5
1
3
2
7
5
2
3
3
3
4
2
7
6
3
5
3
4
3
1
3
4
2
7
10
2
4
1
3
5
3
2
0
3
4
2
4
1
9
7
3
4
3
2
8
5
6
1
4
4
6
11
5
4
5
4
4
2
10
5
8
7
9
6
3
6
8
8
4
4
7
3
7
3
6
5
3
4
6
2
4
3
6
5
5
9
4
2
9
8
3
5
5
3
2
4
2
9
3
2
4
7
7
2
2
6
5
4
3
7
2
5
4
1
5
2
4
3
1
2
4
5
3
1
1
7
3
2
0
3
5
7
6
5
5
3
7
2
3
5
0
4
3
1
4
0
2
6
3
3
1
2
4
1
5
2
3
1
1
2
5
2
2
0
0
3
10
1
3
6
3
4
5
1
5
4
2
3
3
7
5
5
5
5
3
3
2
1
2
4
2
6
4
6
2
2
4
5
5
3
6
5
1
5
1
0
2
3
3
2
5
2
5
3
4
3
0
2
1
6
5
3
4
3
5
3
4
0
2
3
2
1
2
5
4
1
4
4
4
3
5
3
2
0
5
7
5
1
4
0
2
2
1
8
0
0
8
3
0
1
1
3
2
4
1
4
0
5
2
4
3
6
3
4
1
4
1
4
2
4
2
1
2
1
2
1
3
2
4
2
2
5
3
3
1
4
1
4
1
6
6
1
2
1
1
0
4
1
3
3
0
3
2
4
5
2
7
1
1
2
0
2
1
7
2
1
2
4
1
3
3
2
2
4
3
4
6
3
1
0
2
3
2
2
1
3
1
1
3
3
1
7
1
3
2
0
3
1
4
0
1
6
0
4
5
2
3
1
3
3
2
2
3
2
3
2
5
1
2
1
5
3
2
4
2
1
2
5
0
5
4
4
3
0
3
1
1
2
4
3
1
2
1
9
6
1
6
2
0
3
2
6
5
5
2
2
2
4
2
1
2
5
6
3
4
3
2
1
3
4
5
3
2
4
5
2
1
3
3
2
5
2
1
3
2
3
4
0
1
4
0
1
3
3
4
5
3
3
5
2
2
1
8
3
4
2
5
2
6
4
1
2
4
4
5
2
3
5
2
2
5
3
3
0
5
3
0
3
4
3
1
0
5
2
1
4
4
1
5
3
1
3
6
4
2
3
1
3
4
3
0
2
4
4
3
7
6
0
1
0
3
3
3
3
1
6
3
5
4
1
1
2
1
6
1
4
3
2
1
3
3
2
2
3
6
2
5
1
2
3
5
3
2
3
0
2
2
2
3
1
1
1
5
3
3
2
2
5
6
5
2
3
1
1
1
2
4
3
1
4
4
4
2
4
1
2
0
1
0
5
3
5
0
3
5
1
1
2
2
1
4
5
3
2
2
6
3
3
2
4
6
3
2
1
4
4
3
1
0
1
3
2
5
3
4
2
0
2
3
3
5
3
3
3
4
2
0
4
2
5
4
2
3
4
2
2
1
2
2
3
3
2
6
4
1
4
1
2
3
0
2
0
3
5
2
3
3
2
3
1
3
2
1
1
0
2
0
0
2
2
2
2
2
4
2
2
0
3
0
2
3
1
5
3
3
2
0
2
4
3
2
1
1
5
2
5
4
2
5
2
6
2
6
2
3
4
4
2
5
2
2
3
8
3
2
0
2
4
5
2
4
2
3
2
5
1
0
2
0
4
1
3
2
0
1
2
2
3
2
1
4
0
3
3
2
2
2
2
1
0
2
2
3
3
2
5
3
2
2
1
5
5
1
3
3
5
2
2
0
4
5
2
2
3
2
4
5
1
3
3
3
1
1
5
3
2
4
1
1
2
2
4
2
0
3
3
1
1
2
2
2
2
5
1
4
2
1
2
2
3
4
2
2
2
2
2
1
5
1
2
2
0
1
1
2
4
2
2
3
3
2
4
2
0
3
0
2
3
3
1
6
1
5
4
5
5
1
2
0
2
2
0
4
4
6
1
2
3
2
4
3
3
0
5
2
3
2
2
5
5
1
4
0
3
1
3
0
3
4
4
2
2
5
8
5
1
4
3
6
2
3
4
1
2
4
4
0
5
6
3
4
2
1
5
4
2
7
4
4
1
4
3
6
2
0
5
2
1
2
3
1
1
1
1
5
3
3
3
1
4
1
1
3
4
5
3
4
3
5
2
3
1
3
3
2
0
4
4
1
0
0
3
5
2
0
3
1
4
0
1
1
5
1
6
0
4
0
2
4
2
3
6
5
3
5
1
1
5
2
3
3
2
1
1
4
1
1
3
0
1
2
6
1
4
1
1
3
2
2
2
1
3
3
2
2
6
2
1
1
0
3
1
2
3
4
4
0
2
4
3
1
5
2
1
1
1
3
4
1
2
2
3
2
2
5
2
1
3
2
0
2
4
2
0
2
5
1
3
0
3
6
1
3
2
3
5
1
4
2
2
3
2
2
1
1
1
5
5
3
2
3
5
5
6
3
3
1
4
5
1
4
1
5
1
3
5
3
1
2
3
6
5
0
1
5
5
2
0
3
3
5
2
3
1
6
1
2
1
3
5
3
4
2
2
1
0
3
2
3
4
5
5
4
3
2
2
4
3
2
4
6
1
2
6
2
2
5
3
3
1
3
5
1
0
4
2
4
3
1
1
0
1
0
2
3
5
2
4
0
3
3
1
2
3
1
3
3
1
2
0
3
2
3
2
3
5
2
0
2
1
0
2
2
3
0
1
4
2
0
1
2
2
3
6
1
3
2
2
1
2
2
6
3
4
3
2
1
2
5
0
2
6
1
3
1
1
2
0
2
2
2
3
2
3
3
8
2
2
3
1
0
3
6
3
3
0
4
5
4
2
3
5
7
2
3
6
2
8
3
1
2
1
7
4
2
1
5
5
3
0
4
4
3
2
7
2
6
7
8
3
4
3
2
6
3
6
4
2
1
3
2
1
2
6
4
2
5
6
1
2
0
2
0
3
6
4
3
0
4
3
1
4
5
2
3
1
2
4
3
4
1
1
4
4
2
0
1
4
1
3
5
5
2
1
1
2
2
0
0
2
2
3
2
2
9
3
3
1
3
2
2
4
3
1
0
0
2
1
1
2
4
1
2
2
1
3
1
4
1
2
1
2
4
1
0
5
5
2
1
1
1
2
3
2
2
3
4
2
2
0
4
1
1
4
1
2
2
5
1
4
1
2
2
1
1
4
4
0
2
1
0
3
5
0
0
1
1
2
2
2
3
0
1
2
5
3
5
2
4
1
1
3
1
0
1
4
3
1
2
2
2
0
5
2
4
3
0
1
3
1
1
4
1
1
2
2
3
2
1
0
2
2
2
2
2
2
1
2
1
2
1
1
5
2
6
0
1
1
7
1
3
4
2
2
2
1
3
2
2
2
4
1
2
1
1
0
0
2
3
0
2
4
2
2
3
4
2
1
4
2
1
1
1
3
1
2
2
2
5
3
4
1
3
2
1
1
0
0
0
3
4
1
1
0
4
2
1
1
0
3
1
1
2
2
2
0
1
2
0
2
2
2
2
2
2
2
1
1
2
2
0
4
1
3
2
1
1
4
0
1
2
2
1
3
0
0
1
0
1
1
1
0
2
3
1
6
1
1
4
1
1
1
1
2
2
3
1
3
1
1
2
0
6
2
5
1
3
3
5
1
1
2
2
1
2
4
4
2
1
4
2
0
2
2
0
2
0
2
2
0
2
1
0
1
2
1
2
1
3
1
3
0
0
4
1
1
2
5
4
3
5
2
3
3
2
2
5
1
0
3
3
2
0
2
2
2
1
2
4
3
2
3
2
0
2
1
1
5
2
2
2
2
2
1
0
2
4
4
3
2
4
1
1
1
2
2
2
2
2
1
3
0
1
1
1
6
1
1
2
2
0
1
1
2
2
2
1
1
3
2
0
5
5
2
3
3
2
2
1
2
1
1
0
0
2
2
2
0
2
1
1
1
3
3
2
3
1
3
3
3
1
1
1
3
1
1
2
0
2
2
4
2
3
0
2
1
3
0
2
3
3
2
2
2
2
0
1
1
1
0
0
2
4
3
2
1
0
0
2
5
3
4
1
3
2
0
1
1
3
0
1
2
2
2
2
1
0
2
2
0
1
4
2
1
2
0
0
1
0
2
0
1
2
1
2
2
3
0
2
1
3
1
1
1
3
2
1
2
0
1
2
0
3
2
0
3
1
1
0
1
5
1
1
1
1
2
3
2
2
2
0
4
1
1
2
0
4
3
2
2
2
0
0
1
2
4
2
4
0
1
4
0
0
1
0
1
2
2
2
2
2
5
1
1
1
3
0
2
1
1
1
2
2
2
1
0
3
3
2
2
1
2
0
0
2
0
1
2
0
1
4
4
2
2
1
0
0
1
1
1
0
2
2
1
3
2
4
1
1
0
0
3
5
2
1
0
2
2
0
4
0
1
0
1
1
3
3
5
1
1
2
2
2
1
2
3
3
3
5
0
3
3
0
0
0
2
1
4
2
1
2
1
2
0
1
1
2
1
1
1
3
2
1
2
2
4
2
2
2
1
1
2
3
2
1
2
1
0
0
0
1
4
1
2
1
0
2
2
0
0
1
1
0
2
0
1
3
1
3
1
0
2
3
1
2
0
1
2
0
0
1
0
0
2
2
1
0
0
1
1
1
0
0
1
2
2
1
4
1
0
3
2
1
2
1
1
1
1
0
0
1
3
1
1
2
2
4
0
3
1
1
0
1
0
1
2
2
1
2
0
2
0
4
2
0
0
1
1
3
4
1
1
1
1
0
2
0
0
1
1
1
0
1
2
1
3
0
1
0
1
0
3
1
1
0
3
4
0
0
0
2
0
0
0
2
1
1
0
0
1
1
2
0
2
0
2
1
0
1
0
0
2
1
2
1
1
3
0
1
0
2
5
3
0
2
1
0
2
1
0
2
3
3
1
1
2
2
2
1
3
4
2
3
1
5
3
0
3
2
2
2
2
0
0
1
2
1
1
1
0
0
4
2
0
1
0
2
1
1
0
0
1
1
1
1
0
0
1
1
0
0
3
0
1
4
0
1
0
3
1
0
1
0
5
1
2
2
2
2
0
3
0
1
2
0
2
1
2
0
1
3
3
3
1
0
1
2
1
2
3
1
1
0
1
1
5
1
2
0
1
0
0
2
0
1
0
2
4
2
1
1
1
0
1
1
1
0
2
1
3
0
0
3
2
2
2
1
2
1
1
1
1
0
0
2
0
3
2
0
1
0
0
1
0
2
1
2
0
1
1
0
0
2
0
0
3
0
4
0
2
0
0
2
0
1
1
0
1
3
2
2
1
0
0
1
2
0
0
1
1
0
1
1
1
0
3
2
3
1
1
0
0
1
1
1
1
0
0
1
0
0
1
0
2
0
2
0
0
0
0
1
0
2
1
1
1
0
1
1
0
0
1
4
2
0
0
2
1
0
2
0
1
3
0
1
0
2
0
0
1
0
2
1
0
1
1
1
0
1
1
0
1
2
1
4
3
0
3
1
1
1
0
0
0
1
1
0
1
3
1
0
0
0
0
2
1
1
1
3
0
1
0
2
1
1
0
1
0
1
0
0
2
1
2
0
3
1
0
0
2
2
2
1
0
2
0
1
2
0
2
0
1
0
0
0
3
1
1
2
1
1
0
0
3
1
1
0
0
0
4
1
0
0
1
0
1
2
1
1
0
0
2
0
1
0
1
1
1
0
1
1
2
0
1
0
2
1
4
1
4
1
1
1
1
1
0
0
2
2
1
2
3
0
2
0
0
0
0
2
0
1
3
1
1
0
2
2
0
1
0
1
0
0
1
2
1
1
2
1
0
2
1
1
1
0
0
0
0
2
1
0
0
1
0
0
0
0
2
0
2
1
2
1
1
1
0
1
1
0
2
0
0
1
0
2
4
0
1
0
0
1
2
2
0
0
1
0
0
0
0
1
2
0
1
0
2
1
2
1
2
1
1
1
0
1
0
4
1
1
0
2
1
0
1
0
0
2
2
2
1
3
1
0
0
1
1
0
1
1
1
1
2
0
3
1
1
1
1
1
0
0
0
1
1
2
2
4
1
2
1
1
0
1
0
1
2
0
3
1
1
4
1
0
1
0
4
1
0
5
0
2
0
3
0
1
1
2
1
1
2
1
2
1
1
2
2
1
3
0
0
2
0
1
2
1
1
2
1
1
0
1
1
0
3
0
2
1
2
2
2
3
0
0
1
1
2
1
2
1
2
3
2
0
2
1
1
1
3
1
0
1
0
2
1
0
3
2
3
0
0
3
3
1
1
1
3
3
1
2
1
0
0
3
0
1
1
1
2
1
0
2
2
0
0
0
1
0
0
0
3
0
4
1
1
1
2
0
0
2
0
0
2
1
0
1
1
2
0
1
3
0
1
0
2
2
1
1
1
1
2
2
1
1
0
0
3
0
0
1
1
1
1
2
1
1
3
2
0
0
1
0
2
0
0
1
1
0
0
0
0
3
0
2
2
0
0
0
1
0
2
0
1
3
1
2
1
0
1
0
1
1
1
0
0
1
0
1
1
0
1
1
4
3
1
1
0
1
1
2
1
0
1
0
1
1
0
1
2
1
0
0
0
1
0
1
0
2
1
0
0
0
0
1
2
0
0
0
0
1
0
0
1
1
0
1
0
3
0
1
1
2
0
0
0
0
1
1
4
0
2
1
1
3
1
2
0
1
0
3
0
0
3
1
1
1
2
0
0
1
0
1
0
1
1
1
3
2
1
0
1
0
1
0
2
2
0
0
1
1
0
3
0
4
0
2
2
1
2
0
2
2
0
0
2
1
0
0
1
3
1
1
0
0
0
0
1
1
0
0
2
1
2
1
0
1
2
0
2
1
1
2
0
0
1
0
1
0
2
3
2
0
2
0
1
3
1
1
1
0
2
0
1
1
2
0
0
1
1
0
1
2
3
4
0
2
1
0
3
2
0
3
1
0
1
2
1
2
1
0
1
0
1
1
0
0
0
0
0
1
0
1
0
2
0
1
1
1
1
1
0
1
1
1
1
3
0
1
3
0
0
0
1
2
0
0
1
0
1
0
2
0
2
1
0
2
0
1
0
1
0
0
1
1
0
1
2
0
2
0
2
0
2
1
0
0
1
0
1
0
3
0
1
1
1
0
0
1
0
1
1
1
0
1
1
0
1
1
0
1
1
2
1
1
1
1
0
1
1
0
1
1
1
1
0
1
0
2
2
0
0
1
0
1
0
2
0
0
2
0
0
2
0
0
2
1
3
2
0
2
0
2
0
0
1
1
1
0
0
0
1
1
0
1
1
3
2
0
0
0
0
0
2
0
0
1
1
1
0
0
0
1
0
0
2
1
1
2
0
0
0
1
1
2
0
0
0
0
1
1
1
1
2
1
1
3
1
0
0
0
0
1
0
1
1
0
3
0
3
2
1
1
1
0
2
0
1
1
0
1
1
1
1
2
0
1
0
3
3
0
0
0
0
0
0
1
1
1
0
0
1
1
1
0
2
3
0
2
1
0
0
3
1
1
1
0
1
1
0
1
0
0
1
1
0
0
0
2
1
0
1
2
1
1
0
0
0
0
0
1
1
0
1
1
0
1
1
2
0
3
3
2
0
1
1
2
1
2
0
1
0
0
0
2
0
0
1
0
2
0
2
1
0
0
1
1
2
2
0
1
0
0
2
1
1
1
2
0
1
1
1
0
2
1
2
1
0
0
0
0
1
0
1
2
2
0
1
0
0
2
0
0
1
0
0
1
0
0
1
0
1
1
3
0
0
0
0
0
0
0
3
1
2
0
2
0
1
2
1
0
2
3
2
1
1
1
1
1
2
1
2
0
1
1
1
0
1
0
1
4
1
0
2
0
2
1
0
2
0
2
4
3
0
0
1
0
1
1
0
2
0
2
0
3
3
0
0
5
1
0
2
0
0
2
1
1
0
1
0
0
1
4
1
1
1
1
1
2
2
3
0
2
1
6
4
3
1
2
0
3
1
2
2
3
2
1
1
2
4
5
4
2
7
5
4
7
6
4
5
2
8
7
5
8
6
7
6
7
6
7
8
5
10
7
8
10
6
5
9
11
8
7
6
10
16
13
4
18
15
11
11
12
13
13
12
14
18
7
6
12
17
13
8
14
15
21
19
9
18
15
12
9
17
8
6
13
11
23
6
6
8
13
10
8
12
12
9
10
7
10
13
7
10
9
1
8
15
13
7
14
8
9
8
5
9
8
7
8
5
4
8
6
7
8
8
1
3
2
3
3
3
4
6
4
1
2
2
4
2
5
1
2
3
3
3
2
6
3
2
7
4
3
2
2
1
3
2
3
3
2
2
0
3
1
1
2
2
0
3
2
0
2
4
0
1
1
3
1
0
2
0
0
0
0
2
2
1
2
3
1
0
1
0
0
2
1
1
0
0
0
1
2
0
5
0
5
1
0
1
0
2
0
1
0
1
0
2
2
2
0
0
1
2
0
0
0
0
1
1
0
0
1
1
0
1
0
0
0
0
0
1
0
0
0
2
1
0
1
1
1
0
1
0
0
1
1
0
1
0
1
0
1
0
0
0
0
0
1
1
0
0
1
2
1
0
0
1
0
1
0
0
0
1
0
0
0
0
1
0
2
2
3
1
0
0
0
1
1
1
0
1
0
0
0
1
1
0
1
1
0
1
0
0
0
0
0
1
0
2
0
1
1
1
0
1
1
1
0
0
0
0
1
0
0
1
0
0
0
1
2
0
1
0
2
0
0
1
0
1
1
0
0
3
0
0
0
2
0
0
1
1
1
1
4
0
1
0
0
2
1
0
0
1
0
0
1
0
2
0
0
0
1
1
1
0
0
1
0
1
2
0
1
0
0
0
1
0
0
0
0
2
1
2
0
1
1
0
1
1
0
2
0
0
1
0
2
0
0
0
0
1
0
0
1
3
1
0
1
1
0
0
2
1
1
1
1
0
0
2
0
0
0
1
0
1
0
2
0
0
0
0
0
0
0
2
0
0
2
0
0
1
1
1
0
1
0
1
0
1
0
0
0
2
0
0
1
1
0
0
2
1
1
0
0
1
0
1
0
0
0
0
3
0
1
0
1
0
1
0
2
0
1
1
0
0
1
0
0
3
3
1
0
1
1
0
1
0
1
0
1
2
1
0
0
0
0
0
0
1
1
1
0
3
0
1
1
0
1
0
0
1
0
0
0
3
1
0
0
0
0
0
0
1
0
1
1
0
2
0
1
0
0
1
0
1
1
0
0
1
2
1
1
2
0
0
0
1
1
0
0
0
0
1
0
0
0
0
0
0
1
1
0
0
0
3
0
2
2
0
0
1
1
3
1
1
1
0
0
1
0
0
0
1
0
1
0
1
1
0
1
0
0
0
0
1
1
0
0
0
2
0
0
2
0
1
1
1
0
1
0
1
0
1
0
1
0
1
1
0
1
0
0
0
1
0
0
1
1
0
0
2
0
1
0
1
0
1
0
0
1
0
0
1
0
0
0
1
0
0
0
1
0
1
0
0
0
0
0
0
1
0
0
1
1
0
0
1
1
1
1
0
1
1
1
0
2
0
0
0
0
2
1
3
1
0
1
1
0
0
0
0
0
0
0
1
2
1
0
0
1
0
0
1
1
1
0
0
0
0
0
0
0
1
0
0
0
0
1
0
1
1
0
1
1
0
0
1
3
1
1
0
0
0
0
0
0
0
1
0
1
0
2
0
1
0
0
1
1
0
1
0
0
0
0
0
2
0
0
0
2
1
0
0
1
0
0
1
1
2
1
1
0
1
0
0
0
0
0
0
1
0
3
0
0
0
0
0
2
0
1
0
0
0
1
0
0
0
1
2
1
0
0
0
0
0
1
1
0
1
0
0
1
1
0
0
0
0
1
0
0
0
0
1
1
0
0
0
0
0
1
1
1
2
1
0
0
0
1
0
1
0
0
0
0
0
3
0
1
0
0
0
0
0
0
2
1
1
0
0
2
1
0
0
0
0
1
0
0
1
0
1
0
1
0
1
0
0
1
0
0
0
0
1
0
0
0
1
0
1
1
1
0
2
0
0
1
0
1
0
1
1
0
1
1
0
0
1
0
1
0
0
0
0
1
1
0
0
0
1
3
0
0
0
0
0
0
1
0
1
0
0
0
0
0
0
0
1
2
0
3
0
1
0
0
1
0
0
1
1
2
0
0
1
0
0
1
0
0
0
1
0
1
0
0
2
0
1
0
3
0
0
1
0
0
0
1
1
1
0
0
0
0
1
0
1
1
0
0
0
0
0
0
1
0
0
2
0
0
0
0
0
0
0
0
2
1
0
0
1
1
0
0
0
0
0
0
1
0
0
0
0
0
0
0
1
2
0
0
0
0
0
0
0
0
0
0
0
0
0
0
0
0
0
0
0
0
0
0
0
0
0
0
0
0
0
0
0
0
0
0
0
0
0
0
0
0
0
0
0
0
0
0
0
0
0
0
0
0
0
0
0
0
0
0
0
0
0
0
0
0
0
0
0
0
0
0
0
0
0
0
0
0
0
0
0
0
0
0
0
0
0
0
0
0
0
0
0
0
0
0
0
0
0
0
0
0
0
0
0
0
0
0
0
0
0
0
0
0
0
0
0
0
0
0
0
0
0
0
0
0
0
0
0
0
0
0
0
0
0
0
0
0
0
0
0
0
0
0
0
0
0
0
0
0
0
0
0
0
0
0
0
0
0
0
0
0
0
0
0
0
0
0
0
0
0
0
0
0
0
0
0
0
0
0
0
0
0
0
0
0
0
0
0
0
0
0
0
0
0
0
0
0
0
0
0
0
0
0
0
0
0
0
0
0
0
0
0
0
0
0
0
0
0
0
0
0
0
0
0
0
0
0
0
0
0
0
0
0
0
0
0
0
0
0
0
0
0
0
0
0
0
0
0
0
0
0
0
0
0
0
0
0
$ROI:
0
0
$PRESETS:
Live Time
0
0
