$SPEC_ID:

$SPEC_REM:
DET# 1
DETDESC# MCB 25
AP# ORCA (11.0h)
$DATE_MEA:
2017-08-13 10:45:52 +0000
$MEAS_TIM:
3475.08 4320.00
$DATA:
0 16383
0
0
0
0
0
0
0
0
0
0
0
0
0
0
0
0
0
0
0
0
0
0
0
0
0
0
0
0
0
0
0
0
0
0
0
0
0
0
0
0
0
0
0
0
0
0
0
0
0
0
0
0
0
0
0
0
0
0
0
0
0
0
0
0
0
0
0
0
0
0
0
0
0
0
0
0
0
0
0
0
0
0
0
0
0
0
0
0
0
0
0
0
0
0
0
0
0
0
0
0
0
0
0
0
0
0
0
0
0
0
3
31
1224
8533
15860
15691
14285
13301
13151
12942
12868
13013
13254
13346
13469
13883
13860
14021
14130
14251
14339
14741
14414
14669
14648
14552
14760
14571
14507
14510
14324
14510
14172
14359
14346
14316
14352
14222
14181
14002
13946
14064
14080
13739
13760
13688
13741
13556
13640
13570
13389
13425
13593
13266
13406
13264
13404
13453
13185
13101
13264
13112
13401
12902
13060
13013
13022
12849
13171
13042
12985
12809
12797
12838
12629
12692
12685
12755
12819
12757
12700
12632
12461
12721
12533
12562
12588
12576
12378
12415
12329
12435
12205
12379
12337
12193
12320
12116
12121
12275
12304
12190
12065
12148
12092
11985
12011
12118
12146
11879
11859
11915
11721
12044
11906
11855
11832
11907
11824
11700
11790
11857
11745
11679
11783
11790
11681
11687
11643
11602
11846
11440
11388
11577
11573
11369
11422
11403
11653
11501
11437
11396
11518
11268
11460
11401
11406
11383
11482
11285
11208
11457
11215
11093
11309
11203
11299
11362
11141
11202
11192
11272
11101
11221
11146
11071
11208
11164
10937
11117
10810
11056
10989
11006
10839
10922
11108
10912
10896
10862
10868
10918
10953
10909
10669
11000
10788
10915
10825
10740
10788
10820
10983
10796
10675
10612
10829
10608
10760
10899
10626
10635
10913
10672
10555
10664
10472
10791
10586
10654
10628
10673
10612
10584
10748
10373
10707
10465
10543
10540
10559
10439
10295
10414
10372
10542
10504
10516
10498
10478
10250
10480
10518
10207
10410
10272
10320
10335
10199
10285
10199
10271
10239
10327
10318
10336
10285
10149
10356
10241
10232
10294
10361
10202
10212
10019
10399
10111
10265
10128
10018
10064
10249
10102
10185
10276
10052
10042
9927
10348
10265
10120
10150
10123
10002
9904
10004
9966
9962
9896
10000
10025
10041
9862
9873
10135
9943
10021
9975
9893
10001
9958
9889
9775
10106
9845
9991
9929
9979
10045
9796
9709
9903
9971
9827
9807
9922
9894
9994
9783
9714
9780
9771
9788
9936
9724
9662
9602
9903
9707
9773
9650
9721
9702
9877
9656
9733
9747
9689
9667
9767
9623
9595
9744
9774
9594
9835
9768
9820
9484
9685
9483
9585
9753
9704
9624
9592
9747
9687
9690
9481
9490
9435
9740
9435
9449
9538
9756
9624
9502
9469
9525
9501
9298
9475
9549
9525
9507
9570
9365
9437
9564
9404
9423
9360
9376
9415
9510
9485
9486
9361
9450
9403
9357
9501
9285
9172
9385
9318
9443
9373
9119
9411
9491
9255
9234
9291
9188
9345
9409
9292
9176
9234
9206
9296
9388
9183
9181
9389
9075
9230
9250
9143
9305
9255
9321
9209
9335
9214
9169
9228
9242
9152
9375
9084
9220
9238
9137
9126
9143
9064
8926
9048
9133
9132
9188
9103
9342
9114
9030
9219
9010
9257
9144
9072
9067
9079
8968
9316
9166
8983
9195
9225
9060
9130
8878
8880
8979
8930
9171
9147
9190
9062
9101
9159
8974
9010
8945
9066
9147
9113
8962
8947
8965
8979
8938
8851
9144
9085
8956
9098
8779
9008
8892
9031
8764
8843
9111
8993
8805
8962
8814
8955
8889
8763
8910
8903
8898
8755
8821
8913
8870
8826
8662
8832
8831
8786
8838
8739
8752
8783
8692
8978
8791
8855
9005
8671
8624
8666
8937
8784
8757
8677
8702
8802
8703
8743
8787
8890
8758
8878
8770
8628
8667
8693
8804
8808
8656
8846
8643
8766
8832
8746
8896
8654
8771
8718
8675
8635
8776
8710
8718
8623
8648
8760
8637
8812
8688
8657
8790
8824
8789
8651
8723
8653
8752
8690
8688
8550
8740
8794
8651
8570
8537
8624
8528
8618
8782
8578
8668
8671
8617
8732
8666
8712
8623
8740
8641
8809
8704
8690
8747
8654
8623
8781
8513
8444
8647
8687
8451
8643
8700
8670
8643
8766
8747
8681
8878
8677
8596
8658
8846
8561
8766
8545
8687
8611
8712
8624
8646
8661
8658
8653
8616
8739
8660
8642
8493
8568
8628
8418
8733
8746
8563
8814
8630
8680
8690
8396
8616
8578
8609
8714
8713
8642
8585
8544
8628
8632
8596
8626
8734
8783
8579
8600
8562
8575
8723
8569
8636
8629
8784
8637
8774
8777
8857
8789
8895
8646
8980
8872
8875
8922
8979
9044
9095
9162
9259
9328
9549
9435
9559
9530
9613
9771
9807
9830
9908
10234
10162
10434
10251
10544
10720
10722
10704
10922
10779
11227
11196
11170
11285
11336
11492
11444
11468
11673
11579
11625
11753
12050
12063
12032
12028
11909
12470
12223
12129
12276
12182
12400
12316
12519
12575
12452
12462
12912
12754
13193
13071
13058
13370
13214
13471
13951
14073
14395
14544
15020
15075
15150
15145
15133
15039
14725
14697
14246
14077
13852
14110
13587
13552
13230
13214
13014
12746
12776
12397
12248
12005
11756
11662
11465
11439
11018
10906
10599
10573
10620
10335
10224
9951
9825
9610
9369
9356
9274
9206
9031
9058
9099
9038
8751
8883
8744
8659
8540
8520
8595
8473
8472
8215
8391
8374
8272
8401
8278
8314
8391
8309
8364
8316
8381
8302
8306
8438
8295
8125
8220
8436
8278
8296
8219
8253
8490
8320
8250
8380
8341
8329
8262
8390
8414
8198
8383
8249
8330
8466
8403
8221
8413
8552
8396
8299
8293
8400
8496
8431
8420
8482
8444
8435
8386
8456
8421
8367
8530
8491
8516
8449
8467
8496
8559
8559
8419
8305
8601
8644
8570
8526
8468
8745
8733
8653
8419
8631
8630
8664
8555
8525
8744
8668
8660
8546
8633
8709
8538
8779
8723
8912
8633
8601
8587
8636
8661
8637
8838
8817
8796
8910
8746
8853
8853
8831
8743
8811
9113
8906
8791
8951
8941
8825
9098
9025
9037
8876
9008
8827
9005
8914
8986
9208
8933
8923
9111
8992
8913
9179
9034
9186
8902
9142
9120
9116
9017
9105
9254
9250
9030
9132
9051
9157
9266
9049
9304
9187
9257
9209
9321
9371
9172
9155
9307
9186
9370
9544
9228
9254
9259
9251
9351
9432
9555
9307
9392
9505
9242
9393
9487
9487
9325
9413
9370
9423
9307
9477
9588
9462
9695
9486
9561
9420
9551
9491
9614
9639
9525
9610
9604
9565
9502
9771
9568
9738
9686
9561
9707
9739
9624
9772
9483
9482
9788
9764
9629
9836
9571
9898
9695
9874
9669
9699
9833
9633
9894
9758
9850
9712
9711
9769
9806
9726
9866
9937
9799
10072
9742
9997
9893
9910
9956
10072
9718
10013
9934
9750
10028
9972
10098
9956
10033
9897
9937
10126
10065
10050
9931
9845
10074
10084
10120
10103
10110
10116
9916
10113
10134
10173
10059
10056
10169
9966
10084
10304
10079
10334
10056
10158
10125
10133
10120
10150
10330
10185
10301
10235
10344
10339
10328
10285
10247
10357
10282
10369
10264
10238
10187
10470
10369
10173
10386
10457
10301
10459
10396
10394
10339
10457
10250
10471
10421
10387
10419
10385
10351
10466
10583
10426
10460
10491
10441
10282
10476
10525
10403
10711
10565
10546
10457
10437
10387
10573
10569
10451
10751
10544
10448
10494
10618
10826
10563
10616
10723
10573
10597
10770
10654
10672
10665
10820
10448
10822
10654
10663
10898
10626
10616
10829
10791
10783
10730
10697
10846
10711
10880
10804
10758
10930
10723
10775
10814
10910
10657
10710
10852
10812
10743
10746
10997
10921
11134
10855
10837
10968
10750
10772
11000
10959
10903
10923
10888
10900
10762
11138
11121
10868
10957
11030
10986
11083
10927
11104
11231
11095
11068
10892
11183
11047
11154
11258
11151
10928
10954
11215
11074
11075
11124
11233
11090
11053
11179
11164
11213
11112
11103
11189
10994
11202
11409
11299
11281
11138
11406
11121
11442
11347
11352
11154
11282
11216
11186
11460
11419
11444
11437
11266
11287
11396
11304
11413
11591
11467
11449
11297
11465
11387
11533
11521
11635
11443
11227
11481
11534
11617
11430
11524
11463
11327
11301
11591
11734
11731
11473
11380
11583
11676
11530
11546
11909
11692
11778
11710
11564
11774
11563
11615
11638
11734
11838
11695
11721
11734
11923
11809
11691
11815
11816
11987
11720
11769
11931
11913
11905
11904
11849
11938
11987
11992
12041
12144
12166
11992
12051
11990
12243
11990
12025
12017
12233
12200
12055
12058
12328
12348
12053
12363
12200
12420
12125
12098
12278
12169
12262
12115
12419
12451
12464
12320
12488
12436
12293
12286
12137
12303
12288
12323
12498
12659
12597
12477
12466
12434
12429
12530
12667
12502
12742
12487
12420
12562
12578
12653
12584
12566
12649
12478
12749
12665
12540
12354
12748
12496
12761
12645
12672
12803
12827
12786
12731
12878
12882
12566
12880
12918
12710
13086
12892
12707
12854
13010
12945
12873
13063
12754
12915
13008
12990
12798
13092
12959
12964
12966
12996
13133
12826
13117
13026
13071
13151
13235
13043
12985
12945
13154
13050
13075
13083
13028
13142
13196
13120
13043
13087
13089
13249
13159
13181
13104
13214
13320
13361
13209
13295
13408
13001
13358
13224
13539
13296
13140
13490
13462
13566
13478
13459
13469
13642
13592
13605
13556
13501
13594
13497
13710
13671
13753
13659
13570
13729
13865
13729
13756
13442
13772
13585
13919
14028
13971
13761
14079
13928
13998
13900
14130
13961
14221
13996
14147
14201
14069
14273
13988
14242
14100
14169
14151
14365
14149
14315
14424
14316
14448
14371
14338
14164
14537
14499
14122
14495
14015
14371
14477
14381
14452
14229
14400
14318
14395
14485
14668
14212
14262
14535
14261
14465
14224
14533
14576
14375
14652
14516
14488
14514
14294
14313
14451
14445
14461
14467
14741
14514
14658
14411
14556
14677
14586
14634
14690
14504
14476
14796
14745
14838
14707
14993
14844
14756
14883
14571
14833
14969
14862
14834
14871
14977
14840
14698
14750
15058
14592
14832
14874
15100
14996
14860
14909
14919
14907
15069
14882
14919
14857
15162
14816
14715
15214
14785
15113
15083
14913
15198
15015
15174
15086
15378
15004
15344
15132
15398
15537
15226
14924
15158
15191
15136
15085
15113
14907
15095
15162
14822
14778
14518
14696
14639
14983
14644
14714
14461
14446
14322
14383
14080
14359
14337
14077
14020
14053
13977
13956
13979
13857
14060
13762
13888
13633
13897
13809
13619
13692
13673
13589
13800
13403
13499
13813
13689
13385
13441
13384
13471
13493
13299
13378
13348
13261
13421
13516
13321
13326
13350
13384
13253
13180
13190
13200
13218
13180
13355
13300
13032
12994
13130
13176
13181
13169
13129
13279
13062
13143
13160
13033
13002
12989
13112
13176
13310
13056
13194
13104
13293
12874
13241
12868
13158
12849
12870
13153
13151
12973
12832
12876
12931
12960
13119
12714
12936
12902
13033
13134
12856
13052
12820
12962
12804
12803
12991
12819
12892
12896
12663
12999
12714
12923
12974
12781
12764
12702
12932
12891
12814
12842
12805
12749
12754
12761
12699
12649
12936
12817
12777
12542
12646
12681
12699
12572
12825
12832
12597
12610
12746
12705
12672
12650
12676
12507
12671
12672
12665
12500
12729
12699
12359
12432
12629
12667
12630
12547
12700
12609
12495
12424
12430
12649
12544
12627
12764
12624
12609
12627
12572
12569
12368
12473
12422
12425
12436
12403
12375
12669
12332
12275
12310
12553
12457
12314
12460
12451
12409
12330
12362
12513
12324
12432
12182
12385
12440
12405
12536
12643
12477
12388
12354
12560
12315
12384
12400
12121
12336
12264
12200
12474
12359
12333
12371
12418
12400
12562
12261
12412
12266
12252
12146
12500
12138
12224
12259
12169
12212
12203
12148
12173
12173
12278
12193
12330
12378
12350
12229
12296
12232
12284
12240
12064
12061
12122
12223
11938
12168
12204
12076
12067
11949
12297
12118
12100
11968
12334
12306
12200
12275
12283
11932
11974
12112
12086
11954
12072
12259
12087
11893
12106
12086
12014
12125
11888
11981
11996
11975
12053
11980
12136
12101
11866
12189
11963
11770
11798
12083
11942
12145
11999
12050
11945
12074
12087
11952
11776
11962
11892
12000
12010
11833
12048
11911
11891
12008
12000
11853
11991
11980
11984
11964
11877
11901
11980
11795
11927
11757
11783
12101
12083
11896
11853
12066
11914
11958
11879
11875
12047
11842
11984
11860
11809
11843
11775
11930
12015
11876
11880
11838
11802
11751
11890
11724
11793
11612
11842
11880
11674
11963
11578
11839
11933
11767
11662
11721
11815
11539
11854
11787
11684
11829
11978
11681
11853
11685
11689
11639
11676
11694
11578
11605
11569
11552
11686
11803
11610
11644
11583
11633
11535
11692
11728
11701
11662
11417
11518
11478
11567
11581
11407
11729
11508
11560
11631
11581
11584
11498
11518
11482
11433
11432
11356
11447
11557
11434
11286
11443
11535
11200
11447
11354
11359
11404
11428
11523
11342
11216
11350
11158
11215
11123
11086
11318
11465
11146
11240
11309
11074
11143
10986
11156
10962
11030
10922
10967
10959
10960
11033
11019
11077
11038
10844
10881
10858
10945
10811
10677
10744
10715
10690
10809
10680
10583
10706
10527
10631
10470
10485
10552
10660
10568
10589
10459
10483
10367
10241
10317
10348
10103
10211
10216
10258
10177
10112
10004
10122
10000
10182
9960
10030
9996
9944
9870
9939
9725
9945
9609
9707
9725
9786
9824
9667
9613
9649
9575
9660
9540
9541
9605
9500
9400
9572
9541
9485
9420
9233
9336
9244
9330
9480
9405
9123
9077
9247
9239
9176
9405
9128
9075
9123
8968
9127
9072
9008
9013
9154
9170
9115
8977
8965
9031
8973
9093
9106
8919
8975
8804
8878
8964
8848
8919
8816
8869
8889
8735
8835
8787
8676
8745
8683
8897
8529
8921
8738
8882
8666
8693
8661
8593
8714
8612
8629
8529
8557
8593
8602
8632
8686
8578
8472
8656
8575
8701
8636
8573
8593
8553
8597
8447
8631
8577
8514
8543
8628
8689
8634
8387
8597
8597
8482
8625
8665
8686
8415
8637
8760
8811
8810
8603
8580
8825
8700
8626
8928
8662
8662
8776
8615
8711
8750
8599
8738
8673
8787
8795
8658
8784
8631
8675
8667
8661
8850
8734
8896
8814
8793
8817
9027
8806
8783
8732
8850
8978
9078
8983
9006
9051
8780
8805
9068
9148
8880
8957
8927
8913
8862
8891
8888
8777
8789
8520
8505
8404
8731
8503
8386
8337
8514
8315
8248
8310
8412
8227
8101
8147
7981
8050
8118
8035
8097
7896
7996
8031
7904
7861
7837
7647
7987
7813
7812
7769
7558
7838
7530
7654
7754
7482
7561
7855
7656
7557
7532
7577
7625
7541
7560
7623
7412
7484
7572
7642
7651
7479
7556
7446
7395
7505
7336
7313
7238
7454
7517
7388
7306
7399
7445
7371
7226
7333
7380
7150
7249
7430
7537
7350
7354
7333
7327
7264
7053
7306
7317
7255
7422
7195
7271
7124
7165
7170
7379
7151
7162
7201
7346
7331
7170
7122
7131
7180
7006
7121
7129
6869
7039
7233
7096
7026
7151
7064
6924
7042
7174
7054
7047
7114
7104
6960
6859
7047
7048
7125
7027
6961
6870
6979
6989
6970
6942
6923
6873
6991
6913
6927
6890
6784
7044
6883
6850
6879
6784
6889
6911
7103
7022
6891
6878
6963
6806
6919
7036
6846
6824
6960
6771
6860
6758
6673
6792
6851
6861
6683
6788
6812
6601
6700
6707
6680
6635
6728
6743
6697
6753
6634
6857
6847
6676
6707
6669
6739
6587
6552
6621
6669
6601
6562
6771
6769
6638
6700
6684
6526
6607
6650
6544
6567
6607
6594
6519
6678
6756
6495
6596
6706
6599
6655
6543
6405
6549
6599
6493
6473
6436
6602
6574
6491
6549
6339
6492
6447
6521
6447
6440
6417
6381
6488
6632
6470
6384
6399
6537
6387
6550
6482
6443
6386
6395
6471
6419
6299
6266
6387
6339
6241
6448
6539
6383
6494
6378
6314
6397
6327
6327
6374
6328
6251
6281
6139
6257
6247
6372
6342
6270
6284
6318
6211
6316
6305
6277
6284
6123
6363
6443
6198
6172
6309
6217
6228
6276
6197
6350
6262
6218
6184
6054
6272
6216
6056
6250
6396
6225
6209
6242
6160
6186
6112
6288
6200
6216
6258
6267
6049
6118
6117
6192
6101
6061
6116
6140
6144
5955
6095
6154
6116
6056
6125
6087
6169
6005
6023
6041
6175
6098
6032
6116
6100
5986
6078
6025
6167
5999
6065
5976
6097
5972
6069
5993
6047
6061
6111
6071
6028
5984
5956
5880
5920
6127
5911
5973
5908
6016
5968
5994
5945
5995
6005
6099
6015
5950
6086
5920
5922
6006
5852
5991
5963
5925
6028
5863
5837
5859
5909
5897
5911
5846
6032
5872
5937
5994
5895
5792
5966
5833
5803
5881
5889
5716
5877
5877
5877
5881
5930
5810
5843
5874
5829
5844
5928
5867
5668
5712
5808
5844
5804
5809
5640
6005
5779
5647
5825
5702
5788
5832
5821
5776
5744
5871
5736
5796
5739
5720
5722
5862
5765
5737
5798
5759
5826
5768
5692
5781
5761
5865
5675
5639
5788
5602
5736
5656
5700
5791
5670
5640
5683
5648
5771
5828
5797
5605
5693
5810
5675
5756
5761
5887
5764
5757
5586
5808
5701
5694
5704
5679
5805
5826
5941
5765
5857
6008
6039
6085
6049
6170
6085
6142
6249
6478
6547
6632
6921
6774
6994
7182
7207
7317
7458
7696
7877
7964
8331
8453
8497
8757
8960
9401
9330
9633
9818
10140
10095
10592
10463
10619
10900
11185
11266
11432
11586
11586
11791
12005
12022
12410
12411
12615
12634
12747
13179
12975
12965
13543
13505
13686
13671
13820
14113
14206
14605
14735
15042
15418
15559
16079
16387
16808
17062
17210
17470
17963
18108
18535
18170
18290
18415
18168
18153
17831
17749
17340
17223
16543
16685
16015
15408
15277
14726
14179
13999
13225
12901
12310
12066
11697
11405
10804
10358
9988
9718
9427
9199
8622
8412
8117
7814
7618
7283
7091
7095
6833
6591
6408
6198
6089
5936
5866
5801
5613
5546
5373
5310
5369
5342
5432
5158
5262
5100
5151
5179
5174
4977
5049
4998
4976
5072
4912
5003
5063
5008
4973
4961
5016
4988
4905
4986
4944
4989
4880
5043
4998
4915
5012
4907
4947
4948
4965
5146
5018
4806
4889
4968
4921
4866
4971
4864
5008
4890
4915
4994
4889
4837
4790
4894
4900
4854
4891
4913
4811
4899
4931
4910
4795
4974
4960
4859
4923
4879
4891
4833
4947
4841
4966
4947
4790
4817
4860
4948
4791
4945
4964
4918
4784
4810
4920
4955
4906
4838
4887
4882
4966
4703
4850
4970
4816
4912
4898
4926
4892
4926
4897
4793
4954
4819
4852
4839
4787
4848
4848
4909
4874
4862
4868
4820
4769
4791
4847
4980
4794
4882
4797
4907
4824
4831
4755
4891
4857
4895
4947
4842
4922
4994
4898
4874
5028
4953
4924
4844
5001
4831
5010
4898
4935
4904
4986
4932
4996
5076
5182
5265
5082
5276
5240
5234
5404
5536
5677
5735
5924
6118
6250
6466
6463
6700
7013
7398
7506
7740
8066
8473
8794
9285
9513
9882
10413
10847
11069
11426
12051
12657
13110
13519
13863
14433
14752
15284
15821
16366
16565
17145
17543
17930
18575
19042
19384
19761
19958
20311
20747
21285
21821
21498
22056
22470
22899
22815
23328
23768
24083
24739
24650
25134
25700
25882
26832
26836
27722
28541
29167
29961
30311
31263
32278
32541
33571
34348
34337
35060
35219
35097
35151
35165
34355
34099
33736
32586
32181
31105
30443
29246
28498
27306
26266
25378
24049
23279
22111
21416
20202
19106
18294
17268
16101
15614
14533
13641
13143
12211
11484
10930
10237
9692
9049
8687
7990
7653
7335
6954
6703
6367
6053
5718
5699
5553
5144
4818
4896
4802
4688
4401
4370
4440
4141
4268
4230
3985
3986
4001
3986
3934
3874
3843
3769
3889
3926
3682
3754
3808
3781
3720
3761
3846
3815
3750
3673
3686
3651
3730
3626
3722
3702
3654
3748
3741
3572
3717
3666
3765
3693
3626
3598
3634
3648
3675
3599
3594
3692
3628
3666
3615
3632
3514
3659
3634
3699
3582
3527
3587
3551
3684
3598
3582
3556
3601
3595
3500
3645
3622
3706
3562
3635
3513
3684
3578
3577
3566
3498
3584
3630
3585
3604
3502
3520
3587
3493
3602
3522
3594
3667
3462
3569
3582
3514
3622
3613
3536
3524
3568
3516
3459
3497
3498
3596
3388
3502
3567
3578
3521
3547
3387
3619
3460
3434
3580
3424
3520
3519
3421
3589
3385
3593
3564
3471
3507
3461
3455
3488
3481
3485
3523
3494
3566
3608
3493
3456
3428
3532
3474
3532
3581
3468
3541
3473
3427
3510
3480
3472
3587
3355
3482
3495
3437
3475
3390
3416
3401
3493
3487
3425
3501
3508
3445
3480
3485
3437
3365
3339
3451
3450
3513
3400
3434
3438
3356
3342
3512
3311
3383
3415
3396
3420
3439
3464
3414
3386
3398
3438
3316
3391
3461
3424
3370
3437
3447
3414
3482
3396
3450
3465
3404
3407
3332
3301
3500
3331
3374
3397
3366
3446
3351
3299
3376
3353
3406
3314
3338
3412
3375
3369
3445
3363
3364
3469
3327
3277
3444
3297
3371
3458
3341
3396
3322
3270
3274
3439
3368
3330
3337
3321
3376
3243
3396
3207
3327
3361
3393
3319
3334
3309
3350
3293
3346
3432
3342
3284
3321
3387
3316
3362
3352
3317
3321
3261
3298
3148
3279
3257
3409
3295
3375
3312
3295
3283
3337
3273
3370
3435
3300
3287
3333
3403
3402
3346
3304
3273
3358
3251
3286
3233
3331
3254
3375
3333
3297
3285
3329
3446
3434
3356
3322
3397
3283
3292
3293
3364
3285
3321
3272
3231
3246
3272
3297
3326
3267
3255
3242
3207
3306
3368
3278
3343
3305
3316
3282
3233
3337
3207
3249
3246
3228
3316
3356
3346
3313
3279
3256
3422
3285
3295
3274
3325
3372
3407
3242
3287
3292
3390
3270
3332
3221
3333
3268
3318
3241
3300
3220
3300
3300
3318
3288
3360
3217
3230
3376
3327
3190
3319
3359
3299
3332
3290
3430
3359
3267
3352
3374
3315
3400
3274
3208
3336
3375
3286
3344
3448
3372
3372
3389
3386
3404
3484
3365
3549
3421
3447
3427
3402
3487
3425
3431
3527
3499
3536
3484
3463
3560
3590
3561
3731
3627
3670
3581
3689
3706
3727
3778
3945
3866
4061
4081
4277
4411
4455
4706
4849
5091
5476
5609
6039
6339
6843
7263
7827
8310
8827
9597
10151
10991
11595
12396
13475
14170
15280
16472
17349
18434
19703
21010
21995
23645
24762
26012
27366
28587
30339
31574
32717
34528
35430
37033
38444
39527
40544
42456
43806
44875
45816
47623
48353
49801
50244
52211
53048
54078
54980
56181
57209
57774
59294
59812
61188
62550
63535
64750
65555
67646
68819
70482
71849
73808
75592
78053
80031
81852
84062
85421
87342
87919
89433
90154
90725
91001
90749
90013
89204
87945
85501
84218
81949
80316
77306
75050
72216
69373
66763
63323
60532
57469
53859
51330
48834
45592
42670
39767
37336
34591
32251
29760
27654
25640
23555
21516
19749
18140
16501
15207
13779
12663
11525
10474
9587
8661
7913
7221
6550
5951
5480
5022
4656
4181
3942
3610
3231
3035
2921
2783
2483
2481
2249
2242
2100
1972
1827
1826
1663
1750
1678
1604
1509
1579
1488
1499
1445
1479
1429
1376
1365
1365
1393
1309
1349
1256
1243
1312
1279
1276
1241
1184
1244
1196
1227
1194
1242
1166
1247
1205
1227
1147
1147
1194
1218
1180
1082
1176
1138
1170
1168
1132
1094
1154
1161
1062
1123
1126
1106
1094
1130
1109
1116
1114
1132
1092
1136
1116
1136
1085
1094
1096
1140
1075
1088
1051
1081
1052
1067
1053
1038
1091
1022
1105
1096
1096
1043
1047
1003
1106
1047
1022
1042
966
1073
966
1025
1047
1074
1056
973
1011
1028
1063
1024
954
1055
1008
997
1052
976
1029
1015
1006
1063
1032
1027
1002
1014
989
948
1001
973
1048
997
930
992
993
1028
1030
969
974
988
982
1011
980
1040
911
1025
1073
1011
970
1031
1009
1020
989
1011
987
980
1001
1126
1079
1046
1075
1091
1137
1158
1284
1247
1266
1226
1300
1342
1463
1547
1494
1632
1716
1818
1831
1916
2045
2231
2314
2477
2556
2680
2846
2950
3205
3245
3527
3668
3814
3929
4160
4430
4525
4690
4919
5004
5188
5314
5633
5714
5963
6179
6355
6448
6742
6912
6886
7078
7178
7420
7442
7782
8135
8000
8111
8287
8353
8578
8658
8778
8911
9237
9269
9546
9692
9956
10205
10539
10526
10884
11323
11308
11759
12060
11996
12216
12359
12364
12565
12466
12443
12449
12087
11979
11863
11618
11175
11007
10794
10406
9937
9765
9242
8939
8491
8194
7647
7216
6843
6650
6049
5755
5456
5161
4697
4464
4073
3843
3691
3262
3096
2863
2625
2420
2324
2016
2019
1769
1615
1607
1484
1450
1288
1240
1124
1109
1080
1009
955
906
890
846
816
762
783
767
717
714
690
676
682
665
631
691
673
670
644
678
664
635
662
615
605
578
618
570
632
561
622
596
636
598
598
583
590
573
612
590
583
565
592
534
537
582
544
536
544
543
568
520
549
561
523
505
550
534
554
556
563
562
536
535
547
524
536
600
545
519
558
554
526
505
565
593
573
538
558
543
572
566
510
507
480
534
564
591
520
534
532
542
525
485
518
555
528
512
509
526
496
523
536
546
494
556
515
508
459
514
520
534
518
523
543
536
539
531
499
479
511
505
503
478
546
485
505
501
527
484
494
484
499
505
521
497
552
565
527
492
496
483
482
494
520
493
529
514
483
462
512
478
499
496
515
515
493
494
486
493
491
492
495
471
486
486
477
460
502
442
489
484
483
470
497
471
476
515
463
474
467
472
463
520
460
498
471
474
461
472
447
469
473
444
453
482
469
470
459
458
483
448
522
468
470
434
472
473
458
470
446
441
440
468
489
453
435
451
452
486
442
493
488
477
454
452
448
490
464
447
466
435
451
448
448
426
508
468
420
440
459
439
425
432
465
465
452
448
450
440
422
434
474
449
426
432
438
457
433
454
461
413
456
459
448
470
439
421
444
463
423
395
443
473
430
451
412
464
453
443
422
443
438
456
439
437
468
440
437
428
420
447
416
447
440
434
407
429
450
414
445
421
449
443
395
441
416
419
446
420
450
444
422
411
433
426
453
458
451
406
401
446
410
436
413
459
416
430
451
412
435
372
398
424
432
426
445
401
386
434
413
486
448
423
407
423
450
475
455
434
416
441
457
443
434
418
398
414
433
422
438
451
405
419
411
434
420
399
449
380
436
440
436
419
423
410
453
439
407
411
417
423
432
422
393
395
438
384
467
400
419
427
440
390
435
388
376
409
432
396
402
427
421
401
437
405
340
363
379
408
434
417
402
387
379
408
408
402
419
398
407
407
388
416
387
446
425
394
433
430
426
422
416
424
437
383
409
419
441
435
442
459
434
405
411
412
424
438
416
432
444
450
431
437
422
423
461
436
460
402
401
449
425
408
467
423
450
439
431
415
482
470
432
451
434
464
403
436
449
420
436
454
457
443
466
481
475
433
433
452
475
475
450
499
458
416
455
451
444
445
465
451
481
444
459
477
448
430
414
467
390
407
404
432
464
377
393
400
444
409
373
370
395
383
373
387
414
351
368
389
380
336
381
398
373
406
408
351
329
371
367
366
350
369
340
390
331
360
359
360
357
352
356
323
332
355
343
358
355
351
377
356
368
362
345
355
313
364
357
358
383
368
326
333
340
385
314
337
337
343
346
362
336
347
357
316
339
333
341
312
355
308
299
332
356
343
348
332
351
333
338
361
336
345
334
336
334
329
334
350
330
351
346
341
367
330
324
345
319
326
325
322
324
327
344
345
305
333
339
354
342
353
330
304
319
311
342
342
333
329
318
305
301
355
314
299
319
301
300
317
345
330
326
322
326
296
318
341
309
332
355
298
299
331
285
329
314
303
319
343
320
335
301
300
313
332
313
342
320
327
302
293
337
332
318
314
317
328
347
291
337
323
311
306
301
301
303
303
343
304
333
334
307
320
291
303
334
329
297
339
306
355
329
285
319
336
321
321
314
317
323
294
331
331
330
321
320
285
315
284
351
305
295
297
318
288
299
304
302
305
289
304
311
298
332
321
346
354
311
327
350
314
313
335
303
302
329
306
317
311
282
269
311
309
285
287
320
302
325
297
322
303
310
291
270
296
317
308
288
299
320
302
305
305
313
299
305
297
312
307
280
332
283
302
314
271
278
275
296
264
323
292
314
292
279
308
290
298
295
263
299
298
276
285
269
290
281
316
305
268
284
288
277
313
309
282
295
281
293
263
306
295
297
276
274
253
300
282
306
278
324
316
292
286
294
254
280
298
311
257
261
305
288
283
270
277
283
258
251
301
285
318
259
304
282
264
272
286
265
278
269
292
282
281
275
301
283
281
297
273
301
249
296
311
250
279
292
295
293
251
282
275
283
303
276
259
308
274
280
248
261
263
252
276
277
296
261
278
284
300
286
279
265
269
259
251
264
300
262
281
276
261
245
265
279
254
296
252
303
271
262
271
285
259
287
279
257
253
275
249
257
260
270
259
284
249
236
278
258
267
282
258
247
298
267
238
274
231
269
231
297
265
271
279
252
260
256
246
263
260
253
221
268
232
271
271
259
268
272
242
263
232
258
262
263
234
296
264
238
294
229
251
259
272
239
242
268
263
221
238
268
229
268
268
221
244
228
283
255
240
236
266
249
274
274
270
227
211
255
264
278
251
280
254
247
258
263
264
257
271
235
256
255
245
240
250
260
233
242
260
279
238
245
226
251
214
218
246
266
253
263
282
255
254
249
273
263
239
236
239
257
273
233
225
259
227
237
285
259
242
215
256
256
230
243
238
255
227
249
239
256
245
234
265
218
213
257
229
248
257
230
231
245
235
203
239
234
243
235
251
251
240
241
260
246
231
214
255
243
218
238
241
234
246
241
213
204
220
223
225
235
223
255
247
211
222
226
210
223
228
244
232
221
233
227
248
222
203
240
222
236
251
229
228
226
223
243
252
230
228
241
230
202
227
208
221
250
216
219
237
247
215
258
258
242
225
197
209
225
233
205
229
241
225
254
208
216
251
207
246
203
214
207
219
243
213
231
218
240
241
224
248
215
226
243
230
214
220
246
231
237
241
205
230
220
217
231
221
220
205
233
228
261
217
210
219
241
215
213
239
178
210
225
241
243
229
216
253
213
223
204
210
228
221
197
213
224
211
212
221
206
218
216
194
231
221
210
228
230
227
227
214
225
218
210
212
209
193
210
226
247
230
233
241
204
210
194
202
213
216
229
203
209
222
218
214
207
208
226
215
225
195
201
220
205
213
220
216
196
224
210
215
214
220
241
190
197
221
192
223
222
218
196
199
211
188
188
201
192
194
207
197
183
215
211
229
195
209
184
202
203
224
201
202
191
203
194
206
209
216
203
192
224
189
219
186
196
188
184
206
194
196
208
196
196
176
216
208
177
202
201
196
169
205
179
215
201
200
195
185
179
197
179
157
197
180
195
213
190
184
181
201
185
169
203
211
178
170
176
182
195
172
180
200
186
186
181
187
183
178
205
185
174
168
206
207
212
182
186
167
167
174
179
159
189
163
169
170
184
188
184
192
195
197
204
184
202
200
192
187
196
182
178
198
176
169
171
201
201
185
176
176
185
160
186
173
177
182
178
173
178
151
176
174
173
180
183
194
180
174
142
158
178
182
168
166
170
179
180
167
181
182
186
181
175
188
167
164
189
185
157
171
161
168
156
174
185
177
163
171
160
157
165
170
168
170
164
163
180
181
195
162
190
182
180
153
181
164
174
197
173
186
187
158
150
179
194
165
158
192
162
172
163
190
173
157
153
154
162
163
184
156
155
172
169
152
146
150
159
169
154
167
158
150
159
153
177
166
151
177
172
190
151
146
168
174
162
174
162
169
165
155
175
155
160
170
163
181
179
158
153
165
166
146
169
154
156
155
160
161
144
160
153
152
145
139
159
155
157
162
155
169
142
156
153
165
161
155
160
174
159
189
161
173
149
154
155
131
168
192
172
169
169
148
168
149
169
150
170
145
144
149
183
148
150
157
173
163
160
165
147
167
153
152
143
148
132
163
162
152
141
150
163
128
149
137
158
132
154
139
131
161
142
145
155
151
143
164
135
126
148
119
153
153
155
175
134
146
134
168
170
132
145
143
146
152
127
144
150
153
152
163
129
139
162
160
143
143
167
160
129
139
145
139
129
147
148
136
133
147
143
144
138
146
125
136
140
152
137
119
141
133
150
147
144
137
146
134
161
147
144
139
145
152
128
146
144
134
128
120
152
171
119
140
132
142
137
147
148
126
141
121
142
131
123
151
133
143
129
144
133
109
125
135
129
137
126
121
137
145
152
124
154
140
127
134
139
151
149
143
121
142
117
137
149
127
156
119
140
124
140
142
148
126
120
138
141
155
122
128
115
143
114
135
115
117
136
132
128
133
132
130
134
142
116
125
133
116
123
128
119
119
121
121
135
119
137
97
125
134
119
145
132
118
149
136
143
146
116
111
124
138
139
114
120
127
126
103
105
120
111
127
127
131
140
110
83
118
115
129
94
136
132
109
122
133
112
118
128
134
130
123
132
128
120
110
119
122
142
115
120
123
119
112
122
127
124
130
130
126
131
133
119
115
103
112
98
118
115
104
133
130
118
120
118
111
127
136
100
128
123
116
127
136
109
112
131
127
109
120
127
98
120
113
122
146
112
115
113
118
113
110
102
112
109
119
126
117
124
120
124
133
135
106
125
123
106
121
94
100
108
132
135
120
107
114
114
107
101
112
128
97
96
122
114
122
121
124
107
112
105
129
116
110
108
97
107
107
123
110
114
132
113
115
100
124
103
112
118
102
113
117
112
116
127
105
114
114
115
124
114
137
104
127
121
107
120
99
105
99
136
109
115
105
118
104
123
120
116
123
114
120
128
133
108
109
125
121
127
108
105
101
121
111
122
107
124
116
110
117
109
112
111
113
120
111
115
92
103
113
94
113
127
117
90
104
116
91
103
127
102
100
99
105
89
104
89
108
106
106
104
94
110
109
108
91
92
115
103
121
114
100
100
99
103
113
99
87
87
114
99
91
93
116
115
96
93
97
116
102
107
90
100
89
85
106
99
89
90
100
91
105
96
90
90
105
94
94
98
102
88
90
97
101
94
100
101
79
85
108
95
103
89
111
99
82
93
84
96
103
106
99
117
97
95
94
105
88
100
93
85
98
112
88
89
90
97
80
94
78
84
88
100
104
96
89
99
81
105
85
85
96
93
87
98
97
104
107
91
97
85
101
98
90
78
79
99
92
92
88
80
105
90
86
91
100
101
86
96
90
79
97
100
71
88
93
100
88
88
89
79
97
83
100
92
101
103
109
75
102
83
94
99
82
106
85
95
91
103
96
78
91
102
86
102
102
83
104
96
100
105
97
103
110
89
105
97
114
102
113
102
97
104
89
94
106
107
108
83
96
84
105
102
92
98
105
111
102
125
92
105
96
99
87
105
97
93
128
116
99
87
76
102
94
98
73
106
104
88
114
108
103
107
115
114
101
100
103
107
104
93
100
103
94
107
104
122
103
115
108
96
92
100
117
102
93
118
107
91
105
106
87
97
76
76
94
87
95
97
81
80
82
77
75
88
93
88
88
76
97
85
89
83
91
83
79
79
86
90
97
87
77
92
92
81
70
94
81
82
77
88
86
84
76
74
95
83
68
69
88
67
80
69
78
77
76
81
86
86
85
74
84
85
88
77
73
86
69
73
82
83
83
75
86
60
84
75
75
82
87
80
66
82
88
78
74
80
85
73
63
70
93
68
88
95
75
71
95
70
71
79
69
101
67
75
65
83
71
82
76
67
66
73
72
81
85
71
79
78
79
82
80
73
84
73
68
80
73
82
69
82
79
83
87
81
87
74
83
98
88
58
86
86
72
71
63
68
86
95
77
68
93
69
70
82
72
80
76
77
77
77
83
68
82
77
91
82
77
78
73
67
72
79
75
80
81
88
74
101
91
70
81
89
76
90
97
75
97
82
73
82
80
76
75
83
85
88
94
91
73
99
83
81
73
99
81
77
86
77
85
85
73
91
74
66
84
82
109
79
71
61
79
87
90
75
71
74
69
75
68
80
84
76
85
77
76
89
72
68
86
64
73
57
70
82
80
82
64
69
68
65
64
50
66
75
57
71
73
69
79
74
55
64
69
72
56
79
69
61
53
61
59
68
76
62
69
73
57
51
63
54
80
72
59
70
55
66
60
65
56
62
75
71
65
67
76
58
61
68
66
72
64
69
65
63
77
63
55
77
86
70
68
65
75
61
66
56
80
64
59
69
64
54
62
55
54
62
61
63
66
72
65
74
70
67
67
65
67
69
68
74
67
74
67
63
62
74
74
69
54
58
48
87
52
62
61
59
69
68
70
65
70
72
75
61
73
70
78
66
62
76
61
68
60
80
76
74
54
52
64
68
57
68
56
66
57
62
78
61
57
80
68
52
80
59
59
64
49
65
68
65
72
57
71
62
77
62
55
69
70
78
63
68
61
79
68
65
60
82
81
65
66
76
56
86
60
58
64
74
73
72
71
58
74
60
71
74
72
92
62
64
80
62
69
68
80
71
73
84
72
61
73
76
79
88
72
69
84
67
59
97
80
67
74
83
77
80
77
78
83
64
75
71
67
77
84
85
92
78
72
69
81
87
96
93
84
69
92
70
67
59
69
76
74
79
72
74
80
83
82
57
76
81
71
55
75
73
94
50
48
61
76
70
65
66
66
69
73
73
46
46
65
57
70
57
47
55
60
57
50
42
51
45
61
47
32
55
45
47
44
47
52
52
47
51
38
54
42
48
40
30
41
51
46
41
52
48
46
38
45
50
41
40
43
47
49
46
47
44
56
50
39
38
43
55
38
49
45
48
42
42
51
49
36
41
35
52
49
45
44
37
42
35
42
35
42
46
43
40
39
42
57
37
50
50
47
34
34
48
49
48
45
41
53
46
40
46
41
37
30
56
45
37
37
37
39
35
36
37
47
43
37
40
44
43
41
48
36
37
57
35
46
50
33
34
35
30
44
50
34
39
45
32
38
34
42
48
46
42
41
41
44
44
51
37
47
42
54
32
39
54
45
36
40
45
40
34
45
43
37
47
45
38
37
48
54
52
39
48
40
44
31
40
37
56
47
44
32
34
44
33
43
39
38
48
41
50
39
50
44
40
50
46
39
41
32
40
47
53
47
41
35
42
40
56
44
42
37
33
40
45
35
34
43
41
47
50
44
48
46
58
43
41
39
32
24
38
34
47
33
35
38
49
40
39
49
50
42
40
32
52
42
45
55
51
38
62
45
33
44
34
38
38
43
43
34
38
44
37
38
30
44
45
32
49
46
49
56
31
38
43
45
34
35
23
44
31
41
41
46
37
37
48
43
37
39
40
39
46
28
35
36
41
48
42
43
35
41
33
31
29
33
42
40
38
46
36
34
38
41
29
35
40
40
31
39
46
35
39
39
42
48
36
46
45
40
37
32
33
43
36
38
30
39
44
36
36
28
44
39
38
48
50
41
38
30
33
42
37
35
39
47
34
39
40
37
50
34
32
35
31
40
38
33
48
47
53
31
41
46
35
39
34
38
44
38
23
33
31
40
41
24
41
45
41
37
45
37
18
42
37
50
36
52
50
44
35
38
51
40
42
49
35
53
50
41
39
43
49
43
42
45
43
42
43
40
31
38
58
56
43
40
39
51
56
47
39
55
45
40
47
47
39
44
40
42
37
56
45
48
49
68
50
42
51
41
31
38
43
50
42
41
38
47
52
47
57
57
52
37
51
53
36
38
44
52
51
49
53
53
54
53
48
57
40
54
43
68
46
42
56
56
44
70
62
41
55
56
58
60
61
58
63
51
49
61
62
52
68
55
50
66
54
53
53
73
71
68
64
51
58
53
59
56
68
70
53
62
65
64
51
50
66
70
71
57
52
63
48
67
46
57
69
56
55
63
49
61
46
42
48
39
43
46
35
43
37
37
35
40
38
30
27
26
37
28
32
23
22
23
30
39
21
24
26
29
19
27
17
24
24
21
28
12
21
14
15
32
12
20
17
23
22
23
21
11
21
11
12
22
21
9
25
22
15
29
17
18
18
20
14
17
22
17
19
18
13
14
18
9
8
12
8
16
16
14
12
15
15
13
8
19
15
15
26
13
18
21
17
18
19
14
17
22
15
10
16
18
16
14
16
18
16
18
21
19
17
12
19
17
21
18
14
15
13
17
18
23
25
18
18
19
15
20
28
22
17
12
20
17
22
25
21
13
14
19
18
21
17
17
22
16
19
15
18
18
15
15
17
15
21
16
17
19
21
17
26
14
22
16
13
25
12
20
20
18
28
17
15
25
21
19
12
25
17
12
15
22
17
7
18
18
12
21
15
22
15
20
11
15
28
15
15
17
22
16
19
11
15
19
15
18
22
25
23
12
28
25
21
23
25
22
22
18
11
20
19
25
21
20
11
24
18
23
21
14
18
18
18
15
22
16
19
20
16
17
22
24
19
16
21
26
23
25
25
18
26
22
18
25
28
21
18
19
30
23
17
20
29
17
15
12
24
20
25
24
20
18
17
22
15
22
11
30
23
23
20
17
22
13
19
20
11
20
17
24
13
19
17
12
17
24
13
14
9
14
24
21
15
10
13
12
17
15
15
6
13
13
10
15
20
8
9
16
11
14
11
8
12
10
17
7
12
9
9
12
9
9
7
13
8
7
13
11
11
10
9
4
8
7
13
13
8
10
6
9
4
6
11
12
10
13
14
9
16
7
8
10
14
7
8
6
11
7
8
5
10
16
10
9
9
3
9
6
11
12
8
10
12
8
9
8
11
11
13
9
10
11
12
6
5
10
4
8
11
15
10
10
7
8
6
8
7
14
6
9
11
6
8
14
8
5
12
8
9
17
13
12
11
8
8
5
7
14
11
8
4
6
7
14
10
7
12
5
5
8
13
8
11
7
10
14
9
7
13
15
5
7
8
14
11
11
15
9
13
8
14
9
10
13
12
7
8
8
9
7
11
6
3
3
12
15
10
9
10
10
14
14
10
10
12
6
8
11
11
10
10
11
8
10
13
10
8
12
11
7
10
14
8
13
9
8
10
13
11
8
11
10
10
5
15
10
10
4
6
13
7
9
9
7
10
9
10
6
12
4
12
6
2
10
8
13
10
13
7
11
10
10
8
12
11
12
10
4
9
11
14
9
8
5
10
12
6
9
11
10
8
7
11
11
7
6
12
18
11
3
10
13
11
7
6
15
7
12
6
7
9
10
14
8
8
8
8
9
9
15
15
11
7
15
13
6
12
5
9
4
8
10
10
9
11
12
9
9
5
6
8
7
9
10
8
12
10
9
8
5
4
16
17
5
6
4
7
16
10
10
9
5
12
5
8
10
5
12
15
4
6
11
9
5
6
1
11
9
10
6
11
12
6
12
6
4
11
5
9
12
11
7
6
5
8
9
4
6
7
8
3
7
9
7
10
7
8
6
8
8
9
7
9
4
4
7
11
10
10
9
8
10
5
6
8
11
11
9
3
8
9
2
13
7
12
9
11
11
6
6
8
6
8
13
9
7
13
8
8
9
10
8
7
10
9
12
3
9
6
13
3
6
6
6
3
12
9
7
9
6
9
9
5
13
5
7
6
11
13
7
7
11
5
11
8
4
10
9
9
9
5
14
7
4
3
10
6
6
8
9
12
12
4
5
9
11
9
9
7
6
9
9
8
8
13
12
6
7
7
7
6
6
6
6
11
8
5
8
8
8
12
7
6
10
8
7
7
9
13
8
7
5
5
3
7
9
4
10
10
10
4
10
5
9
11
4
6
3
9
12
10
6
7
6
9
10
11
13
4
5
6
6
5
9
8
7
17
9
11
9
8
12
8
12
10
4
19
13
9
16
3
8
8
4
9
8
6
8
11
7
8
13
12
11
12
5
7
9
8
11
10
6
7
6
10
7
8
5
2
5
3
8
9
6
8
13
7
7
6
5
8
5
5
5
9
3
6
5
6
5
5
15
2
8
6
5
6
6
6
5
9
3
4
8
5
7
7
9
10
2
10
10
5
5
6
5
8
6
7
5
8
6
8
6
6
6
6
7
6
4
12
11
9
12
8
5
8
9
7
4
7
5
6
9
10
14
8
6
3
7
7
11
6
8
6
3
8
6
9
6
8
3
9
7
7
11
9
10
3
7
8
2
8
7
6
9
9
13
5
13
4
4
5
5
8
2
7
8
9
11
5
9
7
5
4
4
6
8
2
2
5
8
5
6
6
3
3
6
5
4
6
6
8
9
5
5
5
6
6
3
3
3
10
6
7
5
5
12
7
11
7
4
6
8
4
8
4
7
4
0
10
7
6
10
3
7
9
6
5
3
6
11
9
8
10
10
5
8
10
11
12
6
13
9
3
9
6
5
3
7
3
4
9
6
9
7
4
4
12
5
5
4
10
14
10
11
6
9
8
8
5
11
8
10
9
7
4
6
5
8
4
9
4
7
11
3
9
5
7
7
4
5
5
5
5
6
6
4
6
6
5
7
7
10
2
3
9
5
4
2
8
8
5
5
10
5
5
2
2
5
5
5
6
4
7
8
4
4
9
5
6
8
8
5
4
5
4
6
3
9
9
7
5
6
14
6
6
5
3
3
4
2
6
10
4
5
6
4
7
4
6
6
8
12
5
8
2
7
4
7
5
3
6
10
7
3
4
11
5
11
5
3
4
4
7
4
3
4
7
3
6
4
6
7
5
6
4
9
4
4
6
5
4
4
5
4
4
5
7
9
6
10
7
6
6
13
8
11
4
3
8
6
4
3
3
5
16
9
6
8
8
5
7
10
5
8
7
4
1
10
3
10
11
4
6
6
6
3
4
8
5
5
6
6
6
5
7
5
5
11
9
8
7
3
7
8
4
5
9
10
6
4
9
11
6
6
6
6
7
8
5
9
7
7
4
3
5
4
5
6
7
7
1
7
5
5
6
2
4
2
12
2
9
7
5
7
2
3
5
16
8
4
8
3
5
4
6
6
2
6
4
9
5
1
5
7
9
7
2
4
1
5
6
7
7
3
4
5
3
5
7
10
4
4
2
3
6
1
7
7
4
4
7
3
9
5
5
7
3
2
7
4
4
4
12
5
5
5
2
2
2
5
5
4
9
7
2
2
4
4
9
6
6
2
6
7
7
2
2
8
7
9
3
5
5
5
0
7
4
5
4
8
5
2
5
5
5
7
3
5
4
7
6
4
10
11
6
3
5
4
7
7
7
8
9
4
9
7
5
7
3
4
10
8
5
2
4
4
4
4
5
3
6
7
6
5
6
8
9
6
3
6
5
12
7
7
5
6
7
3
8
6
3
3
1
7
5
6
8
5
4
7
5
7
6
6
8
7
3
5
4
9
8
4
6
4
6
7
9
6
4
5
4
2
10
1
9
5
3
4
10
1
2
8
10
4
4
3
5
13
1
8
4
5
3
4
3
4
7
6
4
6
7
10
9
6
5
8
0
5
4
5
5
7
9
8
4
4
3
8
1
2
0
3
6
1
5
2
2
7
12
5
3
3
5
5
6
6
5
6
4
5
4
5
4
7
5
9
8
5
4
4
4
6
4
3
5
5
6
5
3
5
5
8
6
5
2
8
5
7
6
4
3
7
7
5
8
9
6
2
8
5
3
4
9
5
4
10
7
9
1
2
5
5
4
7
6
5
9
3
4
5
10
4
4
4
4
6
7
3
5
5
7
4
4
3
3
3
7
7
6
3
6
5
6
4
5
6
4
4
2
2
5
3
5
6
2
7
4
9
6
1
5
12
5
6
2
4
3
3
8
2
3
5
4
5
3
6
5
5
6
7
6
6
4
4
6
3
2
9
5
5
4
5
1
2
4
5
7
2
5
4
4
3
8
4
3
6
5
9
2
2
3
6
7
9
3
6
4
4
7
5
5
6
3
4
6
7
4
3
4
2
2
4
5
7
4
2
0
5
5
10
3
4
2
6
5
2
5
9
7
4
1
4
1
4
9
6
4
6
6
2
9
4
3
7
8
3
1
0
6
1
4
4
5
3
7
8
1
4
4
5
4
4
5
4
2
8
3
1
5
5
5
7
5
0
4
2
7
4
1
8
8
6
9
4
7
6
5
6
2
7
2
9
5
2
6
7
3
5
8
3
6
4
8
6
0
4
4
3
7
3
4
6
6
5
3
4
7
1
3
5
3
5
7
3
5
7
2
1
4
3
5
4
5
4
1
2
4
1
5
1
2
11
8
7
8
1
6
5
4
3
5
5
5
2
6
2
2
1
6
8
1
3
1
2
7
4
3
10
1
5
4
6
2
4
8
4
7
2
8
3
5
4
0
5
3
6
5
4
5
6
5
5
4
1
5
4
4
4
5
4
5
3
2
4
2
12
4
7
5
7
4
4
10
5
3
5
3
9
2
3
4
1
5
1
3
1
4
1
5
3
2
5
3
6
7
5
11
5
8
4
3
3
8
4
4
8
6
10
9
0
8
6
4
5
3
6
6
10
7
12
5
7
7
6
10
9
5
8
6
6
8
12
10
8
5
11
9
10
6
7
8
9
5
8
9
12
8
9
4
8
4
4
8
12
8
9
16
9
15
17
12
6
15
11
10
14
10
5
4
7
10
8
5
7
10
11
3
5
6
11
7
10
8
7
7
3
8
10
8
11
5
5
9
4
8
2
6
7
6
4
5
13
2
6
3
3
5
4
2
6
7
10
2
8
5
5
2
7
3
4
2
4
4
4
2
5
9
3
4
5
4
0
3
2
2
4
4
5
3
4
5
3
3
4
4
7
3
2
4
7
3
5
6
5
4
4
4
4
3
5
2
6
7
8
5
6
6
4
5
3
2
0
3
3
2
1
1
4
5
2
7
3
5
4
5
7
5
4
1
4
3
4
10
6
3
3
5
7
2
3
6
7
5
1
2
1
6
2
5
4
3
6
5
7
3
2
2
1
7
3
5
2
0
2
1
8
2
5
6
1
4
3
4
3
4
1
4
2
5
3
3
1
4
2
1
5
4
3
3
8
4
6
3
1
6
1
9
5
5
5
4
1
7
7
5
5
5
6
5
3
3
2
7
3
3
2
4
8
4
6
4
5
3
4
4
5
3
4
4
3
3
7
5
6
3
4
6
9
2
4
2
5
6
8
3
7
4
5
7
4
5
7
6
2
2
3
5
6
3
8
3
3
2
3
5
6
3
3
3
6
5
7
4
3
3
4
3
4
6
4
2
5
3
5
2
8
4
6
4
5
4
2
8
7
3
3
3
4
3
3
5
3
3
4
1
5
1
3
2
5
3
2
2
2
3
2
7
3
4
6
5
2
6
4
5
5
2
3
3
2
4
3
5
8
2
7
6
5
8
5
6
2
5
2
5
5
5
4
5
4
3
2
0
3
1
3
5
4
0
5
5
6
7
0
2
5
3
3
4
2
3
4
3
6
4
7
5
4
1
1
4
2
2
5
5
3
7
2
5
4
3
6
4
3
6
5
3
2
5
3
6
7
3
1
6
5
5
3
2
7
2
4
4
4
1
0
2
3
2
5
4
3
4
5
0
4
0
2
2
2
2
2
4
2
0
1
5
2
2
2
3
5
2
4
6
1
3
3
3
6
4
0
8
2
2
7
3
4
2
4
2
7
0
0
2
3
5
2
4
2
7
3
1
5
0
4
5
1
2
6
4
7
2
0
0
3
5
4
5
2
2
4
4
5
4
3
1
3
1
2
5
2
1
7
5
7
4
6
6
5
6
5
3
8
3
4
6
5
1
0
5
2
8
1
3
3
5
3
5
6
3
7
2
6
3
3
5
7
3
8
3
7
9
6
6
4
4
4
5
6
7
2
10
6
9
5
3
4
8
2
4
6
6
5
6
9
4
6
2
9
4
5
8
4
9
9
1
6
7
6
6
5
1
7
7
6
4
7
4
9
7
1
8
7
13
3
5
8
5
7
7
6
8
9
14
5
5
12
5
7
5
3
4
4
2
2
5
8
7
8
6
2
3
7
3
8
8
5
5
7
5
3
6
5
3
9
2
5
3
4
2
5
0
3
5
3
2
4
3
5
8
3
3
3
3
1
4
5
4
3
3
4
3
4
1
8
1
4
1
4
1
2
1
3
3
1
5
5
5
3
2
6
1
3
2
4
0
4
3
1
3
2
7
2
3
2
2
3
1
2
4
3
5
3
4
5
1
3
1
4
4
3
5
5
6
4
3
1
6
5
5
1
8
4
4
6
5
3
2
3
2
4
3
3
6
4
1
5
6
4
1
1
3
1
9
8
2
3
3
4
3
4
6
3
4
2
6
8
2
4
2
3
2
2
2
2
2
3
1
5
2
4
6
5
4
1
4
3
6
4
2
4
2
3
1
3
3
6
3
3
3
4
2
1
3
6
2
2
4
2
1
3
5
3
3
4
5
4
4
6
2
5
2
4
4
6
2
5
2
4
2
1
3
2
3
6
1
0
3
0
4
2
3
1
5
3
4
1
2
4
2
4
1
3
6
4
0
2
3
0
1
1
5
1
5
2
4
4
0
1
3
4
2
8
3
3
5
5
3
1
2
4
0
3
3
2
2
6
1
6
2
0
2
1
6
5
2
2
5
1
2
4
4
5
3
3
6
2
2
2
3
3
2
5
2
4
2
7
3
4
4
4
1
0
5
7
5
4
2
2
2
4
3
3
3
3
6
5
5
1
6
1
1
3
5
2
5
3
7
5
0
4
0
3
3
2
4
7
5
2
5
3
0
4
3
4
4
4
5
2
5
6
2
4
1
4
5
2
3
4
4
2
1
5
3
3
4
1
3
0
1
4
6
2
6
3
4
1
3
6
2
5
4
3
2
4
1
4
2
4
4
6
4
3
3
5
6
0
1
4
2
2
2
5
2
6
2
2
3
3
4
2
1
6
2
4
4
2
5
3
1
5
5
9
3
1
6
2
3
2
1
3
3
1
4
1
3
1
3
4
7
1
6
7
2
2
4
1
3
5
3
3
7
5
3
2
2
1
4
7
3
1
5
3
3
4
1
1
2
1
2
2
2
4
1
8
2
3
4
4
2
5
1
7
2
3
5
5
3
4
2
1
2
4
5
4
4
1
5
5
4
2
0
4
2
4
5
3
7
1
2
1
3
4
3
5
4
4
2
4
4
4
5
2
3
5
6
4
3
2
2
5
4
4
2
0
1
5
2
3
2
3
2
3
2
3
5
6
4
0
2
3
3
4
3
3
6
6
3
4
1
3
3
2
5
3
1
5
6
2
3
7
9
1
0
3
1
2
2
0
3
4
2
6
1
3
2
6
0
3
4
3
2
3
1
0
4
2
2
4
1
3
0
5
2
4
6
3
1
1
5
4
4
2
4
2
3
3
4
2
4
2
2
5
0
2
4
6
5
4
2
3
4
1
4
1
5
2
5
2
3
4
3
2
4
3
1
5
2
3
2
0
5
1
4
1
1
2
2
7
2
4
3
3
3
3
4
5
1
3
5
4
4
4
2
6
4
4
2
1
2
2
2
1
3
1
3
1
2
0
5
5
3
1
4
8
4
8
5
6
3
3
4
3
3
3
2
6
3
4
1
4
3
2
3
1
6
4
3
3
5
6
1
6
1
6
4
3
3
6
3
4
3
3
4
4
2
0
1
6
2
3
9
1
6
3
6
1
1
2
3
3
4
2
3
1
4
2
0
1
2
2
4
1
4
3
5
2
4
4
5
3
0
5
2
5
4
1
2
3
1
3
2
1
2
3
4
4
6
3
5
5
2
4
5
3
2
2
2
3
1
1
0
3
0
1
2
2
5
1
1
1
3
2
1
6
3
4
4
2
0
4
4
6
1
6
1
3
2
0
3
2
2
5
2
4
2
0
3
2
2
2
0
2
1
2
3
6
2
2
3
4
2
4
4
2
2
3
2
4
4
3
1
2
2
4
3
0
2
4
5
4
5
3
1
3
0
3
1
3
1
2
3
2
3
2
4
6
3
2
4
4
2
6
1
0
4
2
1
6
4
2
4
0
1
4
0
4
1
4
0
3
0
2
3
1
1
3
2
3
4
4
7
3
4
2
2
4
4
6
1
4
2
1
1
4
2
2
4
4
4
2
4
0
1
5
1
3
2
4
1
3
8
2
2
6
0
1
4
3
2
3
1
3
1
0
2
2
2
2
6
2
4
2
4
5
3
3
4
4
3
2
3
6
3
2
4
0
6
3
4
2
3
2
3
4
6
3
5
4
0
5
5
2
2
4
1
1
2
3
2
3
3
3
2
5
2
2
1
2
3
5
1
3
2
3
2
3
2
4
2
3
4
3
5
6
4
2
2
2
1
0
3
3
6
6
0
2
4
5
4
2
3
0
0
5
1
1
1
2
5
2
4
2
1
1
2
3
2
8
1
3
2
5
6
0
0
2
0
0
4
4
4
3
1
1
5
3
3
5
4
1
1
2
4
3
3
4
5
0
3
2
5
3
4
7
2
4
5
1
3
5
1
5
3
1
1
3
1
2
2
3
3
2
2
4
2
2
3
2
3
0
1
4
2
5
0
4
1
7
2
2
2
1
3
3
4
7
1
2
3
2
2
4
0
2
3
1
0
1
5
1
1
0
6
5
3
2
0
0
2
9
1
3
2
2
0
2
7
4
2
1
2
2
3
0
1
4
2
3
2
0
3
2
2
0
2
2
2
4
1
3
1
5
4
2
2
2
4
3
2
4
5
2
1
3
6
2
0
3
3
2
3
5
0
0
2
3
7
3
1
5
3
2
1
2
3
0
2
3
5
3
1
3
4
4
2
3
1
2
1
5
2
1
2
1
3
2
2
2
0
0
2
3
3
3
3
3
5
1
1
5
4
3
1
3
3
2
2
4
3
4
1
3
3
3
3
5
2
1
4
2
0
1
3
2
2
1
1
4
5
3
4
2
2
2
6
2
3
1
1
0
5
4
1
6
5
7
1
1
2
2
3
2
1
1
2
2
5
1
1
2
4
3
5
3
2
2
2
2
3
1
4
5
1
3
1
2
4
2
2
2
2
6
2
6
2
5
4
3
3
3
2
4
1
8
1
1
1
5
2
2
3
3
1
1
5
1
3
0
2
0
4
1
3
6
4
2
2
1
0
2
8
5
1
1
1
4
5
5
3
2
2
4
4
2
3
4
3
3
3
2
1
0
2
0
2
3
2
3
2
2
6
4
6
2
5
5
2
5
4
0
2
2
3
3
2
1
1
2
6
1
0
2
3
3
2
5
2
0
5
1
4
3
2
2
3
5
2
1
1
1
1
1
4
1
3
1
5
3
3
1
2
3
2
4
2
5
1
2
4
1
2
2
1
2
6
0
4
3
3
0
4
2
2
3
5
1
4
3
3
5
4
3
4
5
2
2
3
4
3
3
2
1
1
0
3
2
4
3
3
2
2
5
4
1
1
7
2
3
1
4
6
9
4
3
8
8
9
9
2
4
6
3
7
3
5
6
6
8
3
8
7
4
1
6
8
2
9
3
5
7
5
6
3
3
5
3
9
4
6
2
9
2
5
3
2
6
2
6
8
2
3
5
5
2
4
3
1
2
4
3
3
4
2
3
6
5
3
1
1
4
6
4
2
5
3
2
4
4
0
1
1
4
2
4
5
2
5
4
1
6
5
5
4
3
5
2
3
7
3
2
4
2
4
4
0
1
3
2
3
3
4
0
3
2
5
3
1
4
2
2
1
3
2
1
4
0
0
4
4
2
3
3
1
3
3
4
3
3
4
1
6
3
2
4
2
1
6
0
2
3
2
1
3
2
2
1
2
1
1
2
5
1
3
2
5
2
4
3
3
1
3
2
4
4
1
5
3
1
1
2
4
1
3
2
0
3
6
4
2
1
7
1
4
4
1
3
1
4
3
2
0
2
3
5
4
1
3
1
3
3
1
1
4
4
4
1
1
3
5
2
4
5
3
5
3
3
0
1
3
2
5
3
3
4
3
3
2
3
3
1
2
1
2
3
0
2
7
5
5
3
3
3
4
3
5
2
4
0
5
6
3
4
0
2
1
0
3
5
1
2
4
2
3
5
4
5
3
3
2
4
1
2
5
3
2
6
0
1
4
3
1
1
2
6
1
3
2
4
3
3
3
1
2
0
1
4
6
1
4
2
4
1
2
3
3
1
2
1
3
0
7
3
3
2
2
2
3
2
3
2
4
4
1
4
0
0
2
3
3
4
1
2
1
3
4
1
4
2
1
4
5
3
3
2
4
1
0
4
5
4
1
4
0
3
5
3
2
2
2
1
4
3
6
3
1
5
5
0
2
4
2
3
0
5
3
4
2
2
2
2
2
6
1
4
5
7
9
2
2
4
1
0
3
2
3
2
1
5
4
1
1
1
3
1
1
4
5
2
1
0
4
2
4
3
2
0
3
6
7
6
2
1
4
3
3
1
5
0
1
4
2
3
2
1
0
1
3
0
3
6
2
1
4
3
4
4
4
0
5
1
3
4
1
3
2
1
3
1
2
5
1
2
0
0
0
1
3
1
1
5
0
4
1
2
3
2
4
2
5
5
3
0
3
0
2
3
2
3
2
4
2
1
3
2
3
2
3
3
4
3
1
3
3
6
4
2
3
2
1
5
1
1
2
0
0
3
2
1
1
4
5
1
1
3
0
5
6
2
2
1
2
2
6
2
2
2
3
3
1
1
1
3
6
1
3
2
1
4
5
3
2
5
3
1
2
2
4
3
1
3
2
1
2
0
1
1
2
8
6
4
2
4
5
3
3
3
2
1
3
2
3
1
3
2
5
7
3
0
1
4
3
1
3
1
3
3
3
0
1
0
2
5
0
2
2
5
2
3
3
3
1
1
2
2
1
2
4
0
2
1
2
2
3
1
3
5
1
5
1
1
0
1
4
2
3
9
3
4
5
2
4
2
2
2
3
1
3
1
4
3
2
3
1
2
2
2
1
2
4
4
2
1
4
3
2
5
1
3
3
4
1
1
4
2
1
4
5
2
0
1
2
2
4
3
1
1
3
1
1
3
1
5
2
4
2
0
3
1
2
0
4
3
1
2
2
3
2
3
1
4
3
1
2
2
1
1
3
1
1
3
3
2
2
1
5
3
2
4
4
4
3
1
2
1
3
4
1
1
5
1
3
1
3
3
4
2
2
3
1
1
0
1
3
2
0
1
0
3
2
3
6
1
2
0
1
2
1
2
1
3
4
1
1
1
2
2
2
2
2
3
1
0
2
2
2
3
2
3
0
2
2
1
1
2
2
2
4
1
1
1
2
1
4
2
3
3
6
0
4
2
2
0
0
2
1
7
1
3
3
2
2
1
1
3
4
1
0
3
2
4
3
1
3
1
1
0
5
1
4
3
3
2
3
2
0
1
2
6
1
4
3
3
2
2
3
1
0
2
1
0
6
4
1
2
4
3
4
2
0
2
4
1
2
2
3
3
2
5
1
2
2
2
3
4
2
2
3
1
1
3
1
0
0
2
3
2
3
4
2
2
3
2
1
3
3
2
2
3
2
2
1
0
4
1
0
4
4
4
2
1
1
2
5
2
5
2
4
3
4
3
3
1
2
1
0
4
2
1
1
1
4
2
5
2
3
2
2
2
4
0
3
2
2
2
1
1
3
7
4
1
2
2
2
0
3
2
1
3
2
1
4
3
4
2
4
2
3
1
0
3
3
0
4
1
3
2
3
2
0
3
1
1
6
3
1
6
3
0
1
3
6
5
1
1
4
1
3
3
0
3
1
1
4
4
5
1
3
0
3
2
1
2
2
3
2
2
3
3
2
2
3
4
2
4
4
3
2
4
4
2
3
3
2
4
1
2
2
5
2
1
3
4
1
4
1
2
2
3
1
2
2
0
2
2
1
3
3
4
2
1
1
2
5
2
0
0
4
3
1
3
2
4
4
1
3
1
4
2
2
2
3
2
1
4
2
0
1
2
2
0
3
1
1
2
5
2
4
3
3
3
2
1
3
3
3
3
2
1
5
2
3
2
3
2
1
3
0
4
3
0
4
1
2
1
0
4
3
3
1
2
2
2
1
2
2
1
4
4
3
5
4
3
0
0
1
2
4
2
2
3
5
1
3
3
1
1
2
2
1
0
3
1
1
2
2
5
2
1
0
2
2
4
1
4
1
1
1
5
0
1
4
4
7
5
5
4
10
0
7
2
2
3
3
2
3
4
3
3
2
5
4
3
2
4
2
5
6
4
3
7
3
2
4
2
1
4
2
4
3
1
3
8
4
2
3
5
3
3
7
3
3
0
3
1
2
3
2
5
6
4
6
5
6
3
0
6
4
5
2
1
2
6
6
1
2
6
1
6
1
1
2
0
5
4
0
3
2
2
5
2
1
5
1
3
0
4
1
1
5
3
4
1
3
3
2
1
3
1
1
4
1
2
3
2
2
4
2
4
3
2
3
2
2
0
4
1
3
2
1
1
1
2
0
0
3
2
2
3
7
0
2
2
2
1
3
4
1
3
4
6
1
2
7
5
1
1
1
0
2
3
0
3
4
5
0
2
2
2
2
2
1
2
5
2
0
3
4
6
3
3
4
2
1
1
3
3
1
0
0
0
3
2
3
0
3
3
2
3
0
2
1
2
1
0
0
1
2
0
3
1
4
1
1
1
3
0
2
2
1
6
1
0
1
5
1
3
2
2
1
1
4
0
0
3
3
2
2
0
1
3
1
2
2
0
3
5
3
1
0
2
2
4
1
0
3
1
1
3
2
0
1
2
1
3
2
1
2
0
2
1
0
0
2
0
3
0
5
7
0
0
0
2
3
2
4
5
3
2
0
0
0
4
4
2
1
0
1
1
0
3
2
3
2
4
2
2
0
1
5
1
2
2
1
0
2
2
3
2
4
1
3
0
3
0
1
0
3
0
1
0
2
1
0
1
2
1
0
1
2
1
2
2
6
0
2
0
3
2
4
0
5
0
2
3
3
0
0
2
1
0
2
1
5
3
1
0
3
2
3
3
1
2
0
3
0
4
1
0
3
0
0
3
3
1
2
0
0
1
4
5
2
2
2
1
2
1
1
1
4
0
2
2
0
2
0
1
3
1
0
1
1
1
3
3
3
1
1
1
0
1
1
0
3
0
0
1
1
2
1
1
2
1
3
0
2
1
2
2
0
2
2
2
0
2
1
2
3
0
0
2
0
0
2
1
2
0
1
1
4
2
1
1
2
1
2
1
2
3
3
0
2
1
2
0
1
2
2
2
1
3
2
3
0
2
8
1
1
3
0
1
2
2
2
3
1
1
3
0
1
3
1
2
1
3
3
2
0
3
4
2
3
2
2
1
2
1
2
0
1
2
3
5
0
2
0
4
2
2
2
2
3
1
0
3
1
0
2
1
0
2
3
2
2
1
1
0
2
2
1
1
0
2
1
4
1
0
1
0
1
1
2
3
3
1
0
1
1
4
1
2
1
3
0
2
1
5
2
2
1
1
2
1
4
0
1
2
2
1
0
2
2
1
2
2
1
2
1
1
0
2
2
0
0
5
3
2
3
0
1
3
0
2
2
1
2
3
2
2
3
0
1
2
1
2
2
1
0
3
1
2
1
0
0
0
1
1
3
1
0
3
1
0
3
2
0
1
0
3
0
1
4
0
1
1
2
2
1
1
0
0
2
1
0
2
1
1
1
1
2
5
1
2
2
3
1
1
1
0
1
1
1
0
0
0
2
0
1
2
1
1
1
2
0
3
2
3
0
1
0
1
4
3
1
0
0
0
4
0
2
5
2
0
2
3
1
0
1
2
2
1
1
0
0
0
1
0
0
2
3
0
0
2
0
0
3
0
2
0
0
0
1
1
3
1
1
2
3
3
0
2
3
0
1
2
1
3
1
1
1
2
0
1
2
1
1
0
1
0
2
0
2
4
2
1
2
0
2
2
3
1
1
3
2
3
1
1
0
0
2
1
1
1
1
0
0
2
1
0
2
3
0
2
0
2
1
1
1
1
1
1
0
0
2
1
0
3
1
3
4
3
2
0
1
0
3
1
1
1
1
1
0
0
2
1
1
1
0
4
2
2
0
1
1
2
2
2
1
0
0
0
0
1
0
2
1
2
3
2
1
2
0
1
4
0
0
1
1
0
1
0
2
1
0
0
1
0
1
1
1
1
3
1
0
0
1
0
1
1
0
0
0
1
2
1
2
1
3
0
3
2
1
0
3
2
2
1
4
0
0
2
1
1
1
1
1
0
2
4
0
2
4
0
0
2
1
0
4
1
1
0
2
0
0
1
0
1
0
0
2
0
0
2
2
1
1
1
3
0
0
0
2
0
1
0
0
2
1
1
0
0
0
1
0
1
1
3
1
2
1
0
2
0
1
0
1
2
1
4
1
1
2
2
1
1
0
3
1
2
2
0
1
0
1
4
3
0
1
2
1
3
1
3
1
3
0
3
1
1
2
1
2
3
0
0
2
0
2
2
1
1
0
1
1
0
1
0
2
1
1
1
0
1
1
0
0
0
1
0
2
3
0
1
2
0
0
0
1
2
0
2
2
0
0
1
1
0
0
3
2
0
0
1
2
3
0
2
1
3
0
0
1
0
2
2
0
0
1
0
0
1
1
4
0
1
0
0
1
1
0
0
2
1
0
1
2
1
2
1
1
0
1
0
1
0
0
0
0
1
1
0
2
1
2
0
2
1
0
1
0
1
1
2
0
2
3
0
1
2
3
0
0
1
1
1
2
3
0
2
0
1
0
4
1
0
2
2
0
0
1
0
0
2
0
1
1
0
2
2
1
1
1
2
2
2
1
2
1
3
1
2
1
1
2
0
2
1
1
2
1
2
1
1
4
2
3
3
0
0
2
1
1
1
0
1
0
1
3
1
0
1
0
2
4
1
2
1
1
1
1
0
0
0
2
0
1
1
2
0
0
0
1
0
1
0
0
1
0
0
1
0
0
1
2
3
0
0
3
2
0
3
1
1
2
0
2
0
2
1
2
0
0
0
0
3
0
0
1
0
1
0
2
2
0
3
0
0
0
0
2
2
2
0
0
0
1
1
1
1
1
2
1
3
0
0
1
2
1
0
1
4
4
2
0
0
1
1
3
2
0
2
2
1
1
0
2
3
0
1
3
0
1
0
1
1
0
0
1
1
2
0
2
0
0
0
0
0
0
3
2
1
0
0
0
2
0
0
0
2
2
1
1
3
0
0
0
0
1
0
1
0
0
0
1
2
2
1
1
0
1
0
2
2
0
0
0
0
0
1
1
1
1
0
1
1
1
2
1
0
2
0
2
1
0
0
0
1
2
1
1
1
0
1
0
0
2
1
3
1
1
0
0
3
2
0
3
0
0
0
2
1
0
1
1
0
0
1
1
0
0
1
2
0
0
0
1
0
3
1
1
1
0
1
1
1
1
1
2
1
1
1
0
1
1
1
1
2
1
1
0
0
0
2
0
0
0
1
0
2
0
2
1
0
1
1
1
2
2
0
0
1
0
0
0
1
1
4
0
1
1
3
1
2
4
1
2
1
1
0
2
1
3
1
0
0
3
1
0
3
0
0
0
2
0
1
1
1
2
1
2
0
0
1
0
5
2
1
0
1
0
2
0
2
2
0
1
1
2
2
1
0
1
3
1
1
2
1
1
1
0
0
3
0
0
1
0
0
1
1
0
4
3
0
0
0
0
1
1
0
0
0
1
0
0
0
1
1
2
0
1
2
0
2
0
2
3
1
0
2
0
3
0
3
0
1
1
2
0
1
0
1
0
0
0
0
0
1
2
0
1
2
1
0
0
1
0
0
1
0
0
3
0
1
2
2
1
0
1
0
1
0
2
0
1
0
0
1
2
1
0
1
1
2
0
3
2
1
0
1
0
2
0
1
2
0
0
0
1
0
0
0
0
0
2
0
0
2
1
0
4
0
0
1
0
4
2
0
2
1
0
0
2
0
1
1
0
0
1
0
1
0
0
2
0
1
0
0
1
4
1
1
1
0
1
2
1
0
0
2
2
0
2
1
0
1
0
1
0
1
3
0
0
1
0
1
0
1
1
0
0
1
0
3
0
0
3
0
2
0
0
1
0
1
2
1
0
1
1
0
0
2
0
0
1
1
1
1
0
0
0
1
1
0
2
0
0
2
1
1
1
1
0
1
0
4
0
1
4
1
0
0
0
2
1
0
0
1
0
2
2
2
2
2
1
1
0
0
0
2
0
1
1
0
2
0
1
1
1
1
1
3
1
0
2
2
0
0
0
0
2
1
2
0
4
2
1
1
0
1
2
1
1
1
0
3
0
2
1
1
0
0
1
0
0
2
1
2
1
1
3
0
3
1
1
2
2
0
2
1
3
0
0
3
1
0
1
3
0
2
1
1
1
0
2
0
1
1
2
0
0
1
0
2
1
2
0
1
2
1
1
0
3
1
2
2
0
0
1
0
2
2
1
0
0
0
1
1
0
0
0
1
0
0
0
0
0
1
0
2
1
0
1
1
1
0
0
1
1
0
2
0
1
0
0
1
1
0
2
1
0
0
1
1
1
0
3
0
0
0
2
2
2
1
0
0
1
1
2
1
0
1
1
0
1
0
0
0
0
0
1
0
1
1
1
1
0
1
1
0
1
0
2
1
0
0
1
0
1
0
0
0
0
0
1
0
1
0
1
1
0
1
0
0
1
1
2
2
1
0
0
0
0
1
0
1
1
0
0
0
0
1
0
2
1
0
0
1
0
1
0
1
2
0
0
0
0
1
0
1
1
1
0
2
0
0
0
0
1
0
1
0
2
1
1
0
0
1
1
1
0
0
1
0
0
0
0
0
1
0
0
0
1
0
1
0
0
0
1
0
2
0
2
1
0
1
0
0
1
3
0
0
1
1
0
3
0
0
2
0
1
2
1
2
0
1
0
1
2
0
0
0
2
0
0
0
0
0
1
0
0
0
0
1
2
2
1
0
2
0
1
1
2
1
1
1
2
1
2
0
0
0
0
0
1
2
0
0
0
0
1
0
0
0
0
0
1
1
0
0
1
0
1
1
0
0
0
0
1
1
1
0
2
1
1
1
1
0
1
0
0
0
0
1
1
1
0
2
1
1
0
2
2
1
1
3
3
2
0
3
1
0
0
1
2
1
0
0
2
0
0
0
1
0
0
1
0
0
1
1
0
2
1
0
2
0
0
1
0
1
2
0
0
2
3
0
0
1
1
0
4
2
0
2
2
2
1
0
0
0
0
2
1
3
2
2
2
3
0
0
1
2
0
0
2
1
1
1
1
1
4
0
0
0
2
0
1
0
0
4
2
3
1
2
2
3
2
2
1
1
2
3
0
1
1
2
0
1
1
4
0
0
2
4
1
1
3
1
0
2
0
1
4
3
1
2
3
5
5
3
2
2
3
7
4
4
5
5
9
9
5
9
4
8
4
11
5
7
13
7
7
10
6
11
10
8
11
7
14
14
11
15
10
12
10
15
11
9
9
13
13
11
8
14
8
15
14
12
12
13
12
11
11
10
6
10
12
12
10
8
14
8
7
10
11
13
13
9
6
13
13
9
8
5
11
4
8
6
9
4
7
7
6
7
5
9
8
6
5
5
5
1
8
3
7
2
6
3
2
1
3
2
6
2
3
3
3
6
2
2
3
3
4
1
6
2
3
1
4
1
2
1
1
1
1
1
2
2
2
3
1
1
3
2
1
0
2
1
1
1
1
1
1
2
1
1
2
0
1
1
3
0
1
0
0
1
0
0
0
0
2
1
0
0
0
1
0
1
0
1
1
1
1
0
0
1
0
1
0
1
0
0
0
1
0
1
0
0
0
2
1
0
0
0
1
2
0
1
1
2
0
0
0
0
0
0
1
1
0
0
0
1
0
0
1
1
0
0
0
2
0
0
0
1
0
1
2
0
0
1
1
0
0
0
0
0
1
1
1
0
0
0
1
0
0
2
1
0
1
3
0
0
0
0
1
1
1
1
0
0
0
1
0
0
0
0
0
4
0
0
1
0
0
1
0
0
1
0
0
0
1
0
1
1
0
1
1
1
0
0
1
2
0
0
0
0
0
0
0
0
1
1
0
2
1
1
1
1
0
1
0
0
0
0
0
0
0
0
1
1
0
1
0
2
0
0
0
1
0
0
0
0
1
1
2
1
0
1
0
1
0
1
0
1
0
0
0
1
1
0
0
1
0
2
1
1
1
0
0
0
0
1
1
0
0
0
0
0
1
0
0
1
1
1
0
1
1
0
0
2
1
0
0
1
0
0
0
1
1
1
0
0
0
1
1
0
1
1
0
0
0
0
0
1
0
0
1
1
2
1
2
0
1
0
0
1
1
0
0
1
1
0
0
0
0
0
0
1
0
0
2
2
0
1
0
0
3
0
0
0
0
1
0
0
0
1
1
1
0
0
0
0
1
1
0
0
1
0
0
1
0
1
0
2
0
1
1
3
1
0
0
1
2
0
2
0
0
1
1
2
0
1
0
0
0
0
0
0
0
0
0
0
1
1
0
1
0
1
0
1
0
1
0
1
0
2
0
0
0
0
0
2
0
2
0
0
1
2
1
1
1
0
0
0
0
0
2
0
2
1
1
0
1
0
0
0
1
0
0
3
4
0
1
1
0
0
0
1
2
0
2
2
0
2
1
0
0
1
2
0
1
1
1
0
0
2
0
0
2
1
0
0
0
2
1
0
1
0
0
0
0
1
1
0
0
0
0
0
0
0
0
0
0
2
0
1
0
0
2
0
0
0
1
0
0
0
0
0
0
0
0
0
0
0
0
0
0
0
1
1
1
0
0
0
1
0
0
0
2
0
0
1
0
1
0
1
2
0
1
0
1
0
0
0
0
0
0
0
3
0
2
0
0
1
0
0
0
0
2
0
0
1
0
1
0
1
1
0
0
0
0
0
0
0
0
1
1
0
0
0
1
0
1
0
0
0
0
0
0
0
0
0
0
0
1
0
0
0
0
1
0
0
1
0
0
0
0
0
0
0
1
0
0
0
1
0
0
0
1
1
0
1
0
1
0
1
0
0
2
0
0
0
0
1
0
0
0
0
0
0
0
1
0
0
0
1
0
0
0
1
0
0
1
0
0
1
0
0
0
0
2
0
1
0
0
0
1
2
0
1
0
1
0
1
0
0
0
0
0
2
0
1
0
0
1
1
0
0
0
0
0
1
1
0
0
0
0
1
0
0
2
0
2
1
0
0
0
0
0
0
0
0
0
1
1
0
2
0
0
0
1
1
0
0
0
0
0
0
2
0
0
1
1
1
1
0
0
1
1
1
1
1
1
0
2
0
1
0
1
0
0
0
0
1
0
0
2
1
0
0
0
1
1
0
0
0
0
0
1
0
0
0
0
0
0
1
0
1
0
2
0
0
0
0
0
0
0
1
0
1
0
0
1
0
0
0
0
0
0
0
1
1
1
1
0
0
0
0
0
1
2
1
0
0
1
1
0
2
0
0
1
0
1
0
0
0
1
0
0
4
1
0
0
0
0
2
0
0
1
1
0
0
0
1
1
0
0
0
1
0
0
0
1
0
0
0
1
0
0
2
0
0
0
1
1
1
0
0
2
0
0
1
0
1
1
1
0
0
0
0
0
1
0
0
0
0
1
0
0
0
1
0
0
0
0
0
1
1
0
0
0
0
0
0
0
1
0
1
1
0
0
0
0
0
0
0
0
0
0
0
0
0
0
0
0
0
0
0
0
0
0
0
0
0
0
0
0
0
0
0
0
0
0
0
0
0
0
0
0
0
0
0
0
0
0
0
0
0
0
0
0
0
0
0
0
0
0
0
0
0
0
0
0
0
0
0
0
0
0
0
0
0
0
0
0
0
0
0
0
0
0
0
0
0
0
0
0
0
0
0
0
0
0
0
0
0
0
0
0
0
0
0
0
0
0
0
0
0
0
0
0
0
0
0
0
0
0
0
0
0
0
0
0
0
0
0
0
0
0
0
0
0
0
0
0
0
0
0
0
0
0
0
0
0
0
0
0
0
0
0
0
0
0
0
0
0
0
0
0
0
0
0
0
0
0
0
0
0
0
0
0
0
0
0
0
0
0
0
0
0
0
0
0
0
0
0
0
0
0
0
0
0
0
0
0
0
0
0
0
0
0
0
0
0
0
0
0
0
0
0
0
0
0
0
0
0
0
0
0
0
0
0
0
0
0
0
0
0
0
0
0
0
0
0
0
0
0
0
0
0
0
0
0
0
0
0
0
0
0
0
0
0
0
0
0
0
0
0
$ROI:
0
0
$PRESETS:
Live Time
0
0
