$SPEC_ID:

$SPEC_REM:
DET# 1
DETDESC# MCB 25
AP# ORCA (11.0h)
$DATE_MEA:
2017-08-13 08:10:07 +0000
$MEAS_TIM:
3428.32 4320.00
$DATA:
0 16383
0
0
0
0
0
0
0
0
0
0
0
0
0
0
0
0
0
0
0
0
0
0
0
0
0
0
0
0
0
0
0
0
0
0
0
0
0
0
0
0
0
0
0
0
0
0
0
0
0
0
0
0
0
0
0
0
0
0
0
0
0
0
0
0
0
0
0
0
0
0
0
0
0
0
0
0
0
0
0
0
0
0
0
0
0
0
0
0
0
0
0
0
0
0
0
0
0
0
0
0
0
0
0
0
0
0
0
0
0
1
3
41
1237
8868
16650
16021
14692
13948
13733
13729
13609
13609
13630
14131
14111
14191
14919
14800
15280
15201
15099
15202
15200
15357
15393
15177
15527
15126
15252
14970
15159
15158
15248
14988
15106
15078
14746
14666
14825
14582
14505
14561
14625
14419
14403
14447
14202
14367
14299
14165
14207
14397
14124
13952
14031
13846
14119
13840
13625
13831
13710
13675
13741
13744
13589
13500
13781
13762
13463
13424
13587
13559
13540
13405
13590
13630
13326
13217
13352
13240
13325
13082
13110
13225
13268
12968
13153
13336
13012
12979
13070
12944
13015
12878
12873
12986
12829
12644
12678
12805
12862
12678
12751
12630
12843
12699
12642
12474
12596
12437
12705
12462
12598
12208
12722
12534
12454
12345
12442
12320
12455
12259
12319
12206
12123
12349
12293
12400
12191
12263
12176
12006
12096
11996
12156
12081
12031
12085
12337
12021
11887
12118
12129
12081
12026
11930
11815
11812
11884
11774
12056
11876
11647
11764
11769
11750
11575
11727
11668
11639
11762
11813
11688
11740
11612
11429
11773
11587
11472
11427
11634
11420
11489
11490
11620
11477
11680
11512
11365
11507
11677
11453
11370
11350
11433
11402
11488
11347
11261
11552
11158
11425
11212
11450
11178
11201
11299
11207
11181
11332
11241
11221
11306
11293
11009
11299
11091
11038
10887
11214
11189
11124
11056
11211
11015
10915
10891
10967
11171
10963
11007
10989
10878
10961
11059
10962
10900
10898
10901
10891
10814
10812
10857
10917
10816
10834
10860
10956
10781
10916
10873
10694
10748
10665
10935
10791
10730
10600
10961
10795
10832
10817
10708
10832
10724
10786
10509
10762
10513
10648
10594
10714
10643
10672
10581
10638
10371
10537
10523
10577
10568
10704
10673
10367
10511
10592
10533
10413
10519
10477
10508
10603
10474
10471
10323
10539
10629
10467
10523
10419
10233
10378
10486
10478
10268
10290
10266
10312
10532
10467
10370
10306
10329
10405
10332
10281
10386
10234
10314
10346
10233
10282
10010
10391
10380
10163
10238
10289
9974
10153
10027
10278
10277
10274
10198
10152
10231
10233
10013
10212
10115
10178
10150
10140
10108
9986
10051
10039
10220
10142
10120
9909
10140
10087
10082
10093
10029
9857
10047
9773
9963
10079
9983
10015
9917
9927
9893
10092
9998
9932
10036
9888
10008
10082
9898
9975
10021
9986
9764
10056
9837
9827
9749
9976
9742
9801
9817
9781
9832
9748
9867
9725
9880
9849
9797
9753
9845
9866
9722
9697
9926
9684
9904
9662
9849
9631
9756
9807
9782
9788
9599
9755
9640
9743
9756
9729
9730
9736
9865
9738
9609
9628
9923
9706
9755
9414
9710
9636
9757
9604
9748
9573
9619
9575
9531
9665
9640
9646
9633
9701
9686
9545
9523
9696
9544
9507
9518
9673
9577
9467
9576
9677
9389
9714
9814
9425
9551
9475
9519
9434
9604
9499
9553
9507
9645
9574
9292
9473
9537
9408
9464
9369
9342
9291
9566
9411
9300
9404
9605
9452
9477
9498
9424
9498
9467
9353
9195
9334
9255
9400
9285
9301
9395
9207
9374
9228
9356
9240
9219
9408
9200
9320
9203
9134
9220
9324
9238
9252
9083
9254
8988
9447
9244
9291
9220
9156
9262
9303
9129
9209
9195
9146
9059
9233
9150
9237
9143
8988
9001
9160
9188
9197
9242
9308
9247
9328
9172
9265
9185
9122
9095
9222
9165
9061
9251
8934
9204
9139
9091
9072
9201
9194
9136
9035
9192
8982
9009
9061
9134
9095
9161
9056
9315
9050
9059
9112
9020
9121
9126
9057
9026
9067
8976
9012
9102
9042
9079
8934
8913
9044
9120
9065
8985
8982
8918
8967
9046
9023
9021
9178
8990
9056
9037
9057
8964
9041
9012
8928
8954
8870
9010
9126
9067
9069
8974
9075
9148
8972
8938
8949
9004
8943
9020
9044
9085
8964
8964
8711
9072
8986
8981
8797
8781
8924
8903
8858
8945
9116
8849
9009
8865
8950
8955
9040
9095
8964
8821
8966
9013
9051
8942
8770
8938
8832
9008
8961
8918
8847
9043
8891
9148
8956
9056
8969
9058
8916
9067
9033
8961
9070
9068
8858
9032
8964
9091
8880
8978
8970
9025
9162
9114
8928
8916
9185
9055
9148
9209
9102
9203
9211
9243
9405
9385
9375
9518
9446
9698
9635
9842
9769
9839
9969
9782
10179
10165
10245
10389
10552
10495
10652
10831
10740
10927
11040
11190
11152
11381
11147
11605
11613
11780
11933
12193
11996
11966
12222
12121
12307
12509
12521
12576
12662
12632
12806
12932
12880
12940
13101
13153
13171
13239
13193
13228
13466
13549
13498
13698
13835
13857
13806
14101
13920
14394
14477
14719
14830
15188
15480
15691
16080
16193
16003
15997
15987
15490
15370
15525
14938
14761
14481
14643
14498
14271
13939
13753
13668
13112
13030
13102
12751
12787
12428
12282
12240
11805
11613
11487
11177
11150
10807
10684
10373
10552
10154
9910
9971
9691
9718
9664
9563
9406
9343
9215
9289
8986
9087
8901
8906
8938
8771
8898
8746
8668
8618
8789
8664
8659
8646
8691
8791
8661
8521
8627
8601
8643
8653
8691
8567
8512
8548
8623
8702
8578
8562
8606
8581
8478
8697
8619
8589
8777
8626
8688
8525
8763
8855
8745
8746
8543
8700
8672
8728
8614
8473
8793
8898
8743
8740
8767
8896
8742
8841
8665
8739
8858
8908
8834
9021
8885
8888
8612
8873
8867
8915
9105
8746
8865
8807
8965
9044
8924
9091
8918
8842
8939
9045
8951
8966
9018
8798
9007
8879
9156
9132
8988
9102
8918
8971
9130
9121
9070
9035
9088
9107
8971
9194
9177
8833
9164
9084
9194
9183
9064
9140
8926
9109
9198
9127
9343
9179
9384
9078
9257
9064
9296
9271
9242
9267
9285
9155
9397
9272
9372
9394
9355
9270
9336
9239
9393
9514
9397
9328
9407
9256
9309
9489
9343
9316
9507
9457
9571
9578
9398
9469
9561
9535
9517
9481
9666
9650
9574
9869
9380
9617
9538
9545
9518
9675
9706
9681
9608
9727
9973
9776
9719
9740
9732
9714
9768
9768
9740
9718
9808
9886
9826
9701
9838
9983
9934
9694
9883
9894
9773
9808
9799
9934
9871
10020
9803
9925
9753
10093
9898
9910
9911
9966
10100
9951
9991
9828
9990
10034
10210
9890
10001
10046
9978
10182
10119
10192
10285
10128
9952
10255
10077
10151
10086
10213
10119
10139
10291
10290
10124
10200
10141
10214
10326
10076
10280
10288
10301
10229
10368
10335
10205
10359
10432
10129
10245
10396
10497
10531
10289
10197
10513
10330
10595
10515
10412
10467
10222
10566
10421
10494
10337
10670
10596
10416
10593
10431
10385
10597
10400
10623
10378
10418
10373
10562
10647
10427
10503
10434
10688
10665
10909
10908
10642
10693
10619
10571
10727
10811
10641
10727
10527
10687
10592
10656
10656
10690
10806
10596
10922
10787
10707
10751
10742
10804
10768
10857
10717
10847
10857
10688
10810
10807
10679
10764
10927
10807
10962
10916
10885
10863
10955
11039
11036
10999
10915
10993
10785
11018
10997
10932
10886
11083
10801
10937
10946
10840
11248
10879
11083
11124
10907
10990
11073
10911
10904
11131
11007
11184
10921
11026
11312
11126
11199
10950
11122
11172
11146
11259
11113
11310
11283
11157
11365
11228
11143
11075
11354
11300
11184
11265
11303
11294
11368
11288
11184
11281
11299
11432
11248
11542
11359
11386
11586
11446
11375
11412
11584
11358
11341
11342
11597
11286
11349
11404
11488
11428
11440
11555
11442
11353
11334
11593
11391
11557
11535
11560
11479
11472
11687
11625
11452
11534
11677
11639
11487
11695
11656
11566
11685
11378
11490
11531
11591
11590
11533
11680
11483
11667
11646
11720
11709
11704
11699
11803
11618
11857
11774
11815
11729
11991
11795
11944
11714
11814
11766
11725
11832
11809
11739
11937
11979
11859
11721
11857
11933
11836
11943
11978
11901
11845
12038
11805
11842
11967
11899
11988
11919
12149
12046
11957
12052
12089
12122
12113
12113
12083
12266
12292
12137
12302
11924
12331
12203
12221
12100
12132
12306
12210
12302
12321
12293
12008
12197
12050
12320
12391
12372
12342
12552
12471
12502
12383
12107
12520
12458
12355
12513
12464
12383
12401
12626
12569
12566
12630
12523
12568
12776
12714
12632
12467
12591
12470
12694
12652
12762
13036
12741
12707
12755
12834
12845
12966
12774
12661
12992
13038
13006
12930
12856
12910
13014
12868
12884
13003
12799
12876
13141
12713
13083
13099
13031
13255
13097
13165
12931
13132
13217
12898
13016
13110
13179
13233
13224
13125
13200
13000
13165
13031
13028
13325
13230
13291
13368
13363
13108
13296
13249
13320
13461
13386
13272
13370
13323
13403
13274
13311
13510
13362
13338
13473
13463
13391
13771
13598
13460
13609
13561
13555
13714
13484
13580
13646
13509
13600
13531
13622
13672
13632
13417
13582
13534
13560
13744
13694
13616
13950
13691
13717
13836
13572
13854
13686
13946
13575
13669
13820
13815
13998
13773
13827
14129
13893
13840
14053
13927
13918
13961
13823
13961
14248
13985
14121
14190
14453
14131
14089
14059
14025
13959
14476
14037
14224
14275
14354
14346
14203
14399
14092
14610
14531
14624
14551
14427
14777
14602
14556
14578
14462
14556
14724
14683
14680
14617
14644
14884
14620
14744
14620
14717
15149
14841
14710
14781
14801
14916
15128
14958
14907
14809
14743
14971
14917
14811
15045
15012
14771
15020
14810
14898
14993
14786
14958
14837
14976
14935
15201
14980
14898
14849
15215
14927
14885
14997
15003
15021
15134
15057
14935
15111
15016
14961
15276
15123
15150
14813
15041
15079
15156
15131
15216
15188
15265
14962
15055
15385
15300
15149
15105
15335
15051
15318
15491
15585
15207
15454
15564
15362
15308
15400
15521
15515
15521
15336
15478
15710
15428
15747
15220
15390
15653
15198
15649
15810
15438
15374
15289
15568
15259
15735
15566
15762
15498
15570
15801
15513
15635
15565
16127
15439
15953
15615
15841
16044
15876
15805
15860
16017
15901
15981
15535
15890
15970
15678
15675
15744
15608
15651
15478
15211
15318
15292
15357
15200
15220
15137
14976
15002
14950
15010
15111
14804
14975
14666
14641
14695
14726
14575
14545
14529
14646
14455
14292
14336
14443
14398
14528
14155
14397
14227
14135
14131
13960
14045
13824
14047
13846
13890
13760
13902
14027
13783
13796
13954
14014
13857
13854
13857
13884
13957
13859
13793
13796
13818
13677
13750
13764
13899
13779
13469
13731
13537
13757
13606
13529
13835
13790
13545
13644
13694
13752
13609
13741
13829
13610
13628
13556
13437
13707
13472
13567
13438
13517
13661
13369
13307
13527
13400
13439
13493
13509
13559
13602
13369
13346
13174
13515
13530
13601
13352
13502
13645
13308
13447
13329
13408
13313
13207
13272
13191
13149
13402
13521
13394
13555
13253
13269
13247
13308
13415
13308
13215
13207
12997
13233
13193
13355
13288
13261
13298
13307
13341
13265
13181
13287
13131
13424
13102
13000
13133
13078
13023
13355
12989
13015
13146
12945
13024
13272
13132
13103
13042
13064
13170
12873
13145
12973
13084
13018
13149
12958
13049
13160
12896
12958
13186
12896
12929
13240
12863
13174
12918
13039
12994
13024
12891
12940
13175
13002
13004
12916
13140
13012
12977
12869
12725
12758
12957
12934
13068
12783
12784
12797
12908
12820
12862
12949
13045
12755
12670
12830
12791
12835
12766
12772
12825
12923
13028
12736
12811
12841
12737
12789
12796
12880
12649
12925
12747
12577
12879
12758
12724
12983
12701
12886
12786
12758
12862
12679
12788
12684
12624
12637
12721
12830
12671
12727
12674
12685
12739
12760
12621
12661
12510
12635
12720
12724
12648
12717
12592
12520
12778
12696
12769
12706
12744
12682
12557
12623
12639
12544
12554
12689
12472
12582
12413
12432
12513
12738
12451
12414
12348
12561
12569
12561
12541
12679
12562
12505
12458
12420
12547
12478
12552
12529
12509
12564
12465
12533
12509
12378
12498
12593
12610
12554
12423
12287
12678
12347
12370
12373
12464
12566
12494
12508
12537
12518
12369
12522
12594
12673
12404
12312
12429
12434
12505
12415
12427
12526
12321
12283
12361
12372
12206
12526
12273
12401
12382
12338
12379
12174
12340
12356
12380
12319
12364
12501
12317
12378
12618
12338
12400
12357
12265
12110
12376
12380
12372
12186
12361
12217
12329
12314
12182
12268
12220
12252
12190
12011
12269
12322
12174
12202
12237
12137
12026
12170
12221
12262
12091
12213
12084
12111
12260
12242
11997
12103
12234
12415
12193
12134
12188
12098
12146
12133
12020
12080
11989
11970
12046
12096
11946
12024
12150
11988
12128
12072
12155
11929
11916
11827
12019
12060
12045
11934
12069
12028
11846
11750
12121
11807
11917
11810
11914
11854
11825
11927
11623
11857
11874
11600
11879
11674
11625
11944
11657
11644
11740
11639
11555
11539
11541
11483
11446
11537
11489
11548
11386
11515
11552
11440
11427
11230
11406
11333
11454
11206
11343
11188
11334
11056
11279
11178
11029
10980
11181
10901
11017
11059
11021
10943
11021
10988
10770
10787
11003
10619
10658
10878
10808
10666
10629
10526
10402
10544
10535
10348
10432
10442
10356
10430
10326
10382
10218
10321
10330
10337
10152
10120
10115
10170
9898
10096
10197
9941
10152
9964
9901
9994
9975
10009
9887
9726
9740
9725
9813
9845
9738
9940
9811
9792
9696
9622
9758
9377
9666
9470
9488
9632
9511
9636
9509
9522
9544
9480
9372
9391
9498
9433
9288
9581
9420
9303
9388
9311
9316
9456
9196
9269
9133
9162
9213
9401
9089
9285
9115
9163
9208
9232
9127
9221
8963
9012
8977
9130
9117
9112
9081
8852
8888
9026
8935
8974
9157
8949
8944
9000
9174
8971
9050
8682
9048
8851
8823
8863
8999
8999
8907
8837
9108
9046
9088
8771
9126
9079
8888
9023
8939
8995
9030
8971
9072
8952
8975
8826
9054
8985
9182
9248
8950
9002
9298
9167
9264
9127
9101
9039
9103
8997
9049
9126
9196
9273
9264
9062
9163
9048
9261
9225
9071
9121
9109
9139
9152
9222
9235
9077
9355
9280
9229
9336
9257
9266
9139
9267
9413
9278
9368
9219
9440
9409
9362
9367
9055
9204
9165
9071
8990
9239
9037
9081
8870
8939
8987
8796
8802
8723
8700
8680
8726
8600
8573
8602
8578
8338
8397
8476
8340
8285
8292
8203
8254
8123
8157
8211
8312
8207
7990
8016
7939
7915
8042
7980
8015
8012
7978
7946
7919
7956
7964
7898
7997
7930
7804
7731
7731
7926
7832
7963
7910
7880
7864
7961
7744
7840
7911
7575
7781
7721
7787
7719
7749
7657
7811
7671
7750
7708
7644
7743
7584
7593
7446
7626
7566
7656
7719
7551
7630
7636
7568
7771
7432
7463
7379
7641
7474
7462
7479
7446
7369
7608
7450
7550
7548
7597
7348
7420
7423
7505
7475
7469
7389
7347
7501
7440
7352
7333
7387
7579
7479
7456
7349
7287
7488
7416
7344
7253
7345
7327
7292
7243
7204
7342
7213
7174
7234
7377
7208
7189
7302
7249
7245
7341
7324
7218
7297
7167
7121
7092
7182
7174
7025
7136
7200
7280
7255
7080
7150
6997
7298
7066
6936
7201
6951
7132
6950
7024
7132
7041
7147
7025
7127
7131
7055
7116
7092
6990
7047
7045
7000
7081
6970
6951
7092
6904
6997
6948
7070
7014
6873
6809
6783
6935
6984
6963
6892
7027
6921
6800
6853
6847
6949
6946
6797
6771
6872
6885
6886
6834
6925
6807
6855
6909
6719
6794
6837
6931
6849
6783
6769
6705
6937
6715
6890
6744
6822
6669
6685
6737
6767
6655
6750
6674
6822
6786
6527
6728
6674
6755
6786
6712
6638
6745
6582
6647
6673
6714
6660
6737
6755
6777
6614
6602
6405
6534
6540
6538
6779
6653
6515
6672
6595
6511
6674
6579
6636
6513
6662
6651
6632
6603
6581
6520
6700
6545
6696
6606
6575
6525
6409
6422
6604
6481
6396
6553
6576
6446
6490
6429
6594
6528
6342
6442
6377
6472
6377
6429
6464
6502
6409
6346
6480
6594
6630
6494
6316
6396
6403
6585
6338
6496
6406
6408
6477
6407
6484
6296
6338
6335
6497
6547
6327
6368
6438
6298
6380
6315
6367
6270
6297
6351
6421
6355
6297
6233
6379
6368
6271
6321
6214
6358
6184
6354
6269
6239
6383
6288
6338
6306
6200
6311
6423
6283
6177
6196
6250
6245
6311
6074
6156
6215
6153
6092
6223
6205
6241
6102
6072
6175
6287
6182
6141
6319
6041
6158
6001
6175
6223
6150
6102
6137
6066
6179
6237
6149
6127
6278
6204
6057
5932
6049
6040
6029
6217
6048
6164
6185
6156
6073
6140
6127
6191
6072
5994
6144
6086
6032
5912
6119
6095
5930
6152
6125
6105
6141
6021
6044
5956
6303
6093
6000
5963
6047
6095
6041
6173
5942
6065
6048
5894
5939
5871
6058
5884
6066
5892
5868
5922
6020
5895
5934
5971
5907
5963
5852
6081
6043
5971
5908
6018
5932
5952
6083
6123
6013
5980
6056
6127
5936
6109
5985
5828
5831
6042
5941
5894
6071
5952
5762
6027
5880
6003
6072
6159
6042
6137
6249
6163
6025
6304
6365
6473
6480
6567
6557
6623
6823
7021
7029
7217
7361
7296
7716
7707
7833
8047
8187
8548
8528
8997
9138
9232
9595
9554
9893
10052
10180
10560
10729
11076
11099
11408
11514
11759
11992
11904
12196
12447
12570
12728
12770
12948
13364
13594
13614
13630
13884
14039
14066
14285
14475
14787
14790
14898
15188
15333
15824
15786
16029
16481
16889
17060
17441
17911
18063
18339
18605
19009
18859
19328
19384
19314
19174
19354
18859
18439
18503
18018
17670
17415
16747
16684
16364
15656
15127
14672
14239
13938
13429
12936
12544
12052
11401
11134
10537
10412
9841
9570
9353
8911
8608
8228
8124
7824
7644
7359
7191
6838
6753
6536
6408
6223
6114
6057
5933
5828
5578
5747
5655
5619
5550
5391
5487
5552
5466
5377
5340
5277
5266
5289
5225
5418
5271
5286
5184
5235
5220
5167
4992
5114
5169
5202
5267
5251
5169
5227
5134
5167
5179
5187
5258
5168
5133
5121
5181
5114
5178
5173
5070
5070
5150
5191
5036
4973
5076
5128
5132
5101
5336
5096
5121
5272
5175
5174
5190
5156
4937
5141
5159
5095
5118
5158
5184
5083
5127
5067
5167
5130
5242
5130
4964
5102
5012
5171
5069
5173
5019
5108
4988
5163
5179
5092
5125
5011
5062
5022
5050
5168
5018
5101
5099
5068
5138
5197
5117
5014
5141
5044
5075
5071
5066
5060
5110
5079
5108
4978
5005
5023
4985
5032
4907
5125
5146
5128
5170
4999
4991
5170
5121
5139
4934
5143
5097
5069
5076
5157
5084
5081
5076
4970
5135
5064
4985
5166
4996
5232
5070
5048
5095
5125
5142
5041
5282
5259
5282
5229
5335
5416
5376
5424
5554
5696
5660
5836
5959
6146
6385
6528
6623
6933
7112
7275
7660
7849
8227
8598
9036
9242
9611
10154
10466
11177
11411
11850
12404
12814
13290
13561
14451
14760
15256
15988
16483
16734
17408
17724
18125
18775
19350
19825
19978
20336
21242
21475
21851
22442
22599
22985
23584
23921
24086
24596
25058
25153
25554
26218
26610
26471
27240
27792
28048
28961
29412
30102
30822
31678
32383
33360
33920
34747
35434
36086
36419
36587
36832
36670
36850
36866
36353
36174
35399
34652
34102
33077
32266
30885
29987
29262
28415
26972
26186
24728
24106
23057
21795
20789
19628
18465
17827
16640
15725
14994
14033
13129
12336
11760
11193
10430
9786
9399
8652
8340
7676
7435
6985
6654
6586
6035
5853
5618
5481
5309
5163
4957
4809
4682
4671
4539
4438
4411
4329
4294
4201
4231
4266
4027
4122
4057
4083
4065
4065
4004
3844
3853
4036
3901
3919
3779
3923
4017
3873
3855
3887
3999
3771
3813
3773
3924
3833
3893
3727
3873
3827
3837
3873
3840
3909
3790
3806
3775
3836
3692
3874
3876
3791
3859
3715
3747
3794
3808
3787
3787
3772
3958
3625
3825
3858
3769
3718
3685
3777
3714
3722
3763
3715
3681
3734
3656
3797
3791
3707
3735
3737
3794
3668
3659
3729
3788
3686
3717
3724
3714
3685
3699
3744
3788
3587
3715
3618
3708
3641
3829
3717
3755
3602
3627
3712
3594
3594
3674
3635
3580
3699
3659
3691
3698
3593
3637
3637
3604
3652
3671
3695
3576
3607
3649
3590
3690
3714
3574
3636
3681
3614
3560
3678
3629
3542
3623
3625
3668
3613
3684
3731
3579
3616
3540
3530
3637
3561
3538
3560
3607
3667
3636
3637
3700
3615
3639
3602
3573
3497
3478
3569
3654
3524
3499
3614
3607
3586
3511
3631
3638
3562
3534
3629
3578
3507
3540
3487
3556
3612
3587
3498
3613
3438
3557
3596
3585
3529
3522
3461
3556
3518
3594
3529
3629
3525
3627
3424
3622
3486
3458
3583
3466
3515
3588
3583
3549
3447
3628
3475
3546
3582
3545
3408
3495
3530
3460
3513
3570
3522
3507
3479
3436
3650
3504
3453
3535
3582
3575
3478
3471
3521
3522
3460
3533
3353
3551
3444
3560
3488
3473
3470
3494
3473
3495
3523
3427
3524
3677
3386
3537
3449
3512
3480
3450
3558
3536
3517
3474
3464
3420
3432
3449
3448
3467
3478
3395
3427
3482
3570
3457
3446
3542
3466
3526
3497
3370
3473
3485
3423
3521
3382
3401
3472
3513
3405
3429
3395
3490
3519
3498
3423
3405
3353
3529
3420
3470
3471
3451
3325
3360
3495
3476
3482
3466
3505
3442
3493
3377
3259
3438
3347
3405
3456
3464
3470
3380
3430
3401
3433
3526
3462
3477
3515
3427
3396
3354
3422
3483
3393
3535
3324
3526
3426
3421
3414
3413
3462
3379
3525
3541
3370
3397
3437
3467
3448
3372
3384
3461
3438
3456
3422
3447
3413
3378
3553
3498
3503
3387
3305
3429
3437
3499
3491
3486
3377
3452
3430
3518
3391
3499
3418
3503
3483
3465
3440
3481
3392
3431
3390
3401
3512
3496
3563
3489
3518
3559
3387
3534
3522
3511
3512
3478
3497
3470
3628
3574
3590
3552
3572
3557
3537
3524
3632
3581
3753
3639
3739
3662
3574
3703
3632
3693
3731
3733
3783
3843
3744
3900
3928
3915
3896
4074
4043
4054
4368
4351
4581
4710
4877
5082
5287
5707
5804
6298
6727
7189
7552
8242
8514
9309
9810
10598
11471
12320
13282
14052
15265
15987
17394
18366
19607
20838
22294
23178
24769
26355
27607
29077
30674
31832
33415
34910
36641
38148
39561
40967
42170
43687
45250
47047
48104
49192
50421
51987
52917
54490
56282
56937
58024
59323
60575
61344
62714
64217
65005
66045
67720
69278
70370
71627
72941
75393
76762
78256
80541
82852
83739
86141
87791
90340
91305
93189
94097
94686
95308
95494
95637
94245
93900
92789
91459
89227
86885
84427
82369
79134
76706
73884
70803
68474
64734
61571
58337
54935
52509
48983
45998
43295
40441
37877
34986
32485
30085
28006
25752
23774
21757
19919
18080
16701
15309
13989
12604
11466
10411
9693
8578
7996
7158
6554
6136
5583
5075
4750
4308
3951
3637
3415
3202
3007
2903
2706
2545
2440
2279
2322
2109
2032
1888
1809
1810
1783
1756
1693
1672
1616
1614
1566
1590
1527
1582
1481
1467
1403
1450
1421
1441
1409
1342
1383
1443
1324
1387
1394
1358
1304
1279
1300
1302
1284
1328
1260
1273
1227
1278
1308
1238
1308
1320
1222
1303
1239
1201
1211
1204
1213
1213
1230
1241
1172
1187
1192
1194
1188
1184
1216
1170
1171
1168
1140
1162
1173
1143
1174
1124
1144
1171
1176
1150
1175
1201
1171
1204
1105
1083
1179
1108
1098
1135
1063
1154
1111
1164
1160
1118
1109
1081
1118
1143
1146
1125
1090
1098
1060
1111
1070
1049
1192
1138
1119
1108
1135
1078
1096
1105
1051
1048
1129
1064
1095
1123
1100
1084
1049
1098
1083
1114
1064
1114
1062
1042
1093
1085
1012
1131
1071
1100
1135
1087
1093
1041
1093
1135
1051
1157
1062
1112
1146
1129
1188
1110
1134
1191
1108
1207
1253
1188
1205
1257
1299
1316
1332
1472
1530
1548
1606
1698
1745
1812
1927
1945
2160
2204
2319
2497
2570
2724
2889
2961
3259
3339
3573
3740
3847
4018
4278
4396
4493
4760
5033
5270
5458
5740
5768
5906
6225
6359
6741
6959
6987
7148
7288
7457
7698
7820
7977
8240
8417
8515
8714
8897
9023
9093
9270
9450
9525
9750
10237
10224
10358
10715
11027
11240
11250
11703
11926
12081
12179
12536
12876
12818
13022
13073
13041
13084
13161
12988
12673
12723
12509
12388
12211
11807
11232
10894
10804
10317
9878
9483
8935
8652
7957
7762
7427
7040
6604
6339
5899
5631
5227
4850
4553
4177
3861
3635
3304
3047
2877
2759
2639
2346
2333
1993
1893
1763
1637
1486
1506
1353
1246
1195
1137
1110
1058
979
1067
968
883
947
928
854
823
823
760
772
825
777
797
748
739
689
711
660
675
673
704
751
690
687
687
680
660
638
656
707
630
639
657
639
650
660
611
661
638
639
652
610
683
625
625
650
611
679
634
621
598
642
583
593
593
604
599
628
602
646
655
558
580
620
596
587
534
609
576
624
593
593
590
614
640
567
600
588
623
611
575
623
564
601
537
574
614
597
592
575
638
575
566
589
567
610
602
575
568
594
604
549
588
583
586
575
607
539
574
599
600
584
561
612
599
551
582
591
623
558
569
580
555
578
566
569
563
558
543
480
553
549
554
529
558
540
581
517
579
527
566
551
503
526
550
532
589
566
562
541
493
525
524
524
505
505
553
579
608
555
529
579
503
518
553
512
580
562
554
532
533
548
549
568
516
530
529
514
492
520
527
510
524
539
497
518
554
590
497
528
500
504
527
538
509
542
495
528
504
517
504
513
472
526
525
549
522
515
518
520
484
491
492
505
505
563
494
523
550
521
537
508
537
550
498
499
507
486
503
503
493
506
533
499
523
513
527
505
541
470
536
490
459
502
486
492
499
499
467
508
473
488
489
505
499
469
499
514
504
497
479
499
488
480
509
527
493
455
495
512
494
502
458
487
516
479
465
463
468
447
480
459
479
500
518
472
488
484
476
447
475
469
470
461
503
444
479
497
465
439
497
465
468
489
481
482
500
452
482
476
468
482
483
473
478
473
469
478
443
432
489
449
482
487
454
443
484
482
446
470
511
515
444
470
456
451
446
497
440
460
468
475
467
480
471
424
481
485
461
436
436
451
438
420
484
425
490
458
488
451
475
437
460
428
450
462
438
428
461
453
442
395
453
430
459
452
449
465
444
497
455
441
471
463
428
470
445
463
443
454
465
436
437
495
442
445
448
425
432
455
481
482
482
435
460
428
494
451
427
460
447
446
422
452
489
473
440
450
460
460
446
467
444
468
439
481
456
444
451
436
467
470
487
477
459
414
472
465
460
464
423
445
433
478
497
471
443
431
480
469
464
490
495
454
498
476
493
467
441
502
474
493
485
509
484
508
548
487
532
504
473
500
462
504
502
526
472
528
519
509
502
533
512
516
533
534
474
522
545
513
538
491
506
495
505
541
515
507
549
538
514
506
485
511
499
483
524
460
476
477
457
469
406
427
475
467
427
494
478
465
439
417
399
404
413
411
402
430
402
397
384
387
396
380
441
433
403
390
413
398
383
383
404
397
398
358
365
410
422
393
384
385
399
400
401
393
378
407
405
360
356
393
364
383
359
403
372
387
364
363
374
369
384
361
394
359
380
394
374
411
405
390
343
369
343
369
371
341
368
383
374
358
374
379
359
354
352
368
400
395
368
359
335
355
366
428
351
399
373
381
359
342
361
356
358
365
345
365
372
407
354
384
379
390
345
356
343
370
384
345
369
388
366
382
381
347
389
359
355
352
380
363
351
365
354
351
376
350
367
374
356
372
337
340
420
355
354
355
358
338
383
396
356
369
363
363
359
380
304
392
361
347
310
362
358
374
357
347
378
331
387
354
339
330
360
373
351
353
369
332
358
373
313
364
363
365
354
348
356
335
360
379
359
349
361
356
358
328
342
361
357
326
332
371
323
375
350
359
330
343
362
320
318
348
386
359
357
385
300
336
353
400
319
340
330
362
339
343
301
316
355
356
334
371
356
340
358
375
335
336
341
335
392
327
338
361
374
330
333
352
324
324
358
303
361
311
335
338
357
306
342
314
329
313
353
330
335
351
318
367
318
338
304
354
314
331
365
360
341
366
356
303
333
334
306
303
319
349
361
341
315
325
345
320
328
309
326
312
323
338
297
311
338
338
284
309
319
289
335
324
335
325
317
300
330
324
311
329
286
340
285
319
323
279
319
325
317
310
318
333
311
306
288
352
340
312
327
330
330
311
316
336
301
278
314
274
328
298
325
317
350
308
292
305
316
325
310
322
324
286
305
293
293
292
294
337
344
272
316
297
328
282
318
313
327
299
312
301
299
310
304
300
360
305
319
287
347
305
318
332
296
326
293
306
300
320
281
331
302
295
299
305
319
351
279
307
285
290
336
276
272
283
291
299
308
329
296
284
289
309
283
303
297
296
293
312
308
317
269
268
320
316
301
275
282
298
276
308
314
254
285
292
289
273
279
328
312
289
285
286
263
263
264
296
325
284
334
282
277
316
280
295
301
296
297
273
318
286
306
285
325
292
272
261
316
293
272
293
290
280
272
265
291
281
267
279
293
262
265
282
261
305
296
269
287
313
290
311
273
239
306
260
288
280
308
286
265
317
289
280
296
295
289
285
277
264
267
282
256
305
278
283
269
255
252
256
253
298
293
275
246
247
280
242
268
276
266
258
262
272
274
274
271
294
297
277
273
278
278
273
267
261
300
257
265
306
248
260
277
270
241
262
274
263
271
263
271
265
286
287
259
247
270
234
247
256
258
256
260
279
285
292
267
252
258
286
243
272
260
255
235
272
275
275
267
280
254
297
264
227
263
238
286
242
249
247
268
211
249
269
274
275
258
274
276
259
262
243
268
299
271
274
243
242
277
295
240
241
249
292
262
268
269
228
257
258
251
243
262
262
253
239
245
243
237
262
245
261
250
247
235
256
270
262
275
250
203
245
249
238
223
251
268
244
258
246
282
263
238
249
271
232
274
269
228
280
226
249
249
267
238
254
246
247
227
265
231
249
270
238
231
266
262
240
243
250
244
277
240
249
275
242
244
231
242
234
246
245
278
240
272
255
275
251
232
243
243
237
248
247
238
253
263
235
232
238
276
247
249
248
261
254
268
281
202
278
250
240
260
259
262
263
257
247
261
249
246
248
271
264
261
269
269
251
247
243
219
240
273
232
282
217
237
264
263
238
200
238
242
244
255
271
248
227
223
217
228
238
251
241
230
234
230
215
259
234
240
223
233
212
203
223
197
214
204
213
242
225
231
202
238
243
215
240
217
199
215
213
217
250
222
211
223
208
222
245
219
184
224
236
235
192
206
215
199
203
203
217
226
188
212
203
217
217
217
200
215
218
193
234
218
213
227
228
228
224
205
198
192
251
192
192
215
205
228
216
222
206
225
230
227
219
208
233
218
225
217
203
210
209
218
220
218
205
231
206
195
244
200
210
199
203
210
206
207
196
202
183
219
209
201
220
193
204
210
228
208
207
203
212
188
194
205
202
200
229
218
224
190
203
230
193
219
180
185
236
206
189
189
169
212
212
193
201
175
205
212
203
209
184
189
211
200
191
194
187
193
216
195
189
216
199
209
209
213
215
194
209
184
201
178
199
207
193
201
218
193
200
173
178
166
201
191
212
191
224
162
191
212
197
192
195
189
216
170
186
185
172
181
199
191
200
191
193
189
194
182
181
202
194
183
195
205
205
185
167
212
210
193
196
175
182
179
184
204
188
174
165
195
202
199
196
216
172
169
201
178
170
165
196
171
180
169
184
181
201
194
186
176
196
176
161
177
180
177
177
174
188
175
203
174
197
181
203
188
183
190
179
182
168
186
198
179
176
194
179
169
175
214
184
171
168
185
165
195
158
153
175
172
177
186
177
176
157
192
186
166
148
140
174
169
174
189
176
153
184
167
155
182
181
171
193
206
176
171
188
154
151
191
173
158
164
172
153
158
164
176
170
174
163
174
193
163
163
171
181
180
167
159
177
173
152
168
191
173
171
175
185
138
179
161
171
174
154
153
176
162
174
179
139
180
165
169
153
171
168
160
170
199
156
170
166
167
171
162
191
156
171
174
143
175
171
153
158
156
160
167
161
167
184
178
175
158
178
152
171
154
134
186
169
159
168
159
164
166
154
160
147
152
161
158
146
156
171
169
154
159
158
160
144
159
137
149
160
148
165
156
148
147
163
147
172
153
134
160
160
141
158
157
162
153
154
159
148
146
165
155
160
154
154
149
165
170
145
153
149
161
169
147
150
122
136
141
166
140
126
178
146
133
143
122
116
135
126
141
154
132
147
143
141
157
134
154
151
152
138
143
150
157
134
125
129
142
124
151
152
144
143
131
146
140
153
135
144
134
138
155
155
141
167
118
139
176
147
158
162
150
148
145
128
150
142
168
138
151
139
141
143
154
117
136
129
140
137
146
147
143
152
153
154
134
144
136
113
129
134
123
140
143
123
161
130
144
142
130
125
107
145
140
136
143
141
135
131
170
121
137
143
135
133
135
129
122
137
142
130
131
143
128
147
137
140
115
156
141
143
117
137
142
146
146
135
155
146
131
125
137
144
155
114
134
143
122
130
137
138
145
134
122
127
134
133
147
119
107
133
125
119
105
116
137
166
113
126
115
130
129
129
143
136
136
132
127
103
149
133
128
136
126
126
129
122
135
137
141
119
141
131
125
121
135
127
128
117
120
145
140
118
139
145
135
116
135
130
130
132
107
115
111
117
138
121
101
131
122
131
140
151
126
147
106
129
113
130
118
115
119
116
140
130
123
125
115
121
106
151
132
138
120
120
135
134
133
136
115
110
122
123
115
131
125
124
108
114
114
129
113
101
101
141
122
130
143
138
126
114
112
114
112
118
111
113
125
116
111
120
116
113
128
120
128
132
136
102
105
83
98
128
113
135
146
117
115
110
107
117
95
118
101
110
134
119
114
122
118
103
128
108
108
126
110
137
111
119
108
112
119
109
116
115
99
86
113
94
96
101
112
91
113
112
115
108
94
112
115
106
115
109
110
120
121
110
112
127
109
122
100
108
112
96
91
110
108
124
127
125
127
108
113
98
110
104
99
105
103
127
102
114
88
118
96
101
124
106
108
97
99
122
111
106
106
103
120
105
109
111
112
114
94
98
106
103
94
102
109
96
107
112
114
104
111
99
122
105
104
106
120
108
87
121
106
108
113
88
110
122
94
101
103
100
85
87
122
91
99
87
116
115
118
100
116
95
115
106
96
102
106
111
90
98
108
103
91
96
113
117
96
116
112
98
104
94
96
119
111
104
113
104
111
129
124
86
111
110
108
110
105
96
100
97
120
114
103
122
114
89
120
108
98
115
117
142
111
108
119
134
100
110
123
101
112
116
111
108
96
113
110
108
128
118
104
102
124
109
108
105
105
107
111
129
129
107
118
99
120
118
105
126
100
86
115
104
123
108
125
104
112
112
102
123
112
97
130
128
128
119
93
121
127
99
121
120
120
113
111
94
120
106
108
110
83
105
108
107
118
112
95
95
108
102
97
101
101
92
84
102
103
91
96
85
80
86
91
88
100
101
97
93
89
90
89
95
78
86
93
96
109
103
89
87
102
80
83
94
87
82
80
98
100
94
80
103
90
86
109
79
96
80
87
92
87
92
93
83
101
96
75
113
104
81
86
90
89
83
87
90
87
91
99
101
76
85
82
80
114
90
76
105
96
83
89
88
85
82
84
110
79
86
107
95
78
94
101
80
89
84
86
72
95
85
77
85
105
89
99
99
98
85
82
94
96
66
92
96
89
82
71
86
94
104
81
88
74
83
88
80
102
87
92
95
84
84
92
91
94
79
108
84
73
77
79
88
108
89
78
77
87
83
85
89
93
83
96
89
83
87
74
99
86
99
85
89
92
88
88
87
88
72
98
80
81
71
96
93
81
96
83
78
73
79
98
86
95
93
85
93
90
77
99
87
90
94
83
100
83
81
84
82
86
89
76
83
100
97
102
77
76
77
90
91
84
114
101
68
94
85
89
85
93
93
85
76
79
80
97
89
79
84
90
65
93
78
80
76
74
77
77
78
85
69
91
76
79
80
77
82
81
81
72
67
61
89
77
66
60
68
67
81
81
79
77
75
77
93
81
63
69
83
82
84
61
75
76
76
81
60
66
66
68
69
81
82
70
62
70
80
93
84
62
71
78
81
85
67
80
73
88
78
77
76
77
64
75
64
74
78
63
66
68
69
86
76
70
63
80
68
68
76
67
74
68
101
78
75
83
64
73
54
71
88
85
67
76
85
75
65
78
61
74
82
61
63
83
73
70
74
78
63
87
79
81
72
68
76
61
81
65
68
71
75
62
91
68
84
89
82
87
61
78
80
70
68
71
68
76
57
70
75
84
73
68
78
73
56
82
68
89
71
76
87
73
74
67
78
78
79
65
73
86
63
67
70
64
89
77
66
73
58
85
72
90
74
79
77
83
79
77
68
80
94
78
84
78
62
78
89
78
72
98
83
91
72
74
87
78
74
79
81
69
78
68
80
95
80
78
73
78
96
89
83
88
77
94
80
85
89
76
78
80
92
84
77
97
82
84
88
77
96
86
77
86
84
79
73
83
78
89
81
89
92
77
78
73
82
77
79
93
88
83
84
81
87
81
79
72
80
73
79
71
80
66
70
75
69
72
52
64
60
64
61
74
41
57
67
67
53
59
51
61
48
46
50
52
52
70
47
64
45
48
33
56
60
66
54
47
48
38
55
52
45
34
62
40
41
55
46
76
48
50
42
39
51
46
42
44
47
36
33
45
44
38
46
43
37
56
52
49
54
47
41
55
49
48
45
52
53
48
50
53
50
55
56
45
46
43
53
47
47
44
52
54
45
54
51
45
41
49
44
44
55
48
39
53
47
44
49
59
52
46
46
56
41
45
48
56
49
51
47
49
58
45
42
44
48
39
47
41
59
43
55
39
46
48
50
48
45
54
47
42
34
49
57
46
49
45
50
49
49
48
54
50
49
57
43
50
47
49
47
41
48
44
41
49
47
61
47
42
41
46
46
40
46
54
42
44
37
44
48
59
36
44
50
45
45
46
43
42
40
48
54
46
50
48
41
48
43
32
46
50
45
56
50
42
49
55
53
45
49
38
48
51
48
46
50
43
53
40
49
51
51
49
51
59
36
53
46
42
52
39
48
45
48
40
38
51
61
54
48
49
48
50
33
68
62
40
43
44
54
46
45
43
29
45
43
50
52
51
36
38
44
46
42
50
59
40
37
46
46
60
48
32
37
47
48
46
40
56
35
60
44
46
43
49
58
49
40
46
55
42
47
44
47
51
42
38
32
34
46
36
47
53
43
37
43
32
44
44
44
37
39
34
35
44
38
56
52
41
40
47
42
46
41
47
41
47
42
41
34
43
41
41
43
49
42
47
48
50
38
38
35
48
52
39
57
48
59
49
41
40
43
32
49
46
43
54
49
46
50
38
47
40
46
30
43
53
58
51
43
43
46
39
43
37
55
50
51
41
48
54
37
36
38
54
43
47
37
49
52
41
41
43
54
38
54
51
51
48
50
55
34
35
45
37
42
47
53
50
53
48
42
44
34
57
47
46
52
55
48
44
39
37
47
47
41
43
47
33
54
42
51
66
41
50
47
54
52
57
50
40
53
45
39
43
49
57
52
41
59
51
46
48
48
48
43
42
54
39
55
46
43
57
55
64
70
62
65
53
47
54
57
57
57
52
58
44
46
59
44
58
55
57
57
70
69
65
63
62
67
51
60
58
62
48
54
64
45
62
54
62
70
82
55
80
62
57
78
74
76
74
67
72
61
65
72
75
58
73
75
76
78
58
66
64
78
55
77
77
73
73
89
63
58
68
75
69
60
55
67
60
57
42
50
67
52
62
45
60
57
55
51
45
48
35
48
60
33
40
52
40
42
33
34
34
35
34
31
31
25
34
27
27
27
23
26
20
23
23
19
28
17
16
18
25
25
16
17
27
15
22
22
17
15
22
21
22
29
21
18
20
15
19
16
20
24
16
19
24
17
16
27
22
17
20
12
18
16
14
14
18
18
17
17
18
16
21
16
18
18
28
14
15
13
16
16
8
18
21
17
20
17
23
17
18
13
16
15
27
18
20
17
16
11
12
25
22
16
18
9
17
14
17
19
15
17
18
21
15
21
16
15
27
23
15
16
14
24
14
20
18
13
13
20
17
16
29
22
20
23
25
18
24
17
25
19
12
29
21
19
25
18
25
18
18
17
15
18
17
24
26
22
16
22
22
20
20
14
19
26
24
25
19
18
14
13
16
15
24
12
28
17
25
20
12
12
19
19
19
15
22
27
19
18
16
19
22
15
23
12
13
22
13
21
17
20
21
22
20
30
30
30
19
25
16
17
17
26
26
19
20
32
17
23
28
16
14
20
8
27
17
26
20
20
20
25
14
24
17
15
15
29
33
23
24
23
25
17
14
27
24
22
25
19
25
22
32
26
35
24
25
25
16
31
29
24
18
24
23
22
30
28
19
37
20
22
18
27
23
27
26
18
23
26
23
26
17
22
20
20
20
17
20
15
16
16
12
20
23
15
13
18
16
23
12
14
11
14
16
14
10
11
9
15
8
9
11
12
5
15
9
13
12
8
7
11
14
11
7
12
15
13
13
12
20
9
11
15
19
7
10
6
9
16
13
8
10
6
12
6
3
9
8
7
5
9
5
7
10
7
11
10
9
9
7
10
16
13
13
10
7
10
10
11
20
14
9
15
12
6
10
6
12
10
8
12
4
6
10
13
10
10
8
12
7
8
9
10
10
11
10
8
10
12
8
13
18
10
3
12
8
5
9
11
10
8
6
8
13
6
13
3
14
9
8
13
9
9
11
11
8
13
8
11
9
7
17
10
11
12
14
13
12
13
14
6
10
8
16
8
12
12
13
8
7
9
18
5
9
5
13
10
4
8
9
9
8
8
14
12
12
10
8
6
7
7
8
10
8
9
11
7
9
7
7
8
5
10
7
6
9
10
9
8
9
12
12
13
10
13
6
9
7
8
8
11
11
12
9
6
6
10
9
7
9
17
11
8
12
6
17
6
7
11
7
8
9
5
10
10
12
15
11
8
12
11
7
13
9
16
14
8
13
10
14
8
15
12
15
6
10
13
9
11
10
2
5
14
10
14
10
15
10
14
5
10
16
13
11
10
13
12
8
9
10
16
11
16
17
10
5
8
14
15
12
8
13
8
8
10
12
8
10
12
12
8
10
17
6
12
11
5
6
14
13
6
5
10
7
8
11
7
7
7
8
9
9
9
12
13
10
4
5
11
9
4
7
6
10
7
5
14
6
13
10
6
6
5
4
6
5
13
9
4
9
10
11
12
12
12
9
8
8
10
7
9
11
7
7
7
4
6
7
5
8
6
6
10
7
10
7
10
8
6
6
10
7
9
10
8
6
7
5
10
7
5
8
12
11
8
8
5
5
8
6
8
10
5
9
8
8
10
7
7
8
10
8
7
6
9
8
7
11
7
10
8
7
9
10
10
5
6
10
11
9
13
9
6
6
9
11
5
8
7
7
10
3
8
2
6
15
14
7
11
4
5
10
7
13
5
10
7
10
11
9
12
8
8
9
7
5
9
8
9
8
8
7
11
9
11
7
9
7
5
12
6
7
9
11
6
8
9
17
6
8
4
11
10
12
11
8
17
7
12
6
10
5
7
3
10
7
5
9
7
4
4
9
6
9
8
11
8
7
6
8
3
7
9
6
2
6
10
9
7
8
6
11
14
8
5
10
13
5
13
11
11
16
9
7
12
7
11
8
14
11
9
6
11
9
11
7
12
5
13
8
8
8
16
9
7
9
6
11
15
8
6
9
14
13
11
11
5
9
14
8
8
5
12
9
6
4
4
8
7
11
6
9
10
11
10
8
10
3
11
9
5
6
7
9
12
6
10
5
9
7
6
6
7
10
9
11
5
7
6
11
7
6
11
7
7
9
8
9
12
8
3
5
6
9
5
8
12
8
6
3
5
6
4
9
6
8
3
2
10
8
4
5
6
6
5
10
6
8
8
9
6
12
8
6
5
7
5
4
6
8
2
2
7
6
4
9
8
8
7
5
12
4
6
4
9
4
4
8
10
6
9
3
6
12
12
9
5
6
8
4
7
2
10
7
8
4
7
8
4
12
9
5
6
3
6
7
4
4
9
2
6
7
5
6
7
8
10
6
4
5
12
6
7
5
7
4
8
4
3
8
4
9
8
8
3
8
6
11
6
5
5
4
5
5
3
9
6
5
12
3
8
4
11
10
5
9
10
5
3
7
3
7
4
5
5
4
11
3
2
8
5
6
10
10
6
2
6
6
6
3
8
4
8
8
4
5
10
3
6
5
11
6
5
4
5
7
7
4
3
8
7
7
4
12
1
6
3
10
6
8
8
9
4
10
6
4
4
3
9
5
8
7
8
6
9
3
4
6
10
5
5
8
7
5
9
8
6
2
8
3
4
1
4
3
7
6
6
4
6
10
5
4
4
8
9
8
9
9
8
5
11
3
7
1
7
4
6
3
2
7
1
8
7
6
1
3
7
10
7
4
4
3
6
8
4
7
7
6
7
2
10
6
3
8
5
6
7
3
7
2
4
5
3
7
9
7
1
7
4
2
7
1
4
2
9
3
5
9
9
4
5
6
6
5
7
5
3
7
3
2
1
7
4
6
7
10
8
5
9
6
9
9
6
9
6
5
5
6
5
10
8
6
6
7
7
5
6
12
8
4
3
12
4
4
7
11
1
6
4
5
6
4
9
3
7
6
9
3
8
4
6
7
6
4
11
3
6
6
6
6
8
6
8
6
9
7
4
4
10
6
6
9
4
4
8
11
4
6
6
4
11
3
5
10
4
6
4
9
9
8
7
5
2
2
2
6
5
5
8
8
7
3
6
7
3
5
7
6
9
6
7
9
7
8
5
4
0
6
8
5
5
6
3
6
12
6
4
2
6
6
6
4
9
2
6
7
4
5
2
4
6
8
4
5
9
6
4
4
4
7
7
4
7
2
5
2
3
3
8
5
7
5
7
4
7
5
2
4
3
7
10
6
3
3
7
6
7
10
1
7
3
8
8
5
4
7
6
12
5
6
4
3
3
7
2
12
3
4
6
6
5
8
5
4
6
7
6
7
3
5
4
8
9
3
4
5
6
6
3
3
4
9
6
5
7
5
10
4
8
6
6
5
7
3
8
7
7
7
7
4
7
6
8
5
6
1
2
4
7
3
8
8
6
6
4
4
7
8
5
7
7
1
7
10
7
3
5
9
7
5
5
2
3
7
3
6
8
3
5
8
6
5
9
10
6
9
3
4
5
7
6
7
6
6
7
5
3
3
6
2
1
6
11
3
10
8
6
3
10
7
5
7
1
5
5
5
5
6
7
3
3
5
4
9
4
6
7
6
6
6
6
5
6
5
2
6
2
6
4
4
5
4
6
9
3
10
5
6
9
5
2
6
7
2
4
3
3
3
1
5
0
2
5
4
8
6
6
7
4
3
5
7
0
10
4
7
4
8
6
5
4
7
6
2
9
6
6
2
9
3
7
6
7
5
5
7
3
2
4
6
5
11
8
7
7
4
5
10
4
1
2
7
2
3
9
6
3
2
6
7
3
5
4
6
6
9
6
5
3
8
5
8
5
5
10
5
2
6
5
1
6
5
5
7
7
10
5
6
5
5
3
1
8
4
5
6
4
5
5
2
9
6
3
8
7
7
4
5
4
9
5
6
2
8
9
5
4
5
2
2
4
3
7
5
4
2
8
9
3
8
4
7
5
3
3
5
2
4
6
4
7
4
9
8
2
3
2
5
4
2
6
1
7
2
6
7
8
3
9
3
6
2
4
7
3
4
5
3
4
4
3
3
4
4
6
7
5
13
9
6
8
5
4
5
3
3
2
2
8
6
3
8
1
8
1
7
4
9
7
7
3
4
4
5
12
3
2
5
7
3
6
6
3
5
5
6
3
5
6
2
2
5
6
2
7
2
4
4
2
4
4
5
5
7
4
4
3
4
6
8
4
6
3
3
2
8
6
6
8
8
4
1
6
5
3
2
4
4
5
4
9
3
9
5
3
8
2
5
2
7
4
4
2
8
7
4
6
6
2
5
4
5
4
3
4
3
6
2
9
4
5
8
3
0
3
11
5
3
3
0
6
3
3
5
4
4
6
5
4
6
5
4
6
3
8
3
5
3
6
5
1
4
3
1
4
5
5
4
3
4
5
2
7
11
5
4
7
5
4
7
4
5
5
5
4
7
3
6
2
5
5
5
5
3
5
3
6
6
5
5
3
7
8
8
0
2
7
6
7
4
4
4
4
2
4
5
4
1
8
6
1
3
5
3
11
4
3
5
5
4
2
5
9
7
9
5
4
4
5
2
6
3
1
0
3
6
4
2
10
4
7
10
4
8
4
7
3
5
7
12
3
1
6
5
5
11
7
8
5
8
5
3
10
9
11
11
2
2
8
6
4
11
9
16
3
10
9
8
7
12
10
14
11
8
13
7
9
6
10
5
11
7
13
11
15
10
6
8
8
10
14
7
10
9
12
7
10
17
7
8
6
11
4
9
7
5
10
5
10
11
7
4
14
6
7
9
5
7
4
10
5
9
6
3
7
8
8
2
3
5
5
3
5
7
3
1
5
4
5
3
6
6
5
2
4
7
3
2
4
3
2
5
5
2
5
8
4
3
3
0
5
5
4
4
5
3
3
1
8
6
5
5
2
3
5
10
3
4
0
4
6
7
2
7
2
4
4
4
2
2
4
5
8
6
5
5
7
6
4
3
6
7
2
3
3
5
9
6
3
6
5
5
8
5
3
5
1
0
3
3
3
6
6
4
4
7
5
6
4
3
4
3
2
1
5
4
3
1
6
3
5
5
1
2
3
7
7
6
1
8
4
4
1
5
5
9
2
5
1
5
7
5
4
7
1
3
4
5
5
5
7
7
6
1
3
4
5
4
4
7
1
9
6
1
2
6
5
3
4
4
10
2
6
9
1
6
4
4
8
7
8
3
1
5
2
1
1
8
3
2
4
4
4
7
1
7
5
5
3
7
4
4
6
4
3
3
2
5
9
3
2
2
3
4
4
4
3
3
5
4
1
4
3
2
4
4
11
1
3
3
4
4
6
8
4
4
7
4
4
0
3
5
3
3
4
6
3
4
4
3
3
4
6
3
9
3
6
8
3
3
4
6
5
6
0
2
2
2
8
6
6
5
2
3
6
6
5
2
6
2
6
2
8
3
3
5
2
6
4
6
3
4
2
2
5
4
1
3
4
4
4
4
0
2
2
4
6
3
7
1
4
4
6
5
2
4
6
0
4
6
4
4
3
5
3
7
3
5
2
3
5
3
2
6
3
2
1
1
5
5
6
6
4
5
2
6
3
0
6
4
5
5
6
3
6
2
6
2
3
3
1
3
5
10
2
2
8
1
1
6
5
5
8
1
8
3
2
4
3
0
2
4
2
2
3
0
3
2
2
8
4
6
3
4
3
7
2
7
4
2
3
4
9
3
2
4
4
5
3
5
3
4
3
2
1
4
0
2
3
5
2
4
3
3
2
7
4
4
4
4
3
3
5
4
1
2
0
3
8
6
2
5
6
1
4
3
3
2
2
3
1
2
3
5
1
2
8
0
7
8
2
6
5
6
3
5
2
3
3
9
6
0
5
2
5
6
7
3
6
3
8
5
9
3
8
3
7
4
4
1
12
4
4
8
6
6
5
4
6
4
2
5
5
6
2
7
6
4
4
5
5
3
4
5
4
5
5
6
2
6
4
4
2
8
6
7
6
4
4
5
6
4
3
11
8
5
7
5
8
9
6
6
8
4
5
6
5
9
6
5
9
6
3
7
10
8
4
9
12
5
9
5
7
6
4
9
7
5
6
5
5
6
12
5
4
3
8
2
4
5
5
1
8
3
3
4
6
7
2
2
7
2
2
6
6
6
5
4
8
5
3
2
4
6
1
3
8
6
5
1
1
7
3
5
7
3
1
1
1
2
1
4
4
3
4
2
5
4
5
6
7
3
4
2
6
3
4
5
1
3
2
4
7
2
1
3
5
0
2
3
4
1
4
1
2
2
4
5
4
3
3
2
3
1
6
2
3
2
1
4
5
6
4
3
5
2
4
3
2
7
1
3
4
2
3
3
3
2
1
4
3
2
2
3
3
2
3
3
7
3
5
6
2
0
1
3
3
3
3
6
6
6
3
3
2
4
2
4
6
3
5
3
5
0
2
5
3
5
4
4
3
2
7
8
2
4
5
3
3
6
2
2
2
6
4
4
2
5
2
2
2
1
5
5
2
2
1
4
3
3
3
4
2
1
4
2
3
1
4
3
2
0
5
1
1
2
6
1
1
5
2
3
2
3
3
4
2
1
1
5
0
4
6
1
2
2
5
1
5
3
5
5
5
4
3
10
7
1
2
4
2
5
2
1
1
1
1
2
5
6
4
2
2
4
7
1
3
3
3
4
5
2
2
0
2
3
3
5
2
4
2
3
3
5
3
3
1
6
3
3
1
10
2
3
3
4
3
2
3
5
1
2
3
5
3
4
9
9
6
2
2
2
2
8
6
3
1
2
3
4
6
6
5
4
4
1
1
3
5
5
2
7
4
1
2
3
3
3
3
4
2
3
4
3
7
2
5
5
3
4
1
3
8
5
1
4
3
3
2
5
2
3
2
1
4
6
3
2
3
4
4
4
2
4
6
2
3
1
7
5
4
2
7
4
5
5
5
4
2
2
3
0
1
3
4
4
7
3
6
3
1
1
2
4
5
2
6
2
2
1
2
3
0
5
2
1
3
0
4
1
2
3
4
1
3
3
2
1
3
6
1
2
0
1
5
4
7
2
2
5
4
4
3
0
2
3
2
5
1
4
1
3
1
5
3
3
4
1
4
4
1
4
2
1
1
2
2
2
1
4
3
5
3
3
7
5
2
4
4
2
2
3
3
3
2
3
3
3
2
1
5
1
1
2
3
2
2
5
4
4
4
4
0
3
4
1
7
4
2
4
3
1
3
3
2
9
3
2
4
3
0
3
3
0
3
6
4
4
2
4
2
3
3
3
3
2
5
5
3
1
2
0
1
5
3
6
4
1
5
1
1
2
3
2
4
4
3
3
4
3
4
3
2
5
1
1
4
2
4
3
2
3
5
3
2
1
4
2
2
5
2
1
4
3
1
5
5
2
5
2
6
2
5
2
1
5
3
4
2
2
2
1
3
3
9
2
3
2
3
6
1
2
2
4
0
3
2
2
4
4
3
1
5
3
2
2
4
2
1
1
3
2
3
5
4
5
2
2
3
2
2
0
3
3
2
4
2
3
3
2
4
1
3
4
6
6
4
2
6
5
3
4
2
0
0
6
0
4
1
1
6
2
5
3
6
3
7
3
2
6
3
4
2
6
3
3
3
4
5
3
3
3
3
3
3
5
2
4
0
2
4
5
5
4
3
5
1
2
4
6
2
6
2
3
2
1
2
3
2
4
6
1
0
1
3
2
3
3
5
1
3
4
3
4
8
4
1
0
3
1
4
3
2
5
0
3
4
1
3
3
3
5
3
4
2
4
2
0
4
2
2
2
5
2
7
1
3
6
2
2
2
2
7
3
4
1
4
2
3
6
4
4
1
3
1
2
4
3
2
2
2
4
4
2
0
7
1
2
3
4
3
0
3
2
3
4
3
0
1
3
2
3
2
1
4
0
2
3
2
1
4
4
1
0
2
3
5
1
2
1
5
1
6
1
2
5
3
3
2
3
2
2
1
4
1
1
3
3
0
4
7
5
2
2
3
0
8
3
5
10
1
6
3
1
2
1
3
2
5
4
1
3
1
5
3
2
0
3
4
2
4
1
1
5
5
3
5
3
3
3
5
2
4
1
0
2
4
3
3
4
2
2
2
4
3
4
5
3
3
1
3
1
1
3
3
3
0
5
1
3
0
3
3
2
2
5
4
4
1
3
4
1
2
2
2
3
1
3
4
2
4
1
4
2
2
2
2
2
5
4
6
5
5
1
7
3
2
5
3
3
1
3
3
4
3
1
2
3
5
3
2
1
4
2
2
3
3
3
1
3
4
3
3
3
3
3
1
6
2
1
1
2
7
7
1
4
2
3
2
4
3
3
2
5
3
3
2
0
4
3
6
1
1
2
0
2
5
4
3
2
6
0
2
3
3
2
3
3
2
2
4
3
4
2
4
1
4
1
4
2
3
3
4
0
4
1
4
3
3
0
2
3
2
7
5
3
3
7
5
4
4
2
3
4
5
4
0
0
5
1
3
6
3
2
2
4
2
4
5
4
5
2
1
3
0
0
1
2
6
1
2
3
3
0
0
5
2
6
0
6
3
0
4
0
3
3
6
1
1
4
3
1
3
6
0
4
2
4
4
0
7
4
1
4
4
1
3
1
3
3
2
3
1
0
2
5
4
4
1
0
2
1
3
2
1
1
4
3
3
1
2
3
4
5
2
2
4
0
2
1
2
3
4
4
1
3
2
1
2
3
0
2
2
1
2
2
1
4
2
2
2
4
4
5
2
4
2
5
2
1
3
2
4
3
0
1
2
2
4
4
1
1
6
4
4
2
2
3
4
3
2
1
3
1
2
3
2
5
1
2
3
3
0
6
3
3
4
4
5
0
2
1
1
2
5
1
6
4
5
1
5
3
3
3
1
2
4
2
1
3
1
2
3
7
2
2
1
5
1
1
2
2
3
2
2
2
0
4
3
3
2
3
2
1
4
1
3
2
3
1
1
2
1
3
6
1
6
1
5
1
1
1
2
5
4
0
1
0
1
0
3
1
3
4
3
3
2
1
4
1
4
1
1
0
1
3
3
2
3
1
3
2
4
5
4
2
1
3
5
4
1
2
4
3
2
5
6
2
1
3
3
2
2
2
1
4
6
2
2
3
2
0
4
2
2
3
5
1
6
1
1
5
1
1
2
4
3
3
0
3
3
3
4
4
2
2
2
1
0
4
0
2
2
2
2
0
1
3
3
6
1
5
1
2
3
2
0
1
1
2
5
5
4
3
4
3
4
1
2
3
5
1
2
0
2
2
2
0
2
2
1
4
1
4
3
4
3
3
1
4
1
4
1
1
4
0
4
5
3
5
1
1
2
2
6
2
4
0
2
2
3
5
3
1
3
4
1
4
2
2
1
5
1
1
4
2
3
1
3
3
4
2
7
1
1
2
2
2
3
4
3
3
3
5
0
2
7
2
4
4
3
2
4
1
3
3
5
5
2
2
1
0
1
5
2
1
1
4
4
5
1
3
3
1
2
2
2
4
5
3
0
4
2
1
6
5
3
3
3
2
1
2
5
3
5
2
5
6
6
8
9
7
3
8
6
3
4
3
5
4
6
10
7
5
4
4
1
2
10
5
4
2
5
7
4
4
8
1
4
5
6
5
7
3
4
8
6
4
5
5
3
5
2
4
2
10
4
6
1
7
1
5
1
7
4
4
4
7
6
4
6
1
7
4
6
9
8
4
4
2
4
7
3
6
5
2
4
1
6
2
4
2
4
1
1
0
0
2
1
4
3
5
2
4
5
2
0
2
1
5
3
4
5
2
5
3
4
2
3
2
2
5
1
4
4
1
3
3
1
6
4
1
3
1
3
1
4
3
1
2
4
1
2
1
3
1
3
2
4
1
2
2
3
2
0
1
5
2
2
2
4
1
1
3
5
2
1
1
1
3
1
4
6
0
2
5
1
1
3
1
2
3
1
3
1
2
3
2
2
1
1
4
5
3
4
3
3
0
2
1
3
3
1
7
5
3
4
5
5
5
2
2
3
2
1
3
0
5
4
0
4
0
1
2
2
1
3
0
3
3
2
2
4
0
4
4
0
1
2
1
2
1
2
2
4
3
7
1
4
1
1
3
5
3
1
1
3
6
2
2
3
2
3
2
5
5
1
0
3
4
2
3
1
5
4
1
2
1
2
3
4
1
2
5
0
4
5
2
2
5
2
3
4
4
0
2
2
4
2
1
0
3
3
4
3
2
4
2
3
7
1
1
2
0
0
1
2
1
2
0
2
2
1
2
2
2
1
3
1
2
2
0
1
2
3
3
2
2
3
3
1
3
5
1
3
2
1
4
1
5
1
5
2
5
1
3
3
0
5
1
4
2
4
2
2
1
3
3
2
2
2
2
1
3
2
0
0
4
3
2
5
1
3
6
6
4
2
7
2
5
4
3
1
2
3
2
1
3
2
3
4
5
3
2
4
3
2
2
1
1
4
2
2
6
5
3
3
3
3
3
3
1
3
4
4
3
2
1
2
1
2
5
4
1
3
0
1
6
3
5
1
3
5
2
3
6
0
4
0
2
1
3
2
0
2
5
2
3
5
4
2
5
0
4
3
4
1
0
2
2
3
3
0
3
3
2
8
3
1
0
1
1
3
1
3
6
5
3
5
3
0
2
2
2
2
2
0
5
2
2
3
1
4
2
2
5
3
3
1
1
5
4
3
4
2
1
1
3
2
1
1
2
2
4
3
3
1
5
3
0
3
5
1
3
3
3
5
2
1
4
4
4
3
3
0
2
5
3
0
3
2
0
3
2
2
5
1
1
1
4
0
3
4
2
2
5
2
2
1
2
4
3
2
0
3
2
2
1
1
2
1
2
3
0
4
2
2
6
1
4
4
2
2
2
3
5
1
2
3
2
3
1
1
2
4
3
4
4
1
0
0
1
2
2
3
2
1
4
6
2
1
1
4
1
2
4
3
1
2
3
1
4
2
1
3
2
1
5
0
3
1
2
4
1
2
3
2
2
5
5
6
1
3
4
1
6
3
4
1
4
3
1
2
2
3
2
2
0
2
2
4
2
2
5
3
2
4
1
2
1
0
4
5
4
2
1
2
1
0
0
2
3
3
3
2
1
2
0
0
2
3
1
1
4
4
4
2
2
2
2
4
1
2
2
2
1
0
5
0
4
0
0
5
0
1
3
4
4
4
3
3
3
4
1
0
5
2
1
3
1
2
2
3
1
5
1
1
2
1
2
3
2
3
2
4
4
1
6
4
1
3
4
3
3
4
2
7
4
4
0
5
5
2
5
2
4
2
2
2
2
3
1
4
0
3
1
2
2
2
1
2
1
1
1
2
2
2
2
2
2
4
2
2
3
2
4
3
3
6
3
0
2
2
6
0
0
4
2
4
4
5
3
0
3
1
3
2
3
3
2
3
4
0
2
4
2
1
3
6
5
1
2
4
4
3
4
0
4
2
2
3
0
3
1
2
3
0
6
2
2
1
4
3
2
2
5
2
0
2
1
1
6
0
4
7
4
3
5
1
4
0
4
4
2
5
2
3
1
3
3
3
0
3
4
0
1
1
2
4
1
3
5
2
3
3
3
5
1
3
2
4
2
0
3
1
3
4
1
3
1
1
4
2
0
2
2
0
3
4
1
4
2
1
3
1
0
0
1
4
3
5
1
1
2
1
3
5
3
5
3
5
3
5
1
2
3
5
3
2
3
3
6
2
7
3
1
3
2
4
2
3
0
3
2
1
0
3
3
2
3
4
2
0
3
1
0
5
0
4
1
2
1
1
2
0
3
1
1
3
1
2
4
1
0
3
1
7
2
1
1
3
3
2
0
2
3
2
3
1
2
1
1
2
4
1
2
3
4
1
4
2
6
4
4
4
0
3
6
1
4
1
2
1
2
3
1
2
3
4
2
1
1
1
4
1
0
0
1
1
2
2
2
2
1
3
1
2
1
1
1
2
0
3
4
3
3
3
2
2
4
0
2
2
3
2
1
0
1
1
2
2
2
3
3
2
2
3
0
0
3
0
4
5
3
3
1
2
2
1
4
1
2
1
4
2
0
2
0
1
2
2
4
1
4
2
2
1
5
2
5
2
3
2
2
1
2
2
3
3
4
0
2
0
3
2
5
2
0
2
1
1
2
0
3
3
4
2
1
1
2
3
4
3
3
3
2
2
1
0
1
1
2
1
2
3
2
1
4
1
0
2
2
1
1
0
5
1
5
4
3
1
2
3
3
3
4
3
1
2
3
3
2
1
1
0
1
4
0
3
4
2
2
3
1
3
1
2
4
3
1
2
1
3
2
5
5
3
2
0
1
1
4
3
4
5
2
0
2
1
1
0
4
3
2
1
1
5
4
5
4
4
2
5
4
2
1
1
2
2
6
1
2
2
3
1
3
6
3
5
4
1
6
1
4
1
1
5
2
1
7
1
1
2
3
6
3
2
3
3
2
4
4
0
1
1
3
1
3
1
1
5
2
2
2
5
2
1
4
3
4
3
2
3
2
0
3
1
1
1
1
3
1
3
1
0
3
2
1
1
3
7
2
1
3
6
2
1
2
4
2
2
1
2
3
5
0
2
2
1
0
5
2
0
1
1
0
2
4
1
0
7
1
1
1
1
1
3
2
4
3
2
2
2
1
2
2
1
5
1
2
0
1
1
2
4
2
3
3
1
2
2
2
0
2
1
1
2
2
1
0
2
2
1
2
0
4
1
0
4
3
2
2
1
0
1
5
1
2
3
0
3
0
1
2
0
1
0
2
0
3
0
4
2
2
0
0
2
2
2
3
2
2
1
2
1
2
0
1
2
2
1
3
0
3
1
0
2
1
2
1
3
1
1
0
2
4
4
2
1
3
1
1
1
0
2
2
2
3
0
2
3
3
1
1
1
1
1
0
1
1
2
2
1
4
2
1
4
2
3
1
1
3
1
2
1
1
1
0
2
0
1
3
0
5
2
4
2
1
2
1
1
1
2
1
2
1
1
1
1
2
0
2
0
1
4
2
1
0
1
0
1
2
1
2
2
0
0
3
1
2
3
3
1
1
2
2
1
1
3
2
1
2
1
2
2
0
2
1
1
2
3
0
2
1
0
0
2
1
1
3
3
2
4
1
3
2
0
2
1
3
2
1
5
0
3
3
4
0
2
3
2
2
2
1
2
1
0
0
2
4
2
2
0
1
1
0
1
3
2
2
1
4
1
2
2
2
3
1
2
2
2
3
0
0
0
1
1
0
1
1
3
3
2
1
2
1
0
2
3
4
1
0
1
1
1
2
0
2
1
2
2
0
2
2
1
0
4
1
0
0
1
2
1
0
2
0
5
1
1
0
3
2
1
0
2
1
3
2
0
1
3
1
2
1
0
0
0
0
2
3
2
1
1
2
1
1
1
3
1
1
1
1
1
0
2
3
0
0
0
3
2
2
1
3
3
1
2
2
4
2
4
0
2
2
0
1
1
2
1
1
1
1
0
2
1
2
0
0
0
1
1
2
1
1
0
0
2
1
1
1
1
0
0
3
2
1
4
0
0
2
1
2
3
3
2
2
1
1
1
0
2
2
2
2
4
1
3
0
1
0
2
2
2
1
0
1
1
1
3
2
2
0
1
2
1
5
3
3
4
2
3
3
1
2
1
0
1
0
2
1
1
1
2
1
2
0
0
0
2
0
0
1
2
1
1
2
1
2
1
0
1
0
1
3
1
2
2
0
2
1
1
1
2
4
2
3
3
0
1
0
2
0
1
1
1
3
0
4
3
1
0
3
0
2
1
5
3
1
1
1
1
1
0
3
1
2
1
3
2
2
0
0
0
0
1
0
0
1
1
1
2
1
3
1
0
0
3
1
1
2
0
0
2
0
0
2
1
1
3
0
1
1
0
3
1
2
1
0
0
3
0
1
3
0
2
1
2
1
4
0
3
2
2
0
0
1
0
1
3
2
2
4
4
3
1
0
3
0
1
2
0
0
1
0
0
1
2
2
2
2
0
3
2
5
1
0
2
2
1
2
2
1
3
2
2
1
2
1
1
1
0
2
2
0
3
0
2
0
4
1
0
1
1
3
0
2
1
1
0
0
0
2
2
2
3
3
1
1
1
1
1
2
3
2
3
1
1
1
1
2
2
1
0
1
0
4
1
0
2
0
0
1
0
2
2
1
0
2
1
2
2
1
1
0
1
1
2
2
0
2
2
0
1
2
3
2
2
2
1
0
0
3
2
1
1
2
2
1
2
0
1
4
1
0
0
0
1
3
1
2
1
1
2
2
3
0
1
1
2
2
3
1
1
2
2
0
4
2
1
2
2
0
0
1
0
0
3
2
1
1
0
0
0
0
2
0
0
1
0
1
1
0
2
1
2
1
2
1
1
0
0
0
3
1
1
0
2
1
0
0
1
0
0
2
1
0
2
1
1
0
1
1
2
1
1
0
0
2
3
4
2
0
0
0
2
1
2
1
0
1
0
4
1
1
0
0
2
0
1
1
0
1
0
0
3
1
1
2
1
1
3
1
2
0
2
0
0
1
2
0
0
1
0
1
0
0
1
0
1
6
2
2
0
0
3
1
1
2
1
1
1
3
0
1
0
0
0
1
5
0
1
0
0
1
0
3
1
3
1
2
2
4
1
2
2
2
1
1
0
0
0
1
1
1
3
3
0
2
0
3
0
2
1
0
0
2
0
1
0
1
2
0
0
1
5
0
0
1
3
1
0
2
0
1
0
1
4
3
0
2
2
0
3
2
0
2
1
3
3
1
1
1
1
0
0
1
0
3
1
0
0
2
2
0
0
0
0
0
2
1
2
1
0
1
2
2
1
1
2
1
2
2
0
0
1
1
2
1
0
2
3
0
2
1
1
0
0
1
1
1
1
3
3
1
4
1
1
0
0
0
0
2
0
3
1
2
0
2
0
3
2
0
1
1
1
0
1
0
1
1
1
1
2
1
1
2
3
0
3
2
1
0
0
0
1
1
0
0
1
0
2
0
1
0
0
1
0
4
2
1
0
1
0
3
0
3
0
0
0
1
0
2
0
2
0
1
0
1
1
0
1
1
1
1
1
2
1
0
0
1
0
2
2
1
1
2
1
0
1
1
1
4
0
1
1
0
0
2
2
2
0
1
0
2
1
2
2
0
2
0
2
2
0
1
2
1
1
1
1
1
0
2
1
2
1
2
0
0
0
1
2
0
4
3
1
1
3
1
1
1
1
2
0
0
2
0
1
1
3
1
0
1
1
0
0
1
1
0
1
0
1
0
2
0
0
0
2
0
3
0
1
1
0
3
1
0
1
1
0
2
0
1
1
1
0
1
1
3
1
0
3
2
2
0
0
3
1
1
1
0
1
0
2
0
0
0
0
0
0
0
2
1
2
1
1
1
2
1
0
1
2
3
1
2
1
1
1
0
0
2
1
7
1
1
1
0
0
1
2
0
2
1
0
1
2
2
0
1
3
2
1
0
0
0
0
1
1
0
0
0
1
2
0
3
2
0
0
2
2
1
0
0
0
2
0
1
0
2
0
2
0
0
1
2
1
2
1
0
0
1
0
1
0
1
2
1
1
2
1
1
0
0
0
0
2
1
1
2
2
2
2
0
2
0
0
4
1
0
2
0
3
0
1
2
0
3
1
0
2
2
1
2
2
1
0
1
1
2
1
1
1
1
1
1
0
3
1
0
1
0
1
1
0
0
1
3
2
0
1
3
1
2
0
1
0
0
2
3
5
2
1
1
1
1
0
0
2
1
1
0
0
1
1
1
2
0
0
0
2
0
2
1
2
0
1
1
0
1
0
1
2
2
3
2
2
0
2
0
0
1
0
0
3
0
0
0
1
1
1
1
2
2
1
0
1
1
0
1
0
2
1
0
1
0
1
1
0
0
0
2
0
2
2
0
0
2
0
0
1
2
2
2
2
0
1
0
1
0
1
2
0
1
2
0
1
2
1
0
1
2
1
1
0
0
0
1
0
1
2
2
0
0
1
2
0
0
1
0
4
0
1
1
0
1
2
0
0
0
1
0
0
1
0
0
2
1
0
0
0
0
1
2
0
1
0
2
0
0
1
1
1
1
2
0
0
1
1
0
1
1
0
0
1
2
1
1
0
1
0
4
1
2
0
1
0
1
0
0
0
2
0
1
1
2
2
1
1
0
4
0
0
1
0
1
0
2
0
1
0
1
1
2
2
0
1
0
0
1
1
0
1
0
1
1
0
3
2
1
1
2
1
1
0
2
1
1
0
0
1
0
0
0
1
0
1
1
0
0
0
0
0
1
1
0
0
2
1
3
2
3
1
3
1
1
0
1
0
2
0
0
2
1
0
2
1
0
2
1
3
0
0
0
0
1
1
1
1
2
1
0
1
3
0
1
1
0
1
2
1
1
1
0
0
1
0
1
0
1
1
1
1
0
2
1
0
2
0
1
0
1
1
1
0
0
0
0
0
0
0
1
0
0
0
1
3
0
0
0
1
0
0
0
0
0
1
0
1
1
1
0
0
0
0
0
0
0
2
0
2
1
1
1
2
0
1
0
2
1
0
1
0
0
0
0
3
3
2
0
0
1
2
0
2
1
0
1
0
0
1
1
0
0
2
1
2
2
0
2
1
2
1
2
0
0
1
0
2
0
0
1
0
0
0
0
1
2
1
0
0
3
1
1
1
1
0
1
2
0
0
1
1
0
0
0
2
0
0
1
0
1
0
1
0
2
0
2
0
1
1
2
0
1
1
1
1
0
2
1
2
0
0
1
0
0
1
0
1
0
0
2
1
0
1
0
0
0
1
1
2
0
2
1
1
0
2
0
0
2
1
1
0
1
0
2
0
1
1
0
0
0
1
0
2
1
3
0
2
0
0
1
1
0
2
1
0
0
0
0
0
0
1
0
0
1
1
0
1
0
0
2
0
1
2
0
1
2
1
0
0
3
2
0
0
0
0
0
0
0
1
0
0
1
0
2
0
1
1
3
2
0
1
0
1
0
1
2
1
1
0
1
1
1
1
0
0
1
1
0
0
0
0
0
1
1
3
0
0
0
0
3
0
1
0
0
0
1
2
0
1
1
1
1
1
0
0
0
0
1
1
0
1
1
2
0
1
0
1
1
1
0
0
0
1
0
0
0
0
0
0
0
0
2
2
1
0
0
3
3
0
2
1
1
0
2
0
1
1
0
0
1
0
1
0
0
0
0
0
1
0
0
0
1
2
2
0
2
0
2
0
0
0
1
0
2
0
1
0
0
0
0
1
4
0
1
0
0
1
2
1
1
0
0
1
0
1
0
0
0
1
0
1
1
0
1
0
1
0
0
0
0
0
3
1
0
1
3
2
0
2
0
0
0
1
0
1
1
1
1
1
2
0
1
2
0
1
0
1
1
0
0
0
0
0
1
1
1
1
2
0
2
0
1
0
2
1
1
0
2
4
2
0
1
2
1
1
2
2
1
2
1
0
1
3
2
2
3
5
0
3
0
1
2
2
1
1
2
2
3
4
1
2
6
3
3
3
1
3
6
4
5
6
1
8
2
4
7
5
6
7
5
11
7
5
11
11
9
5
10
9
8
5
10
8
14
13
8
10
6
12
7
9
8
11
6
4
11
7
9
10
15
13
7
15
8
10
11
9
15
12
13
14
10
11
8
5
7
9
10
12
4
4
6
7
6
9
5
9
9
9
5
7
10
9
6
7
13
9
6
5
4
9
7
5
1
1
8
4
5
6
8
6
3
5
3
5
1
5
2
1
5
3
3
1
1
1
4
4
2
1
4
5
1
5
5
1
1
0
1
3
1
0
0
3
3
2
1
3
0
4
2
4
0
0
2
1
0
1
1
5
1
2
1
2
0
1
1
1
0
0
0
2
0
1
0
0
0
2
0
1
0
0
1
1
1
1
2
0
0
2
2
0
0
1
0
3
0
0
0
0
0
2
3
1
0
2
0
0
1
0
0
1
2
1
2
0
0
1
1
0
1
1
0
1
0
0
0
0
1
2
0
0
0
0
0
0
1
1
1
0
0
1
1
0
0
1
0
1
1
1
1
0
0
0
0
0
1
0
2
0
0
0
0
0
0
0
1
1
0
0
0
3
0
0
1
1
0
1
1
0
0
1
1
0
1
0
1
0
1
2
0
0
1
0
0
0
2
1
1
0
0
0
0
0
0
0
1
3
2
1
2
1
0
0
0
0
0
1
0
0
3
0
1
0
2
1
0
1
0
0
1
0
1
0
1
0
0
0
0
0
0
2
1
0
1
0
0
2
2
1
1
0
0
0
0
1
0
2
1
1
1
1
3
0
0
1
0
0
1
0
3
0
0
0
0
1
0
1
0
1
0
1
0
0
1
0
0
0
1
0
0
0
0
0
0
1
0
0
0
1
1
0
0
1
0
0
0
1
0
1
0
2
0
1
1
0
1
2
0
0
0
2
1
1
0
0
1
1
0
1
0
1
0
0
0
1
0
1
1
1
0
2
2
2
0
0
1
0
0
0
0
0
0
1
0
0
0
0
0
0
0
0
0
2
3
0
0
1
0
1
3
1
0
1
0
0
1
0
2
1
1
2
1
0
2
2
1
0
0
1
0
0
1
0
0
0
0
0
0
0
0
0
1
0
0
0
0
0
0
2
1
0
0
0
0
2
0
2
2
1
1
0
0
1
2
0
0
0
1
0
1
1
1
0
1
0
0
0
0
4
1
0
3
0
0
1
0
1
1
1
0
1
1
1
1
0
0
2
1
0
0
2
0
0
0
0
0
0
0
1
0
1
0
1
0
0
1
0
1
0
0
3
0
0
0
1
1
2
0
0
1
1
0
0
1
0
1
2
1
0
2
2
1
0
0
0
1
1
0
2
0
0
0
1
0
0
0
0
2
2
1
0
0
0
1
0
0
0
0
0
0
0
1
1
0
0
1
0
1
1
0
0
0
1
1
0
0
0
0
0
3
1
0
0
0
0
1
0
0
0
0
1
0
0
1
0
0
1
1
0
1
0
0
1
1
0
0
0
0
0
0
0
0
0
1
0
0
0
0
0
0
2
0
0
1
0
0
1
1
1
1
1
1
1
1
0
0
0
1
0
2
2
0
0
0
1
0
1
1
0
1
1
1
0
0
0
2
0
1
0
1
0
0
0
0
0
1
1
0
0
1
0
0
0
0
1
2
3
2
1
1
0
1
0
0
0
0
0
0
2
1
0
0
0
1
0
0
3
0
0
1
3
0
2
0
0
0
0
0
1
1
0
0
1
1
1
1
1
0
0
0
0
1
1
0
0
1
0
0
0
1
1
0
1
0
0
0
1
1
0
0
0
1
0
0
1
1
1
0
0
0
0
1
2
0
0
0
1
0
0
1
0
0
0
0
0
1
1
0
0
1
3
0
0
0
0
0
0
1
0
0
0
0
0
0
0
0
0
2
0
0
0
0
1
0
0
0
1
0
1
0
0
0
0
0
0
1
0
0
0
0
0
1
0
0
0
0
0
0
1
0
1
0
0
0
1
0
0
0
0
0
1
0
0
0
0
0
0
0
0
0
1
0
0
0
1
0
0
0
0
0
1
1
0
2
0
0
0
0
1
0
0
1
0
0
1
1
0
0
0
0
0
0
1
0
0
0
0
0
1
0
0
1
0
0
1
1
0
1
0
1
0
2
0
1
0
0
0
0
0
1
0
2
0
1
0
0
0
0
0
0
0
1
1
0
0
0
0
0
0
0
1
0
1
0
1
0
0
0
2
0
2
0
0
2
1
0
0
0
0
0
0
0
1
2
0
0
1
0
0
0
0
0
0
0
0
0
0
0
0
0
0
0
0
0
0
0
0
0
0
0
0
0
0
0
0
0
0
0
0
0
0
0
0
0
0
0
0
0
0
0
0
0
0
0
0
0
0
0
0
0
0
0
0
0
0
0
0
0
0
0
0
0
0
0
0
0
0
0
0
0
0
0
0
0
0
0
0
0
0
0
0
0
0
0
0
0
0
0
0
0
0
0
0
0
0
0
0
0
0
0
0
0
0
0
0
0
0
0
0
0
0
0
0
0
0
0
0
0
0
0
0
0
0
0
0
0
0
0
0
0
0
0
0
0
0
0
0
0
0
0
0
0
0
0
0
0
0
0
0
0
0
0
0
0
0
0
0
0
0
0
0
0
0
0
0
0
0
0
0
0
0
0
0
0
0
0
0
0
0
0
0
0
0
0
0
0
0
0
0
0
0
0
0
0
0
0
0
0
0
0
0
0
0
0
0
0
0
0
0
0
0
0
0
0
0
0
0
0
0
0
0
0
0
0
0
0
0
0
0
0
0
0
0
0
0
0
0
0
0
0
0
0
0
0
0
0
0
0
0
0
0
0
0
0
0
0
0
0
0
0
0
$ROI:
0
0
$PRESETS:
Live Time
0
0
