$SPEC_ID:

$SPEC_REM:
DET# 1
DETDESC# MCB 25
AP# ORCA (11.0h)
$DATE_MEA:
2017-08-11 23:42:30 +0000
$MEAS_TIM:
3110.68 4320.00
$DATA:
0 16383
0
0
0
0
0
0
0
0
0
0
0
0
0
0
0
0
0
0
0
0
0
0
0
0
0
0
0
0
0
0
0
0
0
0
0
0
0
0
0
0
0
0
0
0
0
0
0
0
0
0
0
0
0
0
0
0
0
0
0
0
0
0
0
0
0
0
0
0
0
0
0
0
0
0
0
0
0
0
0
0
0
0
0
0
0
0
0
0
0
0
0
0
0
0
0
0
0
0
0
0
0
0
0
0
0
0
0
0
0
1
9
52
1564
11150
20394
19545
17829
16991
16510
16237
16447
16592
16538
16841
16973
17489
17335
17960
17816
18055
18041
18452
18550
18497
18203
18376
18440
18673
18429
18429
18321
18403
18075
18247
18235
18064
18199
17787
17880
17874
17807
17831
17430
17775
17657
17642
17434
17650
17466
17396
17338
17535
17210
17155
17026
17222
17171
17099
17210
16935
16935
16907
16982
16853
16780
17049
16935
16667
16695
16738
16581
16487
16567
16566
16658
16578
16461
16316
16377
16350
16309
16238
16118
16230
16363
16286
16211
16066
16098
16119
16126
15993
15942
15927
15902
15923
15800
15852
15954
15856
15629
15585
15765
15652
15810
15655
15560
15529
15651
15633
15650
15763
15487
15512
15377
15301
15519
15348
15489
15292
15148
15257
15481
15263
15268
15136
15068
15243
15056
14971
14883
15069
15096
15204
15301
14949
14993
14987
14993
14790
14783
15087
14875
15134
14915
14828
14817
14780
14867
14622
14587
14920
14898
14850
14643
14556
14699
14788
14601
14397
14480
14688
14400
14714
14317
14371
14279
14482
14506
14341
14535
14233
14436
14235
14230
14548
14186
14309
14350
14293
14227
14196
14195
14389
14213
13863
14234
14270
14033
14101
13908
13956
14020
13847
14390
14101
14090
14024
14115
14041
14030
14048
14160
14026
13990
13961
13742
13924
13894
13769
13844
13929
13733
13858
13774
13721
13900
13773
13756
13633
13683
13598
13739
13580
13780
13403
13492
13698
13497
13918
13563
13412
13673
13570
13472
13440
13539
13608
13621
13269
13662
13531
13784
13440
13390
13466
13291
13504
13589
13419
13300
13351
13325
13536
13223
13370
13209
13323
13287
13273
13461
13424
13247
13289
13194
13202
13177
13196
13165
13238
13233
13103
13148
13235
13229
13174
13052
13083
13135
13127
13191
13000
13138
13169
13169
12941
12983
13046
12996
12936
12972
12881
13135
13152
12934
12808
12786
12893
12864
13040
12956
12799
13045
12975
12850
12921
12620
12712
12837
12850
12791
12758
12845
12659
12603
12841
12673
12760
12873
12746
12713
12584
12762
12581
12834
12824
12560
12754
12837
12609
12639
12406
12678
12694
12576
12615
12469
12580
12474
12570
12731
12514
12482
12563
12537
12534
12575
12480
12564
12314
12309
12553
12161
12324
12435
12556
12318
12319
12278
12327
12424
12307
12341
12275
12586
12317
12334
12294
12322
12407
12336
12404
12357
12395
12313
12147
12330
12307
12310
12227
12513
12054
12249
11976
12152
12165
12186
12353
12409
12293
12393
11942
12136
12047
12333
12210
12064
12008
11974
12198
11986
12093
11998
12131
12273
12162
12019
12197
11974
11825
11911
12069
12109
12207
12291
12252
12001
12153
12007
11903
11938
11911
11716
11744
11946
11852
12000
11943
11921
11873
11996
11873
11876
11796
11765
11953
11621
11781
11751
11989
11835
11957
11738
11686
11687
11844
11716
11795
11637
11949
11695
11766
11777
11763
11597
11882
11737
11893
11805
11776
11637
11819
11592
11615
11607
11536
11613
11459
11531
11589
11574
11562
11579
11522
11727
11719
11725
11633
11523
11513
11476
11687
11280
11522
11417
11559
11596
11474
11521
11588
11508
11371
11345
11288
11374
11456
11530
11257
11431
11637
11531
11273
11419
11152
11274
11594
11521
11312
11336
11225
11293
11334
11276
11218
11446
11220
11276
11079
11382
11092
11147
11106
11019
11293
11003
11157
11266
11231
11400
11319
11120
11079
11099
11139
11086
11261
11072
11093
11176
11074
11050
11149
11115
11262
11027
11101
11192
11081
11025
11119
10955
11015
11092
11137
10827
11047
10966
10833
10943
11061
11202
11073
11118
10988
11072
10961
10913
11061
11087
10892
11024
11006
10810
10957
10822
10858
10872
10984
10923
10865
11067
10826
10872
10897
10813
10973
10692
10893
11001
11021
10880
10716
10732
10837
10877
10974
10808
10753
10862
10851
10858
10806
10770
10782
10934
10759
10797
10979
10836
10747
10883
10687
10795
10993
10796
10862
10742
10707
10581
10762
10751
10805
10716
10511
10833
10688
10779
10849
10978
10566
10742
10948
10634
10833
10788
10730
10745
10965
10786
10700
10660
10732
10867
10783
10665
10806
10640
10844
10756
10885
10673
10811
10810
10818
10948
10823
10802
10889
10925
10765
10631
10810
10859
10695
11020
10871
10805
10816
10812
10836
11015
10963
10944
11036
10758
10931
11108
11264
11223
11452
11396
11229
11541
11488
11746
11861
11968
11941
12026
12167
12179
12348
12465
12487
12640
12561
12718
12935
13044
12979
13338
13649
13535
13741
13658
13921
13920
14203
14472
14342
14348
14770
14982
15025
14972
15052
15178
15254
15411
15517
15408
15736
16157
15907
15914
16263
16369
16055
16461
16567
16803
16865
16884
17117
17142
17239
17425
17390
17698
18005
17795
17892
18344
18243
18065
17925
18106
17748
17744
17432
17370
17067
17285
16882
17094
16593
16411
16056
16139
15706
15357
15460
15400
14964
14746
14500
14173
13867
13820
13790
13491
13144
13003
12662
12468
12353
12228
11928
11833
11828
11540
11342
11207
11177
11100
10907
11030
10790
10632
10513
10649
10529
10517
10461
10501
10573
10462
10391
10474
10249
10366
10475
10243
10400
10072
10280
10356
10384
10315
10142
10334
10198
10133
10171
10266
10345
10317
10266
10346
10501
10384
10412
10430
10439
10492
10312
10417
10361
10295
10404
10409
10308
10516
10271
10493
10348
10408
10549
10377
10386
10480
10492
10421
10480
10434
10514
10437
10499
10531
10497
10386
10623
10567
10654
10398
10668
10462
10450
10543
10556
10542
10459
10661
10766
10747
10598
10512
10682
10794
10633
10574
10677
10614
10668
10591
10764
10885
10895
10826
10479
10850
10617
10895
10723
10780
10740
10680
10812
10698
10806
10691
10772
10876
10790
10914
10848
10970
10801
11017
11058
10831
10879
10951
10891
10898
11049
11057
10969
11029
10998
11096
11030
11016
11059
11098
11107
11000
11238
11174
11233
11305
11087
11271
11404
11302
11118
11335
11238
11193
11299
11384
11209
11342
11435
11242
11333
11246
11377
11496
11443
11352
11455
11551
11267
11429
11429
11273
11319
11549
11664
11476
11485
11591
11400
11576
11562
11564
11538
11583
11476
11639
11566
11598
11479
11615
11554
11755
11735
11874
11699
11827
11844
11754
11784
11647
11709
11789
11794
11870
11786
11846
11787
11891
11785
11916
11703
11802
11761
11836
11942
11920
11986
12083
12067
11767
11941
12018
11968
12035
11963
11996
12169
11992
12070
11869
11804
11994
11920
11937
12180
12048
11790
12300
12185
12230
12081
12175
12196
11969
12457
12103
12247
12079
12078
12318
12105
12206
12175
12381
12138
12124
12407
12350
12434
12245
12327
12206
12366
12401
12348
12225
12425
12271
12536
12478
12491
12573
12128
12381
12441
12242
12360
12402
12656
12580
12476
12478
12559
12602
12636
12507
12593
12569
12515
12546
12761
12587
12598
12524
12657
12689
12519
12680
12506
12821
12623
12653
12557
12537
12633
12786
12726
12647
12602
12695
12637
12822
12601
12667
12735
12703
12853
12887
12829
12705
12848
12928
12952
12954
12839
13021
12914
13024
13132
13012
13088
12970
13074
13035
12803
13010
12787
12882
13147
12896
13004
13056
13138
13005
13184
12987
12995
12846
13083
13077
13105
13055
13066
13348
13095
12916
13230
13296
13240
13161
13189
13194
13270
13146
13268
13269
13366
13260
13227
13244
13494
13307
13374
13448
13316
13585
13477
13420
13198
13276
13302
13520
13279
13535
13378
13440
13318
13497
13585
13535
13335
13431
13557
13557
13784
13409
13501
13595
13515
13526
13507
13786
13663
13757
13598
13666
13556
13626
13648
13669
13574
13669
13815
13823
13713
13619
13720
13761
13669
13802
13646
13471
13865
13765
13847
13948
13767
13855
13673
13772
13940
13699
13814
13943
14093
13899
14103
13788
13722
13694
13825
14138
13923
14085
14039
13953
13957
13995
14321
14018
14051
14033
14176
14071
14021
14097
13920
13938
14201
13962
14201
14099
14224
13995
14304
14203
14235
13939
14209
14155
14403
14071
14196
14435
14377
14269
14417
14354
14437
14423
14597
14364
14476
14464
14545
14340
14463
14642
14508
14396
14488
14530
14564
14491
14771
14512
14708
14578
14626
14702
14650
14694
14722
14813
14911
14779
14801
14852
14846
14954
14843
14875
14837
15069
15033
14623
15017
14945
14855
15181
15252
14996
14922
15129
14986
15208
15094
15063
15157
15217
15139
15302
15267
15457
15198
15242
15284
15192
15083
15150
15398
15417
15384
15517
15380
15297
15414
15466
15430
15432
15577
15471
15648
15714
15413
15424
15653
15834
15594
15703
15841
15928
15476
15947
15887
15796
15767
15916
15815
16001
15919
15833
15891
16001
16050
16244
15847
16033
15940
15997
15978
16236
16005
16286
16133
16197
16082
16100
15916
15909
16205
16208
16156
16285
16123
16101
16408
16158
16069
16381
16661
16433
16061
16468
16211
16402
16397
16588
16243
16540
16427
16218
16450
16528
16745
16401
16370
16505
16404
16594
16606
16624
16597
16441
16814
16564
16759
16549
16721
16442
16520
16683
16590
16690
16518
16788
16473
16797
16788
16834
16533
16670
17089
16785
16959
16818
16946
16909
16997
16930
17015
16987
17009
17123
17163
17076
17264
17236
17328
17365
17274
17115
17369
17266
17286
17312
17351
17523
17284
17574
17430
17545
17518
17566
17503
17765
17904
17923
17851
18027
17961
17678
17780
17897
18071
17872
18135
18031
17879
18056
17903
18208
18136
18286
18125
18001
18192
18497
18081
18279
18356
18194
18131
18172
18120
18525
18268
18480
18266
18358
18296
18154
18382
18303
18397
18471
18385
18271
18176
18384
18442
18237
18250
18336
18586
18571
18511
18502
18355
18594
18330
18441
18557
18562
18486
18747
18641
18569
18729
18595
18813
18613
18780
18525
18722
18548
18791
18738
18749
18757
19031
18941
18889
19012
18717
18737
18864
18736
19068
18861
18882
18845
19025
19021
18953
19109
19128
19025
19158
18943
19104
19064
18906
19476
19191
19082
19202
18899
19135
19072
18851
19210
19325
19269
19167
19463
19214
19451
19589
19385
19470
19491
19442
19563
19408
19575
19635
19526
19366
19404
19314
19427
19111
19182
19265
18897
19024
19023
18948
19017
18836
18657
18835
18720
18599
18679
18527
18304
18086
18274
18223
18106
17924
18178
17859
17970
17791
17760
17889
17893
17568
17663
17416
17079
17545
17298
17279
17433
17111
17309
17205
17153
17237
16905
16973
16943
16859
16727
16981
17097
16814
16877
16675
16838
16979
16754
16642
16583
16763
16767
16584
16591
16686
16770
16668
16887
16831
16430
16686
16622
16534
16438
16560
16606
16505
16521
16390
16621
16339
16666
16377
16516
16349
16399
16434
16527
16517
16212
16434
16381
16255
16366
16238
16321
16380
16213
16358
16400
16352
16228
16283
16223
16070
16040
16404
16469
16365
16197
15979
16262
16117
16180
16224
16129
16270
16217
16153
16107
16186
16233
16065
15938
15932
16122
16386
16136
16193
16189
15890
15883
16019
15970
15860
16196
15825
15897
16158
16020
16203
15765
15973
15964
15904
16018
15824
15735
16101
15846
15709
15809
15853
15894
15865
15918
15925
15821
15776
15937
15960
15850
15688
15954
15888
15823
15761
15791
15691
15770
15749
15709
15826
15930
15655
15862
15667
15606
15718
15678
16058
15775
15456
15513
15885
15593
15604
15954
15544
15540
15544
15809
15716
15671
15513
15613
15667
15691
15608
15572
15702
15551
15591
15629
15424
15676
15568
15577
15612
15264
15682
15549
15481
15468
15431
15517
15504
15487
15669
15711
15557
15322
15485
15363
15491
15521
15534
15509
15475
15602
15627
15727
15574
15378
15571
15570
15530
15709
15621
15596
15528
15530
15488
15705
15505
15674
15294
15568
15592
15346
15382
15550
15611
15433
15244
15429
15275
15470
15766
15296
15554
15331
15620
15531
15552
15463
15261
15246
15167
15393
15795
15470
15432
15353
15223
15341
15576
15552
15463
15261
15558
15366
15533
15425
15389
15234
15362
15329
15403
15487
15432
15416
15307
15528
15296
15521
15509
15578
15315
15493
15465
15179
15388
15316
15247
15351
15143
15503
15478
15459
15567
15249
15400
15274
15158
15287
15262
15175
15405
15437
15301
15488
15295
15430
15306
15454
15322
15277
15170
15434
15276
15117
15458
15384
14992
15321
15547
15122
15222
15217
15328
15244
15370
15403
15438
15539
14982
15235
15272
15512
15312
15382
15133
15325
15304
15317
15192
15278
15397
15287
15440
15420
15312
15129
15249
15333
15145
15243
15245
15153
15092
15314
15172
14852
15387
15301
15164
15151
15425
15263
15279
15305
15042
15630
15419
15187
15495
15116
15139
15118
15483
14916
15177
14993
15240
15015
15227
15196
15251
15239
15269
15175
15177
15137
15043
15115
15035
15123
15124
15186
15162
15145
15208
14877
15121
15150
15054
15143
14824
15104
14951
14858
15214
14979
15111
15068
14968
14885
14812
14714
14822
14757
14885
14818
14832
14861
14895
14951
14803
14820
14633
14469
14703
14699
14717
14387
14740
14370
14579
14393
14462
14561
14462
14406
14355
14442
14500
14177
14406
14230
14213
13989
14241
14141
14068
14086
13988
13690
13892
13794
14017
13924
14076
13618
13837
13845
13653
13602
13879
13624
13189
13529
13464
13250
13414
13187
13327
13329
13413
13039
13247
13164
13028
13077
13016
13144
13073
12937
12799
12965
12842
12951
12675
12569
12645
12665
12842
12748
12535
12708
12539
12514
12513
12412
12356
12312
12345
12384
12478
12283
12238
12280
12152
12289
12087
12244
12001
12240
12129
12217
12010
12113
12003
11866
12197
11868
11704
11769
12153
11929
11901
11949
11819
11718
11874
12006
11720
11691
11519
11679
11651
11627
11666
11626
11624
11607
11615
11682
11536
11395
11650
11438
11395
11431
11455
11326
11535
11451
11601
11372
11317
11331
11318
11272
11478
11384
11337
11272
11266
11491
11192
11331
11259
11228
11221
11202
11310
11205
11219
11476
11240
11433
11269
11439
11378
11356
11518
11230
11393
11360
11376
11296
11316
11314
11218
11497
11425
11367
11398
11516
11401
11486
11448
11805
11677
11472
11672
11420
11745
11735
11840
11421
11650
11688
11714
11775
11657
11774
11753
11687
11781
11558
11503
11750
11699
11787
11559
11957
11936
11809
11956
12112
12038
11948
11932
11864
11989
11974
12007
11771
12032
11658
11795
11807
11763
11917
11866
11575
11601
11699
11794
11401
11308
11304
11514
11567
11133
11191
11291
11023
11109
10932
11039
10855
10910
10821
10776
10676
10665
10654
10741
10542
10486
10676
10486
10554
10376
10258
10358
10361
10278
10253
10294
10415
10238
10106
10150
10043
10369
10228
10052
10007
10185
10047
10122
10078
9984
9888
9856
9944
9902
9796
9724
10003
9720
10073
9880
9883
9777
9771
9926
9821
9856
9946
9842
9572
9649
9713
9624
9840
9737
9811
9693
9585
9720
9897
9752
9604
9493
9557
9564
9471
9468
9450
9526
9412
9476
9588
9609
9460
9687
9548
9479
9671
9388
9353
9299
9426
9485
9406
9283
9513
9141
9234
9540
9376
9383
9197
9156
9375
9420
9275
9328
9320
9177
9433
9299
9360
9173
9349
9341
9085
9248
9302
8936
9082
9109
9462
9134
9241
9043
9163
9087
9071
9307
9193
9022
9006
9039
9091
9117
9060
9047
8954
9059
8954
9050
9023
8945
9061
9056
8936
9016
9115
9084
9021
8939
8905
8994
8783
8782
8784
8883
9044
8907
8848
8899
8873
8851
8882
8895
8767
8783
8832
8842
8823
8721
8697
8651
8782
8695
8784
8706
8694
8579
8504
8866
8725
8651
8813
8711
8708
8743
8850
8746
8714
8834
8748
8664
8682
8411
8478
8673
8768
8646
8646
8673
8588
8541
8606
8777
8603
8453
8699
8635
8578
8453
8555
8440
8627
8424
8824
8662
8408
8535
8594
8443
8348
8410
8461
8554
8455
8575
8572
8439
8372
8387
8435
8367
8223
8507
8373
8420
8366
8393
8304
8386
8434
8312
8345
8457
8361
8370
8243
8301
8312
8433
8263
8281
8260
8113
8225
8202
8256
8281
8245
8075
8196
8142
8163
8138
8151
8315
8219
8389
8104
8565
8045
8255
8190
8059
8400
8167
8161
8066
8217
8261
8083
8106
8194
8196
8106
8109
8120
8009
8107
8058
8114
8084
7925
8143
8073
8141
8018
8134
8021
8067
8093
8028
8114
7990
8177
8011
8067
8009
8010
7906
7946
8027
8109
7962
7926
7896
8033
7958
8119
7874
7938
7931
7863
8003
7859
7865
7806
8037
7804
7927
7920
7811
7810
7854
7803
7683
8067
8000
8033
7997
7936
7786
7947
7938
7933
7911
7808
7916
7827
7772
7882
7819
7750
7838
7737
7769
7836
7893
7822
7807
7692
7858
7628
7725
7847
7778
7822
7605
7711
7703
7792
7647
7767
7621
7723
7683
7615
7594
7704
7730
7812
7618
7650
7674
7735
7676
7675
7628
7588
7741
7593
7793
7628
7630
7565
7626
7574
7653
7686
7553
7723
7607
7443
7620
7486
7757
7644
7674
7539
7462
7596
7758
7649
7484
7675
7669
7539
7703
7404
7445
7652
7393
7555
7602
7499
7629
7394
7478
7434
7601
7528
7527
7477
7489
7503
7524
7567
7359
7595
7388
7359
7400
7475
7507
7487
7547
7445
7498
7356
7495
7463
7407
7447
7527
7527
7359
7531
7581
7525
7567
7631
7666
7771
7607
7724
7852
7946
7989
8019
8253
8266
8365
8714
8466
8899
8897
9037
9166
9286
9618
9988
10184
10351
10535
10779
10801
11386
11684
11995
12043
12453
12632
13193
13433
13458
13953
14378
14588
14882
15322
15689
15616
16146
16431
16524
16789
17384
17655
18053
18250
18587
18876
19084
19570
19838
19942
20217
20172
20800
21250
21664
22314
22379
22496
22956
23321
23744
23650
24041
23944
24600
24601
24669
24716
24862
24956
24768
24368
24574
24010
23886
23691
23276
22695
22465
21832
21293
20968
20082
19670
19116
18620
17932
17559
16819
16296
15724
15140
14484
14142
13269
13128
12532
12214
11679
11359
10824
10370
10109
9510
9615
9207
8859
8779
8554
8466
8034
7933
7926
7744
7564
7544
7270
7200
7201
7023
7035
6860
7025
7054
6787
6846
6779
6756
6902
6678
6667
6693
6786
6657
6633
6627
6555
6573
6549
6630
6535
6554
6525
6476
6795
6567
6596
6354
6617
6375
6488
6576
6492
6415
6387
6406
6482
6329
6572
6372
6381
6477
6601
6352
6534
6487
6411
6415
6299
6671
6445
6339
6415
6425
6565
6478
6531
6254
6397
6461
6487
6455
6403
6327
6380
6484
6432
6361
6424
6427
6474
6471
6440
6463
6372
6446
6412
6581
6540
6412
6367
6169
6459
6406
6430
6311
6589
6308
6445
6465
6374
6384
6390
6276
6329
6399
6489
6447
6624
6397
6387
6258
6423
6380
6384
6465
6356
6502
6296
6465
6330
6465
6400
6402
6426
6511
6371
6472
6503
6472
6473
6335
6453
6494
6477
6291
6527
6544
6342
6420
6481
6465
6414
6559
6428
6467
6356
6598
6505
6461
6472
6562
6672
6528
6627
6676
6876
6916
6842
7144
6899
7030
7334
7251
7426
7725
7892
8096
8164
8635
8742
9117
9291
9835
10088
10646
10966
11429
11899
12405
13022
13404
14016
14528
15399
16218
16377
17263
17875
18624
19146
19886
20628
21692
22462
23002
23829
24509
25291
26094
26888
27688
28139
28947
29596
30373
31289
32016
32699
33448
34144
35089
35470
36200
36837
37554
38599
39499
39843
40534
41636
42299
42811
43487
44605
45371
45969
46343
46962
47416
47911
47633
47986
48116
47814
47841
47304
46869
46111
45466
44900
44029
42758
41933
40306
39226
38341
37391
35784
34456
32708
31468
30046
28759
27435
26025
24693
23402
22342
21012
20205
18604
17511
16389
15879
14865
14040
13144
12265
11564
11379
10404
9963
9655
9062
8659
8302
8082
7674
7464
7171
6948
6722
6493
6331
6317
6045
5928
6007
5798
5691
5747
5607
5533
5599
5474
5362
5317
5402
5307
5350
5206
5174
5270
5267
5129
5192
5130
5090
5095
5044
5053
5046
5092
5006
4973
4895
5010
4930
4918
5037
4838
4900
5022
5055
4870
4969
4951
4917
4835
4993
4993
4847
4922
4990
4812
5119
4825
4895
4886
4872
4885
4944
4889
4707
4848
4868
4905
4939
4850
4806
4849
4937
4931
4868
4866
4818
4785
4860
4959
4823
4814
4861
4848
4891
4841
4882
4764
4850
4816
4754
4896
4746
4851
4794
4711
4784
4759
4743
4769
4750
4661
4631
4777
4704
4831
4686
4754
4734
4730
4677
4682
4779
4820
4752
4738
4702
4727
4737
4743
4557
4726
4748
4646
4634
4765
4742
4757
4690
4763
4631
4887
4704
4667
4629
4863
4710
4555
4740
4646
4684
4771
4768
4696
4689
4679
4583
4709
4681
4603
4686
4572
4587
4681
4643
4535
4658
4697
4519
4462
4616
4642
4516
4559
4578
4641
4540
4601
4623
4553
4613
4625
4647
4654
4639
4630
4568
4525
4723
4623
4551
4498
4634
4584
4596
4592
4553
4562
4624
4578
4522
4478
4536
4664
4583
4577
4551
4537
4524
4515
4533
4497
4530
4397
4388
4446
4564
4485
4586
4515
4480
4440
4480
4498
4496
4399
4481
4548
4470
4470
4600
4507
4475
4565
4457
4589
4586
4522
4556
4537
4479
4479
4510
4529
4496
4434
4416
4452
4410
4459
4609
4405
4475
4419
4462
4274
4510
4480
4359
4484
4552
4347
4486
4377
4507
4367
4515
4564
4517
4433
4436
4433
4301
4448
4547
4447
4377
4459
4419
4471
4393
4524
4410
4563
4392
4460
4483
4435
4561
4411
4431
4509
4434
4352
4337
4440
4398
4464
4436
4327
4440
4304
4349
4361
4380
4449
4373
4485
4381
4423
4417
4354
4247
4434
4294
4449
4471
4365
4328
4543
4595
4427
4439
4343
4372
4404
4391
4414
4410
4348
4315
4353
4314
4376
4445
4526
4341
4390
4305
4329
4347
4409
4353
4306
4423
4402
4540
4489
4249
4374
4486
4435
4417
4290
4402
4547
4316
4323
4297
4456
4519
4438
4404
4375
4326
4351
4255
4424
4299
4374
4437
4365
4362
4424
4415
4369
4498
4396
4590
4514
4476
4478
4435
4406
4392
4509
4422
4530
4513
4436
4387
4475
4428
4390
4385
4552
4410
4400
4532
4499
4400
4294
4528
4511
4654
4535
4626
4594
4555
4606
4603
4495
4678
4535
4680
4562
4575
4617
4726
4645
4740
4692
4712
4654
4787
4855
4848
4944
4895
4799
5112
5145
4898
5108
5352
5391
5601
5647
5957
6143
6309
6590
6665
7029
7326
7902
8270
8709
9275
10028
10673
11184
12139
12859
13870
14705
16012
16810
17995
19432
20826
22388
23837
25470
26885
28504
30587
32583
34299
36162
38017
39978
41807
44409
46048
48377
50578
52544
54955
57402
59751
61599
63944
66144
68441
70704
72468
75008
77003
79522
81232
83562
85486
88164
89444
91998
94154
96208
98595
100892
102936
105333
107244
109214
112284
113204
115441
117279
118829
120780
121608
122821
123502
124339
124108
124113
123715
123610
122394
120919
118768
117411
114804
112202
109553
106824
103478
100210
96589
92997
89249
85726
81853
77794
73399
70181
66029
62087
59073
55044
51625
47438
44597
41467
38473
35504
32867
30265
28311
25948
23886
22065
20042
18619
16835
15425
14403
13090
12077
11182
10285
9453
8700
7957
7543
6913
6360
6088
5827
5288
5080
4752
4534
4346
4121
3991
3748
3569
3411
3357
3246
3195
3029
2884
2977
2815
2743
2731
2616
2568
2652
2484
2434
2387
2429
2377
2414
2249
2287
2260
2278
2213
2174
2244
2298
2162
2186
2182
2068
2067
2181
2139
2056
2070
2060
2062
2141
2075
2055
2089
1959
1994
1994
2017
1974
1998
2025
2036
2001
1974
1940
1951
1942
1925
1916
1939
1967
1966
1981
1921
1968
1899
1977
1844
1858
1880
1841
1835
1832
1887
1813
1772
1910
1909
1820
1845
1791
1819
1781
1832
1865
1766
1790
1831
1870
1778
1815
1788
1822
1876
1767
1739
1769
1785
1794
1789
1831
1744
1778
1711
1788
1763
1789
1853
1808
1724
1732
1767
1784
1743
1641
1727
1722
1688
1720
1743
1816
1689
1771
1690
1739
1720
1726
1678
1666
1744
1681
1710
1689
1732
1730
1671
1692
1710
1716
1703
1717
1733
1717
1787
1775
1701
1722
1757
1787
1813
1800
1898
1865
1813
1962
2013
1981
2003
2022
2126
2193
2281
2297
2368
2505
2537
2758
2819
3040
3193
3239
3494
3697
3874
3950
4280
4458
4624
5021
5126
5285
5465
5742
6098
6329
6537
6964
7255
7547
7732
8331
8453
8585
8983
9160
9281
9936
10011
10357
10560
11035
11096
11378
11533
12138
12444
12673
12864
13352
13457
13714
14052
14169
14755
15129
15314
15553
15816
16042
16536
16466
16886
16878
17351
16973
17222
17201
17413
17304
16915
17142
16972
16667
16785
16494
16208
15687
15333
15051
14742
14398
13741
13234
12716
12326
11694
11230
10694
10265
9645
9120
8677
8024
7863
7308
6870
6405
6086
5694
5300
5089
4744
4321
4152
3908
3709
3407
3236
3043
2805
2626
2438
2388
2247
2223
2110
2007
1819
1829
1692
1669
1663
1549
1547
1558
1490
1457
1420
1410
1332
1338
1323
1321
1281
1327
1270
1223
1174
1201
1240
1237
1245
1204
1215
1188
1199
1191
1133
1159
1131
1158
1167
1083
1088
1162
1150
1071
1109
1138
1090
1108
1127
1111
1104
1033
1092
1063
1105
1174
1074
1094
1066
1088
1106
1068
1097
1107
1026
1086
1073
1087
1058
1053
1053
1110
1044
1063
1075
1019
1033
1053
1047
1054
1075
1048
1111
1019
1007
1009
1072
1014
1056
1061
1041
1061
1085
1044
1050
1017
1002
1011
1035
1061
1015
1082
1004
1045
969
1090
926
984
984
969
1028
996
1000
965
936
956
1068
936
929
958
1015
946
951
1036
1003
956
989
961
1029
1032
1005
936
979
1028
958
1006
959
1015
983
962
992
978
948
988
965
917
1003
1005
1001
963
934
1028
917
907
902
954
934
931
906
969
945
936
964
1019
909
932
958
965
920
947
899
939
977
922
897
953
901
989
912
928
891
869
936
970
876
952
969
896
946
902
919
893
961
927
891
926
943
898
967
885
919
891
917
909
856
886
866
861
894
880
861
948
906
901
916
922
899
896
875
887
880
901
860
890
881
889
894
869
895
835
906
909
815
912
895
876
882
855
837
860
834
876
839
884
894
835
861
811
836
911
901
873
886
907
879
890
829
928
895
845
893
832
892
856
877
862
788
864
795
877
867
849
891
837
877
840
866
839
829
839
842
873
840
902
853
803
805
878
854
842
879
849
845
840
865
847
810
869
818
860
802
814
794
797
814
815
825
846
896
864
803
819
848
826
838
878
864
804
852
837
893
865
856
839
847
840
839
853
853
878
802
774
836
833
833
807
854
807
841
835
830
822
856
788
786
807
799
789
822
851
783
741
801
835
808
790
779
840
843
807
861
802
794
860
788
798
820
787
811
832
752
764
766
817
797
816
830
743
836
749
792
779
773
819
796
783
830
788
809
823
786
795
795
769
767
819
767
754
793
744
811
799
793
802
831
781
763
776
792
797
824
779
811
784
794
810
738
765
840
759
775
766
759
814
802
775
765
790
834
781
780
792
787
849
779
819
804
793
803
821
794
838
781
793
790
764
775
802
795
780
770
832
812
813
820
872
831
804
809
800
787
814
830
836
851
813
846
875
855
856
816
854
813
933
874
891
892
927
900
821
889
883
868
898
923
897
879
842
843
894
895
907
871
942
922
936
895
898
954
908
952
935
942
899
908
902
910
914
910
905
871
876
898
858
942
876
878
875
836
851
857
849
805
846
844
779
808
778
799
779
789
766
729
741
797
753
671
730
711
704
710
719
714
712
711
742
726
710
710
710
689
719
753
666
652
703
723
704
672
658
678
699
652
673
681
724
693
669
681
689
678
634
668
709
685
646
669
663
629
692
661
653
680
650
674
653
635
636
615
643
659
653
726
680
710
663
653
664
710
649
682
667
691
650
646
659
664
657
640
717
648
699
675
645
670
695
696
615
629
673
623
704
634
659
672
606
675
608
619
641
653
608
696
646
629
626
595
644
676
661
625
638
682
651
647
682
618
637
661
672
635
641
644
658
677
588
660
651
605
623
648
586
693
610
624
651
630
625
603
636
603
675
678
640
616
599
615
644
614
628
636
625
685
627
631
607
633
598
607
582
613
598
667
614
651
635
633
658
610
633
615
631
610
608
652
659
581
624
605
583
627
626
629
611
558
606
584
629
608
598
619
601
620
626
624
631
578
564
610
633
592
615
624
613
606
605
669
575
599
598
631
608
633
592
591
610
621
583
625
584
622
610
586
596
611
623
646
623
608
599
626
600
603
595
575
590
613
625
566
591
606
550
596
619
592
550
569
647
600
567
632
576
605
610
560
549
596
606
612
598
540
599
585
613
562
575
572
583
597
562
587
549
611
581
550
600
601
574
603
595
586
561
557
594
565
553
580
605
560
568
549
591
580
568
540
576
582
565
572
534
592
595
578
582
543
552
554
566
550
549
544
513
560
543
570
514
541
565
555
540
545
555
579
584
600
581
592
580
604
571
531
569
569
547
527
535
539
524
527
560
533
564
545
544
567
538
560
566
574
543
565
543
584
492
531
568
575
560
531
534
553
545
544
607
522
556
505
573
550
568
523
584
538
554
587
517
564
539
546
523
543
531
492
517
575
493
522
536
549
545
558
563
529
551
554
560
500
573
521
564
519
544
516
561
553
507
547
539
546
562
520
521
526
479
552
488
502
529
473
483
544
510
559
539
504
519
535
479
536
526
507
496
521
529
525
512
545
525
540
506
510
522
536
520
552
500
494
517
527
480
542
513
507
536
526
489
535
522
543
537
518
503
484
511
472
496
535
530
501
528
557
522
547
526
494
516
531
490
510
498
480
508
509
506
585
492
514
501
523
496
482
510
489
528
496
528
435
530
501
539
460
483
483
510
492
545
492
501
474
508
513
506
496
463
488
488
478
513
489
493
513
506
495
502
512
507
480
508
497
534
488
443
538
470
529
450
473
492
502
485
502
430
499
467
485
478
487
474
467
467
485
481
476
506
483
440
457
472
447
498
509
465
472
461
435
489
480
469
418
459
522
460
479
503
468
474
492
494
444
452
477
468
479
532
479
439
454
480
474
483
477
477
458
467
472
469
467
468
472
488
439
447
419
501
457
474
479
426
459
453
466
474
480
450
418
423
519
495
468
483
457
451
513
489
476
434
433
471
453
429
475
418
468
501
478
455
431
457
482
450
491
483
486
461
469
466
437
454
468
426
424
458
438
419
452
469
483
455
479
450
437
474
451
434
443
425
438
468
512
444
451
437
464
490
438
440
428
449
452
458
464
462
484
452
426
431
434
433
418
451
440
466
414
460
443
400
468
429
445
415
435
439
411
439
457
461
426
461
427
433
481
444
466
450
416
456
455
395
467
418
401
480
474
463
477
476
438
468
445
462
433
453
413
414
436
476
419
476
458
426
422
430
395
409
416
410
427
414
402
405
440
453
452
422
432
432
428
418
439
402
422
396
415
441
383
421
412
392
436
443
419
430
428
423
416
409
423
429
399
379
356
412
435
430
384
453
397
403
395
417
408
383
383
388
397
413
415
406
420
415
385
394
389
371
386
390
408
402
379
402
383
402
402
373
407
357
385
383
378
397
414
424
365
397
407
392
367
408
385
386
380
378
398
402
372
408
385
415
398
425
396
390
408
394
391
386
384
372
368
373
387
365
361
373
372
352
351
375
382
411
395
374
384
360
417
339
363
381
379
381
382
367
384
387
335
362
361
354
355
359
379
364
380
359
339
364
370
382
373
399
370
399
380
355
343
362
396
397
367
371
360
350
375
348
351
384
386
370
363
361
396
318
366
347
378
395
371
367
347
329
387
350
334
391
362
352
352
381
323
351
353
361
355
351
337
372
365
360
384
356
358
380
370
342
362
341
365
306
351
295
301
340
353
351
340
348
371
356
357
363
380
341
312
397
336
364
306
322
340
329
329
362
364
330
337
340
330
363
313
356
361
367
335
358
344
303
362
332
343
336
337
303
343
327
339
346
330
333
320
327
344
309
314
323
347
340
351
294
314
324
320
333
340
355
377
346
321
350
325
320
302
342
316
351
325
304
352
344
347
340
314
324
304
338
319
336
323
304
317
348
312
329
343
328
353
337
329
358
351
285
313
332
327
327
329
320
336
326
335
294
348
323
314
301
335
334
326
295
337
317
338
305
304
301
304
325
286
328
302
317
322
332
330
319
296
313
284
308
332
299
328
317
337
305
307
285
303
316
287
336
294
282
319
292
320
287
298
289
312
310
308
315
345
256
330
272
300
300
277
293
312
314
313
308
275
309
321
284
299
293
321
307
306
332
278
301
329
274
285
297
272
285
306
327
318
320
277
270
329
293
265
300
303
301
277
280
294
310
296
296
290
303
289
306
315
314
288
286
311
263
327
280
272
272
291
308
275
277
285
267
282
278
306
289
336
280
285
317
270
283
261
280
298
296
279
310
261
306
246
277
267
267
304
245
300
272
282
263
285
272
279
269
267
306
263
273
285
257
270
280
286
251
276
290
273
266
245
269
226
297
292
290
263
269
249
289
249
262
269
284
266
264
251
250
251
297
266
264
264
267
260
269
274
265
280
256
269
236
273
259
266
248
219
248
274
269
262
302
281
260
253
244
240
282
261
304
266
275
231
232
267
261
265
246
275
242
275
242
273
276
300
272
275
248
234
271
226
274
236
229
245
267
263
283
255
271
255
243
244
260
240
251
259
287
240
273
261
239
241
261
231
247
271
234
223
253
248
253
274
257
238
227
270
271
225
256
254
269
248
252
237
211
252
233
226
237
234
239
243
218
261
237
243
247
247
248
234
212
225
237
262
230
221
247
215
242
253
245
240
253
228
230
234
238
232
238
231
221
237
249
227
238
237
222
270
206
225
247
273
252
240
240
244
249
259
232
220
251
237
227
239
232
279
205
231
215
224
247
252
212
271
232
245
229
240
227
228
225
235
236
222
247
222
257
266
259
246
264
239
233
232
222
259
262
225
253
267
231
257
231
226
219
229
230
211
212
226
211
230
228
233
237
247
258
243
233
246
210
226
211
234
222
232
229
231
201
220
213
234
237
218
229
264
242
219
219
235
241
254
207
230
219
223
206
189
208
195
206
223
205
204
220
225
227
219
212
224
235
222
201
210
196
213
215
242
211
198
213
202
205
228
198
222
240
196
229
211
225
235
214
193
192
208
198
206
198
207
210
225
203
184
184
228
180
229
183
181
198
196
200
182
192
202
196
193
195
187
208
200
171
175
185
173
202
206
213
206
226
198
176
195
232
185
202
181
185
178
201
192
174
200
193
164
206
211
197
181
179
203
192
173
221
180
201
210
186
199
181
206
170
196
186
205
195
189
203
197
210
170
196
203
202
199
180
206
184
182
176
194
201
199
248
181
195
169
204
189
180
187
212
183
192
205
194
204
191
214
210
200
199
206
194
191
196
173
172
167
180
175
149
184
196
198
186
191
196
194
172
197
183
185
188
188
187
169
174
207
222
172
183
208
170
186
176
186
202
166
195
222
194
185
205
196
168
195
192
187
178
171
185
209
182
175
217
208
182
199
177
185
187
184
197
182
179
192
174
200
200
191
182
208
183
212
186
183
193
180
190
216
174
182
191
170
200
192
190
208
195
209
209
218
207
172
165
218
187
187
178
188
211
199
203
182
190
191
201
181
206
217
180
201
182
183
187
184
195
214
213
193
204
194
172
195
178
197
169
203
217
191
167
179
211
185
174
210
176
190
199
206
182
194
144
175
196
187
188
185
187
157
177
184
171
183
177
195
172
169
203
174
174
175
155
172
150
179
178
177
166
150
154
178
180
159
153
157
169
151
170
164
136
154
189
199
162
174
184
171
167
161
159
152
156
167
157
176
173
158
194
150
155
157
134
157
167
167
169
148
167
181
146
177
153
174
153
185
157
175
159
177
176
156
172
169
152
149
157
154
165
164
164
137
142
176
167
171
178
169
155
157
166
160
129
154
176
182
151
158
149
156
135
175
152
188
143
152
166
175
161
171
141
164
167
176
176
162
168
143
160
149
153
167
163
161
175
162
154
145
165
156
168
168
152
147
180
156
166
157
141
163
155
160
180
163
168
160
178
134
150
158
179
170
161
138
164
151
155
172
153
151
151
158
171
163
160
148
166
164
164
158
172
163
157
165
177
163
170
182
163
172
176
131
148
142
150
172
193
153
164
181
163
175
164
173
153
150
187
161
183
147
174
186
172
174
140
167
168
166
183
179
184
176
188
166
157
147
164
162
166
168
158
180
183
166
170
161
178
147
153
155
178
140
152
150
170
160
123
158
152
138
163
137
138
144
148
159
153
130
125
118
135
168
140
137
151
138
136
140
111
121
155
135
134
148
140
127
147
148
137
153
168
124
145
135
132
137
126
135
143
136
132
144
136
132
136
137
137
145
133
123
129
148
116
127
146
125
123
131
136
153
126
148
139
129
117
134
140
129
127
124
127
127
135
123
125
138
142
127
129
140
129
137
127
128
142
130
144
131
147
114
130
134
122
130
125
139
130
114
154
139
122
128
148
119
128
130
130
154
139
139
133
140
140
143
150
111
138
131
144
149
148
142
129
163
136
136
141
118
132
142
143
116
143
132
134
135
135
142
139
155
152
151
132
152
135
154
137
123
134
132
122
143
151
133
140
120
141
128
128
124
134
135
150
148
136
136
134
165
140
146
156
148
135
145
116
132
141
145
167
158
152
136
140
141
145
122
132
145
131
142
162
135
151
150
150
154
147
138
143
146
153
166
147
154
144
131
157
163
149
170
148
156
176
187
151
147
163
169
188
163
159
161
159
156
182
167
172
162
174
186
161
152
174
142
190
139
176
158
163
165
185
175
176
169
152
146
199
173
157
159
151
159
164
157
160
172
168
150
142
144
149
147
144
154
147
141
142
131
150
147
144
134
110
126
145
122
144
108
120
140
123
116
128
122
115
129
125
106
115
105
107
114
97
100
88
104
96
88
63
77
87
93
94
84
94
92
113
85
95
91
90
92
81
86
88
71
78
98
92
99
90
86
79
86
82
97
112
84
93
103
86
93
73
76
91
85
84
90
76
84
95
89
84
95
78
99
76
95
86
80
82
83
87
95
87
92
97
74
87
92
91
88
88
104
99
84
67
96
86
93
87
81
96
72
96
98
77
76
85
89
86
88
88
81
96
97
83
92
81
81
75
90
104
84
88
93
101
80
85
92
87
74
81
89
101
83
97
94
96
81
92
90
105
87
86
75
92
78
75
90
94
85
74
81
87
86
110
83
78
96
85
78
99
76
69
90
90
87
96
84
82
76
83
82
64
78
87
77
88
91
68
81
69
74
93
83
81
86
88
70
91
93
93
82
86
90
74
76
85
73
78
83
74
78
82
77
77
69
65
94
78
92
94
69
80
80
93
93
72
89
73
83
99
71
94
78
88
68
95
80
77
95
100
86
94
94
88
68
113
86
62
95
89
76
81
82
90
83
89
94
72
92
98
88
82
97
70
97
66
89
83
83
90
68
85
78
76
110
85
78
97
76
76
107
92
93
82
92
78
84
77
81
88
88
77
85
70
68
67
90
70
95
83
69
96
76
84
81
72
92
84
65
86
74
92
89
82
86
77
91
87
78
76
93
69
76
81
78
94
94
86
74
74
76
91
78
86
84
98
85
69
70
85
78
70
69
88
70
84
83
82
71
82
76
77
90
86
72
81
68
77
74
72
80
73
85
87
76
84
93
81
88
95
79
83
85
86
73
86
73
85
78
88
84
94
76
98
76
70
85
86
89
72
62
85
71
80
87
81
101
77
75
92
74
86
70
79
82
92
91
81
83
70
99
98
81
79
84
90
79
83
87
87
75
71
68
91
85
90
83
97
65
86
96
77
89
100
84
97
76
71
83
87
89
86
90
100
106
89
91
96
94
97
85
93
85
105
95
95
94
99
81
110
91
89
88
104
93
90
94
82
84
106
118
102
96
89
93
92
96
101
105
126
101
111
99
94
108
102
115
80
120
102
106
120
101
106
108
113
114
98
117
121
133
105
106
104
141
135
117
107
113
140
119
122
135
118
110
134
133
112
134
117
129
146
141
134
150
152
123
118
159
144
143
148
131
124
125
132
118
126
136
114
147
131
127
154
118
123
98
127
130
110
119
102
109
97
90
91
80
96
83
101
90
71
78
78
88
73
68
56
57
62
66
59
63
58
50
57
59
53
52
45
40
43
38
35
49
48
41
39
38
40
40
36
45
34
35
40
43
31
41
32
43
27
28
40
51
25
28
40
34
41
39
38
33
28
37
33
28
35
32
28
25
42
26
31
35
37
27
32
31
27
31
31
28
25
40
25
31
31
30
27
32
29
26
35
29
30
30
27
34
29
27
34
40
42
26
27
46
28
37
38
30
31
41
27
43
41
25
29
30
34
28
37
31
35
29
23
21
36
24
34
23
27
35
36
37
32
35
34
37
30
40
29
32
33
37
48
23
42
32
27
37
29
43
27
44
33
42
38
33
37
22
40
33
28
39
26
38
34
31
40
20
34
32
32
22
34
26
28
34
35
41
30
45
44
46
44
27
47
28
37
39
34
36
38
43
35
35
37
30
29
31
37
37
25
42
30
29
31
28
27
33
36
37
42
32
32
34
39
31
33
35
37
34
39
41
39
43
51
45
46
38
36
35
37
35
28
46
55
43
30
31
34
49
44
36
62
25
41
37
39
44
46
38
39
51
44
53
37
52
49
51
35
39
38
41
40
45
43
38
47
35
48
43
41
31
48
40
47
47
30
42
52
55
46
32
42
42
42
37
42
35
31
53
35
42
30
29
37
42
25
33
30
33
24
37
28
27
17
16
33
27
26
18
25
19
20
26
21
21
30
23
15
15
17
18
18
25
20
22
20
18
6
18
12
13
15
17
18
17
14
22
15
18
21
20
19
22
20
8
18
14
18
14
18
16
15
15
17
19
23
15
13
16
19
10
18
11
14
17
11
14
12
15
21
17
18
22
9
16
19
10
14
19
16
13
10
13
21
21
11
18
16
13
14
10
11
26
14
14
19
11
15
18
11
21
19
18
10
18
10
21
18
23
11
13
9
19
19
14
15
20
13
11
8
18
11
10
13
17
18
14
19
14
17
8
19
17
11
16
17
7
17
20
16
12
14
13
16
17
17
12
18
13
21
13
18
8
15
13
12
13
14
18
10
12
18
15
10
15
12
24
15
15
16
7
14
20
8
14
11
13
11
16
15
13
10
14
18
9
14
16
11
17
15
18
17
24
15
18
10
21
12
16
23
14
13
17
13
14
13
13
13
20
19
10
20
12
18
11
13
13
18
24
19
20
15
9
18
16
23
10
16
22
12
9
16
10
11
13
16
16
16
11
19
10
9
13
24
18
15
22
18
16
13
17
18
17
15
19
15
14
8
24
12
20
18
17
13
19
18
13
24
16
16
20
19
7
19
12
17
10
11
17
18
13
16
16
18
22
13
21
12
12
18
16
11
20
11
8
17
24
17
9
25
18
13
15
16
14
15
16
13
9
13
12
16
15
13
13
17
12
11
6
17
15
9
15
10
6
12
16
8
9
9
11
9
15
12
16
12
10
9
14
16
19
13
9
9
13
6
14
14
12
11
11
14
12
12
13
19
9
14
14
14
11
13
8
16
15
15
13
8
11
17
10
16
3
15
10
13
10
21
9
14
8
9
9
12
14
11
18
13
7
17
9
9
9
16
15
8
10
17
11
13
16
12
17
12
13
12
4
11
16
18
12
17
9
14
13
9
14
17
11
7
14
16
22
8
10
12
11
10
6
11
11
16
13
14
17
15
8
9
15
12
14
11
14
13
11
9
11
18
12
11
11
11
18
15
13
9
10
16
10
9
11
10
12
9
12
15
13
9
19
14
24
9
12
17
13
10
14
13
15
8
9
16
9
12
17
13
10
10
7
13
14
14
10
14
13
14
10
14
13
11
18
19
12
12
16
5
8
11
14
15
12
5
13
15
18
11
7
9
12
5
11
10
6
11
5
12
7
12
11
8
13
12
11
14
19
9
14
11
14
17
12
15
15
15
12
15
14
11
4
17
17
15
7
18
12
14
15
13
12
9
13
13
9
16
13
13
10
12
18
12
18
15
15
10
18
11
5
9
12
11
7
7
12
6
13
9
16
8
11
17
13
17
12
11
8
6
13
9
9
12
12
9
14
12
7
12
15
14
13
16
7
13
6
13
15
14
10
8
2
14
5
16
7
8
15
9
9
9
11
14
5
10
11
11
9
9
5
16
18
7
11
7
12
9
8
15
15
7
13
5
13
10
10
11
10
12
5
13
10
13
7
10
13
10
12
14
8
4
11
13
8
7
15
10
13
16
16
7
14
7
8
8
8
12
7
11
8
11
8
10
7
9
7
9
8
10
7
10
17
9
12
10
10
9
11
11
10
9
4
7
10
8
7
7
11
6
8
11
7
8
10
7
11
8
13
13
5
14
12
9
11
13
10
4
8
6
4
6
14
8
11
11
8
14
8
4
2
10
7
16
8
10
7
12
7
9
6
10
10
6
6
13
10
8
10
11
11
9
14
7
11
5
8
10
10
5
9
10
9
9
11
4
9
11
6
7
11
15
10
16
12
8
6
20
5
10
10
7
9
9
10
17
10
10
14
8
6
9
10
13
7
10
13
12
6
4
4
6
6
5
14
8
8
11
12
8
11
9
7
5
7
5
13
10
9
14
11
8
9
6
11
12
15
11
5
7
6
8
9
4
13
9
5
7
8
10
9
5
7
8
3
5
4
5
12
5
9
8
7
4
4
9
9
14
8
8
12
5
5
4
9
10
5
6
5
10
7
8
6
10
5
12
5
7
8
6
7
6
8
4
5
11
6
9
7
7
13
13
7
10
8
5
6
6
12
5
15
11
8
0
8
11
10
8
1
7
5
14
7
5
9
7
5
5
11
10
4
7
8
11
12
10
6
6
5
10
9
8
4
7
5
8
6
7
9
10
7
3
8
11
10
9
8
10
9
9
8
13
5
8
8
11
10
6
5
12
4
8
5
7
8
9
8
13
6
10
6
8
6
6
6
6
6
8
5
7
10
6
7
12
8
8
17
9
7
9
7
6
5
7
12
8
5
9
10
5
10
11
9
10
3
7
4
6
14
8
7
10
8
8
10
8
11
6
4
9
6
9
7
4
6
7
14
8
8
4
7
13
11
9
10
4
7
7
11
12
6
11
6
12
6
7
5
9
6
5
9
7
7
7
11
5
4
4
8
8
3
12
7
6
8
7
11
12
6
5
11
2
11
8
7
9
8
7
11
5
6
5
4
4
7
2
10
13
7
9
8
4
6
9
8
9
14
5
8
4
4
6
5
5
5
8
11
13
6
6
4
7
15
9
6
8
7
9
4
7
6
3
3
12
5
10
9
4
6
8
7
7
9
8
6
6
3
10
7
8
8
5
8
8
5
4
4
10
6
9
8
11
10
12
7
6
7
6
9
9
10
4
10
8
5
5
6
10
7
9
7
5
3
5
2
7
9
4
10
4
12
3
8
4
8
8
7
6
3
7
5
5
9
6
10
7
6
9
6
4
6
10
10
7
8
6
12
7
8
10
10
5
9
7
7
10
5
3
8
7
10
5
8
9
10
12
5
8
8
8
9
6
3
5
3
6
8
7
6
4
3
8
10
6
7
6
6
10
7
8
4
11
5
11
11
10
9
7
7
7
8
6
8
10
5
11
7
6
5
6
7
5
8
7
8
11
8
6
5
10
11
4
7
3
9
5
6
9
6
5
6
6
5
11
7
5
9
9
10
8
6
6
9
7
8
4
8
11
8
6
2
6
6
7
7
10
3
5
6
6
7
6
5
4
5
7
5
9
2
7
10
5
4
8
3
0
3
4
6
7
13
5
3
8
4
7
5
5
8
3
9
11
9
9
5
9
7
9
7
6
3
6
2
6
5
10
6
7
7
8
8
7
4
3
7
6
8
9
7
8
4
3
7
8
8
4
8
7
5
5
6
5
1
3
7
3
5
5
8
7
7
5
7
2
3
9
2
2
5
5
4
12
5
9
4
5
5
6
8
3
8
4
3
9
4
5
2
6
8
4
5
6
4
2
2
10
5
6
7
5
5
6
5
2
5
5
2
5
6
6
4
6
6
5
7
5
4
3
7
6
7
3
11
8
8
3
7
7
5
7
10
5
4
6
7
5
6
6
6
8
4
7
7
5
9
5
8
2
5
4
6
3
4
7
7
9
5
4
5
7
8
7
8
7
6
6
7
9
4
2
7
6
4
4
6
5
2
2
4
4
9
7
5
7
9
7
5
4
12
6
6
7
4
3
4
4
2
2
7
5
2
3
7
7
3
7
12
3
5
3
2
2
7
4
6
6
7
5
6
4
3
8
6
2
7
5
6
4
4
7
1
6
7
7
9
4
6
11
4
6
4
1
3
4
8
9
7
4
6
9
4
5
6
2
10
5
10
6
3
7
4
7
6
8
3
9
6
1
6
3
6
4
5
6
5
5
4
7
6
5
7
2
4
8
5
5
9
5
9
4
9
8
5
7
3
2
12
4
8
4
4
3
6
5
4
9
3
7
8
3
2
3
5
8
3
11
3
2
5
10
8
3
4
8
3
2
4
3
5
6
8
7
3
6
6
2
8
5
5
8
8
5
4
3
5
3
5
13
2
10
7
5
6
6
4
10
2
5
8
10
11
5
5
5
5
9
5
6
5
5
5
6
6
9
12
7
3
5
5
7
6
9
7
8
5
4
8
12
10
13
17
6
8
11
12
14
11
5
7
13
15
6
9
10
7
9
6
11
12
4
13
4
13
8
10
12
13
6
7
17
9
8
10
6
12
11
6
11
7
6
7
5
6
7
6
7
2
9
6
6
9
5
6
7
6
5
3
2
7
11
4
6
4
6
3
3
6
3
7
6
3
5
6
10
7
2
2
4
9
9
4
2
3
7
3
7
3
6
4
6
9
4
1
1
7
2
5
7
9
5
0
7
4
6
4
5
7
7
1
2
2
5
1
7
0
5
2
2
5
6
5
3
4
7
5
9
7
3
1
6
1
5
3
8
3
0
7
4
3
7
2
8
4
3
5
5
7
5
3
5
1
9
0
5
3
6
3
0
6
3
6
5
0
3
2
8
4
5
2
6
7
4
2
2
4
4
3
5
5
10
4
8
4
4
3
5
7
5
5
4
8
2
4
3
6
5
6
5
7
5
5
3
8
5
6
7
6
8
3
4
6
7
8
3
6
5
4
3
4
4
0
4
5
0
8
3
7
1
8
5
5
7
6
8
5
6
6
5
1
2
4
3
8
4
6
3
5
5
5
6
6
9
3
9
4
2
4
4
9
7
5
2
6
8
7
8
5
5
6
2
5
9
2
3
6
5
3
2
2
4
3
4
3
3
5
3
4
3
5
5
5
5
5
4
6
1
3
6
4
3
1
3
3
2
6
0
2
3
4
7
5
8
9
2
8
7
6
3
4
10
5
4
3
5
2
9
2
4
5
5
8
1
10
5
3
2
6
1
8
3
2
1
4
7
4
1
2
7
5
4
4
4
8
4
2
2
0
6
2
4
3
7
8
2
5
5
1
4
3
1
3
1
3
5
3
5
4
5
3
7
2
7
5
4
2
3
6
2
1
5
3
3
5
2
8
6
6
3
2
4
6
4
5
4
4
4
7
4
6
4
6
4
3
3
4
3
8
1
5
5
4
7
3
3
3
6
6
3
3
7
5
3
5
8
3
4
4
7
2
6
6
8
3
4
5
3
4
3
5
1
3
2
3
7
6
4
6
4
1
7
4
1
4
1
4
5
1
1
2
2
5
1
7
4
6
1
6
1
5
3
6
8
5
6
8
2
2
7
1
3
3
1
4
5
4
4
6
7
6
7
6
4
4
3
5
3
4
6
7
4
3
1
4
5
5
3
3
5
1
4
2
2
3
4
4
4
3
5
5
3
3
5
3
2
5
10
6
1
5
9
3
6
3
2
6
4
7
7
3
4
4
5
7
5
3
6
4
6
5
3
14
3
6
2
6
13
4
7
7
4
6
2
8
4
5
7
3
7
2
3
5
5
4
8
6
8
3
9
7
7
6
3
6
6
8
3
9
10
5
11
3
7
8
9
10
4
8
7
9
2
6
11
8
10
10
5
1
7
8
5
8
3
5
5
4
8
7
7
12
4
3
4
6
7
4
6
7
7
2
2
9
1
4
5
6
5
4
4
5
4
4
3
4
4
2
3
4
5
4
2
2
1
4
4
6
1
5
4
4
3
3
4
5
4
5
6
4
6
3
1
6
2
2
2
1
2
5
2
5
7
3
2
3
4
3
0
2
6
3
3
10
5
6
0
5
0
3
5
4
6
4
4
3
1
2
5
5
3
7
4
5
3
1
5
3
2
4
3
7
7
3
3
2
2
3
3
3
0
4
3
5
1
0
4
10
4
1
3
1
2
5
1
2
6
5
3
7
2
4
1
4
2
1
2
2
4
3
3
4
3
2
2
2
6
1
1
4
3
3
4
2
3
8
5
9
6
3
8
5
1
3
3
5
6
1
2
3
2
2
2
4
4
3
7
5
2
5
7
2
4
3
5
2
4
3
0
4
5
4
2
2
5
5
4
7
5
6
5
4
4
6
3
5
7
2
4
1
5
3
4
6
2
3
5
4
4
0
4
2
6
2
2
6
3
6
6
3
4
1
2
5
1
4
2
7
2
3
2
3
1
7
1
4
2
2
0
3
1
5
5
3
6
3
1
5
2
0
2
2
4
3
1
3
2
0
2
2
2
2
5
8
2
3
5
8
2
5
3
3
5
2
3
4
3
4
1
0
5
3
5
2
5
4
3
7
4
0
1
2
3
3
4
9
2
2
2
3
4
4
2
3
3
5
2
6
6
4
5
2
1
5
4
2
5
3
1
2
2
3
3
2
1
3
5
1
4
0
3
3
5
4
3
2
3
1
1
4
3
4
3
4
5
3
2
1
3
1
2
5
0
1
2
3
1
4
2
3
2
5
2
0
4
1
4
5
2
7
5
6
1
5
4
3
3
4
4
3
4
4
1
3
4
4
3
3
2
5
2
4
2
5
3
3
2
1
2
2
9
3
4
4
5
1
1
4
2
2
3
1
8
3
2
1
5
2
5
5
1
6
2
2
3
2
3
6
3
5
1
4
6
4
6
1
2
3
6
1
3
4
1
3
1
0
3
5
4
5
5
0
3
10
4
5
5
4
5
3
3
5
3
3
2
1
5
4
5
3
6
2
1
4
5
2
5
4
4
2
2
1
1
1
2
4
5
2
4
6
2
4
3
2
4
2
6
3
1
0
5
8
3
3
3
5
5
2
3
1
1
1
2
0
4
1
1
3
2
5
2
8
3
4
4
6
5
1
1
0
2
4
6
2
2
1
3
0
4
2
2
1
5
2
4
5
0
2
4
2
2
2
3
1
5
1
3
2
4
0
1
3
1
4
2
2
4
0
2
3
2
3
0
4
2
1
2
2
3
3
2
4
3
8
0
3
4
2
5
0
4
3
2
1
2
2
4
5
1
4
2
4
4
6
0
5
3
4
0
4
2
1
2
3
3
0
4
1
3
4
2
3
8
5
2
0
11
6
0
4
7
3
2
2
5
6
3
3
1
2
2
1
4
3
3
4
5
1
2
2
1
3
3
2
2
0
2
2
1
2
2
4
1
0
2
6
2
2
5
3
4
4
2
1
6
3
2
7
4
2
3
4
3
5
4
2
2
3
0
4
4
2
3
1
2
1
1
9
4
8
4
2
2
2
4
3
1
3
3
3
4
4
8
3
3
3
2
3
0
1
6
3
2
3
2
2
3
4
4
4
4
2
0
3
3
5
2
4
3
3
3
3
2
4
1
3
0
4
2
2
4
4
2
0
3
2
4
1
6
5
4
2
3
2
3
3
3
1
4
3
3
3
5
6
0
3
3
1
5
4
4
3
5
2
2
1
4
0
5
6
2
2
4
4
3
3
2
3
2
3
3
3
5
1
3
3
3
4
2
2
4
4
3
3
2
3
3
3
2
3
2
5
3
0
2
3
1
4
4
5
3
2
3
2
4
2
2
1
4
4
4
2
3
5
1
2
5
5
1
0
2
2
2
8
3
2
5
3
6
3
4
1
0
3
1
5
2
2
4
1
2
3
2
0
5
2
4
2
2
2
4
4
0
1
3
4
3
2
2
2
5
2
4
3
1
0
5
3
1
2
2
2
2
5
2
2
5
1
4
3
3
2
5
3
4
5
1
2
3
1
3
2
1
4
2
4
3
5
1
3
5
5
5
0
1
6
3
5
1
5
1
3
5
3
8
5
5
2
3
2
4
7
0
2
4
1
2
4
2
6
4
3
6
4
2
0
2
4
7
1
3
3
2
1
5
2
5
5
5
9
4
4
1
5
7
4
4
2
5
2
3
9
2
3
4
2
4
0
1
6
2
2
2
3
5
2
0
3
1
3
3
3
3
1
4
6
0
3
1
4
3
3
3
3
4
3
4
3
1
2
3
1
7
1
1
1
3
1
1
0
4
1
5
3
2
1
2
3
3
2
4
6
2
7
3
2
3
1
4
0
1
4
4
1
3
2
3
3
2
2
2
0
6
0
4
0
3
1
2
1
2
6
3
5
4
4
4
4
6
5
3
4
4
5
3
2
3
7
3
2
2
3
1
2
2
3
2
0
3
3
2
1
2
2
2
2
0
3
3
2
3
3
0
2
2
1
3
4
2
2
3
3
4
5
2
4
2
1
3
3
2
2
1
3
2
1
6
0
2
2
2
3
1
0
4
0
1
2
1
2
3
1
2
3
2
2
1
1
1
4
4
0
1
5
2
0
2
2
1
5
3
2
1
3
2
2
2
6
4
4
5
1
1
4
2
2
1
2
3
2
2
5
4
1
1
2
1
1
3
3
1
2
5
4
2
2
3
4
2
2
1
5
3
2
2
1
1
2
0
2
2
4
2
4
0
4
2
2
6
4
2
2
1
1
2
4
3
2
1
2
0
2
1
7
0
4
3
2
1
3
3
5
4
2
4
2
1
0
1
3
0
2
3
2
3
3
0
1
6
0
2
1
2
6
2
0
3
1
0
3
0
0
1
2
3
2
2
0
3
4
0
3
2
0
3
2
4
4
1
1
0
5
5
1
3
0
3
1
2
0
1
1
1
1
1
3
3
1
3
0
2
5
2
4
4
5
0
2
1
2
6
5
4
2
1
0
1
2
2
5
5
1
3
2
1
4
3
1
2
3
3
4
1
1
2
3
3
1
2
2
2
3
2
0
0
4
5
2
4
1
1
3
2
3
2
1
0
2
2
3
2
2
3
4
3
1
1
5
1
3
4
4
2
4
4
1
3
2
1
1
1
3
4
4
0
3
3
1
3
1
4
4
2
5
6
5
2
4
2
4
5
1
3
2
0
0
2
4
2
5
5
3
2
1
1
2
5
3
0
1
1
2
1
2
2
1
2
2
5
3
3
1
2
1
5
2
1
5
5
2
5
3
3
6
1
2
4
2
2
3
2
2
4
2
2
0
1
3
4
4
5
2
3
5
3
5
8
2
1
5
4
4
2
2
4
5
4
5
4
4
2
2
6
2
7
7
3
5
6
0
3
4
7
3
5
1
3
4
7
7
5
3
5
2
3
3
5
5
3
4
5
7
5
3
5
4
5
8
1
4
6
5
4
4
2
4
8
7
7
3
7
7
5
3
3
2
3
4
3
7
4
3
3
6
1
6
5
2
4
4
5
1
3
3
2
3
1
2
1
2
1
0
0
2
4
2
1
3
3
0
1
2
0
0
6
2
1
0
4
5
4
3
4
1
0
1
2
1
1
2
4
1
1
1
2
0
3
4
4
1
5
3
4
2
3
1
4
2
0
1
3
1
4
1
4
5
3
1
1
2
4
5
2
6
5
2
4
0
0
1
1
2
3
3
2
1
2
1
3
2
1
1
2
1
1
3
6
1
1
0
2
2
4
1
3
3
5
3
1
3
8
3
1
2
5
5
0
2
5
2
2
1
3
4
1
1
1
1
1
2
1
5
0
5
2
1
1
3
3
1
1
3
2
4
3
3
0
1
0
1
1
2
4
6
3
1
1
0
3
1
4
1
1
2
4
0
3
3
1
5
6
1
4
3
4
1
1
3
2
2
1
1
5
1
0
5
0
3
2
1
3
1
2
3
1
1
5
2
2
0
2
5
1
1
4
0
1
2
3
4
1
3
2
1
1
2
0
1
3
1
1
3
1
3
1
2
2
4
3
5
2
0
4
1
2
4
0
5
2
3
1
1
3
1
2
1
4
0
2
2
3
2
3
2
3
1
2
4
0
1
2
1
1
2
4
2
0
2
1
2
3
4
3
2
2
2
3
3
3
4
5
4
2
0
1
1
1
2
0
2
2
2
1
1
1
3
1
3
2
3
5
1
1
1
5
3
2
4
2
3
3
3
4
2
4
2
0
1
0
2
3
3
0
1
3
2
1
2
3
6
5
1
1
3
1
3
4
1
2
4
2
3
1
3
2
3
4
7
2
1
4
5
2
5
2
1
1
3
1
2
2
2
0
1
0
0
0
3
2
0
3
2
2
3
3
4
2
2
2
2
2
4
1
3
2
4
2
3
4
2
4
6
3
4
3
2
4
3
3
4
4
3
4
1
4
4
4
1
2
2
1
5
1
2
4
3
4
4
0
3
3
3
2
4
3
2
2
5
1
4
2
2
2
1
2
2
1
3
3
2
1
0
2
4
0
4
1
3
4
1
2
1
0
0
3
6
1
0
3
0
0
1
1
1
0
3
2
1
6
2
3
2
0
5
3
3
3
3
3
4
0
1
4
1
3
4
3
1
2
0
2
1
2
0
2
5
1
4
2
1
0
2
0
4
2
1
5
5
2
1
3
2
1
2
4
4
3
2
5
2
3
1
4
1
3
2
1
2
4
1
3
5
1
4
2
4
2
4
2
6
1
4
2
0
4
2
3
3
4
3
2
4
2
2
2
2
1
2
3
2
4
2
2
1
0
1
3
0
4
2
2
2
2
3
4
4
0
3
1
3
1
5
6
1
3
2
2
4
3
1
0
4
1
0
3
5
3
0
1
1
3
0
1
4
6
1
2
0
1
0
2
1
2
5
1
6
4
2
2
2
4
5
3
3
2
0
4
3
3
2
4
5
1
2
1
2
2
1
1
1
2
2
2
2
2
0
2
0
2
3
1
1
2
3
2
3
5
0
4
3
2
3
2
2
5
3
2
3
5
2
6
3
3
2
3
1
3
4
1
3
4
2
2
3
1
1
1
2
5
4
0
0
0
2
5
2
1
2
2
1
2
0
3
2
5
2
5
3
1
2
2
1
1
2
2
2
1
2
4
2
3
1
0
3
2
2
1
2
1
3
0
1
0
1
5
1
4
3
1
6
2
4
3
2
2
0
3
4
2
2
0
2
3
1
1
2
4
1
2
1
3
2
3
4
2
2
1
5
1
4
1
0
3
2
3
2
2
0
1
4
4
2
1
2
4
3
1
5
1
3
0
4
3
3
4
3
3
1
5
2
2
3
4
3
2
4
2
2
1
5
1
2
1
4
0
4
3
3
4
4
3
5
4
1
2
4
1
4
2
1
1
1
2
3
3
2
1
1
2
2
5
3
0
3
1
2
5
1
2
4
2
0
1
2
1
2
2
4
5
2
6
0
6
7
2
3
1
0
1
3
3
3
1
5
2
2
3
5
3
2
2
3
4
1
3
3
2
3
2
2
2
1
2
2
2
1
0
3
2
1
0
1
1
3
5
3
0
3
2
3
3
1
0
2
3
1
2
3
2
3
0
2
1
2
2
2
2
0
1
2
3
3
5
3
3
4
1
2
1
0
1
1
1
1
2
1
5
1
1
5
0
0
2
1
3
1
5
6
2
1
2
1
4
3
3
2
3
2
4
3
0
3
3
3
1
1
1
2
2
2
1
2
4
3
3
0
1
5
2
1
0
1
3
1
1
0
3
4
1
2
3
3
3
0
2
1
2
1
3
3
3
1
4
2
1
2
1
1
2
4
7
2
0
3
3
2
2
2
2
2
2
1
5
0
3
5
4
2
3
1
2
0
3
3
2
0
3
6
4
2
0
3
6
0
4
0
3
1
2
2
1
4
1
1
2
0
2
3
1
3
2
2
2
3
2
2
0
3
4
3
1
0
2
4
2
1
1
2
1
1
1
5
1
4
2
0
1
1
1
4
3
2
1
6
1
1
2
1
0
4
1
1
2
4
0
3
3
2
1
1
3
1
3
2
1
3
3
1
0
5
2
3
6
1
7
1
2
1
4
1
3
3
2
0
0
4
1
3
4
2
4
3
2
4
1
3
3
0
4
2
3
3
3
4
3
3
2
0
3
0
0
2
1
3
2
3
2
4
3
2
2
2
3
3
2
0
3
1
7
1
2
3
1
4
2
3
7
0
1
4
6
3
2
2
2
1
5
2
4
2
1
4
1
1
2
3
5
3
1
2
4
3
3
3
3
5
3
1
3
1
2
0
1
0
2
0
2
1
0
1
1
2
2
1
2
2
1
0
1
2
1
1
1
0
1
3
2
1
3
0
1
0
3
1
4
3
6
1
2
0
2
3
2
1
1
3
2
0
2
3
1
0
0
1
0
2
3
3
3
2
2
1
1
2
1
1
0
3
0
3
2
3
2
3
0
2
2
1
2
0
0
2
2
0
2
2
1
0
2
2
0
1
3
0
1
1
2
2
3
1
1
1
2
1
1
1
0
0
1
1
2
2
2
3
3
0
3
0
1
1
2
2
0
3
1
1
1
0
0
1
1
1
3
2
1
2
1
3
0
1
1
1
2
2
1
3
1
2
3
2
1
1
0
2
1
2
1
5
2
1
1
0
2
2
1
1
1
1
1
2
3
2
0
0
1
0
3
1
1
2
1
0
3
1
2
1
1
3
1
1
1
1
3
0
0
1
1
0
2
0
3
1
1
3
1
0
2
0
2
0
3
1
1
1
2
0
1
1
0
1
0
0
2
0
2
3
1
0
1
1
0
1
4
1
1
3
2
0
2
1
1
2
1
2
2
5
3
4
4
2
2
2
1
2
1
1
4
1
1
0
1
1
3
2
1
1
1
1
2
0
0
1
2
0
2
0
0
2
3
0
3
1
0
2
1
1
0
1
1
1
2
5
2
3
1
1
1
0
3
1
0
3
3
3
1
0
2
3
0
2
0
2
3
1
2
3
0
1
2
2
1
0
1
2
2
3
0
0
1
2
1
1
1
0
1
1
3
4
0
2
4
0
2
3
0
2
1
1
3
2
1
4
2
1
1
0
1
0
2
2
2
1
1
1
5
1
1
0
1
2
3
3
2
0
0
3
1
1
2
0
0
3
1
0
2
1
1
2
1
2
0
1
4
0
0
2
5
2
0
3
2
4
1
1
2
1
2
3
2
2
3
1
4
0
1
1
0
1
1
4
0
3
3
0
0
1
1
5
1
1
1
3
0
4
1
3
1
2
2
1
2
2
0
2
2
0
1
2
0
0
1
1
0
1
0
0
2
1
1
1
1
0
0
0
1
2
2
2
1
2
0
0
3
1
3
3
0
1
0
2
2
0
0
1
0
2
2
1
0
1
1
1
0
3
1
3
1
4
0
1
1
2
0
2
1
3
1
2
0
1
0
1
0
2
1
2
1
3
1
2
1
2
1
0
2
2
3
3
1
1
0
1
2
1
0
0
2
0
1
4
1
3
1
2
0
1
1
1
1
4
2
3
0
0
2
0
1
3
0
0
2
0
1
2
1
0
2
1
0
1
1
0
2
0
2
1
0
1
1
1
1
4
2
2
0
1
0
1
2
0
0
2
1
1
0
4
2
1
0
5
2
2
0
0
0
2
2
3
3
0
3
0
2
2
1
2
4
2
2
1
2
1
0
2
0
0
0
1
0
3
4
1
0
0
3
3
2
1
1
0
1
1
0
1
1
2
0
0
1
1
0
2
0
0
2
1
0
1
0
0
1
1
1
2
1
1
1
2
1
0
0
4
1
0
1
1
0
0
1
0
3
2
0
1
1
1
1
2
0
0
0
0
0
1
0
2
1
0
2
1
0
1
1
0
1
0
0
1
0
1
1
0
1
1
0
1
2
0
1
1
1
0
0
0
1
0
1
0
0
4
2
2
1
2
0
2
0
0
2
2
1
1
1
2
2
4
1
3
3
2
1
0
1
0
1
1
0
2
2
1
1
1
1
1
2
0
0
0
0
2
2
0
0
0
1
0
1
2
2
3
0
1
2
1
0
0
1
1
1
2
1
3
2
0
1
0
1
1
2
3
1
0
1
1
5
1
0
1
0
2
0
1
1
3
0
0
2
0
2
1
1
0
1
1
2
0
0
1
2
0
1
1
1
2
1
1
0
2
2
2
1
1
1
2
0
0
1
1
2
0
2
4
1
1
1
2
3
4
1
0
0
0
1
3
1
3
2
1
0
0
1
6
1
2
0
0
3
2
0
0
0
0
1
1
1
0
1
2
0
0
2
1
1
0
0
1
0
3
2
1
2
0
1
1
1
3
2
2
0
1
0
1
1
1
2
4
1
0
2
4
2
0
0
2
2
1
0
1
0
1
3
1
1
0
0
1
0
1
2
1
1
1
1
0
1
0
2
1
0
2
1
2
4
1
0
0
1
1
0
2
1
0
1
0
0
1
1
1
0
1
1
1
1
0
0
1
1
1
1
0
0
2
1
1
1
2
0
1
1
0
1
2
0
3
1
1
0
0
2
1
0
1
0
0
2
3
1
1
1
2
4
0
1
1
1
0
1
1
1
3
0
2
2
2
0
1
2
1
0
1
2
1
0
4
0
1
1
0
2
0
0
0
2
1
1
1
1
1
1
0
0
0
1
0
0
0
1
1
1
0
1
1
1
0
0
1
2
0
0
0
0
0
2
3
0
1
1
0
1
2
1
2
1
2
0
0
1
0
0
1
2
0
0
0
1
0
0
2
1
1
2
0
0
0
3
2
0
0
1
1
2
3
1
0
2
0
2
2
1
1
3
0
0
1
4
0
2
0
2
4
0
0
0
0
0
1
1
0
0
0
1
0
0
1
0
1
0
2
2
2
1
1
1
1
0
0
2
1
2
1
0
1
0
1
0
0
2
2
1
5
1
1
1
3
1
0
1
1
0
0
0
1
1
1
1
0
0
1
0
1
0
1
1
1
0
1
2
2
0
0
0
2
0
0
0
0
1
0
1
1
1
1
1
3
2
2
0
0
2
1
2
1
0
1
1
2
1
3
2
1
1
1
2
0
0
0
2
2
0
2
2
0
0
1
0
0
0
0
0
1
3
0
0
0
1
1
2
0
0
0
0
0
1
0
0
0
0
0
1
1
0
0
2
0
0
0
1
1
1
0
0
0
1
0
0
0
1
1
0
0
1
2
1
0
3
1
1
2
1
0
2
0
2
0
0
0
0
1
1
0
0
0
0
0
0
1
2
2
0
1
1
1
0
0
1
2
1
0
0
0
2
1
1
0
1
0
0
0
2
0
0
1
1
0
0
0
0
1
0
0
0
0
1
2
1
0
0
0
1
0
0
4
2
0
2
0
2
0
1
1
2
3
0
1
0
1
1
2
2
0
2
1
0
0
0
1
2
3
1
2
3
0
1
2
1
2
2
1
1
0
2
1
2
0
2
0
1
1
0
1
0
0
1
2
1
2
1
2
4
0
1
1
1
0
0
1
4
3
0
1
0
2
1
1
2
2
0
0
0
2
2
2
0
1
1
0
2
2
0
1
2
2
0
0
0
1
1
0
2
0
0
0
0
2
0
0
0
0
4
0
0
0
0
0
0
1
3
2
1
0
1
0
0
0
2
3
0
0
2
1
0
2
1
1
2
1
3
1
1
1
0
0
1
0
0
1
0
3
0
0
1
0
0
1
2
1
0
1
1
3
1
1
1
3
0
2
1
3
0
1
2
2
1
1
0
1
1
2
1
0
0
0
0
1
1
2
1
0
2
2
0
0
1
0
2
0
0
0
0
0
2
0
1
0
0
1
0
0
0
0
0
0
2
2
0
1
2
0
2
0
0
1
0
0
0
1
1
0
0
2
0
2
1
0
0
0
0
1
1
1
0
1
0
2
1
0
1
1
1
2
1
0
1
3
1
0
1
2
0
2
0
0
3
1
2
1
1
1
0
0
0
0
1
1
1
0
1
3
0
0
1
2
1
1
2
2
1
2
2
0
2
0
1
0
3
0
0
2
2
1
0
1
2
2
1
4
1
1
0
1
1
0
0
1
2
1
0
1
0
0
1
1
3
2
0
1
2
1
1
0
0
6
1
1
1
2
1
1
0
0
0
0
0
0
2
1
1
0
1
0
0
0
0
1
0
2
0
0
3
0
0
1
0
0
0
0
0
2
1
1
0
0
0
0
1
2
0
1
1
2
1
0
2
1
0
0
1
2
2
0
0
0
1
0
0
1
0
1
0
1
0
0
1
1
1
1
0
1
0
1
1
4
1
0
1
1
0
1
0
2
0
0
1
0
0
0
0
0
2
0
1
0
0
2
0
0
0
0
2
0
1
0
0
0
0
2
2
0
1
0
0
0
1
0
0
0
0
1
1
0
0
1
0
1
0
1
4
1
0
1
0
0
1
0
0
1
1
2
0
0
0
0
2
1
2
0
0
1
0
0
1
2
0
0
2
2
0
0
0
1
0
1
0
1
1
1
0
1
0
1
0
1
2
0
0
1
0
1
2
0
0
0
2
1
0
0
0
0
1
2
0
0
1
2
0
0
1
2
1
0
2
0
0
0
0
0
1
1
1
0
0
1
1
1
1
1
0
1
1
1
2
0
2
0
0
1
0
1
0
1
0
1
1
1
1
0
0
1
0
1
0
1
1
0
0
0
0
1
0
0
1
0
1
0
1
0
1
1
0
0
0
0
1
0
0
1
1
2
0
0
1
0
1
1
0
2
0
0
1
0
0
0
3
1
0
1
0
3
2
0
0
0
1
0
0
0
1
0
0
0
1
0
1
0
0
1
0
0
1
0
0
1
1
1
1
1
0
0
0
1
0
0
2
1
0
1
1
0
1
0
0
1
0
2
0
2
1
1
0
1
0
0
1
1
1
1
1
2
1
0
0
2
1
0
1
0
0
1
3
1
1
0
1
1
0
1
0
0
2
0
0
1
0
0
0
0
1
0
0
0
1
0
0
2
0
0
0
0
0
0
1
0
1
0
1
0
1
0
0
1
0
0
2
1
1
0
0
0
0
0
1
1
0
1
2
0
0
1
0
1
1
0
1
3
1
1
1
2
1
0
0
0
1
1
0
1
0
0
2
2
3
0
1
2
0
1
1
0
2
2
1
1
2
0
0
1
0
0
1
0
2
0
2
1
3
2
2
2
2
1
0
0
0
0
1
0
1
1
0
3
2
1
1
1
0
1
1
0
1
0
2
0
1
1
2
0
0
1
3
2
1
1
0
0
1
3
3
1
1
1
3
2
2
4
1
2
2
4
3
4
4
5
6
3
3
5
1
3
4
5
6
3
3
12
7
9
5
6
4
11
3
7
9
6
7
6
5
4
11
11
10
13
6
12
9
4
11
12
7
7
4
12
10
12
14
7
16
9
18
9
8
11
11
7
7
10
6
5
11
10
8
6
14
7
6
4
8
7
6
7
6
4
5
3
4
4
8
5
3
3
2
4
2
2
9
7
5
9
3
6
5
4
6
4
5
6
7
6
7
5
4
4
0
4
2
1
4
4
7
3
2
2
2
1
1
2
2
2
2
3
2
3
3
0
4
1
1
0
2
4
4
2
0
2
1
2
0
0
0
1
1
1
0
1
1
0
0
0
0
0
2
1
0
0
3
1
0
2
0
3
0
1
1
1
1
2
0
2
1
3
0
0
1
0
1
1
0
1
0
1
1
1
2
0
0
1
2
0
0
0
1
0
0
0
0
2
0
1
1
0
2
0
0
0
0
1
1
2
1
0
0
0
0
0
1
1
1
1
1
0
1
0
0
0
0
1
0
0
1
0
1
0
1
1
1
1
1
1
0
0
0
0
2
0
0
1
1
0
0
1
2
0
0
0
0
0
1
0
1
0
0
0
0
0
0
1
0
0
0
0
0
1
0
0
0
0
0
0
1
0
2
1
0
1
1
0
0
2
0
0
0
1
1
0
2
0
0
2
0
0
0
0
2
0
0
0
1
0
0
0
1
0
0
1
2
0
0
1
1
0
0
0
1
0
4
1
0
1
2
2
1
0
1
1
1
0
1
1
1
1
0
0
1
2
0
1
0
0
0
0
0
0
0
0
0
0
0
0
2
1
1
1
0
1
0
1
0
0
0
0
1
1
1
1
0
0
0
0
0
1
0
0
0
1
0
2
0
0
0
0
0
1
0
0
0
1
0
2
1
1
0
0
0
0
0
0
0
0
1
2
0
1
0
1
0
2
1
0
1
0
1
1
1
1
0
0
1
1
1
1
0
0
0
1
2
0
0
0
0
1
1
0
2
0
0
0
1
3
3
1
0
0
1
1
0
3
0
2
0
2
1
1
0
2
0
2
1
1
0
1
2
0
0
0
1
0
0
0
0
3
1
1
0
0
1
1
0
0
0
1
0
0
0
0
1
1
1
0
0
0
2
0
0
1
0
1
0
0
0
0
1
0
1
1
1
1
0
1
0
1
0
1
1
1
0
0
0
1
0
0
1
0
0
1
0
0
1
1
2
0
0
0
0
0
0
0
0
1
0
0
0
0
1
0
0
1
1
1
0
0
1
1
1
1
3
1
0
0
1
1
1
0
0
0
1
2
0
0
0
0
0
0
1
1
0
0
2
2
0
1
1
1
0
3
0
0
0
1
0
0
1
1
0
0
3
1
1
0
0
0
0
1
1
0
1
0
0
0
0
0
0
1
0
0
1
1
0
0
0
1
0
1
0
2
0
1
1
1
0
0
1
1
1
1
0
0
0
1
0
1
0
0
0
0
0
2
0
0
0
1
0
0
0
0
0
0
1
1
1
1
0
0
0
0
1
0
1
0
0
1
0
0
0
1
0
0
1
1
0
2
0
0
1
0
0
1
2
2
0
0
0
3
0
0
0
1
1
0
0
1
0
1
0
1
3
1
0
0
0
0
0
0
2
1
0
0
1
0
0
0
0
0
0
1
0
0
0
1
0
0
1
0
0
0
0
1
0
1
1
1
0
0
0
1
0
1
1
0
0
0
0
0
0
1
2
0
0
1
0
0
0
1
0
0
0
1
0
0
0
1
0
1
0
2
0
1
0
1
1
1
0
0
0
0
0
0
1
1
0
0
0
1
0
0
2
0
0
1
0
0
0
0
0
1
2
0
0
1
1
0
0
0
0
0
0
0
2
0
0
0
0
0
0
0
0
1
0
2
2
0
0
0
0
0
1
0
0
0
1
0
0
1
0
0
0
0
0
0
0
1
0
3
0
1
1
0
1
2
0
0
0
1
1
1
1
2
0
2
0
0
0
0
1
1
0
0
1
0
0
1
0
0
0
0
1
1
0
1
0
0
0
1
0
2
1
0
2
0
0
1
1
1
0
2
0
0
0
0
0
1
1
0
0
0
0
0
0
0
0
0
0
0
0
0
0
1
0
0
0
2
0
0
0
0
0
1
1
0
0
0
0
1
1
0
1
0
0
0
0
0
0
1
0
0
0
0
1
1
1
0
0
0
0
3
0
0
1
0
0
0
1
0
0
0
0
0
0
1
1
0
0
2
0
1
0
1
1
0
1
0
1
0
1
1
0
0
0
0
0
0
0
0
0
0
0
0
0
0
0
0
0
0
0
0
0
0
0
0
0
0
0
0
0
0
0
0
0
0
0
0
0
0
0
0
0
0
0
0
0
0
0
0
0
0
0
0
0
0
0
0
0
0
0
0
0
0
0
0
0
0
0
0
0
0
0
0
0
0
0
0
0
0
0
0
0
0
0
0
0
0
0
0
0
0
0
0
0
0
0
0
0
0
0
0
0
0
0
0
0
0
0
0
0
0
0
0
0
0
0
0
0
0
0
0
0
0
0
0
0
0
0
0
0
0
0
0
0
0
0
0
0
0
0
0
0
0
0
0
0
0
0
0
0
0
0
0
0
0
0
0
0
0
0
0
0
0
0
0
0
0
0
0
0
0
0
0
0
0
0
0
0
0
0
0
0
0
0
0
0
0
0
0
0
0
0
0
0
0
0
0
0
0
0
0
0
0
0
0
0
0
0
0
0
0
0
0
0
0
0
0
0
0
0
0
0
0
0
0
0
0
0
0
0
0
0
0
0
0
0
0
0
0
0
0
0
0
0
0
0
0
0
0
0
0
0
0
0
0
0
0
$ROI:
0
0
$PRESETS:
Live Time
0
0
