$SPEC_ID:

$SPEC_REM:
DET# 1
DETDESC# MCB 25
AP# ORCA (11.0h)
$DATE_MEA:
2017-08-12 15:17:13 +0000
$MEAS_TIM:
3195.36 4320.00
$DATA:
0 16383
0
0
0
0
0
0
0
0
0
0
0
0
0
0
0
0
0
0
0
0
0
0
0
0
0
0
0
0
0
0
0
0
0
0
0
0
0
0
0
0
0
0
0
0
0
0
0
0
0
0
0
0
0
0
0
0
0
0
0
0
0
0
0
0
0
0
0
0
0
0
0
0
0
0
0
0
0
0
0
0
0
0
0
0
0
0
0
0
0
0
0
0
0
0
0
0
0
0
0
0
0
0
0
0
0
0
0
0
1
2
5
38
1548
10522
19598
18940
17012
16251
15894
15844
15971
16088
16278
16516
16624
16788
17173
17257
17378
17526
17549
17627
17752
17881
17752
17885
17792
17982
17837
17594
17586
17826
17442
17677
17729
17353
17304
17434
17008
17156
17140
17090
16987
17021
17083
16952
16794
16749
17044
16739
16836
16569
16563
16773
16344
16593
16501
16481
16503
16296
16261
16322
16248
16521
16128
16164
16204
15949
16129
15939
16110
15961
16029
15900
16065
15805
15876
15869
15588
15999
15656
15681
15477
15733
15651
15477
15565
15601
15441
15278
15521
15275
15317
15418
15279
15223
15451
15516
15243
15328
15280
15050
15071
14976
14966
15134
14928
15054
14955
14869
15076
14668
15039
14802
14772
15108
14784
14885
14739
15030
14846
14885
14648
14394
14521
14456
14656
14476
14402
14490
14328
14441
14353
14475
14232
14355
14569
14300
14115
14247
14273
14353
14291
14375
14113
14270
14201
14150
13973
14198
14205
14057
14240
14183
14168
14054
13857
14101
13966
13952
14090
14106
13827
13789
13838
13616
13761
13842
13821
14012
13713
13820
13984
13792
13730
13716
13714
13649
13753
13774
13433
13474
13460
13691
13550
13591
13558
13529
13502
13540
13699
13563
13382
13522
13769
13486
13376
13474
13530
13442
13345
13513
13292
13414
13395
13156
13370
13028
13274
13328
13031
13072
13325
13140
13246
13112
13201
13196
13404
12991
13084
13048
13294
12944
13177
13185
13045
12949
12968
12976
12994
12925
13135
13131
12837
12848
12975
12734
12789
12930
12995
12955
12855
12796
12710
12923
12892
12896
12896
12666
12706
12750
12629
12765
12870
12730
12686
12761
12615
12791
12920
12573
12598
12500
12746
12562
12623
12519
12610
12383
12370
12477
12432
12543
12388
12537
12655
12525
12497
12404
12446
12639
12491
12488
12560
12471
12501
12615
12496
12407
12443
12387
12447
12372
12513
12491
12363
12420
12202
12430
12351
12166
12190
12226
12396
12186
12238
12076
12276
12318
12253
12230
12332
12235
12393
12069
12030
12027
12133
12135
12196
12216
12084
12109
12089
12126
12248
12054
12314
12187
11934
12095
11909
12228
12146
11946
11955
12082
12054
12175
11908
11940
11952
12062
12234
11961
11893
11741
11989
12117
11991
11706
11822
11967
11771
11774
11834
11788
11739
11914
12055
11747
11930
11726
11969
11906
11766
11752
11592
11754
11761
11605
11790
11815
11972
11789
11773
11657
11741
11803
11613
11600
11740
11588
11619
11547
11595
11612
11595
11605
11575
11487
11644
11544
11487
11700
11435
11633
11650
11511
11428
11578
11757
11796
11512
11650
11532
11508
11369
11514
11468
11377
11409
11465
11621
11435
11368
11265
11479
11401
11498
11516
11245
11424
11654
11279
11370
11520
11322
11196
11578
11197
11282
11155
11466
11399
11323
11501
11396
11288
11254
11277
11113
11096
11328
11124
11305
11291
11226
11201
11207
11341
11176
11228
11107
11051
11132
11171
11094
10931
11068
11072
11133
11163
11259
11036
11151
11069
11159
11077
11187
10904
10998
10924
10967
10924
11048
11115
10942
11133
11062
11022
11112
10919
10969
11081
11096
11088
10915
10893
10953
10712
10874
11075
10868
10738
10917
10976
10891
10825
11042
10983
10895
11051
10752
10917
10831
10882
10879
10827
10790
10909
10975
10696
10868
10680
10779
10712
10614
10640
10910
10898
10723
11076
10728
10750
10866
10842
10647
10809
10987
10674
10669
10598
10764
10618
10729
10649
10729
10674
10606
10575
10746
10535
10598
10559
10651
10577
10716
10649
10700
10887
10691
10553
10521
10649
10593
10351
10469
10508
10469
10450
10579
10588
10388
10419
10468
10613
10443
10543
10638
10625
10454
10408
10504
10607
10415
10500
10625
10492
10582
10457
10424
10404
10498
10523
10541
10269
10501
10444
10611
10597
10617
10471
10597
10508
10260
10483
10515
10618
10319
10347
10501
10464
10417
10291
10436
10386
10461
10345
10472
10188
10335
10336
10338
10633
10493
10351
10412
10408
10325
10439
10339
10296
10251
10332
10435
10461
10457
10359
10328
10537
10214
10415
10313
10476
10368
10492
10408
10336
10401
10351
10340
10503
10515
10421
10229
10348
10227
10310
10150
10336
10483
10563
10595
10413
10528
10497
10425
10378
10312
10400
10538
10306
10480
10370
10621
10562
10509
10437
10594
10638
10644
10713
10780
10665
10831
10748
11007
10940
11136
11076
11224
11209
11201
11400
11347
11574
11701
11668
11705
12167
12153
12294
12393
12542
12408
12804
13174
13071
13300
13027
13312
13592
13748
13571
13701
14053
13984
14321
14290
14336
14573
14579
14817
14787
14964
14976
15158
14886
15311
15525
15571
15632
15868
15833
15908
16029
16327
16135
16163
16465
16667
16769
16786
16705
17273
17377
17191
17533
17861
17654
17906
17802
17817
17719
17344
17277
17209
16917
16653
16776
16600
16560
16483
15859
15820
15677
15655
15430
15033
14902
14706
14514
14241
13939
13920
13295
13038
13085
12702
12624
12550
12267
12074
11848
11752
11392
11397
11136
11126
10843
10760
10550
10614
10410
10524
10533
10420
10059
10132
10026
10228
10096
9917
10217
10046
10003
9815
9899
10060
10062
9968
10062
9911
9787
9998
10082
9945
10064
9889
10082
9894
10019
10092
10189
10071
9975
10200
9881
10014
10078
9975
9990
9935
10233
10108
10154
10057
10259
10112
10144
9877
9863
9932
10056
10161
10078
10250
10207
10112
9975
10111
10082
9869
9939
10123
10208
10262
10128
10051
10348
10179
10014
10257
10253
10397
10211
10213
10180
10272
10316
10045
10358
10233
10343
10295
10226
10210
10361
10250
10315
10413
10371
10363
10338
10492
10334
10479
10446
10166
10265
10367
10483
10418
10406
10527
10490
10333
10684
10602
10621
10416
10547
10689
10703
10551
10772
10686
10594
10630
10843
10510
10651
10730
10546
10473
10594
10553
10625
10642
10569
10563
10909
10763
10614
10644
10866
10763
10465
10712
10907
10911
10862
10884
11030
10823
10856
10969
10894
11059
10977
11030
10926
11051
11076
10837
11154
11003
11029
11001
10948
11043
10778
11176
11056
10899
11022
11329
11128
11010
11146
11215
11201
11041
10977
11190
11190
11206
11430
11255
11141
11238
11355
11320
11326
11148
11185
11436
11409
11412
11227
11319
11257
11148
11365
11335
11397
11568
11326
11347
11471
11535
11535
11454
11380
11511
11515
11744
11469
11458
11479
11413
11553
11392
11539
11619
11532
11655
11745
11520
11666
11562
11736
11436
11553
11818
11526
11763
11656
11763
11667
11709
11577
11591
11857
11577
11617
11785
11642
11632
11597
11729
11819
11746
11709
11857
11883
11866
12020
11937
11765
11991
11969
11980
11819
12014
11830
11723
11876
11746
11791
12001
12098
12022
11913
11870
12177
12233
11849
11918
12035
12082
12222
12125
12044
12238
12003
12134
12130
12193
12342
12058
11958
12076
12107
12324
12099
12048
12236
12069
12242
12292
12295
12303
12369
12104
12262
12235
12131
12170
12456
12305
12395
12359
12217
12201
12419
12194
12431
12153
12470
12534
12388
12381
12414
12454
12658
12409
12226
12219
12470
12638
12337
12502
12354
12424
12486
12268
12577
12644
12568
12538
12699
12645
12441
12482
12555
12493
12817
12488
12638
12609
12488
12736
12856
12612
12652
12794
12905
12587
12704
12681
12700
12610
12843
12905
12939
12459
12767
12752
12795
12780
12804
12892
13009
12844
12907
12675
12921
12759
12811
12941
12812
12910
12807
12913
13117
12772
12857
12813
13035
12817
12911
13112
12996
12896
12938
13146
13070
13183
12889
13218
12940
12959
13086
13081
12933
13164
12924
13002
13374
13026
13031
13395
13304
13152
13231
13098
13142
13048
13241
13244
13279
13136
13213
13298
13231
13310
13339
13268
13217
13261
13324
13378
13466
13327
13182
13288
13335
13348
13358
13523
13364
13563
13333
13542
13525
13350
13571
13404
13485
13514
13505
13577
13573
13614
13506
13401
13800
13647
13857
13752
13804
13919
13513
13638
13829
13596
13727
13885
13855
13859
13739
13772
13830
13789
13816
13893
14028
13835
13943
13753
13728
13802
13963
13945
13822
13668
14002
14017
13994
13939
13927
14027
14148
14091
14000
13979
14170
14094
14142
14229
14070
14257
14162
14352
14335
14373
14113
14053
14210
14359
14101
14202
14194
14405
14455
14183
14605
14485
14259
14509
14455
14456
14535
14586
14480
14257
14533
14657
14468
14778
14587
14548
14926
14673
14713
14599
14563
14571
14690
14707
14578
14852
14828
14683
14647
14842
14694
14769
14672
14990
15048
14977
15021
14869
15281
15021
14954
15019
15060
14916
15122
15076
15022
15012
15228
15277
15060
15320
15140
15090
15241
15226
15162
15312
15396
15322
15445
15513
15392
15390
15277
15429
15427
15477
15243
15192
15610
15404
15496
15350
15441
15397
15528
15245
15474
15533
15546
15594
15450
15517
15656
15504
15398
15628
15496
15562
15616
15774
15614
15821
15560
15741
15636
15749
15799
15728
15770
15705
15781
15836
15762
15813
15904
15748
15916
15920
15878
15736
15916
16130
15886
15892
15858
15937
16006
15955
16053
16190
16161
15886
16258
16183
16071
16542
16391
16354
16162
16061
16222
16348
16306
16437
16385
16441
16335
16323
16676
16498
16800
16569
16467
16776
16514
16636
16647
16758
16583
16906
16744
16922
16869
16719
16646
17074
17350
17120
17192
16973
16815
17098
16996
16967
17150
17175
16908
17360
17282
17199
17229
17451
17034
17429
17327
17497
17378
17420
17366
17541
17441
17585
17523
17425
17602
17489
17606
17243
17784
17453
17547
17791
17744
17351
17729
17487
17661
17584
17289
17586
17518
17468
17669
17605
17515
17684
17517
17484
17750
17537
17823
17528
17561
17595
17670
17713
17672
17783
17673
17846
17834
17971
17649
18033
17800
17736
17956
17978
17853
17836
17666
18155
17660
17978
17894
17941
17983
18006
17866
18240
17990
18041
18084
17902
17968
18268
18109
18166
18272
18274
18362
18214
18407
18329
18197
18458
18183
18174
18452
18326
18444
18596
18371
18436
18447
18388
18519
18502
18821
18475
18551
18538
18712
18652
18653
18756
18641
18524
18620
18677
18599
18502
18407
18589
18427
18461
18437
18228
18477
18368
18386
18408
18045
18121
17787
17997
17995
17845
17655
17642
17820
17727
17251
17366
17378
17487
17516
17001
17212
16981
17239
16842
17019
16677
16659
16796
16737
16592
16537
16631
16754
16612
16549
16445
16452
16598
16455
16315
16490
16211
16123
16354
16221
16335
16341
16237
16134
16248
16339
16177
16125
16277
15967
16009
16227
16042
16201
16139
15994
16131
15958
16144
15865
16057
15938
15697
15890
16068
15800
16013
15870
15646
15595
15671
15790
15525
15874
15783
15809
15739
15657
15902
15626
15852
15705
15586
15762
15608
15825
15671
15489
15573
15786
15369
15682
15664
15689
15753
15579
15742
15613
15668
15547
15637
15764
15590
15539
15585
15464
15547
15633
15395
15267
15385
15548
15328
15296
15440
15335
15319
15357
15466
15440
15321
15287
15298
15430
15152
15193
15486
15487
15510
15068
15389
15395
15314
15210
15240
15341
15406
15240
15234
15295
15132
15007
15167
15508
15251
15136
15059
15148
15166
15316
15325
15045
15172
15088
15189
15121
15144
14975
15343
15361
15107
15306
15332
15189
15221
15257
15054
15264
15290
15140
15197
15095
15254
15084
15068
15216
15147
15151
15202
14823
15029
15154
14876
15126
14942
14958
14968
15170
15111
14996
15255
15139
15082
15126
15157
14780
15263
15086
15197
14892
14844
14872
14998
14943
14947
14808
14931
15006
15008
14666
15003
14847
14747
14943
14920
14894
14960
14704
14888
14804
15048
14909
14936
14781
14929
14928
14950
14920
14783
14795
14878
14670
14994
15013
14759
14897
14773
14946
14748
14881
14701
14986
14943
14818
14937
14903
14994
14864
14992
14791
14630
14720
14867
15046
14884
14570
14783
14834
14558
14800
14813
14813
14869
14872
14661
14820
14722
14644
14800
14869
14619
14487
14642
14613
14654
14654
14768
14712
14874
14613
14737
14779
14611
14723
14600
14590
14734
14682
14675
14724
14774
14413
14698
14681
14482
15007
14733
14809
14658
14522
14588
14588
14580
14638
14405
14850
14851
14458
14747
14682
14700
14602
14737
14439
14828
14765
14504
14621
14570
14730
14487
14464
14695
14494
14793
14556
14430
14747
14655
14753
14662
14615
14464
14649
14558
14706
14638
14655
14480
14485
14559
14525
14531
14581
14539
14539
14685
14700
14486
14551
14536
14664
14549
14585
14559
14532
14553
14553
14562
14667
14513
14614
14433
14511
14441
14241
14623
14659
14667
14575
14192
14585
14545
14535
14394
14366
14478
14464
14384
14583
14542
14233
14454
14646
14401
14439
14418
14514
14612
14287
14366
14359
14378
14235
14209
14404
14333
14263
14250
14309
14380
14381
14270
14433
14312
14206
14262
14356
14225
14175
14355
14159
14336
14419
14108
14084
14191
14270
14188
14060
14267
13891
14025
13970
13941
13990
14030
13832
13849
13965
13866
13809
13800
13640
13766
14042
13731
13668
13620
13658
13788
13712
13425
13676
13663
13613
13631
13471
13628
13307
13548
13323
13189
13357
13276
13218
13367
13450
13270
13273
13005
13053
13065
12954
12974
13091
12847
12964
12812
12990
12750
12634
12685
12563
12608
12694
12529
12578
12678
12568
12329
12364
12385
12166
12276
12235
12165
12266
12018
12129
12098
12102
11905
12057
11872
12052
11949
12027
11970
11773
11813
11971
11792
12080
11563
11703
11667
11702
11741
11477
11589
11640
11543
11468
11620
11547
11470
11409
11400
11506
11480
11509
11266
11412
11310
11473
11310
11228
11355
11229
11277
11161
11310
11025
11254
11133
11066
11175
11253
10999
11336
11016
11066
10845
10972
11011
10834
10712
10813
10987
11000
10958
10777
10856
10915
10919
10910
10755
11157
10727
10737
10663
10854
10656
10731
10614
10629
10651
10485
10744
10632
10619
10762
10691
10814
10773
10672
10805
10721
10582
10677
10599
10794
10927
10641
10590
10772
10778
10598
10557
10790
10831
10683
10723
10774
10802
10913
10798
10616
10860
10954
10906
10879
10876
10866
10710
10726
10779
10920
11140
11073
11131
11002
10920
11004
11037
10979
10890
10869
11160
10928
11093
10959
11237
11096
11082
11134
11069
11131
11041
11313
11161
11394
11114
11207
11256
11233
11323
11011
11267
11015
11186
11202
11211
11070
10913
11019
10946
11000
10994
10837
10813
10732
10668
10616
10547
10439
10542
10413
10636
10322
10212
10362
10157
10179
10008
10114
10269
10184
10079
9892
9914
9951
9914
9925
9928
9761
9783
9655
9794
9633
9508
9602
9720
9734
9499
9751
9497
9475
9420
9457
9361
9497
9773
9384
9405
9401
9403
9401
9393
9390
9404
9313
9274
9314
9343
9213
9384
9424
9269
9377
9133
8966
9279
9334
9050
9164
8986
9116
9209
9188
9083
9051
9044
8978
9105
9045
9210
9024
9149
9193
9155
8973
8907
9059
9063
9110
8875
8816
8770
9133
9000
8863
8970
9073
9027
8911
8839
8791
8864
8916
8798
8828
8700
8856
8885
8654
8720
8775
8740
8794
8779
8645
8717
8795
8812
8652
8778
8662
8718
8757
8666
8661
8592
8791
8608
8739
8628
8700
8886
8765
8479
8724
8658
8688
8697
8621
8697
8502
8654
8557
8636
8488
8386
8476
8469
8465
8599
8531
8524
8577
8457
8436
8487
8550
8636
8588
8294
8413
8515
8468
8350
8406
8390
8358
8365
8507
8430
8308
8349
8365
8374
8352
8345
8100
8325
8188
8133
8166
8160
8067
8257
8192
8208
8171
7912
8208
8205
8242
8243
8244
8012
8143
8301
8128
8126
8236
8078
8114
8147
8106
7966
8205
8094
8220
8175
8000
8206
7995
8097
7989
8033
8135
8031
8010
8038
8064
8151
7974
7878
7966
8107
8068
7751
8180
8059
8102
7988
7922
7982
7951
7906
8061
7905
7896
7850
7875
7878
7865
8002
7956
7957
7771
7786
7835
7767
7836
7850
8014
7883
7725
7953
8013
7939
7830
7841
7858
7789
7999
7820
7697
7721
7924
8021
7792
7808
7887
7832
7811
7726
7771
7828
7628
7666
7782
7701
7873
7687
7608
7748
7628
7733
7772
7789
7678
7442
7649
7882
7516
7613
7617
7915
7679
7639
7626
7670
7603
7667
7598
7507
7575
7666
7527
7613
7543
7700
7535
7470
7661
7539
7524
7547
7451
7678
7547
7807
7576
7504
7614
7570
7495
7509
7635
7482
7566
7377
7631
7629
7553
7457
7426
7578
7530
7454
7547
7459
7376
7503
7500
7453
7552
7512
7531
7522
7275
7380
7190
7384
7471
7389
7472
7352
7395
7240
7293
7408
7338
7300
7289
7250
7238
7212
7468
7521
7266
7307
7310
7319
7194
7284
7466
7259
7293
7319
7242
7177
7256
7392
7200
7303
7232
7184
7214
7136
7257
7296
7285
7102
7220
7186
7264
7059
7161
7271
7265
7317
7234
7025
7315
7203
7135
7425
7332
7255
7087
7025
7062
7294
7100
7324
7068
7061
7141
7117
7151
7224
7073
7205
7111
7209
7201
7080
7223
7144
7106
6974
7035
7237
7267
7095
7188
6994
7094
6926
7095
7195
7006
7090
6960
6949
7059
6971
7107
7142
7199
6941
6972
6849
7104
6968
6921
6963
6952
7033
7101
7109
7081
6896
7036
7146
7037
7121
7112
6915
7078
7043
7060
7109
7196
7344
7302
7487
7315
7464
7489
7555
7669
7958
7825
8142
8300
8398
8421
8696
8646
9214
9131
9394
9543
9911
10138
10431
10470
10993
11251
11497
11681
11786
12154
12626
12747
13222
13497
13641
13893
14041
14396
14699
15114
15536
15731
15767
16022
16390
16772
16916
17307
17349
17725
18072
18255
18598
18805
19314
19428
19589
20006
20131
20581
21226
21157
21757
21800
22344
22656
22505
22896
23180
23672
23347
23477
23519
23508
23375
22756
22970
22964
22356
22273
21372
21026
20722
20217
19689
19217
18814
18282
17587
16830
16650
15995
15344
14882
14322
13746
13381
12698
12389
11968
11285
10839
10618
10065
9926
9473
9286
8934
8795
8385
8136
7896
7600
7602
7425
7297
7228
6993
6887
6860
6822
6739
6562
6699
6454
6706
6582
6396
6397
6329
6439
6291
6397
6294
6193
6125
6365
6390
6229
6296
6279
6221
6059
6051
6243
6235
6054
6012
6175
6177
6172
5965
6167
6091
6132
6106
5921
5969
6235
6134
5976
6032
6136
6095
5962
6217
6215
6148
6194
6122
6030
6171
6127
6055
6130
6024
6105
6042
6007
5975
6033
6092
5964
6051
6020
6053
5887
5885
6149
6099
6058
6085
6089
6021
6039
6000
5968
6013
6056
5966
6208
6235
5945
5835
5927
6209
5995
6009
6023
6103
6030
6036
6025
5958
6040
5978
5997
6055
6062
6150
6153
6088
5917
5981
5851
6014
5957
6054
6005
5985
6206
5965
6101
5981
6092
5990
5982
6030
6050
6159
5988
5973
5886
5927
6040
6011
6013
6121
6045
6147
6006
6095
6121
6078
6043
5980
6088
6149
6018
6012
6118
5934
6004
6283
6189
6244
6146
6144
6214
6335
6457
6304
6452
6391
6625
6675
6844
6829
7150
7325
7540
7667
8037
8367
8599
8721
9048
9511
9814
10212
10768
11094
11537
12070
12730
13227
13765
14290
15089
15528
16200
16815
17492
18279
18868
19460
20130
20653
21563
22171
23223
23611
24701
25210
25887
26572
27223
27504
28409
28858
29613
30391
31005
31345
32123
32640
33430
34080
34685
35600
36212
36927
37348
38300
39088
39591
40071
41306
42078
42714
43543
43653
44331
44757
45080
45516
45705
45386
45324
45154
44522
43929
43435
42600
42127
40740
39712
38813
38007
36241
35177
34040
32896
31519
29983
28819
27104
26300
25229
23370
22311
21046
19977
18676
17813
16700
15784
14896
14046
13259
12463
11632
11061
10269
9953
9311
8837
8548
8187
7782
7604
7191
6989
6595
6319
6190
6176
5731
5750
5664
5616
5489
5431
5442
5254
5292
5073
5254
5046
5092
4998
4939
4961
4906
4877
4817
4794
4879
4936
4817
4812
4734
4756
4837
4723
4927
4744
4697
4782
4734
4777
4796
4541
4658
4805
4717
4625
4642
4695
4694
4699
4530
4776
4667
4680
4690
4617
4653
4590
4596
4579
4572
4571
4577
4646
4474
4630
4529
4567
4550
4553
4703
4520
4513
4486
4559
4486
4495
4565
4510
4483
4463
4464
4548
4516
4483
4418
4446
4462
4610
4496
4442
4460
4451
4514
4466
4468
4555
4547
4490
4366
4420
4483
4437
4351
4435
4429
4470
4476
4369
4381
4394
4409
4348
4464
4436
4398
4529
4457
4442
4480
4480
4407
4374
4481
4459
4509
4450
4399
4393
4467
4371
4292
4444
4343
4475
4382
4444
4430
4333
4467
4358
4336
4356
4367
4308
4474
4302
4447
4324
4411
4408
4225
4283
4270
4323
4513
4336
4315
4397
4514
4322
4396
4374
4413
4483
4258
4330
4284
4250
4287
4350
4326
4392
4366
4326
4337
4210
4279
4273
4285
4409
4280
4185
4344
4320
4288
4298
4391
4225
4374
4205
4312
4258
4256
4241
4270
4249
4297
4283
4229
4182
4307
4222
4136
4254
4299
4173
4249
4306
4224
4272
4223
4248
4143
4165
4406
4121
4296
4177
4174
4256
4169
4247
4261
4275
4231
4276
4228
4082
4202
4291
4205
4244
4073
4237
4250
4215
4286
4164
4198
4136
4187
4171
4209
4264
4131
4186
4092
4202
4292
4168
4132
4165
4213
4171
4273
4075
4210
4142
4209
4192
4142
4215
4112
4210
4130
4109
4120
4235
4071
4296
4141
4263
4049
4187
4116
4107
4114
4098
4109
4054
4131
4159
4105
4179
4088
4119
4124
4151
4266
4166
4193
4073
4138
4116
4079
4117
4057
4186
4078
4175
4119
4126
4110
4101
4044
4068
4167
4122
4085
4172
4186
4018
4153
4066
4259
4284
4061
4087
4078
4178
4034
4027
4060
4056
4209
4004
4162
4084
4092
4179
4099
4015
4027
4124
4055
3941
4115
4076
3983
4050
4052
4027
4116
4079
4125
4167
4208
4071
3988
4016
4052
4117
4145
4177
4088
4069
4141
4112
4060
4142
4158
4217
4084
4070
4098
4101
4083
4085
4130
4088
4086
4136
4148
4138
4038
4118
4081
4195
4064
4181
4113
4117
4133
4226
3977
4122
4065
4207
4086
4135
4163
4156
4210
4253
4259
4169
4248
4228
4246
4251
4301
4238
4298
4236
4230
4301
4260
4263
4184
4270
4334
4315
4349
4386
4458
4436
4436
4335
4552
4557
4634
4675
4734
4705
4798
4908
4932
5061
5184
5458
5462
5562
5907
6076
6367
6861
6993
7497
7914
8425
8992
9584
10377
11051
12004
12758
13582
14422
15527
16839
17877
19231
20533
21898
23524
25124
26616
28271
30000
31620
33507
35618
37372
39166
41211
43261
45341
47260
49088
51231
53364
55082
57188
59891
61150
63303
66007
67127
69787
71299
73279
75281
77425
78774
81163
82940
84753
86403
88327
90730
92137
94480
97014
98294
100801
103062
104962
107247
108755
110144
112095
113220
115902
115953
117129
117642
117526
118390
117157
116784
115648
113209
112504
109887
107426
105319
102795
98994
96307
92862
89007
85843
82081
78370
74713
70821
66898
63561
59820
56418
52606
49125
46142
42573
39790
36534
34258
31306
28747
26458
24349
22429
20692
18839
17324
15702
14329
13138
12060
11020
10111
9403
8598
7891
7323
6619
6196
5897
5161
5094
4770
4474
4096
4046
3788
3526
3445
3297
3193
3036
2884
2849
2869
2679
2700
2496
2463
2429
2389
2301
2287
2205
2150
2166
2168
2168
2100
1990
2083
2081
2006
2010
2003
1975
1983
1961
1861
1981
1984
1874
1866
1819
1785
1824
1861
1804
1780
1811
1792
1873
1845
1792
1789
1811
1817
1778
1832
1719
1785
1794
1774
1747
1757
1760
1724
1699
1734
1712
1730
1712
1743
1699
1645
1683
1648
1684
1589
1677
1624
1664
1649
1715
1620
1643
1613
1658
1583
1623
1625
1666
1639
1661
1536
1602
1562
1653
1573
1551
1599
1539
1574
1658
1661
1522
1523
1507
1559
1487
1545
1557
1571
1530
1499
1540
1487
1593
1606
1567
1518
1560
1540
1533
1592
1559
1592
1537
1550
1477
1586
1535
1525
1567
1630
1523
1472
1562
1535
1571
1510
1481
1586
1475
1505
1506
1559
1603
1583
1508
1521
1498
1543
1526
1578
1545
1540
1626
1554
1592
1641
1615
1701
1782
1803
1834
1803
1795
1851
1985
2026
2059
2160
2331
2363
2345
2629
2710
2872
2898
3156
3112
3341
3624
3732
4059
4159
4385
4639
4758
4974
5417
5536
5816
6131
6405
6617
6907
6949
7316
7711
7832
8188
8381
8786
9032
9338
9598
9829
9817
10360
10749
11116
11167
11448
11770
11901
12197
12441
12730
12968
13222
13446
13738
13882
14434
14567
14818
15083
15488
15526
15732
15954
15775
16314
16414
16487
16235
16444
16292
16414
16266
15729
15702
15571
15136
14571
14384
14071
13822
13043
12906
12327
11696
11171
10788
10178
9590
9161
8745
8401
7665
7576
6804
6531
5970
5703
5282
5036
4638
4298
4031
3731
3533
3237
3053
2894
2780
2572
2426
2176
2178
2050
1923
1942
1794
1619
1642
1509
1443
1443
1405
1294
1358
1303
1199
1193
1227
1249
1227
1080
1184
1099
1105
1131
1156
1070
1109
1069
1101
1033
1082
1056
1024
1020
1052
1030
1041
1032
1058
975
999
955
915
991
997
951
902
970
947
959
984
1005
948
953
956
962
920
965
936
1000
993
938
938
962
914
929
965
995
927
953
980
920
898
916
897
958
940
907
925
925
925
929
969
907
914
934
937
915
1004
965
886
930
870
860
938
868
960
859
899
865
890
892
881
879
869
887
900
893
918
912
894
849
921
905
837
846
861
866
882
840
876
845
917
817
898
860
868
867
883
851
869
909
862
863
837
904
840
876
875
853
816
848
816
829
877
814
820
861
915
840
830
827
810
849
823
849
810
806
830
834
815
837
808
796
806
824
788
812
814
798
858
815
791
802
809
798
771
827
835
835
817
812
857
840
823
832
821
842
765
813
763
865
828
820
864
796
801
793
853
768
732
789
809
808
765
792
758
805
799
848
828
773
760
746
796
755
758
812
744
806
781
784
742
804
789
751
794
763
844
823
817
737
734
783
751
810
785
780
739
786
745
775
768
741
720
778
750
793
743
790
723
759
710
738
689
767
780
782
756
737
726
710
719
779
737
732
795
731
742
749
801
760
731
756
773
765
707
776
709
771
732
719
785
747
727
744
765
720
742
747
765
705
694
725
721
721
724
748
741
729
717
737
687
738
712
776
682
718
744
725
712
739
741
710
713
743
733
727
754
730
736
693
721
700
684
761
724
724
682
735
730
731
704
735
737
741
695
717
693
694
726
742
724
714
741
708
721
741
712
684
736
700
687
734
671
686
771
762
689
738
685
734
732
726
756
704
696
710
673
725
669
686
731
714
661
713
660
758
686
703
708
723
677
697
711
693
751
705
701
693
700
698
720
688
646
725
703
693
646
656
704
681
691
680
705
704
631
686
686
719
650
678
707
702
669
704
695
714
698
677
696
676
666
678
697
687
708
652
637
672
737
648
688
676
694
679
625
652
646
694
667
668
748
700
714
665
712
690
687
721
683
668
679
669
767
708
701
747
683
734
733
762
757
757
750
737
788
704
747
776
771
810
745
771
739
779
757
722
749
747
753
831
808
767
779
796
786
812
790
760
770
816
772
793
766
801
805
816
854
836
804
855
813
800
785
840
859
786
828
839
761
805
762
781
767
848
723
810
733
748
687
698
754
700
731
705
661
659
734
690
660
626
679
636
732
597
662
645
635
626
650
672
633
603
635
640
602
610
590
616
608
652
621
607
596
652
562
573
598
641
539
581
652
616
594
589
596
542
565
575
593
562
595
588
568
583
538
579
563
620
577
571
604
624
571
628
573
624
603
574
589
593
586
606
531
589
565
618
555
570
582
571
590
562
532
558
574
586
582
579
545
587
591
592
604
577
607
574
571
620
547
582
559
569
583
577
580
579
525
565
597
582
522
572
556
560
563
555
574
545
568
534
579
561
513
531
574
551
583
595
553
548
546
553
544
579
548
546
562
563
556
539
562
505
565
552
592
533
536
535
514
528
569
578
619
562
565
565
603
494
556
560
530
536
579
558
549
536
538
587
549
534
555
574
535
541
545
508
505
567
531
503
523
555
549
525
569
515
556
524
528
536
503
540
540
592
519
515
545
562
537
519
543
496
511
575
536
493
548
505
555
532
471
510
514
515
519
542
519
535
556
508
556
532
492
542
524
512
531
529
493
546
567
569
539
541
515
545
495
517
501
497
517
503
518
542
531
489
508
506
516
499
520
510
505
527
501
509
509
516
514
503
582
498
517
509
488
532
528
488
536
521
513
539
514
581
543
510
451
546
528
502
503
509
464
510
496
486
542
502
509
491
528
492
546
496
539
503
527
518
513
500
512
482
509
515
470
501
507
486
480
466
534
515
488
473
490
486
463
513
481
511
495
457
521
501
434
518
541
511
483
469
458
486
536
465
513
479
475
466
493
483
492
474
489
462
478
503
521
480
476
476
490
501
488
520
454
490
458
513
476
490
480
505
462
453
464
436
483
463
523
513
487
487
475
482
489
465
484
497
497
467
469
433
461
501
459
470
429
464
492
484
493
428
512
429
443
465
487
482
476
477
459
461
484
470
493
436
470
445
476
465
462
455
457
463
447
465
479
433
429
505
445
473
430
407
464
427
483
443
458
445
434
468
464
442
465
448
438
443
446
406
500
462
462
431
441
445
434
428
460
434
446
488
456
464
407
448
474
419
452
443
457
461
448
450
439
469
468
449
457
452
448
433
452
432
420
426
445
443
461
454
452
435
441
430
446
430
486
432
424
401
448
457
422
415
429
461
445
448
418
428
420
410
445
464
475
403
454
432
456
396
435
414
454
430
415
406
427
428
433
426
440
423
416
438
405
457
421
446
415
441
398
422
400
421
384
421
404
416
401
437
424
404
417
427
414
428
433
455
411
437
386
418
398
390
431
449
423
394
408
413
406
403
416
397
463
446
402
429
391
427
367
405
394
367
394
435
448
424
399
412
403
421
406
417
445
419
396
430
417
436
399
391
418
428
411
410
392
416
456
392
430
381
357
452
372
381
407
415
387
390
427
414
403
426
411
461
434
400
387
442
449
382
387
422
422
383
394
415
417
413
377
426
355
385
373
393
388
422
416
444
384
394
381
399
397
380
416
391
377
392
414
391
412
399
437
390
401
411
392
373
383
392
381
407
413
340
380
382
396
382
377
412
383
418
403
383
376
390
385
415
359
364
383
394
400
386
376
385
430
355
361
369
384
405
403
403
382
378
385
337
379
408
409
367
367
409
410
408
415
373
368
362
383
363
373
390
371
381
385
385
393
380
387
373
386
397
373
372
387
385
364
370
365
393
386
357
367
405
337
381
362
375
356
388
359
371
375
354
400
350
369
372
354
337
344
412
372
362
365
380
371
364
367
358
329
381
370
361
374
361
367
365
334
357
360
395
346
365
366
382
350
370
362
333
348
366
352
324
347
342
407
353
345
366
368
368
366
321
386
371
351
354
342
296
320
351
359
356
338
382
335
357
364
329
333
358
328
362
332
354
336
343
343
328
348
378
313
349
346
392
338
358
323
334
339
338
325
325
370
352
326
357
343
332
316
326
326
330
372
363
325
312
308
363
344
317
331
315
324
329
319
325
327
332
293
284
336
314
315
335
346
308
325
299
329
281
317
330
299
336
320
332
306
324
304
312
318
325
308
313
310
335
328
337
330
303
298
307
267
305
285
355
310
280
326
274
342
304
301
293
306
277
286
319
312
301
312
299
315
300
328
300
328
298
311
296
285
316
320
310
310
325
297
327
294
311
269
296
303
300
304
298
308
296
319
328
302
287
282
318
318
302
319
287
265
278
314
299
295
296
324
327
323
281
289
297
293
295
295
314
323
295
280
314
281
270
284
284
273
271
293
283
325
273
307
277
318
276
309
302
299
288
319
287
284
322
292
296
280
267
295
281
285
294
291
303
277
293
272
258
283
275
287
277
292
265
258
291
279
281
271
271
305
273
314
316
297
278
289
263
298
299
305
319
293
323
281
280
266
278
265
281
290
254
293
271
265
298
287
315
295
272
246
280
257
293
320
239
269
287
243
286
285
270
289
299
253
285
278
271
260
284
294
293
256
291
261
232
274
284
277
251
272
309
274
282
260
240
267
264
263
253
255
279
258
251
256
285
271
281
261
245
273
287
285
251
283
262
271
272
274
274
247
260
234
256
259
253
264
253
237
239
255
252
253
246
263
263
254
265
268
235
250
276
267
244
240
289
269
243
245
253
254
267
252
238
254
230
267
269
270
231
268
266
276
235
255
274
262
231
251
264
239
246
252
237
263
248
245
223
209
229
252
257
247
231
245
236
239
252
245
263
282
238
253
257
260
272
256
231
246
271
238
257
255
244
251
267
239
251
246
239
242
237
230
221
253
251
231
246
255
226
242
249
227
258
239
222
231
224
227
232
223
239
262
219
263
252
245
220
241
255
241
239
237
262
235
236
221
233
243
241
218
241
264
222
221
229
237
229
202
228
241
240
223
245
246
214
212
220
220
225
222
199
230
238
256
248
264
237
234
232
216
234
230
241
237
200
227
239
215
239
224
239
216
223
248
209
218
210
217
238
250
218
225
218
220
222
213
250
250
231
253
237
207
225
210
226
202
230
199
215
217
223
219
197
189
225
228
224
207
210
185
207
198
218
236
234
205
231
218
217
191
201
242
200
202
201
214
199
205
214
224
204
224
212
209
205
228
234
221
226
185
220
228
220
198
223
215
201
205
186
202
205
200
204
212
229
198
210
218
201
219
195
192
217
230
204
193
205
204
214
203
197
194
239
191
225
199
204
201
217
213
207
207
192
215
237
213
222
199
213
216
197
193
209
213
181
184
197
227
206
185
187
192
188
199
228
203
222
212
221
224
202
174
224
198
185
207
210
202
196
198
195
176
206
171
200
198
198
189
211
217
185
198
204
217
212
190
205
185
177
198
210
216
217
216
198
190
202
204
208
196
213
232
229
184
202
175
196
191
196
182
206
198
222
178
207
185
210
177
235
187
221
183
191
182
179
168
202
187
214
199
194
181
167
200
190
194
180
196
208
197
204
192
202
189
190
184
185
163
189
186
183
216
197
163
187
195
193
180
188
177
177
169
176
191
204
154
204
144
186
172
186
163
153
185
155
200
157
171
166
199
194
167
179
163
171
192
204
179
179
187
160
168
180
192
159
176
181
172
166
164
161
158
190
151
173
175
179
157
161
177
183
183
179
177
162
154
154
198
189
164
171
171
151
170
164
187
165
199
163
160
174
182
163
174
172
160
176
177
169
180
179
166
168
167
162
147
174
182
167
175
153
151
182
160
147
159
164
160
149
178
167
176
145
158
151
167
177
164
150
159
152
140
145
134
164
175
175
152
191
148
161
157
161
162
155
170
170
151
183
173
165
178
149
162
173
170
147
174
145
166
155
157
161
179
142
168
175
178
173
159
136
143
154
167
170
176
137
161
174
183
159
164
175
163
166
139
145
149
152
176
153
139
150
169
165
168
149
179
154
191
167
191
173
171
176
163
169
172
162
158
161
150
179
175
177
177
158
169
157
164
168
169
166
169
160
190
161
169
164
159
176
141
177
191
159
169
188
167
143
166
182
145
156
152
164
176
173
152
156
166
166
183
176
166
185
161
156
152
167
166
160
147
165
179
148
159
153
166
145
146
143
192
182
158
155
156
148
159
144
150
145
152
161
155
138
155
142
158
154
171
143
160
148
150
155
177
137
150
171
155
153
164
158
134
154
134
137
157
142
144
143
131
158
152
159
129
151
145
124
139
136
128
123
145
131
152
161
124
158
132
146
143
146
147
145
147
152
136
131
111
142
143
129
143
138
142
135
139
118
145
148
138
131
119
146
170
149
126
138
146
164
141
138
139
146
147
146
130
123
141
161
140
130
123
158
138
130
123
148
141
126
121
127
142
150
149
148
133
133
130
136
177
143
127
116
135
141
135
137
130
122
125
121
135
138
140
144
148
118
136
133
124
125
141
146
141
117
140
127
149
139
130
112
131
132
132
130
126
175
125
125
120
154
151
153
139
143
147
128
132
144
139
145
139
119
149
139
140
152
134
121
145
135
155
149
155
134
139
136
143
144
152
149
147
162
146
134
139
141
130
128
139
146
140
136
115
156
171
135
110
151
137
158
144
129
147
146
140
150
137
154
151
145
141
168
136
128
121
162
143
151
119
163
157
134
149
133
149
148
143
149
126
140
140
161
150
142
146
124
146
128
143
128
117
124
144
112
142
101
116
134
141
152
136
119
111
138
110
123
113
139
132
127
112
104
120
116
128
119
104
115
110
112
127
114
105
132
126
101
117
105
118
111
136
110
118
118
105
137
110
107
106
118
100
119
117
108
119
112
120
101
98
115
107
111
122
104
120
106
135
110
111
129
109
120
119
122
89
97
133
122
101
115
126
112
126
115
126
111
102
100
112
106
123
116
113
123
115
111
107
109
122
107
109
113
117
116
124
97
129
115
118
117
116
112
111
117
102
132
109
112
117
98
118
106
135
106
117
130
123
119
92
105
104
123
125
123
118
104
116
123
123
119
139
114
132
114
113
126
112
116
108
145
117
104
109
131
125
127
108
110
99
126
129
112
100
108
103
121
123
103
106
127
119
112
107
116
125
136
113
105
132
105
125
127
108
119
118
128
97
110
121
112
157
120
118
117
119
122
117
134
115
118
108
123
133
129
138
139
116
137
131
104
130
132
126
130
146
120
135
121
133
134
134
118
116
147
123
165
137
136
136
128
159
132
125
132
170
137
144
152
147
126
166
156
146
147
155
148
153
121
152
155
151
150
134
142
157
136
138
148
155
148
128
151
144
124
121
128
132
110
123
119
113
135
132
112
109
99
112
123
100
90
91
93
106
108
102
105
105
81
78
76
93
97
89
89
92
85
88
89
69
78
97
76
78
75
76
84
70
78
88
66
82
76
77
91
68
65
76
69
76
73
81
89
71
64
57
69
76
68
65
80
80
74
74
74
77
75
82
82
79
74
88
63
91
61
58
96
64
75
65
73
59
76
73
96
62
66
56
78
86
71
87
89
60
67
80
76
73
83
91
77
73
68
73
82
78
75
85
76
62
65
77
79
66
90
70
78
58
51
71
51
61
90
78
68
64
78
90
62
62
69
72
76
94
74
74
71
65
79
65
81
89
84
74
77
66
79
60
57
70
60
80
67
93
82
80
69
63
74
71
80
65
69
67
72
75
54
78
63
76
90
64
74
84
56
69
75
79
71
67
66
62
70
47
60
62
72
84
80
82
72
82
75
79
70
69
67
71
60
63
72
80
87
54
76
69
79
74
62
62
66
70
79
78
78
71
77
78
74
75
75
73
64
70
84
73
63
70
78
83
76
63
75
76
65
71
70
75
72
64
65
79
72
76
82
74
83
83
69
76
83
75
79
79
66
73
65
57
60
67
85
75
80
78
70
75
70
75
81
73
76
85
69
52
65
72
58
65
74
88
65
68
71
72
54
58
79
67
73
74
75
77
76
81
62
76
59
67
85
66
77
71
73
64
72
73
52
79
67
76
74
69
68
62
73
83
75
72
59
53
58
74
54
79
49
72
60
69
70
75
65
71
96
82
63
63
58
65
87
64
56
70
69
52
74
70
62
81
68
65
68
52
62
73
65
89
61
54
66
85
86
81
75
59
67
65
75
62
66
60
72
75
64
79
78
71
60
56
73
84
72
63
80
71
68
83
82
84
61
89
79
77
86
64
75
72
60
84
65
75
75
81
56
69
56
98
73
66
85
72
73
54
87
88
69
65
83
72
75
71
77
68
49
71
92
63
67
63
83
79
85
75
61
76
75
66
63
58
76
77
71
99
76
84
86
65
65
71
98
71
85
47
67
60
78
70
99
83
80
68
67
96
79
88
77
81
78
84
77
90
88
98
83
64
73
85
76
83
78
79
82
93
85
97
85
102
118
87
91
100
81
114
85
102
109
96
80
86
96
102
98
84
90
93
103
96
96
116
100
100
88
96
98
112
100
120
110
99
110
92
96
86
123
110
125
100
100
106
115
127
109
96
118
98
107
116
115
120
108
99
100
93
109
96
115
100
115
92
110
72
104
73
89
75
69
88
67
62
70
65
81
62
59
55
57
43
49
36
44
44
48
48
41
44
44
44
36
43
48
43
37
34
38
41
33
39
30
32
34
23
25
27
26
38
40
31
36
20
30
31
25
32
29
19
24
30
20
27
27
26
29
32
37
20
23
25
26
23
29
24
32
24
36
26
34
27
23
28
23
36
23
30
41
29
24
23
28
29
31
28
29
23
23
24
29
29
27
34
22
31
31
33
28
38
28
34
29
31
32
28
25
31
23
20
34
25
28
24
21
27
29
19
39
17
34
33
23
30
27
24
32
29
23
28
23
26
26
30
30
27
32
25
36
28
30
29
36
29
38
24
30
34
27
37
25
31
28
37
24
34
20
19
31
32
28
28
34
22
24
25
29
27
23
32
22
36
29
30
30
29
19
22
23
18
23
33
31
31
31
31
25
23
22
33
20
17
41
32
43
29
33
32
20
26
27
29
24
28
29
26
25
31
29
36
31
21
33
40
31
24
34
27
31
36
34
34
29
36
39
24
41
22
27
33
24
29
35
34
37
38
31
27
29
26
31
40
37
33
35
29
41
36
39
40
31
37
50
43
37
36
41
43
41
24
36
33
48
43
34
34
24
43
32
41
35
36
40
40
35
39
43
29
34
34
38
34
33
26
35
28
36
26
31
28
27
28
24
29
22
22
25
27
23
26
26
21
33
15
18
27
24
14
8
17
26
16
15
23
17
20
21
29
16
15
18
9
8
16
17
14
12
15
18
18
10
16
14
17
7
15
20
17
14
12
16
9
8
12
11
17
15
16
12
10
12
10
15
14
8
9
21
12
9
12
13
14
11
18
11
17
10
16
17
11
17
13
8
19
11
12
10
15
9
14
21
19
13
12
10
10
18
18
9
16
12
6
11
6
13
12
7
13
16
12
12
2
10
15
6
10
11
15
10
12
21
11
7
10
18
10
13
11
14
12
15
16
18
13
19
20
19
14
22
18
14
18
14
12
16
8
9
12
7
10
11
8
8
12
17
7
14
17
18
12
19
14
8
17
12
15
18
13
17
13
17
6
17
11
17
10
14
18
13
13
14
11
12
8
22
11
11
10
13
14
13
18
10
13
16
16
11
9
15
9
11
16
17
11
23
16
12
12
13
12
17
7
11
16
13
12
14
7
12
10
14
12
14
20
10
16
11
10
9
20
13
13
13
12
11
17
16
13
6
12
15
11
17
15
14
10
16
18
10
13
18
17
10
12
10
15
15
14
14
9
16
15
18
19
8
12
15
10
20
14
11
10
15
14
10
12
16
7
16
10
14
23
15
15
12
18
19
22
13
13
12
15
9
18
13
9
20
12
10
13
9
14
14
10
12
9
17
14
17
11
14
11
10
10
16
5
10
12
7
16
11
8
7
12
18
12
13
13
9
9
10
13
8
9
12
3
10
16
4
7
15
18
9
12
7
11
8
12
12
15
6
17
9
5
12
6
9
10
13
8
11
10
10
12
10
9
10
10
12
10
17
16
9
8
7
10
9
12
15
3
9
10
11
16
10
9
6
9
12
12
8
13
14
12
7
8
10
12
18
19
17
15
11
9
6
7
14
12
10
14
10
10
10
6
8
14
11
12
10
9
9
6
14
15
7
6
8
12
8
10
15
12
13
6
14
8
6
10
15
12
10
9
11
9
9
10
5
14
11
10
9
8
21
9
7
13
5
15
7
8
10
10
9
9
13
12
8
6
16
11
8
7
3
12
10
13
6
9
10
11
7
6
8
9
6
13
10
10
13
7
15
9
14
10
8
6
10
10
7
12
10
7
8
12
9
6
8
13
8
11
8
13
11
10
10
13
15
12
9
9
13
16
11
11
12
5
12
16
6
9
13
6
13
7
8
7
14
12
12
13
13
18
5
9
12
13
9
15
18
14
16
14
10
7
8
16
6
7
9
17
16
15
17
15
6
12
6
14
15
9
14
13
11
14
15
17
18
9
10
17
8
9
8
10
9
10
13
9
12
2
20
17
14
10
6
11
4
10
10
11
13
11
6
8
14
8
6
14
8
11
6
10
9
6
10
9
5
10
10
6
6
12
10
10
10
5
7
12
12
10
17
11
9
7
9
6
10
12
3
9
10
16
10
13
8
15
8
11
6
11
7
7
8
5
5
8
20
10
9
9
14
13
4
9
13
4
5
13
8
9
6
13
11
7
9
10
8
3
9
10
9
14
8
13
6
6
14
12
8
7
11
6
7
15
9
11
7
14
12
8
8
13
5
10
5
8
11
9
8
7
8
8
13
14
5
9
7
7
8
12
7
12
10
7
7
10
9
9
3
10
4
3
8
8
13
8
6
8
10
9
4
6
12
7
11
6
3
7
11
9
7
9
10
4
5
7
7
10
12
7
4
9
11
9
8
8
7
11
9
7
5
5
9
2
6
10
10
6
14
10
16
7
6
9
11
9
9
7
7
8
10
1
13
10
13
5
14
13
4
6
5
3
2
8
6
7
4
10
9
11
7
11
10
2
12
6
12
13
6
7
6
8
4
9
9
8
6
8
12
5
7
13
5
6
6
7
6
5
8
10
6
8
9
8
7
9
9
4
7
7
12
10
8
7
10
9
3
8
4
10
13
5
9
7
11
10
8
7
10
9
7
9
6
8
12
10
11
10
14
10
8
10
7
4
7
3
13
9
5
9
12
8
8
5
9
8
5
8
8
7
6
7
8
5
7
2
6
8
8
7
4
8
8
9
7
8
8
2
3
4
7
7
6
4
7
5
12
7
3
6
9
6
6
7
9
4
5
8
7
8
6
6
6
2
4
3
9
2
4
8
6
5
6
3
9
10
11
5
7
7
4
11
7
9
11
5
5
6
5
7
11
9
9
5
6
9
6
7
10
4
13
6
6
16
8
10
9
7
7
6
10
3
12
5
8
8
11
11
3
4
7
8
5
6
6
10
10
7
14
6
7
6
6
8
7
7
11
8
7
10
8
10
7
8
5
8
8
5
7
10
4
7
13
5
4
10
8
8
6
12
7
4
9
6
6
6
5
9
6
7
9
4
11
5
1
4
9
9
6
5
8
9
10
9
5
5
8
8
5
10
4
5
7
11
4
8
5
10
9
6
8
8
6
3
7
5
12
4
6
7
5
9
12
5
8
7
6
4
6
6
7
3
10
5
8
2
6
6
4
13
5
6
3
5
5
1
6
6
4
9
8
7
6
8
7
9
8
4
10
5
7
9
7
4
6
7
11
7
6
9
9
5
4
6
5
4
4
7
2
6
5
4
5
5
5
2
3
6
11
2
10
4
5
5
7
6
8
7
3
2
8
6
7
12
7
9
9
10
10
3
8
5
6
7
12
6
5
7
5
8
8
1
10
5
5
5
5
3
14
4
4
11
7
8
7
5
7
4
5
4
7
6
7
5
5
10
4
4
6
9
7
5
6
7
8
3
7
7
1
10
5
3
4
7
6
5
8
7
7
9
8
15
3
6
8
5
5
6
5
5
9
14
12
5
5
6
5
6
5
3
3
10
4
9
7
8
7
2
13
5
9
9
6
4
10
9
4
3
7
3
8
6
6
8
12
5
7
9
9
3
7
6
9
7
8
8
8
5
9
4
5
5
5
2
6
4
2
8
4
6
10
9
8
5
3
5
5
7
7
7
3
6
3
6
9
7
3
4
6
7
7
6
6
13
9
5
3
10
6
7
6
4
4
8
9
11
5
7
5
6
2
4
10
6
6
5
8
7
7
2
3
6
7
5
9
5
4
6
8
7
5
4
5
6
13
4
7
8
9
6
8
4
6
6
2
5
10
7
4
6
4
5
4
2
7
6
3
2
4
8
4
2
8
3
1
2
4
7
10
7
7
5
8
10
5
4
3
3
6
2
3
4
6
4
6
5
7
5
6
3
4
6
10
5
4
8
5
8
5
3
6
5
8
5
8
5
2
3
4
9
6
4
5
3
3
5
9
5
3
8
5
3
8
6
4
5
4
6
5
3
4
5
4
8
5
4
4
7
7
6
5
6
4
4
6
3
5
3
5
7
5
2
2
0
3
2
7
3
7
3
3
3
6
5
5
5
4
8
8
6
4
6
3
7
4
5
3
4
5
9
7
5
4
4
5
5
7
3
1
6
4
4
6
6
4
5
5
6
5
6
7
2
8
7
8
6
4
6
4
8
8
4
6
2
4
9
1
2
4
3
5
6
6
4
8
6
1
5
8
2
9
9
7
7
5
2
4
3
9
8
8
3
5
4
4
7
1
5
1
2
1
6
5
6
7
6
5
9
6
4
8
8
5
8
10
7
5
5
10
4
4
4
6
8
5
4
3
8
6
3
5
4
7
9
8
7
6
5
9
5
3
6
5
4
7
4
9
5
7
3
6
4
5
5
0
6
4
3
4
9
4
5
7
5
7
1
4
3
3
7
9
9
7
4
4
6
2
3
6
6
9
5
5
4
5
6
8
4
5
1
4
8
2
5
7
2
4
5
2
3
3
2
4
2
7
9
2
9
2
6
8
6
6
4
7
2
6
6
3
5
7
4
7
4
7
8
1
5
4
7
4
8
5
6
3
9
4
5
8
8
9
7
10
10
3
11
11
3
7
9
6
6
9
11
5
9
7
17
14
6
10
11
15
14
10
11
12
8
11
10
3
8
7
8
8
11
13
7
14
8
9
7
8
9
17
9
5
8
9
14
6
13
13
8
9
9
6
9
6
6
9
8
4
7
10
8
12
15
6
7
8
7
1
5
5
5
7
8
9
3
2
4
8
7
2
5
4
7
3
6
4
9
4
4
2
3
3
3
6
4
4
2
3
3
6
4
3
5
6
5
10
7
7
6
5
3
5
6
5
7
3
7
5
5
4
5
3
6
5
4
4
2
2
5
4
4
3
6
5
1
3
6
6
4
4
1
6
5
5
5
4
2
1
4
4
2
4
3
7
3
4
2
6
4
3
3
5
6
7
4
2
3
2
5
0
7
3
2
7
5
5
6
4
6
4
3
7
3
3
3
5
2
2
3
3
4
8
4
1
3
6
4
4
4
8
2
7
4
5
3
2
2
10
3
2
5
7
3
7
5
3
4
6
5
3
7
3
8
2
4
4
5
4
4
3
2
8
3
3
2
1
3
5
7
6
2
4
4
5
5
3
3
7
4
3
7
6
2
1
4
2
6
6
5
6
5
4
3
4
5
10
5
4
11
10
4
5
6
8
0
7
8
9
5
2
1
1
5
6
3
8
3
3
6
5
6
5
4
7
3
2
5
5
5
7
4
6
4
4
8
4
5
2
5
4
5
3
1
10
3
6
6
0
4
3
2
4
6
5
2
3
2
6
6
4
7
2
2
4
4
2
6
3
5
5
9
10
1
3
2
4
2
4
5
6
4
0
5
3
2
2
4
3
5
3
6
5
5
3
4
6
6
3
7
9
7
5
4
4
3
4
7
3
4
6
5
3
4
5
3
9
2
4
8
3
4
6
6
3
3
5
5
3
8
6
5
5
9
3
8
5
1
3
6
4
2
4
2
6
3
4
6
4
8
8
4
3
2
4
2
2
4
5
4
3
1
4
2
4
6
6
4
3
1
4
3
2
7
5
4
3
5
3
7
6
5
3
5
4
9
2
2
8
3
7
4
9
0
5
3
4
3
3
9
2
3
6
6
4
3
2
1
4
3
3
5
1
3
2
6
3
4
2
5
4
4
3
1
5
5
6
2
4
3
5
5
2
8
6
3
2
1
4
3
1
0
0
6
4
2
2
4
9
3
6
4
2
2
6
5
4
2
4
3
3
2
3
5
3
5
2
9
7
1
0
2
3
5
6
3
4
5
3
2
6
1
4
5
4
3
3
5
4
2
3
3
3
8
6
5
7
5
8
5
5
5
3
6
3
5
2
6
11
1
5
5
8
7
3
7
7
0
6
7
3
5
8
4
2
4
3
9
7
5
5
7
7
10
3
5
4
7
4
8
9
8
5
9
3
5
5
7
3
2
7
7
5
3
6
4
4
8
4
6
8
10
13
4
7
9
6
5
5
6
4
7
7
2
8
5
5
7
3
3
5
6
5
5
5
6
8
3
3
6
4
6
3
2
4
7
1
6
7
5
8
7
4
6
3
6
3
5
4
3
5
4
2
2
1
2
3
4
6
2
5
2
4
5
5
3
3
5
7
3
4
5
2
3
3
3
3
6
4
4
6
2
3
4
3
6
2
4
0
3
2
0
2
2
4
7
1
5
3
5
3
4
3
1
1
3
1
1
2
2
3
3
4
4
1
5
1
4
2
4
1
0
2
7
1
6
2
1
4
5
1
1
7
5
4
5
7
2
1
6
2
3
3
4
3
2
3
6
3
2
7
4
2
1
3
5
2
3
2
3
5
2
4
1
3
2
5
8
2
3
2
3
0
4
5
4
2
2
1
3
1
3
5
3
4
2
4
2
3
2
5
3
2
3
4
3
5
3
2
2
6
3
0
3
6
5
5
4
4
3
7
2
4
3
2
2
3
6
1
5
1
3
3
4
4
3
1
2
3
6
3
3
2
2
1
5
2
4
7
3
3
3
2
3
4
2
3
1
2
3
6
4
0
2
1
2
5
2
1
3
4
3
7
4
3
1
6
1
9
2
2
4
2
2
0
1
3
7
4
3
3
3
3
3
4
5
3
6
2
3
2
0
8
2
4
3
4
3
1
1
0
1
1
4
3
3
2
3
7
1
1
2
2
2
7
2
5
4
1
1
4
0
2
2
0
1
3
4
4
2
7
3
2
3
2
5
1
1
5
6
3
4
2
7
4
2
3
0
2
5
1
8
3
2
3
5
3
2
5
7
4
1
4
5
1
3
2
7
7
3
3
2
3
2
1
5
4
2
3
2
2
2
4
3
2
5
3
4
1
1
4
3
3
1
3
1
5
1
5
2
0
2
0
4
6
1
4
1
4
6
3
3
3
0
8
1
2
3
3
1
2
4
5
6
2
6
3
3
4
2
2
4
2
4
2
5
9
2
1
0
3
5
1
4
3
3
1
2
3
4
3
0
3
1
3
3
4
3
3
4
4
4
1
1
2
2
0
5
2
4
1
2
4
3
0
5
1
2
2
3
3
3
3
2
4
2
5
3
5
7
5
2
5
5
2
5
4
5
4
3
2
3
2
2
5
2
3
0
2
0
1
4
3
1
3
4
3
4
6
3
4
1
2
2
5
1
6
5
2
4
2
4
0
3
3
4
4
5
2
3
2
3
2
1
2
5
4
0
4
1
3
3
5
3
3
2
3
1
2
4
3
3
5
6
6
4
2
7
2
1
2
3
5
3
3
3
3
2
2
6
2
3
1
1
1
3
2
2
2
0
4
5
2
3
5
4
5
0
1
4
1
1
4
3
2
0
5
3
2
5
3
4
3
3
2
6
2
4
2
2
3
1
1
5
5
1
4
8
1
3
6
3
3
1
5
4
2
4
2
1
5
1
6
2
4
2
7
1
3
2
4
3
6
1
5
7
4
5
3
2
2
4
3
3
3
1
5
1
0
2
2
5
4
2
2
2
5
4
2
1
2
1
2
1
1
2
4
9
2
1
3
2
1
2
4
6
1
5
2
3
1
1
2
2
4
2
1
4
4
2
2
1
1
3
5
3
4
5
4
2
2
3
1
4
2
2
1
1
3
4
4
2
3
2
2
5
5
2
1
4
1
3
2
5
4
2
4
3
2
2
6
1
2
1
5
2
1
5
3
2
5
3
1
4
2
2
1
2
3
1
2
2
4
1
2
1
5
2
4
0
4
1
3
2
4
1
3
5
0
2
1
0
0
3
2
3
8
3
4
4
2
2
1
3
3
2
3
3
3
1
1
4
2
3
1
4
4
1
2
1
2
4
2
4
2
1
2
3
4
2
3
2
1
6
1
3
0
2
2
4
4
3
2
4
2
5
4
2
0
0
1
0
2
1
2
2
3
3
2
3
3
3
2
3
5
1
1
2
5
5
2
5
3
1
2
4
2
3
2
0
3
4
4
1
1
4
8
4
8
4
6
3
4
2
4
2
2
2
3
3
1
4
0
3
2
3
1
0
3
4
4
2
1
2
0
2
3
1
2
4
2
3
4
2
0
1
3
6
3
2
4
3
3
3
1
3
3
4
1
1
4
2
6
2
2
3
5
2
3
3
5
3
7
1
2
7
3
4
4
2
7
4
5
4
3
1
3
2
3
5
4
1
3
5
6
1
3
5
5
3
4
5
5
4
3
4
4
4
5
0
5
2
0
3
1
5
4
0
4
3
4
5
2
4
3
2
1
6
2
2
2
0
1
3
3
1
2
2
3
2
3
1
3
5
3
2
4
3
6
1
6
1
2
2
1
5
5
3
0
4
4
4
2
2
3
3
4
3
5
4
2
2
1
1
1
3
3
3
1
3
1
2
4
2
6
4
4
2
3
1
1
2
2
1
2
3
1
2
4
3
1
1
2
0
1
10
1
0
4
3
2
1
3
2
2
6
3
6
3
2
2
5
5
3
5
3
3
4
2
0
3
4
5
1
0
2
1
2
5
6
5
6
2
1
3
3
3
1
1
1
1
2
0
2
6
1
7
5
2
2
3
2
2
3
5
5
2
4
0
4
1
0
4
6
3
2
3
5
2
2
4
5
3
1
1
4
4
0
6
2
3
0
0
3
1
1
8
6
3
3
0
2
6
4
4
1
4
6
4
3
2
4
5
4
2
1
5
2
2
1
5
2
5
0
6
3
0
1
1
3
0
2
1
0
4
2
2
3
1
5
5
4
2
7
4
2
3
3
1
3
3
4
2
2
1
2
1
0
2
0
1
4
3
1
3
3
4
4
2
3
1
4
6
1
1
1
2
4
4
1
1
2
4
1
2
5
3
1
2
2
2
5
0
3
3
3
1
3
4
4
4
3
7
3
2
4
2
2
4
2
2
3
1
4
4
3
7
6
1
4
0
6
1
1
3
3
2
5
4
1
1
3
2
2
1
5
0
0
3
4
1
5
2
1
1
1
1
3
2
2
3
1
2
4
0
1
2
3
3
0
4
2
1
3
4
1
0
3
2
0
2
5
2
4
3
1
2
2
3
1
0
1
3
5
3
2
1
2
2
3
1
5
2
3
4
5
5
8
0
0
2
2
3
3
2
1
2
6
4
4
3
1
0
2
3
3
0
4
1
2
2
2
1
0
1
1
3
2
3
4
2
3
4
2
5
1
1
0
3
5
1
2
4
0
2
1
2
2
3
2
2
2
0
2
1
3
3
4
3
1
2
1
3
5
3
3
1
1
0
2
2
1
2
1
2
5
2
1
1
2
4
5
4
4
2
1
3
3
4
0
3
0
2
3
1
5
2
1
7
4
4
3
2
2
1
3
2
3
4
1
2
2
3
1
3
3
1
3
1
2
3
1
4
1
1
1
4
2
1
4
2
0
7
2
1
3
2
6
4
3
3
4
2
0
2
4
4
4
4
4
1
5
3
0
2
5
7
5
5
2
4
3
5
4
4
4
4
5
7
8
2
1
1
4
3
4
2
4
5
3
3
6
1
3
2
3
6
0
3
5
7
9
6
5
3
8
6
2
4
5
3
4
4
5
6
7
1
3
2
5
2
1
7
4
5
3
3
6
2
2
2
4
3
1
3
3
2
5
3
5
2
1
5
5
3
4
2
1
2
5
2
0
4
2
4
1
3
6
2
2
2
3
1
2
3
3
1
3
2
2
2
1
4
0
4
1
2
2
2
6
1
5
2
2
0
1
3
3
1
5
2
1
1
4
3
1
1
1
2
1
4
3
2
0
3
3
2
0
4
0
3
3
0
2
5
3
3
2
2
5
2
3
3
4
3
1
0
5
0
3
3
2
5
3
1
2
2
1
3
3
6
5
0
1
0
2
4
3
0
1
2
4
2
4
2
2
1
1
0
2
1
0
1
1
2
2
2
4
2
3
1
1
2
3
3
5
4
2
2
1
1
5
1
0
3
2
2
3
0
3
2
3
2
2
0
4
4
2
2
4
3
4
2
0
3
1
2
2
4
2
3
1
2
1
2
3
0
4
3
4
0
1
2
4
5
3
4
0
2
7
2
1
4
2
6
2
2
3
4
1
0
0
2
1
1
2
1
0
2
4
2
2
2
1
1
3
5
0
2
1
1
3
2
5
4
3
0
0
2
1
2
6
2
2
1
2
4
2
2
2
3
0
4
4
2
4
2
3
1
2
4
2
2
2
3
2
1
3
4
2
3
1
1
4
6
1
2
2
2
2
1
5
2
6
2
1
1
2
1
2
4
2
0
3
1
2
4
2
3
3
3
4
2
3
1
5
2
1
1
3
4
2
4
5
4
0
1
1
3
0
6
1
4
2
2
2
2
2
5
2
3
3
5
3
2
4
3
3
3
0
3
1
4
1
1
0
2
3
1
1
2
1
5
3
4
4
2
1
2
2
1
1
5
3
5
1
4
4
4
2
5
2
3
3
3
2
1
2
0
4
2
2
1
2
1
4
0
4
3
0
1
3
2
3
6
2
3
0
2
3
0
3
1
1
4
3
2
0
2
0
1
1
3
1
4
5
1
2
1
0
0
4
4
2
0
4
2
3
2
4
0
2
4
3
0
3
2
2
4
2
1
1
4
3
2
2
0
5
1
4
4
5
3
0
1
2
2
6
0
1
5
3
5
1
1
1
6
1
3
2
5
3
1
6
3
1
0
4
4
2
3
1
2
3
3
1
0
1
3
5
1
3
0
1
1
1
1
4
2
2
2
2
2
0
2
2
5
2
5
2
3
4
3
1
1
3
1
2
1
1
3
0
2
3
1
2
2
2
2
5
2
2
2
1
4
2
2
2
0
4
1
1
0
1
2
3
2
4
0
2
1
0
2
2
3
2
5
1
6
2
4
0
4
0
2
1
4
2
2
1
3
3
4
0
2
0
4
0
0
2
4
3
3
2
0
3
2
0
2
2
2
1
3
3
1
1
4
2
0
2
3
2
2
4
3
1
2
2
0
3
2
3
2
2
6
2
2
2
0
0
3
1
1
0
1
1
3
0
1
3
2
1
3
2
1
2
0
1
1
3
3
3
1
0
0
2
3
1
5
2
1
3
3
3
3
2
2
0
1
3
2
2
1
1
2
3
1
2
3
3
2
2
3
2
2
3
0
1
1
2
7
1
5
3
3
2
4
1
2
4
3
2
3
1
2
1
4
3
1
3
3
0
2
3
3
1
3
1
4
0
1
3
1
3
1
4
2
1
2
5
1
3
2
1
4
0
4
3
3
1
3
1
4
3
1
2
3
1
2
1
1
3
2
3
3
2
4
0
2
3
4
2
3
3
5
2
3
4
1
1
2
1
2
1
2
2
4
3
3
1
2
0
2
1
3
2
3
2
4
3
4
1
1
0
1
3
1
0
1
0
1
1
0
2
2
2
0
0
4
3
4
3
1
5
0
2
3
2
1
2
1
0
4
1
5
2
1
1
2
2
2
4
1
2
3
0
1
4
2
4
0
3
0
1
1
2
2
5
5
1
3
5
1
5
2
0
2
1
4
1
3
3
0
1
0
2
1
7
5
1
0
1
1
0
1
2
5
4
4
2
7
5
1
1
5
3
3
4
1
2
0
2
1
1
2
3
2
3
2
2
5
2
3
4
1
5
1
1
1
1
4
1
0
3
0
3
1
2
0
2
4
0
4
1
1
2
3
2
2
3
2
2
1
3
3
1
1
2
4
5
2
2
1
3
3
5
1
1
2
2
2
1
2
0
1
4
5
2
0
2
1
2
5
2
4
0
1
2
4
1
1
1
4
1
3
1
2
1
2
3
1
2
1
6
4
4
3
3
1
1
3
6
2
2
1
2
2
2
2
2
4
1
3
0
2
6
3
2
2
3
4
0
2
2
2
3
0
4
1
2
5
1
1
1
2
4
1
3
0
3
2
1
2
1
2
4
1
2
6
0
3
3
2
3
1
0
2
2
0
3
1
3
2
4
0
4
2
1
2
1
0
3
1
1
1
1
2
4
3
1
2
3
0
6
2
4
2
1
3
2
1
2
2
2
2
1
2
2
2
2
4
3
0
2
4
3
4
3
2
0
4
1
0
4
3
1
4
2
2
1
2
1
1
1
2
4
3
3
2
1
2
2
3
0
1
0
2
2
2
2
1
2
1
4
3
3
1
0
2
1
2
3
0
4
4
1
1
3
1
4
2
3
2
2
3
3
2
0
1
2
2
3
0
4
1
2
7
2
4
2
0
1
2
3
1
5
2
6
3
1
1
4
5
2
4
2
4
3
3
8
1
1
2
1
3
1
1
3
5
0
2
2
2
2
5
4
3
6
0
2
2
2
2
0
4
2
2
7
5
1
0
5
4
1
1
2
5
4
1
2
3
4
2
2
2
2
2
2
2
1
0
6
3
1
1
5
3
2
2
1
3
2
2
3
1
2
1
2
2
1
0
3
1
1
2
0
4
1
0
5
0
2
4
1
3
0
0
2
0
3
4
1
2
4
1
1
1
1
1
2
1
1
0
1
2
2
0
3
0
6
1
4
3
3
3
3
1
0
2
1
3
1
3
3
5
3
2
1
5
0
2
1
1
2
1
1
3
0
2
1
3
0
2
2
0
0
1
3
2
1
4
4
0
1
0
3
0
2
2
0
1
3
2
0
2
1
2
0
1
4
1
2
1
2
2
1
3
0
2
0
3
0
2
1
0
1
0
2
3
2
1
3
2
1
1
0
0
0
3
2
2
3
0
4
2
3
0
1
2
1
0
0
1
1
2
1
0
0
2
2
4
1
3
0
2
1
4
1
1
1
2
2
2
1
0
1
2
0
3
2
1
3
0
1
2
2
4
0
1
2
0
4
2
0
1
2
1
2
2
0
1
3
2
1
2
4
2
1
2
1
3
2
2
4
1
4
1
2
0
2
1
2
2
1
0
2
1
1
3
1
0
4
2
1
3
0
1
1
2
1
2
1
2
2
2
1
0
0
1
4
3
6
1
1
0
1
0
2
1
3
1
5
2
3
1
2
1
2
1
2
0
1
1
1
2
2
2
0
2
2
3
2
0
1
0
1
1
0
3
1
2
3
0
3
0
2
1
1
1
0
1
2
1
1
2
2
1
1
2
2
0
1
1
2
1
1
3
2
3
0
0
0
2
1
2
1
1
1
1
2
1
0
0
0
1
0
0
2
1
2
1
1
1
1
1
0
0
1
3
0
0
3
0
3
2
2
1
0
0
0
1
1
0
2
3
2
3
3
0
1
3
0
2
1
1
1
2
1
1
1
1
2
0
2
2
2
3
1
1
3
1
1
0
0
1
1
3
0
3
2
3
2
0
0
4
2
1
1
3
2
1
2
0
3
6
1
0
1
1
0
0
1
1
2
3
3
0
1
2
0
2
0
2
2
2
3
0
2
0
2
2
0
0
0
0
1
0
0
0
0
0
1
2
0
1
4
1
0
2
2
1
1
5
1
1
0
2
0
0
1
1
2
0
1
0
0
0
1
2
5
0
1
0
2
2
1
0
1
1
1
2
0
2
1
0
0
2
1
2
2
5
1
0
0
2
3
0
2
1
1
1
1
2
2
0
0
1
1
1
2
1
2
1
3
0
1
1
1
2
2
1
4
2
1
1
0
3
0
1
3
2
0
1
1
1
3
0
2
0
3
2
2
0
2
0
1
0
2
0
4
2
1
2
0
2
0
2
1
3
1
1
1
4
1
1
1
3
1
2
3
0
1
2
6
1
1
4
2
3
2
0
1
1
1
2
1
0
0
3
1
1
4
0
4
1
1
0
3
2
2
4
2
0
1
1
0
1
1
2
1
2
0
3
1
0
2
0
2
1
1
1
1
1
1
0
2
0
2
0
2
0
1
1
1
1
2
2
0
1
2
0
1
1
3
0
2
1
0
1
0
1
0
1
2
1
0
2
1
3
0
5
0
4
1
1
0
2
0
0
0
2
0
2
1
4
2
0
4
2
1
0
1
1
3
1
1
1
0
1
0
0
2
1
2
2
4
0
0
0
0
2
1
3
0
1
2
3
0
4
0
3
2
1
1
2
5
3
0
0
1
1
4
1
0
0
0
1
0
0
1
0
0
3
3
1
2
2
1
0
2
0
1
1
1
1
2
1
3
0
1
2
1
3
2
4
1
1
0
1
1
1
0
0
0
2
0
2
0
0
1
2
0
0
1
1
0
1
0
3
1
2
1
0
1
1
1
0
4
1
1
0
0
1
1
1
0
0
0
0
2
1
0
0
0
3
3
1
2
1
0
2
3
3
2
1
1
0
0
0
2
3
1
1
0
1
1
1
1
1
1
2
1
1
0
0
3
1
3
2
0
0
1
4
1
0
0
0
1
1
1
2
2
0
1
2
3
5
2
0
1
0
1
3
0
1
0
0
1
0
1
1
0
0
0
1
0
2
1
0
1
1
0
0
1
1
1
2
3
0
1
1
0
0
1
0
1
1
1
2
3
1
1
0
2
1
0
0
1
1
1
1
2
2
1
1
1
0
0
2
0
2
2
2
0
0
2
1
0
0
0
1
0
1
0
0
0
1
0
1
2
0
2
1
2
2
0
3
0
2
4
0
2
2
0
1
1
1
2
0
3
3
1
1
1
1
4
1
1
2
1
0
0
1
1
0
1
1
1
2
0
0
0
0
0
2
2
2
1
0
2
1
1
1
1
0
0
2
1
0
0
1
0
2
2
3
0
1
0
0
2
1
0
0
3
0
1
0
1
1
3
5
1
2
1
1
5
3
1
0
1
0
0
1
1
2
0
0
0
0
0
2
2
0
2
1
0
2
1
0
1
3
1
0
0
0
0
1
1
0
1
3
1
0
0
2
0
0
1
0
2
1
1
2
0
1
0
2
1
1
2
0
1
0
1
1
1
0
1
0
2
2
1
0
1
0
1
2
2
2
0
1
3
1
0
0
1
0
2
0
0
3
1
2
1
2
1
2
1
2
1
1
1
0
2
1
1
0
1
1
1
0
1
3
0
1
0
0
0
1
2
0
3
1
2
0
3
1
0
3
1
0
0
3
0
0
0
1
0
1
0
1
0
1
1
0
0
2
1
1
0
0
1
1
2
1
1
2
1
1
1
1
1
0
1
1
0
0
2
1
1
0
1
0
2
3
0
2
1
0
1
2
2
1
0
0
1
0
0
0
0
3
1
0
0
2
1
0
0
2
0
1
0
1
1
2
0
0
0
1
2
1
1
1
0
1
0
1
0
0
0
0
0
2
0
1
0
0
1
0
2
0
0
1
0
0
1
0
4
0
0
1
2
0
0
2
0
2
1
1
1
2
0
1
0
0
3
0
0
2
0
0
0
2
1
0
0
1
0
2
1
1
1
1
2
0
0
2
0
0
0
0
0
2
2
1
2
4
0
2
0
1
0
0
0
1
0
0
1
0
1
1
0
0
1
0
0
0
0
0
1
0
1
3
1
1
1
1
2
2
0
1
1
1
1
1
2
1
4
2
1
2
0
0
1
0
0
1
2
0
1
0
0
1
3
2
1
1
1
0
2
2
0
1
1
1
2
1
2
0
0
1
0
4
0
1
1
2
2
2
0
1
0
0
0
2
1
0
1
0
1
0
0
1
2
2
3
2
1
0
1
1
1
1
1
2
0
1
1
2
1
2
2
1
1
0
1
0
0
0
3
2
1
2
1
2
1
0
2
1
0
0
0
0
1
0
1
0
0
3
0
1
1
2
1
0
0
0
2
2
4
1
1
0
2
1
0
2
2
1
0
3
0
1
2
1
0
2
0
0
1
1
0
0
1
2
0
1
2
0
0
3
1
1
0
0
0
0
2
0
1
2
1
2
0
2
0
1
0
0
1
0
2
1
1
0
0
0
0
0
1
1
2
0
0
0
0
1
0
1
1
1
0
0
0
0
0
0
1
1
0
0
2
0
2
0
0
0
0
2
0
0
1
1
1
0
1
0
2
1
0
0
0
0
1
1
0
1
1
0
3
1
0
0
1
2
1
0
1
1
0
0
0
0
1
0
0
1
2
0
0
2
0
0
2
3
0
1
4
0
0
0
1
1
1
2
0
0
2
1
0
1
1
0
1
0
0
1
0
1
1
4
0
3
1
2
0
2
0
1
0
0
2
3
0
2
1
0
2
0
1
1
0
0
0
0
1
1
1
0
0
4
0
0
3
0
0
1
1
1
3
3
1
0
1
1
0
0
3
0
1
3
1
0
1
1
0
0
1
1
2
2
0
2
1
2
0
1
1
2
0
0
1
2
1
1
0
1
2
1
1
1
0
0
2
2
3
1
0
0
0
3
2
2
0
0
2
0
0
1
2
1
1
0
1
1
2
0
0
0
3
1
1
1
1
3
1
0
0
1
2
3
0
0
2
2
2
2
0
1
0
0
1
1
1
1
2
0
0
2
0
1
1
1
0
0
0
1
0
1
1
1
0
0
3
0
0
1
0
0
0
0
0
0
1
0
0
0
2
1
0
0
0
0
0
1
1
0
0
1
1
0
1
0
1
1
2
2
0
0
0
0
1
0
0
2
2
0
0
1
1
0
0
0
0
1
0
1
2
0
1
0
1
0
0
1
1
0
0
0
2
0
0
1
1
0
2
1
3
1
1
2
3
1
0
0
0
0
0
0
1
1
0
0
1
2
0
0
1
1
1
2
2
0
0
3
0
0
1
1
0
0
1
1
2
1
0
0
1
0
0
0
0
1
1
0
0
0
0
0
0
1
0
0
1
1
0
3
0
0
0
2
1
0
0
0
0
1
0
1
3
0
1
1
2
0
1
0
0
0
1
1
1
0
1
1
0
0
1
1
1
0
1
0
0
0
0
1
0
0
1
0
1
1
2
1
1
0
0
1
0
0
1
3
0
1
0
0
2
0
1
1
2
0
0
1
1
2
1
0
0
1
0
1
0
1
0
0
1
0
2
1
1
0
1
0
1
0
2
0
0
2
2
0
2
1
1
0
2
1
3
2
2
1
0
2
2
0
0
1
0
0
0
0
0
0
1
1
0
3
0
0
2
1
1
1
2
1
2
1
0
1
1
4
0
0
1
1
0
0
0
2
2
1
0
0
0
1
0
0
1
1
0
1
1
0
1
1
2
0
0
1
1
0
1
0
1
0
0
2
0
0
0
0
0
0
0
1
2
0
2
1
0
0
0
0
2
1
0
0
0
0
1
1
2
1
1
0
1
1
2
2
0
0
0
1
1
1
1
0
0
0
1
0
0
0
0
1
1
0
1
1
2
1
1
1
0
1
0
1
0
0
3
0
0
0
0
2
1
1
1
1
4
1
0
0
1
1
1
0
0
0
1
1
0
2
0
1
1
3
1
2
1
1
2
0
0
0
0
1
2
2
3
0
1
4
1
1
2
1
1
3
2
1
3
4
1
3
2
1
4
2
5
6
4
3
5
1
1
4
5
2
5
3
6
6
5
3
2
4
4
7
6
4
7
11
7
7
7
6
9
10
9
10
9
6
12
2
12
6
7
13
9
9
9
12
6
14
9
10
10
6
12
13
11
15
4
11
14
10
17
10
4
8
10
11
7
13
10
5
8
10
10
5
4
10
9
5
8
5
6
8
7
4
4
5
4
11
6
6
7
9
3
6
4
3
3
4
1
6
8
0
6
3
1
6
4
4
4
4
5
1
1
4
3
0
4
0
3
4
2
1
1
3
3
1
2
2
6
0
1
4
0
0
0
0
3
1
3
1
1
1
2
4
1
1
2
1
2
0
0
1
0
3
1
1
1
0
1
1
1
2
0
0
0
2
0
2
1
1
0
0
2
1
0
0
0
0
2
1
0
2
1
2
0
0
0
0
1
1
0
0
0
0
2
1
0
1
0
0
1
0
0
0
0
2
0
0
0
0
0
2
0
1
0
1
0
1
2
0
0
0
2
2
0
0
0
0
2
0
1
1
0
4
1
1
0
1
1
0
1
0
0
1
0
0
0
0
0
1
0
1
1
0
1
0
1
1
0
0
2
0
0
1
0
0
0
0
0
0
1
0
0
1
2
0
0
0
2
1
0
1
2
0
1
1
1
1
1
0
0
0
0
0
1
2
0
1
0
0
0
1
0
2
1
1
0
0
0
0
1
0
0
0
0
0
0
1
1
0
0
0
0
0
1
0
0
0
2
2
0
0
0
1
1
1
1
0
2
0
0
0
0
0
1
0
1
0
1
0
0
0
0
1
1
0
0
0
0
0
0
1
0
0
0
1
1
0
0
0
0
1
0
1
1
0
0
0
1
0
0
0
1
0
1
0
1
1
1
0
0
0
0
2
0
0
1
0
0
2
1
0
0
2
0
0
1
0
0
0
0
0
2
2
0
0
0
0
0
1
1
0
0
0
0
0
1
0
0
0
1
0
1
2
0
0
0
0
0
0
2
1
0
0
0
2
0
0
1
0
0
0
1
0
1
0
0
1
0
2
0
1
0
0
1
1
0
0
1
1
1
0
0
0
0
0
0
1
0
1
0
0
1
0
0
1
1
0
1
1
0
0
0
0
0
0
0
1
1
0
0
1
0
0
1
0
0
0
2
0
0
1
0
0
1
0
1
0
0
1
0
1
0
0
0
1
0
0
1
0
0
1
1
1
0
0
0
0
0
0
0
0
2
2
0
1
0
0
0
0
1
0
3
0
1
1
0
1
2
0
0
2
0
0
0
0
0
1
0
0
2
0
2
0
1
0
1
0
0
1
1
2
0
1
0
1
1
2
0
0
1
0
1
1
0
0
0
1
0
0
0
0
0
1
0
0
0
1
0
0
1
1
0
0
0
1
0
0
0
0
1
1
0
0
1
0
0
0
0
0
0
1
0
0
0
1
0
0
0
0
2
0
0
0
0
0
1
1
1
1
0
0
0
0
0
0
0
2
0
1
0
2
0
1
0
1
1
0
0
0
2
0
1
0
0
1
2
1
0
0
1
1
0
0
0
0
2
0
0
1
1
0
0
0
2
1
1
1
0
1
0
0
0
1
0
1
1
2
2
1
1
0
0
1
1
0
1
0
0
0
0
2
0
1
0
3
0
0
0
0
1
0
0
0
0
0
0
0
0
1
0
1
0
0
1
0
0
1
0
1
1
1
0
0
0
0
0
1
1
0
1
0
2
1
1
0
2
1
1
0
0
0
0
0
0
1
0
0
0
0
0
0
1
1
2
0
0
0
1
0
0
0
2
0
0
0
1
0
1
0
0
1
0
0
0
0
0
0
0
0
1
0
1
0
0
0
0
0
0
1
0
0
0
1
1
0
0
1
0
1
1
1
1
1
0
0
1
2
1
0
0
0
0
3
0
0
0
0
0
0
0
0
0
0
0
2
0
1
0
0
0
0
1
0
0
1
0
0
0
0
0
0
1
1
0
0
1
1
0
0
0
0
0
0
1
0
1
0
0
1
0
0
0
0
1
0
0
0
0
1
1
0
0
0
1
1
1
0
0
3
0
0
0
1
0
0
1
1
1
1
0
0
0
2
0
1
0
0
0
0
0
0
0
0
0
0
0
3
1
1
0
1
0
1
0
0
0
0
0
0
0
0
1
0
0
0
0
0
1
1
0
0
0
0
0
0
0
0
0
1
0
0
0
0
0
0
0
1
0
0
1
1
0
1
0
0
0
0
0
0
1
0
0
0
0
1
0
0
0
0
1
0
0
0
0
0
1
0
1
0
0
0
0
0
0
0
0
0
0
0
0
0
0
0
0
0
0
0
0
0
0
0
0
0
0
0
0
0
0
0
0
0
0
0
0
0
0
0
0
0
0
0
0
0
0
0
0
0
0
0
0
0
0
0
0
0
0
0
0
0
0
0
0
0
0
0
0
0
0
0
0
0
0
0
0
0
0
0
0
0
0
0
0
0
0
0
0
0
0
0
0
0
0
0
0
0
0
0
0
0
0
0
0
0
0
0
0
0
0
0
0
0
0
0
0
0
0
0
0
0
0
0
0
0
0
0
0
0
0
0
0
0
0
0
0
0
0
0
0
0
0
0
0
0
0
0
0
0
0
0
0
0
0
0
0
0
0
0
0
0
0
0
0
0
0
0
0
0
0
0
0
0
0
0
0
0
0
0
0
0
0
0
0
0
0
0
0
0
0
0
0
0
0
0
0
0
0
0
0
0
0
0
0
0
0
0
0
0
0
0
0
0
0
0
0
0
0
0
0
0
0
0
0
0
0
0
0
0
0
0
0
0
0
0
0
0
0
0
0
0
0
0
0
0
0
0
0
0
0
0
0
0
0
0
0
0
$ROI:
0
0
$PRESETS:
Live Time
0
0
