0 2650 2658
0 2674 2681
0 2931 2974
0 3058 3084
0 3130 3137
0 3433 3460
0 3646 3668
0 3688 4004
0 4135 4170
0 4833 4853
0 4908 4937
0 4982 5005
0 5062 5089
0 5253 5276
0 5331 5331
0 5370 5370
0 5415 5448
0 5851 5871
0 5911 5921
0 5942 6220
0 6353 6365
0 6540 6552
0 6578 6774
0 6883 6883
0 6905 6924
0 6934 6945
1 9453 9468
1 9497 9504
1 9511 9515
1 9521 9535
1 9688 9688
1 9699 9707
1 9738 9758
1 9788 9812
1 9938 9950
1 9998 10014
1 10039 10073
1 10093 10112
1 10240 10260
1 10358 10368
1 10402 10420
1 10489 10489
1 10497 10505
1 10529 10546
1 10721 10735
1 10767 10783
1 10810 10824
1 10847 10861
1 10943 10957
1 10983 10997
1 11029 11042
1 11068 11081
1 11215 11224
1 11307 11322
1 11340 11347
1 11489 11496
1 11502 11633
1 11799 11808
1 11967 12009
1 12470 12473
1 12502 12509
1 12627 12634
1 12656 12662
1 12726 12733
1 12800 12809
1 12864 12873
1 12886 12960
1 12969 12999
1 13058 13064
1 13139 13146
1 13165 13181
1 13289 13289
1 13302 13302
1 13353 13360
1 13385 13392
1 13420 13428
1 13550 13569
1 13690 13697
1 13706 13713
1 13740 13747
1 13773 13780
1 13905 13912
1 13954 13965
1 13987 13994
1 14093 14100
1 14149 14157
1 14180 14188
1 14274 14282
1 14317 14325
1 14376 14384
2 14855 14861
2 14927 14933
2 15054 15060
2 15119 15125
2 15248 15254
2 15330 15336
2 15490 15506
2 15627 15633
2 15707 15713
2 15789 15795
2 15845 15858
3 16836 16854
3 16911 16929
3 16953 16967
3 17012 17033
3 17132 17135
3 17183 17302
3 17345 17349
3 17423 17446
3 17494 17497
3 17521 17529
3 17561 17565
3 17688 17701
3 17950 17965
4 60000863 60000866
4 60000923 60000926
4 60000944 60000969
4 60001014 60001031
4 60001148 60001161
4 60001207 60001306
4 60001352 60001366
4 60001442 60001461
4 60001508 60001521
4 60001544 60001545
4 60001578 60001592
4 60001716 60001732
4 60001855 60001872
5 18714 18741
5 18747 18760
5 18785 18793
5 18799 18802
5 18847 18866
5 18874 18880
5 19055 19069
5 19094 19109
5 19243 19258
5 19519 19542
5 19586 19598
5 19751 19769
5 20042 20072
5 20201 20216
5 20288 20288
5 20295 20295
5 20447 20481
5 20557 20581
5 21180 21194
5 21203 21215
5 21437 21467
5 21802 21831
5 21970 21998
5 22282 22302
5 22514 22634
5 22836 22836
5 22842 22869
5 23177 23206
5 23266 23268
5 23278 23279
5 23482 23509
5 23894 23928
5 23960 23970
5 24106 24107
5 24145 24154
5 24160 24162
5 24305 24332
5 24539 24567
5 24761 24789
5 24971 24998
5 25248 25275
5 25479 25506
