9453 9453
9458 9468
9497 9500
9504 9504
9511 9511
9514 9515
9521 9535
9688 9688
9699 9707
9738 9758
9788 9812
9938 9950
9998 10014
10039 10073
10093 10112
10240 10260
10358 10368
10402 10420
10489 10489
10497 10505
10529 10546
10721 10735
10767 10783
10810 10824
10847 10861
10943 10957
10983 10997
11029 11042
11068 11081
11215 11224
11307 11322
11340 11347
11489 11496
11502 11502
11507 11512
11514 11633
11799 11808
11967 12009
12470 12473
12502 12509
12627 12634
12656 12662
12726 12733
12800 12809
12864 12873
12886 12935
12937 12947
12950 12960
12969 12999
13058 13064
13139 13146
13165 13167
13169 13181
13289 13289
13302 13302
13353 13360
13385 13392
13420 13428
13550 13557
13562 13569
13690 13697
13706 13713
13740 13747
13773 13780
13905 13912
13954 13961
13965 13965
13987 13994
14093 14100
14149 14157
14180 14188
14274 14282
14317 14325
14376 14384
