14856
14857
14858
14859
14860
14861
14927
14928
14929
14930
14931
14932
14933
15054
15055
15056
15057
15058
15059
15060
15119
15120
15121
15122
15123
15124
15125
15248
15249
15250
15251
15252
15253
15254
15330
15331
15332
15333
15334
15335
15336
15490
15491
15492
15493
15494
15495
15496
15497
15498
15499
15500
15501
15502
15503
15504
15505
15506
15627
15628
15629
15630
15631
15632
15633
15707
15708
15709
15710
15711
15712
15713
15789
15790
15791
15792
15793
15794
15795
15845
15846
15847
15848
15849
15850
15851
15852
15853
15854
15855
15856
15857
15858
