60000864
60000865
60000866
60000923
60000924
60000925
60000926
60000944
60000945
60000946
60000947
60000948
60000950
60000955
60000956
60000957
60000958
60000959
60000960
60000961
60000964
60000965
60000966
60000967
60000968
60000969
60001014
60001015
60001016
60001017
60001018
60001019
60001020
60001021
60001022
60001023
60001024
60001025
60001026
60001027
60001028
60001029
60001030
60001031
60001148
60001149
60001150
60001151
60001152
60001153
60001154
60001155
60001156
60001157
60001158
60001159
60001160
60001161
60001207
60001208
60001209
60001210
60001211
60001212
60001213
60001214
60001215
60001216
60001217
60001218
60001219
60001220
60001221
60001222
60001223
60001224
60001225
60001226
60001227
60001228
60001229
60001230
60001231
60001232
60001233
60001234
60001235
60001236
60001237
60001238
60001239
60001240
60001241
60001242
60001243
60001244
60001245
60001246
60001247
60001248
60001249
60001250
60001251
60001252
60001253
60001254
60001255
60001256
60001257
60001258
60001259
60001260
60001261
60001262
60001263
60001264
60001265
60001266
60001267
60001268
60001269
60001270
60001271
60001272
60001273
60001274
60001275
60001276
60001277
60001278
60001279
60001280
60001281
60001282
60001283
60001284
60001285
60001286
60001287
60001288
60001289
60001290
60001291
60001292
60001293
60001294
60001295
60001296
60001297
60001298
60001299
60001300
60001301
60001302
60001303
60001304
60001305
60001306
60001352
60001353
60001354
60001355
60001356
60001357
60001358
60001359
60001360
60001361
60001362
60001363
60001364
60001365
60001366
60001442
60001443
60001444
60001445
60001446
60001447
60001448
60001449
60001450
60001451
60001452
60001453
60001454
60001455
60001456
60001457
60001458
60001459
60001460
60001461
60001508
60001509
60001510
60001511
60001512
60001513
60001514
60001515
60001516
60001517
60001518
60001519
60001520
60001521
60001544
60001545
60001578
60001579
60001580
60001581
60001582
60001583
60001584
60001585
60001586
60001587
60001588
60001589
60001590
60001591
60001592
60001716
60001717
60001720
60001721
60001722
60001723
60001724
60001725
60001726
60001727
60001728
60001729
60001730
60001731
60001732
60001855
60001856
60001857
60001858
60001859
60001860
60001861
60001862
60001863
60001864
60001865
60001866
60001867
60001868
60001871
60001872
