18714 18741
18747 18760
18785 18793
18799 18802
18847 18866
18874 18880
19055 19069
19094 19109
19243 19258
19519 19542
19586 19598
19751 19769
20042 20072
20201 20216
20288 20288
20295 20295
20447 20481
20557 20581
21180 21194
21203 21215
21437 21467
21802 21831
21970 21998
22282 22302
22514 22634
22836 22836
22842 22869
23177 23206
23266 23268
23278 23279
23482 23509
23894 23928
23960 23970
24106 24107
24145 24154
24160 24162
24305 24332
24539 24567
24761 24789
24971 24998
25248 25275
25479 25506
