18715
18716
18717
18718
18719
18720
18721
18722
18723
18724
18725
18726
18727
18728
18729
18730
18731
18732
18733
18734
18735
18736
18737
18740
18741
18747
18748
18749
18754
18755
18756
18759
18760
18785
18786
18787
18788
18789
18790
18791
18792
18793
18799
18800
18801
18802
18847
18850
18852
18853
18854
18855
18856
18857
18858
18859
18860
18861
18862
18863
18864
18865
18866
18874
18875
18879
18880
19055
19056
19057
19058
19059
19060
19061
19062
19063
19064
19065
19066
19067
19068
19069
19094
19095
19096
19097
19098
19099
19100
19101
19102
19103
19104
19105
19106
19107
19108
19109
19243
19244
19245
19246
19247
19248
19249
19250
19251
19252
19253
19254
19255
19256
19257
19258
19519
19520
19521
19522
19523
19524
19525
19526
19527
19528
19529
19530
19531
19532
19533
19534
19535
19536
19537
19538
19539
19540
19541
19542
19586
19587
19588
19589
19590
19591
19592
19593
19594
19595
19596
19597
19598
19751
19752
19753
19754
19755
19756
19757
19758
19759
19760
19763
19764
19765
19766
19767
19768
19769
20042
20043
20044
20045
20046
20047
20048
20049
20050
20051
20052
20053
20054
20055
20056
20061
20062
20063
20065
20066
20067
20068
20069
20070
20071
20072
20201
20202
20203
20204
20205
20206
20207
20208
20209
20210
20211
20212
20213
20214
20215
20216
20288
20295
20447
20448
20449
20450
20451
20452
20453
20454
20455
20456
20457
20458
20459
20460
20461
20462
20463
20467
20468
20469
20470
20471
20472
20473
20474
20475
20476
20477
20478
20479
20480
20481
20557
20558
20559
20560
20562
20566
20567
20568
20569
20571
20575
20576
20577
20578
20580
20581
21180
21181
21182
21183
21184
21185
21186
21187
21188
21189
21190
21191
21192
21193
21194
21203
21204
21205
21206
21207
21208
21209
21210
21211
21212
21213
21214
21215
21437
21438
21439
21440
21441
21442
21443
21444
21445
21446
21447
21448
21449
21450
21455
21456
21457
21458
21459
21460
21461
21462
21463
21464
21465
21466
21467
21802
21803
21804
21805
21806
21807
21808
21809
21810
21811
21812
21813
21814
21815
21816
21820
21821
21822
21823
21824
21825
21826
21827
21828
21829
21830
21831
21970
21971
21972
21973
21974
21975
21976
21977
21978
21979
21980
21981
21982
21983
21984
21985
21986
21987
21988
21989
21990
21991
21992
21993
21994
21995
21996
21997
21998
22282
22283
22284
22285
22286
22287
22288
22289
22290
22291
22295
22296
22297
22298
22299
22300
22301
22302
22514
22515
22516
22517
22518
22519
22520
22521
22522
22523
22524
22525
22526
22527
22528
22529
22530
22531
22532
22533
22534
22535
22536
22537
22538
22539
22540
22541
22542
22543
22544
22545
22546
22547
22548
22549
22550
22551
22552
22553
22554
22555
22556
22557
22558
22559
22560
22561
22562
22563
22564
22565
22569
22570
22571
22572
22573
22574
22575
22576
22577
22578
22579
22580
22581
22582
22583
22584
22585
22586
22587
22588
22589
22590
22591
22592
22593
22594
22595
22596
22597
22598
22599
22600
22601
22602
22603
22604
22605
22606
22607
22608
22609
22610
22611
22612
22613
22614
22615
22616
22617
22618
22619
22620
22621
22622
22623
22624
22625
22626
22627
22628
22629
22630
22631
22632
22633
22634
22836
22842
22843
22844
22845
22846
22847
22848
22849
22850
22855
22856
22857
22858
22859
22860
22861
22862
22863
22864
22865
22869
23177
23178
23179
23180
23181
23182
23183
23184
23185
23186
23187
23188
23189
23190
23191
23195
23196
23197
23198
23199
23200
23201
23202
23203
23204
23205
23206
23266
23267
23268
23278
23279
23482
23483
23484
23485
23486
23487
23488
23489
23490
23491
23492
23493
23494
23495
23499
23500
23501
23502
23503
23504
23505
23506
23507
23508
23509
23894
23895
23896
23897
23898
23899
23900
23901
23902
23903
23904
23905
23906
23909
23910
23911
23912
23913
23914
23915
23916
23917
23918
23919
23920
23921
23922
23923
23924
23925
23926
23927
23928
23960
23961
23962
23963
23964
23965
23966
23967
23968
23969
23970
24106
24107
24145
24147
24148
24151
24153
24154
24160
24162
24305
24306
24307
24308
24309
24310
24311
24312
24313
24314
24315
24316
24317
24318
24322
24323
24324
24325
24326
24327
24328
24329
24330
24331
24332
24539
24540
24541
24542
24543
24544
24545
24546
24547
24548
24549
24550
24551
24552
24556
24557
24558
24559
24560
24561
24562
24563
24564
24565
24566
24567
24761
24762
24763
24764
24765
24766
24767
24768
24769
24770
24771
24772
24773
24774
24775
24779
24780
24781
24782
24783
24784
24785
24786
24787
24788
24789
24971
24972
24973
24974
24975
24976
24977
24978
24979
24980
24981
24982
24983
24984
24988
24989
24990
24991
24992
24993
24994
24995
24996
24997
24998
25248
25249
25250
25251
25252
25253
25254
25255
25256
25257
25258
25259
25260
25261
25265
25266
25267
25268
25269
25270
25271
25272
25273
25274
25275
25479
25480
25481
25482
25483
25484
25485
25486
25487
25488
25489
25490
25491
25492
25496
25497
25498
25499
25500
25501
25502
25503
25504
25505
25506
