18714 18737
18740 18741
18747 18749
18754 18756
18759 18760
18785 18793
18799 18802
18847 18847
18850 18850
18852 18866
18874 18875
18879 18880
19055 19069
19094 19109
19243 19258
19519 19542
19586 19598
19751 19760
19763 19769
20042 20056
20061 20063
20065 20072
20201 20216
20288 20288
20295 20295
20447 20463
20467 20481
20557 20560
20562 20562
20566 20569
20571 20571
20575 20578
20580 20581
21180 21194
21203 21215
21437 21450
21455 21467
21802 21816
21820 21831
21970 21998
22282 22291
22295 22302
22514 22565
22569 22634
22836 22836
22842 22850
22855 22865
22869 22869
23177 23191
23195 23206
23266 23268
23278 23279
23482 23495
23499 23509
23894 23906
23909 23928
23960 23970
24106 24107
24145 24145
24147 24148
24151 24151
24153 24154
24160 24160
24162 24162
24305 24318
24322 24332
24539 24552
24556 24567
24761 24775
24779 24789
24971 24984
24988 24998
25248 25261
25265 25275
25479 25492
25496 25506
