0
0
0
0
0
0
0
0
0
0
0
0
0
0
0
0
0
0
0
0
0
0
0
0
0
0
0
0
0
0
0
0
0
0
0
0
0
0
0
0
0
0
0
0
0
0
0
0
0
0
0
0
0
0
0
0
0
0
0
0
0
0
0
0
0
0
0
0
0
0
0
0
0
0
0
0
0
0
0
0
0
0
0
0
0
0
0
0
0
0
0
0
0
0
0
0
0
0
0
0
0
0
0
0
0
0
0
0
0
0
0
1
14
512
3924
7732
7821
7050
7054
6656
6580
6577
6589
6712
6857
6715
6984
7058
7048
7125
7256
7423
7380
7187
7143
7240
7246
7401
7276
7354
7294
7205
7370
7214
7268
7204
7031
7086
7137
7186
7255
7032
6989
6866
6969
6869
6864
6772
6905
6804
6727
6726
6628
6804
6710
6676
6618
6654
6478
6729
6714
6695
6538
6526
6590
6416
6501
6485
6468
6463
6533
6399
6387
6414
6483
6305
6429
6369
6349
6472
6357
6209
6309
6231
6187
6274
6352
6368
6250
6288
6135
6109
6161
6173
6146
6103
6258
6296
6158
6077
6173
6070
6046
5925
6188
6176
6031
6078
6106
5992
6059
5951
5927
5821
5905
6035
5977
5912
5943
5856
5889
5925
5888
5851
6003
5997
5883
5890
5774
5920
5702
5751
5871
5777
5811
5879
5833
5842
5679
5843
5680
5629
5810
5714
5765
5861
5760
5674
5592
5817
5493
5738
5743
5854
5774
5643
5700
5723
5664
5611
5572
5690
5524
5587
5530
5509
5533
5647
5395
5548
5590
5585
5644
5512
5488
5574
5467
5584
5594
5595
5496
5435
5403
5425
5490
5492
5455
5506
5418
5458
5401
5533
5446
5600
5386
5348
5493
5348
5288
5364
5369
5445
5314
5454
5328
5473
5496
5502
5492
5159
5267
5295
5297
5291
5361
5180
5333
5352
5296
5329
5290
5282
5324
5445
5431
5191
5293
5372
5196
5113
5406
5299
5188
5303
5282
5134
5249
5155
5225
5323
5127
5367
5181
5224
5213
5139
5199
5210
5246
5094
5368
5175
5157
5229
5286
5224
5187
5155
5185
5076
5094
5217
5227
5199
5125
5184
5159
5148
5097
5215
5126
5112
5273
5162
5070
5089
5050
5102
5175
5239
5097
5090
5094
5182
5087
5125
5039
5027
5154
5079
5042
5106
5167
5050
5037
4991
5122
5007
5065
5113
5138
5121
5025
5182
5037
4870
5097
4984
5091
5057
4938
5054
4924
5036
4954
5125
4985
4882
4969
4852
4906
5047
4915
5036
5012
4909
4905
5049
4937
5031
4925
4963
5054
5010
4901
4950
5069
5007
4848
5058
4921
4908
4869
4996
4847
4989
4943
4907
5001
4995
4891
5028
4894
4852
4950
5013
4986
4969
4892
4876
4885
4812
4852
4844
4932
4939
4925
4944
4808
4945
4874
4930
4967
4820
4919
4860
4902
4692
4924
4910
4989
4796
4859
4803
4960
4809
4868
4880
5006
4714
4845
4961
4891
4822
4726
4850
4928
4928
4808
4838
4775
4857
4864
4844
4758
4794
4737
4826
4829
4821
4838
4755
4684
4792
4804
4815
4818
4740
4697
4780
4810
4787
4782
4753
4782
4716
4730
4825
4779
4650
4759
4782
4657
4824
4743
4793
4810
4752
4757
4853
4783
4736
4784
4742
4737
4790
4721
4772
4692
4744
4758
4705
4722
4724
4763
4886
4770
4699
4788
4675
4582
4746
4586
4771
4749
4789
4698
4708
4647
4790
4768
4641
4698
4730
4514
4733
4771
4769
4648
4801
4588
4712
4597
4602
4435
4654
4753
4834
4647
4709
4670
4639
4730
4766
4694
4712
4757
4687
4628
4581
4561
4601
4669
4663
4614
4701
4719
4665
4672
4659
4698
4750
4713
4672
4713
4620
4622
4779
4692
4715
4670
4613
4699
4694
4597
4628
4647
4573
4687
4655
4606
4711
4716
4611
4752
4677
4619
4638
4495
4660
4557
4616
4591
4623
4664
4693
4755
4600
4749
4734
4582
4704
4728
4761
4643
4652
4607
4755
4575
4659
4788
4662
4808
4684
4675
4617
4695
4700
4706
4844
4532
4693
4742
4762
4601
4604
4733
4788
4658
4754
4732
4764
4655
4579
4715
4643
4722
4757
4707
4692
4684
4680
4793
4697
4740
4770
4603
4690
4781
4719
4722
4698
4741
4684
4762
4613
4795
4811
4871
4657
4799
4763
4745
4703
4648
4685
4632
4683
4772
4801
4807
4729
4798
4754
4761
4770
4735
4749
4668
4784
4808
4751
4736
4604
4787
4656
4603
4703
4735
4684
4579
4753
4690
4711
4672
4634
4718
4682
4728
4671
4615
4654
4747
4608
4812
4689
4644
4637
4580
4655
4654
4632
4697
4734
4713
4582
4679
4771
4678
4779
4739
4707
4614
4734
4680
4767
4651
4656
4746
4730
4686
4746
4725
4713
4833
4804
4710
4773
4683
4721
4656
4694
4712
4618
4768
4675
4751
4721
4724
4762
4891
4759
4685
4764
4723
4740
4603
4660
4860
4683
4809
4615
4768
4583
4684
4746
4705
4660
4635
4734
4823
4711
4638
4618
4744
4702
4680
4674
4710
4708
4840
4745
4715
4761
4759
4845
4939
4940
5042
5119
5159
5118
5061
4921
4845
4912
4816
4905
4824
4826
4926
4942
4681
4822
4904
4712
4720
4702
4690
4550
4722
4587
4598
4640
4684
4600
4518
4674
4602
4671
4551
4610
4623
4659
4541
4495
4578
4449
4578
4650
4612
4626
4492
4649
4585
4643
4567
4594
4662
4596
4736
4552
4544
4743
4739
4600
4525
4531
4680
4528
4600
4739
4509
4472
4555
4664
4569
4765
4649
4618
4583
4721
4670
4643
4573
4587
4707
4590
4553
4646
4642
4669
4756
4597
4789
4658
4627
4636
4646
4622
4737
4727
4774
4611
4580
4555
4797
4630
4823
4577
4762
4721
4750
4760
4783
4770
4775
4767
4673
4692
4770
4811
4747
4882
4692
4797
4736
4772
4844
4739
4845
4873
4882
4869
4811
4877
4913
4919
4950
4801
4950
4783
4756
4730
4830
4973
4886
4857
4885
4924
4850
4906
4964
4985
4963
4946
4986
4970
4907
5007
4875
4903
5036
4961
5078
5052
5116
5103
5020
5011
5087
4921
5088
5058
5057
5068
4888
5112
5074
5163
5011
4984
5034
5037
5069
5112
5085
5157
5028
5093
5086
4943
5112
5073
5141
5077
5198
5096
5240
5125
5343
5073
5160
5123
5297
5112
5160
5196
5197
5188
5180
5152
5230
5289
5255
5143
5154
5281
5276
5429
5249
5302
5234
5338
5364
5297
5223
5279
5316
5355
5428
5316
5355
5381
5334
5335
5380
5406
5480
5379
5432
5239
5374
5346
5340
5329
5321
5463
5428
5480
5366
5344
5380
5345
5422
5460
5474
5350
5313
5373
5473
5505
5427
5548
5594
5575
5441
5518
5559
5521
5483
5457
5490
5494
5497
5513
5559
5354
5467
5708
5569
5564
5542
5616
5549
5571
5579
5582
5632
5546
5602
5602
5509
5647
5625
5583
5593
5717
5520
5588
5713
5708
5629
5640
5720
5545
5628
5596
5791
5524
5616
5664
5675
5675
5929
5758
5733
5737
5614
5806
5635
5778
5786
5730
5726
5737
5709
5774
5867
5667
5591
5809
5806
5840
5799
5712
5857
5755
5889
5912
5715
5792
5822
5997
5840
5768
5946
5823
5795
5842
5827
5765
5980
5748
5772
5781
5907
5909
5953
5774
5873
6028
5969
5867
5828
5893
6071
5880
5933
6036
5966
6032
5951
6040
5949
6028
5974
5867
6000
5958
5824
5905
5993
5995
5923
5819
6011
5990
5887
6015
5981
6111
6178
6028
5983
6074
6097
5933
6166
5973
6168
5953
6165
6034
6074
6147
6061
6031
6066
6150
6130
6152
6114
6245
6131
6189
5980
6047
6182
6138
6190
6057
6172
6303
6147
6067
6134
5990
6211
6186
6001
6177
6161
6395
6241
6183
6072
6123
6136
6110
6196
6339
6138
6331
6319
6325
6238
6217
6152
6354
6241
6262
6278
6247
6263
6170
6360
6394
6167
6227
6208
6266
6411
6279
6320
6241
6342
6366
6365
6287
6341
6356
6430
6262
6383
6348
6288
6217
6424
6317
6448
6339
6396
6298
6305
6385
6447
6628
6367
6403
6401
6557
6334
6363
6368
6395
6347
6327
6466
6385
6441
6441
6473
6558
6359
6357
6416
6524
6405
6379
6518
6520
6428
6347
6398
6545
6483
6598
6518
6650
6488
6539
6501
6600
6658
6614
6568
6511
6624
6629
6421
6616
6721
6635
6579
6537
6532
6489
6693
6572
6606
6780
6704
6616
6801
6871
6580
6684
6865
6689
6616
6643
6642
6685
6754
6717
6836
6646
6628
6587
6768
6816
6672
6794
6814
6829
6868
6749
6579
6849
6804
6901
6828
6780
6814
6894
6773
6672
6939
6917
6762
6824
6934
6743
6910
6906
6947
6936
7056
6859
7035
6923
6864
6991
7021
6940
6930
6989
6851
6929
7010
7009
7003
7079
6867
6873
6822
6887
7157
6970
7057
7022
6920
7095
6890
7070
7176
7109
7058
6946
6999
7115
6971
7201
7074
7025
7053
6958
7024
7288
7019
7141
7067
7273
7128
7223
7242
7118
7105
7241
7215
7182
7293
7154
7281
7149
7135
7219
7181
7259
7326
7273
7093
7258
7221
7332
7208
7276
7256
7148
7328
7271
7347
7406
7283
7252
7192
7209
7189
7324
7317
7390
7456
7300
7415
7446
7497
7363
7261
7376
7251
7311
7381
7264
7447
7470
7447
7421
7452
7426
7408
7422
7594
7412
7410
7562
7412
7538
7459
7541
7578
7452
7591
7507
7552
7517
7632
7507
7509
7554
7571
7620
7853
7782
7655
7639
7704
7658
7645
7530
7833
7735
7811
7659
7873
7944
7826
7802
7697
7738
7773
7741
7794
7793
7632
7736
7747
7833
7947
7903
7658
7859
8009
7831
7799
7828
7850
7845
7756
7910
7579
7957
8046
7929
7814
7937
7925
7878
7939
7839
7931
7862
7723
8020
8054
8004
7986
7919
8188
7999
8028
8106
8014
8046
7960
7804
7887
7976
8142
8070
7996
8093
7890
7852
8007
7947
7973
7957
8138
8023
7821
8094
8071
8170
8239
8035
7937
7872
8074
8101
8021
7952
8013
8053
8088
7856
8041
7952
7847
8086
7999
8006
8119
7939
7992
7940
8049
7949
8104
7989
7968
7868
7982
8004
8013
7867
8095
7982
8039
7876
8130
8030
8198
8173
8331
8210
8363
8559
8398
8523
8545
8468
8400
8289
8265
8306
8179
8009
8036
7917
7963
8082
7901
8073
7751
7926
7712
7751
7769
7805
7854
7895
7664
7867
7666
7759
7719
7539
7649
7604
7709
7581
7708
7570
7621
7558
7727
7667
7637
7560
7510
7522
7676
7390
7265
7483
7504
7261
7621
7512
7506
7298
7438
7385
7556
7411
7366
7509
7285
7263
7372
7441
7429
7436
7400
7456
7334
7389
7431
7469
7224
7449
7395
7446
7193
7406
7193
7402
7258
7264
7393
7286
7474
7173
7338
7319
7265
7321
7222
7366
7231
7241
7371
7416
7285
7278
7174
7171
7142
7148
7488
7133
7206
7174
7223
7055
6934
7285
7184
7050
7208
7121
7097
7359
7198
7027
7084
7208
7193
7169
7081
7003
7100
7047
7274
7012
7003
7018
7134
7091
7051
7031
7161
6949
6995
7082
7002
6886
6958
6958
6911
7071
6996
6972
6835
7054
6911
7018
6979
6989
6862
6923
6854
7051
7035
6967
6997
6792
6932
6898
6939
6803
7039
6961
7030
6939
6921
6806
6865
6910
7026
6751
7010
6831
6860
7026
6992
6871
6733
6894
6982
6825
6879
6858
6919
6832
6858
6653
6894
6931
6826
6917
6727
6673
6868
6911
6786
7019
6641
6777
6745
6861
6825
6877
6906
6772
6777
6797
6545
6768
6797
6980
6770
6709
6587
6811
6723
6706
6753
6609
6620
6695
6805
6759
6806
6645
6795
6634
6641
6609
6678
6818
6717
6638
6684
6601
6783
6624
6678
6801
6582
6607
6589
6617
6679
6686
6651
6674
6678
6475
6514
6630
6528
6626
6580
6601
6535
6679
6534
6616
6708
6608
6595
6669
6626
6424
6624
6576
6530
6485
6524
6637
6574
6502
6425
6495
6532
6615
6485
6703
6645
6484
6512
6628
6479
6470
6461
6465
6592
6444
6497
6439
6580
6392
6434
6279
6477
6374
6313
6428
6430
6360
6379
6469
6535
6472
6470
6618
6285
6400
6340
6282
6322
6374
6284
6406
6281
6267
6400
6356
6378
6384
6308
6240
6473
6311
6167
6352
6358
6310
6280
6380
6354
6425
6380
6271
6380
6427
6254
6229
6261
6320
6306
6255
6078
6249
6204
6240
6275
6193
6192
6252
6241
6330
6232
6363
6241
6329
6225
6232
6265
6143
6109
6313
6266
6132
6121
6057
6071
6064
6077
6117
6065
6143
6216
6131
6157
6150
6152
6229
6223
6117
6119
6210
6076
6145
6161
6143
6071
6131
6052
6107
6066
6041
6105
6001
6149
6083
6080
6051
6041
6169
6041
6021
5925
5895
5934
5917
6013
6032
6095
6044
5904
5968
5890
6050
6007
6023
6033
5785
5862
5829
5965
5974
5887
5873
5807
5902
5777
5781
5812
5810
5820
5832
5810
5766
5874
5757
5662
5808
5709
5699
5689
5753
5802
5774
5832
5753
5935
5755
5799
5645
5648
5670
5553
5782
5683
5644
5462
5638
5582
5503
5649
5506
5568
5499
5447
5531
5429
5485
5462
5508
5424
5357
5375
5341
5480
5323
5336
5330
5447
5260
5296
5385
5296
5253
5236
5141
5189
5103
5351
5239
5263
5106
5288
5228
5048
5113
5070
5206
5005
5150
5096
5106
5046
5026
4995
5075
5073
5046
5041
5009
4979
4851
5119
4903
4946
5083
4904
4888
4974
4851
4991
4890
4765
4723
4935
4862
4894
4943
4975
4829
4817
4805
4798
4714
4803
4871
4652
4812
4744
4758
4752
4668
4846
4632
4730
4514
4745
4619
4729
4640
4645
4737
4727
4722
4627
4593
4730
4709
4725
4669
4535
4652
4634
4740
4630
4617
4539
4612
4677
4637
4565
4578
4521
4476
4506
4678
4670
4569
4579
4621
4698
4582
4583
4694
4664
4665
4700
4585
4688
4625
4720
4628
4627
4589
4608
4664
4614
4515
4600
4612
4595
4676
4521
4449
4652
4497
4444
4597
4584
4559
4570
4393
4446
4585
4578
4561
4611
4549
4642
4618
4398
4607
4575
4441
4593
4522
4441
4474
4497
4523
4451
4579
4391
4445
4482
4519
4636
4475
4557
4640
4727
4574
4822
4782
4791
4766
4756
4973
4791
4871
4858
4736
4766
4618
4602
4667
4603
4637
4614
4673
4485
4379
4515
4473
4264
4353
4435
4327
4417
4252
4320
4329
4285
4212
4246
4202
4106
4079
4148
4108
4308
4205
4045
4171
4096
4300
4088
4030
4113
4153
4058
4051
4184
4125
4007
3961
3961
4148
4135
4114
4055
4014
4083
3886
4080
4042
3972
3982
4012
3999
3889
3948
4139
3988
4042
4126
3977
4097
3932
3909
3919
3947
3908
4004
3926
3941
4012
3969
3967
3951
3947
3885
3960
3912
3869
3840
3906
3821
3933
3910
3878
3898
3907
3874
3888
3978
3837
3858
3870
3873
3774
3777
3854
3878
3908
3880
3796
3766
3786
3703
3783
3858
3759
3799
3915
3844
3765
3823
3914
3792
3831
3882
3880
3856
3828
3896
3836
3832
3735
3824
3730
3787
3843
3782
3870
3747
3749
3730
3683
3761
3760
3677
3730
3757
3714
3861
3689
3735
3846
3632
3836
3842
3809
3783
3759
3639
3707
3838
3831
3681
3731
3603
3778
3841
3686
3697
3882
3625
3693
3730
3744
3632
3687
3674
3732
3711
3737
3711
3716
3757
3749
3642
3658
3663
3674
3723
3612
3610
3643
3655
3567
3671
3715
3599
3722
3578
3604
3709
3683
3612
3591
3600
3566
3591
3512
3672
3636
3561
3622
3470
3633
3542
3518
3636
3499
3585
3581
3583
3578
3594
3530
3556
3600
3604
3569
3492
3548
3578
3483
3553
3548
3648
3557
3591
3557
3500
3432
3749
3553
3579
3577
3421
3560
3500
3489
3463
3526
3437
3426
3463
3486
3540
3460
3589
3492
3481
3424
3605
3433
3436
3452
3465
3534
3485
3429
3485
3388
3584
3511
3530
3518
3441
3592
3326
3402
3595
3420
3347
3473
3356
3396
3426
3421
3383
3412
3494
3340
3400
3398
3347
3365
3503
3435
3458
3350
3418
3429
3351
3419
3466
3357
3388
3481
3364
3281
3279
3310
3339
3289
3422
3483
3376
3303
3419
3385
3350
3454
3391
3430
3457
3435
3271
3413
3347
3348
3294
3314
3258
3413
3357
3484
3436
3262
3348
3263
3329
3270
3287
3371
3331
3426
3303
3344
3264
3329
3303
3364
3260
3389
3372
3264
3301
3256
3288
3254
3237
3245
3292
3322
3459
3396
3233
3348
3230
3413
3298
3308
3320
3297
3267
3328
3248
3266
3343
3252
3169
3419
3333
3338
3308
3276
3165
3192
3247
3254
3223
3266
3254
3304
3302
3201
3319
3324
3254
3303
3164
3343
3197
3174
3333
3250
3189
3233
3355
3321
3243
3265
3364
3238
3266
3290
3265
3140
3276
3271
3212
3292
3135
3236
3347
3261
3268
3231
3281
3234
3191
3252
3226
3200
3257
3191
3184
3244
3236
3187
3258
3199
3274
3278
3291
3087
3171
3156
3207
3180
3210
3299
3173
3162
3231
3120
3232
3187
3234
3227
3218
3137
3201
3137
3267
3237
3241
3217
3245
3311
3300
3359
3292
3419
3326
3429
3403
3452
3436
3495
3679
3807
3727
3813
3889
3835
3979
3942
4002
4149
4129
4253
4397
4526
4541
4656
4635
4599
4849
4779
4755
4755
4908
5065
4866
5127
5018
5060
5042
5150
5179
5249
5065
5109
5122
5227
5137
5132
5297
5199
5268
5028
5299
5295
5286
5194
5316
5091
5226
5215
5239
5169
5292
5284
5279
5334
5382
5511
5604
5584
5884
6107
6229
6605
6921
7245
7745
8315
8906
9521
9895
10165
10393
10753
10834
10631
10741
10558
10035
9879
9579
9275
8821
8557
8239
7952
7642
7259
6899
6698
6299
6126
5798
5654
5397
5173
4887
4869
4662
4427
4325
4108
3991
3943
3920
3733
3596
3528
3501
3377
3300
3364
3212
3199
3097
3185
3022
3036
2989
2954
3065
2905
2897
2796
2880
2838
2865
2879
2758
2746
2744
2863
2789
2818
2867
2823
2875
2861
2845
2853
2855
2806
2869
2814
2806
2813
2749
2795
2844
2916
2650
2886
2810
2775
2713
2719
2772
2836
2731
2791
2789
2812
2793
2807
2869
2696
2845
2889
2822
2839
2754
2786
2734
2791
2839
2778
2774
2768
2736
2745
2788
2706
2741
2766
2789
2807
2781
2752
2815
2675
2705
2775
2896
2768
2690
2733
2728
2705
2707
2809
2782
2803
2757
2798
2726
2799
2795
2774
2847
2730
2804
2675
2836
2770
2757
2888
2864
2758
2740
2791
2855
2726
2769
2626
2817
2839
2811
2736
2688
2831
2783
2744
2824
2714
2765
2723
2744
2735
2715
2815
2745
2821
2821
2736
2803
2740
2731
2827
2669
2816
2729
2811
2618
2779
2717
2764
2770
2932
2880
2903
2757
2838
2840
3050
3022
3196
3104
3069
3204
3263
3140
3479
3437
3685
3786
3877
4084
4117
4370
4424
4559
4682
4861
5086
5250
5525
5494
5620
5856
6010
6132
6332
6470
6617
6650
6937
6899
6948
7065
7219
7274
7350
7537
7318
7665
7746
7671
7808
7607
7835
7673
7825
7740
7774
7842
7905
7982
7921
7756
7792
7930
7991
7947
7948
7815
8140
8168
8122
8007
8305
8314
8442
8762
9125
9422
9779
10066
10847
11649
12657
13598
14677
15857
16934
18056
18901
19688
20361
20516
20532
20534
20064
19688
19192
18606
17921
17076
16293
15484
14774
14021
13191
12691
11851
11115
10655
9888
9288
8677
8214
7636
7146
6643
6248
5975
5467
5082
4925
4715
4334
4086
3812
3870
3642
3304
3242
3164
3064
2875
2833
2729
2665
2515
2553
2528
2451
2394
2364
2314
2330
2236
2217
2148
2194
2059
2171
2075
2113
2084
2104
2010
2108
2014
2051
2047
2068
2099
1997
2123
1988
2079
2059
2060
2095
2051
2021
2020
1955
2011
1943
2064
2059
2105
2134
1995
2054
2036
2053
2000
1963
2046
1997
1942
2081
1956
2054
1998
2038
2093
1979
2104
2002
2117
2021
2051
1987
2074
1997
1930
1878
1974
1954
1951
1973
2023
2010
1926
1966
1970
1956
1950
1990
2017
2118
1983
2010
2006
1969
1981
2030
1990
2023
1953
2002
2023
2001
1886
1983
1922
1911
2018
1977
2057
1974
1984
1892
1968
1953
2043
1979
1956
1962
2022
1993
1882
2019
1914
1943
1886
1910
2058
1915
1984
1935
1987
1946
1983
1960
1962
1981
1865
1977
1946
1934
2008
2002
2015
1962
1997
1933
1958
1928
2013
1978
1972
1995
2033
1927
2013
2019
1970
1936
2035
2038
2001
1964
1878
2038
1975
1907
1993
1958
1954
1982
1978
1890
1942
1969
1992
1948
1951
1984
1960
1980
1879
1983
1970
2010
1992
1869
1980
1971
1968
1935
1961
2001
1984
2001
1958
1952
1932
1899
1867
1977
1917
1957
1919
1934
1927
1970
2061
1948
1952
1974
1922
1896
1915
2008
1849
1935
1916
2034
1968
1918
1969
1950
1892
1976
1915
1892
1970
1886
2019
1939
1807
1946
2002
1941
1968
1926
2043
1949
1865
1964
1982
1935
1890
1971
1928
1969
1932
1927
1879
1924
1882
1913
1902
1955
1864
1968
1869
1924
1949
1962
1959
1908
1985
1966
1968
1915
1925
1830
1916
1870
1926
1882
1913
1914
1916
1942
1949
1899
1947
1918
1983
1988
2000
1925
1928
1872
1890
1935
1943
1954
1936
1892
1944
1972
1924
1894
2005
1987
1951
1962
1981
1969
1878
1936
1956
1892
1907
1988
1871
1968
1952
1884
1921
1886
1965
1918
1970
1921
1928
1937
1992
1946
1869
1928
1863
1899
1913
1991
1893
1925
1923
1866
1978
1870
1924
1979
1927
1856
1970
1949
1878
1944
1969
1956
1918
1958
1900
1892
1974
1913
1936
1922
1990
2024
1951
1909
1979
1990
1911
1880
1926
1882
1953
1868
1906
1966
1931
1981
1937
1905
1917
1954
1940
1894
1941
1951
1946
1907
1953
1921
1892
1896
1978
1967
1909
1970
1989
1904
2004
1893
1877
2010
2060
1849
1974
1974
1903
1990
2045
2037
1921
2017
1972
2010
1985
2029
2041
2002
2065
2093
1942
2024
2003
2082
2042
2058
2118
2129
2083
2003
2180
2116
2213
2118
2215
2206
2307
2317
2467
2553
2473
2677
2709
2857
3019
3318
3618
3694
3975
4398
4576
5109
5337
5696
6073
6419
7056
7361
7857
8366
8699
9397
9646
10240
10736
11065
11684
12089
12392
12833
13254
13678
14295
14287
14742
15124
15476
15868
15928
16312
16508
16585
16960
17245
17394
17580
17678
17819
18045
18076
17975
17916
18141
18387
18370
18339
18570
18515
18492
18439
18616
18613
18847
18945
19048
19514
19560
20152
20659
21282
22050
22872
24146
25562
26917
29428
31387
33891
36282
39509
42295
44896
47187
48975
51099
52319
52586
53113
52339
51767
50333
49152
47359
45794
44073
41730
39442
37893
35607
33359
31725
29514
27454
25667
23614
21854
20483
18644
17246
15553
14476
13276
12196
10983
10009
9092
8366
7567
6687
6204
5611
5153
4549
4136
3718
3333
3056
2762
2520
2207
2038
1868
1786
1661
1526
1319
1300
1199
1115
1042
970
937
878
877
791
727
726
694
616
632
576
599
596
572
536
542
506
505
497
473
472
471
450
470
451
432
453
414
445
432
422
434
423
471
415
432
410
411
395
406
393
458
403
410
445
378
471
430
359
376
363
424
428
410
428
402
405
379
400
405
414
375
402
408
379
417
385
412
393
396
422
421
378
401
395
420
371
412
408
370
375
428
391
406
395
390
396
397
364
388
391
415
358
399
381
392
408
362
363
360
378
393
410
363
374
382
367
347
357
352
336
368
381
425
372
422
375
335
383
375
367
386
384
373
391
384
379
407
402
408
417
354
403
412
369
382
387
411
396
393
412
390
445
412
431
391
400
449
454
463
442
517
538
551
564
577
569
638
689
739
788
836
868
945
957
1012
1196
1211
1214
1318
1372
1394
1548
1465
1648
1625
1725
1900
1835
2032
1969
2033
2097
2205
2154
2272
2254
2257
2405
2355
2439
2430
2494
2365
2503
2522
2571
2525
2551
2548
2630
2642
2590
2620
2627
2630
2654
2620
2573
2763
2685
2645
2806
2720
2811
2879
2879
2928
3073
3244
3236
3471
3662
3876
4109
4444
4661
5161
5519
5704
5995
6352
6830
6881
7108
7106
6959
7098
7052
6774
6575
6280
6108
5849
5624
5388
5107
4870
4362
4361
4124
3819
3485
3323
3083
2853
2593
2486
2285
2094
1930
1782
1626
1500
1287
1219
1101
1027
965
837
824
728
684
661
589
526
475
449
403
381
380
351
337
285
281
230
244
231
251
247
213
198
228
214
197
184
210
186
180
189
163
179
185
182
182
170
159
158
182
173
151
164
167
181
155
178
145
164
179
145
143
180
152
149
155
158
147
160
166
146
137
162
141
136
154
149
164
136
170
163
135
153
141
163
162
144
155
160
132
150
126
156
160
133
151
165
139
143
119
136
143
165
139
143
126
160
158
133
163
149
155
163
135
143
146
108
139
133
135
131
121
122
155
159
147
131
114
158
162
121
172
161
132
138
149
149
146
154
144
142
155
124
117
146
125
134
144
127
135
136
132
138
150
131
108
156
138
128
135
133
144
140
151
134
123
125
138
152
136
142
147
137
139
131
139
129
144
110
135
139
147
131
139
139
125
167
158
148
130
142
161
136
121
137
153
116
156
127
108
156
136
130
126
122
122
126
98
149
122
135
137
123
144
150
127
134
125
132
144
121
139
126
118
129
152
131
114
122
122
121
150
134
127
128
126
125
135
135
131
142
141
143
121
119
121
131
123
147
127
130
120
155
132
132
117
117
122
131
127
120
127
135
140
151
143
113
137
124
132
145
107
110
107
110
113
102
117
113
129
120
145
132
115
130
112
114
118
104
153
127
145
112
117
117
116
108
125
116
91
120
136
125
126
103
127
132
126
117
132
115
123
122
117
115
120
112
136
124
128
121
129
112
124
97
97
96
113
120
101
100
118
131
118
119
117
121
126
120
116
109
119
126
108
110
114
125
111
118
90
136
96
102
121
99
123
120
99
117
118
100
115
118
133
117
113
112
133
103
121
105
121
97
144
130
103
120
106
115
116
113
104
106
109
119
115
102
120
112
132
122
95
112
121
133
110
94
114
116
106
107
95
92
99
123
126
111
101
112
107
116
109
127
125
107
108
123
104
95
107
112
114
146
90
116
111
113
107
119
102
107
122
106
108
124
101
116
107
115
113
110
104
109
113
111
109
105
104
108
99
106
90
126
103
111
107
95
119
98
115
92
114
110
100
116
113
121
100
127
102
111
116
113
98
105
104
103
109
142
125
103
102
114
122
111
98
95
102
101
100
103
115
106
112
102
97
114
93
108
101
116
108
108
115
100
92
104
114
122
98
113
84
88
101
97
125
130
123
112
107
111
88
90
120
124
90
112
119
111
114
117
108
127
119
113
104
107
107
110
101
95
96
95
101
97
106
88
91
112
125
105
101
99
93
116
95
123
88
106
82
105
109
96
113
85
89
89
101
87
91
94
99
108
89
74
95
98
88
98
98
84
100
111
98
83
82
90
104
97
91
77
106
114
113
104
104
92
99
110
90
101
87
87
84
84
102
82
100
100
103
96
106
97
104
86
103
96
89
86
78
91
92
85
89
88
91
103
104
106
90
88
93
88
84
76
86
82
94
94
93
100
90
100
93
111
78
89
90
84
73
112
85
90
86
119
83
97
91
82
85
96
78
84
94
108
71
110
109
100
91
97
98
96
74
98
85
111
91
82
83
81
94
103
104
86
87
81
99
94
93
78
103
88
99
111
86
89
99
101
115
85
90
103
83
98
108
86
77
89
88
92
91
77
85
94
86
85
95
96
105
98
89
96
89
85
101
96
88
88
94
98
114
90
71
83
90
92
101
87
84
84
80
84
100
81
83
92
100
83
80
78
84
81
77
93
75
87
93
85
84
82
79
85
71
92
82
86
91
96
76
84
82
109
85
88
93
81
78
87
98
93
88
96
85
84
89
83
86
96
83
103
78
82
77
87
81
84
88
95
76
89
81
97
77
88
76
78
87
78
95
92
82
79
88
89
77
96
68
85
90
95
71
94
94
91
68
92
84
78
86
94
81
68
71
82
86
81
85
77
83
88
81
79
86
77
93
79
66
77
91
81
84
80
79
76
75
85
68
82
75
81
86
85
72
91
83
82
85
72
90
84
96
75
90
63
91
74
92
67
94
64
84
76
71
71
64
82
74
80
83
86
94
83
72
82
79
69
90
82
73
73
87
77
71
75
82
90
65
76
72
82
76
69
82
95
79
85
76
80
81
83
80
57
62
78
63
79
94
75
73
69
82
73
74
91
79
80
66
82
79
81
76
72
73
67
73
73
67
81
68
99
77
73
75
83
72
69
76
67
78
64
92
80
65
80
66
81
76
75
74
76
76
76
66
69
69
72
76
60
76
73
89
76
77
81
66
84
71
69
72
85
64
87
78
78
76
78
68
85
68
88
71
63
72
70
91
73
67
77
63
72
84
75
87
80
77
72
66
75
72
94
75
71
66
66
82
75
63
70
99
80
74
50
63
57
69
71
66
65
73
69
77
75
82
68
62
65
62
68
66
70
71
56
79
74
84
67
71
53
71
79
72
78
61
75
72
67
69
66
84
58
73
65
81
74
68
68
60
76
72
67
79
69
71
70
67
69
78
69
69
66
67
72
76
64
83
86
65
72
67
69
66
76
75
71
80
57
63
76
59
83
65
81
61
78
59
60
54
63
74
74
62
51
56
67
71
73
72
72
72
65
65
82
68
68
69
70
61
57
87
74
71
61
62
67
64
71
59
61
70
57
48
59
87
78
85
68
74
60
67
85
76
64
68
81
63
61
55
56
59
78
58
72
68
60
58
75
62
81
62
60
64
86
49
57
71
58
58
67
54
69
62
49
73
60
58
64
67
73
56
62
66
65
57
60
58
60
74
71
81
63
68
61
67
60
55
58
68
68
65
64
65
68
73
67
77
62
74
59
54
68
49
74
59
73
65
61
72
67
72
68
77
61
65
74
62
58
64
77
75
69
72
84
74
80
82
56
86
65
74
62
51
76
73
84
60
79
78
57
73
55
74
71
66
78
89
85
55
70
74
67
69
81
76
51
55
71
70
71
70
75
75
67
61
57
65
71
60
63
76
60
63
57
79
62
77
74
76
60
55
57
62
56
60
69
70
48
59
64
72
51
65
56
75
62
57
59
54
44
58
63
50
61
59
56
51
51
46
59
51
66
60
60
48
49
52
49
72
61
54
57
64
59
65
58
58
53
54
50
50
66
50
55
57
55
61
59
54
57
75
55
45
57
60
52
52
40
52
47
35
77
53
61
50
50
52
51
66
50
67
67
49
68
53
57
49
46
53
58
55
52
50
49
41
45
48
58
47
36
48
50
57
64
51
47
53
55
45
50
61
70
68
59
44
42
59
50
48
65
48
57
41
56
47
55
51
54
62
46
64
51
46
50
59
46
51
59
65
50
57
51
48
56
37
49
53
59
49
53
47
61
60
55
40
46
45
41
55
49
59
44
54
67
40
52
48
55
45
58
42
48
46
41
51
48
48
43
45
47
52
52
59
49
57
46
51
49
62
53
43
43
61
53
48
51
56
37
45
50
47
48
44
51
48
46
60
55
50
53
38
53
47
60
55
31
50
49
58
56
43
58
54
45
49
47
46
53
46
52
43
55
41
57
37
49
45
44
54
50
45
52
42
48
36
40
40
49
45
45
51
48
39
47
42
44
49
45
50
66
39
40
33
49
44
42
40
49
43
48
42
36
45
40
44
42
50
41
39
51
65
47
49
30
57
46
47
46
41
39
47
52
56
47
49
38
47
62
39
54
41
34
54
60
47
51
43
50
41
48
42
45
51
38
41
38
50
50
48
48
52
50
35
49
43
34
52
44
57
46
50
38
47
39
46
46
38
48
51
41
35
44
36
54
44
43
61
53
45
47
45
49
36
47
30
43
44
46
43
48
40
47
32
45
58
36
43
33
54
38
50
44
47
34
56
49
34
28
48
34
50
45
44
43
47
35
40
43
42
28
42
47
46
37
48
51
42
51
36
50
31
44
51
30
30
36
47
40
41
43
42
45
42
35
41
38
30
51
39
39
40
49
32
43
40
46
36
55
34
32
42
44
42
45
38
49
41
43
43
46
43
44
28
31
45
46
56
44
35
38
41
48
40
35
36
30
46
34
34
38
38
35
44
28
49
31
39
33
38
54
44
28
49
40
37
52
44
32
39
51
30
41
38
36
36
44
46
43
24
38
53
37
42
31
40
44
37
37
45
42
35
36
38
36
41
43
52
47
49
38
39
38
24
38
35
32
44
28
46
39
37
40
30
33
35
33
39
39
44
41
31
29
36
33
35
45
42
41
35
31
39
42
36
35
37
31
31
45
34
33
39
37
39
30
31
30
40
30
41
26
33
42
45
30
27
34
45
37
33
37
47
34
36
47
46
49
45
48
36
35
29
34
38
35
35
31
42
34
27
35
43
32
43
32
40
35
38
52
28
46
37
36
35
32
38
44
32
44
32
41
25
38
36
33
29
55
29
27
30
29
32
32
37
38
43
36
32
29
36
35
40
40
30
38
23
26
43
30
31
34
30
32
22
37
27
39
31
32
41
40
29
31
41
47
27
35
31
38
27
27
35
28
31
33
35
31
35
38
30
37
32
44
43
37
34
33
33
37
37
33
32
36
28
40
48
29
38
40
41
42
32
44
36
40
33
37
37
43
42
28
32
41
44
45
45
37
38
49
40
37
40
37
42
42
43
42
44
44
35
37
45
35
31
36
45
41
40
46
52
40
53
41
42
43
37
37
37
31
45
35
41
33
41
41
38
35
36
40
46
46
40
34
34
38
34
24
43
42
38
36
36
42
37
32
31
42
33
39
20
39
30
36
29
42
27
24
34
40
38
30
29
30
44
35
29
36
29
25
33
29
32
35
37
32
26
25
37
24
23
35
26
31
35
31
41
34
22
32
33
23
32
33
25
39
34
27
29
21
34
22
26
36
34
45
29
25
26
25
24
34
30
30
39
27
32
23
34
25
28
25
30
32
32
35
38
48
25
33
37
29
32
35
23
29
18
30
29
34
31
23
24
33
23
23
31
31
34
23
34
36
33
35
36
30
30
29
42
33
28
31
35
37
29
35
26
38
31
27
29
40
26
20
33
36
35
22
25
37
30
23
36
26
17
27
35
38
35
23
39
32
28
25
40
29
29
24
26
26
19
30
31
28
36
34
25
28
31
33
36
47
36
29
33
29
38
25
30
32
22
25
27
31
49
49
33
31
32
42
46
43
31
51
48
35
38
34
37
42
49
38
44
32
39
51
45
37
36
36
40
34
38
33
32
37
38
49
43
46
33
37
37
40
41
44
39
39
52
30
50
43
39
37
42
52
42
36
58
56
38
43
50
52
47
43
54
62
52
55
56
48
38
50
50
37
53
45
52
41
49
51
47
44
49
45
43
36
32
34
37
36
22
36
34
18
31
26
37
26
45
28
31
32
31
38
28
34
24
24
26
26
26
37
22
23
26
14
31
24
14
31
27
25
23
24
33
30
25
32
25
26
28
29
25
25
24
21
34
25
21
30
21
31
26
23
28
32
31
25
33
16
15
26
26
32
22
30
21
21
24
24
18
27
27
28
27
28
20
33
27
25
20
24
24
23
28
39
20
21
22
22
23
17
27
22
25
29
16
24
28
21
31
18
28
24
24
16
17
29
27
17
19
26
21
31
22
18
19
25
21
23
25
29
27
16
26
23
22
27
32
24
25
32
23
27
37
26
27
19
24
17
26
24
26
17
20
25
25
21
31
17
21
24
20
19
22
31
27
16
20
35
22
22
18
23
30
19
27
22
29
25
24
25
20
21
23
20
27
27
21
24
24
19
24
28
22
22
29
22
25
12
25
21
19
23
16
22
13
20
20
22
23
23
21
23
29
19
27
22
24
20
24
22
25
31
28
17
19
24
23
29
25
18
27
21
20
19
29
24
15
26
30
20
19
20
23
18
21
30
22
21
30
30
19
35
16
22
27
17
13
17
18
23
21
20
24
16
16
21
20
26
16
21
22
13
24
27
16
18
26
14
19
26
22
22
23
24
21
24
17
23
19
22
22
17
24
15
11
19
15
21
16
12
24
21
27
20
15
12
21
26
14
21
31
24
24
19
24
25
14
9
20
26
26
17
23
22
16
14
24
25
21
18
13
21
19
18
20
24
16
13
27
24
24
19
26
18
25
25
18
24
17
19
24
24
26
27
19
23
26
22
19
27
27
25
26
18
19
19
23
23
18
26
8
19
20
31
30
28
21
12
16
17
22
27
18
14
23
16
17
23
12
13
16
27
27
30
24
14
24
19
19
24
18
22
18
28
18
19
21
24
17
16
22
21
23
20
18
24
20
25
20
18
34
17
21
23
29
35
21
22
22
26
26
21
34
24
24
28
28
28
26
30
26
21
24
23
33
23
24
21
20
23
15
36
21
18
15
20
29
16
22
33
21
18
24
21
14
14
29
23
28
21
20
28
20
22
28
14
18
20
33
16
23
14
28
16
29
22
25
24
18
23
23
24
24
16
16
23
22
12
22
20
25
32
27
21
20
23
26
17
16
16
22
21
20
15
17
10
18
20
23
12
21
20
28
18
18
17
18
17
20
11
26
16
21
18
20
14
13
8
10
17
18
22
22
22
16
14
17
16
17
12
15
18
15
15
14
19
18
14
12
15
20
21
14
18
10
14
12
13
14
16
16
15
9
24
23
16
22
18
15
18
19
19
13
12
21
13
20
12
9
14
14
22
11
16
15
11
15
16
18
22
18
9
12
17
14
19
14
16
12
21
16
12
22
20
18
17
17
19
16
17
15
14
12
13
10
19
11
13
16
21
15
13
14
17
9
16
20
14
26
21
12
18
22
18
17
18
13
12
12
20
10
14
19
21
19
16
12
20
9
12
11
14
23
20
17
12
11
16
25
16
21
12
14
11
15
15
11
17
11
15
16
19
10
10
9
20
15
13
13
20
16
15
16
13
18
21
13
11
14
20
11
12
17
9
13
14
10
7
15
20
10
15
14
13
20
18
11
20
18
15
20
17
19
13
12
21
11
15
10
13
14
14
13
13
15
21
15
14
14
17
14
8
14
15
9
22
22
15
14
11
13
14
19
12
8
18
13
14
15
14
18
15
11
22
15
16
19
12
16
12
15
7
20
14
14
12
11
11
15
12
14
16
10
13
23
14
14
16
12
16
16
11
15
20
22
11
18
13
14
14
13
9
15
13
20
16
10
11
15
19
10
12
13
16
18
14
18
17
14
12
7
18
10
15
13
12
15
8
12
13
13
10
19
15
15
17
15
17
20
9
17
16
6
10
12
16
18
17
14
21
11
11
20
17
17
12
13
16
16
11
14
17
18
17
17
12
11
15
18
10
19
20
15
17
12
21
10
8
10
7
18
19
15
11
17
10
15
13
16
10
12
10
17
18
12
14
7
15
15
14
22
11
17
17
14
10
18
14
13
19
18
14
11
12
14
8
18
17
19
13
15
13
8
20
21
10
15
11
9
16
9
9
10
16
14
11
20
10
15
16
15
13
17
19
15
17
11
14
13
18
20
12
10
20
17
20
20
16
14
14
11
15
19
9
15
18
11
16
11
16
16
15
19
12
10
14
10
20
13
20
16
18
10
24
19
13
15
18
14
18
18
13
18
16
14
18
12
17
16
12
14
12
18
19
24
20
17
14
19
12
15
17
23
18
15
14
18
23
17
14
8
15
16
13
12
11
16
23
18
19
19
18
16
20
17
13
10
15
23
13
14
16
17
7
20
20
22
20
10
20
10
12
16
20
14
14
11
19
9
13
13
16
11
13
10
6
13
11
11
7
9
13
4
7
9
12
7
9
9
15
9
14
13
7
12
10
12
16
9
6
15
13
8
9
3
14
9
16
7
8
9
12
14
6
8
5
10
9
12
8
7
7
9
12
6
5
8
7
9
10
7
12
8
8
6
11
8
4
6
7
10
5
11
11
10
7
10
8
10
11
15
15
15
6
11
4
14
12
7
13
15
13
10
9
8
10
15
11
12
15
12
5
11
7
10
17
8
8
10
16
13
11
14
5
10
11
3
6
3
9
11
11
15
15
17
8
7
14
7
9
8
8
16
12
10
11
11
8
13
7
13
8
12
8
9
10
11
7
16
7
11
14
9
11
7
19
6
9
17
14
10
11
12
8
8
10
11
8
8
16
10
9
9
6
7
14
14
6
8
18
11
14
10
4
8
12
8
5
8
11
13
11
10
14
12
6
5
7
9
8
10
8
4
12
11
12
10
9
7
8
9
7
16
11
7
7
8
8
4
13
12
10
7
10
8
5
16
10
5
12
5
10
7
6
12
12
7
8
12
9
9
10
11
4
10
5
11
10
10
6
11
6
8
9
14
14
11
10
14
11
7
11
9
8
11
9
11
10
10
10
10
11
9
9
10
12
5
8
15
5
4
14
7
9
10
7
12
11
5
8
8
10
7
5
6
10
7
8
8
8
5
8
18
8
8
8
8
7
7
8
7
6
8
7
5
9
10
10
10
12
6
3
6
5
3
5
5
6
8
5
4
8
8
4
8
7
5
10
7
2
10
6
6
4
8
7
8
5
4
2
6
8
3
7
6
7
6
8
4
6
8
9
3
6
8
7
7
9
8
5
9
7
10
4
8
3
7
9
4
4
12
7
9
9
6
7
5
9
14
4
3
6
10
10
7
5
8
12
6
6
9
5
10
5
1
8
3
5
9
11
8
3
15
4
3
7
7
6
7
3
6
4
4
11
4
1
6
8
7
7
6
6
7
12
11
7
6
11
5
6
11
5
9
8
9
3
6
4
6
5
8
3
7
5
1
7
5
10
3
7
7
9
9
6
6
9
6
7
10
11
4
10
10
9
6
3
5
18
6
6
8
5
6
3
10
11
8
10
6
10
7
9
11
7
10
5
6
8
3
4
10
6
7
10
6
14
2
10
8
9
9
5
12
5
10
9
3
4
8
2
3
12
5
10
6
5
9
6
6
7
16
6
6
6
6
9
4
8
5
9
11
8
9
3
8
4
4
8
9
6
8
6
9
10
7
9
8
6
6
12
6
8
11
5
15
8
12
10
10
11
7
7
8
7
14
12
5
7
7
9
11
9
13
8
8
7
8
7
6
6
8
11
8
6
6
15
6
10
6
12
9
11
5
7
9
8
9
7
8
18
6
4
5
3
3
6
5
5
4
4
4
7
5
5
7
4
12
8
6
5
11
6
4
10
7
10
8
4
5
8
5
4
9
13
11
8
9
8
4
2
11
8
3
7
8
7
4
5
3
3
4
9
3
4
6
5
7
1
10
5
5
8
8
9
4
9
4
4
3
2
3
6
7
3
2
5
4
8
6
4
7
8
8
8
4
7
2
9
6
3
8
3
7
6
4
6
8
7
4
8
7
7
5
8
5
6
8
8
13
8
4
7
7
5
3
3
6
10
10
8
9
6
8
7
7
6
6
6
5
5
11
6
4
7
5
4
3
8
6
5
9
11
8
7
1
11
3
9
4
5
8
9
8
6
7
8
12
2
5
9
6
4
10
6
10
8
5
4
3
12
6
9
5
5
13
8
9
7
1
6
10
7
6
3
8
8
9
8
7
10
5
2
10
8
5
6
9
7
4
13
5
7
2
8
3
3
5
9
4
4
8
7
12
9
7
9
8
11
11
6
8
7
4
7
7
11
6
7
11
5
9
10
6
6
11
6
4
9
4
8
10
6
2
8
11
9
11
6
7
4
13
6
10
10
2
10
7
6
10
6
11
3
6
6
14
6
8
6
5
6
6
4
7
14
8
6
6
2
2
10
2
9
7
5
6
6
8
8
4
4
6
4
4
8
7
10
9
5
6
5
3
7
7
7
2
4
4
3
6
5
2
3
10
5
5
8
7
5
6
5
9
6
7
10
8
4
4
6
4
4
9
4
8
5
4
7
9
6
7
7
3
7
6
6
1
5
4
5
6
7
13
13
9
4
4
5
6
7
7
4
5
4
4
3
7
12
6
3
4
5
6
5
9
3
4
2
7
5
6
6
8
1
4
5
6
3
9
8
7
5
10
10
2
5
12
8
6
2
7
3
8
7
4
3
5
9
6
6
3
7
12
6
5
3
9
5
4
2
8
4
6
8
2
7
5
4
3
1
7
7
9
3
6
4
7
5
8
8
4
5
4
3
12
3
4
5
6
6
7
2
3
11
1
4
6
7
5
6
5
5
3
5
6
6
4
7
7
4
2
2
10
8
5
4
7
2
8
5
3
6
5
5
5
4
7
8
11
7
6
4
7
5
7
3
7
10
3
3
7
5
5
3
7
4
3
10
6
4
4
7
4
4
3
2
5
6
6
7
4
9
5
14
7
5
4
5
7
5
9
4
3
3
11
10
7
5
3
5
2
5
10
8
7
7
5
2
3
4
6
8
3
5
1
4
4
2
1
6
4
7
1
6
4
12
4
4
8
1
3
4
3
4
4
7
4
4
4
5
4
4
3
5
5
9
6
11
4
5
4
7
3
7
4
7
8
7
6
5
5
6
9
5
5
4
4
9
5
5
7
5
5
8
2
2
5
7
9
3
4
3
10
2
6
5
4
3
8
2
4
7
3
3
4
8
5
9
5
11
5
7
8
6
5
10
3
9
6
2
5
7
11
6
2
6
3
3
13
3
4
2
7
2
3
12
5
6
7
3
4
6
8
7
6
5
4
7
3
4
4
3
6
7
5
6
3
8
8
6
6
4
4
3
6
5
6
4
6
4
4
4
3
3
4
1
8
8
9
7
8
4
6
5
3
6
3
3
4
6
5
2
7
7
6
5
5
9
5
2
8
6
7
5
5
6
5
4
5
2
5
4
7
2
6
9
4
11
5
8
7
4
2
3
2
5
2
5
4
4
6
9
5
11
7
5
4
8
4
3
3
3
3
7
5
6
6
3
4
6
5
6
8
8
7
7
7
5
2
7
8
5
2
3
8
9
7
7
5
4
5
2
3
3
10
6
3
6
7
5
4
6
4
7
3
4
7
8
5
4
2
3
3
3
10
8
4
8
8
5
2
1
4
1
8
4
6
5
6
5
3
3
7
7
5
3
7
3
2
5
9
6
5
2
10
5
1
6
6
5
7
9
6
5
8
4
5
1
4
6
2
6
6
6
8
3
4
8
5
9
5
8
4
3
4
8
5
3
5
10
9
4
6
8
5
7
9
5
6
4
7
3
5
4
7
7
9
6
7
8
9
6
5
7
7
5
7
8
9
5
8
3
7
7
2
3
8
3
7
6
10
8
8
7
2
11
7
5
1
3
6
8
5
2
4
8
6
5
3
1
2
1
7
7
3
9
3
1
5
6
7
3
4
5
5
7
6
5
6
6
2
4
2
5
2
7
11
6
5
7
6
3
5
2
4
8
6
3
5
4
8
7
5
8
7
5
6
3
7
4
8
2
5
5
3
6
3
3
6
2
10
4
6
5
8
3
6
9
6
3
1
10
5
1
5
6
8
7
4
6
2
5
3
3
7
7
11
2
4
8
3
4
3
8
3
3
3
7
6
7
5
5
5
5
5
8
5
3
9
8
5
8
5
2
6
4
5
6
4
4
5
5
3
5
3
5
4
6
3
6
1
2
5
6
3
4
3
4
4
5
8
7
5
5
3
0
5
6
5
7
4
3
1
5
7
3
4
3
2
3
4
4
6
9
4
3
4
2
7
3
8
5
11
3
1
3
6
3
3
6
3
5
3
4
2
6
5
5
4
5
5
2
7
3
3
1
2
2
3
1
2
7
4
5
3
6
4
4
9
5
4
6
5
7
4
5
2
5
5
5
1
4
7
7
2
7
3
2
3
5
2
7
5
5
4
5
6
4
6
5
2
3
4
4
4
5
7
5
5
3
8
7
6
3
2
6
3
7
7
6
3
5
4
6
6
6
1
4
2
8
6
6
7
8
1
3
8
5
5
2
2
3
6
4
2
3
9
4
4
6
10
7
4
6
4
4
6
2
3
3
9
8
9
4
6
3
4
4
7
6
4
2
0
4
2
8
10
4
3
6
3
7
2
5
6
6
2
5
9
5
2
1
4
5
8
8
3
1
8
5
5
6
7
7
2
2
5
3
7
7
4
2
4
4
6
7
6
1
5
7
5
1
1
5
2
8
1
2
5
3
1
7
8
4
3
9
4
3
3
9
3
4
4
6
9
4
5
5
8
2
5
7
6
7
4
1
7
1
3
2
8
6
4
2
1
4
7
6
1
2
4
5
5
7
5
3
2
3
4
4
6
4
5
4
4
5
5
2
5
6
7
3
2
8
7
4
7
7
7
5
10
5
1
5
7
11
2
5
8
11
5
8
6
2
5
8
5
6
9
12
12
11
8
10
4
9
8
12
12
14
10
10
11
7
12
9
13
7
9
3
10
11
14
6
11
10
10
11
8
7
13
10
14
10
17
14
11
9
12
9
8
7
9
15
10
12
10
10
12
16
5
9
5
10
9
6
4
4
5
11
5
4
7
8
6
7
7
8
7
6
7
2
5
7
7
7
3
5
2
5
4
8
6
4
5
8
6
1
8
2
2
4
4
5
3
2
7
4
4
4
5
5
7
6
5
7
5
3
4
4
5
4
5
4
3
6
5
3
7
4
4
5
1
4
4
6
2
1
6
3
3
4
5
5
3
0
7
3
4
4
8
7
3
6
6
2
3
4
4
4
2
6
6
1
4
4
6
4
6
6
4
7
4
5
5
3
1
3
4
4
4
3
5
3
1
2
6
7
7
5
2
2
1
2
8
5
3
4
4
5
3
2
2
3
3
3
5
3
2
3
4
8
7
3
2
6
6
4
6
6
4
8
5
7
4
9
5
2
5
2
4
5
4
3
4
6
3
1
3
7
4
1
6
6
2
3
4
3
7
4
5
9
3
3
6
7
2
2
3
6
5
0
5
1
4
5
6
4
2
2
7
5
4
6
2
10
3
3
4
3
6
9
6
5
3
7
6
7
5
4
6
4
7
6
2
15
5
2
8
2
6
3
5
7
7
6
5
7
5
3
4
5
2
4
5
0
5
1
2
3
2
1
4
4
4
6
2
1
5
3
4
6
5
4
5
3
4
2
2
1
8
4
4
2
4
4
2
4
8
3
4
6
3
2
2
3
3
3
2
8
4
1
3
2
5
1
6
0
3
3
3
5
8
3
2
2
2
6
2
3
3
2
5
9
0
7
5
2
3
5
3
6
3
3
4
7
5
4
2
2
4
2
3
6
10
6
4
2
6
1
4
5
3
8
5
8
4
1
1
4
5
5
3
7
4
1
5
7
7
2
7
5
4
3
3
5
4
5
2
2
3
3
1
3
4
2
4
7
2
2
6
4
8
9
5
8
0
6
5
3
2
2
1
3
4
4
6
4
3
5
5
2
4
2
5
4
3
3
2
3
6
2
3
4
4
5
1
2
3
5
8
5
4
3
2
3
4
5
2
2
4
3
3
2
2
1
4
0
0
4
4
4
7
7
3
1
4
4
5
3
3
1
4
4
1
5
3
3
5
1
3
2
4
1
7
5
2
4
9
4
5
4
5
3
6
4
4
9
7
3
7
6
2
8
7
5
2
2
5
1
6
4
1
3
6
3
1
3
3
6
2
5
1
5
8
8
8
3
7
7
4
7
7
8
6
6
8
6
6
8
6
9
9
6
2
8
8
12
2
5
7
6
1
5
7
3
11
9
8
6
5
6
6
4
3
6
5
5
6
8
3
9
2
11
8
6
10
7
8
7
6
8
6
4
3
6
11
4
11
5
4
10
7
4
1
7
8
4
9
5
7
2
4
3
3
4
11
6
4
4
5
3
6
4
7
5
7
6
3
4
5
7
5
9
5
5
4
4
9
4
7
7
5
5
4
3
2
6
5
1
7
5
2
7
3
2
3
2
4
4
3
3
8
2
2
2
5
5
1
3
1
4
4
4
4
1
7
5
4
5
3
5
1
3
3
8
6
3
2
1
6
5
4
5
1
3
2
4
5
5
4
5
3
0
3
3
4
3
3
2
4
1
6
4
1
5
2
4
2
5
3
7
2
6
2
4
5
6
2
3
2
4
1
3
5
0
2
5
4
3
1
3
6
4
5
7
2
5
4
6
3
4
2
7
1
1
4
4
2
5
3
5
7
1
3
3
5
1
6
2
5
2
3
1
2
1
7
6
2
0
3
6
2
1
6
6
3
2
7
3
9
1
1
6
4
1
7
1
4
6
7
3
5
2
3
3
0
1
3
2
3
2
5
2
4
1
3
4
1
3
5
2
1
5
6
2
2
3
4
5
1
2
5
3
4
2
5
4
3
2
2
4
4
4
7
9
1
4
2
5
3
5
3
6
1
4
5
3
4
2
4
5
6
3
6
3
4
2
5
2
3
3
2
2
4
3
2
3
2
6
5
2
4
7
1
4
5
1
4
0
1
8
5
4
4
6
4
2
3
6
2
3
4
2
1
3
3
1
3
4
5
5
2
3
4
8
1
3
3
7
3
6
5
1
3
3
5
5
4
2
3
3
1
5
2
1
0
2
5
3
5
2
4
1
6
2
3
2
5
2
5
2
6
3
2
3
1
10
2
2
2
2
3
3
1
5
5
2
2
1
2
3
3
3
4
2
6
1
4
4
2
3
4
3
4
3
3
4
5
7
4
2
5
0
4
2
5
2
2
2
1
1
5
1
4
4
5
4
5
4
4
3
5
5
0
6
5
2
2
3
2
4
3
2
3
4
2
2
2
2
3
5
2
7
2
2
3
4
3
3
2
4
3
3
6
1
1
0
2
3
6
3
0
1
5
3
5
2
1
2
1
3
2
5
4
1
3
9
4
4
3
2
1
1
5
4
3
5
6
4
5
2
1
4
4
2
1
4
5
5
3
4
2
3
5
6
5
4
0
5
5
5
2
3
1
2
4
3
3
4
2
3
2
2
1
6
4
3
2
3
1
6
3
4
3
2
1
3
0
2
5
3
2
5
1
3
2
1
4
4
2
4
4
1
0
2
4
2
4
5
3
2
5
2
3
2
3
9
1
3
4
1
3
3
3
3
1
2
2
0
4
2
4
1
2
4
3
0
1
2
2
4
0
2
4
1
0
4
4
1
1
3
3
4
5
6
1
6
1
4
3
1
5
3
4
1
5
3
1
3
4
8
2
5
3
6
9
2
3
1
6
5
5
3
2
3
4
4
4
3
4
2
4
2
3
6
5
3
5
5
7
3
5
1
4
2
3
3
1
3
4
3
2
4
3
2
2
2
3
2
6
1
2
3
1
6
0
7
2
4
1
0
3
2
1
4
2
6
1
3
3
5
2
3
3
1
6
4
1
5
2
4
3
4
3
1
2
2
3
4
3
3
3
3
2
1
4
3
2
1
4
3
2
7
3
5
3
1
5
2
4
4
5
5
5
3
2
3
4
1
3
5
4
1
8
3
3
5
2
2
1
3
8
5
4
2
3
2
5
3
6
4
4
4
3
4
2
5
2
8
4
3
6
4
3
1
4
4
4
3
1
4
4
1
1
3
3
3
3
4
1
6
3
1
3
7
4
6
4
4
5
7
2
3
5
2
4
4
5
2
3
1
3
1
2
1
5
2
2
1
0
4
5
4
3
3
0
3
1
5
2
3
4
3
1
2
4
2
2
6
2
6
4
1
7
5
4
3
3
1
3
6
1
2
2
2
2
1
2
3
4
4
1
5
2
1
2
1
3
5
5
3
2
4
5
1
0
3
4
1
4
7
3
3
2
2
4
2
2
4
4
4
3
2
5
2
4
2
2
4
2
2
0
2
4
3
4
3
1
4
2
1
6
3
3
1
4
2
1
4
6
3
3
6
4
1
7
7
3
4
2
2
3
4
5
6
0
3
0
3
2
5
1
3
3
3
9
2
5
2
3
5
3
2
6
2
6
2
1
3
4
11
2
2
4
1
3
5
4
3
1
4
5
3
2
8
1
1
2
4
2
6
2
2
4
7
2
5
5
0
5
6
3
2
4
5
2
4
4
2
2
1
1
1
2
2
4
4
2
4
5
2
2
3
2
4
3
3
2
3
2
5
2
4
0
3
4
5
4
10
3
3
4
3
5
5
2
4
2
5
7
8
0
4
2
3
1
3
1
3
2
3
6
2
1
1
2
1
4
1
6
0
4
2
2
3
2
1
2
3
3
7
2
3
5
4
1
3
2
1
4
0
5
3
0
3
5
4
3
5
1
3
4
4
4
3
1
6
2
1
2
4
3
1
3
1
0
3
7
0
1
1
4
5
2
3
2
1
4
7
1
2
3
3
2
1
3
5
4
4
3
5
4
2
1
0
4
2
3
3
6
4
3
5
2
2
3
2
1
0
5
2
2
6
2
1
1
4
3
3
2
3
1
2
3
7
5
5
4
3
4
2
5
2
3
2
3
5
5
1
3
0
6
2
0
3
5
3
3
1
6
4
3
1
5
1
6
3
2
3
1
4
4
1
2
4
2
1
3
2
4
5
4
4
3
4
3
1
1
2
2
5
2
4
2
2
3
5
2
4
4
4
5
3
5
5
1
3
8
5
4
2
1
1
5
2
2
3
1
2
4
2
3
2
4
3
5
4
4
1
4
2
3
2
3
3
2
3
2
4
5
5
1
3
3
3
2
2
2
2
2
1
7
4
2
3
4
1
2
2
4
2
3
0
6
3
1
2
1
1
2
6
4
6
3
6
3
3
4
2
5
1
5
6
3
2
1
3
2
5
1
2
7
6
3
3
2
3
2
4
4
5
4
0
4
2
2
1
6
3
4
3
3
1
2
0
3
3
5
3
2
5
1
2
2
4
2
1
1
5
4
3
0
3
3
3
1
5
6
5
3
5
2
5
1
3
3
6
4
2
3
2
3
0
2
1
4
3
4
2
5
3
2
2
1
3
2
2
1
2
2
0
2
4
3
2
3
3
1
3
1
2
4
5
1
2
8
1
4
4
0
2
2
4
7
2
2
2
3
2
1
6
4
1
4
1
2
0
1
12
0
3
2
2
5
3
4
3
1
3
2
3
0
2
3
4
4
3
2
5
1
3
0
3
1
2
2
3
2
3
0
0
2
2
3
2
4
3
7
5
6
1
7
2
4
5
4
1
4
2
3
3
2
2
8
2
2
2
3
2
9
2
2
9
2
6
1
4
5
5
4
9
8
3
3
5
2
6
2
7
5
5
4
5
7
4
3
2
5
3
3
3
1
5
5
3
6
4
3
6
6
9
3
4
2
4
4
5
5
3
9
3
4
3
8
3
2
7
4
4
10
5
4
6
6
9
8
4
5
4
5
9
5
10
4
4
6
7
4
7
3
2
9
7
5
5
2
3
3
8
7
7
5
3
6
4
6
5
3
6
7
4
5
5
7
3
4
8
2
5
3
6
1
7
4
4
4
3
3
2
7
3
5
4
3
3
6
6
10
1
3
3
4
4
4
5
3
0
1
1
1
3
2
2
6
3
2
6
3
3
2
2
2
1
2
5
3
3
4
2
4
2
2
2
6
4
2
3
1
3
2
7
4
6
4
4
3
6
6
2
5
2
2
5
5
2
2
9
2
8
3
6
2
1
2
3
4
4
3
2
4
4
4
1
1
2
2
3
3
5
1
6
3
3
4
4
3
1
2
2
0
4
2
3
3
2
0
4
7
3
1
2
2
2
0
4
4
4
2
4
2
4
2
3
5
1
2
2
1
1
2
3
5
1
5
2
0
1
1
1
3
3
5
5
7
0
4
3
3
3
6
3
3
3
1
2
5
3
1
6
2
7
6
2
1
3
5
1
2
6
5
4
2
3
0
3
5
3
3
3
1
5
3
3
3
2
1
2
3
0
1
4
6
2
3
7
4
2
2
4
0
4
1
4
3
1
3
1
6
0
0
4
3
3
1
4
1
5
3
2
4
1
1
1
1
2
3
1
0
4
1
1
4
9
3
3
3
6
2
2
4
2
4
6
1
0
5
2
2
2
3
0
2
3
3
3
4
1
0
3
2
1
2
3
4
3
5
3
6
7
4
4
3
1
3
3
2
2
1
2
2
2
3
4
4
3
4
2
3
1
0
3
4
1
0
3
3
1
1
4
5
2
5
2
2
2
6
2
4
5
1
10
2
3
3
4
1
4
5
3
3
2
3
3
4
2
1
2
3
0
4
1
3
6
3
2
3
4
3
3
1
2
2
3
6
3
2
1
2
1
1
3
1
3
1
2
3
0
5
3
0
0
4
3
0
4
3
4
4
4
3
1
2
5
4
4
2
4
1
2
7
5
2
1
3
1
4
2
1
4
3
7
2
6
1
6
1
5
1
2
3
5
3
4
2
5
1
2
3
3
5
3
3
5
2
6
1
0
7
3
2
4
2
3
2
5
5
2
5
3
3
0
1
2
4
5
2
5
1
0
1
3
1
5
0
4
4
3
2
1
0
3
4
3
4
5
2
2
4
2
1
3
3
0
1
1
3
2
2
2
1
1
5
3
1
4
3
4
0
4
1
7
2
2
2
3
4
2
5
1
4
1
0
4
3
3
5
1
1
0
2
2
2
2
2
2
2
1
5
4
2
4
3
1
2
3
1
6
3
2
2
5
1
4
1
2
1
4
3
4
1
6
0
2
2
4
2
1
2
2
4
1
6
2
4
5
3
4
4
1
2
3
3
1
2
2
2
2
5
5
1
4
3
3
3
3
3
2
6
3
2
2
2
2
4
4
0
3
2
4
3
0
3
4
4
2
3
1
3
6
3
4
3
1
0
4
2
2
2
4
2
0
3
3
1
2
2
1
2
2
3
3
3
2
0
4
2
5
3
4
0
4
2
4
2
2
2
0
1
2
4
0
4
1
1
3
3
4
4
3
1
2
0
1
0
1
2
1
2
3
7
1
1
1
5
0
4
3
3
1
2
1
5
4
4
1
0
2
2
3
2
4
1
2
2
3
1
3
4
6
1
4
3
4
1
2
3
2
6
0
2
2
2
2
4
4
4
1
3
6
3
3
1
2
2
3
3
2
7
6
4
0
2
1
1
3
6
6
3
0
3
3
6
6
4
3
3
2
4
2
7
0
1
3
2
1
2
6
4
6
1
2
3
7
2
2
4
1
1
0
3
3
3
4
0
3
3
3
3
1
4
0
4
0
3
4
1
2
2
3
4
1
2
6
1
0
4
2
2
3
3
4
3
1
5
1
0
2
3
4
5
3
4
2
4
4
7
3
1
3
2
1
2
2
3
2
6
4
1
4
3
2
0
3
5
2
2
1
1
3
4
2
1
4
3
4
1
2
6
2
3
4
5
1
4
3
2
2
2
4
3
5
5
2
1
4
1
5
0
3
2
7
4
3
4
4
4
3
3
4
2
0
3
5
3
2
6
1
1
3
2
2
4
2
3
3
2
3
1
2
2
5
1
4
3
3
3
6
1
0
5
4
2
4
5
3
6
0
0
3
2
2
1
3
1
2
3
3
0
3
4
4
4
2
2
2
1
3
3
0
6
1
7
2
5
2
1
1
0
2
3
2
2
2
6
6
2
1
5
6
3
3
3
3
1
7
2
5
5
1
3
2
2
1
5
0
3
1
4
0
5
4
2
2
3
0
2
5
2
4
0
3
2
2
2
2
6
3
1
1
3
0
2
2
2
3
0
6
0
6
2
0
2
0
3
3
4
4
1
1
0
1
1
1
2
1
2
2
5
2
4
3
2
4
2
2
6
0
3
1
0
6
6
2
5
3
4
2
6
3
2
1
5
3
2
3
2
5
4
2
3
3
0
5
1
3
4
2
1
3
4
1
4
5
2
4
2
1
1
4
1
2
4
0
2
3
2
3
3
1
3
0
4
1
1
4
1
2
4
3
3
2
1
5
3
4
4
2
1
0
1
4
1
3
6
1
4
2
3
4
1
3
0
4
3
3
2
2
0
5
1
6
1
3
3
7
2
3
4
2
6
2
1
3
4
3
3
1
1
6
3
1
3
1
4
4
3
5
3
4
4
3
2
3
3
2
4
4
3
3
5
2
2
1
2
4
3
3
3
3
5
1
8
3
3
3
5
2
2
6
1
2
2
2
3
1
2
2
0
3
2
4
6
5
2
2
3
4
2
2
3
4
1
3
4
1
1
5
4
3
5
2
6
3
5
1
2
3
2
1
2
6
3
0
1
6
5
2
5
3
1
4
3
5
4
1
2
4
6
3
1
2
3
1
3
3
4
3
0
4
3
3
1
1
3
3
1
4
5
5
4
2
3
3
2
7
2
0
2
1
3
1
0
3
1
0
1
2
2
1
3
0
5
2
0
2
3
3
1
2
0
0
1
4
6
2
2
3
2
5
1
2
2
0
2
3
3
2
2
3
2
2
3
4
1
6
1
1
1
3
3
4
3
2
1
1
4
2
0
3
2
1
1
2
1
2
2
2
3
0
3
1
4
1
5
1
5
2
1
3
2
1
0
1
2
3
2
3
4
2
2
3
4
1
2
3
2
2
1
2
0
5
1
2
3
3
1
0
3
1
5
0
1
1
0
1
0
2
0
1
2
4
3
3
0
3
1
0
1
3
2
3
2
2
4
1
3
0
1
1
2
2
2
0
3
0
1
0
0
5
0
0
1
3
1
0
6
2
0
1
1
2
0
1
2
0
3
2
2
2
1
3
0
0
0
1
1
2
0
1
4
1
1
0
0
1
2
2
3
0
0
0
2
2
5
3
2
1
0
0
4
0
4
1
3
1
2
1
0
0
4
3
5
1
2
0
2
0
4
2
2
2
2
2
2
2
1
1
3
1
1
4
2
2
0
1
1
2
3
2
2
2
0
4
3
0
2
2
0
3
1
4
3
4
1
1
1
0
2
5
1
1
3
1
1
1
2
0
2
1
4
2
2
2
1
1
2
0
0
2
2
1
1
1
0
2
0
1
2
2
1
0
2
2
1
2
2
0
0
0
2
1
3
2
2
1
4
2
0
1
1
3
1
3
4
0
2
0
3
4
2
5
1
1
1
0
2
4
2
5
4
0
1
1
1
3
0
2
2
4
1
0
2
1
1
4
2
0
5
2
2
2
3
4
0
1
3
5
3
0
1
2
3
2
3
2
5
1
1
2
1
2
1
0
1
1
1
0
2
2
3
5
1
1
2
2
3
2
1
4
3
0
3
3
2
0
3
0
7
0
3
2
0
0
1
1
2
1
3
3
1
0
2
1
1
2
3
3
5
3
1
1
1
3
3
0
1
3
2
0
1
1
2
0
1
2
2
2
1
2
1
0
2
2
3
1
2
2
0
1
0
2
1
1
3
1
0
0
0
3
1
0
0
0
3
2
3
0
3
0
2
1
1
3
1
0
0
1
4
1
2
2
2
1
0
3
1
2
1
2
3
0
3
1
2
1
5
2
1
1
4
1
2
2
2
1
4
2
1
1
1
1
0
3
2
0
1
2
2
1
4
2
1
3
3
0
0
0
1
3
2
0
1
1
1
1
4
2
2
0
2
3
1
1
2
1
1
3
2
1
1
0
1
0
2
1
2
4
1
0
0
0
1
4
0
1
2
2
1
2
0
1
0
1
2
1
1
4
0
2
0
1
1
3
4
3
4
0
1
1
3
1
2
1
1
1
1
1
0
4
0
0
1
2
3
1
0
0
1
0
2
1
2
1
0
3
2
2
2
1
2
3
2
2
0
1
3
2
0
1
3
1
1
0
1
5
2
3
1
0
3
2
4
1
2
0
3
1
1
2
3
0
4
4
1
2
2
1
2
0
3
1
0
2
1
3
3
1
2
1
1
1
1
1
1
3
4
3
2
3
1
1
4
0
0
0
0
0
1
1
0
0
2
0
1
1
3
1
1
1
0
1
4
0
2
1
1
2
1
3
2
3
0
2
5
3
2
0
2
1
0
1
1
0
0
1
1
1
0
0
1
0
2
1
3
1
3
2
1
2
1
2
1
2
1
1
1
0
1
1
0
0
0
0
5
4
0
0
1
2
1
1
2
0
0
1
1
1
1
1
2
2
1
4
2
0
0
4
1
2
0
0
0
1
1
2
0
2
2
0
0
1
3
1
2
2
1
1
1
4
0
3
1
0
1
3
1
1
1
1
2
1
2
0
1
3
1
0
3
4
1
2
0
0
2
2
2
0
2
1
0
0
0
2
3
1
2
0
2
1
1
1
3
0
5
2
3
1
2
1
0
3
1
1
1
1
3
0
1
1
0
1
1
0
2
0
0
2
2
1
1
2
1
0
2
1
0
2
0
1
1
0
1
1
0
1
3
2
1
0
2
3
3
1
0
3
2
1
3
1
1
1
2
2
0
0
1
4
0
2
1
0
2
1
2
1
0
2
1
2
4
2
1
1
0
1
1
1
0
0
0
0
1
3
2
2
0
1
1
0
0
0
0
1
2
2
3
2
1
4
0
1
2
0
1
4
1
1
1
2
1
2
1
0
2
1
3
1
2
2
1
2
2
1
2
4
0
1
1
1
1
1
0
2
1
0
1
0
0
1
1
1
2
2
1
1
1
1
1
1
4
0
2
1
0
1
1
1
1
1
1
0
0
1
2
2
1
1
2
1
2
0
2
1
1
1
1
0
0
1
2
0
2
0
3
0
0
0
0
4
1
3
3
1
3
0
0
3
2
4
0
0
0
1
1
1
0
1
0
2
0
1
1
2
1
4
2
2
1
0
1
2
2
0
1
2
0
2
0
2
0
1
0
2
1
2
3
4
2
1
2
2
0
4
0
0
0
2
0
1
0
0
2
0
1
2
0
0
1
0
1
1
2
1
0
2
2
2
1
1
1
1
2
0
0
0
0
0
1
0
0
2
0
1
0
0
0
1
2
1
1
0
0
0
0
0
1
1
0
1
1
0
0
2
3
0
1
1
0
1
1
1
1
0
1
0
3
0
1
0
0
0
0
1
1
0
1
3
0
2
0
1
0
4
1
3
0
2
0
1
0
0
1
2
1
1
0
1
3
4
1
0
3
0
2
0
0
2
0
0
0
0
0
1
0
2
0
2
1
2
0
2
1
0
1
2
1
3
2
2
3
1
0
0
3
0
0
1
0
1
2
1
2
0
1
0
1
0
0
0
1
0
0
0
0
0
1
2
1
2
1
2
0
0
3
1
1
0
2
0
0
1
1
2
4
1
0
2
1
2
1
0
3
1
1
2
0
0
0
0
2
2
2
1
1
4
0
5
1
1
1
0
1
1
0
1
0
1
3
0
2
0
2
1
2
1
2
1
1
0
4
4
0
0
0
0
2
2
1
1
1
0
0
3
1
3
1
2
1
2
2
2
1
3
1
0
2
2
0
2
2
0
1
0
4
5
4
2
0
2
1
4
2
2
3
4
0
2
1
2
1
1
2
2
3
2
0
2
0
0
1
4
2
0
0
1
1
2
2
1
1
2
1
1
4
1
0
1
1
2
0
0
1
3
1
2
1
2
1
2
2
0
2
0
0
0
1
2
2
1
1
0
0
0
2
2
0
1
0
1
1
1
2
1
2
1
0
0
0
0
2
1
2
1
0
2
1
4
1
3
1
0
0
1
2
1
3
0
1
4
0
1
1
0
0
1
0
1
1
0
3
0
1
3
2
1
0
0
0
2
1
1
1
0
1
1
1
2
0
0
1
0
0
0
0
3
1
0
0
2
1
0
1
1
1
1
2
0
1
3
1
1
1
1
0
0
2
2
0
0
0
2
2
1
0
2
1
1
0
0
3
0
0
1
0
4
1
1
1
0
1
2
1
0
0
1
0
1
0
1
0
3
0
2
0
0
0
1
1
1
0
0
2
1
0
2
4
2
2
0
0
3
0
0
2
2
2
0
1
0
0
0
1
0
2
1
2
1
1
1
1
0
1
0
0
0
0
2
3
2
0
0
2
1
1
0
1
0
1
1
3
0
1
3
2
2
0
1
2
1
1
1
0
0
0
1
1
1
2
1
1
2
1
2
0
2
1
3
1
1
1
1
1
1
0
2
2
1
1
1
0
0
1
1
2
1
2
1
0
1
3
0
3
0
0
1
2
1
1
1
1
2
1
1
2
0
2
1
1
1
1
1
1
0
0
0
1
0
0
1
1
4
1
0
0
0
0
1
0
2
1
1
1
3
0
0
1
1
1
2
2
0
0
0
1
1
2
0
0
0
2
0
1
0
0
2
2
1
0
1
2
3
1
0
1
1
0
1
0
0
0
0
1
0
2
0
0
2
0
1
3
2
0
0
0
0
0
0
1
0
1
0
0
2
1
1
0
1
1
3
0
0
0
0
2
1
0
0
0
0
2
0
0
0
1
3
0
0
0
2
2
0
1
0
2
0
0
1
1
0
1
2
1
0
2
2
2
0
0
0
1
0
0
2
1
0
0
0
0
2
1
3
3
0
0
0
1
2
1
2
0
0
1
0
1
1
2
0
0
0
1
1
0
1
1
2
2
2
0
0
1
0
2
0
1
0
2
1
1
1
1
1
0
1
0
1
1
0
0
2
2
1
1
0
1
1
2
0
2
0
1
1
0
2
1
1
2
2
0
1
1
2
0
0
2
1
0
2
0
3
0
0
0
0
0
0
1
1
0
1
0
0
1
0
1
0
0
0
2
0
1
1
1
2
0
0
0
0
0
0
1
1
0
1
0
0
0
1
2
0
0
0
0
0
0
0
0
0
0
2
0
1
0
0
0
0
1
0
2
2
1
0
1
0
1
0
1
1
1
0
2
1
1
1
1
2
0
1
1
1
2
2
0
1
0
2
0
0
0
2
0
1
1
3
1
2
1
0
1
0
1
0
4
0
1
0
0
0
0
2
0
3
1
1
0
0
1
0
3
1
1
1
0
3
0
0
0
1
1
1
1
0
0
1
1
1
1
1
0
1
2
2
2
0
2
1
0
4
1
0
0
1
1
1
0
0
0
0
1
0
1
2
1
2
0
2
4
1
0
0
0
1
2
1
1
0
0
1
2
0
2
0
2
0
0
0
2
1
2
0
3
2
1
3
1
2
1
3
1
2
1
0
2
2
0
0
1
3
0
2
3
0
2
1
0
1
0
0
1
0
1
2
1
1
0
2
5
2
3
2
2
5
2
0
2
1
3
1
2
3
1
1
2
4
5
2
1
2
3
2
1
0
1
1
1
5
4
3
1
2
1
3
3
3
3
7
5
6
2
4
3
5
4
6
8
11
7
6
7
9
8
7
9
5
14
8
12
5
14
8
8
11
11
9
15
11
11
8
13
22
14
11
14
15
12
19
12
12
14
10
10
13
12
16
17
13
9
9
12
15
13
19
11
13
11
12
10
9
15
16
12
15
14
11
7
14
6
6
10
18
9
12
7
6
8
9
14
7
10
5
3
4
9
6
5
10
4
2
11
4
2
9
9
3
6
3
6
4
4
4
4
3
5
6
2
3
3
4
2
5
1
4
2
2
2
3
1
1
4
2
2
3
2
1
1
3
0
1
0
1
6
1
1
0
5
2
3
2
2
1
0
2
0
2
3
0
2
3
2
1
1
2
1
2
1
1
1
1
1
1
1
1
4
0
0
1
0
1
2
0
1
0
0
0
1
0
3
1
3
1
2
1
1
0
0
2
1
1
0
1
1
1
0
1
1
2
0
0
2
0
0
0
0
1
1
1
0
1
0
0
2
0
1
0
0
0
0
0
0
0
0
1
1
2
0
0
1
0
0
0
0
0
0
0
1
1
1
0
0
0
0
0
1
1
1
2
2
0
0
0
0
2
0
1
1
0
0
0
0
1
0
0
0
4
0
2
1
1
0
1
0
2
1
0
0
1
0
1
1
0
2
0
0
1
0
1
0
0
2
1
0
0
1
0
0
2
1
0
0
1
0
1
1
1
0
0
0
1
0
1
0
0
0
1
0
1
1
1
1
1
1
2
0
0
1
0
0
0
1
0
1
0
2
1
0
0
2
1
0
2
0
1
1
0
0
0
0
0
0
0
0
0
0
1
0
1
0
0
0
0
2
1
1
0
0
1
1
0
0
1
1
1
2
0
0
0
0
2
0
0
1
0
1
2
1
1
0
0
0
1
0
0
1
0
0
1
0
0
0
1
0
1
0
0
0
0
0
0
0
0
0
0
1
2
0
1
0
0
1
1
0
3
0
0
0
2
2
0
2
0
1
1
0
2
1
0
0
1
1
0
0
0
0
0
1
1
0
0
0
0
0
0
0
1
0
0
1
2
0
0
1
0
0
1
0
1
0
0
1
0
0
1
0
0
0
0
0
0
1
1
0
2
0
0
0
0
1
1
0
0
1
2
1
0
0
2
0
0
0
1
0
1
0
2
1
1
0
0
0
0
0
0
2
0
1
0
0
2
1
2
0
0
1
1
0
1
2
2
1
2
0
0
1
0
1
0
1
0
1
0
0
0
0
0
3
0
1
0
0
0
3
0
0
1
1
2
1
2
1
1
0
0
2
3
2
1
1
1
0
1
1
0
0
0
0
1
1
2
0
0
1
0
1
1
0
0
0
0
0
0
0
0
0
0
0
0
0
0
1
0
1
1
0
1
0
1
0
1
1
1
0
1
1
1
0
1
0
1
1
1
0
0
1
0
0
0
0
1
0
1
0
0
1
0
1
1
2
1
0
0
1
0
1
1
0
0
2
0
0
0
0
0
0
0
0
1
0
0
1
0
0
0
0
0
0
0
1
0
0
1
0
1
0
0
0
1
0
0
0
1
1
0
1
0
0
1
0
1
0
0
1
1
1
0
2
0
0
0
1
0
1
0
0
0
1
1
3
0
0
1
0
1
0
0
1
0
0
0
1
1
0
1
0
0
1
0
0
1
2
0
0
0
2
0
1
0
3
1
0
0
1
0
0
2
0
1
1
0
1
0
0
0
1
1
1
0
0
0
1
0
1
0
0
1
0
0
0
1
0
0
0
0
0
0
0
0
1
0
0
0
0
2
0
0
0
0
3
0
0
0
0
0
0
0
3
0
0
2
0
0
0
1
0
0
0
0
0
2
0
0
1
0
1
0
0
0
0
0
0
0
0
0
0
0
0
2
0
1
0
0
0
1
2
2
2
0
1
2
1
0
1
0
0
2
1
0
1
0
0
0
1
1
0
0
1
0
0
0
0
0
1
0
0
0
0
0
1
2
0
0
0
0
0
0
2
0
1
1
0
1
0
1
0
0
0
0
0
0
0
1
0
1
2
1
0
0
0
1
0
0
0
0
0
0
0
0
0
2
0
0
1
1
0
0
0
0
1
0
3
1
0
0
0
0
1
0
1
0
0
0
2
0
0
3
0
0
0
0
0
1
0
1
0
0
0
1
0
0
1
1
0
1
1
1
1
0
0
0
0
0
0
0
0
1
0
0
0
0
1
1
1
0
0
0
0
1
1
0
0
1
0
0
0
0
0
0
0
0
0
0
0
0
0
1
0
0
0
1
0
0
0
0
0
0
1
0
1
0
1
0
0
0
1
0
0
0
1
1
0
0
0
0
0
0
0
1
0
0
0
1
0
0
0
0
0
0
0
0
0
0
0
0
0
0
0
0
0
0
0
0
0
0
0
0
0
0
0
0
0
0
0
0
0
0
0
0
0
0
0
0
0
0
0
0
0
0
0
0
0
0
0
0
0
0
0
0
0
0
0
0
0
0
0
0
0
0
0
0
0
0
0
0
0
0
0
0
0
0
0
0
0
0
0
0
0
0
0
0
0
0
0
0
0
0
0
0
0
0
0
0
0
0
0
0
0
0
0
0
0
0
0
0
0
0
0
0
0
0
0
0
0
0
0
0
0
0
0
0
0
0
0
0
0
0
0
0
0
0
0
0
0
0
0
0
0
0
0
0
0
0
0
0
0
0
0
0
0
0
0
0
0
0
0
0
0
0
0
0
0
0
0
0
0
0
0
0
0
0
0
0
0
0
0
0
0
0
0
0
0
0
0
0
0
0
0
0
0
0
0
0
0
0
0
0
0
0
0
0
0
0
0
0
0
0
0
0
0
0
0
0
0
0
0
0
0
0
0
0
0
0
0
0
0
0
0
0
0
0
0
0
0
0
0
0
0
0
0
0
0
0
0
0
0
0
0
