0
0
0
0
0
0
0
0
0
0
0
0
0
0
0
0
0
0
0
0
0
0
0
0
0
0
0
0
0
0
0
0
0
0
0
0
0
0
0
0
0
0
0
0
0
0
0
0
0
0
0
0
0
0
0
0
0
0
0
0
0
0
0
0
0
0
0
0
0
0
0
0
0
0
0
0
0
0
0
0
0
0
0
0
0
0
0
0
0
0
0
0
0
0
0
0
0
0
0
0
0
0
0
0
0
0
0
0
0
0
2
3
38
1488
10262
19441
19024
17577
16561
15889
15779
15714
15847
15840
16056
16388
16559
16922
17192
17312
17693
17495
17774
17655
17925
18037
17918
17840
17700
17745
17800
17762
17399
17305
17534
17441
17346
17477
17197
17163
17304
17065
17402
16889
17048
17159
16639
16608
16866
16543
16854
16752
16585
16430
16743
16620
16530
16451
16336
16447
16179
16080
16303
16146
15926
16297
16098
16064
15800
15927
16025
15643
15919
15782
15769
15978
15792
15956
15781
15826
15702
15785
15698
15532
15696
15512
15602
15592
15567
15459
15290
15213
15298
15386
15411
15085
15377
15243
15270
15269
15098
15079
15035
14884
15141
15110
14806
15085
14838
14699
14848
14880
14778
14591
14793
15011
14719
14780
14768
14586
14563
14484
14471
14410
14651
14410
14515
14500
14494
14567
14591
14364
14282
14494
14264
14341
14334
14260
14236
14325
14276
14273
14176
14051
14110
14016
14135
13986
14040
14195
14125
14260
14034
13870
13924
13820
13914
14125
13894
13896
13916
13867
13827
13951
13777
13686
13625
14025
13638
13826
13537
13696
13790
13582
13723
13535
13719
13690
13592
13646
13703
13561
13555
13402
13308
13609
13449
13424
13375
13448
13416
13283
13443
13506
13354
13401
13329
13300
13189
13273
13224
13318
13207
13140
13332
13378
13185
13176
13255
13312
13314
13212
13242
13355
13223
13077
13069
13254
12891
13090
13235
13163
13087
13162
13012
12747
12985
12917
12902
12727
13056
13222
12846
13144
12817
12878
12825
12854
12928
12918
12858
12833
13096
12835
12801
12812
12846
12896
12774
12819
12688
12592
12540
12742
12739
12422
12698
12727
12640
12655
12689
12660
12691
12545
12456
12755
12474
12599
12422
12543
12564
12473
12287
12647
12488
12523
12244
12551
12476
12351
12449
12495
12249
12234
12376
12404
12164
12304
12335
12307
12275
12214
12336
12289
12227
12323
12339
12369
12399
12441
12285
12312
12336
12517
12229
12321
12216
12167
12442
12087
12054
12317
12144
12301
12129
12050
12244
11874
12182
11945
11998
12025
12017
12260
11977
11998
12036
12159
12032
11906
11972
11876
11866
11871
11889
11772
11955
11902
11806
11876
11981
11778
11815
12091
11626
11757
11847
11891
11918
11618
11772
11781
11716
11667
11781
11929
11805
11912
11843
11818
11773
11802
12064
11727
11692
11627
11785
11762
11782
11807
11931
11813
11609
11665
11593
11838
11639
11606
11611
11664
11882
11616
11482
11769
11479
11606
11551
11677
11560
11628
11807
11735
11530
11665
11645
11567
11309
11446
11501
11566
11301
11436
11461
11515
11447
11546
11471
11388
11589
11283
11378
11549
11543
11317
11488
11456
11487
11420
11346
11273
11406
11357
11510
11231
11400
11474
11403
11186
11323
11514
11264
11226
11272
11098
11337
11221
11162
11137
11326
11182
11407
11400
11511
11256
11113
11243
11284
11238
11421
11285
11384
11286
11177
10976
10825
10915
11273
11248
11119
11139
11060
11115
10969
10925
10964
11238
11069
11232
11046
11106
11066
11034
11031
11002
11029
11000
11073
10993
10932
11041
10969
10902
10689
10903
10942
11023
11005
10980
10943
10964
10762
10780
10949
10808
10953
10921
10928
10756
10824
10789
10634
10829
10833
10752
10872
10842
10902
10716
10701
10603
10555
10843
10708
10855
10733
10755
11076
10789
10627
10710
10551
10739
10724
10587
10710
10776
10552
10620
10714
10615
10595
10842
10495
10629
10694
10683
10727
10715
10651
10502
10590
10474
10647
10575
10570
10540
10543
10296
10646
10489
10588
10567
10608
10485
10655
10504
10392
10513
10761
10539
10536
10648
10503
10502
10370
10427
10556
10524
10691
10447
10494
10478
10291
10473
10413
10508
10624
10570
10542
10532
10550
10504
10599
10432
10187
10306
10344
10332
10545
10486
10342
10237
10502
10346
10453
10499
10471
10312
10419
10513
10463
10282
10291
10552
10177
10481
10331
10362
10283
10254
10430
10310
10439
10283
10437
10149
10300
10239
10516
10397
10352
10238
10377
10294
10205
10043
10263
10305
10198
10350
10391
10310
10314
10366
10424
10271
10372
10282
10274
10397
10544
10531
10318
10370
10202
10287
10380
10342
10447
10346
10271
10293
10391
10537
10451
10407
10305
10395
10355
10371
10292
10386
10428
10449
10432
10394
10548
10532
10480
10431
10413
10598
10525
10491
10610
10607
10826
10767
10943
10856
10813
10863
11125
11325
11246
11499
11456
11489
11540
11813
12089
12079
11860
12114
12259
12219
12343
12609
12719
12985
13069
13149
13081
13287
13262
13493
13652
13772
13942
14189
14196
14487
14402
14717
14722
14632
14898
14852
14869
15246
15303
15020
15445
15515
15392
15556
15840
15846
15964
16097
15994
16306
16223
16665
16533
16874
17007
17067
17325
17138
17367
17664
17694
17676
17776
17657
17612
17385
17139
17183
16959
16733
16669
16318
16306
16246
16020
16077
15572
15274
15120
15061
14650
14489
14290
14019
13761
13812
13575
12966
12883
12704
12275
12228
12149
11723
11832
11773
11495
11292
11209
10908
11069
10693
10945
10498
10481
10355
10443
10378
10262
10210
10134
10136
9966
9962
9953
10163
10024
10088
9972
9895
9794
9903
9993
9748
9993
9953
9898
10102
9861
9786
9911
9903
9835
9902
9993
9864
10025
9817
9841
9829
10013
9868
9906
9795
10047
10128
9931
9961
9990
9902
10144
9956
10114
10059
9943
9932
9921
9878
10025
10147
10035
9946
9824
10058
10068
10148
10021
10063
10093
10161
10131
10161
10057
10269
9970
10138
10284
10052
10269
10165
10191
10296
10060
10394
10243
10367
10146
10188
10195
10310
10409
10094
10378
10378
10336
10373
10139
10288
10437
10247
10472
10328
10475
10372
10306
10286
10469
10511
10381
10513
10554
10475
10348
10637
10431
10487
10563
10366
10543
10624
10450
10546
10646
10628
10645
10505
10501
10639
10630
10717
10618
10699
10720
10570
10819
10745
10671
10767
10775
10804
10874
10766
10840
10590
10871
10728
11024
10640
10821
10743
10895
10951
10953
10838
11024
10886
11039
11042
10986
11060
11140
10991
11179
10941
11040
11055
11083
10939
11119
11099
10913
10919
11212
11082
10986
11057
11316
11198
11008
11151
11180
11215
11018
11137
11227
11288
11353
11081
11197
11163
10967
11340
11179
11286
11449
11359
11303
11325
11211
11305
11474
11507
11319
11395
11585
11471
11457
11370
11563
11421
11442
11654
11261
11529
11747
11466
11730
11585
11652
11486
11460
11680
11470
11494
11573
11578
11502
11685
11738
11658
11564
11634
11637
11645
11486
11687
11782
11667
11757
11525
11903
11780
11714
11644
11644
11533
11678
11859
11802
11841
11962
11837
11793
11930
11992
11843
11736
11918
11980
12069
11897
11925
11941
11913
11905
12079
11795
11841
11962
11966
12463
11831
11983
11950
12108
11804
12054
12106
11895
12099
12022
11948
12198
12019
12009
12070
12104
12339
12016
12154
12170
12227
12104
12115
12217
12371
12215
12226
12307
12306
12149
12235
12370
12273
12260
12082
12330
12351
12302
12359
12399
12456
12258
12271
12345
12373
12490
12390
12490
12522
12314
12468
12175
12376
12525
12580
12689
12321
12514
12593
12511
12386
12585
12538
12826
12598
12655
12551
12663
12511
12595
12567
12616
12659
12433
12543
12750
12606
12722
12701
12633
12741
12651
12489
12774
12580
12643
12722
12788
12721
12746
12857
12821
12767
12790
12732
12858
12745
12903
12807
12806
12921
12891
13057
12872
12752
12713
12925
12978
12826
13036
12844
12839
12880
12983
12904
12921
12889
12973
13095
12969
12883
12885
12973
13101
13160
12921
12963
13058
12944
13102
13175
13077
12994
13177
13246
12955
13210
13193
13036
13254
13356
13244
13232
13402
13141
13217
13259
13261
13287
13399
13264
13485
13604
13296
13245
13414
13199
13364
13158
13402
13402
13508
13562
13542
13484
13606
13400
13357
13421
13503
13627
13377
13429
13368
13510
13703
13504
13556
13944
13604
13628
13944
13551
13774
13242
13550
13556
13601
13642
13509
13797
13791
13743
13823
13791
13683
13866
13968
13752
13948
13788
13779
13905
13543
13896
13834
14043
13877
13811
13730
14042
14117
13847
14047
13822
13813
14057
13997
14028
13988
14160
13826
14057
14099
14048
14139
14112
14303
14155
14276
14274
14191
14090
14169
14094
14332
14285
14401
14457
14323
14339
14223
14247
14283
14411
14243
14514
14475
14639
14542
14352
14555
14530
14728
14455
14560
14500
14573
14595
14403
14556
14638
14656
14546
14984
14760
14972
14999
14853
14786
14816
14886
14829
15102
14793
14965
15025
14954
15059
14880
15113
14942
15290
15189
14885
15049
15046
15207
15135
14975
15148
15426
15329
15374
15427
15163
15285
15492
15207
15088
15015
15470
15449
15238
15079
15078
15415
15261
15583
15519
15346
15328
15500
15322
15751
15385
15374
15528
15293
15493
15483
15511
15688
15572
15625
15480
15314
15635
15398
15595
15689
15681
15749
15888
15640
15575
15875
15595
15784
15944
15848
15723
15866
15509
16032
15736
15750
15987
15977
15944
15805
16054
16043
15822
15831
15936
15843
16011
15934
16059
16126
16090
16196
15994
16041
16088
16143
16572
16359
16126
16245
16264
16220
16215
16276
16415
16595
16547
16246
16353
16504
16524
16384
16423
16273
16404
16583
16610
16861
16701
16678
16603
16905
16519
16749
16968
16824
16880
17094
16954
16750
16866
16795
17074
17193
17100
17277
17059
16960
17177
17033
17275
17217
17341
17120
17351
17434
17260
17350
17360
17265
17358
17518
17413
17488
17618
17391
17432
17498
17406
17559
17405
17556
17342
17519
17420
17372
17409
17624
17302
17449
17682
17737
17724
17546
17568
17569
17665
17464
17682
17523
17572
17614
17592
17525
17583
17542
17579
17342
17516
17557
17547
17773
17797
17808
17653
17700
17682
17699
17803
17778
17615
17699
17711
17713
17950
18022
17901
18007
18107
18146
18042
18237
17871
17989
18519
18096
17987
17963
18270
18161
18027
18458
18039
18205
18154
18338
18047
18357
18523
18271
18051
18251
18339
18657
18467
18369
18629
18306
18574
18261
18579
18591
18427
18641
18521
18538
18610
18730
18441
18372
18699
18279
18425
18521
18482
18426
18378
18038
18210
17902
18079
17856
18051
17535
17657
17529
17701
17443
17356
17520
17521
17543
17453
17126
17187
17036
17031
17209
16957
16907
16921
16883
16494
16472
16585
16529
16508
16615
16489
16605
16479
16429
16262
16441
16341
16242
16224
16337
16250
16438
16119
16294
16247
16085
16107
15902
16075
16197
15914
15813
16215
16211
16052
15996
16109
15975
15979
16072
15878
15835
15767
15835
15991
15690
15584
15738
15968
15734
16012
15914
15778
15811
15794
15835
15503
15780
15719
15535
15660
15721
15564
15658
15757
15599
15464
15712
15557
15543
15643
15716
15491
15532
15663
15703
15448
15435
15586
15612
15550
15207
15547
15433
15480
15348
15274
15405
15469
15525
15341
15427
15320
15519
15388
15175
15424
15276
15478
15281
15122
15231
15274
15286
15264
15064
15310
15213
15314
15330
15352
15360
15310
15184
15286
15499
15550
15405
15293
15180
15101
15301
15138
15015
15213
15291
15166
14968
15297
15158
14997
14957
15008
15007
15134
15120
15036
15128
14785
15125
14904
15193
15275
15148
15053
15018
15029
15082
15047
15053
14883
14954
15112
14798
14844
14957
15108
15183
15072
14859
15023
15088
14947
14923
15206
14916
15058
14839
15092
15160
14983
14863
14904
14663
15034
15040
14922
14719
14838
14958
15051
15038
14668
15025
14955
14875
14735
14882
14944
14957
14701
14727
15095
14783
14895
14672
14832
14728
14866
14682
14869
14759
14722
14785
14897
14893
14720
14887
14662
14828
14749
14755
14796
14817
14585
14907
14893
14652
14638
14766
14680
14760
14951
14590
14915
14660
14881
14862
14628
14784
14810
14604
14731
14833
14629
14674
14611
14792
14660
14601
14481
14760
14964
14759
14885
14716
14620
14664
14569
14762
14731
14700
14737
14497
14819
14595
14541
14846
14669
14558
14517
14665
14785
14687
14523
14606
14427
14531
14668
14571
14471
14372
14492
14738
14657
14587
14611
14582
14497
14555
14641
14686
14632
14512
14635
14648
14744
14880
14696
14561
14330
14437
14390
14520
14373
14476
14563
14704
14553
14524
14576
14425
14771
14666
14733
14476
14508
14419
14441
14567
14804
14944
14561
14467
14597
14437
14387
14921
14624
14610
14332
14538
14339
14567
14395
14232
14515
14388
14465
14508
14554
14461
14444
14364
14476
14633
14437
14317
14453
14144
14344
14384
14549
14368
14597
14360
14163
14395
14320
14319
14511
14475
14329
14378
14377
14363
14206
14242
14299
14499
14522
14355
14417
14368
14579
14181
14474
14235
14219
14280
14240
14422
14293
14245
14025
14153
14297
14232
14213
14134
14327
14244
14436
14133
14095
14206
14210
14335
14241
14260
14012
14230
14221
14043
14053
13953
14301
14067
14293
14091
13861
13979
14159
14264
13872
13830
14067
14117
13605
13862
13935
13798
13687
13748
13948
13876
13802
13793
14001
13609
13529
13558
13929
13428
13622
13593
13487
13363
13583
13506
13417
13419
13199
13309
13380
13520
13249
13254
13030
13199
13169
13010
13003
13156
12809
13019
12711
13055
12934
13008
12890
12939
12824
12660
12647
12552
12850
12487
12484
12614
12389
12637
12641
12352
12321
12201
12303
12108
12148
12386
12255
12039
11940
12034
12036
12253
12085
12181
12054
11955
11920
11673
11833
11892
11670
11619
11747
11520
11555
11462
11575
11439
11439
11522
11588
11425
11267
11400
11301
11256
11502
11428
11361
11345
11319
11085
11307
11183
11026
11141
11396
11276
11095
11222
11064
11223
11159
11138
10979
10889
10978
10962
10877
10818
10776
10897
10711
10728
10921
10837
10787
10843
10778
10704
10754
10892
10717
10513
10931
10754
10843
10699
10974
10722
10778
10714
10542
10929
10608
10757
10450
10708
10526
10635
10671
10745
10568
10602
10513
10490
10700
10657
10664
10690
10399
10516
10538
10525
10532
10586
10671
10672
10801
10730
10661
10653
10676
10580
10680
10658
10913
10665
10739
10811
10534
10959
11024
10985
10835
10886
10901
10917
11066
10776
10838
10873
10892
10846
10983
11144
10912
11050
11016
11081
10906
11062
11090
10839
10861
10965
11146
11164
11067
11043
11059
11311
11035
11172
11087
11170
11085
11154
11388
11065
11053
11117
11007
10913
11122
11152
10873
10728
10772
10791
10793
10894
10576
10693
10687
10599
10376
10488
10173
10276
10238
10182
10402
10200
10126
10132
9907
9952
9983
9748
10057
9661
9840
9737
9627
9833
9613
9494
9686
9519
9597
9505
9374
9514
9596
9482
9513
9461
9569
9456
9514
9385
9490
9420
9383
9308
9436
9405
9331
9368
9457
9221
9410
9409
9150
9356
9241
9068
9112
9112
9332
9082
9185
9258
9152
8945
9053
9097
9000
9219
9035
9022
9097
9039
9061
8868
9090
9052
8888
8972
8865
8860
9049
8960
8954
9046
9147
8774
8953
8716
8919
8834
8869
8667
8746
8765
8884
8677
8508
8830
8735
8829
8740
8734
8614
8658
8651
8690
8629
8599
8684
8738
8614
8671
8692
8642
8568
8638
8676
8445
8670
8531
8605
8792
8573
8693
8777
8523
8844
8547
8572
8418
8601
8678
8568
8659
8480
8455
8491
8411
8550
8423
8485
8354
8439
8348
8346
8532
8497
8485
8459
8323
8513
8555
8403
8290
8403
8375
8312
8196
8432
8427
8291
8372
8369
8242
8389
8344
8333
8257
8289
8324
8263
8203
8058
8131
8256
8164
8250
8262
8271
8220
8259
8206
8178
8089
8062
8251
8306
8234
8021
8125
7933
8077
8101
8170
8155
8050
8036
7993
8241
7922
7895
8015
7939
8135
8064
8040
7976
7894
8065
8033
8029
8091
7966
7968
8002
8012
7952
8097
7814
7955
8000
7972
7925
7952
7884
7848
7797
7866
8013
7900
7964
7877
7872
7849
7826
7910
7756
7838
7836
7869
7863
7897
7741
7801
7728
7767
7663
7818
7731
7824
7768
7617
7880
7756
7776
7825
7712
7694
7790
7851
7645
7659
7607
7621
7822
7641
7742
7652
7773
7690
7646
7697
7758
7636
7705
7545
7681
7572
7633
7588
7679
7659
7611
7466
7767
7647
7716
7663
7651
7567
7532
7533
7554
7490
7395
7515
7590
7683
7617
7674
7450
7605
7590
7482
7590
7555
7445
7463
7452
7466
7473
7561
7473
7416
7391
7295
7641
7529
7490
7455
7515
7406
7246
7454
7600
7456
7293
7382
7462
7469
7509
7381
7283
7515
7489
7407
7259
7325
7307
7403
7439
7352
7501
7125
7488
7447
7404
7442
7343
7298
7323
7399
7439
7124
7215
7258
7306
7283
7294
7397
7186
7271
7174
7300
7256
7173
7327
7285
7264
7330
7385
7141
7416
7255
7332
7294
7151
7179
7148
7263
7155
7226
7192
7334
7190
7271
7197
7168
7331
7144
6958
7183
7137
7098
7088
7109
7169
7146
7124
6947
6996
7065
7198
7083
7110
7229
7081
7116
7020
7130
7204
7139
7126
7070
7023
7247
7238
7218
7019
7176
7043
6986
7055
7077
7257
6891
7046
7029
7180
7115
7043
7189
7115
7039
6929
7002
7168
6996
7032
6990
6978
6989
6905
6970
6914
7021
7026
6948
7099
6972
7083
6962
6870
7111
7011
7043
6895
6953
7215
6992
7020
7053
7254
7281
7141
7199
7247
7167
7311
7303
7360
7569
7841
7620
7630
7932
8177
8063
8311
8518
8771
8845
9280
9247
9576
9568
10000
10107
10795
10670
10678
11413
11493
11753
11791
12389
12686
12687
12946
13401
13920
13869
14270
14745
14706
15340
15385
15880
15860
16333
16256
16852
16939
17169
17381
17782
17851
18198
18348
18729
18916
19287
19535
19921
19936
20576
20525
20716
21583
21675
21938
22390
22240
22777
22866
23238
23286
23531
23209
23057
22902
23088
22792
22502
22231
21647
21378
21041
20437
20073
19600
19059
18453
17956
17465
16721
16227
15740
15167
14666
14140
13402
13169
12563
12017
11839
11195
10905
10540
10082
9939
9411
8974
8746
8487
8378
7900
7936
7658
7560
7362
7303
7063
7001
7014
6840
6797
6647
6617
6710
6665
6431
6416
6430
6396
6365
6342
6339
6426
6259
6305
6146
6197
6114
6211
6194
6157
6294
6136
6063
6139
6054
6223
6137
6272
6021
6079
6075
6052
6099
6070
5924
6047
6097
6095
6109
6176
6083
6152
6181
6020
5997
6058
5951
6088
6043
6133
6137
6014
6029
6015
6158
6013
6028
6066
5856
5998
5939
5968
6025
6023
6184
6128
6170
6030
6058
6006
6018
5977
6014
6022
5929
6037
6077
5938
5901
6026
6006
5989
6017
6010
6015
5900
6038
6103
6010
5955
6057
5834
6034
6031
6009
5999
6076
5967
6001
5855
6091
6045
5875
6033
5964
5867
5880
6071
6090
6021
5952
6074
6034
6034
5930
6134
5925
6073
5969
5995
6027
6029
5943
6002
6060
6009
5933
6052
6004
5976
5909
6065
5998
5981
5954
5971
5968
6063
6065
5985
6066
6029
6067
6035
6177
6039
6233
6260
6264
6252
6452
6404
6442
6560
6725
6946
6925
7322
7198
7605
7825
8007
8278
8530
8784
9296
9476
10070
10185
10648
11289
11870
12020
12728
13324
13978
14562
15089
15670
16337
16944
17673
18210
18958
19487
20234
21044
21354
22501
22891
23624
24556
24978
25544
26315
27056
27624
28165
28800
29785
30119
31142
31183
31643
32490
33239
33778
34183
35362
35734
36148
37102
37724
38409
39006
40200
40892
41557
42551
42675
43265
43934
44481
44737
44580
45175
45129
44563
44541
43772
43373
42809
42368
41535
40324
39384
38351
37150
36030
34847
33634
32400
31148
29741
28299
26923
26112
24389
23136
21994
20850
19317
18734
17417
16562
15596
14612
13650
13037
12224
11619
10924
10436
9851
9358
8918
8462
8145
7667
7129
6952
6812
6645
6441
6225
6096
6005
5677
5618
5628
5522
5209
5404
5120
5213
5145
5045
5093
4914
4900
4915
4902
4862
4889
4903
4766
4652
4662
4837
4715
4694
4778
4789
4639
4601
4587
4694
4722
4636
4631
4754
4479
4643
4622
4551
4643
4697
4635
4715
4680
4603
4675
4468
4547
4761
4497
4548
4544
4572
4514
4618
4561
4645
4571
4516
4490
4501
4478
4555
4461
4500
4626
4424
4568
4578
4503
4532
4412
4398
4516
4503
4366
4477
4557
4529
4476
4430
4476
4508
4452
4453
4404
4378
4379
4454
4485
4492
4476
4507
4297
4358
4271
4347
4399
4442
4480
4346
4315
4478
4497
4562
4243
4390
4325
4409
4543
4446
4342
4407
4457
4386
4392
4426
4390
4417
4525
4331
4324
4341
4352
4343
4407
4448
4376
4406
4326
4330
4332
4366
4314
4478
4409
4377
4456
4321
4386
4160
4327
4325
4291
4264
4287
4285
4399
4334
4307
4377
4292
4365
4335
4324
4300
4273
4179
4268
4348
4392
4236
4192
4225
4228
4369
4226
4276
4254
4226
4142
4317
4281
4370
4350
4452
4301
4201
4340
4218
4258
4191
4319
4253
4211
4176
4163
4273
4243
4256
4258
4161
4182
4195
4177
4247
4317
4193
4166
4157
4215
4182
4168
4174
4208
4124
4137
4220
4296
4134
4129
4230
4275
4185
4103
4121
4205
4293
4195
4153
4192
4236
4270
4232
4270
4230
4254
4136
4121
4267
4043
4194
4263
4225
4107
4220
4282
4171
4147
4275
4102
4128
4131
4202
4204
4187
4212
4217
4115
4063
4220
4161
4222
4206
4044
4144
4121
4149
4207
4055
4250
4149
4216
4123
4037
4165
4158
4147
4081
4087
4191
4065
4128
4093
4177
4048
4142
3999
4113
4127
4165
4026
4186
4119
4064
4040
4109
4096
4169
4063
4172
4097
4187
3970
4034
4104
4054
4076
4111
4177
4213
3999
3989
4108
4036
3988
3985
4098
4080
4058
4034
3998
4014
4127
4101
4018
4050
4048
4135
4050
4092
4070
4005
4139
4116
3994
4023
4182
4012
3925
4052
4027
4046
4050
4169
4119
4124
4097
3964
4037
3970
4167
4058
4041
4050
4049
4066
4105
4038
4133
4030
4057
4103
4036
4132
4032
4009
4122
3980
4180
4122
4049
4086
4032
4065
4081
4107
4095
4166
4171
4126
4066
4145
4015
4130
4124
4069
4168
4119
4035
4144
4118
4148
4167
4224
4284
4179
4151
4163
4198
4305
4233
4136
4129
4327
4217
4214
4131
4307
4246
4311
4381
4279
4337
4250
4356
4478
4361
4224
4410
4527
4362
4410
4479
4542
4608
4611
4680
4813
4804
4882
4997
4956
5322
5352
5595
5768
5941
6066
6582
6868
7390
7540
7911
8586
9072
9771
10482
11068
12154
12843
13790
14573
15708
16909
18257
19468
21043
22520
23741
25305
26817
28760
30491
32009
33825
35258
37750
39496
41543
43385
45211
47282
49476
51663
53168
55170
57414
59025
61330
63079
64968
66985
69034
71093
72487
74759
76862
78220
80986
82350
83401
86224
87558
89552
91499
93648
95898
97405
99617
101984
103656
105437
108077
109613
111237
112742
113772
115331
116106
116435
116009
116889
115377
115213
114155
112057
110993
108845
105886
103507
100840
97905
95225
91296
87884
84773
81016
77017
72961
69212
66005
62600
57884
55257
51515
48173
44920
41837
39125
36254
33367
30901
28225
26683
24299
22227
20218
18617
16771
15487
13993
13063
11996
10915
9899
8988
8348
7710
7159
6423
6095
5702
5420
4935
4592
4432
4140
3826
3640
3434
3263
3128
3090
2912
2899
2824
2669
2594
2553
2603
2492
2337
2360
2332
2261
2243
2202
2169
2088
2094
2068
2081
2009
2003
2017
1951
2008
1902
1969
1901
1818
1873
1912
1850
1797
1765
1855
1815
1845
1778
1798
1728
1821
1799
1782
1817
1762
1787
1750
1769
1779
1856
1755
1717
1711
1740
1707
1728
1705
1636
1624
1765
1649
1674
1640
1633
1677
1644
1650
1721
1575
1642
1617
1671
1606
1625
1591
1636
1625
1607
1647
1590
1651
1659
1623
1600
1531
1667
1620
1625
1561
1563
1560
1538
1552
1547
1494
1569
1549
1554
1523
1590
1649
1523
1510
1529
1525
1572
1458
1582
1592
1606
1463
1503
1513
1500
1530
1522
1461
1576
1496
1542
1474
1437
1543
1500
1427
1501
1561
1411
1477
1448
1596
1538
1461
1534
1484
1533
1518
1528
1515
1545
1516
1557
1527
1554
1426
1551
1545
1594
1542
1636
1558
1583
1620
1660
1746
1753
1771
1874
1889
1963
2091
2132
2141
2273
2442
2450
2613
2703
2866
3004
3097
3251
3400
3674
3864
4095
4291
4418
4676
4906
5079
5382
5718
5899
6161
6280
6544
7018
7181
7576
7558
7929
8145
8456
8766
8999
9279
9683
9546
10054
10398
10595
10691
11174
11256
11592
11739
12118
12222
12485
13035
12997
13168
13634
13526
14056
14257
14413
14885
15107
15388
15587
15803
15982
15806
16286
16200
16384
16251
16229
16112
15839
15762
15301
15118
14920
14377
14188
13838
13418
13039
12515
12112
11464
11021
10678
9995
9451
9020
8678
8000
7694
7171
6790
6454
5934
5483
5277
4885
4543
4405
4110
3794
3455
3217
3031
2777
2671
2534
2370
2207
2079
2014
1904
1789
1738
1665
1633
1490
1521
1429
1426
1328
1295
1252
1173
1253
1168
1229
1151
1063
1157
1129
1122
1119
1014
1062
1068
1045
963
1055
1076
1018
1017
991
981
939
1003
967
991
963
987
974
906
972
958
1024
970
900
942
943
983
966
976
914
978
938
936
947
974
947
887
879
952
980
1010
907
915
921
942
860
904
924
981
910
943
865
891
876
871
856
945
925
879
923
908
976
881
876
854
866
902
930
882
910
876
845
919
901
933
889
918
881
906
878
868
855
835
844
913
846
877
885
854
897
833
824
853
876
860
831
834
861
859
845
861
863
900
876
891
871
867
842
765
895
849
857
868
817
810
887
854
851
789
801
794
848
825
820
838
795
854
798
835
878
855
791
805
739
850
808
843
808
814
836
795
807
869
812
831
828
814
818
840
795
776
820
814
738
779
814
764
784
834
782
794
839
798
786
818
808
776
792
822
781
760
801
790
835
842
815
810
787
830
775
751
730
715
775
765
769
776
788
802
794
761
789
815
770
790
811
787
786
790
810
836
768
690
820
788
775
785
804
758
754
754
761
754
758
755
760
682
729
770
808
733
741
754
758
748
749
759
698
716
750
794
725
744
770
741
726
711
757
722
730
733
786
785
717
717
730
737
743
767
742
718
791
724
748
712
767
795
711
696
770
714
768
674
717
730
751
740
730
653
715
708
754
728
756
694
715
702
716
736
702
748
711
661
724
764
689
757
760
748
716
722
686
730
722
754
710
712
669
733
733
711
708
747
720
703
724
693
717
732
684
724
689
673
734
731
682
736
736
733
723
702
695
697
726
677
713
679
722
682
698
754
708
671
686
698
700
711
669
702
759
671
704
712
670
654
682
645
690
682
668
703
691
657
683
685
669
720
666
711
685
699
710
677
687
683
705
659
687
683
726
648
677
671
670
703
673
712
691
695
702
666
680
643
653
623
695
684
686
629
636
677
669
712
675
718
675
715
681
715
700
699
716
647
654
678
695
654
682
643
685
666
659
672
684
674
665
640
649
651
685
697
669
688
691
695
694
698
702
716
726
718
771
688
715
735
742
714
725
724
681
738
788
755
704
695
752
764
724
760
785
728
761
762
793
752
808
710
741
770
756
771
737
795
787
760
760
768
788
768
791
806
772
847
793
799
809
809
816
759
757
759
797
757
756
783
777
761
731
792
726
811
753
797
751
697
759
732
714
699
761
683
709
686
696
634
606
628
705
661
680
622
661
604
617
644
661
570
582
570
620
601
607
612
579
578
648
579
626
606
616
574
573
575
589
614
577
571
582
585
610
602
573
597
585
611
593
540
617
566
540
544
592
583
598
568
597
576
569
598
605
569
541
534
602
568
540
565
563
590
562
603
537
590
564
569
575
526
556
565
547
530
527
559
540
564
550
581
553
555
599
561
539
576
554
580
574
563
539
533
531
582
526
520
602
534
535
547
546
526
529
575
583
501
584
519
557
581
536
531
543
619
533
519
529
550
506
567
516
561
538
581
557
533
559
574
527
510
573
545
520
552
545
519
544
540
519
488
532
548
561
518
542
522
553
476
552
551
503
595
558
584
560
577
521
517
521
549
568
510
531
560
528
529
538
543
545
479
522
526
547
503
529
564
497
498
515
549
526
522
519
535
558
568
480
495
547
539
535
529
519
522
549
519
524
500
566
548
522
454
524
496
523
545
521
517
504
544
539
508
537
533
502
534
522
514
577
512
514
470
565
563
526
525
473
490
459
511
511
553
527
506
523
497
550
477
514
510
517
520
495
488
498
425
521
485
532
499
456
497
470
515
485
481
496
521
500
487
475
516
468
528
459
511
472
469
558
507
467
519
498
485
475
471
488
446
518
471
466
480
487
497
525
474
505
452
492
503
493
487
500
519
488
499
493
509
467
519
473
459
502
465
493
501
521
483
460
477
489
543
470
471
480
538
478
429
434
482
510
459
453
466
486
453
457
470
461
461
443
496
508
451
481
418
493
457
483
490
460
480
443
479
443
460
471
432
496
512
445
468
503
460
464
450
480
477
475
448
453
460
443
475
465
440
487
460
463
436
449
464
449
489
443
487
413
470
496
471
458
462
460
449
466
474
461
473
454
440
456
439
466
479
452
436
474
452
450
420
446
455
455
467
444
441
504
486
457
481
432
489
464
446
461
441
458
455
424
424
446
442
460
429
458
404
433
436
436
443
418
454
426
436
459
457
428
482
430
468
450
469
440
447
411
464
462
488
461
460
467
444
440
441
455
443
393
402
452
460
455
430
425
415
417
417
425
441
452
405
469
431
410
398
457
409
392
404
427
421
422
459
401
461
433
419
438
459
470
458
439
455
457
435
421
433
433
433
446
410
413
442
444
451
474
413
433
398
446
436
448
396
441
429
400
442
411
427
415
430
429
415
412
413
401
405
440
447
446
405
447
396
428
427
431
406
414
428
429
420
385
426
426
437
410
396
385
399
425
438
440
409
418
389
376
419
433
423
400
392
389
393
409
405
432
431
416
424
424
417
410
419
382
401
392
420
384
436
434
397
413
408
458
434
392
390
433
376
403
409
388
393
416
368
363
391
410
392
374
380
401
435
372
427
364
422
400
396
387
371
390
372
393
429
392
382
369
391
409
384
387
390
420
365
402
424
396
400
366
401
390
369
381
435
396
440
359
404
394
383
361
360
383
382
409
393
404
404
390
362
402
391
372
364
396
374
341
387
376
417
407
387
373
398
382
396
380
366
392
359
395
391
384
365
360
358
355
351
400
349
378
373
357
362
400
362
413
375
363
394
378
372
387
408
376
362
399
380
376
352
388
369
380
413
395
370
356
396
371
371
386
378
408
386
386
343
364
379
389
392
383
343
387
384
401
351
397
394
379
338
374
314
362
387
378
356
368
348
362
355
376
355
388
366
358
364
361
335
358
370
362
327
334
372
405
379
345
369
341
359
335
348
348
358
363
349
323
311
341
331
358
331
370
349
351
338
352
345
342
335
359
323
349
348
321
313
331
343
340
321
358
346
311
347
320
309
371
339
346
368
346
339
347
316
361
344
310
370
352
367
318
345
327
322
337
303
349
325
321
337
330
352
333
331
329
308
322
351
325
343
340
350
318
326
299
344
311
328
340
313
321
320
332
300
303
315
331
338
333
337
312
343
339
332
296
303
293
329
318
309
311
325
320
333
304
321
316
313
331
307
312
331
315
309
328
303
322
305
327
319
306
320
316
313
295
343
286
313
336
309
309
310
297
323
297
329
307
337
317
286
298
296
308
300
342
284
286
339
293
317
333
307
293
282
296
314
316
289
291
295
304
322
306
319
309
313
306
281
300
296
282
279
292
323
308
257
315
277
261
318
313
285
299
271
300
299
314
316
318
295
268
286
289
309
305
292
294
302
293
284
299
290
306
274
290
306
281
273
317
277
304
294
271
302
278
283
272
261
286
307
303
304
322
294
287
309
298
258
277
298
298
288
277
348
287
285
256
260
267
296
307
306
303
282
280
282
277
299
267
303
292
279
290
285
287
286
269
307
269
262
293
267
267
283
288
277
295
281
275
261
282
285
245
245
291
293
302
264
292
281
275
280
301
289
259
287
246
260
270
267
257
282
246
262
282
285
254
306
235
259
275
271
245
280
256
252
245
266
252
283
241
264
266
285
269
267
270
281
254
240
246
273
253
253
231
270
272
275
282
266
286
248
226
271
266
272
263
294
263
272
267
241
255
237
259
243
230
274
244
252
273
256
255
247
261
266
242
269
231
259
262
259
267
257
263
274
229
274
251
256
234
248
241
242
242
231
280
247
260
244
256
235
251
262
216
262
246
248
238
240
247
258
218
244
266
254
267
249
213
248
256
251
245
244
287
255
267
240
217
234
226
248
247
222
263
246
225
258
245
240
272
254
215
223
234
237
218
248
225
262
222
250
243
259
259
207
238
233
260
206
240
243
213
265
226
243
232
220
224
236
221
207
252
214
237
229
225
226
244
234
231
240
224
232
231
233
226
216
246
230
211
220
205
224
226
229
238
242
220
203
229
242
218
241
216
228
199
187
233
207
246
233
246
228
201
238
222
229
225
197
226
214
204
222
213
240
230
205
218
217
225
196
206
224
215
221
225
198
198
244
215
197
236
226
221
183
206
201
218
207
223
219
243
253
215
200
226
202
214
199
209
240
228
200
176
226
232
224
227
195
238
215
206
209
192
204
199
211
216
196
199
231
226
202
213
210
213
228
205
199
228
200
189
222
219
210
207
194
193
210
221
192
209
201
192
205
188
229
206
224
194
215
216
213
218
203
237
190
189
195
196
208
213
194
219
199
229
227
200
222
192
209
195
200
202
179
206
179
207
220
181
212
162
200
164
222
199
182
210
191
190
200
192
227
206
195
182
197
218
210
191
197
213
185
178
199
226
196
205
191
193
179
188
189
179
194
209
222
213
200
191
191
201
187
185
176
198
185
187
185
189
180
180
190
195
184
206
186
214
216
181
195
181
186
185
192
208
186
189
215
193
189
183
221
202
206
206
180
210
198
174
166
184
189
175
200
176
210
196
163
211
190
220
189
218
200
188
176
192
183
202
190
174
195
167
197
179
173
177
201
171
191
199
172
187
197
182
183
180
206
180
199
185
173
194
179
199
188
184
175
185
177
176
163
186
163
169
169
169
179
163
199
188
177
185
172
187
200
184
185
184
184
193
171
161
157
186
163
166
170
164
164
168
177
169
171
170
184
172
186
183
175
148
175
179
153
162
186
173
181
157
164
148
180
192
158
166
173
156
189
180
184
146
156
164
159
161
174
168
163
182
147
175
146
153
163
169
147
157
167
143
167
173
168
157
175
164
175
165
156
167
159
196
167
158
157
161
169
129
166
173
132
153
155
172
177
178
172
140
165
166
173
161
144
161
158
178
138
184
155
174
145
178
167
161
168
169
164
128
161
146
144
171
158
166
181
146
180
150
172
145
158
156
155
143
158
155
151
137
148
148
149
147
167
173
149
175
178
172
144
173
172
157
171
183
174
154
151
153
166
142
152
170
167
180
159
175
150
131
151
156
138
146
146
147
167
161
157
160
156
146
167
159
182
174
157
164
171
156
155
155
173
178
171
152
183
164
162
173
147
168
152
156
177
162
173
165
163
160
157
171
167
193
175
150
171
159
157
171
183
173
181
184
165
171
158
158
166
160
132
166
124
136
159
139
172
162
162
162
160
185
146
153
158
171
154
160
144
153
183
147
157
176
178
166
186
145
171
134
147
157
150
160
155
170
139
152
135
159
139
153
153
154
151
132
141
149
162
149
118
147
140
154
122
118
136
148
146
130
139
153
127
141
156
157
143
140
155
139
136
147
143
139
126
129
151
151
142
154
163
122
144
130
149
137
124
160
110
138
137
139
120
142
147
135
145
145
149
144
150
131
142
121
141
130
142
148
130
145
138
132
158
156
128
137
142
140
137
141
148
119
144
126
134
140
134
133
140
128
143
129
136
140
142
145
157
136
148
128
155
149
120
134
128
153
119
138
140
124
119
120
145
112
134
155
146
115
132
124
135
119
154
132
144
131
116
145
129
162
137
142
124
132
151
137
115
136
146
151
135
137
127
143
128
122
147
109
138
142
127
123
154
128
134
124
152
128
142
142
118
143
144
136
137
159
163
142
137
153
139
132
131
128
154
159
115
125
153
155
122
141
141
146
150
129
150
126
125
121
136
157
152
123
147
145
125
154
147
128
137
129
145
128
145
159
128
136
138
146
140
121
142
131
136
146
131
130
135
128
147
138
140
126
138
125
138
131
112
151
110
124
111
137
110
123
115
119
124
141
108
127
112
117
124
124
132
121
126
119
113
116
106
107
112
126
134
110
117
119
109
101
92
123
122
109
111
101
114
115
108
125
112
110
116
95
146
100
119
97
102
118
123
94
124
107
105
93
132
119
122
103
111
130
104
116
97
119
96
114
108
121
135
115
92
103
100
109
109
118
105
121
112
112
114
105
101
121
111
121
127
118
100
108
100
129
117
108
111
140
110
121
120
119
108
111
138
123
118
114
123
82
107
118
129
122
90
121
108
102
121
100
103
115
112
106
112
90
113
102
105
114
112
108
105
106
113
118
103
115
102
120
107
109
105
107
122
112
110
103
101
104
101
102
95
115
105
102
118
111
127
107
126
134
120
113
112
98
115
109
111
124
114
117
113
112
115
129
112
121
115
130
113
132
117
125
149
133
107
110
128
115
118
110
123
122
116
136
118
133
123
105
121
120
118
138
134
131
125
98
126
118
151
137
130
125
136
124
128
125
121
156
137
158
132
156
114
133
124
143
149
123
124
130
145
134
127
150
134
179
142
132
134
164
148
156
135
158
118
149
137
125
132
136
130
119
132
143
128
151
116
150
130
118
145
150
117
110
127
117
138
122
91
108
111
117
117
103
97
96
77
92
108
77
75
91
103
89
104
82
74
109
113
86
75
77
87
93
61
79
84
98
75
70
65
91
86
79
75
80
68
76
78
68
70
83
57
74
71
79
81
66
84
55
66
77
71
80
96
66
75
78
68
62
77
77
82
78
66
72
71
75
90
77
75
75
65
66
67
74
70
60
64
75
67
59
71
84
71
68
71
68
82
72
74
71
68
68
79
87
78
74
76
76
62
82
61
70
69
62
64
64
73
63
99
73
81
80
69
65
57
83
70
81
70
91
71
69
76
74
66
72
77
65
70
75
70
94
79
81
61
78
60
68
76
78
63
74
78
70
54
68
74
77
66
66
62
68
61
83
72
66
69
76
61
75
64
57
79
75
83
76
62
75
72
70
80
61
81
65
83
73
82
73
72
68
68
92
69
67
87
71
67
60
80
60
58
68
83
78
79
73
63
73
82
62
72
69
80
74
56
77
79
81
59
62
66
70
72
62
83
64
81
71
70
77
66
59
84
75
65
70
76
68
72
61
85
61
66
78
77
75
62
89
62
79
78
75
75
84
72
60
73
68
68
76
84
65
65
76
58
57
83
58
84
83
66
77
58
75
74
72
63
54
79
83
74
80
72
70
72
67
77
71
73
70
71
69
70
59
62
67
70
82
77
66
79
72
87
59
67
58
67
63
65
65
74
61
69
72
77
42
59
59
66
57
63
77
61
68
67
67
63
69
61
76
65
66
56
74
68
75
61
66
64
62
67
65
70
63
79
60
71
81
87
60
80
75
69
55
69
55
85
62
77
59
70
75
60
67
73
72
68
82
64
75
72
63
64
75
71
80
60
71
69
61
66
75
70
59
73
66
62
76
70
59
67
75
70
85
68
65
55
51
66
65
56
69
62
59
69
68
50
73
70
65
79
78
75
74
76
62
54
59
60
79
75
64
64
67
73
73
62
68
70
55
87
77
74
60
68
73
66
60
86
67
62
77
78
60
77
69
69
79
73
77
80
78
75
90
75
60
69
76
86
89
92
94
87
79
80
68
70
80
69
93
81
78
97
76
82
89
84
81
79
95
107
93
80
88
78
106
114
87
104
98
85
89
109
81
73
95
100
98
100
99
86
96
94
96
112
119
112
99
100
109
94
127
114
114
106
112
112
120
106
109
101
115
95
114
98
107
119
103
119
115
109
101
95
105
104
103
82
108
135
101
111
96
103
92
92
76
88
107
89
93
88
88
83
93
85
91
74
75
65
72
63
67
63
70
57
52
52
63
51
48
56
50
30
37
45
40
43
44
36
39
43
31
38
46
33
34
29
35
27
32
31
31
28
23
28
28
34
40
34
23
29
29
26
29
34
30
28
36
24
24
28
24
25
22
26
22
21
26
26
35
25
23
28
34
26
31
26
25
30
19
19
27
12
28
21
26
32
27
23
26
30
30
29
27
28
23
28
26
23
21
30
31
26
24
29
35
38
25
32
23
28
22
29
20
35
22
22
35
37
20
29
28
28
27
26
22
33
23
23
29
31
40
29
40
25
23
25
30
27
21
20
26
24
27
26
38
31
29
29
40
37
24
30
31
26
23
28
34
33
27
32
29
33
36
32
28
24
28
26
28
26
26
34
28
24
21
26
23
34
27
36
31
32
33
36
10
25
32
24
27
30
35
29
25
22
26
25
27
26
25
23
34
29
38
26
32
23
24
19
28
34
33
29
34
27
32
31
28
29
41
35
35
33
27
22
38
35
32
34
26
35
29
31
32
32
39
25
26
37
29
29
27
31
25
45
27
35
32
35
30
32
33
28
33
30
35
30
44
31
33
46
25
31
36
40
39
42
21
35
35
38
32
46
46
41
31
35
42
39
40
30
29
40
42
23
38
35
28
37
27
28
33
30
25
26
26
22
23
29
25
20
27
33
24
28
19
25
10
23
19
16
22
19
16
16
17
32
15
15
13
16
17
18
22
14
12
22
12
14
15
16
10
15
15
14
9
15
14
16
13
26
9
19
19
14
14
12
7
12
12
14
12
16
16
13
12
16
11
12
12
14
15
11
7
12
13
13
15
20
16
8
19
13
11
6
14
10
12
10
19
14
14
9
12
15
14
11
18
10
15
11
8
15
7
18
8
7
12
14
11
17
11
10
14
14
14
13
16
17
8
11
17
15
13
13
11
17
13
12
13
14
19
18
18
17
13
17
12
19
18
8
15
8
7
16
9
13
7
11
20
15
17
11
12
11
12
6
12
10
11
11
12
8
10
13
11
8
12
12
22
8
11
14
24
4
9
10
14
9
11
10
15
14
4
12
15
15
12
19
5
9
13
9
14
14
9
8
18
10
8
10
12
15
10
10
6
10
13
15
12
16
13
20
15
14
11
16
15
10
10
16
15
16
12
11
16
14
10
14
16
6
8
15
18
12
15
9
11
15
9
20
17
13
8
12
15
8
11
16
13
11
12
12
13
11
14
15
14
9
13
17
11
13
11
13
9
11
13
11
14
10
8
12
11
17
12
13
7
7
14
16
15
9
13
15
13
16
13
15
13
14
11
16
12
14
10
11
11
12
16
12
10
16
10
8
16
18
13
9
14
13
11
11
9
14
12
10
14
14
11
12
12
18
13
10
14
13
6
10
13
18
10
14
10
11
9
12
15
9
6
9
4
8
13
11
16
20
5
15
13
10
10
11
15
14
9
11
15
16
7
14
16
9
9
6
11
6
11
13
13
8
16
4
7
9
9
9
14
11
12
11
8
13
11
7
7
20
9
12
14
15
9
9
8
2
7
12
7
11
8
5
7
11
10
9
6
18
9
8
11
12
11
5
11
13
9
7
8
12
12
14
12
11
15
10
8
6
11
9
8
6
8
10
7
9
11
13
15
7
10
8
7
9
14
7
4
4
9
5
12
8
12
14
11
15
9
7
7
9
9
8
18
11
15
14
7
5
8
11
6
6
15
7
17
14
9
14
11
15
10
6
7
13
8
11
8
7
13
14
6
8
10
8
11
13
9
4
6
6
9
11
8
12
11
13
12
9
8
12
13
8
6
18
6
10
14
14
12
13
10
14
13
14
9
8
8
6
6
9
6
11
15
13
12
17
6
6
11
11
9
14
13
13
9
8
13
8
12
11
12
12
9
15
20
17
10
13
15
14
11
14
11
14
11
19
12
11
10
11
13
10
14
12
8
8
7
14
15
15
12
6
14
14
10
16
10
17
10
14
11
9
14
7
10
12
10
19
11
9
11
10
11
9
18
9
10
6
11
8
13
13
12
8
9
6
8
7
13
5
8
9
7
4
15
8
11
8
5
8
13
9
7
4
11
12
13
6
12
5
8
8
8
10
10
6
11
5
6
10
3
10
12
7
6
6
12
10
7
11
10
7
11
10
9
4
8
5
10
14
6
12
17
8
11
6
14
5
9
10
9
8
9
8
9
10
7
10
10
11
6
9
14
8
8
7
15
7
15
6
11
8
8
8
7
5
8
5
5
11
10
7
7
8
13
10
7
12
3
9
8
11
8
8
10
10
8
4
11
6
11
7
7
5
12
5
6
5
11
11
3
4
8
9
6
7
10
7
8
5
2
8
12
20
4
7
11
4
6
11
6
8
6
9
5
5
13
6
7
6
7
7
10
11
15
6
8
7
8
10
11
6
10
8
6
9
5
14
5
5
4
8
8
8
11
7
11
11
9
7
4
9
11
10
7
7
6
5
7
4
8
11
7
4
8
9
8
8
2
10
11
12
9
9
11
14
8
9
10
6
4
9
7
8
7
11
7
12
8
7
4
8
4
5
6
6
11
9
9
5
8
6
8
9
3
6
6
8
7
5
4
4
10
9
6
1
10
3
1
14
10
7
6
7
4
10
3
5
7
10
9
6
4
7
8
7
10
8
8
4
6
8
9
7
5
4
8
12
2
8
7
7
6
9
5
6
7
8
10
8
3
7
6
2
11
5
7
9
6
9
5
9
5
4
6
8
8
3
9
6
6
6
8
12
2
6
8
8
8
5
7
5
6
7
9
5
9
10
7
12
2
0
9
14
11
9
8
13
13
6
12
6
2
7
6
7
11
20
10
6
7
7
7
7
5
5
5
10
8
13
9
12
15
9
4
6
10
10
9
9
7
8
4
5
11
12
6
3
4
6
7
9
7
5
7
13
6
9
5
6
7
6
8
1
7
6
5
3
7
6
6
7
8
11
5
2
5
5
7
4
6
7
9
11
7
10
11
12
2
5
3
4
8
6
6
8
6
4
6
8
5
7
10
13
3
8
6
6
15
7
9
6
6
4
4
4
10
10
7
8
6
6
5
6
5
8
6
11
5
7
7
3
2
2
8
9
4
8
5
12
9
5
6
12
6
7
7
8
5
5
5
11
7
5
7
6
6
8
4
7
8
10
9
5
4
6
5
11
7
8
7
3
5
6
6
4
5
5
6
5
3
5
8
8
5
4
2
7
9
8
9
5
4
3
8
4
3
7
2
6
2
6
9
7
6
8
9
8
6
8
6
9
8
5
8
4
7
4
6
6
6
8
6
11
4
6
6
5
7
7
5
5
6
5
8
10
4
11
6
8
5
7
4
5
4
6
8
10
5
2
9
9
10
2
6
6
3
9
3
7
11
8
6
5
4
12
5
5
9
2
7
8
7
9
9
7
6
7
7
5
6
11
5
11
6
10
5
7
9
6
8
11
5
4
5
7
8
7
9
7
6
8
4
14
8
6
5
1
6
5
4
8
11
5
7
9
2
7
9
8
6
4
5
9
6
6
4
7
7
9
11
3
10
6
5
6
7
6
1
8
5
2
4
2
14
2
10
8
5
5
5
7
6
8
3
3
6
4
2
3
4
2
7
9
5
6
7
4
5
3
6
10
10
4
3
3
6
6
4
7
9
4
7
6
8
7
8
7
7
9
2
5
6
5
9
7
5
9
8
5
7
5
6
6
7
8
11
2
5
9
14
4
8
6
9
8
5
5
4
3
8
4
7
7
5
2
7
5
3
5
9
6
6
7
1
4
4
6
7
6
4
7
9
6
5
8
3
7
6
3
5
4
6
9
5
5
4
4
0
5
4
7
10
6
5
9
4
7
4
6
5
8
5
6
8
8
8
5
5
9
5
6
7
11
5
6
2
8
5
6
2
2
8
3
11
8
7
3
7
7
7
6
4
8
6
8
2
6
7
3
3
4
4
7
6
6
3
6
1
6
3
8
3
1
2
9
8
6
5
4
5
5
8
5
8
5
3
6
5
3
6
2
5
3
2
4
5
1
7
2
5
6
7
5
5
8
3
9
6
7
8
2
5
2
3
4
5
10
1
5
4
4
2
3
1
4
3
4
6
5
4
2
6
2
11
6
4
4
5
6
5
13
6
6
4
2
2
10
7
6
5
4
5
9
5
4
5
6
4
3
5
6
6
4
11
6
3
5
7
4
9
10
3
2
3
7
3
10
4
6
7
2
6
3
9
3
3
6
5
10
5
6
5
4
8
9
2
3
2
3
4
4
6
6
3
7
9
2
9
6
6
4
5
3
7
4
4
7
8
3
4
5
5
4
10
3
6
2
6
6
2
4
6
7
9
5
11
6
3
2
2
4
1
7
8
4
8
7
8
3
2
2
5
3
8
4
10
2
7
2
5
9
11
10
7
4
5
6
4
1
5
3
7
5
5
2
4
8
5
6
4
7
5
3
3
5
11
8
0
6
6
5
7
10
5
6
5
7
4
5
8
7
7
6
9
8
2
3
9
3
7
4
4
7
14
4
5
7
5
6
3
4
5
10
6
5
7
4
8
3
5
9
7
5
5
4
10
5
11
10
10
6
8
6
13
10
3
6
5
6
13
8
8
5
3
6
11
8
6
3
11
12
6
11
7
4
11
11
14
14
6
11
9
5
9
10
9
9
7
8
7
6
6
8
6
7
9
3
8
7
4
5
7
8
11
8
7
3
5
5
3
5
4
2
9
7
7
8
5
4
9
3
6
5
11
6
5
6
11
4
5
9
7
5
5
11
5
2
5
6
5
3
4
4
4
6
9
7
1
3
4
4
9
6
2
3
3
2
3
4
6
6
4
2
3
4
4
6
3
5
5
3
4
5
3
4
9
4
2
7
5
6
7
2
7
2
2
1
6
4
3
2
4
3
4
5
5
5
5
4
5
5
5
8
3
6
2
6
2
5
4
3
3
4
3
2
5
4
3
5
4
3
3
2
5
6
4
4
3
2
2
7
3
4
8
5
4
3
4
3
4
6
5
5
4
2
4
5
5
4
3
7
10
4
6
5
6
2
2
5
4
3
3
3
8
5
4
2
5
2
7
2
2
3
7
8
3
2
2
8
3
1
5
3
7
8
2
6
7
3
2
4
4
1
1
1
7
5
4
3
1
3
8
4
3
7
6
4
7
6
5
1
5
7
4
5
2
2
2
5
7
5
1
9
3
5
4
8
6
6
4
8
4
3
9
3
4
4
6
4
8
3
4
2
5
7
4
2
5
5
3
6
7
3
1
2
8
6
5
7
3
2
5
3
4
7
7
3
5
4
5
2
4
5
1
6
9
2
1
7
3
1
5
6
4
3
6
4
8
5
4
7
4
5
5
7
5
3
3
4
4
2
6
4
4
5
3
1
5
3
3
5
0
5
4
5
7
7
2
2
4
3
3
3
3
5
6
5
3
1
4
7
2
1
9
4
3
2
2
3
7
3
6
4
10
4
1
1
5
5
7
5
9
3
6
6
4
2
2
8
5
2
2
4
7
5
6
3
2
2
2
2
4
6
4
4
9
4
5
2
2
4
6
6
6
6
2
8
6
2
8
5
3
4
4
4
8
5
3
6
3
2
3
4
6
4
6
4
4
3
2
4
1
8
5
5
4
6
3
3
3
6
1
2
5
1
4
4
6
6
2
1
0
3
4
3
5
4
1
6
2
2
2
2
3
6
2
9
3
3
8
7
0
4
5
4
13
3
3
4
2
6
5
4
4
2
4
5
2
3
6
3
5
1
8
5
4
4
5
4
3
3
4
2
6
7
6
4
3
7
2
6
5
3
3
6
3
4
1
8
2
4
4
5
3
2
3
4
3
6
4
2
7
7
3
4
5
3
3
1
8
5
8
3
6
3
12
4
7
5
1
5
4
5
4
6
3
8
7
8
5
7
5
7
6
6
7
7
5
2
6
3
3
5
9
3
3
4
5
4
3
2
4
9
3
2
2
8
3
6
4
6
7
5
8
7
9
8
7
8
8
13
4
3
9
6
6
5
2
3
6
5
7
8
5
5
10
8
1
4
5
6
2
6
4
5
3
2
7
6
4
7
3
3
5
3
5
7
3
1
5
5
3
3
4
3
0
4
7
4
5
3
8
6
0
2
3
5
5
5
2
5
5
3
3
4
1
7
3
3
4
1
6
2
6
7
2
5
2
3
3
1
0
0
3
5
2
2
5
2
4
6
0
5
4
5
4
4
3
3
5
2
8
1
2
1
3
2
2
2
4
4
3
6
2
3
2
2
3
4
2
5
3
2
2
3
5
4
2
8
4
5
4
5
3
2
2
4
4
6
3
4
2
2
3
4
3
8
1
5
1
3
0
0
5
3
1
5
2
3
4
3
4
1
5
2
6
1
3
1
2
5
4
5
1
2
3
1
5
2
5
3
5
1
4
2
3
5
6
5
5
5
3
2
3
2
3
2
3
3
5
8
5
4
1
2
1
5
3
2
6
3
1
1
3
0
4
5
4
5
3
6
1
3
2
3
1
5
6
1
5
6
6
2
2
1
3
5
2
2
4
1
3
3
4
0
1
3
5
1
5
6
5
8
0
4
2
5
3
4
4
1
5
1
3
7
2
2
5
0
2
4
5
4
4
0
7
7
4
0
1
2
3
3
2
5
3
4
6
2
2
3
3
5
3
2
2
2
1
3
3
2
4
3
3
3
1
1
1
3
3
5
4
4
4
6
4
3
2
1
1
3
3
2
2
6
6
0
5
1
3
6
2
2
4
4
3
4
4
5
5
4
4
1
2
2
2
4
3
5
5
3
3
3
5
4
3
4
3
4
5
2
1
4
2
6
2
2
1
1
3
5
3
1
2
5
0
4
2
5
4
4
1
1
4
2
2
3
4
4
5
2
6
3
4
2
3
4
2
4
2
4
6
7
4
3
3
4
2
7
4
2
4
3
5
2
3
1
5
4
3
4
3
4
5
2
2
3
4
4
4
2
2
3
4
5
4
4
2
3
2
3
2
1
4
6
6
3
5
4
2
4
1
3
3
3
3
4
2
4
1
3
5
3
4
5
2
1
4
0
4
2
2
5
2
6
3
2
2
1
0
2
1
6
1
0
4
2
2
1
6
5
0
5
4
2
5
4
2
6
3
3
2
4
1
2
5
4
1
4
2
3
0
6
3
7
3
3
5
4
9
0
3
5
1
6
5
3
6
3
3
3
6
1
1
8
6
2
2
3
5
6
2
2
3
4
3
2
3
4
1
4
1
3
1
2
2
3
3
3
5
6
4
3
2
3
2
0
2
2
4
0
2
2
0
5
2
1
7
3
6
5
1
1
3
1
3
5
5
5
2
7
2
6
4
2
5
5
2
2
1
2
3
1
1
4
0
3
1
2
3
3
3
2
3
4
5
2
2
3
3
2
3
2
3
2
4
2
8
3
4
3
1
1
3
1
7
4
4
3
6
5
2
0
6
1
1
3
3
3
1
0
2
4
3
3
2
5
4
3
4
3
2
6
2
2
1
4
3
0
2
11
2
3
4
2
0
1
1
2
3
3
5
4
1
2
5
1
2
2
2
3
2
3
1
3
3
2
2
2
7
4
2
2
2
2
2
5
4
1
4
1
5
0
1
2
2
3
3
3
3
1
0
3
1
5
1
7
1
1
2
3
4
4
2
3
3
3
2
2
2
4
0
6
2
5
2
8
7
3
2
7
4
1
2
5
2
4
1
4
1
2
1
4
2
2
2
3
0
5
3
3
5
5
5
4
2
2
0
3
0
3
4
3
2
3
1
4
2
5
2
1
1
5
2
2
2
3
3
3
4
0
6
3
2
4
0
4
4
2
2
3
0
4
3
2
0
3
6
2
3
0
2
3
3
5
2
1
2
0
3
2
3
5
5
3
5
5
6
0
3
1
2
1
0
5
4
3
4
4
7
3
2
2
4
2
4
2
5
1
1
2
5
6
3
2
2
7
2
5
2
4
3
9
0
5
4
3
1
4
0
6
2
4
3
0
4
2
1
2
4
0
0
3
4
2
3
2
3
3
3
1
4
1
1
5
4
8
2
2
5
1
1
1
2
5
1
4
1
3
0
2
3
3
3
4
1
4
3
1
1
2
2
3
5
2
1
5
3
3
3
2
2
2
4
3
2
3
2
0
1
2
3
3
1
1
2
1
3
5
4
1
3
2
1
2
2
5
1
3
3
1
4
2
3
3
3
1
1
5
4
5
3
5
1
1
2
7
3
2
3
5
3
7
4
2
4
3
6
3
4
3
4
2
1
3
4
3
4
4
2
2
2
2
4
0
4
2
3
5
3
1
3
3
2
2
3
4
2
2
2
3
3
0
3
7
3
7
3
3
2
6
1
5
1
3
4
0
2
8
2
4
1
4
9
2
2
1
2
3
5
1
4
2
5
1
4
1
2
7
2
1
1
1
1
1
1
2
3
4
0
0
2
4
3
1
1
6
2
5
4
1
2
2
6
1
0
4
3
1
1
1
6
2
3
5
2
4
2
0
1
2
6
2
2
6
2
0
1
1
6
3
8
1
3
0
1
1
5
2
3
0
3
2
3
5
0
3
2
2
3
2
6
3
3
5
1
1
1
2
2
1
1
5
1
5
0
2
3
7
4
0
3
3
4
2
3
0
2
2
3
6
5
1
2
3
1
1
3
4
2
4
3
7
2
2
2
5
3
3
3
3
1
0
2
2
1
1
4
5
3
2
1
0
2
0
2
4
3
1
2
4
1
1
1
3
2
1
4
1
3
5
2
3
2
3
6
4
0
3
1
3
5
1
3
3
1
2
2
1
2
4
1
0
3
2
4
1
3
2
2
2
5
3
1
2
1
3
1
2
3
0
2
4
4
1
2
0
3
2
2
2
4
2
0
2
0
0
0
1
6
5
1
4
4
3
1
0
1
2
3
3
3
1
1
6
5
3
1
5
2
0
2
6
1
2
0
4
3
4
1
2
1
2
5
2
3
4
5
4
4
3
2
1
4
2
2
5
4
0
2
2
3
2
3
1
3
1
1
5
1
2
0
5
2
2
3
4
2
5
2
4
1
3
0
4
2
1
2
0
0
1
2
1
1
2
2
1
0
2
1
2
3
5
3
4
1
4
5
2
2
2
1
3
4
5
1
1
0
3
3
2
4
3
0
1
2
4
5
3
1
2
2
5
4
3
2
2
3
2
2
1
3
1
4
5
0
0
3
3
5
6
7
2
1
4
2
2
1
3
2
1
1
4
2
3
0
1
3
4
0
2
0
3
1
0
2
4
5
2
4
2
7
1
5
2
4
4
1
3
2
2
3
2
2
3
1
2
1
1
2
0
3
1
1
3
3
6
2
0
3
2
1
1
4
4
1
6
2
0
2
3
4
8
3
0
5
2
3
2
2
2
4
3
5
2
1
3
3
0
4
1
4
2
3
1
5
0
4
5
4
3
1
5
3
4
2
2
3
2
3
4
2
4
2
9
3
4
1
5
3
7
4
4
5
4
1
6
3
4
4
7
5
5
5
2
4
3
5
3
6
6
7
5
5
5
7
0
7
2
7
2
3
4
4
6
3
5
1
5
7
4
3
4
6
2
5
7
9
3
4
5
2
9
2
3
4
3
3
3
2
6
4
2
7
2
3
4
1
2
3
3
4
7
2
2
4
5
5
1
3
4
2
2
2
3
1
6
3
4
3
6
2
0
2
3
2
4
2
2
0
3
3
2
4
1
3
4
1
2
1
2
2
4
0
2
2
3
2
2
1
0
1
4
0
1
1
2
2
1
3
0
1
2
3
1
1
3
5
4
3
4
3
4
6
2
2
1
5
2
3
3
3
2
3
4
1
2
1
4
1
0
2
2
4
2
2
2
5
1
2
3
4
3
5
2
2
0
1
5
4
4
4
1
0
5
1
4
4
2
3
2
5
1
2
1
4
1
3
1
4
1
1
2
3
1
1
3
1
3
5
0
1
5
0
2
2
3
4
1
3
4
1
6
2
2
5
3
3
1
5
2
3
2
0
1
1
2
1
2
1
2
4
2
4
2
5
3
4
1
3
1
6
2
1
2
2
1
0
5
3
2
4
1
7
1
5
2
2
2
2
1
4
1
0
4
3
2
2
3
1
0
2
2
2
4
2
3
0
1
2
3
3
2
2
0
1
2
0
1
6
2
3
2
0
1
5
1
2
2
8
2
2
3
3
2
1
0
2
2
4
2
2
1
3
2
1
2
1
3
1
2
3
3
0
5
5
2
3
3
1
1
3
3
3
0
6
3
1
1
4
5
2
0
3
1
2
0
3
2
2
3
1
2
3
6
5
3
1
1
1
4
2
5
2
3
4
0
1
2
3
0
6
3
4
2
4
0
1
8
2
3
2
6
3
3
0
1
3
1
1
2
3
3
1
2
6
5
1
4
2
3
3
3
3
2
3
2
1
1
1
2
4
5
3
3
1
0
1
3
1
2
1
3
1
1
2
4
2
3
0
1
1
3
0
5
1
2
4
1
4
4
3
2
0
4
0
4
2
3
3
1
2
2
6
1
0
2
2
3
2
3
2
2
1
2
1
1
0
0
6
5
2
2
2
1
2
3
1
3
5
2
6
2
2
1
2
0
4
4
1
2
0
2
4
4
0
1
2
5
4
0
4
1
1
3
3
0
1
2
1
1
2
3
1
2
2
3
0
3
2
4
3
1
4
4
1
4
1
2
4
0
2
2
2
3
2
4
1
0
1
3
1
3
1
2
3
1
2
1
2
1
2
2
2
2
1
2
1
2
4
2
1
0
1
3
2
2
2
0
1
1
2
2
1
4
1
0
3
5
3
4
2
4
4
1
1
1
1
2
3
6
3
2
4
1
2
1
1
3
1
1
2
1
2
1
4
0
1
3
0
0
2
3
3
1
1
1
2
2
0
1
2
2
3
2
1
2
1
1
1
4
2
2
4
2
4
2
4
1
1
4
1
3
1
2
3
3
3
4
2
5
3
1
1
2
1
3
2
1
4
2
1
3
1
2
3
3
2
2
2
1
5
4
3
1
2
2
1
2
1
2
1
3
2
2
0
1
0
2
6
3
2
4
2
3
2
2
0
5
3
0
4
5
3
0
4
1
0
1
1
3
2
4
4
2
3
2
1
7
1
3
4
1
2
2
4
1
2
4
2
5
1
2
2
1
1
0
1
1
0
2
0
2
1
5
2
2
1
4
2
1
1
1
2
2
4
1
3
3
2
2
3
1
2
2
3
1
1
0
1
5
0
0
1
3
2
2
5
4
5
0
4
1
3
1
2
2
0
1
2
1
5
1
2
1
3
3
0
2
1
3
1
2
4
0
0
2
4
4
1
3
1
1
0
4
4
2
1
1
2
1
1
2
0
2
1
2
1
3
2
5
2
3
2
2
1
2
3
3
2
2
1
2
4
3
4
2
3
1
1
2
3
1
2
1
2
4
1
1
2
3
0
1
0
2
0
4
5
1
1
2
3
6
0
2
1
1
3
1
1
4
1
0
5
1
2
1
1
2
1
3
2
3
3
4
0
2
3
4
0
3
3
0
2
0
4
4
2
2
1
1
2
3
2
7
1
2
4
1
2
4
4
1
0
1
3
4
4
6
1
3
0
2
3
4
1
2
4
1
3
1
0
0
3
1
0
3
2
2
0
0
1
2
1
5
1
4
1
3
0
1
5
0
1
1
3
1
2
1
1
2
6
2
1
1
3
1
4
2
1
1
4
3
3
4
0
1
1
2
1
1
2
3
3
1
3
0
2
0
0
3
2
4
1
1
3
1
2
2
1
3
2
1
2
2
3
2
5
2
4
1
3
1
3
4
3
3
4
2
7
3
1
4
3
1
3
3
2
4
0
3
0
4
3
7
1
2
0
2
1
2
0
1
2
2
3
2
0
4
2
1
3
2
3
1
3
2
3
2
2
1
4
2
1
3
1
2
1
0
2
1
3
2
1
2
5
3
1
0
1
2
5
4
2
3
1
2
3
2
0
1
2
0
1
2
5
4
4
1
1
2
4
4
1
3
3
3
0
1
0
4
2
2
2
3
2
3
4
2
3
0
0
4
2
1
1
6
1
2
2
4
2
2
4
2
4
2
1
1
1
0
2
1
5
3
1
3
2
4
1
6
4
4
2
3
5
2
0
2
3
1
0
1
2
4
2
1
2
2
2
4
0
3
3
4
4
3
1
3
1
1
3
1
4
1
4
2
1
0
0
2
1
2
2
4
4
2
2
1
3
0
0
4
4
1
3
2
0
1
8
3
3
3
1
3
4
5
1
1
4
2
3
6
2
1
4
4
2
2
0
2
4
0
2
3
1
3
3
3
0
5
3
0
2
5
4
3
5
5
4
1
5
4
0
3
3
2
6
1
3
2
1
2
1
1
1
1
3
5
1
3
2
1
2
0
2
2
4
3
0
2
1
2
2
4
1
1
1
4
2
2
2
1
1
1
2
1
2
1
1
2
4
3
2
1
2
2
3
1
0
3
3
2
2
1
0
0
0
2
1
2
3
2
0
3
4
3
0
0
1
0
1
3
3
2
4
1
3
1
0
1
5
3
2
1
4
1
2
4
2
3
2
4
3
1
3
3
4
2
0
3
2
4
1
1
4
1
3
2
0
2
0
3
1
1
1
3
1
5
0
4
0
2
2
3
2
1
0
0
1
0
0
2
0
1
1
3
2
2
1
1
1
2
3
1
0
1
1
2
4
3
0
1
3
3
4
1
1
0
2
1
1
2
2
3
0
3
2
3
1
2
1
0
2
1
3
1
2
0
1
0
1
2
4
2
2
0
2
3
1
3
0
2
0
1
1
2
1
0
1
1
2
2
2
1
1
5
2
0
1
2
2
2
1
1
3
1
2
0
4
1
1
5
1
3
4
2
0
1
0
1
1
3
2
5
0
0
5
2
1
0
2
2
2
4
4
1
1
0
1
3
1
0
3
1
1
3
2
1
0
2
0
2
2
2
1
0
2
1
0
1
1
0
1
1
0
1
4
0
1
0
2
3
2
1
3
0
1
1
0
2
1
2
5
1
2
1
0
3
4
4
0
2
1
0
0
0
2
0
2
1
0
2
0
1
1
0
1
0
1
0
1
0
1
2
2
0
3
5
4
0
3
7
1
2
2
2
1
1
2
0
2
2
0
2
1
2
0
2
1
2
1
3
1
2
1
1
2
1
0
0
1
2
2
0
1
2
2
0
3
3
0
1
1
2
2
1
3
1
1
5
1
1
0
0
3
0
1
1
3
0
2
4
1
2
2
1
3
2
2
1
0
0
0
3
0
0
2
1
1
2
0
0
1
0
2
3
3
1
1
2
2
0
2
1
1
3
1
2
0
0
0
1
1
0
2
2
3
3
3
0
3
1
0
1
2
0
1
3
3
1
0
3
1
2
2
2
1
1
1
2
0
1
2
1
5
1
1
1
2
3
0
2
0
0
1
0
2
1
0
1
1
2
2
1
2
1
2
0
0
2
1
5
2
0
1
0
5
1
4
4
1
3
0
1
4
1
2
0
1
1
1
2
1
1
2
1
1
0
1
2
2
0
2
0
1
2
1
2
1
4
0
0
1
0
2
2
0
1
1
0
1
1
3
2
1
2
2
3
1
0
0
0
1
3
1
2
2
1
0
5
0
2
0
0
1
2
5
0
1
2
1
1
1
0
2
0
3
2
2
1
2
1
0
0
0
1
1
1
2
2
1
1
1
2
2
3
0
2
2
3
1
2
2
1
2
1
0
2
1
4
2
1
0
2
4
0
1
3
2
0
1
1
2
0
1
0
0
2
1
2
0
5
2
0
1
2
3
0
1
2
1
1
0
1
0
1
1
0
3
1
0
1
2
2
2
3
2
1
0
1
0
4
1
3
0
1
1
2
1
3
0
0
0
2
1
0
3
2
1
0
1
1
3
2
2
1
1
1
1
4
0
1
2
2
0
0
0
1
0
0
1
1
0
4
0
2
0
0
1
2
1
0
1
0
3
3
3
2
1
2
1
3
0
1
1
0
0
2
0
1
0
3
2
3
1
1
0
2
0
2
2
1
1
2
0
1
0
3
0
0
1
1
0
2
0
4
0
0
2
0
1
1
1
4
1
0
0
2
1
3
1
1
1
0
2
1
5
0
2
1
2
1
2
1
2
1
0
1
0
3
0
0
0
0
1
1
0
1
3
1
0
0
1
0
2
1
2
2
0
0
1
3
1
3
0
1
3
1
1
3
1
0
5
0
1
1
0
0
0
2
2
0
2
0
2
2
1
1
0
0
3
0
2
0
1
1
1
1
0
1
1
0
0
1
0
1
0
1
1
0
0
1
2
3
1
0
0
1
3
1
2
0
0
1
1
0
1
1
0
1
0
2
0
1
2
0
0
0
0
1
0
1
1
1
1
0
0
0
2
3
1
0
0
1
2
2
2
0
0
1
1
0
0
2
2
1
0
2
1
2
1
3
0
3
0
1
1
0
1
1
0
1
1
0
2
1
2
0
1
3
1
0
2
1
2
0
2
2
2
1
0
0
2
2
0
0
1
0
2
3
0
0
4
3
0
0
0
1
0
1
1
2
0
1
1
1
1
1
0
0
0
0
0
0
0
1
1
1
1
0
0
2
1
5
3
0
2
0
2
0
2
0
1
0
0
1
2
1
0
0
2
2
0
1
3
4
1
2
1
1
1
1
1
1
0
1
3
1
2
0
2
2
1
2
2
0
1
2
1
0
1
2
0
1
1
0
2
1
1
1
0
0
3
1
2
1
0
0
3
1
1
2
1
1
2
0
2
1
0
0
1
0
1
0
0
0
1
2
3
0
1
1
1
2
2
0
0
0
0
1
1
4
1
2
0
1
3
2
0
2
1
0
2
0
2
0
3
1
1
0
1
1
1
1
0
2
1
1
2
0
1
0
2
0
0
0
2
3
1
0
3
2
0
4
2
0
0
2
0
1
0
1
1
1
0
2
0
0
1
0
0
0
1
0
1
1
3
1
2
2
1
0
2
1
1
1
0
0
0
1
0
2
1
1
0
0
0
3
3
2
0
1
1
3
1
1
0
0
2
4
0
0
1
1
0
1
0
1
1
1
0
0
1
3
2
2
1
1
1
0
2
2
0
1
1
0
1
0
3
1
1
2
0
0
2
1
1
2
1
0
0
2
0
0
0
3
0
1
1
1
0
0
1
2
0
1
0
1
0
0
1
1
2
0
0
0
1
1
2
2
0
1
2
2
0
2
4
1
0
4
2
1
3
0
2
2
1
0
2
0
0
1
1
0
1
0
1
1
3
3
1
1
1
1
3
1
0
0
1
0
0
0
2
1
0
1
1
2
1
1
1
0
0
1
0
1
1
2
1
1
0
1
0
1
0
1
4
0
0
2
1
1
0
1
1
2
0
1
1
0
0
3
1
0
0
2
3
1
0
0
2
0
1
0
0
2
0
0
1
1
2
0
1
0
2
0
0
2
2
0
1
0
1
2
0
1
1
0
0
0
0
0
1
0
1
2
0
1
0
1
4
0
1
0
1
1
0
4
1
2
2
1
3
1
1
2
1
1
2
0
4
0
1
0
1
0
2
2
1
3
1
1
1
1
0
0
2
0
2
1
2
0
1
1
1
0
0
1
3
2
0
1
3
1
1
1
2
0
1
0
4
0
1
1
1
2
2
0
0
3
3
1
1
2
1
0
1
0
1
2
1
2
2
0
0
0
0
1
1
1
0
0
0
1
0
0
2
0
3
1
1
0
1
1
0
0
1
2
0
2
0
0
0
1
1
1
1
1
0
2
0
1
1
0
0
1
0
0
3
0
1
3
1
1
1
1
0
0
2
1
0
1
2
0
0
0
1
1
2
0
1
0
0
0
2
1
1
0
1
2
1
0
0
0
0
1
1
2
0
3
1
0
1
2
1
1
0
1
0
1
0
0
1
1
0
0
1
0
1
1
1
1
0
0
0
0
2
1
0
2
1
2
2
1
0
2
2
1
0
1
1
0
1
1
2
0
0
0
0
3
2
1
0
0
0
0
0
0
0
1
1
0
1
0
0
0
1
0
1
1
0
1
2
0
0
1
1
3
0
0
0
0
1
1
0
1
1
1
2
0
2
1
1
2
1
2
0
1
1
0
1
1
0
0
2
1
1
0
1
1
2
0
0
0
0
1
2
0
1
0
0
0
2
1
0
0
2
1
1
2
0
0
1
0
0
0
1
1
0
0
0
0
2
1
1
2
1
0
2
0
1
3
0
2
1
0
1
0
0
0
0
1
0
0
3
0
0
0
0
1
1
1
2
0
2
0
2
1
1
0
0
1
1
1
0
0
0
1
0
1
1
1
1
1
1
0
0
1
0
1
2
2
0
1
0
1
0
2
0
2
1
0
0
0
0
0
0
0
0
1
0
1
0
0
1
0
0
0
0
0
2
0
1
1
1
1
1
0
0
0
1
1
0
1
3
0
2
2
1
0
1
0
1
0
1
2
2
1
3
0
0
0
2
2
0
0
1
1
0
2
0
0
1
0
0
0
2
1
0
1
1
1
2
2
1
1
2
0
2
0
0
0
0
0
0
4
1
0
1
0
0
0
1
1
2
0
2
0
4
0
0
1
1
0
1
0
1
0
1
1
1
0
2
1
1
2
0
1
1
0
0
2
0
1
1
1
0
0
1
1
0
1
1
0
1
1
0
2
0
0
0
1
0
0
0
3
0
3
3
0
1
1
1
2
1
0
0
1
0
1
3
0
0
0
0
2
1
0
1
0
2
1
0
2
2
0
0
1
1
0
0
1
0
0
0
2
1
0
1
0
0
1
0
0
2
4
0
0
1
0
1
0
2
0
0
0
1
0
1
0
1
2
1
2
0
0
1
0
0
1
2
0
1
1
0
2
2
0
0
1
0
0
0
1
0
1
1
1
0
1
1
0
1
1
0
0
1
2
0
0
0
0
2
0
1
0
1
0
0
0
0
0
0
0
1
1
2
1
0
0
1
2
0
0
0
0
0
0
0
0
0
0
0
0
0
2
0
0
1
0
1
0
1
1
3
1
1
2
0
0
1
2
1
0
2
1
2
0
0
1
0
1
1
0
1
0
0
0
0
2
2
1
1
0
0
1
2
1
0
0
0
0
0
1
1
0
0
0
1
0
1
1
1
0
0
4
4
2
1
0
1
0
0
0
1
2
1
1
0
2
0
0
0
0
0
0
1
0
0
1
2
0
1
0
0
3
0
0
0
1
4
2
1
1
1
1
1
0
1
2
2
1
1
1
1
0
1
1
0
2
0
0
1
0
3
2
1
0
0
1
0
0
1
1
1
2
0
2
1
2
0
1
0
1
1
0
1
0
1
0
2
2
2
2
1
1
4
1
2
0
2
1
4
2
4
4
1
1
1
1
0
1
3
4
4
1
3
0
1
5
4
2
3
1
4
1
8
1
2
3
4
2
6
2
4
9
10
8
11
6
6
2
8
6
7
8
6
5
6
4
4
4
12
7
11
12
6
10
10
16
4
11
13
11
14
11
6
11
14
8
6
9
9
12
8
13
6
9
8
14
2
8
9
8
15
8
8
11
9
11
5
8
9
9
8
8
7
9
8
6
6
9
2
6
3
9
7
10
6
2
9
10
5
10
4
3
7
5
10
3
3
2
5
2
6
4
8
3
1
3
1
3
1
2
3
4
4
1
5
1
2
4
1
1
4
1
4
3
0
2
1
2
2
2
3
2
1
0
1
3
2
1
1
0
4
0
4
2
2
1
1
3
2
1
0
2
1
1
1
1
0
1
1
0
0
1
4
0
0
1
0
0
0
0
1
0
1
1
0
1
0
0
1
0
0
1
1
0
1
0
1
4
2
2
0
2
0
1
0
0
1
0
0
0
0
0
0
1
0
1
1
1
0
0
1
1
0
1
1
0
0
0
1
1
1
0
0
2
0
0
1
0
0
0
0
0
0
0
1
0
0
0
0
0
0
1
1
1
0
1
0
1
0
0
0
1
0
1
2
1
1
1
0
0
1
4
0
1
2
1
0
0
1
1
0
0
1
0
0
0
0
0
1
1
2
0
1
0
2
1
0
0
0
0
0
0
0
0
1
0
0
0
0
0
3
0
1
0
3
0
0
0
0
0
2
0
0
1
0
1
1
1
2
0
0
0
1
0
0
0
1
1
0
0
0
1
2
0
1
0
1
1
0
1
0
0
2
1
0
1
2
0
0
3
1
0
0
0
0
0
0
1
0
0
0
0
0
0
0
0
1
1
0
0
0
1
2
0
2
1
2
0
0
0
0
0
0
1
1
0
0
1
1
0
1
0
2
1
0
0
0
0
2
1
0
2
2
0
2
0
0
1
0
1
0
1
0
0
1
1
0
1
0
1
0
2
1
0
0
1
1
1
1
1
0
1
0
0
0
1
1
0
2
1
0
0
1
0
0
0
0
0
1
0
1
1
0
0
3
1
1
1
0
0
0
1
0
0
0
0
1
0
1
0
0
0
0
0
1
1
0
2
0
1
1
0
0
0
0
2
0
3
0
0
2
1
1
0
0
0
0
1
0
1
0
1
0
0
0
0
0
0
0
0
0
1
1
0
0
0
0
0
1
0
0
3
0
0
2
1
2
1
1
3
0
0
1
0
2
1
0
2
0
1
1
0
0
1
0
3
0
0
0
3
2
0
0
2
0
0
0
1
1
1
0
1
1
2
0
0
0
0
0
2
0
0
0
0
1
0
1
0
1
0
0
0
0
0
1
1
3
0
0
1
0
0
0
1
0
0
0
1
1
1
0
0
0
0
0
0
1
0
1
1
0
0
1
0
0
0
2
0
0
0
0
0
0
0
2
0
0
0
0
0
0
1
1
2
0
2
0
0
2
0
1
0
0
0
1
1
1
0
2
0
0
0
1
0
1
1
1
0
0
0
1
0
2
0
0
0
0
0
1
0
0
1
0
1
0
1
1
0
0
0
0
0
0
0
0
0
0
0
1
0
1
0
0
0
0
0
0
0
0
0
0
1
1
1
0
1
0
1
1
0
0
0
0
1
1
0
1
0
1
0
0
1
0
0
0
1
0
1
2
0
0
0
1
0
1
1
1
1
1
0
0
1
0
0
0
1
2
0
0
0
0
1
1
0
0
0
0
1
0
0
0
1
1
2
0
0
0
0
0
1
0
0
1
0
0
0
0
3
0
0
0
0
0
0
1
0
0
1
0
1
0
0
0
0
0
0
0
0
0
0
0
0
0
0
1
0
0
0
1
0
1
0
1
0
0
0
1
0
1
2
2
0
0
1
0
0
0
0
0
2
0
1
0
0
0
0
0
0
1
0
0
1
0
0
0
2
0
0
0
1
0
1
0
1
1
0
1
0
0
0
0
1
1
0
0
0
0
0
0
1
0
0
0
0
0
0
0
2
0
0
0
1
0
0
1
0
0
0
0
0
1
0
0
0
0
0
1
0
0
2
0
1
1
0
0
0
0
1
0
0
1
0
1
1
0
0
0
0
0
1
0
0
0
1
0
1
0
0
0
1
0
0
0
0
0
0
1
0
0
0
0
0
1
0
0
0
0
0
2
1
0
2
0
1
0
1
0
0
0
0
0
0
2
0
1
0
1
0
0
0
0
0
0
0
1
0
0
0
0
0
0
0
0
0
1
0
0
0
1
1
0
0
1
0
1
0
0
0
1
1
1
0
1
0
0
0
0
0
0
0
0
0
0
0
0
0
0
0
0
0
0
0
0
0
0
0
0
0
0
0
0
0
0
0
0
0
0
0
0
0
0
0
0
0
0
0
0
0
0
0
0
0
0
0
0
0
0
0
0
0
0
0
0
0
0
0
0
0
0
0
0
0
0
0
0
0
0
0
0
0
0
0
0
0
0
0
0
0
0
0
0
0
0
0
0
0
0
0
0
0
0
0
0
0
0
0
0
0
0
0
0
0
0
0
0
0
0
0
0
0
0
0
0
0
0
0
0
0
0
0
0
0
0
0
0
0
0
0
0
0
0
0
0
0
0
0
0
0
0
0
0
0
0
0
0
0
0
0
0
0
0
0
0
0
0
0
0
0
0
0
0
0
0
0
0
0
0
0
0
0
0
0
0
0
0
0
0
0
0
0
0
0
0
0
0
0
0
0
0
0
0
0
0
0
0
0
0
0
0
0
0
0
0
0
0
0
0
0
0
0
0
0
0
0
0
0
0
0
0
0
0
0
0
0
0
0
0
0
0
0
0
0
0
0
0
0
0
0
0
0
0
0
0
0
0
0
0
0
