0
0
0
0
0
0
0
0
0
0
0
0
0
0
0
0
0
0
0
0
0
0
0
0
0
0
0
0
0
0
0
0
0
0
0
0
0
0
0
0
0
0
0
0
0
0
0
0
0
0
0
0
0
0
0
0
0
0
0
0
0
0
0
0
0
0
0
0
0
0
0
0
0
0
0
0
0
0
0
0
0
0
0
0
0
0
0
0
0
0
0
0
0
0
0
0
0
0
0
0
0
0
0
0
0
0
0
0
0
0
3
13
55
1726
10811
19225
18880
17284
16641
16257
16327
16234
16208
16414
16794
16785
16860
17236
17591
17846
17845
17904
18000
18092
18413
18195
18265
18169
18367
18277
18188
17932
18040
17913
18183
17857
17841
17733
17520
17488
17444
17524
17350
17299
17577
17482
17352
17273
17119
17119
16970
16950
17134
17005
16947
16892
16721
16749
16664
16623
16856
16675
16512
16641
16660
16354
16750
16493
16451
16502
16061
16252
16303
16345
16270
16330
16104
16141
15930
16199
16152
16023
15960
15953
15966
15946
15802
15798
15733
15783
15890
15845
15727
15570
15450
15505
15574
15490
15482
15758
15284
15571
15261
15297
15499
15333
15475
15442
15440
15342
15297
15198
15376
15362
14935
15088
14927
15157
15073
15125
14903
15009
15190
14840
14783
14853
14944
14900
14737
14734
14979
14763
14770
14690
14723
15098
14607
14752
14980
14563
14292
14585
14450
14615
14410
14436
14660
14373
14468
14427
14564
14400
14367
14193
14262
14629
14564
14333
13966
14356
14364
14145
14253
14199
14176
14077
13874
14273
14041
13963
14125
13940
13987
14193
14111
13996
14190
14032
13763
13919
13964
13972
14100
14053
13819
13888
13774
13827
13942
13846
13735
13928
13897
13836
13700
13761
13731
13675
13604
13784
13754
13791
13699
13434
13723
13736
13295
13505
13662
13555
13533
13606
13612
13427
13741
13495
13300
13480
13362
13323
13288
13451
13410
13518
13561
13506
13149
13314
13369
13299
13309
13293
13203
13261
13111
13157
13328
13101
13403
13126
13229
13162
13012
13139
13137
13105
13063
13026
13191
13022
12987
13153
12891
12903
13096
13157
13162
13020
13100
12970
12876
12840
12713
13038
12822
12805
13065
12811
12952
12902
12768
12677
12768
12797
13169
12809
12925
12735
12744
12980
12730
12779
12835
12495
12901
12752
12449
12699
12632
12493
12681
12916
12834
12499
12590
12614
12786
12638
12499
12505
12442
12577
12350
12669
12619
12566
12519
12380
12548
12503
12491
12572
12545
12365
12501
12365
12427
12467
12240
12360
12277
12396
12422
12239
12344
12305
12288
12503
12353
12270
12232
12414
12146
12176
12320
12171
12094
12456
12121
12168
12202
12294
12181
12321
12310
12280
12458
12231
12296
12158
12156
12056
12372
12197
12206
12051
12052
12151
12083
12162
12264
12033
12014
12013
12153
11991
12035
12126
11847
11887
12112
11770
11928
11882
11940
11958
11837
12046
11933
11860
11928
12208
11979
11725
11954
11933
11830
11802
11904
11664
11856
11823
11824
11958
11971
12109
11719
11782
11704
11929
11766
11867
11712
11645
11820
11663
11735
11839
11792
11978
11916
11641
11620
11786
11431
11695
11745
11610
11618
11574
11543
11713
11620
11754
11681
11570
11772
11751
11619
11532
11475
11710
11565
11775
11528
11711
11578
11716
11597
11548
11519
11432
11389
11794
11471
11712
11629
11408
11612
11502
11496
11623
11352
11549
11382
11357
11403
11380
11500
11263
11268
11316
11574
11404
11428
11369
11353
11408
11228
11313
11344
11424
11241
11342
11281
11385
11023
11294
11234
11180
11233
11260
11204
11018
11126
11115
11340
11390
11099
11163
11252
11160
11036
11164
11274
11194
11222
10980
11181
11215
11227
11060
10975
11093
11170
11079
11053
11088
11140
11034
11061
11200
11023
11089
11021
11252
10866
10982
10931
10982
11008
10910
10971
10919
11216
10929
10895
10874
10782
11090
10923
11050
10880
10853
10799
10934
10989
10935
10976
10593
10797
10918
10991
10809
10658
10810
10897
10723
10905
10901
10724
10847
10708
10866
10681
10610
10731
10824
10787
10894
10758
10922
10852
10893
10877
10753
10707
10759
10750
10709
10673
10652
10697
10663
10627
10606
10682
10776
10703
10498
10469
10726
10590
10594
10694
10748
10450
10523
10624
10509
10711
10615
10656
10602
10656
10665
10645
10768
10693
10543
10538
10650
10541
10627
10681
10656
10451
10618
10466
10777
10507
10704
10579
10358
10559
10499
10513
10703
10664
10604
10592
10656
10328
10506
10659
10460
10601
10366
10468
10538
10714
10523
10439
10702
10439
10559
10699
10591
10519
10700
10777
10502
10270
10500
10575
10556
10578
10770
10583
10598
10660
10642
10704
10658
10534
10742
10481
10490
10546
10523
10675
10511
10711
10694
10711
10652
10740
10667
10868
10686
10802
10809
10748
10841
10931
10988
10836
10827
11120
10889
11119
11290
11350
11376
11440
11504
11541
11535
11795
12007
11934
12070
12209
12263
12588
12630
12705
12820
12877
13318
13229
13387
13501
13646
13793
13706
14037
14053
14024
14157
14255
14499
14407
14576
14669
14915
14971
14863
15099
15233
15527
15661
15629
15429
15561
15529
15892
16210
16178
16444
16295
16428
16572
16571
16881
16800
17051
17126
17447
17552
17667
17930
18020
17833
17981
17879
17771
17763
17627
17435
17221
17049
16856
16662
16653
16482
16241
15957
15959
15823
15637
15165
15139
14853
14555
14392
14278
13939
13725
13536
13409
13015
12816
12675
12513
11995
12052
11902
11714
11504
11557
11222
11160
10998
10978
10850
10798
10674
10775
10384
10498
10358
10556
10319
10243
10346
10453
10282
10189
10061
10182
10305
10050
10219
10007
10168
10216
10000
10073
10170
10208
10148
10187
10342
10167
10112
10093
9741
10292
10117
10179
10255
10262
10087
9971
10385
10204
10183
10273
10359
10125
10234
10369
10161
10269
10322
10202
10207
10141
10446
10178
10244
10379
10103
10304
10269
10521
10233
10327
10398
10305
10316
10478
10135
10335
10335
10266
10374
10299
10444
10470
10549
10382
10385
10592
10266
10342
10536
10393
10455
10432
10505
10488
10490
10345
10619
10497
10610
10492
10556
10634
10442
10645
10693
10408
10552
10606
10534
10621
10840
10749
10619
10693
10615
10679
10654
10737
10589
10799
10657
10706
10879
10740
10740
10743
10819
10843
10687
10894
10885
10869
10864
10903
10881
10663
11125
10846
10902
10791
10909
11010
11002
10890
10950
10965
10971
11079
11136
10862
11124
11021
11119
11028
11127
11148
11128
11337
11086
11008
11254
10892
11187
11327
11048
11379
11170
11307
11452
11459
11157
11259
11294
11170
11389
11406
11622
11364
11390
11590
11344
11449
11279
11357
11430
11422
11274
11394
11301
11296
11431
11516
11755
11320
11632
11739
11595
11343
11644
11548
11598
11549
11620
11694
11579
11828
11796
11678
11615
11641
11462
11849
11640
11573
11676
11717
11727
11762
11794
11667
11792
11686
11714
11853
11816
11982
11841
11833
11715
11832
12051
12057
11896
11779
11924
11788
11966
11910
11955
11784
12152
12011
11810
11805
11965
12071
11836
11890
12205
12126
12205
12009
12059
12023
12251
11883
12057
12032
12107
11926
12231
12073
12227
12162
11972
12128
12266
12035
12296
12200
12232
12259
12218
12275
12385
12039
12311
12353
12329
12170
12442
12285
12343
12536
12337
12471
12388
12353
12283
12379
12428
12221
12300
12542
12368
12695
12326
12383
12270
12464
12628
12432
12558
12527
12319
12659
12363
12438
12471
12671
12586
12649
12717
12531
12497
12342
12801
12762
12524
12549
12496
12752
12725
12663
12679
12805
12932
12798
12660
12870
12588
12900
12578
12640
12922
12861
12746
12627
12820
12750
12824
12618
12818
12769
12813
12849
12862
12919
13003
12897
12913
12934
13117
12939
12937
12892
13019
13012
12803
12840
13018
13032
13122
13135
12971
13116
13008
12826
13229
13099
12867
12902
13121
12988
13053
13086
13107
13152
13176
13153
13052
13206
13119
13087
12997
13199
13366
13200
13153
13221
13114
13422
13339
13111
13416
13495
13291
13354
13565
13322
13566
13350
13512
13514
13502
13343
13424
13341
13363
13294
13470
13632
13454
13453
13402
13437
13494
13443
13578
13462
13446
13670
13412
13583
13488
13575
13543
13558
13556
13653
13475
13596
13620
13864
13697
13613
13749
13868
13829
13846
13967
13958
13600
13587
13854
13719
13594
13842
13868
13947
13896
13923
13838
13895
13857
13659
14252
14090
13872
13965
13956
13879
13970
13985
13885
14018
14092
13968
13859
14140
14157
14054
13847
14280
14030
14123
14118
14267
14066
14170
14370
14154
14162
14149
14348
14479
14256
14310
14188
14224
14615
14327
14470
14482
14365
14348
14449
14516
14545
14573
14493
14367
14598
14320
14575
14438
14471
14687
14633
14509
14706
14800
14681
14743
14798
14686
14778
14447
14902
14696
14713
14914
14939
15104
14753
14779
14776
14863
15006
15041
15181
15151
15075
15097
14978
15005
15078
14963
15107
15054
15057
15022
14900
15127
15148
15168
15343
15256
15321
15541
15159
15103
15304
15063
15308
15432
15226
15408
15494
15486
15544
15460
15611
15509
15412
15637
15451
15609
15539
15624
15468
15543
15596
15562
15653
15830
15607
15561
15765
15753
15897
15793
15714
15971
15796
15849
16011
15716
15833
15942
15922
15607
15926
15869
16121
16011
15944
15989
16047
16276
16122
15978
15783
15998
16014
16111
15983
15983
15912
15916
16299
16125
16194
15959
16120
16190
16349
16108
16249
16154
16502
16255
16181
16070
16309
16245
16524
16483
16042
16278
16408
16391
16152
16449
16423
16762
16158
16592
16540
16315
16462
16597
16767
16476
16620
16616
16931
16701
16642
16722
16795
16893
16941
16776
16855
16792
17023
16781
16889
16877
17197
17060
17370
17304
17148
17047
17074
17270
16871
17220
17219
17560
17142
17414
17435
17423
17349
17487
17526
17378
17576
17410
17750
17688
17531
17863
17694
17636
17649
17791
17725
17757
17876
17819
17971
17951
18068
17820
17775
17606
18000
17830
17686
17561
17974
17922
17833
18035
18214
17838
17864
18090
17856
17916
18033
17842
18142
18221
18164
18048
17859
18013
17831
18082
18172
17997
18016
17970
17878
17736
18094
17611
17986
18123
18263
18014
18250
18291
18464
18196
18223
18324
18273
18521
18219
18278
18542
18552
18360
18415
18414
18410
18534
18531
18453
18499
18749
18501
18396
18531
18624
18637
18591
18476
18852
18590
18517
18474
19046
18761
18526
18984
18677
18780
18751
18660
18833
18949
18830
18571
18746
18930
18769
19216
19018
18875
18980
19052
18897
18792
19167
19295
19005
19016
18795
19013
18923
19203
19062
18723
18747
18675
18648
18820
18593
18423
18306
18530
18291
18313
18310
18282
18128
18252
18071
17847
17962
17662
17715
17760
17555
17456
17576
17310
17414
17249
17222
17300
17204
17086
17009
16913
17178
16989
16726
16854
16911
16635
16928
16915
16920
16799
16645
16733
16426
16743
16566
16693
16573
16584
16475
16427
16508
16422
16484
16231
16349
16285
16261
16475
16046
16382
16337
16245
16262
16443
16129
16659
16134
16182
16277
16367
16130
16260
16273
16186
16211
16161
16017
16268
15892
16237
15959
16021
15979
15900
16174
15982
15986
15991
15895
15852
15928
16137
16014
15816
15811
15884
15707
16089
15703
16037
15987
15565
16177
15746
15684
15925
16045
15969
15969
15663
15665
15722
15771
15897
15754
15481
15740
15874
15825
15531
15613
15713
15511
15492
15659
15544
15624
15770
15476
15554
15642
15891
15584
15605
15627
15678
15595
15633
15557
15584
15683
15613
15563
15405
15702
15538
15341
15765
15344
15492
15553
15502
15714
15550
15436
15371
15661
15519
15598
15677
15419
15568
15540
15266
15591
15668
15368
15678
15419
15575
15474
15241
15446
15383
15412
15626
15463
15410
15427
15518
15260
15509
15411
15321
15463
15509
15399
15274
15123
15306
15401
15394
15405
15375
15102
14965
15410
15059
15317
15253
15572
15373
15340
15414
15243
15464
15170
15098
15181
15268
15341
15203
15172
15266
14978
15034
15174
15202
15389
15302
15158
15222
15221
15331
15062
15169
15164
15208
15322
15165
15122
15322
15287
15183
15209
15196
15116
14876
15419
15043
14973
15320
15075
15194
14998
15032
15187
15151
15065
15243
15030
15182
15044
15104
14972
15149
15212
15174
15243
15173
14970
14957
14818
14982
14961
14910
15019
15157
15081
15217
15138
15119
14896
15154
15022
15177
14816
14890
15002
14902
14693
15062
15120
15082
14967
15094
14797
15251
15117
14852
15225
15053
14932
14977
15011
14942
15064
14698
14938
14739
15032
15097
14875
14973
14939
14968
14952
15034
14913
15071
15125
14993
14773
15048
14861
14992
15067
14916
14803
14992
14934
15034
14828
14985
15072
15036
14747
14624
14818
15098
15193
14838
15011
14921
15125
14895
14924
14924
14974
14865
14905
14857
14834
14942
14851
14899
14832
14741
14822
14999
14901
15009
14922
14949
14907
14894
15128
14978
14819
14942
14840
14746
14925
14971
14920
14914
14789
14944
14936
14927
14781
14650
14884
15077
14847
14847
14809
14787
14890
14734
14657
14847
14811
14795
14867
14842
14737
14866
14717
14531
14608
14903
14536
14751
14654
14642
14612
14768
14500
14720
14768
14777
14528
14572
14662
14763
14632
14650
14579
14443
14560
14795
14556
14775
14651
14483
14551
14638
14355
14453
14569
14416
14533
14630
14545
14600
14316
14707
14417
14374
14358
14392
14084
14068
14188
14151
14294
14231
14096
14077
14104
13935
13941
14089
13853
14064
13938
14073
13715
13829
13754
13726
13972
13782
13908
13688
13694
13832
13615
13627
13544
13655
13352
13569
13513
13548
13395
13367
13453
13471
13309
13146
13130
13379
13270
13007
13202
12893
13033
12927
12885
12788
12897
12963
12690
12919
12785
12585
12664
12597
12618
12637
12515
12478
12457
12305
12431
12259
12333
12541
12359
12568
12206
12210
12255
11983
12175
12168
11923
12044
11932
11897
11835
11991
11929
11997
11923
11760
11871
11724
11616
11882
11825
11752
11596
11738
11671
11532
11494
11549
11744
11642
11686
11375
11476
11449
11335
11426
11241
11402
11241
11488
11170
11188
11298
11254
11233
11357
11204
11268
11104
11177
11270
11332
11248
11188
11179
11183
11119
11173
11086
11102
11165
11105
11210
10809
10866
11101
11004
10968
11157
10923
11070
10957
10993
10956
10959
11071
11139
11014
10887
10961
11158
10880
10929
10925
11029
10959
11015
11112
10796
11120
11079
11180
10914
10890
10890
11073
11225
11087
11084
11180
11005
11119
11153
11099
11223
11305
11260
11289
11287
11341
11314
11064
11279
11202
11226
11240
11226
11517
11306
11397
11279
11222
11442
11423
11285
11319
11456
11640
11460
11337
11490
11553
11369
11327
11524
11691
11620
11737
11610
11568
11629
11384
11635
11459
11695
11400
11464
11397
11347
11288
11237
11235
11207
10931
10956
10875
11147
10942
10871
10777
10744
10755
10732
10797
10599
10571
10542
10230
10557
10377
10199
10363
10361
10297
10278
10202
10211
10068
10114
10252
10113
10150
9849
10068
9913
9865
9772
9776
9885
9724
9717
9870
9747
9867
9698
9705
9821
9788
9550
9552
9565
9726
9529
9689
9754
9633
9603
9514
9459
9763
9634
9515
9446
9590
9499
9529
9431
9472
9373
9696
9545
9395
9410
9381
9425
9436
9488
9211
9389
9410
9519
9124
9356
9448
9396
9333
9189
9192
9173
9153
9299
9275
9304
9192
9193
8952
9094
8920
9132
9139
9114
9076
9086
8959
9029
9155
9155
8984
9064
8907
8986
9014
9134
9043
8972
8783
9072
8895
9003
8979
8897
8851
9074
9086
9007
8875
8900
8913
8837
8869
8732
8849
8876
8911
8891
8868
8823
8737
8733
8939
8803
8673
8578
8784
8573
8645
8602
8688
8598
8726
8732
8687
8618
8699
8723
8671
8568
8616
8718
8561
8674
8645
8556
8578
8514
8608
8743
8605
8388
8530
8556
8532
8488
8529
8399
8486
8593
8513
8460
8423
8530
8483
8573
8473
8469
8571
8433
8481
8329
8488
8539
8481
8277
8416
8463
8297
8376
8373
8324
8379
8387
8086
8377
8217
8265
8461
8364
8357
8324
8319
8249
8187
8174
8254
8284
8171
8333
8251
8410
8386
8272
8152
8071
8133
8160
8299
8250
8258
8369
8129
8162
8054
8108
8117
8234
8303
8313
8251
7979
8073
8342
8144
8048
8124
8172
8089
8057
7977
8050
8054
8224
8084
7934
7909
8058
8083
8022
8050
8087
8092
8148
8040
7974
7837
7897
7996
8022
7947
7919
8120
7991
7919
7949
7980
7920
8021
8081
8021
8021
7880
7831
7826
7884
7787
7944
7888
7971
7904
7841
7782
7835
7750
7830
7836
7838
7828
7930
7952
7779
7858
7922
7716
7869
7780
7846
7750
7880
7876
7756
7755
7735
7647
7728
7884
7709
7638
7689
7687
7621
7664
7755
7449
7736
7752
7716
7677
7927
7634
7675
7680
7765
7735
7733
7534
7697
7661
7623
7745
7661
7635
7562
7628
7690
7631
7544
7574
7628
7718
7637
7534
7738
7543
7643
7605
7588
7690
7605
7522
7712
7562
7545
7719
7600
7436
7512
7567
7425
7526
7647
7397
7521
7549
7455
7521
7425
7326
7451
7406
7472
7509
7279
7592
7488
7624
7472
7433
7529
7301
7483
7450
7486
7423
7311
7437
7305
7385
7349
7369
7522
7363
7305
7366
7364
7471
7572
7377
7252
7373
7322
7335
7345
7396
7263
7300
7329
7329
7282
7419
7177
7432
7301
7236
7353
7382
7223
7374
7278
7302
7249
7095
7206
7225
7325
7343
7268
7195
7157
7271
7194
7446
7277
7391
7345
7256
7265
7175
7383
7103
7166
7116
7139
7132
7292
7139
7290
7218
7364
7189
7216
7176
7259
7160
7104
7427
7336
7332
7510
7281
7318
7448
7336
7419
7460
7533
7546
7523
7715
7773
8051
8173
8154
8248
8616
8671
8881
9024
9113
9212
9458
9668
10200
10233
10400
10727
10785
11367
11553
11896
11993
12463
12680
12987
13456
13375
14032
13968
14507
14869
15022
15190
15537
15554
16076
16725
16470
17042
17359
17692
17482
18070
18076
18851
18972
19024
19244
19884
20289
20434
20738
20847
21018
21249
21572
22272
22328
22760
23077
23198
23418
23934
24108
24131
24139
23959
23985
24068
23973
23366
23218
22783
22706
22128
21558
21353
20941
20446
19795
19031
18715
18220
17466
16940
16313
16106
15232
14948
14197
13720
13175
12562
12234
11819
11294
11038
10469
10127
9937
9424
9229
8964
8755
8499
8163
8123
7891
7560
7578
7399
7363
7081
7191
6994
6993
6786
6748
6773
6709
6630
6649
6465
6529
6620
6485
6633
6538
6424
6343
6461
6484
6531
6418
6381
6378
6357
6424
6279
6289
6356
6270
6373
6261
6299
6371
6302
6259
6356
6265
6273
6253
6258
6413
6219
6214
6328
6380
6336
6313
6308
6223
6271
6171
6362
6240
6333
6323
6221
6143
6225
6252
6345
6401
6339
6199
6332
6137
6290
6266
6193
6178
6154
6048
6097
6177
6305
6384
6093
6166
6288
6201
6223
6162
6267
6331
6230
6103
6179
6290
6237
6141
6122
6070
6228
6143
6237
6151
6210
6152
6124
6090
6106
6370
6040
6171
6190
6297
6250
6160
6168
6155
6262
6127
6246
6141
6194
6257
6301
6211
6232
6138
6128
6106
6321
6278
6240
6195
6150
6343
6197
6156
6055
6166
6238
6113
6254
6274
6075
6070
6146
6357
6193
6236
6276
6280
6241
6253
6318
6390
6366
6360
6353
6365
6483
6543
6890
6750
6864
6954
7121
7277
7418
7562
7820
8118
8539
8728
8756
9293
9383
9800
10249
10625
11092
11666
11990
12403
12975
13662
14343
14949
15335
16142
16959
17328
18021
18657
19716
19877
20846
21745
22430
22855
23835
24448
25183
25879
26526
27082
28037
28277
29455
29825
30434
30964
31822
32333
33123
33895
34751
35004
36037
36691
37035
37643
38104
39157
40327
40517
41580
42663
42829
43767
44355
45018
45277
45926
46489
46396
46549
46101
45875
45689
45236
45039
44045
43750
42867
42126
40542
39738
38637
37944
36138
34804
33219
31890
30867
29460
28215
26765
25306
24220
22853
21831
20721
19387
18605
17187
16273
15318
14258
13663
13019
12249
11515
10784
10384
9789
9135
8850
8565
8127
7640
7434
7129
6819
6558
6612
6349
6239
6055
5920
5812
5701
5508
5508
5401
5477
5363
5323
5181
5315
5023
5134
5067
5031
5073
4924
5068
5085
4987
4905
4903
4883
4840
4833
4986
4887
4937
4921
4843
4850
4828
4927
4936
4904
4770
4711
4900
4803
4647
4737
4858
4692
4762
4697
4752
4717
4741
4817
4759
4806
4733
4697
4648
4684
4648
4643
4777
4646
4627
4663
4657
4722
4578
4714
4633
4657
4630
4766
4642
4594
4724
4758
4677
4727
4704
4621
4764
4606
4583
4665
4503
4735
4535
4558
4580
4645
4647
4589
4618
4584
4668
4589
4582
4635
4601
4667
4576
4498
4770
4577
4559
4596
4625
4663
4482
4596
4578
4537
4516
4486
4491
4462
4620
4533
4517
4596
4573
4591
4549
4548
4649
4511
4469
4497
4515
4445
4511
4667
4443
4475
4423
4376
4661
4525
4498
4448
4585
4385
4603
4475
4457
4455
4405
4463
4384
4480
4354
4484
4466
4493
4544
4374
4517
4432
4401
4385
4405
4486
4459
4460
4492
4476
4402
4382
4571
4524
4454
4430
4397
4428
4436
4545
4400
4486
4533
4390
4429
4531
4347
4397
4417
4312
4218
4439
4264
4388
4369
4345
4421
4475
4375
4439
4373
4467
4230
4352
4341
4425
4457
4548
4438
4436
4321
4308
4371
4444
4309
4322
4436
4281
4411
4335
4412
4307
4421
4325
4319
4332
4279
4240
4362
4349
4260
4286
4336
4285
4398
4400
4376
4431
4353
4353
4409
4414
4366
4331
4256
4308
4307
4389
4318
4276
4203
4342
4204
4359
4231
4163
4236
4276
4227
4316
4294
4147
4187
4292
4246
4275
4229
4374
4298
4414
4124
4298
4319
4320
4336
4313
4172
4315
4317
4217
4326
4212
4168
4350
4150
4268
4273
4376
4255
4217
4156
4204
4208
4166
4272
4152
4273
4184
4074
4334
4289
4270
4345
4202
4247
4189
4322
4195
4217
4279
4243
4311
4203
4068
4205
4211
4254
4119
4148
4276
4220
4223
4222
4180
4208
4150
4135
4282
4200
4252
4120
4254
4245
4208
4153
4350
4307
4206
4294
4291
4232
4256
4094
4268
4271
4210
4328
4287
4139
4278
4140
4181
4239
4248
4267
4331
4342
4227
4322
4314
4182
4372
4153
4244
4264
4256
4255
4304
4243
4172
4236
4287
4237
4378
4278
4375
4231
4286
4348
4289
4427
4316
4300
4245
4250
4300
4326
4295
4365
4287
4408
4284
4255
4229
4341
4371
4335
4214
4434
4421
4467
4308
4310
4484
4403
4452
4487
4325
4382
4380
4472
4506
4422
4568
4579
4523
4540
4554
4598
4661
4694
4781
4930
4787
5060
5034
5236
5171
5366
5694
5673
6014
6106
6419
6754
7009
7390
7916
8326
8730
9440
10106
10631
11384
12493
13204
14199
14975
16224
17569
19215
19905
21710
22966
24709
25920
27605
29643
30834
33384
35013
36302
38576
40660
42552
44516
46600
48743
51177
52966
55283
57546
59311
61330
63457
65444
67741
70009
71782
73576
75296
77342
79369
81692
83513
84997
86661
89006
91389
92740
95335
97329
99833
102186
103303
105539
108176
109896
111591
113510
115491
117052
118580
119169
119346
120588
120981
119905
120044
118641
116832
116197
114883
112253
110250
108185
104849
101855
98281
95644
91581
88220
84413
80283
77009
72475
68800
65601
61811
57848
54187
50812
47590
44571
41259
38246
35348
32887
29976
27951
25848
23312
21484
20024
18271
16825
15231
13839
12702
11627
10686
9783
9087
8399
7844
7189
6597
6124
5680
5429
5063
4764
4484
4348
4015
3878
3575
3413
3315
3218
3039
2928
2954
2779
2745
2801
2637
2518
2503
2412
2432
2386
2341
2309
2348
2175
2194
2180
2188
2171
2184
2097
2015
2243
2072
2010
1984
2012
1977
1948
2040
1936
2016
1991
1974
1951
1954
1916
2017
1861
1970
1954
1938
1835
1863
1886
1821
1822
1867
1860
1770
1828
1789
1904
1735
1849
1772
1779
1745
1816
1844
1727
1819
1798
1785
1735
1747
1666
1619
1695
1665
1740
1709
1660
1813
1737
1696
1768
1727
1701
1781
1653
1664
1772
1668
1744
1673
1637
1702
1660
1687
1669
1645
1664
1713
1648
1627
1661
1670
1681
1586
1657
1684
1630
1656
1622
1706
1584
1601
1591
1664
1646
1595
1577
1606
1646
1674
1634
1592
1617
1547
1586
1579
1542
1599
1642
1507
1620
1591
1564
1571
1609
1618
1598
1629
1582
1697
1619
1650
1636
1629
1595
1622
1616
1668
1664
1652
1701
1783
1725
1779
1765
1802
1906
1853
1917
1986
2099
2077
2267
2274
2422
2566
2629
2729
2766
2998
3146
3260
3304
3611
3784
3964
4116
4390
4645
4853
5098
5268
5699
5828
6026
6379
6529
6935
7268
7384
7558
7894
8292
8479
8865
8917
9496
9559
9618
10219
10433
10656
10971
11287
11435
11749
12006
12189
12521
12805
13112
13150
13825
13916
14287
14315
14615
15052
15490
15764
15732
15973
16291
16370
16618
16564
16706
16556
16746
16763
16806
16510
16217
16419
16047
15734
15346
15059
14523
14255
13890
13363
13171
12554
11976
11624
11034
10491
9949
9627
9101
8769
8089
7489
7129
6754
6345
5883
5549
5235
4876
4558
4349
4055
3763
3513
3271
3093
2886
2807
2618
2358
2258
2255
2061
2005
1838
1794
1726
1674
1572
1544
1551
1440
1450
1328
1314
1336
1254
1306
1283
1218
1170
1176
1233
1102
1070
1163
1188
1136
1121
1125
1094
1106
1096
1156
1059
1005
1079
1119
1065
1056
1112
1058
1064
1038
979
1027
1073
1031
1016
953
986
1002
1017
1073
1056
1005
1009
985
973
1047
979
915
1013
1031
988
1056
973
992
1002
963
954
1033
971
992
974
1051
971
1015
916
1005
987
951
966
952
990
963
984
930
916
918
1018
966
1007
899
963
958
904
983
977
977
958
921
949
940
944
932
939
895
930
933
978
943
972
923
948
868
954
952
972
904
924
933
909
933
939
877
952
890
972
893
911
959
889
879
940
903
936
926
931
878
929
861
941
907
934
885
888
931
916
948
915
926
926
904
858
882
957
883
844
853
842
920
904
862
883
833
927
910
833
861
880
887
858
896
957
843
889
862
880
921
898
813
867
893
870
862
867
840
812
901
857
907
888
896
835
863
863
869
858
841
908
850
851
810
851
819
800
831
903
867
802
810
812
839
876
821
816
833
808
824
811
786
822
802
844
816
840
849
816
783
851
798
798
895
783
838
825
855
847
802
808
817
794
802
824
802
759
795
849
797
846
808
838
830
794
778
845
782
784
800
768
753
758
787
806
832
812
791
803
803
802
802
883
801
744
767
809
791
779
825
800
734
805
783
816
781
759
770
758
787
812
768
774
760
775
759
787
764
757
789
763
817
765
796
773
799
737
744
758
763
766
772
709
743
821
772
765
765
785
798
755
797
790
775
802
756
734
782
798
795
763
782
791
777
756
825
753
773
787
747
802
785
800
741
711
740
728
719
736
724
744
739
777
770
825
792
727
775
760
726
749
728
743
754
727
748
737
741
733
775
795
731
732
792
743
701
729
719
820
764
715
762
763
739
704
745
758
763
738
774
701
710
672
750
760
729
785
723
703
730
721
742
710
759
776
757
753
778
729
757
733
742
702
740
732
754
713
766
708
709
731
719
730
758
733
708
738
685
728
762
717
680
708
774
757
700
746
751
750
719
732
797
727
699
743
731
761
797
750
762
737
761
727
730
762
786
749
753
821
745
778
774
778
763
798
753
789
826
749
820
801
786
788
773
801
813
827
844
809
823
854
786
819
892
809
839
811
854
839
833
837
852
849
844
887
884
837
833
793
830
864
900
891
862
881
885
858
889
843
855
879
843
819
833
837
777
803
793
794
787
773
781
711
795
751
754
701
796
758
722
703
685
719
681
685
694
690
671
695
654
696
621
657
706
678
633
631
651
601
674
636
622
633
644
620
663
631
634
622
674
688
702
605
625
619
625
609
603
664
636
646
624
570
624
582
632
606
616
608
590
637
611
604
656
644
576
586
587
599
583
636
602
615
602
614
671
602
586
669
673
678
616
605
659
568
630
633
648
583
619
655
611
632
589
596
629
601
621
608
585
633
626
612
618
603
666
537
601
616
610
572
623
551
555
569
609
637
610
620
606
606
592
583
601
598
624
565
579
631
590
586
603
586
583
655
582
575
592
626
583
572
613
617
590
578
611
598
576
615
594
566
545
572
585
581
570
608
571
648
571
568
556
615
564
576
561
620
623
597
617
567
620
592
560
606
575
581
618
524
569
542
644
600
631
583
599
598
548
545
533
558
581
562
597
591
569
571
576
583
584
600
602
523
553
518
593
581
581
578
525
574
546
558
531
553
553
562
544
545
569
580
542
596
542
562
572
524
552
616
559
520
574
568
595
592
539
534
535
564
557
510
602
600
539
575
554
580
537
559
536
556
552
535
554
568
571
561
503
560
601
531
551
554
546
590
594
535
521
584
540
501
532
549
575
514
528
563
534
513
561
549
550
585
566
512
559
576
546
570
528
533
591
555
545
514
543
536
532
525
549
551
515
513
529
526
546
531
531
520
495
523
529
505
579
529
508
517
547
533
491
544
546
515
484
518
507
506
514
538
513
561
526
504
508
550
507
507
475
522
534
509
531
515
528
486
514
527
486
491
497
524
515
524
503
552
503
539
500
514
532
523
463
540
509
477
517
557
503
519
521
485
547
478
522
541
515
523
499
468
539
493
563
491
478
548
484
498
499
491
455
505
518
495
482
498
513
477
543
496
542
500
496
505
499
512
490
495
544
470
455
531
466
461
513
494
509
515
497
487
485
504
468
489
494
453
464
510
473
507
489
464
517
505
492
504
476
491
492
482
497
522
523
481
476
473
482
482
514
483
501
478
476
446
508
463
461
507
473
492
503
481
471
470
492
483
479
504
463
477
488
480
458
506
439
455
448
453
444
463
473
443
456
449
437
458
485
464
483
482
488
490
503
467
468
443
462
466
480
451
444
493
462
469
479
440
446
489
424
496
466
476
450
468
473
459
460
456
478
439
483
464
450
436
488
457
446
455
447
460
464
446
402
464
447
465
440
468
495
455
446
520
448
435
443
438
455
471
441
430
444
429
449
453
456
450
432
426
483
452
472
455
483
437
449
393
447
456
461
442
459
450
423
451
428
445
440
490
453
479
439
447
467
379
437
436
448
446
454
438
421
422
392
492
474
406
416
463
445
441
432
445
434
432
407
448
400
447
451
432
424
414
412
436
411
419
461
419
414
462
447
431
407
410
406
422
450
449
413
465
442
445
385
467
423
425
446
454
449
447
416
447
376
414
442
404
439
423
397
448
443
451
440
424
406
438
419
430
384
470
413
388
412
404
432
434
444
412
433
405
416
422
445
413
421
390
393
449
411
421
436
398
407
423
445
451
433
385
436
358
439
416
417
430
391
423
423
432
401
394
419
383
408
406
425
408
429
387
385
442
410
412
386
400
413
377
373
413
395
440
393
398
408
477
376
373
377
432
395
415
412
380
413
405
408
381
379
395
381
377
446
381
394
417
400
414
393
396
377
384
390
396
393
373
381
428
375
400
375
422
373
388
355
395
386
396
388
400
349
404
393
386
371
386
412
387
382
354
370
365
349
350
365
353
384
369
366
393
390
366
351
393
390
385
373
366
382
380
388
340
357
412
364
375
383
376
343
354
369
353
364
395
352
382
363
390
386
375
358
360
376
347
346
347
381
396
350
357
380
372
373
344
379
399
359
365
368
352
351
352
351
382
357
364
352
375
370
379
378
361
346
391
347
367
339
361
351
346
367
349
319
383
391
348
358
330
333
351
340
380
358
347
363
313
355
359
342
347
382
307
315
308
336
355
344
354
339
310
374
345
330
356
340
353
328
376
327
332
344
344
357
339
349
342
316
342
353
330
352
321
324
327
354
332
360
344
337
323
320
341
371
313
323
317
333
336
359
362
369
315
312
316
299
350
345
329
309
320
320
350
346
321
320
315
329
340
317
323
340
343
343
357
287
331
338
342
349
330
333
307
335
328
293
315
333
330
332
342
322
309
344
296
303
322
297
319
271
301
300
305
317
320
339
323
327
321
302
304
316
288
305
316
289
288
303
263
293
286
302
299
298
284
303
296
338
292
308
284
306
307
304
311
327
300
318
265
304
318
282
293
304
343
311
290
272
294
313
309
316
287
317
320
319
304
280
310
306
287
318
278
290
316
288
328
291
294
310
310
302
290
281
311
301
300
337
301
275
282
313
288
301
273
309
308
290
320
291
285
286
266
306
274
299
285
305
274
279
332
305
310
262
265
278
270
311
295
285
284
297
254
327
298
276
304
308
258
281
301
286
271
267
311
285
275
265
294
287
301
258
275
253
269
276
288
270
276
296
279
306
290
301
285
307
248
270
300
260
277
275
278
333
281
281
283
279
291
303
287
278
257
269
324
281
284
268
275
274
254
281
268
278
284
287
272
272
288
250
276
278
269
254
291
267
276
288
265
249
293
266
279
278
254
276
256
282
258
245
241
295
306
266
249
273
280
271
263
251
289
262
261
265
286
268
247
293
271
265
263
249
276
265
257
253
252
262
253
241
250
274
272
255
251
246
239
288
260
299
250
239
231
277
232
253
265
274
229
249
260
255
233
244
241
249
264
243
238
262
275
245
228
269
257
240
245
236
255
246
253
235
259
225
261
243
243
277
248
256
253
258
276
240
255
239
265
233
262
248
232
222
242
234
233
250
248
253
271
251
227
211
252
225
236
250
256
218
270
236
243
223
239
213
237
213
232
245
236
244
231
241
238
219
260
226
246
256
221
239
259
233
203
219
216
244
231
239
212
221
234
239
225
233
226
226
220
232
228
230
240
245
229
240
238
225
230
219
229
207
213
225
232
201
217
213
223
202
250
234
234
216
227
227
244
239
231
232
214
232
241
208
215
235
232
222
229
225
224
212
201
197
238
232
237
221
212
258
228
205
222
224
211
242
211
230
237
198
235
228
219
220
222
233
209
204
204
211
207
212
234
213
209
211
247
224
228
209
215
215
238
219
183
238
214
227
204
230
194
198
210
193
222
173
214
240
213
232
211
239
234
242
220
199
227
208
193
210
217
234
201
192
215
233
185
212
215
230
214
212
197
219
206
228
242
217
196
215
240
214
215
197
223
196
198
183
208
198
229
208
226
209
233
206
224
185
193
221
226
229
182
247
203
235
204
178
208
189
208
205
223
193
207
214
203
239
230
247
206
198
210
209
214
212
205
206
213
209
193
206
205
193
211
202
208
223
192
193
176
208
231
162
192
168
208
173
185
206
192
191
191
178
182
185
191
216
206
218
197
190
199
212
175
192
208
171
184
167
176
173
189
181
173
200
208
180
203
159
185
185
170
184
174
189
169
204
187
186
181
176
178
197
193
181
185
195
167
189
183
217
194
193
182
202
161
194
165
182
185
181
182
178
180
180
171
177
162
181
188
172
202
179
189
187
192
174
205
181
165
160
183
183
198
167
188
146
185
181
172
172
160
188
179
185
173
177
173
206
170
157
147
191
210
159
179
205
180
177
201
200
173
190
180
149
152
203
187
170
173
170
175
174
184
171
183
177
173
154
174
171
176
146
173
177
166
198
169
177
179
184
197
170
193
170
171
193
176
182
165
194
185
170
191
194
190
173
175
146
182
207
177
189
182
165
172
191
170
161
171
162
168
186
182
201
180
179
169
170
152
192
185
168
188
190
208
161
164
182
163
183
191
192
172
192
196
215
159
169
182
180
169
181
174
184
191
180
200
176
181
216
186
197
190
184
176
157
170
171
216
168
158
197
184
170
165
178
167
200
194
175
186
194
163
161
164
180
164
170
214
170
173
173
185
189
150
178
176
157
191
177
150
186
191
169
174
166
157
168
171
173
165
155
162
186
157
155
180
156
146
178
139
166
161
153
161
161
172
173
164
164
149
187
161
138
169
183
168
178
134
149
185
149
163
145
157
149
156
151
146
183
149
144
141
158
140
168
162
171
130
142
156
176
152
160
147
147
148
144
158
162
140
153
146
155
139
143
149
144
136
144
155
146
144
133
161
155
151
151
149
157
144
154
177
139
154
133
139
160
159
160
162
158
162
158
169
144
158
161
161
140
175
137
138
167
138
146
131
136
150
156
129
153
122
156
129
137
140
139
141
148
147
142
149
150
157
144
122
142
138
164
139
150
155
145
155
160
136
150
149
160
137
146
140
149
151
151
141
149
150
150
150
149
161
151
156
158
164
156
161
141
152
140
142
138
153
146
154
159
144
136
146
125
134
154
152
153
143
145
147
171
136
130
153
137
148
144
157
136
152
167
145
134
159
154
157
155
157
170
172
167
174
145
159
146
171
147
157
154
166
157
145
149
165
154
165
140
169
163
151
158
159
159
129
173
136
158
145
147
152
142
178
156
120
162
154
162
141
154
143
151
138
134
157
132
128
167
153
137
136
144
137
151
137
141
117
150
106
111
127
137
126
139
128
122
100
147
128
142
111
139
134
132
130
142
119
129
135
136
124
134
134
133
128
126
97
109
137
120
132
133
122
144
107
140
123
118
135
123
124
114
117
127
140
139
131
110
102
124
115
112
116
123
127
127
124
114
126
122
133
138
127
130
127
135
120
104
127
121
139
135
116
115
118
131
113
134
122
134
123
119
139
134
117
120
130
120
130
144
108
112
122
113
105
139
145
134
116
114
129
118
134
143
115
127
115
103
123
143
105
127
124
126
114
127
126
129
106
130
101
114
130
122
124
125
131
140
151
125
128
120
129
119
126
150
129
123
119
121
124
131
103
130
118
141
109
111
136
129
142
113
138
113
125
127
120
113
146
135
135
136
121
119
120
118
118
115
138
120
141
130
140
134
128
127
138
137
137
137
164
161
132
127
122
143
133
152
121
139
126
134
135
121
139
137
138
121
138
141
155
140
134
147
136
156
125
143
132
133
135
141
157
173
147
131
141
160
143
162
140
131
163
159
142
123
167
157
165
138
152
163
159
164
142
147
150
170
166
122
143
138
155
151
145
144
153
164
139
136
128
135
115
127
124
125
123
111
130
107
144
105
105
117
113
103
121
107
101
100
113
107
105
104
92
91
104
104
111
75
110
72
89
110
85
107
91
81
82
69
95
91
85
82
102
71
91
87
95
74
98
88
81
84
82
95
94
67
99
81
75
93
71
85
68
72
100
85
70
87
92
85
83
85
92
79
73
81
94
74
63
78
97
78
86
73
78
86
65
67
72
80
77
88
79
63
79
80
72
77
67
71
86
90
58
94
80
70
89
82
75
78
82
64
96
79
97
84
85
103
73
86
73
86
80
74
74
75
85
77
78
82
85
95
81
83
66
71
77
91
71
90
77
68
96
67
94
75
75
84
60
87
79
79
90
84
69
86
101
76
75
88
85
68
84
81
83
66
85
65
80
95
73
84
71
78
74
100
79
55
93
67
83
74
79
85
97
83
91
64
67
79
80
89
90
81
72
97
77
91
64
83
69
97
64
78
89
72
76
87
75
91
86
87
70
72
76
68
84
79
93
76
88
83
68
70
63
75
81
72
82
75
85
104
73
83
76
66
81
93
73
82
91
75
65
81
70
80
83
63
84
65
75
76
97
83
96
72
68
94
82
78
72
64
77
71
82
77
73
72
91
61
74
68
78
81
85
79
73
85
80
92
70
80
73
83
85
74
65
73
66
88
59
85
79
73
82
68
70
74
78
83
68
87
93
83
76
69
73
75
86
77
74
67
58
80
73
69
76
78
60
65
67
67
64
67
71
89
66
70
71
75
73
62
67
65
79
82
86
73
75
97
86
65
79
76
70
68
74
80
78
76
75
83
69
69
82
77
71
85
69
94
82
81
78
76
71
64
65
67
61
84
83
84
65
72
77
81
76
61
67
90
74
68
78
77
87
88
73
63
82
65
68
84
83
87
75
71
56
66
77
81
61
65
71
65
85
91
74
77
80
83
69
76
71
70
73
74
63
82
68
78
75
75
78
69
91
74
77
72
97
85
88
85
78
67
88
84
87
74
78
79
90
71
66
91
86
79
84
95
68
87
66
87
72
84
81
101
87
98
77
86
88
83
75
95
99
111
111
89
90
92
86
95
95
88
76
83
90
93
88
101
98
93
98
105
107
100
97
104
91
100
97
100
98
104
92
116
94
93
111
99
86
112
96
99
118
108
86
135
103
124
128
104
118
114
113
112
141
113
131
107
122
106
115
103
133
126
116
122
128
111
132
112
113
107
114
127
128
111
115
129
107
95
123
108
106
116
108
90
101
106
112
112
107
79
97
80
96
72
67
93
72
84
87
68
50
79
71
60
54
68
48
53
42
46
46
45
50
34
52
46
37
41
30
40
41
37
38
33
48
31
43
28
35
32
36
39
33
31
36
28
28
27
28
28
40
31
32
30
36
31
42
28
29
25
34
28
31
28
32
27
24
30
27
26
23
31
37
15
25
29
22
35
26
31
38
29
27
27
33
30
32
36
23
27
43
33
39
34
26
33
30
32
27
25
31
27
34
25
26
34
38
25
33
34
25
24
35
29
27
33
36
29
24
36
22
28
19
24
32
31
42
20
37
35
27
27
28
36
29
26
28
43
37
25
15
26
44
29
25
30
47
28
24
32
38
24
35
39
38
36
27
47
39
28
28
31
44
31
33
36
25
38
32
37
32
26
26
28
36
26
39
30
29
36
26
41
29
25
29
24
23
29
26
27
27
26
36
31
28
36
27
29
22
35
27
28
27
25
31
31
34
27
28
29
24
39
30
38
31
35
22
29
30
33
22
40
33
37
34
40
36
46
34
25
29
37
32
41
38
37
38
42
26
31
33
40
40
40
34
37
30
45
32
40
41
40
39
46
34
46
35
33
44
43
40
34
31
45
37
30
38
42
36
48
34
39
44
26
31
31
38
39
42
28
44
35
34
26
37
40
41
37
31
34
32
26
22
29
23
33
30
23
19
33
22
21
22
28
28
17
12
23
26
22
16
21
22
17
15
27
13
14
25
11
24
21
16
14
13
17
11
19
19
17
19
18
20
19
13
18
22
23
15
17
21
19
16
19
16
14
17
14
17
24
8
12
9
12
21
18
23
18
14
15
14
12
17
10
18
19
18
13
10
19
19
10
15
12
18
18
11
15
14
11
18
13
24
16
15
19
11
12
16
9
14
15
13
19
13
12
11
11
12
25
11
12
16
6
13
17
10
13
21
16
14
21
9
18
15
11
14
11
19
14
10
9
22
21
15
10
16
11
8
15
13
17
16
19
5
23
17
12
16
11
13
17
8
11
11
10
9
14
10
14
12
13
13
16
17
11
14
9
15
11
14
22
17
13
12
12
9
12
20
14
7
22
17
12
11
13
13
11
21
16
15
14
13
10
15
13
11
18
17
22
12
9
9
13
15
11
16
11
12
8
14
10
18
15
14
13
11
21
13
11
16
13
7
16
14
11
13
15
11
17
12
18
13
15
14
14
7
13
13
8
10
16
10
14
10
5
10
21
12
17
10
11
18
16
20
8
19
16
13
16
19
19
18
8
15
15
18
15
11
11
8
7
11
16
14
23
14
17
11
12
17
12
18
15
11
9
17
19
7
16
18
10
18
13
10
16
14
14
23
10
14
13
12
12
16
13
8
15
12
11
18
5
16
11
12
9
10
9
13
9
11
14
14
10
8
15
15
11
12
14
9
7
13
14
2
10
15
13
12
10
7
10
17
13
12
6
14
10
9
12
9
9
15
7
10
12
6
10
11
22
11
9
9
15
7
10
7
12
10
14
15
9
11
14
9
9
8
18
11
7
12
8
13
13
9
20
13
16
15
15
11
8
13
18
12
10
10
12
10
14
2
16
10
11
13
3
12
14
4
12
10
16
17
8
15
12
14
11
7
9
13
13
8
8
9
13
11
13
10
15
6
11
7
13
13
11
10
5
7
8
4
15
11
13
12
9
14
12
10
14
10
11
7
9
13
11
9
10
7
8
10
12
14
16
12
7
10
11
6
13
14
10
4
9
12
14
9
3
12
5
13
14
3
12
7
11
20
13
9
8
14
10
16
10
14
4
13
11
17
14
7
8
4
7
10
11
9
10
9
17
12
10
10
4
7
8
13
20
7
12
11
8
7
10
11
15
12
10
6
8
9
13
10
10
14
10
8
10
14
14
14
14
9
15
9
11
12
10
8
12
15
13
11
8
12
13
14
12
13
7
8
15
20
16
21
16
12
11
12
14
14
15
16
6
13
20
6
7
11
16
18
10
9
10
4
19
15
6
13
8
13
10
9
9
10
15
8
11
7
13
12
6
15
9
8
10
13
7
11
9
5
5
9
10
10
10
13
11
12
10
12
9
7
8
11
11
8
11
7
10
6
8
10
8
8
7
8
6
11
12
10
9
10
6
10
10
14
6
8
6
7
7
9
11
6
10
6
7
7
12
10
7
6
9
10
8
9
7
11
7
10
4
6
5
12
7
11
16
6
14
11
5
8
12
9
8
14
7
10
13
8
3
9
11
6
12
10
10
10
12
11
14
10
13
11
14
10
12
17
9
10
8
11
10
10
6
6
9
10
8
10
11
6
11
14
8
7
10
6
15
8
10
9
10
9
9
9
7
7
1
7
8
19
11
9
5
8
5
2
8
6
8
4
7
6
6
11
6
6
9
2
8
7
4
6
5
11
8
4
10
6
10
8
8
8
8
10
8
8
10
5
6
7
6
7
3
8
10
9
9
13
6
13
15
8
10
10
11
6
10
6
8
7
8
11
10
7
7
7
9
4
5
13
13
4
9
6
5
11
7
4
8
10
0
7
8
12
15
10
9
7
6
4
7
8
9
8
11
11
12
11
13
3
3
9
6
9
3
8
15
11
7
10
9
2
15
8
9
7
5
8
12
5
5
7
10
9
5
11
7
9
6
10
7
8
8
7
8
6
5
8
11
6
9
8
3
12
10
9
4
13
8
4
9
7
7
1
11
8
7
8
7
5
8
6
7
4
6
7
15
11
8
12
5
9
8
13
13
5
10
14
7
12
6
7
11
11
9
6
7
9
4
3
11
6
5
6
3
9
6
5
7
8
8
8
6
8
4
14
8
13
4
10
6
14
4
13
9
4
6
4
8
7
7
2
16
8
8
8
9
8
5
8
6
6
8
4
8
8
5
7
6
10
9
5
8
6
7
7
2
6
9
7
8
6
6
8
7
10
11
6
6
8
4
5
9
10
4
9
9
13
4
10
6
6
5
7
4
6
10
6
7
12
7
11
8
11
10
13
4
12
12
4
4
5
3
5
7
8
3
9
11
6
9
5
10
4
6
6
9
9
11
5
10
4
6
7
7
5
6
4
5
6
6
2
13
11
11
5
9
7
4
7
8
9
11
10
3
9
7
4
13
9
11
7
10
4
6
5
5
5
11
9
6
6
8
6
5
7
7
8
9
13
5
9
5
15
6
10
10
8
4
9
4
9
8
10
4
6
3
5
6
2
2
7
3
4
5
7
3
7
7
7
4
7
5
6
8
7
4
7
10
6
5
5
4
3
6
5
6
3
5
7
4
11
5
6
3
6
8
9
8
7
9
6
7
4
10
3
2
11
5
5
1
8
7
5
7
7
9
4
5
9
8
7
2
7
5
8
7
11
6
1
4
8
6
8
4
10
8
9
13
6
5
4
8
5
8
5
6
9
6
7
5
6
5
6
10
6
4
10
3
7
4
10
5
13
9
8
8
6
7
9
7
4
12
7
7
5
9
8
5
4
6
10
5
2
5
8
7
6
7
7
2
8
3
5
3
5
8
9
10
8
6
7
10
4
6
8
1
10
7
7
4
10
0
6
6
4
4
2
9
7
6
2
10
3
10
2
10
9
2
6
12
5
5
7
8
1
6
10
7
10
7
5
3
8
5
6
4
5
7
3
7
6
9
6
10
7
2
4
7
4
3
6
8
8
5
6
3
12
4
5
6
4
8
6
6
3
5
5
3
2
10
8
11
3
4
5
5
2
9
7
3
4
9
8
6
7
4
3
9
1
4
3
5
6
8
7
10
7
6
5
8
4
8
10
8
4
5
6
7
2
5
4
4
8
6
5
7
4
5
3
2
5
7
6
4
10
4
6
2
3
10
7
4
6
6
3
10
6
7
3
11
6
8
7
3
4
4
5
6
8
7
4
9
6
7
6
4
7
5
3
8
4
5
8
6
6
0
5
7
9
6
6
8
3
5
6
7
5
3
5
7
6
5
8
8
3
6
8
11
7
4
4
3
7
9
9
8
7
8
7
7
6
3
6
5
3
6
9
6
4
0
4
3
6
4
5
9
4
6
3
4
7
9
8
6
7
5
4
8
8
2
1
4
6
7
3
7
6
5
10
7
2
3
7
4
4
3
6
2
3
3
2
4
6
3
3
7
6
5
7
5
8
1
11
5
5
5
6
6
8
2
5
4
4
6
6
4
3
5
6
8
2
5
3
7
6
7
5
8
2
7
12
7
5
2
1
3
5
8
8
6
4
7
2
6
3
9
11
8
1
7
7
4
6
7
3
4
3
8
7
5
11
5
9
9
9
7
7
4
5
10
5
5
5
2
7
7
5
9
8
2
3
3
4
2
4
5
5
5
10
6
4
4
4
3
3
8
4
2
3
3
5
3
6
1
8
9
12
4
2
1
8
8
6
5
4
7
2
5
2
5
4
3
3
12
3
3
7
5
2
4
4
4
3
6
2
9
6
9
4
4
2
2
7
3
1
2
4
5
7
10
5
6
7
4
2
4
10
7
9
4
6
7
3
3
5
9
6
4
3
7
4
3
5
5
4
3
7
1
9
7
6
3
4
7
17
4
3
5
4
9
9
4
5
3
8
6
4
10
10
2
4
6
7
5
10
8
13
7
11
9
9
7
10
10
8
8
17
10
12
8
10
9
8
10
12
4
7
9
12
6
4
10
13
3
10
7
5
15
7
8
11
5
8
6
12
10
10
5
13
10
3
10
3
9
8
9
7
1
4
7
11
3
6
6
5
10
6
5
7
3
10
5
6
5
4
8
5
7
4
6
3
8
5
4
1
5
7
4
6
4
9
5
4
8
5
8
6
6
3
6
3
5
5
9
2
6
1
3
3
7
6
5
9
7
8
4
6
4
6
6
5
3
4
4
7
6
6
5
4
2
2
5
4
1
3
3
3
4
3
5
2
5
6
4
2
7
5
3
4
1
3
3
1
3
7
2
5
4
7
5
6
5
5
0
3
2
3
2
3
3
3
3
3
8
7
5
3
4
4
3
4
3
4
5
7
5
7
2
4
3
2
2
3
3
4
3
1
6
6
7
5
3
5
2
6
2
3
7
3
8
3
3
4
10
2
6
5
3
5
5
7
5
8
4
8
3
3
6
6
2
4
6
3
8
4
4
9
4
5
6
4
3
5
7
3
6
7
7
4
2
3
2
5
6
4
7
8
5
5
5
5
11
5
2
3
5
8
2
7
6
4
8
5
4
5
4
5
8
1
6
0
5
1
5
6
3
4
5
6
4
6
4
6
6
2
7
6
4
4
4
6
7
5
8
2
3
8
4
3
5
7
3
2
5
5
4
8
4
3
2
3
3
6
5
2
3
5
2
3
3
5
5
8
3
0
4
5
6
6
9
3
4
2
3
3
2
6
3
6
8
2
4
4
1
5
4
4
3
9
4
1
1
2
7
0
2
2
2
5
6
2
9
4
5
2
1
2
10
4
7
5
10
2
6
2
2
3
4
7
5
2
2
5
4
3
2
2
6
8
4
8
5
6
4
8
6
4
3
4
5
3
3
4
6
3
2
6
3
2
1
2
4
5
2
3
3
5
4
6
6
5
3
4
5
5
1
6
2
5
5
2
3
4
4
2
4
3
0
1
1
2
1
5
5
5
3
5
3
9
2
8
8
7
3
4
3
3
4
2
3
2
2
2
4
4
0
5
8
8
3
2
3
3
7
4
6
5
0
2
5
3
5
8
3
2
5
5
3
2
7
5
4
2
3
3
1
4
5
3
6
2
3
4
6
7
3
3
1
5
7
3
9
5
2
5
6
4
2
2
5
6
3
8
16
9
4
1
10
7
5
4
4
6
8
3
2
8
2
4
5
1
5
5
2
7
5
2
3
5
1
5
2
2
3
5
3
6
4
7
6
3
7
9
4
5
5
6
5
7
5
8
5
2
9
4
3
2
2
7
4
6
11
5
6
4
5
5
6
9
9
2
5
6
10
3
4
4
8
3
1
5
6
8
4
7
6
2
6
3
6
5
12
0
5
9
11
3
6
3
3
9
7
1
10
5
5
6
2
5
15
1
3
9
10
5
4
5
6
8
5
4
6
4
2
4
4
6
1
5
2
2
2
3
3
4
1
9
2
3
6
3
5
2
4
4
5
7
2
6
6
3
1
4
7
2
4
3
2
5
5
4
0
1
7
3
3
7
3
3
5
4
2
1
7
3
3
5
2
4
5
6
4
5
2
3
6
3
7
3
4
5
7
5
3
4
4
3
2
3
5
7
5
0
1
3
4
4
2
1
1
1
3
6
1
4
3
5
4
4
6
4
5
1
3
5
1
0
5
3
2
4
6
4
3
4
4
0
3
3
2
3
4
1
3
3
6
3
2
3
2
1
1
2
3
7
1
1
1
4
6
1
5
2
4
6
1
2
4
0
2
4
2
2
2
6
5
5
5
5
2
4
2
2
2
0
0
1
4
6
2
3
4
2
9
4
6
4
1
5
2
7
3
1
6
2
1
5
2
1
0
1
7
2
3
3
6
1
6
2
2
2
4
7
5
7
4
2
3
5
3
0
4
6
1
4
5
2
4
2
5
4
6
7
4
3
2
2
4
5
2
2
6
4
6
5
1
4
5
1
5
6
6
3
3
5
2
2
1
5
2
4
6
3
2
1
2
5
7
5
4
4
2
5
4
3
5
2
7
3
4
2
2
7
4
5
2
5
3
4
3
4
3
3
2
1
2
2
2
9
2
3
2
0
5
5
1
4
5
2
3
2
4
10
1
2
3
5
3
6
1
3
2
7
4
1
5
5
4
1
2
2
6
3
3
2
4
5
6
3
6
4
1
2
4
5
1
4
6
3
1
2
3
7
5
2
0
6
5
1
4
6
3
3
4
3
2
3
7
3
4
1
3
2
5
2
0
2
6
3
4
6
3
3
2
4
2
4
4
3
6
2
4
5
2
5
3
4
0
1
2
0
7
1
8
2
2
3
4
1
2
1
3
5
4
3
3
3
5
2
3
1
4
4
3
3
4
2
2
2
3
5
3
3
5
4
4
0
4
5
6
1
4
2
3
2
2
3
6
7
2
6
2
3
3
4
3
4
3
4
2
1
1
2
3
4
1
4
3
2
0
2
5
5
1
1
4
2
8
4
2
2
2
2
4
6
4
1
0
3
1
1
3
2
2
3
5
4
1
4
5
7
3
4
4
3
3
1
3
0
4
5
2
3
4
4
3
3
3
4
1
1
0
6
1
4
1
3
1
1
4
1
2
6
1
4
2
1
5
5
4
3
4
3
2
2
0
3
7
1
4
3
6
2
2
3
3
7
2
3
2
2
3
2
0
2
4
0
3
0
5
1
0
5
2
3
0
2
5
2
3
3
1
3
2
5
2
3
1
2
2
2
6
6
8
3
5
2
3
4
2
1
2
4
7
2
1
0
4
2
5
3
1
1
3
3
10
2
3
2
1
3
1
1
1
5
3
1
3
2
0
4
3
1
3
4
1
6
4
3
1
2
5
4
5
3
2
2
2
2
4
1
0
4
4
3
2
6
1
1
2
0
4
4
3
1
0
4
0
4
1
1
4
7
3
4
1
4
2
2
4
2
3
5
3
3
1
1
5
1
3
4
3
8
1
7
3
2
0
1
4
1
4
6
6
2
2
0
3
3
1
2
1
4
1
3
6
2
3
2
4
2
5
3
2
1
1
2
2
2
3
2
2
4
1
3
3
2
4
6
3
3
1
5
3
4
2
4
3
8
4
3
9
2
4
3
1
1
6
2
1
2
2
2
1
0
3
1
2
1
6
3
1
2
5
4
5
1
1
2
0
3
3
3
1
4
4
5
4
2
2
0
2
9
2
3
4
3
4
2
2
3
4
4
1
1
1
5
6
4
4
4
2
2
0
3
1
0
4
5
2
2
4
2
5
0
4
1
6
2
1
3
1
5
0
2
2
2
2
3
2
3
5
5
1
4
2
1
5
1
4
2
1
0
2
1
0
2
4
1
2
3
3
4
1
4
1
5
4
5
3
1
2
4
2
2
4
1
1
1
1
1
6
8
1
2
0
5
3
2
2
2
2
3
2
3
2
7
5
3
3
4
1
4
2
2
2
1
1
2
2
0
7
4
1
3
4
1
3
2
1
4
5
3
1
1
1
3
2
0
1
4
3
1
3
2
1
5
3
4
2
2
1
4
4
2
3
2
3
3
3
2
3
2
1
3
4
1
2
3
1
2
8
4
3
3
3
5
2
0
4
5
5
6
6
5
2
2
1
2
3
6
1
1
5
1
7
3
3
3
1
4
1
2
2
4
2
4
0
0
3
1
0
1
3
4
5
6
2
3
2
1
7
0
3
3
0
2
4
4
2
3
3
2
2
2
1
4
4
1
4
1
2
1
2
1
6
5
3
5
2
1
1
2
4
2
1
3
1
1
5
2
3
2
2
1
1
3
3
2
4
2
1
2
2
4
3
1
2
1
4
3
1
0
6
1
0
3
1
0
1
6
2
3
1
4
2
1
6
0
1
1
4
1
1
2
1
4
1
2
3
2
0
1
3
4
0
3
3
3
1
2
5
1
3
3
3
1
0
1
1
4
5
3
1
2
1
7
3
6
1
5
1
5
5
3
2
4
2
3
1
6
2
1
4
2
1
4
2
1
1
3
3
1
1
6
1
0
1
2
1
1
2
2
3
3
5
3
3
2
5
1
2
4
3
5
2
3
2
4
3
3
3
2
1
2
2
1
3
2
0
2
2
2
3
1
2
1
2
4
1
0
6
2
6
4
2
7
3
1
3
1
4
6
1
2
3
1
1
1
0
8
1
2
6
1
2
2
0
2
1
0
3
0
4
3
1
2
1
4
2
0
2
4
1
0
1
0
1
1
1
1
4
2
1
1
2
0
2
3
4
3
1
2
4
1
2
3
2
3
2
5
1
2
3
1
0
1
1
0
2
3
1
1
0
3
4
6
0
1
4
1
2
5
5
2
0
2
3
2
1
3
2
4
7
2
2
4
4
4
2
2
3
5
1
1
3
3
2
4
3
4
0
3
7
3
2
1
2
1
1
3
1
0
8
1
2
2
6
1
2
0
4
3
2
3
2
0
2
2
4
1
4
4
3
5
1
2
5
2
3
2
7
2
5
3
3
1
3
3
2
1
0
1
3
2
4
4
5
5
2
4
3
1
2
1
3
4
1
2
5
5
5
2
0
0
4
3
3
5
2
2
1
8
3
2
3
1
1
2
2
4
1
2
2
1
3
1
1
5
9
1
2
1
1
4
2
3
3
4
2
1
2
0
0
4
1
2
3
2
1
1
2
5
2
3
2
2
3
4
4
2
1
4
2
3
0
0
3
3
2
2
1
4
2
2
4
4
2
3
3
2
4
0
4
4
6
2
4
1
7
4
1
4
2
3
3
2
5
4
3
2
6
1
2
1
3
4
1
2
3
2
5
9
4
3
2
3
1
1
3
3
4
4
3
4
4
3
2
0
3
3
3
2
2
3
3
1
7
2
4
3
3
3
4
3
1
6
5
3
3
5
4
1
5
6
3
2
4
3
2
12
4
6
6
2
5
6
1
4
6
2
4
8
9
3
2
3
4
4
3
5
5
5
3
4
5
3
3
8
3
3
8
4
0
7
3
6
4
3
2
4
4
1
5
7
3
3
5
2
2
1
5
4
3
4
2
1
2
3
2
3
3
1
2
6
6
3
2
3
3
1
2
2
1
3
2
3
1
1
2
3
2
2
3
2
1
3
6
4
4
2
4
0
1
1
4
7
4
3
1
3
3
3
5
2
4
2
0
1
3
0
0
0
2
1
5
5
3
2
4
1
2
0
3
4
1
4
0
3
2
3
0
0
1
6
3
2
2
1
2
2
2
2
2
3
1
2
7
2
0
3
5
4
1
2
5
1
4
2
4
1
2
2
1
5
3
1
5
2
3
1
1
3
1
4
5
1
1
1
1
1
0
1
4
4
4
1
1
2
3
1
0
2
2
2
1
1
2
0
1
1
1
1
3
1
1
1
4
4
0
1
0
4
2
1
3
2
2
6
2
3
1
3
3
2
3
3
2
6
1
0
4
1
3
3
6
3
4
2
0
1
2
2
2
0
4
5
1
2
0
1
2
3
2
2
3
2
4
3
2
0
6
1
2
1
5
1
4
3
3
3
0
4
3
2
2
0
2
2
3
1
1
4
2
1
3
2
3
4
3
5
2
6
4
1
0
1
4
1
4
5
1
2
0
2
0
2
3
2
4
2
0
2
3
1
5
0
5
2
1
2
1
1
1
1
0
4
2
4
1
2
3
1
1
1
3
4
2
5
2
2
6
7
2
1
1
4
2
2
3
2
2
0
2
2
3
3
2
2
2
1
2
2
1
3
2
3
0
3
1
2
1
1
3
3
1
3
2
6
3
3
4
2
6
1
3
3
3
3
2
5
2
3
2
1
4
2
3
4
4
3
2
1
2
2
2
1
3
1
1
5
4
1
3
6
1
2
1
1
5
5
2
1
1
7
2
6
6
4
2
0
3
3
1
1
1
1
5
2
2
2
2
4
1
2
1
3
2
0
2
1
2
0
7
0
2
0
3
3
3
1
1
4
3
2
2
2
3
1
1
4
3
3
1
2
4
2
2
2
4
2
1
1
2
4
6
1
2
1
4
3
4
3
1
3
3
3
2
1
0
0
4
2
3
1
2
2
3
3
1
1
1
1
1
1
0
2
2
1
1
2
0
2
2
5
5
3
2
1
4
3
3
4
1
2
0
0
2
0
2
2
0
1
2
0
2
1
0
4
1
2
2
1
3
1
5
3
5
4
2
3
4
1
2
2
2
3
4
2
0
4
1
0
3
1
3
2
0
2
3
4
0
3
0
0
1
1
1
0
2
5
2
1
2
1
1
0
2
0
5
0
2
4
3
3
3
2
1
0
3
4
0
2
2
1
3
4
0
2
2
1
0
1
0
4
1
2
4
2
1
1
3
0
1
4
4
1
2
2
0
3
2
4
3
3
3
3
0
1
0
1
1
3
0
1
2
1
3
1
3
1
2
3
2
1
1
1
3
3
2
1
2
0
1
0
0
1
2
0
2
0
0
4
4
2
3
3
7
4
6
2
7
4
5
2
4
1
0
1
1
2
1
3
5
0
4
4
5
4
2
2
0
1
1
3
1
0
1
4
2
4
2
2
2
0
2
3
3
3
4
7
5
4
4
4
4
1
3
2
1
3
2
3
2
2
3
1
4
0
1
1
1
1
3
2
1
2
0
2
2
1
4
2
1
0
1
1
4
0
2
0
2
4
1
2
0
2
3
2
1
3
1
3
7
5
2
3
2
1
2
3
1
2
1
1
6
8
3
2
3
1
1
7
2
3
1
3
2
2
0
3
2
4
2
2
3
0
2
1
4
2
0
4
2
4
2
3
4
2
3
0
5
2
1
4
1
2
2
3
0
1
1
2
2
2
2
3
5
2
1
2
0
1
4
1
1
5
2
1
4
0
2
4
3
5
2
3
3
3
2
2
2
2
1
2
3
4
0
4
1
2
5
0
2
5
1
1
4
3
2
8
2
3
3
3
2
1
3
1
3
0
3
1
1
3
3
2
2
2
2
0
1
2
2
3
2
2
2
2
2
3
1
3
3
3
0
3
1
4
1
6
1
1
5
3
3
1
8
1
4
2
4
1
4
2
0
1
4
2
1
2
4
0
1
3
1
2
1
1
5
2
0
2
3
3
6
3
6
2
1
1
3
3
2
3
1
6
2
3
4
1
2
1
2
4
2
2
5
1
2
5
2
5
3
2
1
4
2
0
1
3
6
6
2
2
2
2
0
2
2
3
1
3
1
4
1
5
4
1
1
3
3
2
1
1
5
3
2
2
0
2
1
3
1
3
1
1
7
3
2
3
0
4
1
0
5
2
2
1
2
1
0
2
1
3
1
3
1
4
2
4
5
5
2
2
0
2
3
3
2
2
5
0
2
3
1
2
4
2
2
0
2
3
2
3
1
5
4
1
2
5
4
3
2
1
1
3
0
1
4
3
1
2
1
1
3
4
4
3
2
2
3
3
2
2
1
5
2
4
6
2
6
0
2
0
4
3
2
1
2
3
5
2
9
2
1
2
1
7
0
4
2
3
0
2
1
1
2
1
1
2
3
2
3
2
5
0
4
2
3
3
1
1
1
3
1
2
4
2
3
2
2
1
2
1
1
3
4
2
2
0
3
7
2
0
1
2
4
2
2
2
2
1
4
3
2
4
2
2
1
3
0
3
0
1
1
2
1
1
5
1
2
3
3
5
1
1
2
0
4
4
5
4
5
4
2
2
0
2
5
0
6
6
1
3
2
2
5
4
3
3
1
3
4
0
1
1
1
4
1
3
2
2
4
2
7
2
1
2
2
1
3
0
2
3
1
5
4
1
2
2
2
1
1
2
1
2
2
4
2
4
1
2
2
1
6
0
2
1
2
1
0
6
3
2
0
2
7
1
3
1
1
3
1
2
2
4
2
3
3
1
3
0
1
3
3
2
2
1
2
1
2
0
5
0
0
0
1
1
2
3
2
0
1
0
4
2
1
0
4
0
2
3
2
1
0
0
2
2
2
2
2
3
2
2
4
4
1
2
4
3
2
2
4
1
1
1
1
1
1
2
2
2
3
2
3
1
0
2
3
2
2
5
0
0
5
2
1
0
1
3
2
1
0
3
2
0
1
2
2
2
1
4
2
0
1
0
1
2
1
5
0
2
1
2
1
5
3
0
1
3
3
1
3
1
3
2
1
1
2
1
3
1
2
1
2
1
2
4
2
5
0
4
0
1
2
4
2
0
2
2
1
2
0
3
0
2
1
2
1
2
3
3
2
2
2
2
0
1
4
2
4
1
4
2
1
2
1
0
2
0
1
0
0
1
2
2
2
0
4
5
2
1
1
2
0
5
0
1
0
1
1
2
2
2
1
1
1
2
3
1
5
0
0
2
2
0
1
1
1
1
1
0
1
0
3
0
2
2
4
1
0
2
1
2
1
0
0
2
2
0
3
3
2
2
0
0
2
2
0
1
0
1
1
0
2
1
1
0
1
1
1
1
3
3
4
1
4
1
3
1
3
1
0
3
2
1
2
1
1
1
1
2
2
0
1
0
3
2
1
0
3
3
1
2
1
2
4
1
1
1
1
1
2
0
3
1
0
2
3
5
0
2
1
1
1
1
1
1
1
3
0
0
1
1
5
1
1
0
3
0
0
0
1
3
3
2
1
1
0
2
0
0
1
1
2
0
3
0
2
2
0
3
0
1
0
2
1
2
2
0
0
0
0
4
2
3
1
0
0
1
0
1
2
0
3
1
1
2
1
0
2
2
4
4
2
0
0
0
1
2
0
2
2
0
0
0
0
2
2
4
3
4
1
2
0
1
0
0
2
0
5
4
3
5
1
1
4
1
2
1
2
0
1
1
0
0
0
3
2
2
1
2
1
2
3
3
0
0
1
0
0
2
0
1
0
2
2
2
3
0
1
2
1
1
0
0
2
1
2
2
0
0
0
4
1
0
1
1
2
0
1
0
3
0
2
0
4
1
1
0
1
1
1
1
0
2
2
2
2
3
1
2
2
0
1
1
1
1
2
1
2
1
1
3
2
0
1
2
1
4
0
2
0
4
1
0
3
1
1
2
4
2
2
2
2
2
2
1
1
0
3
2
3
1
2
2
2
1
2
2
0
1
0
2
1
0
3
0
0
2
0
2
0
1
3
2
3
0
1
2
1
2
1
1
0
3
0
0
2
1
0
0
2
1
0
4
1
2
1
1
0
1
3
1
1
2
0
0
0
1
2
0
1
0
1
0
2
1
4
1
0
0
2
2
0
0
3
0
0
0
0
2
0
1
1
6
2
1
2
1
3
0
2
2
0
1
2
1
4
1
0
2
2
1
1
1
2
1
2
0
1
1
1
2
1
2
2
4
0
0
0
0
1
0
1
1
0
1
1
2
2
1
2
1
2
0
0
2
0
2
0
0
2
0
1
0
2
0
0
3
3
0
3
2
1
2
1
0
0
0
0
1
1
1
1
1
0
1
0
1
3
2
1
0
2
2
0
2
0
0
1
0
2
0
2
1
0
2
1
1
2
1
0
2
2
1
3
1
1
1
1
2
0
2
0
2
1
1
0
1
1
0
2
1
1
2
1
0
1
2
0
2
1
0
1
1
0
3
0
0
0
1
0
0
3
1
0
2
0
0
1
1
3
0
1
1
2
0
0
2
1
0
0
0
1
1
0
0
1
1
0
0
0
3
0
3
0
3
0
1
1
0
3
2
3
0
0
2
1
3
1
2
1
0
2
2
1
2
0
0
0
1
1
0
2
0
0
0
0
1
1
1
1
2
1
2
1
0
0
0
0
1
0
1
0
1
1
0
0
0
1
3
0
1
0
3
2
0
1
0
0
2
2
2
0
1
1
2
1
1
1
1
2
0
0
1
3
1
3
0
3
0
2
1
1
1
1
0
1
1
3
1
1
0
1
1
1
1
2
1
2
0
0
2
0
2
0
0
1
2
1
1
0
3
1
0
1
4
0
1
0
2
2
1
1
0
1
0
3
1
0
4
1
0
0
0
0
2
0
1
0
0
0
2
0
2
1
1
1
0
1
3
0
0
1
1
4
1
0
0
1
1
0
0
2
1
2
2
1
1
0
2
2
2
0
1
1
2
0
1
1
1
1
1
1
1
0
2
2
1
1
0
2
2
0
1
1
0
2
0
3
3
0
1
0
2
0
0
1
2
3
1
1
1
0
2
3
0
4
0
0
0
2
0
1
1
0
0
3
0
1
2
0
3
1
1
2
0
1
1
3
0
2
1
1
1
0
4
0
1
3
1
0
2
1
3
0
2
3
0
0
1
0
1
0
0
0
0
2
0
0
2
1
1
0
0
0
1
1
0
2
1
1
1
1
0
3
2
0
0
1
1
1
0
2
0
1
0
2
1
0
0
1
1
0
2
2
0
1
2
1
0
0
1
1
1
0
4
0
0
1
1
1
1
0
1
2
0
0
1
0
0
0
2
2
3
0
3
0
3
4
0
1
0
1
2
0
1
0
1
1
1
2
0
2
2
1
1
0
1
3
1
0
1
2
0
0
0
0
0
3
1
1
0
0
0
3
0
0
1
0
2
1
0
2
0
1
1
0
0
0
1
1
0
0
0
1
0
2
2
0
1
3
0
0
2
1
0
1
0
0
1
0
0
1
0
1
1
1
1
0
1
0
1
1
2
3
0
2
2
0
0
2
1
1
0
1
2
1
1
0
2
3
2
0
1
2
1
2
2
0
2
0
1
0
0
0
3
3
1
0
2
0
0
0
0
0
1
1
1
0
2
0
1
0
2
0
2
2
1
0
1
1
0
0
0
1
0
0
1
1
0
0
0
0
1
0
1
1
3
3
0
0
1
1
0
0
0
0
0
1
1
1
0
0
0
1
1
0
2
1
2
0
0
0
1
2
3
2
1
0
1
0
4
2
2
0
1
0
1
3
1
0
0
1
0
0
0
0
0
0
0
0
0
0
2
0
2
1
0
2
1
3
1
1
2
2
1
2
1
2
1
2
1
0
1
0
2
0
3
2
0
2
2
1
0
1
0
0
0
1
1
0
3
1
1
1
0
0
0
2
1
0
1
0
1
0
2
1
2
0
1
0
2
0
2
1
0
1
0
1
1
3
1
0
2
1
0
0
0
1
0
1
1
0
1
2
0
2
0
1
1
0
0
0
0
0
1
1
0
0
1
3
0
2
2
0
0
2
0
0
0
0
1
2
1
0
0
0
0
1
1
1
0
1
2
1
3
2
1
2
1
2
1
0
0
1
0
0
0
0
1
1
1
0
2
1
0
0
0
0
0
0
2
1
0
1
1
1
2
0
0
0
1
2
3
2
0
0
0
0
0
0
1
0
2
0
1
0
0
0
1
2
1
0
0
0
0
0
0
0
0
2
0
1
0
0
1
1
0
0
0
0
1
0
0
1
3
1
0
1
0
1
1
0
0
1
1
0
1
1
1
1
0
1
0
1
0
2
1
0
0
1
1
0
0
2
0
0
0
0
1
1
2
3
0
0
1
1
1
1
0
1
0
2
0
0
0
1
2
1
0
2
2
0
0
0
2
0
0
3
1
0
1
0
0
2
0
1
1
1
1
1
0
2
1
0
1
0
1
0
0
2
1
1
0
2
1
0
1
2
1
1
2
0
2
1
1
0
0
6
0
1
1
0
1
1
0
0
1
1
2
0
2
2
0
0
3
1
1
1
0
0
0
0
2
3
2
1
2
3
1
2
2
3
0
2
1
0
0
4
1
0
0
0
1
0
1
1
1
0
1
0
2
1
0
0
1
0
1
2
0
2
0
1
5
0
0
0
1
1
2
0
1
2
0
1
1
1
1
0
1
0
0
2
1
1
1
0
1
0
0
0
1
1
0
0
1
0
2
0
0
0
2
1
0
2
1
0
0
1
0
1
1
2
0
1
1
0
0
0
0
1
0
1
1
0
1
1
0
0
1
2
0
2
0
0
1
2
0
0
0
0
0
1
0
0
0
0
2
3
1
0
0
1
0
1
0
1
2
1
0
3
0
0
1
0
4
1
1
3
1
0
0
0
0
2
0
1
0
1
0
0
0
1
2
1
0
0
0
1
0
2
1
2
0
1
0
0
1
0
0
0
0
3
0
2
4
0
0
0
0
0
1
1
0
1
0
0
0
0
0
1
0
0
2
1
1
0
2
1
0
0
0
1
1
2
1
0
0
1
2
0
0
0
0
2
0
0
0
1
2
0
2
1
1
1
0
1
0
0
1
1
1
0
1
0
0
0
0
0
0
0
2
0
1
0
0
0
0
0
0
1
3
0
2
1
0
0
0
1
0
1
0
2
0
0
2
0
1
1
0
1
0
0
1
0
0
1
0
0
0
2
0
0
0
1
0
0
1
0
0
0
0
1
1
3
0
1
1
0
0
0
0
1
1
1
1
0
1
1
1
1
0
0
1
0
1
1
1
2
1
1
1
0
0
0
1
0
0
2
1
0
1
0
0
2
0
2
1
0
1
0
1
0
0
0
0
1
0
0
0
0
1
0
0
1
1
0
0
1
0
1
0
1
0
0
1
1
0
2
0
0
0
0
1
0
0
1
0
1
1
2
1
3
1
1
1
0
0
2
1
0
1
1
3
0
2
0
0
0
0
0
0
0
0
2
1
0
0
1
1
1
0
1
0
0
0
0
0
1
2
1
2
0
0
1
1
0
2
0
1
2
0
1
0
0
1
0
0
0
0
1
3
1
1
0
0
0
0
1
3
2
1
0
0
2
1
1
1
1
0
0
2
0
3
1
1
1
2
1
3
3
1
2
0
1
3
3
2
2
0
2
1
0
0
2
1
3
2
1
1
3
2
1
0
1
0
2
5
3
3
3
2
3
5
0
2
7
0
3
2
10
2
3
6
6
6
5
5
4
3
8
10
3
2
8
10
10
12
5
9
6
9
6
6
9
7
12
10
13
5
12
13
13
10
13
9
6
6
12
17
10
12
6
8
11
2
8
9
9
9
10
8
10
6
7
8
11
10
6
9
9
7
4
11
12
10
7
13
6
6
8
1
4
10
7
5
4
6
7
6
2
8
3
2
3
1
3
2
8
6
3
3
4
4
2
0
2
5
4
1
5
1
5
3
0
2
1
1
2
2
2
3
1
1
1
0
3
2
1
3
0
0
2
4
1
2
2
0
1
4
0
0
3
1
0
0
2
1
0
1
0
2
0
2
1
0
0
0
0
0
0
1
1
2
1
3
0
1
0
1
3
0
1
0
1
1
1
0
0
0
2
0
2
1
0
0
3
2
2
0
2
1
1
3
0
1
0
2
1
1
1
0
0
0
1
0
0
0
0
1
0
0
1
0
0
1
2
1
0
1
1
0
1
1
0
1
0
0
0
0
0
2
0
0
0
0
0
0
0
1
1
0
0
1
1
1
0
0
0
1
1
1
0
0
1
0
1
0
1
0
1
1
2
1
0
0
0
1
0
0
1
2
0
0
0
0
0
3
0
1
3
0
0
1
1
1
0
0
1
2
1
0
1
1
1
1
0
2
1
0
0
2
0
1
0
1
0
0
1
1
0
0
1
1
1
0
1
0
0
0
0
1
2
0
1
0
0
1
0
1
1
0
0
1
0
0
1
0
1
0
0
0
1
0
0
0
0
1
1
0
0
0
0
0
0
0
0
0
0
0
0
1
0
0
0
0
0
1
0
2
0
0
0
0
0
0
0
1
0
1
0
0
0
0
0
0
1
0
1
1
0
0
0
1
0
0
0
0
0
0
0
0
0
0
1
0
1
1
0
0
3
0
1
0
2
0
0
0
1
0
0
0
1
1
1
3
0
0
1
0
0
0
0
0
1
0
0
1
0
0
1
1
0
1
0
1
0
0
0
1
0
0
2
0
0
0
0
0
0
0
0
0
0
0
0
1
1
0
0
0
0
0
0
0
1
1
0
1
0
0
1
0
0
0
0
1
1
0
0
0
1
0
0
0
0
2
1
0
0
0
2
0
0
0
1
0
0
0
1
0
1
0
1
0
0
0
0
1
0
1
0
0
0
0
0
2
2
1
0
2
0
0
0
1
0
0
0
1
2
1
1
0
0
0
0
2
0
1
1
0
0
0
1
0
0
2
2
0
1
0
1
1
1
0
0
1
0
0
1
0
1
1
0
0
0
0
1
0
0
1
0
0
0
0
2
0
1
0
1
0
0
2
1
1
0
0
0
1
2
0
0
1
1
0
0
1
0
0
0
2
2
1
0
0
3
0
0
1
0
0
0
0
1
0
0
1
0
0
0
1
0
0
0
1
0
1
0
1
0
0
0
2
0
1
0
0
0
0
0
0
0
1
0
0
0
0
0
0
0
0
0
0
1
1
1
1
1
0
0
3
0
0
0
0
0
0
0
1
0
1
0
0
0
0
0
0
0
0
1
0
0
0
0
1
0
0
0
0
1
0
0
1
0
0
0
0
1
1
0
0
1
0
1
1
2
0
0
0
0
1
1
0
0
1
0
0
0
1
0
0
0
0
1
0
1
0
0
0
0
0
0
1
1
0
0
0
2
1
0
1
0
1
0
1
0
1
0
1
0
0
0
1
1
1
0
3
0
2
0
0
1
0
0
0
0
0
1
0
2
0
1
1
0
0
0
0
0
0
0
0
1
1
0
0
0
2
2
0
0
0
0
0
0
1
2
0
0
0
0
0
0
0
2
1
1
1
0
0
1
0
0
0
0
0
0
0
0
1
0
0
0
0
0
0
1
0
0
0
0
0
1
0
0
0
0
0
0
0
0
0
0
0
0
0
1
0
1
0
0
1
0
1
1
0
1
1
0
0
2
1
0
0
1
0
1
0
0
0
1
1
0
2
2
0
1
1
0
0
0
1
0
1
0
2
1
1
0
1
1
0
0
1
1
0
0
0
1
0
0
0
0
0
2
0
0
0
1
0
1
2
2
1
0
0
0
1
0
2
0
1
0
0
1
0
0
0
0
0
0
1
0
1
0
1
0
0
0
0
1
1
0
0
2
0
0
0
0
0
2
1
1
0
0
1
2
0
0
1
1
0
0
1
0
0
0
1
1
0
0
2
0
0
0
0
0
2
2
0
0
0
0
1
0
0
0
0
0
0
0
0
0
2
0
0
1
1
0
0
0
0
0
0
0
0
0
0
0
0
0
0
0
0
0
0
0
0
0
0
0
0
0
0
0
0
0
0
0
0
0
0
0
0
0
0
0
0
0
0
0
0
0
0
0
0
0
0
0
0
0
0
0
0
0
0
0
0
0
0
0
0
0
0
0
0
0
0
0
0
0
0
0
0
0
0
0
0
0
0
0
0
0
0
0
0
0
0
0
0
0
0
0
0
0
0
0
0
0
0
0
0
0
0
0
0
0
0
0
0
0
0
0
0
0
0
0
0
0
0
0
0
0
0
0
0
0
0
0
0
0
0
0
0
0
0
0
0
0
0
0
0
0
0
0
0
0
0
0
0
0
0
0
0
0
0
0
0
0
0
0
0
0
0
0
0
0
0
0
0
0
0
0
0
0
0
0
0
0
0
0
0
0
0
0
0
0
0
0
0
0
0
0
0
0
0
0
0
0
0
0
0
0
0
0
0
0
0
0
0
0
0
0
0
0
0
0
0
0
0
0
0
0
0
0
0
0
0
0
0
0
0
0
0
0
0
0
0
0
0
0
0
0
0
0
0
0
0
0
0
0
0
0
0
