0
0
0
0
0
0
0
0
0
0
0
0
0
0
0
0
0
0
0
0
0
0
0
0
0
0
0
0
0
0
0
0
0
0
0
0
0
0
0
0
0
0
0
0
0
0
0
0
0
0
0
0
0
0
0
0
0
0
0
0
0
0
0
0
0
0
0
0
0
0
0
0
0
0
0
0
0
0
0
0
0
0
0
0
0
0
0
0
0
0
0
0
0
0
0
0
0
0
0
0
0
0
0
0
0
0
0
0
0
0
1
4
46
1405
9997
17863
17739
16219
15391
14938
14549
14984
14875
15028
15347
15482
15637
16025
15895
16235
16259
16475
16464
16649
16745
16632
16772
16446
16551
16555
16452
16528
16367
16390
16483
16172
15965
16030
16054
16033
16039
16015
15809
15740
15726
15967
15760
15773
15503
15526
15544
15520
15399
15287
15446
15207
15168
15223
15229
15166
14952
14985
15234
15033
15031
14954
14815
15084
14664
14771
14637
14795
14652
14946
14703
14639
14806
14508
14552
14558
14522
14588
14362
14531
14246
14337
14344
14417
14097
14442
14222
14128
13960
14090
14186
14118
14070
14111
13937
14033
14078
13920
13951
13765
13838
13805
13925
13765
13740
13811
13792
13728
13640
13727
13372
13835
13735
13743
13374
13362
13574
13555
13364
13464
13410
13365
13575
13658
13226
13118
13341
13369
13381
13405
13224
13472
13275
13277
13066
13060
13189
13205
13197
13102
12951
12930
13051
13182
12967
12919
13040
12988
12916
12970
12776
13022
12960
12795
12696
12833
12838
12853
12580
12835
12834
12553
12721
12684
12679
12679
12758
12645
12725
12518
12830
12388
12704
12529
12674
12455
12585
12391
12485
12407
12404
12467
12321
12208
12310
12203
12338
12358
12300
12090
12263
12228
12344
12233
12265
12242
12323
12119
12225
12180
12243
12418
12249
12117
12151
11989
12262
12054
12072
12196
11936
11909
11960
12123
11998
12119
12157
12078
11984
11796
12131
11893
11735
11834
11827
11953
11977
11822
11753
11724
11903
11820
11900
11815
12011
11894
11774
12014
11792
11763
11804
11792
11779
11592
11719
11726
11776
11707
11757
11545
11556
11739
11899
11602
11659
11535
11639
11549
11608
11510
11711
11727
11546
11757
11511
11698
11702
11359
11526
11679
11604
11389
11349
11475
11521
11474
11549
11489
11557
11355
11402
11402
11423
11331
11360
11452
11469
11351
11331
11141
11172
11432
11258
11356
11195
11212
11348
11353
11276
11127
11323
11156
11315
11292
11343
11181
11343
11166
11364
11182
11055
11156
11158
11244
11001
11040
11049
11192
11292
11353
11170
11086
11047
11035
11141
11020
11080
10996
10843
11138
11043
11135
11076
11021
10904
11034
11008
11004
11064
10929
10975
10917
11048
11117
10929
10746
10746
10874
10851
10937
10963
11125
10925
10855
11061
10943
11055
10994
10888
10929
10862
10813
10821
10860
10789
10880
10679
10749
10919
10875
10895
10845
10711
10748
10693
10733
10870
10692
10752
10485
10671
10570
10658
10809
10936
10557
10719
10705
10552
10562
10697
10547
10677
10827
10736
10731
10606
10717
10599
10595
10564
10556
10765
10829
10695
10479
10628
10720
10614
10596
10630
10376
10440
10456
10646
10283
10495
10518
10508
10627
10147
10473
10383
10380
10539
10537
10551
10610
10693
10264
10291
10437
10278
10488
10424
10317
10496
10358
10295
10467
10375
10524
10292
10115
10270
10288
10461
10598
10492
10477
10213
10336
10186
10371
10066
10203
10187
10180
10192
10354
10204
10131
10295
10098
10139
10316
10343
10282
10097
10132
10251
10452
10203
10239
10174
10223
9927
9866
10069
10196
10236
10277
10067
10089
10116
10309
10080
10023
10125
9992
9937
10137
10015
9979
10151
10102
10026
10020
10014
10170
10050
9974
9980
9941
9941
10094
9994
9973
9952
10068
9919
9909
9913
9890
9816
9689
9803
9915
9813
9998
9957
9978
10027
9838
10053
9797
9904
9916
9935
9876
9942
9685
9941
9667
9742
9858
9717
9917
9753
9913
9768
9799
9901
9974
9932
9862
9820
9625
9773
9488
9531
9646
9799
9665
9607
9661
9870
9742
9776
9813
9896
9656
9728
9809
9694
9689
9745
9661
9745
9782
9745
9813
9672
9830
9598
9819
9833
9681
9683
9698
9800
9755
9719
9898
9744
9766
9681
9715
9723
9754
9746
9837
9869
9543
9728
9838
9740
9720
9777
9782
9482
9822
9664
9509
9664
9763
9449
9612
9457
9595
9538
9514
9668
9768
9634
9843
9669
9658
9762
9500
9701
9525
9734
9651
9766
9563
9776
9886
9523
9574
9781
9703
9709
9621
9635
9658
9654
9684
9770
9930
9751
9590
9460
9757
9836
9591
9692
9606
9713
9831
9858
9715
9680
9752
9679
9619
9672
9692
9732
9843
9879
9769
9910
9770
9894
10137
9893
10088
9913
10002
10066
10141
10229
10202
10298
10311
10419
10197
10629
10637
10751
10665
10839
11030
11288
11310
11072
11327
11433
11656
11786
11902
11850
11991
12186
12372
12318
12524
12561
12806
12583
12937
13155
13096
13217
13339
13349
13696
13790
13642
13703
13978
13985
13903
14175
14130
14164
14219
14516
14393
14326
14814
14774
14903
14867
15148
15098
15266
15332
15472
15835
15689
15704
16261
16389
16559
16783
16725
16967
17019
17013
16836
16564
16702
16521
15981
15989
15626
15796
15398
15137
15007
14671
14891
14201
14310
14055
13941
13499
13365
13311
12915
12701
12648
12196
11972
11903
11621
11485
11240
10999
11019
10752
10597
10434
10572
10232
10222
9809
9940
9656
9709
9615
9545
9481
9517
9505
9420
9484
9414
9465
9379
9372
9437
9113
9320
9124
9273
9230
9212
9208
9332
9393
9227
9252
9398
9307
9208
9168
9287
9135
9489
9285
9358
9236
9463
9393
9387
9265
9329
9368
9175
9343
9306
9225
9397
9415
9551
9380
9510
9300
9254
9450
9306
9427
9153
9279
9367
9339
9419
9484
9501
9524
9394
9276
9539
9344
9641
9623
9541
9382
9554
9496
9509
9305
9415
9449
9681
9609
9602
9659
9668
9679
9729
9563
9489
9777
9610
9537
9745
9516
9697
9445
9502
9635
9639
9714
9727
9512
9730
9567
9609
9700
9878
9527
9748
9705
9695
9761
9933
9744
9829
9856
10044
9859
9816
9839
9904
9902
9880
10034
9997
10129
9756
10013
9903
9978
10229
9889
9941
9912
10043
10018
10025
10077
10183
9920
9946
10418
10307
10297
10223
10050
9981
9979
10181
10049
10493
10119
10215
10237
10195
10196
10333
10311
10364
10077
10389
10187
10352
10360
10350
10266
10384
10520
10465
10411
10308
10525
10313
10323
10399
10334
10260
10505
10370
10541
10410
10367
10530
10598
10540
10420
10623
10496
10340
10685
10475
10648
10625
10412
10732
10578
10523
10722
10668
10628
10626
10557
10832
10803
10574
10587
10851
10644
10619
10774
10822
10667
10802
10628
10642
10792
10894
10591
10652
10896
11113
10642
10792
11011
10901
10785
10908
11095
10970
10956
10906
11054
10838
10869
10957
10948
11126
11217
10952
10931
11019
11095
11082
10978
11154
10978
11126
11141
11029
11149
10944
11278
11148
11193
11238
11328
11258
11245
11062
11117
11055
11146
11371
11151
11214
11490
11131
11320
11378
11213
11338
11325
11153
11194
11266
11403
11251
11167
11303
11456
11349
11323
11354
11263
11551
11366
11450
11391
11473
11452
11395
11306
11332
11552
11590
11581
11357
11651
11558
11417
11464
11471
11480
11520
11670
11553
11377
11538
11483
11718
11437
11505
11579
11651
11477
11551
11572
11546
11463
11595
11529
11707
11527
11784
11883
11942
11740
11605
11775
11667
11659
11804
11798
11736
11758
11878
11601
11812
11765
11636
11790
11802
11744
11766
11926
11843
11878
11824
11909
11650
11834
12034
11978
12144
11800
11880
11989
12062
11943
11995
11965
12034
11875
11982
11967
12042
11878
11994
11950
12061
12048
11914
12129
11965
11833
12185
12087
12101
12114
12209
12286
12317
12061
12277
12224
12115
12155
12228
12411
12156
12188
12112
12202
12101
12163
12129
12270
12057
12170
12204
12411
12444
12298
12345
12221
12183
12446
12379
12289
12382
12274
12429
12415
12341
12391
12538
12664
12545
12428
12402
12697
12306
12287
12374
12544
12370
12565
12299
12702
12482
12481
12547
12321
12504
12364
12473
12669
12602
12658
12557
12538
12515
12747
12458
12594
12740
12650
12506
12647
12664
12790
12590
12776
12848
12598
12829
12862
12831
12689
12731
12711
12980
12916
12856
12831
12761
12717
12946
12866
13119
12734
12947
13020
12807
13054
13043
12949
13085
13009
12925
12956
13025
13079
13124
13172
13222
13195
13144
13493
12981
13140
13013
13160
13238
13433
13143
13322
13072
13208
13132
13310
13235
13231
13366
13417
13307
13621
13280
13224
13331
13205
13462
13483
13493
13362
13509
13484
13436
13659
13514
13388
13421
13353
13642
13559
13704
13850
13710
13540
13562
13625
13721
13449
13741
13759
13674
13604
13771
13799
13802
13738
13662
13911
13703
13793
13842
13701
14092
13836
14027
14094
13833
13960
13980
13897
13706
14151
14223
13950
13925
14095
14170
14076
14159
14340
14124
14239
14316
14190
14052
14231
14439
14197
14325
14203
14039
14296
14376
14198
14274
14360
14273
14283
14320
14285
14390
14391
14470
14571
14537
14741
14453
14499
14345
14475
14086
14483
14341
14381
14615
14624
14570
14558
14609
14434
14658
14849
14683
14742
14828
14517
14723
14587
14668
14480
14714
14577
14622
14503
14705
14806
14804
14882
14801
14727
14719
14976
14840
14851
14818
14873
14650
14734
15129
15058
14954
14985
14928
15081
14867
14957
15114
15253
14975
15072
15235
14978
15229
15131
15345
15332
15169
15479
15501
15369
15315
15640
15393
15436
15433
15596
15620
15343
15437
15590
15456
15548
15393
15772
15675
15720
15684
15699
15921
15760
15826
15847
15824
15816
15913
15856
16011
15881
15952
16233
15830
15892
16195
15959
15874
16017
16189
15958
15968
15958
16003
16286
16014
16206
16066
16371
16271
15942
16130
16208
16196
16265
16340
16249
16378
16123
16258
16049
16398
16353
16122
16367
16256
16204
16229
16488
15967
16613
16375
16268
16131
16334
16377
16247
16185
16344
16460
16251
16500
16439
16240
16505
16500
16668
16540
16731
16486
16456
16432
16757
16653
16445
16538
16666
16622
16707
16780
16618
16639
16670
16633
16934
16644
16862
16811
16990
16745
16769
16566
16596
16747
16864
16645
16868
16872
16899
17023
16953
16887
16676
16935
16758
16777
16997
16890
16993
16830
17001
17183
17008
17275
17113
17146
17397
17226
17059
17185
17290
17061
17124
16997
17082
17018
17115
16836
16902
16996
16707
16570
16746
16529
16640
16375
16417
16121
16240
16254
16128
15985
15900
15960
16048
15969
15890
15431
15786
15712
15654
15755
15564
15529
15519
15361
15207
15482
15221
15240
15413
14985
15076
15219
15298
15060
15065
14937
15160
15142
14886
15129
14927
15066
15205
15005
14844
14790
14846
14913
15118
14929
15027
15335
14925
14888
14822
14591
15057
14953
14669
14903
14784
14706
14644
14753
14876
14572
14706
14866
14571
14595
14698
14617
14541
14777
14472
14617
14469
14640
14702
14641
14471
14717
14701
14629
14820
14654
14629
14361
14408
14508
14172
14538
14504
14449
14608
14405
14516
14454
14338
14779
14352
14473
14256
14387
14591
14371
14528
14408
14546
14330
14437
14340
14442
14298
14196
14278
14001
14285
14264
14308
14217
14206
14290
14127
14255
14237
14207
14274
14364
14285
14147
14053
14177
14306
14160
14113
14287
14370
14381
14156
14248
14059
14290
14262
14141
14262
14216
14221
14039
13965
14125
14144
13972
14193
13994
14019
14005
14166
14274
14069
14245
14056
13877
14131
14119
13673
14083
13939
14030
13854
13823
14210
14001
14054
14101
13829
13916
13923
13963
13850
14102
14101
14163
13941
13907
13915
13931
14017
13841
13965
14005
13997
14068
13617
13826
13836
13854
13782
13838
13847
13789
13818
13803
13868
13873
13789
13845
13768
13776
13884
13726
13895
13722
13837
13900
13943
13840
13762
13864
13728
13597
13954
13843
13630
13842
13881
13622
13815
13552
13723
13576
13530
13901
13671
13818
13602
13894
13693
13666
13619
13666
13753
13471
13776
13762
13725
13690
13623
13805
13405
13667
13803
13714
13496
13552
13465
13611
13855
13697
13726
13539
13647
13579
13717
13740
13606
13714
13535
13540
13718
13662
13544
13853
13560
13454
13506
13602
13489
13584
13686
13580
13447
13485
13511
13280
13462
13577
13592
13561
13609
13559
13548
13693
13446
13480
13588
13556
13353
13515
13498
13592
13602
13385
13359
13617
13457
13488
13573
13684
13567
13449
13392
13574
13501
13257
13440
13436
13588
13431
13189
13425
13641
13340
13325
13561
13204
13427
13432
13451
13392
13372
13411
13568
13313
13485
13310
13284
13213
13549
13316
13318
13312
13582
13632
13461
13394
13375
13277
13250
13296
13394
13450
13503
13357
13240
13093
13308
13258
13268
13271
13230
13572
13354
13474
13365
13256
13364
13374
13244
13169
13484
13339
13219
13037
13177
13180
13324
13202
13452
13142
13239
13202
13076
13170
13375
13132
13401
13159
13199
13256
13167
13174
13253
13280
13115
13340
13089
13030
13218
13072
13243
13012
13325
13128
13103
12851
12781
13170
13190
12912
12889
13100
12990
12896
12889
12927
12877
12802
12844
13106
12918
12912
12742
12654
12749
12745
12702
12741
12691
12781
12532
12569
12610
12671
12581
12608
12572
12588
12494
12710
12360
12341
12447
12081
12318
12367
12191
12013
12173
12351
12213
12076
12024
12108
11967
12049
12037
12022
11968
11899
11922
11870
11942
11942
11809
11800
11752
11783
11707
11573
11444
11602
11506
11522
11562
11436
11523
11404
11372
11364
11215
11341
11122
11326
11187
11136
11107
11030
11216
11069
11066
10889
10897
11148
10788
10774
10967
10785
10733
11012
10766
10725
10732
10830
10874
10717
10625
10525
10670
10627
10575
10484
10666
10527
10611
10395
10456
10446
10307
10421
10323
10378
10230
10497
10294
10222
10216
10072
10369
10403
10122
10167
10235
10043
10226
10309
10030
10132
10058
10163
10308
10273
9984
9956
10060
10043
9934
10143
10228
9918
10049
9844
10132
9895
9818
9808
9758
9789
9784
9895
9778
9816
9819
9674
9911
9872
9813
9731
9984
9868
9870
9645
9641
9949
9747
9756
9612
9830
9544
9898
9876
9610
9868
9724
9951
9782
9801
9890
9799
9795
9682
9977
10047
9961
9850
10030
9976
9854
9808
9948
9758
9840
9919
9862
10024
9761
10063
9994
10090
9860
9879
9932
10004
10195
10001
9966
10162
9846
9921
9782
10051
10044
9978
9982
10038
10229
10219
10265
9995
10005
10264
10293
10141
10346
10096
10123
10103
10230
10083
10266
10403
10286
10225
10147
9859
9940
9986
9970
9773
9799
9980
9914
9769
9538
9674
9703
9621
9638
9442
9471
9411
9561
9158
9252
9190
9099
9255
9109
9103
9066
9185
8987
8951
9030
8901
8814
9078
8760
8770
8929
8721
8722
8717
8642
8627
8732
8598
8687
8621
8719
8639
8499
8435
8458
8489
8520
8489
8286
8579
8672
8525
8408
8462
8460
8350
8517
8332
8485
8539
8370
8579
8346
8417
8425
8395
8437
8370
8327
8409
8317
8335
8364
8294
8242
8194
8364
8215
8186
8347
8208
8272
8329
8238
8259
8362
8290
8250
8113
8144
8225
8323
8206
8086
7981
8163
8145
7993
8144
7980
7908
8136
8065
7985
8169
8025
7969
8136
7806
7979
7995
8000
7711
7982
7998
7849
7920
8070
7995
7988
7893
8045
7764
7869
7982
7809
7810
7747
7685
8018
7858
7809
8040
7807
7725
7818
7939
7784
7763
7815
7877
7904
7702
7870
7902
7647
7623
7860
7741
7694
7857
7641
7768
7823
7661
7674
7707
7640
7700
7605
7584
7698
7827
7642
7637
7516
7495
7676
7638
7636
7670
7367
7517
7497
7641
7698
7667
7664
7507
7751
7480
7599
7483
7539
7673
7394
7475
7574
7544
7595
7457
7616
7381
7357
7346
7586
7413
7463
7302
7455
7418
7333
7351
7347
7300
7110
7442
7332
7428
7324
7498
7419
7406
7198
7235
7232
7347
7431
7329
7402
7438
7570
7294
7277
7241
7308
7448
7220
7412
7473
7188
7279
7358
7239
7202
7187
7332
7203
7098
7273
7061
7234
7051
7139
7109
7096
7225
7156
7251
7125
7171
7202
7233
7179
7103
7137
7207
7132
7103
7069
7039
7058
7128
7113
7112
7055
7012
7054
7100
6951
7071
6982
7097
7056
7012
7147
7196
7134
7009
6953
6904
6980
6993
7083
7026
6984
6879
7004
6863
7025
6919
6905
6978
6891
6963
6869
7032
6892
6899
6974
6921
6880
6843
6843
6816
6948
6784
7068
6785
6820
6992
6830
6948
6864
6881
6902
6792
7021
6694
6846
6822
6888
6801
6811
6611
6811
6702
6943
6973
6839
6966
6883
6733
6848
6722
6761
6734
6808
6924
6672
6835
6919
6747
6734
6880
6787
6676
6708
6833
6833
6623
6741
6699
6658
6579
6769
6650
6763
6789
6743
6615
6747
6833
6733
6747
6671
6653
6545
6799
6626
6622
6678
6621
6688
6691
6569
6544
6585
6786
6534
6723
6672
6512
6571
6722
6424
6600
6561
6565
6604
6551
6585
6548
6787
6579
6649
6484
6720
6545
6571
6528
6589
6647
6557
6623
6563
6473
6606
6679
6563
6463
6532
6431
6543
6535
6406
6474
6462
6395
6537
6352
6344
6631
6427
6501
6494
6406
6498
6465
6372
6343
6310
6503
6424
6512
6412
6551
6503
6425
6428
6453
6478
6361
6420
6432
6326
6438
6529
6435
6518
6513
6327
6313
6410
6506
6526
6437
6578
6427
6469
6564
6467
6361
6549
6573
6721
6598
6766
6699
6560
6758
6777
6911
6897
7034
7089
7253
7308
7470
7514
7820
7780
8111
8090
8148
8396
8512
8896
9058
9268
9273
9619
9917
10181
10389
10707
10748
11383
11386
11552
11906
12197
11988
12646
12571
13292
13377
13699
13691
14073
14376
14316
14668
14847
15034
15108
15522
15518
15626
16172
16268
16328
16663
16648
17237
17516
17674
17968
18226
18227
18614
19087
19222
19558
20295
20287
20661
20994
21107
21313
21025
21151
21094
20998
20895
20427
20228
20113
19456
19489
18871
18590
18125
17487
17083
16629
16165
15573
14995
14610
14122
13907
13094
12554
12136
11697
11483
10977
10486
10208
9703
9415
9274
8798
8363
8175
7941
7677
7421
7356
7160
7066
6684
6549
6510
6324
6415
6062
6268
5981
6004
6067
5953
6046
5922
5779
5839
5721
5801
5717
5793
5658
5871
5753
5652
5821
5597
5585
5586
5757
5695
5675
5619
5515
5632
5691
5653
5643
5538
5554
5673
5566
5586
5515
5662
5539
5549
5648
5494
5441
5517
5504
5501
5517
5476
5413
5480
5595
5494
5472
5545
5602
5465
5497
5687
5636
5636
5365
5563
5546
5517
5600
5548
5435
5432
5504
5384
5487
5510
5560
5524
5546
5400
5621
5533
5466
5550
5475
5476
5558
5527
5499
5592
5433
5628
5405
5563
5442
5448
5522
5525
5454
5545
5511
5461
5481
5501
5695
5470
5412
5537
5583
5520
5394
5467
5504
5597
5419
5476
5544
5546
5475
5605
5458
5559
5475
5625
5369
5521
5482
5554
5493
5602
5436
5470
5536
5483
5569
5587
5464
5438
5563
5482
5549
5501
5420
5539
5487
5621
5685
5533
5752
5664
5663
5756
5575
5726
5690
5714
5825
5929
5957
5917
6170
6253
6341
6669
6709
6912
7088
7215
7536
7601
8201
8392
8738
9017
9448
9697
10341
10617
10936
11476
12002
12643
12851
13520
14331
14750
15270
16030
16510
16958
17803
17986
18837
19491
19900
20540
20947
21649
22289
22829
23363
24234
24644
24884
25766
25812
26031
26937
27774
27865
28529
28816
29237
29735
30634
31254
31790
32107
32697
33350
33986
35207
35288
36237
37062
37630
38130
39353
39850
40067
40431
40501
40389
41028
40435
40679
40008
39430
38827
38041
37207
36295
35342
34483
33451
31981
31086
29884
28833
27403
26252
25119
23908
22572
21534
20256
19372
18358
17317
16402
15278
14503
13569
12630
12193
11166
10648
10027
9673
9140
8532
8081
7716
7523
7127
6773
6469
6212
6157
5755
5522
5481
5409
5152
5175
5034
4935
4800
4817
4798
4572
4609
4569
4557
4374
4641
4590
4397
4487
4356
4379
4298
4326
4368
4356
4237
4280
4328
4303
4251
4205
4325
4178
4184
4202
4300
4286
4337
4176
4380
4177
4262
4119
4201
4117
4152
4260
4312
4121
4133
4165
4152
4228
4083
4124
4032
4153
4239
4096
4192
4154
4161
4118
4055
4152
4141
4132
4020
4000
4123
4186
4182
4033
4088
4192
4116
4003
4170
4033
4061
4050
3978
4047
4118
4124
4185
4102
4149
4053
4154
4038
3924
4062
4018
4081
4117
4050
4027
4129
3988
3900
3987
4078
4057
4138
3880
4036
4104
4032
4007
3992
4009
3984
4082
3953
4018
3981
4068
3991
4050
3931
4082
3982
4029
3942
3997
3946
3953
3984
4088
4012
3977
3972
3923
3947
4074
3955
3957
3945
4004
3914
3981
3925
3999
3985
3869
3755
3907
3739
3887
3998
3961
3993
3965
3867
3935
3991
3917
3786
4018
3934
3894
3925
3917
3936
3944
3950
3947
3885
3965
3851
3783
4017
3793
3883
3916
3839
3928
3908
3935
3852
3879
3996
3910
3935
3870
3961
3992
3813
3803
3793
3926
3908
4008
3824
3852
3865
3825
3881
3808
3986
3891
3876
3798
3860
3936
3859
3907
3820
3806
3771
3970
3952
3843
3875
3877
3830
3779
3742
3861
3889
3689
3870
3865
3817
3711
3877
3791
3756
3839
3751
3769
3888
3848
3715
3899
3826
3895
3751
3843
3718
3754
3884
3842
3700
3793
3860
3768
3733
3699
3935
3809
3894
3760
3904
3888
3786
3747
3903
3857
3763
3730
3763
3702
3769
3770
3806
3743
3726
3675
3694
3712
3753
3731
3883
3867
3733
3719
3785
3687
3686
3680
3747
3822
3826
3793
3752
3792
3644
3780
3816
3711
3604
3728
3754
3799
3737
3636
3674
3839
3762
3751
3642
3766
3744
3713
3542
3845
3720
3724
3772
3835
3725
3754
3644
3685
3815
3781
3700
3709
3767
3768
3757
3743
3687
3720
3670
3687
3722
3775
3717
3720
3774
3619
3722
3762
3786
3714
3918
3748
3796
3713
3816
3748
3757
3605
3754
3525
3728
3620
3710
3755
3809
3732
3739
3763
3670
3742
3803
3735
3851
3612
3713
3766
3841
3698
3733
3713
3686
3738
3690
3780
3749
3667
3798
3744
3808
3719
3722
3697
3738
3764
3889
3882
3704
3808
3843
3821
3884
3746
3835
3873
3706
3729
3894
3741
3886
3765
3934
3800
3933
3884
3760
3842
3953
3972
4012
3872
4003
3887
4072
4032
4037
3982
3977
4079
4261
4216
4171
4135
4324
4350
4342
4474
4637
4821
4860
5194
5099
5182
5671
5760
6188
6555
6893
7342
7802
8462
8796
9589
10094
10856
11856
12674
13568
14474
15543
16518
17829
19250
20462
21699
23176
24757
26054
27851
29193
30791
32457
34356
35908
37390
38801
40896
42548
44628
46185
48165
49631
51042
52968
54621
56247
57894
59508
61290
62659
63730
65286
67097
68831
69900
71085
73882
74808
76348
77700
79193
80857
82784
85074
85831
88115
90417
92940
94366
95939
98151
99672
101016
102497
104159
105209
105464
105627
105406
105317
104373
102885
101289
100078
97793
95242
92950
90104
88374
84755
81592
77827
75114
71958
68037
64361
61025
57736
54491
51489
47816
44809
41838
38979
36331
33259
30868
28258
26382
24091
22062
20288
18556
17266
15665
14282
13056
11770
10884
9745
8985
8196
7376
6856
6262
5846
5340
5003
4617
4336
3966
3810
3497
3323
3090
2893
2755
2715
2555
2556
2373
2333
2195
2259
2191
2110
1984
1990
1983
1940
1890
1823
1835
1783
1790
1867
1736
1756
1710
1675
1643
1649
1619
1660
1596
1540
1561
1568
1591
1557
1615
1527
1504
1473
1475
1575
1470
1485
1484
1503
1464
1513
1455
1496
1466
1521
1491
1439
1522
1448
1453
1504
1449
1518
1494
1432
1465
1412
1386
1355
1401
1409
1395
1376
1378
1397
1372
1395
1360
1370
1361
1423
1389
1348
1346
1350
1365
1300
1379
1378
1349
1322
1316
1318
1311
1338
1354
1402
1415
1342
1323
1333
1296
1283
1319
1302
1306
1370
1314
1219
1270
1299
1302
1244
1328
1328
1295
1267
1192
1338
1264
1216
1247
1272
1248
1239
1298
1296
1308
1264
1270
1336
1274
1241
1304
1316
1334
1272
1289
1288
1255
1330
1225
1275
1241
1204
1288
1294
1268
1300
1263
1246
1246
1265
1338
1314
1334
1322
1373
1384
1467
1463
1496
1468
1551
1655
1608
1755
1828
1869
1875
1942
1995
2228
2342
2411
2597
2700
2791
2906
2977
3255
3497
3427
3765
3990
4170
4451
4612
4700
5017
5418
5447
5586
5878
6092
6296
6650
6871
7099
7104
7416
7909
8024
8092
8392
8682
8862
8886
9215
9468
9685
9833
10103
10341
10558
10844
10861
11083
11152
11702
11586
12141
12268
12442
12824
12927
13196
13564
13892
13768
14029
14220
14513
14893
14605
14650
14740
14517
14532
14251
14090
13827
13650
13372
12984
12411
12144
11912
11484
11027
10571
10000
9728
9111
8800
8123
7930
7513
6933
6563
6128
5816
5363
4975
4624
4425
4015
3798
3554
3366
3117
2844
2767
2542
2352
2225
2063
1860
1815
1755
1580
1522
1451
1379
1344
1307
1244
1145
1149
1051
1135
1036
1039
1047
979
962
1021
917
956
973
919
918
909
860
923
825
855
871
849
895
840
884
804
813
775
785
792
749
789
814
790
778
854
819
772
817
757
771
812
812
777
747
811
789
787
767
762
802
742
762
850
745
765
721
756
765
760
730
776
727
752
747
737
760
727
717
794
739
703
730
729
739
703
679
756
695
769
698
740
749
728
693
750
737
733
755
727
662
737
698
747
723
716
733
690
700
708
662
715
692
723
687
693
674
714
706
675
698
724
686
724
697
710
707
690
660
642
705
683
676
730
673
679
705
702
663
675
691
703
651
703
735
693
667
705
690
724
661
705
680
739
644
635
651
640
665
703
695
620
659
694
631
670
677
648
647
695
729
683
644
630
635
658
697
633
663
640
658
623
647
649
600
646
628
635
686
624
632
647
684
619
700
653
653
645
608
625
611
669
650
596
640
650
605
643
633
596
595
629
647
618
616
629
646
635
613
691
638
586
664
580
624
623
610
664
621
634
602
590
629
614
581
610
613
612
612
576
592
591
628
632
613
574
627
644
603
622
626
614
612
587
633
583
625
645
590
579
645
608
640
657
593
584
630
599
572
620
586
589
592
606
626
584
623
568
614
579
588
595
579
593
598
563
587
589
603
590
587
604
611
579
619
579
595
595
591
556
603
571
603
568
607
593
564
619
630
547
602
580
547
585
579
540
552
566
610
574
585
605
605
580
591
574
573
587
623
591
570
603
609
572
621
551
558
613
610
595
603
571
641
565
542
582
577
608
552
590
563
575
556
590
575
584
628
585
562
577
582
605
567
590
628
618
593
601
571
549
507
604
547
535
574
575
554
551
548
578
566
578
542
524
544
527
511
573
558
588
589
539
566
569
550
520
580
572
563
566
537
535
519
548
571
566
548
543
522
511
543
517
567
507
547
551
543
521
550
585
571
563
522
580
477
596
541
545
522
586
583
560
564
513
578
539
530
548
572
597
549
550
537
537
563
594
545
573
538
572
550
600
565
589
571
565
596
521
601
605
599
563
571
566
583
570
590
616
551
607
579
587
600
612
596
601
597
614
591
654
615
605
665
591
553
628
679
623
621
623
638
619
637
627
653
661
670
655
653
635
617
636
683
616
636
679
595
657
599
646
651
642
666
618
660
592
628
590
588
572
577
584
623
576
527
561
592
559
549
580
540
502
542
517
486
514
549
451
488
504
456
488
454
461
507
482
471
483
475
477
478
452
438
457
494
415
464
467
494
462
456
451
450
466
492
491
461
459
465
440
451
484
470
458
431
465
457
431
458
484
451
481
454
460
493
449
471
430
476
438
473
520
449
459
456
414
470
474
456
458
473
465
446
464
461
461
453
468
432
497
440
419
461
462
439
428
456
415
493
460
467
452
488
451
450
488
406
422
451
454
478
480
437
418
444
438
422
458
459
443
453
426
444
439
435
452
455
449
471
454
483
441
468
436
441
426
452
446
446
448
433
449
465
460
440
442
446
413
446
421
470
405
413
439
439
435
449
501
424
459
427
412
420
451
413
435
476
386
410
455
411
454
453
444
455
474
425
407
448
416
443
444
418
429
441
424
430
452
406
400
419
395
434
435
402
412
430
430
432
459
425
455
394
442
362
415
423
436
456
418
398
454
445
446
405
424
433
416
415
433
442
437
433
402
436
430
398
414
454
425
405
384
464
425
418
423
408
436
428
420
446
402
426
382
411
436
412
438
408
413
427
410
403
393
433
426
453
399
428
428
421
430
407
419
398
401
407
384
425
409
413
398
422
393
386
362
420
424
406
385
389
391
389
386
413
402
360
395
409
381
364
408
409
372
418
397
419
394
432
373
401
383
432
409
388
394
407
406
394
365
355
407
386
378
381
375
379
371
384
381
401
369
389
381
405
370
387
403
391
408
407
385
367
383
374
382
362
401
383
362
381
393
378
352
357
381
364
385
386
394
389
405
387
362
391
355
384
360
383
356
388
368
378
423
402
368
409
357
359
367
394
391
391
356
340
354
395
372
332
371
356
419
374
350
358
406
375
386
359
388
333
369
345
354
365
377
374
376
418
375
371
376
397
341
393
352
329
341
376
382
377
359
367
361
401
383
355
391
364
385
345
372
364
350
376
370
386
359
346
342
374
343
335
366
379
367
332
337
369
398
370
347
386
377
345
381
352
383
355
357
356
357
357
338
392
346
323
374
372
382
346
347
353
356
371
329
355
372
329
347
364
331
342
330
364
386
358
347
373
331
379
354
331
370
343
330
327
365
352
343
350
341
352
331
301
346
353
364
355
330
357
327
350
390
319
339
342
357
346
337
370
371
351
371
363
318
319
387
316
338
340
360
334
344
349
329
349
359
332
328
340
320
340
367
342
324
370
355
329
325
345
348
318
315
350
336
292
343
336
348
338
322
347
329
366
337
350
335
342
333
351
319
332
319
315
360
336
328
328
344
307
341
317
334
317
328
316
295
321
300
330
328
320
339
323
332
298
368
317
295
326
307
361
333
317
313
311
320
334
336
314
318
322
337
303
338
328
281
343
325
300
322
341
324
309
317
365
290
311
356
307
329
337
333
288
319
308
288
323
328
324
294
293
325
322
320
296
322
336
329
318
300
340
324
304
311
311
317
313
275
311
305
324
312
300
326
323
309
336
349
288
323
293
316
306
341
307
305
305
298
322
316
311
330
291
305
283
303
315
297
314
315
318
308
278
304
270
331
306
330
316
281
280
303
292
325
273
323
280
310
288
309
287
284
318
330
293
314
310
307
290
285
299
305
265
283
318
301
306
306
308
286
301
296
276
296
303
309
284
328
277
327
298
319
272
287
296
291
302
316
309
249
302
304
331
271
303
295
297
312
285
298
285
289
295
301
293
315
273
310
318
286
287
292
278
311
309
286
292
301
304
272
294
280
292
308
274
279
274
270
299
280
293
259
278
300
273
307
276
291
297
302
263
279
312
275
275
264
281
271
276
303
282
270
282
307
302
255
273
264
256
296
241
299
268
279
292
253
273
268
255
275
274
290
275
280
266
288
278
241
252
231
267
268
243
270
280
303
259
281
256
284
231
232
266
264
275
283
280
272
271
249
275
269
227
286
259
272
258
276
268
264
258
275
271
282
237
263
251
246
239
278
241
268
262
251
261
271
248
254
271
274
248
251
252
249
241
272
240
259
264
244
242
235
237
237
246
251
262
255
254
257
243
244
261
258
266
259
248
259
243
263
254
269
241
285
254
238
222
252
243
246
246
239
214
231
262
219
242
247
234
227
247
220
213
241
246
240
232
257
239
216
242
217
241
242
249
215
265
247
238
245
241
239
276
229
259
241
211
221
223
250
226
243
240
229
246
228
222
218
235
226
225
255
260
230
240
233
247
223
230
234
238
241
221
252
234
226
215
254
251
260
237
204
255
214
236
245
226
232
239
217
207
239
208
215
228
228
235
236
221
198
227
237
239
201
242
241
208
226
223
229
247
227
209
223
203
228
239
215
235
228
250
228
222
188
237
225
213
221
205
236
205
218
218
219
192
205
233
209
225
197
212
199
216
234
211
224
219
237
223
216
223
202
226
230
200
215
206
216
223
214
213
215
226
222
197
210
216
211
223
217
226
225
210
191
204
192
213
231
229
195
211
215
219
216
227
221
214
227
199
182
210
224
194
223
204
203
191
198
200
177
229
197
205
225
216
208
201
196
222
188
212
193
223
215
183
197
201
192
196
194
224
207
187
175
197
218
207
183
188
183
214
192
201
181
235
174
194
217
212
180
206
188
200
213
173
203
187
200
190
203
170
200
204
206
200
192
213
174
211
163
183
181
199
190
193
196
187
215
199
185
195
186
191
201
192
240
196
172
181
182
189
174
167
180
186
180
178
204
192
183
234
175
200
188
190
154
191
189
192
199
200
191
205
197
187
192
217
188
188
190
182
192
196
166
200
193
169
197
201
170
200
152
181
192
177
201
203
193
201
199
172
158
215
171
180
174
196
178
185
194
191
177
188
202
184
186
171
173
182
183
176
169
191
162
175
193
178
177
167
198
164
157
197
182
160
169
180
184
186
176
147
165
176
176
195
182
174
182
180
170
179
171
169
173
170
156
168
159
172
181
165
180
189
172
157
165
176
187
164
181
190
193
169
165
181
167
169
187
156
192
152
172
165
169
168
172
152
166
182
182
162
204
188
164
184
165
163
154
179
173
159
159
170
159
176
179
182
151
179
164
185
173
182
161
169
148
172
167
180
182
180
153
173
179
161
151
189
186
154
157
159
148
166
180
158
143
163
169
178
160
171
165
156
164
166
179
152
172
151
138
160
157
170
159
169
152
170
147
162
175
141
163
171
120
169
137
175
153
152
154
165
187
126
143
170
170
173
174
147
166
154
155
153
136
175
175
144
152
152
145
176
145
145
149
171
144
164
156
158
147
164
153
132
132
175
155
151
169
135
178
155
180
178
152
145
190
167
149
158
147
163
148
183
150
135
141
177
167
137
174
134
158
140
149
140
150
177
136
181
148
143
146
160
161
132
180
143
156
157
156
147
140
169
162
150
152
135
158
149
136
134
160
143
153
126
139
154
146
161
160
153
163
166
174
142
152
142
151
168
145
153
154
137
131
141
157
144
141
142
132
158
160
165
141
127
151
129
126
129
145
156
121
147
140
144
149
122
140
135
140
146
132
128
109
155
139
140
114
149
120
135
141
149
160
156
122
134
119
153
136
121
122
135
134
130
126
140
112
147
146
140
142
135
145
132
138
158
160
120
129
128
138
135
130
129
140
113
132
130
131
135
141
119
139
137
137
135
131
147
149
120
130
153
139
134
140
142
127
145
125
143
126
144
134
107
134
126
119
136
121
119
118
137
129
112
137
123
129
120
139
139
120
128
114
117
121
127
150
139
132
126
120
127
136
128
128
115
111
124
123
129
148
134
132
142
127
151
128
133
103
129
125
123
126
141
117
116
127
143
105
116
109
118
133
129
128
132
130
114
133
162
128
137
137
148
118
134
124
124
146
131
115
111
125
135
128
118
130
124
131
134
125
132
125
139
131
132
119
155
140
151
139
144
138
137
125
136
119
133
135
141
133
118
132
150
135
144
134
146
146
131
153
152
139
138
131
118
144
136
123
143
109
134
128
122
126
149
147
139
130
136
134
138
141
149
126
118
134
134
160
125
127
128
127
138
128
138
135
116
116
146
135
138
121
127
127
125
133
109
107
107
119
106
123
116
116
114
125
127
136
119
107
130
115
96
100
107
128
119
128
129
107
102
128
107
101
106
131
118
138
119
112
115
124
114
107
98
120
112
101
97
118
93
107
105
131
122
98
104
100
123
118
121
114
130
126
109
105
107
123
94
109
111
111
99
120
124
105
115
108
98
111
122
111
110
115
127
107
99
94
118
98
99
95
102
113
118
105
93
118
110
106
119
112
103
127
112
106
104
104
89
112
106
109
98
119
122
124
102
117
82
118
119
101
112
136
103
110
100
105
91
102
103
132
116
93
115
103
105
112
108
101
110
105
97
108
120
94
97
111
99
117
107
106
112
115
106
128
107
104
115
107
110
95
82
107
116
124
109
106
98
113
100
114
74
108
105
114
124
119
101
116
125
103
98
116
122
110
123
124
111
113
111
127
105
112
97
121
106
121
110
102
115
112
119
111
128
97
102
120
115
133
104
120
115
100
116
121
130
100
122
96
122
113
122
118
119
96
106
115
117
111
91
107
105
97
102
114
118
101
103
94
96
99
114
89
100
98
95
101
110
105
101
82
102
92
97
91
98
80
86
91
125
99
82
93
90
84
94
97
101
99
84
66
103
91
79
98
64
91
97
90
76
99
92
74
85
87
113
80
79
78
86
79
90
91
102
89
95
90
94
85
90
94
98
93
85
94
105
90
97
95
85
97
96
81
93
91
91
105
100
80
86
76
101
83
96
86
74
80
94
95
86
95
90
86
86
87
95
80
78
85
88
98
92
94
90
95
96
94
95
85
74
76
80
77
85
83
83
72
91
86
93
78
78
100
104
88
95
90
83
96
93
84
92
83
81
102
75
81
93
87
92
99
90
92
79
87
93
74
90
93
81
93
88
97
91
82
104
75
90
93
92
107
78
102
106
93
98
84
112
95
94
88
86
87
94
95
75
100
115
104
95
77
100
92
90
105
82
106
88
82
104
98
96
76
82
112
90
102
100
91
101
107
99
122
100
93
101
103
97
100
103
90
109
88
84
102
98
111
120
116
105
103
102
105
97
99
117
92
122
119
94
116
104
135
116
103
105
107
102
103
134
120
101
105
115
106
107
98
93
99
117
101
118
99
107
102
124
111
103
106
96
104
107
103
96
89
101
122
92
93
94
101
93
87
91
96
103
90
87
76
91
95
106
89
80
89
91
96
83
83
67
61
75
85
70
78
70
72
61
70
60
54
69
53
60
69
67
56
73
59
65
70
52
74
55
72
59
43
64
61
68
63
71
50
46
59
69
65
73
59
69
62
56
64
47
64
57
41
58
53
68
56
52
53
58
51
47
55
64
52
58
66
46
67
56
86
61
58
51
49
54
68
60
50
62
43
56
50
66
47
62
47
54
62
61
64
71
52
59
55
62
50
62
59
61
70
62
55
81
47
56
50
50
57
58
62
61
63
59
70
57
60
54
51
52
52
52
58
71
53
66
63
69
54
48
61
47
48
52
45
49
55
61
58
63
44
64
61
55
41
62
64
55
58
68
58
53
58
67
66
53
49
68
56
56
46
57
56
64
62
61
54
60
62
45
55
60
63
68
53
59
56
64
52
49
54
44
67
77
45
61
64
65
51
75
50
59
59
56
62
71
62
58
65
57
48
58
54
56
50
64
60
55
72
46
60
43
57
47
67
77
66
53
58
61
51
61
58
51
64
64
49
44
66
58
50
52
65
58
54
70
57
62
64
61
63
59
60
68
65
60
65
49
59
65
64
58
70
55
51
68
62
52
58
64
60
48
58
53
62
48
68
58
54
49
59
75
55
40
52
66
51
51
46
61
57
66
47
63
60
53
44
46
69
64
47
54
52
50
54
46
50
56
56
61
41
55
56
66
53
48
44
49
48
59
52
59
49
58
53
39
56
68
49
66
62
52
64
41
42
52
46
59
31
66
37
50
59
52
47
49
47
60
52
63
51
51
46
53
55
40
55
58
45
46
50
54
65
55
51
55
47
46
47
52
52
54
50
52
51
70
50
71
48
53
53
41
63
49
46
65
50
40
62
59
50
55
62
53
53
49
49
57
55
40
59
40
71
49
60
76
55
56
63
68
52
50
58
50
59
62
67
56
62
68
55
63
51
59
49
42
74
63
65
50
55
71
55
50
72
64
51
62
59
62
57
51
54
58
58
60
55
47
69
57
60
63
59
63
76
65
58
57
73
63
61
65
76
72
73
52
55
61
75
57
59
81
74
54
56
57
60
56
63
75
67
66
69
77
78
56
77
83
62
61
71
88
70
83
66
84
99
75
78
79
57
71
85
78
97
86
72
81
69
91
77
94
84
100
96
72
86
81
71
72
84
78
83
82
100
96
92
76
83
90
81
76
87
76
80
75
65
82
86
74
71
67
87
77
76
70
89
69
63
75
68
66
59
60
63
60
65
43
54
55
43
53
36
38
42
35
55
38
43
39
32
42
32
32
33
31
34
31
21
29
21
21
22
25
26
35
25
30
26
18
28
23
22
18
21
30
22
27
20
16
20
31
27
29
19
19
28
22
18
27
14
29
23
25
18
22
24
22
23
19
19
23
30
21
18
25
27
30
16
21
17
20
20
22
20
19
17
25
24
19
18
26
28
16
23
15
18
18
23
28
22
9
24
34
19
21
15
21
26
26
21
29
22
15
24
20
24
25
29
21
27
25
25
28
21
17
18
24
16
17
21
19
20
30
21
33
19
22
27
26
18
27
27
22
20
31
15
25
27
28
28
23
29
21
27
19
22
27
19
16
26
20
20
17
29
29
19
28
25
17
25
31
17
21
30
24
18
37
23
24
26
26
27
25
21
21
21
26
19
26
19
30
17
21
22
29
28
14
28
23
18
15
29
17
22
24
26
20
25
29
26
29
25
31
21
19
28
22
22
17
19
26
26
28
21
25
32
21
23
22
22
24
29
28
30
34
29
27
35
25
26
23
23
27
26
35
18
31
27
29
31
25
25
21
22
26
20
27
18
27
29
22
23
28
42
30
26
17
18
19
29
37
15
28
22
23
25
28
31
36
22
19
24
26
28
27
21
32
19
19
23
20
24
27
24
21
20
22
24
21
19
20
19
17
9
22
17
8
12
16
25
17
14
17
17
16
9
24
16
12
14
14
10
12
12
16
16
11
8
4
19
10
13
13
17
10
14
16
16
13
19
12
10
9
13
17
11
12
14
13
10
10
9
11
18
8
9
13
8
11
13
10
7
11
10
13
14
13
13
10
17
12
10
8
17
12
14
11
12
8
5
12
11
15
8
14
7
8
11
9
14
18
13
11
6
14
7
14
14
4
11
7
20
9
10
14
11
10
13
11
13
13
13
11
23
9
10
10
15
9
9
13
8
12
17
9
12
7
9
13
13
8
8
7
8
5
10
11
8
14
12
14
8
15
13
6
7
8
11
10
9
10
5
7
13
7
3
9
16
11
13
9
14
10
6
12
10
8
9
9
9
9
6
13
8
20
13
9
16
13
9
9
16
15
13
9
6
15
9
7
12
11
20
11
12
11
11
9
12
8
5
14
13
9
16
13
13
10
6
12
16
13
9
11
15
14
11
17
11
11
9
13
14
12
13
10
7
14
10
8
8
11
9
5
10
7
9
8
13
18
14
14
12
13
19
9
15
12
12
15
12
16
13
10
9
11
18
12
17
11
14
18
19
13
12
13
9
16
13
10
7
9
17
15
15
16
18
10
10
8
15
14
9
11
9
8
11
11
16
9
16
3
15
6
9
10
10
11
11
5
4
12
11
14
6
10
10
17
10
10
6
14
6
9
12
15
13
8
14
5
9
10
7
5
9
10
9
8
12
9
10
8
8
12
7
12
10
9
6
11
6
14
8
4
10
4
6
4
8
6
6
11
11
9
11
3
14
14
9
6
7
7
11
10
10
7
12
10
16
9
7
9
13
13
15
4
5
9
5
4
10
7
10
7
12
6
11
11
8
1
6
7
16
9
10
8
7
4
6
12
13
7
9
10
9
10
8
12
10
12
11
11
12
10
6
4
7
13
10
2
13
14
10
5
8
9
4
8
9
9
8
9
9
15
12
7
10
9
8
9
6
8
11
15
11
5
12
7
8
10
7
5
12
10
9
6
8
10
9
11
6
9
6
8
10
9
7
16
8
7
12
11
7
6
11
7
6
10
8
13
8
9
6
9
7
9
8
15
7
5
8
15
18
6
6
8
6
3
15
8
13
4
7
19
4
8
10
5
6
11
12
12
9
12
10
7
9
13
7
9
9
7
13
13
13
4
8
12
9
13
11
12
7
7
8
12
13
10
10
11
10
8
5
8
11
6
6
9
12
8
11
12
21
11
5
11
13
11
7
12
4
12
10
7
9
11
11
11
7
3
12
10
6
21
4
10
12
7
11
9
8
13
9
9
10
4
7
15
6
7
8
6
14
5
9
12
9
10
5
5
10
5
10
8
8
9
7
6
5
7
7
7
5
4
8
9
3
3
12
6
7
1
12
9
5
8
6
5
4
8
7
7
4
10
8
6
10
2
10
19
7
13
8
7
9
8
5
8
10
13
7
4
6
6
11
7
8
11
13
7
11
7
8
9
15
10
13
7
7
5
14
6
6
5
12
7
12
5
9
6
4
8
7
7
7
7
4
13
5
10
5
8
5
10
6
6
3
7
14
10
3
9
5
6
7
3
8
3
5
8
13
9
6
8
5
8
12
4
9
9
7
6
9
5
3
8
9
7
7
10
11
7
10
6
9
11
6
6
7
12
7
6
8
7
9
0
6
9
9
4
6
6
7
9
7
11
8
6
8
10
11
3
5
6
8
3
4
8
10
9
9
12
4
7
10
3
4
8
8
7
1
4
6
5
9
6
9
2
9
13
9
10
5
6
9
5
4
7
7
6
8
7
4
2
6
10
8
8
5
10
6
6
5
6
7
6
4
6
9
13
6
5
6
6
2
5
9
6
5
11
7
5
7
8
7
5
15
10
1
3
7
5
5
8
6
7
8
5
4
6
6
3
8
5
4
11
6
4
10
9
8
5
10
4
6
3
2
8
3
5
8
9
5
7
10
8
11
8
6
3
5
8
6
5
5
7
10
7
5
8
5
7
12
10
10
4
5
6
7
6
7
12
4
3
6
7
6
12
3
8
7
8
4
4
10
6
1
7
2
8
8
10
9
6
14
7
7
8
4
11
6
9
4
5
4
8
10
7
7
6
5
7
9
6
6
4
3
4
9
8
5
10
11
7
6
11
9
7
5
6
4
3
4
6
9
4
4
5
8
5
6
8
7
8
11
7
8
11
2
8
12
2
5
6
14
7
10
8
8
10
15
6
6
5
6
5
6
3
6
13
6
7
4
11
8
4
6
6
7
8
6
3
7
9
8
4
5
7
7
4
3
3
7
8
7
3
7
6
9
4
7
7
11
4
6
7
8
7
1
4
11
8
9
1
8
7
3
5
4
8
4
8
6
8
4
8
3
6
4
3
6
8
7
9
8
6
6
10
7
7
6
10
3
5
5
5
7
8
5
9
6
5
4
8
5
9
6
8
6
6
9
11
3
3
6
7
4
8
9
2
4
6
1
4
7
4
3
7
6
11
4
3
5
9
4
6
7
4
2
6
7
5
3
5
6
4
5
4
8
6
6
2
3
6
2
3
6
3
8
5
5
5
5
4
4
8
7
5
6
5
4
7
2
5
6
8
5
9
10
9
5
3
7
7
9
9
4
5
4
4
4
2
10
5
3
5
10
6
7
5
7
3
6
6
5
4
5
4
3
9
11
3
7
7
2
5
12
4
7
6
5
4
7
6
7
6
12
7
6
10
4
6
5
5
5
3
8
3
5
7
3
8
4
9
6
5
10
4
5
6
7
4
6
6
7
7
9
8
4
4
5
6
8
6
4
6
5
4
4
9
5
4
2
5
9
7
1
9
5
11
9
5
4
6
2
5
9
11
9
8
6
7
2
6
5
8
6
5
7
3
11
3
8
5
5
8
8
3
7
2
2
0
5
2
7
4
3
4
6
6
4
3
4
6
7
2
1
5
9
6
2
5
6
2
5
6
4
11
9
3
4
2
5
4
4
6
5
4
8
3
6
4
4
8
3
1
9
6
8
4
7
8
6
5
7
6
5
7
4
5
6
7
2
5
10
6
6
5
5
2
5
5
5
7
6
8
6
4
3
4
7
7
5
4
3
7
6
6
7
6
3
5
8
6
8
5
5
5
5
2
4
7
4
6
2
8
6
3
4
6
9
3
2
7
1
3
5
6
10
5
1
4
7
3
4
8
6
5
4
3
7
8
8
2
8
10
3
4
4
6
3
9
2
5
8
6
4
5
4
4
9
8
2
5
2
2
6
6
8
5
6
3
4
8
5
4
7
5
10
6
3
7
8
6
2
5
2
5
3
9
4
5
3
5
10
3
3
1
5
4
10
4
7
2
3
7
3
5
6
5
5
3
1
3
8
4
3
4
2
1
5
4
2
4
4
4
6
3
4
2
4
1
7
3
5
4
11
7
5
4
6
10
3
6
4
7
7
4
6
6
2
8
5
3
3
6
5
7
1
7
7
3
5
4
7
3
5
2
4
5
7
4
7
0
9
5
9
2
5
4
2
4
4
7
5
4
7
5
4
0
2
5
2
5
8
5
3
3
4
5
9
6
4
8
1
3
3
5
1
2
7
4
2
7
7
9
2
10
5
3
3
4
6
6
5
6
6
4
3
4
5
5
4
2
12
5
4
7
6
4
4
4
3
2
7
4
8
8
11
9
4
4
3
8
2
10
8
4
3
3
2
5
8
2
3
5
4
4
9
5
9
8
1
3
6
3
5
7
9
5
9
5
4
5
6
13
8
6
5
8
3
5
4
3
5
2
2
6
5
3
4
3
8
8
3
4
8
3
3
10
3
4
9
5
5
4
10
8
3
3
3
5
6
6
6
6
7
8
4
8
7
2
7
0
4
8
8
8
6
4
7
8
14
4
9
6
5
6
9
10
11
3
6
9
7
9
5
5
6
10
11
9
9
9
7
8
8
12
11
10
10
10
6
15
6
7
10
16
11
17
11
14
16
9
9
5
6
15
8
6
6
8
5
7
9
5
9
3
8
7
8
3
4
7
9
7
8
4
11
9
7
3
5
5
8
6
3
10
5
11
5
5
3
4
9
4
3
6
8
7
4
3
3
5
5
4
5
3
5
4
7
6
3
4
3
6
4
6
6
3
3
2
9
4
5
3
3
2
5
1
6
3
5
7
3
6
6
3
9
9
2
3
6
3
5
2
2
2
5
5
6
4
5
5
5
6
3
3
1
2
5
3
5
3
4
3
3
3
4
1
4
4
2
6
3
2
2
2
5
3
3
4
4
4
1
5
7
6
3
3
3
7
6
1
3
8
6
3
3
4
3
4
3
3
2
7
5
2
6
7
3
1
3
2
5
4
3
4
4
6
1
7
2
4
4
9
6
3
4
4
4
3
3
3
4
3
6
1
1
2
4
1
2
4
5
4
2
2
2
2
5
6
5
3
7
1
2
6
6
5
6
5
5
9
4
2
4
6
6
5
3
6
11
4
2
6
2
4
6
6
4
3
5
4
4
5
3
5
2
2
4
9
7
3
1
7
8
5
4
5
5
7
4
9
4
4
4
7
4
6
4
5
3
4
4
5
0
8
4
4
3
3
1
4
2
4
3
4
8
3
8
5
3
4
5
5
5
7
1
5
3
4
5
4
2
2
9
1
6
4
7
2
3
5
6
3
7
3
1
3
6
5
1
7
2
2
3
6
2
2
2
3
2
4
6
1
3
7
4
5
9
7
4
5
3
3
4
4
6
3
1
1
3
3
4
2
3
2
0
3
4
5
4
3
4
3
5
5
7
6
3
5
9
4
2
4
2
5
3
4
3
7
3
1
3
2
8
5
2
4
4
3
5
2
4
2
2
4
3
6
4
5
4
4
7
5
4
4
6
6
4
9
5
2
3
9
6
1
5
4
3
6
6
7
7
5
6
4
3
3
3
2
5
1
3
1
5
6
8
1
3
9
6
6
4
0
4
5
4
3
6
5
4
2
6
4
2
1
2
7
7
1
3
6
2
3
5
4
5
6
3
4
9
4
4
3
0
3
3
4
7
5
6
5
5
6
2
6
4
7
3
4
6
3
5
2
3
5
4
3
4
5
7
5
3
3
2
4
4
8
3
3
2
8
6
4
4
2
4
3
1
3
5
5
3
4
6
6
3
1
3
1
5
4
6
5
6
3
4
2
7
5
5
4
4
6
4
5
2
3
9
6
4
4
3
2
4
5
4
5
4
5
6
8
4
8
9
11
3
6
6
6
3
4
4
11
3
5
8
8
7
5
9
3
5
2
7
4
7
6
4
2
13
8
3
4
4
11
10
5
7
3
4
4
9
6
5
4
9
8
11
8
5
5
4
10
6
5
6
4
8
9
8
4
6
3
6
11
6
9
12
2
9
3
1
6
4
3
2
9
3
6
5
8
9
1
9
6
1
2
8
6
3
3
1
2
3
2
1
3
4
3
7
2
3
2
1
4
6
8
6
5
5
3
4
2
5
3
4
7
7
3
6
3
4
1
1
7
5
4
4
4
5
2
2
2
5
3
4
0
4
3
5
4
8
3
3
4
4
8
6
0
1
3
5
3
4
3
3
4
4
5
1
2
3
3
0
2
0
2
6
2
5
6
6
4
5
9
1
5
3
2
2
3
3
3
2
4
2
1
5
3
6
2
0
4
4
6
3
3
2
5
5
2
3
1
3
7
4
3
3
2
4
2
2
5
3
5
5
7
3
6
6
7
5
3
6
1
3
2
2
2
4
0
2
1
3
5
4
1
2
1
0
1
1
2
1
2
5
0
5
1
1
0
2
3
7
0
3
3
7
2
3
4
2
5
2
3
6
5
1
6
1
0
5
4
5
2
3
4
2
5
4
2
2
4
2
1
4
3
2
1
7
2
0
3
6
3
2
2
0
2
6
3
3
2
5
3
5
5
7
3
4
6
3
3
3
3
3
2
4
6
6
5
2
4
4
5
2
6
4
4
1
5
1
2
4
2
1
4
6
2
4
4
7
3
2
6
2
3
3
5
2
3
2
5
1
3
3
1
3
3
5
6
3
4
1
3
6
1
3
3
4
2
4
1
1
5
2
5
3
7
3
4
6
2
2
5
5
4
0
3
1
4
3
6
2
2
4
2
4
2
2
3
3
3
2
5
4
4
2
3
3
5
4
6
8
3
7
4
1
1
3
5
0
2
4
1
3
1
1
3
3
2
6
1
3
4
3
2
1
2
4
4
1
2
7
1
2
3
3
2
6
6
3
2
5
4
3
3
3
6
3
4
3
2
6
2
4
4
1
3
5
7
1
1
3
1
4
3
1
3
2
3
4
3
3
2
2
7
2
4
8
1
4
5
3
3
4
1
6
5
4
3
2
0
2
2
1
5
2
5
0
5
2
4
3
1
3
3
4
5
2
0
7
2
4
2
5
6
2
2
4
1
6
3
5
4
3
3
3
3
4
5
5
3
2
5
5
4
1
6
4
1
5
2
4
3
4
3
2
1
2
4
4
2
3
2
6
3
5
5
2
3
3
1
2
3
8
4
6
1
1
3
6
5
1
1
3
3
2
2
9
3
2
2
2
2
1
2
1
4
4
3
3
2
0
4
2
2
0
7
3
2
5
0
5
2
3
3
3
3
1
4
2
2
8
0
3
4
0
4
5
3
6
3
3
5
4
2
1
3
1
7
5
5
1
2
0
5
3
4
4
3
0
0
6
3
2
3
1
4
4
4
3
6
4
3
5
4
5
2
3
2
4
1
2
2
2
2
2
2
4
3
4
3
3
2
0
2
1
3
1
4
2
3
6
6
4
1
1
3
2
2
1
7
1
3
2
3
2
4
2
3
1
4
3
1
1
3
3
2
2
6
4
3
2
1
3
2
4
3
3
2
3
3
6
2
2
6
1
3
3
2
4
6
6
2
3
2
8
3
0
2
2
3
2
2
2
2
4
4
3
2
2
4
4
3
3
2
2
5
6
3
4
1
0
2
2
3
3
4
2
5
2
2
1
4
1
1
4
2
4
1
3
2
1
2
2
4
4
3
4
5
4
2
3
0
3
4
5
1
5
0
3
0
5
3
1
2
0
3
2
1
3
6
2
0
3
3
2
3
4
0
4
2
1
3
1
0
2
2
1
3
5
1
2
5
2
5
5
2
0
3
3
6
0
5
4
5
1
7
2
5
3
3
4
2
5
3
5
2
3
0
5
2
0
3
1
2
1
5
5
1
2
1
3
2
2
1
3
2
3
2
4
5
1
4
2
4
5
4
1
2
4
2
1
7
4
4
3
0
3
1
3
4
1
4
4
5
0
1
3
3
2
4
6
6
4
2
2
2
1
6
3
3
1
2
4
2
6
3
5
3
4
5
3
1
2
4
2
1
3
3
2
3
4
1
1
3
2
3
8
3
1
2
3
2
1
5
6
7
3
3
3
2
6
3
2
3
3
4
3
4
3
3
1
1
1
4
4
3
2
6
3
3
1
3
7
1
2
3
6
2
1
4
3
2
2
4
4
3
0
1
4
2
3
2
4
2
2
2
3
2
2
1
6
3
2
1
3
3
5
4
3
2
3
2
4
8
3
2
2
3
1
4
1
3
2
2
4
1
2
5
4
1
0
3
3
2
4
1
2
7
0
5
6
4
3
0
1
2
0
5
4
3
5
2
7
3
1
3
1
3
3
2
1
2
2
2
1
3
4
2
2
1
5
5
5
0
1
2
3
3
2
4
4
1
1
1
3
1
2
2
1
1
3
5
2
1
1
2
1
3
2
2
1
4
0
3
6
1
2
2
1
1
2
6
2
0
2
1
2
3
3
3
0
1
1
6
5
1
6
1
2
6
3
3
4
4
3
3
1
1
5
3
1
3
0
2
5
3
4
0
2
2
2
5
1
1
9
3
4
0
5
2
3
1
3
1
1
3
6
3
4
2
2
3
1
2
1
2
1
3
5
5
2
4
3
2
1
2
2
1
1
1
3
2
7
4
1
1
2
5
2
1
3
4
2
2
3
1
4
3
2
3
4
1
2
3
3
3
3
2
2
1
1
2
4
4
2
1
1
3
6
2
4
1
2
2
3
5
3
3
2
5
3
1
3
3
3
3
3
2
4
2
3
4
4
5
1
2
4
4
0
1
4
4
6
2
3
2
4
4
2
3
2
0
1
0
3
3
2
3
1
5
3
5
4
2
5
1
2
2
2
3
1
3
1
4
4
1
4
4
0
4
4
5
3
4
3
2
2
4
3
2
1
4
3
3
3
3
2
5
2
2
5
4
0
2
2
3
5
1
2
1
3
4
8
5
3
3
5
1
1
3
3
2
3
1
1
1
3
4
2
2
4
5
8
2
6
2
4
0
3
0
3
5
0
0
3
3
3
5
8
1
4
4
1
2
2
2
3
2
2
2
5
4
4
3
4
3
0
3
2
0
2
1
3
2
3
2
1
2
1
1
1
1
1
0
3
3
1
2
5
2
3
1
1
2
2
3
2
4
1
3
5
3
0
2
2
5
1
3
2
3
2
3
3
4
3
2
2
2
1
2
2
2
1
2
4
2
3
6
3
2
5
2
4
5
1
4
4
3
1
2
1
4
3
3
3
1
5
3
4
2
1
1
2
1
3
4
2
4
2
3
1
1
2
4
1
1
2
3
4
3
3
1
2
2
0
1
4
3
0
5
1
5
2
2
2
0
0
1
2
2
3
2
4
3
4
1
3
2
1
1
2
4
2
1
8
2
8
1
1
2
1
0
2
2
3
2
5
3
1
6
5
1
2
6
1
4
2
2
4
4
1
3
3
2
6
5
9
3
5
5
1
6
5
8
6
3
2
5
4
4
1
4
8
4
4
5
7
5
4
3
8
6
2
3
5
5
3
7
8
7
2
6
5
11
3
3
3
5
3
5
6
7
3
4
4
2
7
7
7
4
2
6
4
1
5
3
4
4
4
9
11
4
3
2
5
3
3
5
1
4
3
1
4
2
5
5
3
2
4
1
1
4
2
0
4
6
3
1
5
4
2
4
2
3
4
1
2
2
5
4
2
2
0
1
4
4
5
2
1
1
2
2
3
3
1
2
2
2
1
7
3
5
2
3
3
4
1
4
2
1
2
4
5
4
2
3
3
3
1
1
1
6
2
3
2
3
1
0
2
2
3
3
3
1
2
1
1
2
4
1
4
3
3
2
2
2
2
4
2
2
0
2
3
3
0
2
4
0
3
3
4
3
2
1
3
5
2
1
3
3
4
2
2
1
3
0
2
0
1
4
1
4
3
2
0
1
4
2
0
3
3
3
2
7
1
4
4
4
1
4
2
1
0
0
0
0
2
6
1
2
4
2
2
0
6
6
4
6
2
1
1
0
3
1
5
1
2
2
2
1
4
1
3
6
2
2
4
1
5
2
2
1
3
0
4
2
2
5
2
3
1
2
1
5
1
0
1
1
1
7
5
3
1
2
2
2
1
0
2
3
1
2
3
3
2
1
1
2
2
1
3
2
0
3
2
2
2
1
3
4
1
3
5
2
1
3
4
4
4
0
3
3
2
1
0
6
1
2
3
0
4
3
5
0
0
4
1
4
3
8
2
1
3
3
1
1
3
1
2
2
2
4
6
0
1
3
1
1
2
4
2
1
1
2
1
2
1
5
3
4
2
4
0
4
1
2
6
1
1
3
3
1
4
1
1
6
2
2
0
4
3
1
4
3
4
3
4
4
2
3
6
2
4
3
3
2
4
2
1
0
2
3
3
2
0
3
2
3
2
5
1
0
4
5
1
3
2
5
4
2
4
1
7
3
3
2
3
3
7
6
3
2
1
4
3
3
1
3
7
3
1
2
2
1
2
3
3
0
2
1
2
4
3
3
3
5
8
4
4
2
4
1
3
0
0
1
3
2
3
3
2
3
3
2
0
3
2
3
4
2
2
4
3
2
2
1
2
1
1
0
3
2
1
1
4
6
4
1
1
4
5
1
1
5
2
1
4
3
0
0
3
4
2
1
2
3
4
2
1
1
1
1
1
0
2
1
1
2
2
0
2
1
2
6
3
3
1
3
2
4
1
1
1
2
5
2
1
1
1
3
2
3
1
3
0
2
4
4
1
4
2
5
5
2
1
1
3
2
2
2
2
4
2
3
2
1
3
2
3
1
2
1
2
1
2
3
2
2
1
2
0
3
2
1
2
1
3
5
1
3
2
3
0
1
0
2
3
1
4
2
5
3
3
2
0
2
4
2
0
3
1
5
3
1
4
2
3
1
3
1
0
2
1
1
2
2
3
1
2
1
6
0
1
0
2
1
0
4
3
2
9
2
6
2
2
1
2
6
3
2
2
2
2
5
1
2
1
1
4
1
5
2
3
0
1
2
0
2
2
2
1
2
2
4
3
1
3
2
2
3
5
0
0
1
2
2
5
0
2
5
1
4
2
3
3
1
3
1
5
3
3
1
4
1
0
0
3
2
0
2
2
4
3
1
4
6
3
2
4
2
4
1
3
1
3
0
2
1
4
3
0
1
1
0
2
2
0
5
2
6
1
2
4
1
1
2
1
1
5
2
2
3
1
3
2
3
5
2
2
1
1
1
5
1
1
2
3
0
3
2
2
2
1
3
0
1
1
3
4
6
3
1
3
3
0
1
1
5
3
3
0
2
4
0
5
3
3
0
2
2
4
2
2
2
2
1
2
2
5
3
4
2
4
4
3
4
1
2
4
0
3
3
2
1
1
3
1
2
2
2
3
3
2
2
0
2
3
0
2
5
3
6
0
5
2
1
2
4
3
1
2
2
3
3
3
0
1
0
1
3
2
4
4
3
0
2
1
3
3
3
1
0
2
5
4
1
1
3
1
3
2
7
2
3
3
1
1
0
4
2
1
1
5
2
2
1
2
4
3
1
2
2
3
2
3
0
3
4
2
4
0
1
4
2
2
3
3
2
5
1
4
3
1
2
2
1
1
2
6
2
5
0
1
3
0
3
0
4
4
1
4
2
1
1
3
3
4
2
2
0
3
4
1
2
1
3
1
3
5
4
2
4
1
4
5
1
2
2
1
2
2
0
1
1
3
1
1
1
1
0
2
2
0
3
4
0
0
3
3
1
3
1
0
4
4
5
2
1
4
0
2
0
6
4
1
5
6
3
2
2
3
3
2
2
1
1
4
2
4
2
0
4
3
0
4
4
5
1
2
2
3
5
2
2
2
4
2
6
4
0
4
5
2
6
2
1
2
2
1
5
1
2
4
1
2
2
1
4
2
5
2
5
2
2
2
2
2
0
4
4
7
1
2
3
5
1
4
1
2
1
3
3
2
3
1
0
2
4
3
1
0
2
5
2
4
2
3
3
1
0
1
4
4
4
4
5
3
0
3
1
2
3
2
4
1
2
4
1
3
2
3
2
3
2
1
2
0
2
0
3
0
4
2
1
0
3
3
1
1
6
2
3
1
3
1
1
2
4
5
2
3
0
4
1
0
0
4
3
1
6
2
1
0
3
2
1
1
1
0
0
3
3
4
0
4
4
0
3
3
2
5
4
3
1
6
2
3
2
1
1
1
3
5
0
2
3
3
3
4
4
3
2
4
2
4
4
3
1
2
4
3
5
3
3
2
5
1
0
1
3
7
5
3
4
5
2
2
7
2
1
1
2
4
4
1
3
3
8
1
3
3
3
1
3
2
3
2
3
2
1
5
1
5
2
3
5
4
2
4
2
0
2
4
6
4
0
2
5
0
2
2
6
1
2
0
1
2
0
3
7
0
2
3
4
2
3
3
0
3
4
0
5
1
2
0
3
5
5
0
3
1
5
1
6
1
2
1
2
3
1
4
1
3
0
2
1
4
0
1
1
3
0
1
1
2
2
0
3
1
2
2
2
2
1
0
3
3
4
3
0
0
5
1
4
2
2
2
2
1
2
2
2
2
2
4
3
4
3
0
1
0
3
2
2
1
1
4
2
5
1
1
2
2
1
0
1
1
1
1
4
2
0
3
2
2
1
3
1
1
2
3
3
1
4
1
2
0
2
1
2
1
1
2
3
1
0
4
1
1
2
1
1
1
0
3
2
2
1
0
1
4
2
0
1
0
4
2
0
0
1
1
1
3
3
2
2
0
1
2
2
2
1
1
2
0
1
0
1
1
1
4
1
1
2
0
3
2
3
1
3
2
3
3
2
1
1
1
1
2
5
0
1
1
1
2
1
2
1
0
3
2
1
2
1
1
3
0
3
4
4
0
1
0
0
1
1
1
2
1
3
0
1
3
2
2
0
2
2
3
1
0
1
1
0
1
0
4
3
1
1
0
1
1
0
2
1
1
2
0
1
4
0
0
1
3
2
1
3
2
2
1
3
0
1
3
2
1
2
0
2
2
3
0
1
1
1
4
1
0
1
1
2
2
0
0
1
1
3
0
0
1
3
1
4
2
0
3
2
4
2
2
2
1
2
4
0
3
1
1
1
3
0
2
1
2
1
2
2
0
2
1
2
1
1
0
0
3
0
4
1
1
0
1
0
2
3
1
2
1
2
1
4
1
1
1
0
1
2
1
1
2
2
4
0
2
1
5
3
3
0
2
0
3
5
0
0
4
1
4
0
1
0
3
2
1
0
2
3
1
0
1
3
1
0
2
1
2
2
2
2
0
1
4
1
2
0
0
3
2
1
0
0
2
4
1
2
1
3
1
1
3
0
1
1
3
3
2
3
2
1
2
1
4
3
1
2
3
1
0
1
0
0
1
3
2
0
1
0
1
0
4
1
1
4
2
3
1
3
1
2
0
3
1
2
2
1
0
1
0
4
2
2
3
2
1
4
0
2
1
0
3
0
0
4
2
4
0
0
1
0
0
1
0
2
5
1
2
0
1
2
2
1
1
1
1
0
3
0
0
0
4
0
1
3
2
5
4
1
0
0
3
0
0
1
0
0
2
4
0
3
2
2
1
1
2
1
2
2
2
1
2
1
2
4
2
3
2
2
1
3
2
2
1
2
0
1
0
0
1
2
0
2
3
1
0
2
1
1
4
1
2
1
4
4
0
3
1
2
2
1
1
3
2
3
2
0
2
3
1
1
3
1
0
1
1
1
1
0
2
3
2
0
1
1
0
3
0
0
1
1
1
1
1
3
1
1
2
0
2
0
2
3
3
0
3
1
2
2
0
0
0
1
0
1
5
5
0
2
2
1
1
2
0
0
1
1
1
0
1
1
1
2
0
1
2
0
1
0
0
1
0
0
2
0
0
0
0
1
2
0
1
1
1
2
0
0
0
2
2
0
3
1
0
3
0
0
1
0
0
1
0
0
1
1
0
0
0
0
1
3
2
0
4
1
1
1
2
1
1
3
3
2
0
1
1
0
0
0
2
2
0
4
1
3
3
0
2
0
0
1
5
0
4
1
1
2
0
4
0
1
2
1
0
2
0
2
1
0
1
1
1
0
3
0
1
1
1
0
2
2
1
2
2
0
1
1
0
2
2
0
4
0
1
0
0
2
2
1
0
1
2
1
3
1
3
1
2
2
1
0
1
2
1
1
0
1
3
0
1
1
0
2
1
2
3
2
2
3
1
4
1
1
2
0
0
3
1
2
2
0
2
0
3
1
0
0
0
3
0
0
0
0
1
0
0
2
1
1
2
2
1
2
2
0
1
0
1
0
2
1
1
1
2
2
0
0
2
0
1
2
1
0
1
0
1
3
1
3
1
3
2
1
0
1
1
1
0
2
2
0
1
1
0
1
0
0
2
0
4
0
1
0
1
2
1
0
0
2
1
3
0
0
2
3
0
0
3
0
1
2
0
0
2
0
3
1
1
0
0
1
2
0
1
1
0
0
2
2
0
3
0
3
1
2
1
0
2
0
3
2
0
0
1
0
0
1
2
0
4
1
2
0
1
0
2
1
2
0
1
0
0
0
0
1
2
0
1
1
0
0
1
0
0
0
1
1
0
0
1
2
1
0
2
0
1
1
1
0
2
2
1
3
0
3
0
1
1
2
1
0
0
1
1
0
0
1
0
0
0
1
0
3
0
1
0
0
2
0
3
1
0
0
1
1
3
0
1
2
2
1
0
1
2
2
1
3
1
3
2
0
2
0
2
0
0
0
1
0
0
0
1
1
2
0
0
0
0
0
1
1
2
2
1
0
0
0
1
0
0
1
1
0
2
0
0
2
0
1
0
2
0
1
2
2
0
1
2
0
3
1
0
4
0
1
3
3
1
0
0
0
1
0
1
1
0
3
0
2
1
1
1
1
4
0
2
1
1
1
1
0
0
3
1
0
3
1
3
1
0
2
2
2
0
4
1
1
2
0
1
2
1
1
1
2
2
1
1
1
0
1
1
1
0
0
1
1
0
1
2
1
2
0
0
0
2
2
0
0
1
0
0
0
0
0
0
2
0
3
2
1
1
2
0
0
3
2
0
2
2
0
0
3
0
0
0
2
2
0
2
0
1
1
1
1
1
2
1
0
4
0
1
1
2
0
3
2
0
0
2
0
3
1
0
1
2
1
1
1
0
0
3
1
0
1
0
1
0
0
2
0
0
1
1
0
1
0
2
0
0
1
0
2
0
2
0
2
0
1
1
1
1
0
0
0
1
2
0
2
0
1
1
0
2
1
0
0
0
1
0
2
1
1
1
0
2
0
2
2
0
0
2
1
0
1
2
1
2
0
0
0
1
2
1
1
0
3
1
0
0
1
1
0
1
1
1
1
0
0
0
1
0
1
0
0
0
2
1
1
2
0
0
1
1
0
0
0
0
2
2
2
2
1
0
2
2
0
0
0
4
0
1
0
0
1
1
1
1
0
0
2
0
0
2
1
2
1
1
0
0
0
0
1
1
0
0
0
0
3
1
0
1
1
0
1
1
1
0
2
1
0
0
0
0
0
1
0
5
1
1
0
1
1
1
0
1
1
1
2
2
0
1
0
2
0
1
2
2
3
0
0
0
1
0
0
2
0
2
2
1
2
2
2
1
0
3
1
0
0
0
1
1
1
1
1
0
0
0
0
2
3
1
1
1
1
4
1
0
1
0
4
0
0
1
2
1
2
1
0
0
0
0
1
1
0
2
1
0
0
1
2
2
2
0
1
0
1
1
1
3
1
1
1
0
2
1
1
0
0
0
0
0
3
0
2
0
1
3
0
0
0
3
2
2
3
2
0
1
0
0
1
0
1
1
2
0
2
1
0
1
3
1
1
0
2
1
1
2
2
1
1
3
2
1
0
4
0
1
1
0
0
1
0
0
1
1
1
1
0
0
0
1
0
0
0
1
0
0
0
1
0
1
1
1
0
1
0
0
0
1
0
0
1
0
2
2
1
0
0
1
2
1
1
1
1
0
0
0
2
1
1
1
0
1
0
0
0
1
1
0
0
1
0
1
1
1
1
0
1
3
2
1
2
0
1
2
0
1
1
1
1
0
1
2
1
3
0
0
0
2
2
0
0
0
2
0
1
2
0
2
1
1
3
0
1
1
0
1
1
2
0
2
0
0
0
2
0
1
2
1
2
1
0
1
1
0
1
2
0
0
3
0
2
0
1
1
3
0
2
0
0
0
3
0
2
1
2
0
1
1
0
1
1
0
1
0
1
1
0
0
1
0
3
1
1
2
2
1
1
4
0
2
2
0
1
1
2
0
0
0
2
0
1
0
1
1
1
0
2
1
0
2
1
1
1
1
0
2
0
1
0
3
2
0
1
0
0
1
2
1
1
0
0
2
1
0
0
1
0
2
0
0
0
0
1
0
0
1
0
0
1
2
2
0
1
1
0
1
1
0
1
1
0
0
4
1
0
0
0
0
2
6
1
1
0
2
0
0
0
0
1
0
0
2
1
1
0
2
1
0
0
1
0
0
0
0
3
0
0
2
1
0
0
0
1
2
1
1
0
1
1
2
3
0
0
0
0
0
0
0
0
0
0
1
0
3
1
1
0
1
2
1
0
1
0
0
1
0
3
1
1
0
0
0
1
0
1
0
1
0
1
0
1
2
0
0
0
2
3
0
1
1
0
0
0
0
0
0
1
0
2
1
4
0
1
0
0
0
1
1
0
1
0
0
1
0
2
0
0
1
1
0
2
0
0
0
0
0
2
1
0
0
0
0
0
0
1
1
0
0
1
0
0
1
1
1
0
0
1
0
1
1
1
0
0
1
0
0
1
0
1
0
2
1
1
0
0
1
0
0
2
0
2
1
1
2
3
0
0
0
1
0
1
0
0
0
0
2
1
1
0
0
1
1
0
0
0
0
0
1
1
1
2
0
0
1
1
1
1
2
0
1
1
0
2
0
2
1
1
0
1
1
1
0
0
0
1
0
0
1
0
0
2
0
0
0
0
3
1
2
0
0
0
0
0
1
0
2
1
1
0
4
0
1
1
1
0
2
1
0
1
0
0
0
0
0
1
0
0
0
2
1
1
1
0
0
1
0
0
1
0
1
1
0
0
0
1
0
0
0
0
0
1
3
1
0
0
3
1
1
1
0
1
1
0
2
1
1
1
2
1
2
0
3
0
1
0
1
1
0
1
0
1
0
3
1
0
0
1
2
1
0
2
1
1
0
1
0
0
0
0
2
1
1
2
2
0
0
2
0
2
0
2
3
0
0
1
1
0
1
0
0
2
0
1
2
2
0
0
0
1
0
0
0
0
1
3
1
1
1
2
0
0
0
1
1
1
1
0
1
2
3
2
2
2
1
2
0
1
0
2
2
1
0
1
3
1
0
1
7
2
3
2
0
1
0
3
3
5
4
4
2
6
0
4
6
1
5
5
6
2
5
4
5
4
4
4
8
9
3
6
7
8
8
7
7
4
4
6
10
9
7
4
8
13
14
8
9
3
14
14
13
9
11
8
12
13
11
9
6
9
9
16
7
11
15
10
8
14
8
9
10
9
10
13
10
10
10
8
4
13
9
5
9
6
11
3
10
9
7
7
7
4
8
10
5
8
6
8
2
5
5
5
3
3
10
7
8
8
3
4
2
4
4
5
4
2
3
4
0
3
1
5
4
7
1
2
0
4
2
1
5
1
2
5
1
2
5
4
1
2
3
2
2
0
1
0
0
3
1
0
1
2
1
1
1
0
0
1
0
0
2
1
2
2
3
0
0
1
2
0
0
0
1
0
1
0
2
0
2
1
1
1
0
0
2
2
1
1
0
0
0
0
1
0
2
1
1
0
1
1
1
0
1
0
0
0
1
0
0
1
0
1
1
1
2
1
1
2
1
0
2
0
2
0
1
1
2
1
1
2
0
0
2
0
0
0
1
1
2
0
0
2
0
0
0
0
0
1
0
1
0
0
1
2
0
0
0
0
1
2
0
0
0
0
1
1
0
1
1
1
0
0
1
2
0
0
0
0
0
1
0
1
1
0
0
1
0
0
0
1
0
0
1
1
1
1
0
2
2
0
1
1
0
0
0
0
0
0
1
0
2
0
0
3
0
0
0
0
2
1
0
1
0
0
0
1
0
0
0
0
0
0
0
0
0
0
0
1
1
0
2
1
1
0
0
1
0
0
1
1
0
0
0
0
0
0
1
0
0
0
2
0
0
0
0
0
0
1
0
0
2
1
0
0
1
2
0
1
0
0
0
0
0
1
0
1
0
1
1
0
0
1
2
0
0
0
0
2
0
1
0
0
1
0
1
0
0
0
1
0
1
1
0
0
1
2
0
0
2
0
0
0
0
0
0
1
1
0
0
0
0
0
1
0
0
0
0
1
1
0
2
0
0
1
0
0
2
1
1
1
1
0
0
0
0
1
0
0
0
1
1
0
1
1
1
0
0
2
1
3
1
0
1
0
1
0
1
0
0
0
0
2
0
0
0
1
0
0
3
0
1
1
1
0
0
1
0
1
0
1
1
0
0
0
0
0
0
0
0
2
1
1
1
1
0
0
0
0
0
1
1
0
0
0
0
0
1
1
0
0
0
2
0
0
1
2
0
0
2
1
2
1
0
0
0
1
2
0
0
1
1
0
1
0
0
0
1
1
2
0
3
0
1
0
2
0
0
0
0
0
1
1
4
1
0
0
1
0
1
0
0
1
0
1
1
0
0
0
0
1
1
1
0
0
1
0
0
0
0
0
0
2
2
0
0
2
0
0
2
0
0
0
1
2
0
2
0
0
1
0
0
1
0
1
0
1
0
0
0
0
0
1
0
0
0
1
0
0
0
0
0
2
0
2
0
0
1
0
0
0
0
0
1
0
2
0
0
0
0
0
0
0
1
0
1
1
0
0
1
0
1
0
0
0
1
0
0
0
0
0
1
0
1
0
0
1
0
0
1
1
1
0
0
0
0
1
0
1
0
1
0
0
2
0
1
0
1
0
0
1
1
1
1
1
3
0
0
0
0
0
1
2
0
2
0
0
0
0
0
2
0
0
0
0
0
1
0
2
0
0
0
1
0
1
1
0
1
0
0
1
0
0
0
0
2
0
0
0
1
1
0
1
0
0
2
1
1
0
0
0
0
1
0
0
1
1
0
1
0
0
0
1
0
1
0
0
0
1
0
1
0
0
0
0
0
2
0
0
0
0
1
0
0
0
1
0
0
0
0
0
0
0
1
0
0
1
2
1
0
0
0
0
0
0
0
0
1
0
1
0
0
0
0
2
0
0
0
1
0
0
0
1
0
0
0
1
2
0
2
1
2
2
0
1
0
2
0
0
0
0
0
0
1
0
0
0
1
0
1
0
2
0
0
1
1
0
1
1
1
1
0
1
0
0
0
0
0
1
0
1
0
0
1
0
0
0
1
1
1
1
0
0
2
0
0
1
0
2
1
0
0
0
1
2
0
0
0
0
0
0
3
0
0
0
0
0
1
0
0
1
1
0
0
0
0
1
0
0
1
0
1
0
1
0
0
0
0
0
1
1
0
1
1
0
0
0
0
0
0
0
0
1
0
0
0
0
3
0
0
0
0
0
0
1
0
0
1
0
0
0
0
0
3
0
0
2
0
0
0
0
0
0
1
0
0
2
0
0
0
0
2
1
0
1
0
0
0
1
2
0
0
0
0
2
0
0
0
0
0
0
0
1
0
0
0
0
0
0
0
0
0
0
0
0
0
0
0
0
0
0
0
0
0
0
0
0
0
0
0
0
0
0
0
0
0
0
0
0
0
0
0
0
0
0
0
0
0
0
0
0
0
0
0
0
0
0
0
0
0
0
0
0
0
0
0
0
0
0
0
0
0
0
0
0
0
0
0
0
0
0
0
0
0
0
0
0
0
0
0
0
0
0
0
0
0
0
0
0
0
0
0
0
0
0
0
0
0
0
0
0
0
0
0
0
0
0
0
0
0
0
0
0
0
0
0
0
0
0
0
0
0
0
0
0
0
0
0
0
0
0
0
0
0
0
0
0
0
0
0
0
0
0
0
0
0
0
0
0
0
0
0
0
0
0
0
0
0
0
0
0
0
0
0
0
0
0
0
0
0
0
0
0
0
0
0
0
0
0
0
0
0
0
0
0
0
0
0
0
0
0
0
0
0
0
0
0
0
0
0
0
0
0
0
0
0
0
0
0
0
0
0
0
0
0
0
0
0
0
0
0
0
0
0
0
0
0
0
0
0
0
0
0
0
0
0
0
0
0
0
0
0
0
0
0
0
0
0
