0
0
0
0
0
0
0
0
0
0
0
0
0
0
0
0
0
0
0
0
0
0
0
0
0
0
0
0
0
0
0
0
0
0
0
0
0
0
0
0
0
0
0
0
0
0
0
0
0
0
0
0
0
0
0
0
0
0
0
0
0
0
0
0
0
0
0
0
0
0
0
0
0
0
0
0
0
0
0
0
0
0
0
0
0
0
0
0
0
0
0
0
0
0
0
0
0
0
0
0
0
0
0
0
0
0
0
0
0
0
0
0
18
885
6150
12047
11536
10718
10054
9694
9503
9541
9711
10111
9767
10071
10233
10592
10454
10618
10722
10833
10767
10842
10919
10738
11008
10896
10897
11089
10930
10706
10621
10836
10601
10708
10789
10572
10517
10358
10506
10392
10260
10417
10245
10281
10380
10421
10092
10177
10212
9975
10036
10075
9882
10066
10018
9968
9810
9868
9651
9896
9660
9838
9779
9837
9586
9569
9658
9551
9500
9594
9621
9517
9475
9410
9459
9231
9387
9494
9374
9497
9380
9468
9423
9393
9244
9263
9538
9443
9211
9243
9153
9106
8879
9293
9044
9182
9194
9140
9056
9094
9101
9051
9120
9045
9021
8928
9055
8836
8762
8840
8942
8890
8887
8828
8888
8968
8978
8878
8814
8538
8907
8742
8666
8774
8751
8793
8757
8716
8747
8565
8688
8583
8871
8795
8598
8474
8498
8694
8638
8464
8587
8503
8554
8543
8468
8497
8411
8447
8526
8382
8361
8503
8417
8402
8299
8306
8354
8390
8437
8155
8365
8497
8402
8274
8259
8304
8165
8209
8228
8338
8260
8284
8381
8297
8071
8309
8338
8242
8262
8228
8180
8150
8239
8187
8123
8065
7940
8147
7989
8028
8116
8088
7975
7931
7998
8131
8134
8031
8108
8135
7952
7829
8090
7963
8012
8061
8165
7985
7978
7889
8065
7924
7897
8151
7811
7880
7948
7936
7964
7832
7857
7825
7904
7842
7979
7868
7953
7990
7764
7924
7819
7889
7839
7681
7795
7779
7798
7686
7675
7892
7801
7851
7503
7700
7793
7703
7772
7624
7574
7880
7611
7712
7720
7647
7576
7712
7725
7731
7735
7642
7606
7634
7558
7675
7406
7508
7647
7582
7624
7457
7601
7581
7590
7627
7553
7570
7564
7562
7585
7532
7456
7444
7422
7547
7569
7389
7503
7436
7653
7466
7592
7449
7515
7399
7677
7439
7538
7329
7473
7464
7569
7467
7344
7353
7379
7353
7532
7312
7384
7535
7376
7428
7303
7331
7322
7533
7335
7354
7220
7555
7448
7274
7415
7265
7328
7396
7347
7368
7368
7287
7461
7174
7286
7353
7379
7286
7441
7341
7403
7319
7442
7340
7299
7241
7273
7237
7340
7200
7188
7381
7315
7232
7244
7347
7361
7174
7229
7174
7335
7152
7381
7169
7134
7186
7022
7149
7208
7183
7228
7115
7184
7100
7259
7202
7182
7074
7013
7119
7286
6993
7160
7006
7025
7113
7007
7080
7002
7263
7343
7135
7249
7026
7212
7118
7073
7043
7095
7065
7104
7012
6932
6978
7146
7063
6979
6963
7062
7238
7033
7050
7077
7117
7097
7024
7093
6990
6991
7000
7072
6977
6992
6891
6980
7027
6922
7190
6981
6955
6982
6841
7047
6964
6948
6963
6944
7045
6926
6976
7025
6915
7088
6954
6921
6966
7007
7001
6880
6960
6980
6957
6954
6937
6887
6978
6931
6940
6947
6836
6803
6893
6845
6792
6975
6955
6865
6740
6974
6834
6881
6939
6837
6670
6786
6854
6829
6731
6899
6824
6780
6881
6896
6770
6834
6777
6752
6810
6785
6786
6691
6835
6716
6594
6761
6765
6639
6793
6721
6671
6796
6836
6744
6893
6727
6797
6903
6776
6892
6691
6721
6737
6698
6830
6812
6909
6794
6847
6693
6754
6783
6762
6652
6873
6767
6766
6798
6686
6803
6792
6766
6804
6708
6759
6723
6621
6746
6694
6863
6803
6712
6844
6698
6752
6502
6578
6863
6860
6721
6636
6740
6572
6762
6522
6823
6658
6826
6669
6797
6691
6805
6688
6765
6659
6625
6857
6761
6826
6635
6683
6873
6583
6753
6734
6689
6672
6836
6676
6706
6658
6709
6827
6788
6771
6650
6688
6783
6788
6643
6790
6644
6773
6769
6774
6805
6814
6661
6628
6723
6699
6782
6836
6739
6674
6794
6757
6675
6678
6618
6784
6823
6729
6727
6697
6777
6804
6697
6639
6723
6793
6716
6665
6759
6762
6709
6753
6862
6742
6667
6765
6674
6782
6828
6603
6667
6682
6687
6651
6692
6659
6770
6818
6613
6655
6584
6685
6632
6743
6725
6519
6758
6877
6523
6728
6683
6715
6842
6617
6776
6901
6670
6657
6765
6797
6756
6829
6672
6758
6721
6739
6745
6774
6780
6771
6696
6955
6784
6788
6774
6949
6851
6985
7080
6959
6950
6906
7041
6997
6986
7050
7139
7056
6969
7220
7142
7065
7161
7219
7378
7290
7227
7008
7119
7176
7325
7262
7287
7282
7092
7287
7217
7147
7387
7341
7238
7339
7239
7167
7449
7443
7097
7057
7322
7362
7405
7335
7533
7312
7595
7450
7342
7389
7441
7516
7630
7680
7689
7998
8107
8202
8334
8359
8331
8397
8075
8219
8094
8054
7971
7849
7845
7817
7603
7568
7495
7468
7513
7400
7334
7295
7108
7371
7327
7066
7073
7125
7052
6854
6836
6938
6831
6808
6814
6868
6786
6728
6601
6720
6658
6672
6570
6635
6694
6665
6619
6430
6587
6610
6514
6564
6430
6645
6536
6525
6547
6526
6548
6566
6337
6487
6662
6649
6455
6559
6555
6461
6446
6650
6657
6475
6599
6564
6600
6595
6614
6502
6461
6594
6766
6560
6486
6586
6616
6514
6549
6560
6587
6583
6531
6554
6542
6936
6588
6579
6684
6719
6649
6628
6513
6793
6708
6585
6587
6719
6660
6640
6696
6786
6752
6803
6618
6867
6853
6829
6638
7015
6781
6792
6767
6790
6661
6705
6854
6730
6768
6890
6854
6686
6808
6812
6967
6903
6957
6739
6675
6857
6756
6951
6806
6934
6915
6852
7043
6944
6878
6907
6948
6967
6969
7142
7090
6991
6807
6956
6920
7034
7032
6846
7019
6968
6999
7061
6989
7156
7083
7161
7054
7170
6952
7161
7210
7097
7185
7203
7364
7331
7326
7173
7101
7162
7324
7082
7202
7173
7362
7159
7133
7154
7300
7389
7293
7203
7461
7400
7279
7339
7366
7364
7384
7293
7363
7287
7318
7408
7393
7479
7316
7462
7446
7429
7369
7460
7325
7476
7539
7285
7483
7401
7639
7468
7439
7519
7484
7603
7491
7605
7497
7551
7445
7588
7428
7634
7643
7610
7566
7618
7587
7662
7632
7744
7594
7541
7663
7733
7741
7780
7462
7787
7691
7625
7797
7802
7567
7657
7595
7743
7695
7663
7806
7752
7655
7656
7770
7758
7796
8053
7810
7858
7842
7759
7840
7996
7704
7947
7959
7889
7911
7930
7951
7835
7684
7869
7876
7997
7918
7960
7992
7941
7839
8029
7948
7900
8164
7899
7907
8048
7988
7937
7968
7953
7971
7886
7940
8172
8091
8020
8244
7974
8107
7901
8169
8115
7954
8145
8206
8190
8247
8065
8098
8099
8093
8244
8148
8235
8206
8053
8173
8283
8199
8157
8274
8277
8226
7970
8185
8272
8019
8290
8233
8117
8363
8135
8280
8319
8333
8136
8226
8439
8242
8442
8177
8378
8382
8519
8373
8470
8354
8291
8341
8213
8356
8341
8359
8410
8413
8379
8510
8302
8354
8278
8390
8384
8264
8424
8288
8380
8446
8552
8591
8542
8474
8465
8460
8416
8352
8527
8434
8422
8605
8554
8479
8605
8439
8546
8608
8539
8581
8635
8303
8632
8582
8461
8598
8530
8551
8630
8611
8678
8430
8614
8704
8514
8702
8473
8685
8769
8555
8722
8609
8677
8629
8732
8794
8695
8711
8562
8720
8945
8686
8662
8703
9003
8642
8745
8754
8903
8952
8749
8613
8846
8755
8990
8733
8596
8719
8974
8754
8889
8851
8656
8798
8993
8821
8712
8844
8821
8745
8901
8792
8734
8780
8915
8900
8851
8851
8808
8982
8948
9012
8915
9022
9143
8950
8953
8925
9001
8953
9103
9130
8939
8877
9034
9077
8994
9108
9177
8988
8961
8933
9095
9083
9010
9153
9003
9070
9120
9139
9020
8943
9073
8983
9156
9117
9066
9192
9198
8995
9207
9247
9383
9278
9240
9254
9089
9251
9217
9311
9219
9429
9177
9304
9289
9373
9326
9428
9375
9348
9167
9258
9386
9479
9360
9273
9279
9393
9455
9189
9595
9410
9339
9438
9331
9499
9528
9493
9561
9530
9501
9521
9481
9396
9570
9456
9611
9548
9540
9608
9591
9633
9491
9572
9644
9620
9454
9700
9621
9788
9707
9589
9665
9672
9588
9637
9638
9730
9696
9805
9608
9798
9850
9642
9727
9881
9943
9674
9753
9806
9765
9587
9681
9922
9766
9809
9786
9684
9659
9994
9781
9937
9829
9927
9877
9978
10000
9906
9914
9972
10011
9896
9796
9923
9938
9998
9936
10068
9991
10182
9841
9950
10206
10033
10046
10282
10060
10167
10080
10199
10117
10049
10138
10079
10363
10152
10076
10188
10167
10290
10160
10499
10114
10284
10163
10318
10380
10412
10192
10233
10263
10247
10255
10502
10492
10134
10279
10385
10472
10322
10253
10301
10447
10124
10513
10307
10464
10339
10328
10258
10466
10472
10521
10604
10410
10455
10688
10397
10513
10608
10526
10765
10350
10764
10504
10716
10473
10590
10618
10365
10630
10698
10527
10681
10635
10578
10878
10891
10758
10700
10798
10639
10829
10796
10729
10883
10793
10894
10869
10768
11110
11044
10954
10994
11010
10999
10980
10999
11089
10953
11072
10950
10977
11216
11102
11169
11198
11328
11194
11100
11251
11102
11236
11137
11203
11106
11187
11425
11417
11120
11197
11344
11311
11283
11229
11167
11252
11153
11321
11103
11183
11225
11189
11141
11394
11297
11406
11124
11195
11415
11466
11199
11445
11486
11473
11475
11436
11542
11445
11325
11421
11542
11457
11529
11267
11236
11407
11409
11474
11494
11446
11585
11525
11679
11509
11507
11475
11618
11654
11407
11517
11593
11424
11484
11610
11610
11366
11649
11618
11597
11693
11519
11302
11634
11610
11645
11654
11536
11532
11398
11477
11535
11499
11395
11392
11387
11375
11398
11645
11651
11771
11553
11561
11576
11707
11361
11752
11706
11760
11794
11816
11986
12003
12061
11915
12007
11711
11863
11593
11718
11788
11705
11659
11598
11517
11476
11621
11614
11317
11344
11494
11159
11258
11192
11341
11124
11079
10984
10923
11018
10888
10926
10854
10899
10898
10813
10988
11019
10746
10731
10989
10738
10687
10714
10781
10768
10563
10620
10873
10609
10648
10590
10679
10511
10405
10476
10436
10490
10522
10499
10532
10649
10447
10686
10496
10511
10284
10212
10326
10482
10583
10452
10458
10326
10388
10429
10471
10485
10414
10315
10300
10536
10347
10203
10361
10258
10389
10299
10257
10084
10248
10539
10209
10197
10420
10414
10332
10141
10281
10392
10031
10166
10201
10077
10249
10313
10217
10069
10200
10052
10049
10406
10180
9943
10051
10124
10218
10051
9991
10225
10314
10158
9952
10221
10177
9951
10012
10009
9938
10099
10021
10028
10024
10001
9904
10137
10119
9882
10076
10038
9924
9854
9932
10111
9976
10137
9800
9971
10108
10039
9853
9918
9924
9941
9949
9878
9880
9705
9984
9894
9879
9921
9948
9880
9759
9783
9869
9849
9961
9846
10058
9883
9967
9882
10029
9732
9798
9833
9731
9883
9877
9699
9813
9620
9942
9818
9825
9707
9743
9632
9713
9760
9769
9709
9881
9832
9755
9640
9689
9708
9677
9602
9701
9651
9695
9577
9787
9560
9592
9638
9699
9801
9814
9773
9698
9584
9630
9668
9661
9721
9658
9716
9739
9741
9627
9687
9563
9613
9684
9666
9505
9640
9625
9352
9490
9478
9476
9358
9518
9527
9465
9502
9584
9531
9558
9522
9658
9566
9538
9466
9249
9581
9476
9438
9280
9584
9478
9512
9306
9414
9554
9491
9479
9399
9577
9553
9397
9471
9435
9389
9414
9515
9485
9539
9505
9537
9321
9464
9562
9456
9319
9360
9423
9531
9515
9333
9526
9417
9525
9326
9447
9345
9312
9460
9566
9277
9375
9491
9310
9364
9215
9194
9357
9307
9245
9235
9487
9411
9289
9434
9168
9202
9210
9452
9221
9247
9228
9202
9128
9296
9199
9376
9180
9192
9268
9214
9119
9185
9125
9205
9120
9270
9316
9158
9356
9023
9245
9066
9289
9179
9224
9305
9231
9146
9106
9088
9291
9265
9047
9284
9088
9075
9160
9069
9117
9180
9122
8912
8992
9206
9027
9089
8943
9202
9182
8938
9094
8980
9148
9106
9206
9142
9027
9139
8987
9036
9034
9246
9118
8972
9036
9008
8969
9055
8710
8827
8974
9070
9018
9107
8996
8799
8948
8755
8937
8972
8912
8794
8937
8831
8722
8848
8831
8826
9049
8862
8833
8914
8669
8902
8964
8888
8694
8672
8938
8951
8709
8700
8668
8806
8797
8752
8742
8685
8720
8645
8703
8620
8764
8716
8751
8495
8519
8641
8412
8588
8657
8742
8586
8456
8608
8558
8547
8402
8564
8503
8308
8440
8463
8676
8356
8245
8507
8226
8570
8317
8407
8217
8282
8250
8060
8235
8332
8273
8357
8155
8055
8173
8095
8163
8211
8239
8096
8190
8128
8051
7900
7838
8053
7978
7818
7998
8013
7881
7896
7902
7878
7898
7785
7793
7736
7925
7808
7605
7603
7594
7710
7571
7593
7556
7497
7630
7498
7479
7411
7395
7350
7602
7478
7367
7453
7263
7332
7375
7374
7419
7336
7278
7283
7137
7305
7157
7169
7261
7293
7223
7024
7026
7060
7091
7127
7024
7068
7052
7115
6954
7096
7075
7249
7010
6965
7029
7138
7001
6939
7027
6943
6920
6907
6880
6982
6788
6892
6972
6779
7007
6979
6751
6706
6731
6865
6758
6902
6816
6855
6832
6862
6729
6702
6765
6730
6934
6634
6697
6771
6545
6737
6634
6696
6693
6618
6796
6634
6718
6809
6684
6604
6691
6787
6727
6691
6674
6642
6665
6867
6778
6582
6766
6725
6661
6630
6662
6685
6803
6791
6800
6777
6781
6725
6832
6776
6703
6715
6737
6751
6786
6739
6644
6694
6796
6808
6687
6614
6610
6722
6760
6656
6612
6544
6736
6691
6796
6740
6650
6644
6664
6549
6712
6670
6757
6581
6731
6779
6615
6710
6716
6874
6996
6761
6968
6984
6969
6934
6882
6915
7029
6926
6855
7026
6888
6835
6779
6843
6706
6763
6649
6495
6668
6509
6517
6479
6480
6478
6345
6463
6357
6308
6429
6244
6212
6264
6213
6080
6170
6121
6163
6241
6168
5983
5967
5967
6116
6083
6007
6024
6098
6028
5974
5925
6059
5852
6018
5991
5980
5978
5858
5981
5973
5881
5786
5922
5968
5771
5901
5773
5888
5783
5946
5927
5680
5936
5764
5742
5770
5773
5922
5897
5849
5853
5778
5788
5824
5730
5730
5606
5769
5652
5675
5769
5821
5638
5687
5564
5818
5730
5676
5596
5617
5740
5717
5581
5580
5847
5591
5745
5535
5624
5553
5615
5531
5576
5541
5572
5670
5620
5527
5565
5560
5593
5596
5495
5499
5558
5532
5557
5564
5638
5404
5556
5462
5416
5525
5450
5572
5579
5454
5379
5351
5596
5514
5426
5524
5452
5467
5602
5306
5464
5463
5289
5373
5461
5403
5464
5353
5348
5411
5357
5322
5440
5503
5435
5341
5258
5372
5289
5361
5348
5317
5370
5392
5455
5329
5502
5339
5374
5367
5209
5383
5226
5368
5330
5384
5427
5286
5188
5284
5143
5227
5114
5428
5457
5059
5288
5260
5233
5315
5268
5144
5243
5116
5355
5217
5186
5244
5067
5212
5157
5163
5107
5168
5098
5204
5195
5043
5043
5039
5212
5128
5247
5057
5178
5125
5171
5206
5027
5132
5143
5077
5112
5047
4925
5109
5063
5131
5057
5136
5044
5164
5178
5206
5145
5169
5084
5032
5075
5124
5050
5006
5107
5023
4953
5029
5020
5024
5090
5130
4970
5027
5083
5073
5060
5109
4980
5098
5057
5032
5002
4970
5034
5091
4927
5106
4952
4979
5031
5008
4991
4969
4926
5051
4910
4924
4942
4998
4813
4957
4943
4986
4853
4897
4930
5007
5058
5092
4884
4937
5063
4841
4801
4900
4885
4927
4899
4935
4938
4962
4756
4851
4777
4924
4865
4916
4780
5012
4652
4954
4683
4855
4842
4947
4876
4761
4871
4910
4945
4790
4760
4813
4869
4754
4763
4843
4838
4740
4794
4725
4727
4812
4778
4763
4838
4684
4755
4792
4755
4676
4728
4770
4770
4792
4883
4859
4740
4777
4814
4719
4680
4716
4780
4744
4805
4758
4720
4751
4721
4812
4615
4736
4741
4742
4622
4676
4736
4651
4832
4697
4760
4682
4628
4835
4782
4823
4697
4611
4561
4733
4733
4794
4546
4738
4572
4733
4750
4775
4643
4653
4691
4641
4626
4530
4657
4597
4695
4595
4722
4570
4542
4654
4763
4561
4669
4644
4611
4532
4753
4600
4601
4656
4612
4653
4667
4490
4625
4604
4564
4663
4639
4663
4540
4610
4554
4584
4559
4556
4713
4601
4608
4578
4733
4525
4659
4648
4615
4639
4672
4638
4501
4655
4527
4566
4689
4569
4547
4632
4613
4612
4632
4473
4535
4490
4499
4591
4556
4648
4427
4493
4561
4592
4613
4515
4561
4534
4611
4618
4613
4655
4747
4628
4678
4694
4771
4912
4765
4875
5007
5197
5085
5209
5343
5429
5391
5581
5609
5770
5777
5968
6092
6265
6337
6404
6403
6682
6713
6680
7058
6982
7151
7195
7457
7558
7557
7824
7755
8036
7976
8196
8147
8296
8471
8534
8776
8636
8620
8563
8686
8820
8911
8758
8960
8923
8978
9160
8929
9295
9230
9325
9312
9197
9437
9676
9891
9864
10046
10272
10538
10898
11160
11585
11967
12514
12692
13382
13833
13925
14192
14322
14527
14389
14430
14337
13907
13689
13375
13079
12820
12432
12058
11486
11264
10852
10539
10028
9831
9403
9098
8947
8710
8046
7808
7727
7290
7123
6889
6663
6305
6156
5933
5742
5547
5479
5222
5211
5132
4846
4846
4727
4754
4647
4482
4382
4489
4184
4340
4325
4111
4269
4151
4101
4081
4051
4131
4049
3998
3946
4094
4042
3951
4021
4039
4013
3923
3904
4016
3970
3936
3984
3938
3976
3947
3965
4025
4051
3880
3997
3823
3898
3932
3907
3942
3978
3925
3950
3909
3964
4065
4137
3904
3831
3930
3874
3861
3911
3861
3996
3956
3951
3954
3967
3949
3970
3953
3927
3910
3902
3873
3922
3872
3934
3885
3936
3859
3912
3860
4002
3849
3820
3939
3832
3731
3831
3958
3900
3972
3888
3916
3943
3939
3935
3874
3912
3892
3912
3873
3848
4015
3857
3944
3948
3811
3828
3836
3892
3865
3856
3822
3780
3853
3831
3905
3874
3884
3730
3861
3883
3863
3982
3883
3816
4012
3783
3910
4012
3951
3908
3892
3911
3936
3843
3997
3854
3921
3863
3821
3934
3831
3837
3990
3984
3854
3974
3935
3961
3999
4095
4050
3974
4040
3988
4015
4179
4242
4215
4442
4372
4479
4595
4587
4775
4911
5100
5310
5424
5581
5855
5999
6232
6464
6681
6975
7153
7314
7705
8029
8235
8562
8873
9207
9409
9839
9960
10275
10400
10761
10799
11394
11371
11643
12144
12362
12663
12851
12941
13151
13438
13549
13695
14070
13897
14188
14132
14502
14485
14781
14707
14543
15111
15148
15196
15325
15484
15684
15862
15958
15976
16494
16915
17308
17840
18184
18923
19991
20636
21576
22391
23461
24565
25396
26026
26417
26763
27193
27494
27297
27075
26579
26013
25469
25110
24271
23361
22464
22199
21167
20367
19110
18443
17494
16677
15680
14947
14196
13443
12611
11872
11362
10695
10037
9629
8895
8379
7898
7497
6946
6610
6291
5944
5726
5424
5039
4855
4702
4460
4357
4161
4109
3965
3891
3694
3531
3587
3418
3297
3277
3182
3168
3162
3117
3128
3122
3010
3052
3025
2936
2971
2927
2953
2997
2898
3034
2980
2965
2897
2931
2954
2891
2892
2888
2970
2871
2912
2835
2846
2870
2864
2881
2878
2891
2848
2885
2911
2851
2869
2886
2861
2771
2843
2918
2864
2799
2975
2862
2817
2898
2768
2791
2856
2761
2852
2863
2807
2864
2898
2736
2767
2824
2800
2846
2761
2839
2833
2817
2723
2714
2860
2927
2768
2849
2783
2883
2816
2722
2728
2805
2849
2819
2956
2819
2804
2759
2717
2747
2783
2754
2900
2791
2722
2859
2749
2769
2788
2731
2777
2808
2822
2801
2662
2735
2760
2787
2779
2769
2810
2734
2778
2763
2794
2681
2804
2746
2839
2813
2792
2701
2754
2726
2719
2741
2804
2927
2698
2759
2743
2766
2782
2688
2742
2798
2806
2722
2717
2727
2718
2711
2790
2807
2738
2728
2691
2782
2687
2832
2762
2701
2702
2699
2770
2637
2726
2705
2760
2543
2711
2750
2729
2703
2815
2774
2719
2760
2661
2786
2723
2690
2695
2813
2651
2658
2752
2636
2661
2795
2803
2691
2756
2618
2742
2652
2710
2649
2649
2602
2733
2663
2709
2633
2626
2628
2667
2683
2656
2570
2693
2810
2735
2631
2660
2719
2599
2682
2810
2672
2687
2714
2744
2670
2731
2719
2803
2764
2747
2638
2733
2689
2652
2648
2677
2649
2655
2700
2637
2615
2638
2766
2744
2691
2619
2588
2651
2720
2555
2659
2655
2678
2687
2647
2694
2631
2701
2605
2669
2652
2607
2668
2683
2713
2727
2606
2745
2713
2709
2616
2717
2682
2618
2696
2671
2625
2633
2590
2656
2638
2695
2590
2599
2635
2580
2645
2590
2695
2724
2696
2590
2597
2684
2748
2554
2650
2692
2548
2723
2604
2618
2615
2745
2711
2630
2679
2660
2732
2662
2602
2631
2651
2639
2682
2632
2562
2577
2665
2564
2576
2557
2705
2659
2570
2619
2677
2533
2616
2654
2683
2619
2653
2564
2760
2743
2676
2665
2781
2648
2659
2705
2652
2661
2644
2612
2616
2567
2657
2597
2713
2615
2695
2573
2683
2640
2684
2679
2755
2740
2761
2610
2585
2555
2546
2677
2661
2633
2737
2655
2691
2544
2559
2599
2640
2643
2688
2645
2634
2599
2816
2711
2643
2675
2815
2698
2649
2748
2692
2650
2698
2733
2712
2706
2719
2665
2675
2690
2726
2776
2618
2856
2730
2749
2765
2836
2808
2787
2808
2837
2770
2851
2844
2909
2820
2776
2817
2945
2861
2848
2883
2967
2988
2968
3074
3114
3192
3330
3406
3444
3647
3806
3861
4157
4346
4482
4845
5250
5490
5806
6251
6614
7166
7557
8208
8880
9240
10112
10613
11442
12124
12996
13471
14557
15167
16147
17198
18082
18730
19423
20296
21579
22034
23117
23969
24556
25344
26408
27409
27674
28474
29320
29943
30560
30725
31995
32030
32575
33375
34093
34118
34621
35150
35395
36157
36138
36672
37059
37533
37722
38050
38932
39204
40064
40608
41518
42885
43318
44727
46452
47501
49211
51695
53930
55939
58037
61233
63254
65452
66769
68210
69951
70590
70046
69707
69658
68486
67551
65679
64390
61592
59650
57460
55517
52899
50352
48030
45439
43340
40827
38250
36070
33381
31189
29313
27335
24828
23379
21797
19901
18260
16934
15453
14205
12961
11782
10773
9767
8817
8033
7311
6696
6013
5473
4905
4574
3977
3711
3418
3123
2789
2627
2353
2208
2136
1907
1864
1694
1578
1515
1399
1401
1236
1260
1175
1089
1089
1065
998
1019
952
974
893
898
879
927
821
831
807
791
807
794
775
787
777
780
737
740
718
753
746
755
724
780
767
749
788
713
740
788
671
741
734
713
749
682
736
693
712
683
713
655
742
731
702
687
682
726
699
706
688
712
694
667
721
686
706
695
686
700
726
668
616
659
660
712
653
676
698
685
649
703
657
610
689
690
665
627
675
665
628
727
623
677
626
656
644
697
624
640
678
660
655
668
629
649
643
728
640
646
670
606
650
641
633
653
682
674
660
662
596
663
631
647
671
609
656
669
658
634
634
627
625
679
612
676
689
663
690
691
639
647
675
726
696
694
704
725
749
716
787
827
789
860
863
921
984
995
1106
1100
1197
1234
1307
1455
1550
1556
1643
1735
1869
1987
2017
2149
2204
2387
2375
2514
2667
2790
2918
3022
3170
3132
3370
3496
3573
3726
3752
3904
4130
4003
4151
4274
4324
4397
4543
4678
4747
4719
4885
5035
4997
5076
5132
5124
5194
5158
5189
5224
5418
5478
5694
5627
5746
5789
5874
6113
6231
6367
6515
6851
7101
7406
7517
7925
8208
8536
8601
8999
9147
9455
9278
9368
9507
9348
9339
9287
9204
8858
8680
8331
8013
7697
7429
7177
7128
6786
6281
6014
5535
5408
5176
4752
4516
4123
3911
3696
3342
3078
2810
2685
2471
2330
2210
2001
1789
1609
1556
1408
1248
1227
1177
1059
986
938
841
820
802
684
615
645
597
539
511
481
496
483
416
461
471
408
393
409
402
418
379
382
349
383
346
355
358
369
360
348
395
334
333
354
327
318
328
338
334
328
313
312
337
345
335
324
327
342
335
345
311
301
324
296
317
316
328
313
337
315
302
302
303
375
288
334
314
333
300
296
310
313
302
308
301
311
310
292
336
332
291
316
290
323
313
301
320
289
339
298
280
294
307
279
276
297
301
314
315
275
318
285
274
270
338
299
311
283
301
316
315
293
301
290
274
276
271
279
251
303
315
296
296
282
276
295
301
286
280
283
299
264
263
258
276
275
308
270
289
277
283
289
260
275
289
285
283
278
271
250
290
292
296
302
273
288
265
274
304
286
283
247
246
261
274
279
280
308
280
273
293
291
267
260
247
288
278
303
300
257
297
285
286
261
261
291
256
314
247
262
273
242
262
262
267
291
240
277
265
269
275
315
263
221
274
282
301
253
262
280
256
268
266
279
291
265
283
275
271
252
245
256
254
254
282
256
251
264
262
230
232
255
280
260
235
277
241
256
258
285
232
263
244
249
272
229
271
219
244
279
233
255
245
240
245
256
263
250
274
231
258
251
269
252
251
231
232
271
250
256
250
282
235
241
254
251
254
244
254
228
264
216
237
240
245
251
256
228
234
250
246
250
267
249
251
193
222
242
261
249
237
254
215
215
252
225
235
245
219
250
247
241
236
273
197
250
224
276
232
246
242
231
243
266
245
229
255
244
235
244
256
242
256
241
246
243
248
232
219
249
229
243
245
220
244
280
225
250
255
236
262
255
242
216
256
222
239
245
242
227
215
253
233
243
241
250
228
220
224
221
216
240
234
253
228
209
217
233
249
230
248
228
279
246
257
192
236
234
219
242
228
219
221
244
210
207
235
237
201
223
215
229
227
235
246
242
239
239
243
204
237
248
197
205
226
232
219
232
231
262
217
204
205
245
232
224
202
243
219
214
231
228
220
229
259
250
209
218
227
255
217
239
231
230
251
205
215
224
249
245
234
227
228
210
238
250
253
222
204
209
216
214
239
213
226
231
203
246
220
210
222
248
210
224
217
231
240
232
204
219
233
244
207
213
210
248
229
229
244
213
231
227
220
210
224
237
233
235
216
238
242
203
215
236
212
235
220
233
239
240
221
223
262
244
237
238
202
219
227
206
199
195
229
202
244
219
211
195
206
180
220
229
204
190
223
211
212
209
211
215
187
214
220
221
229
223
198
198
198
199
217
190
195
208
210
202
185
204
210
203
194
184
188
172
207
198
202
170
201
188
201
212
208
184
183
191
184
193
169
198
194
216
227
201
181
179
213
179
209
207
170
205
203
213
175
177
179
190
183
199
216
205
213
186
186
179
161
219
207
168
207
209
196
188
198
202
199
197
187
190
182
179
157
184
214
187
186
173
194
188
191
181
195
171
184
207
174
177
214
175
182
214
206
182
171
180
185
187
175
201
191
199
200
187
191
193
196
178
159
205
182
193
191
189
195
180
188
172
161
174
201
196
181
167
180
183
179
188
196
188
170
171
193
166
186
168
170
186
189
169
195
188
181
169
184
161
150
168
212
160
192
181
170
185
168
158
190
172
194
172
174
161
185
159
196
159
174
204
136
185
171
195
181
194
182
194
195
183
167
182
189
170
170
174
187
195
161
185
171
180
185
173
195
174
201
167
184
171
175
174
168
185
167
177
187
142
177
170
169
165
176
162
179
184
157
196
170
157
162
154
175
179
145
179
170
177
179
172
183
174
159
180
191
163
144
170
184
163
177
163
146
179
168
177
172
184
168
187
141
167
184
180
174
179
161
151
174
151
143
168
192
173
188
154
190
180
164
165
187
167
163
163
184
176
159
183
181
160
176
169
159
168
157
157
162
165
182
162
169
157
167
167
171
169
171
161
150
168
155
159
148
183
160
156
178
165
165
163
177
138
147
179
160
163
161
150
156
148
174
161
142
166
153
152
158
171
163
160
162
161
169
166
168
169
151
144
149
183
161
168
153
158
162
173
132
162
145
181
169
159
140
155
168
167
156
159
163
157
170
152
127
165
154
156
150
154
154
141
152
162
144
159
168
137
141
157
167
144
147
155
150
149
139
161
147
166
156
147
151
144
163
155
148
142
139
140
136
129
143
152
137
158
182
142
156
161
153
147
158
157
159
180
165
164
144
178
176
161
151
150
144
165
145
146
122
177
145
152
132
147
160
164
166
150
151
124
140
143
122
163
171
126
151
139
155
173
146
157
159
157
141
147
128
151
137
171
143
129
151
135
135
166
125
147
163
142
157
130
144
147
145
139
143
141
160
150
141
130
133
141
139
142
134
115
164
159
132
153
162
144
146
130
163
112
142
131
143
161
150
143
138
157
131
164
161
140
155
123
126
133
138
148
145
137
147
124
151
141
130
166
168
114
157
154
141
135
138
125
152
136
148
154
154
139
148
159
142
133
127
136
142
153
129
122
147
148
134
136
141
132
154
130
135
146
122
135
130
130
158
143
145
115
139
128
145
133
149
133
107
136
127
138
133
136
141
140
123
151
122
116
132
116
141
129
116
125
127
141
143
108
116
129
134
128
132
137
120
146
146
143
140
129
102
120
125
118
134
128
147
127
133
126
128
120
110
128
131
128
130
147
130
128
144
122
119
141
133
142
124
128
131
137
136
108
139
123
120
131
121
139
139
140
136
114
135
113
128
140
132
119
142
108
141
130
132
121
149
131
155
142
131
126
133
127
150
118
120
157
125
100
140
132
129
124
122
143
127
121
135
134
117
132
127
146
111
147
158
124
137
135
143
138
112
127
126
138
136
133
114
122
142
118
140
135
138
124
111
153
123
132
134
129
130
146
142
132
120
108
110
125
126
135
123
138
107
142
105
136
143
143
133
123
144
131
113
137
128
140
121
126
125
101
106
121
132
122
121
111
130
130
117
113
106
120
115
119
121
100
125
158
109
126
118
97
113
116
130
98
121
103
110
107
100
104
114
109
102
98
107
113
103
130
109
128
102
123
140
91
114
112
103
123
115
118
100
103
114
120
107
99
136
118
120
123
113
114
114
109
152
111
130
122
106
115
114
110
122
104
111
99
111
97
110
120
95
111
98
107
100
103
112
117
103
112
112
118
100
111
96
121
110
106
116
98
126
99
105
111
113
101
110
104
114
106
90
99
121
104
103
110
81
91
90
111
87
104
104
92
101
109
87
91
117
105
103
95
104
96
111
97
99
93
108
100
87
105
98
113
113
86
109
85
95
101
100
90
107
93
91
91
111
96
99
112
104
108
105
103
83
93
92
109
98
97
106
97
109
98
95
111
95
109
110
84
104
95
92
114
95
94
93
99
84
100
86
98
111
102
108
106
94
103
108
95
98
96
100
100
109
94
108
77
87
104
73
90
97
84
103
109
86
91
83
83
101
85
109
100
100
97
87
92
102
87
87
95
91
92
102
91
90
102
94
116
88
104
98
91
85
89
100
94
109
89
106
90
88
99
73
90
97
84
92
109
85
95
103
78
101
80
92
80
74
86
84
89
93
95
102
93
95
87
92
86
88
83
107
103
79
81
102
112
76
108
111
105
86
94
100
103
89
101
77
93
105
96
89
89
97
89
83
100
89
97
81
66
74
95
82
91
102
89
94
88
97
84
75
76
114
79
84
88
93
92
85
76
96
95
95
73
82
94
84
81
75
72
91
91
70
89
91
91
101
90
73
79
88
90
83
103
95
96
84
83
84
90
86
82
103
80
90
80
96
76
83
72
102
84
74
66
75
90
77
103
90
82
73
81
81
96
108
68
89
69
73
77
80
72
93
84
105
71
76
87
88
77
82
81
71
70
90
78
83
90
64
75
85
82
75
83
73
81
86
90
67
94
73
69
79
62
73
69
65
68
92
65
75
72
91
76
72
87
80
78
77
92
71
81
77
80
69
75
78
94
84
74
74
71
73
78
88
77
72
66
71
74
91
85
78
73
87
77
72
87
72
79
62
85
80
85
75
80
64
70
75
80
83
69
74
78
74
68
64
65
74
85
91
63
77
69
89
70
72
65
61
70
75
76
82
74
72
74
85
74
75
67
77
66
66
80
78
85
68
71
75
77
86
73
61
65
65
96
71
72
70
89
76
67
80
66
80
56
64
81
75
83
76
77
76
80
71
68
56
61
72
65
82
71
69
60
68
65
78
57
63
62
82
75
79
69
74
67
65
68
79
74
60
72
54
85
79
82
80
67
80
79
67
78
69
66
69
48
64
82
77
70
69
74
66
72
75
63
71
62
74
67
73
79
64
78
75
74
63
62
81
76
69
79
63
61
62
60
67
60
65
78
65
51
66
77
68
61
72
62
73
65
66
67
59
77
65
65
63
64
77
66
67
66
58
71
69
86
68
59
80
67
62
55
69
70
59
61
71
65
60
69
66
61
63
71
54
60
62
67
79
64
68
67
54
71
71
57
70
66
63
71
73
78
73
66
62
64
59
83
65
80
62
74
80
65
83
83
66
71
65
56
71
76
69
62
64
71
60
71
54
57
70
73
54
51
66
63
83
66
80
70
76
50
74
72
58
73
54
74
63
60
59
69
69
63
72
62
75
72
74
52
75
70
59
69
58
68
63
67
74
56
64
50
73
65
71
66
53
61
49
63
67
62
59
45
70
66
46
68
69
53
56
67
68
53
54
54
53
58
70
63
54
61
57
66
53
66
61
43
51
60
51
53
57
57
49
48
58
53
64
54
65
57
61
70
55
62
48
61
66
54
59
55
58
63
57
51
54
59
53
68
60
56
62
55
52
67
44
50
48
52
59
63
56
52
65
55
55
56
54
52
68
62
43
61
72
48
56
63
60
57
50
64
51
47
53
58
68
56
55
54
45
51
62
55
60
58
47
68
47
42
57
57
48
61
59
62
53
61
61
52
66
55
61
62
55
47
52
51
59
62
45
66
56
64
47
51
59
60
68
33
52
65
59
55
55
59
63
67
57
50
61
55
65
46
60
49
58
66
37
53
48
48
65
45
58
68
70
54
45
55
62
48
49
51
49
54
56
64
61
62
47
60
53
76
56
61
50
56
61
64
71
58
57
64
62
59
63
67
83
88
48
70
70
59
48
59
58
68
63
60
71
53
73
72
61
55
66
68
83
46
72
69
60
74
66
79
70
71
70
47
72
70
68
78
65
85
66
61
67
73
77
91
80
75
67
71
65
67
61
45
60
72
56
71
60
71
60
60
50
67
59
49
57
59
65
47
68
44
64
46
63
46
55
54
37
53
55
54
50
65
36
48
40
35
41
43
59
35
44
47
50
34
59
53
56
48
48
51
48
44
48
50
46
54
47
51
44
55
52
48
45
48
34
44
55
45
53
53
45
45
35
29
48
43
38
45
46
56
53
40
43
45
39
41
45
53
50
56
46
44
40
32
44
46
38
40
38
43
48
43
35
51
35
53
47
47
54
43
46
49
46
48
46
50
41
55
48
43
45
44
39
49
33
48
34
51
38
52
40
49
50
35
44
39
36
55
47
40
54
48
35
41
36
30
56
43
41
38
49
57
48
46
51
50
46
52
40
51
49
51
51
49
49
49
48
59
48
51
51
43
31
41
42
49
48
62
42
49
48
31
59
47
49
51
56
49
51
43
52
45
42
37
62
59
52
48
44
42
40
55
41
51
54
43
44
57
40
43
35
51
33
51
35
37
53
50
36
48
51
51
36
48
46
40
47
33
44
42
46
37
33
39
38
43
48
42
45
47
43
47
54
46
40
48
46
39
33
47
43
45
36
39
41
44
39
31
32
35
45
37
38
44
45
32
29
40
26
35
42
36
41
37
46
40
22
35
32
41
43
40
41
39
58
59
39
44
48
33
32
37
38
47
32
40
46
33
33
40
40
35
50
44
27
46
48
43
49
32
45
36
27
38
41
41
38
34
26
46
38
32
34
33
38
33
41
31
45
30
44
37
34
38
42
33
42
49
46
43
34
37
29
38
38
33
36
43
40
42
29
39
41
35
31
40
44
37
28
44
33
38
27
29
31
42
44
36
35
42
30
40
38
45
43
38
26
40
33
35
34
29
44
38
37
31
42
31
42
41
26
37
37
33
48
43
36
36
52
32
42
38
33
44
36
38
37
43
40
39
49
43
32
36
43
35
54
40
42
48
42
33
23
42
40
39
33
47
40
28
43
49
36
39
49
47
41
40
34
46
34
39
35
33
35
49
35
40
52
28
47
37
42
39
36
40
43
54
36
37
38
44
39
50
40
41
41
37
49
47
32
40
38
30
52
45
49
30
35
40
47
45
46
47
42
45
50
37
33
32
30
46
27
33
43
42
40
39
38
48
43
44
36
36
45
41
56
35
39
36
38
34
35
35
44
26
35
32
28
34
27
39
31
34
25
35
30
34
34
37
28
34
24
26
26
28
21
17
27
27
26
30
22
23
28
20
23
30
40
29
29
16
26
27
27
37
27
26
24
41
34
31
28
26
20
25
35
27
20
29
30
27
26
27
38
26
32
31
23
28
31
23
25
17
19
39
28
21
23
25
30
37
24
29
22
18
20
25
41
24
21
29
23
24
14
29
27
23
30
23
23
25
21
24
21
27
28
28
34
18
30
22
33
22
23
22
26
18
20
22
25
28
25
26
29
29
25
32
24
21
16
23
26
23
21
24
30
25
31
26
22
21
34
27
39
30
21
28
24
23
21
21
30
30
23
17
17
29
26
29
31
27
30
26
20
35
29
21
26
32
26
17
19
27
24
31
27
25
22
21
26
21
20
23
31
14
29
20
23
24
26
18
26
25
29
22
21
25
31
23
16
32
18
24
32
24
20
23
21
27
31
16
31
22
14
38
27
25
27
25
19
25
19
34
38
17
27
21
24
25
30
27
26
25
28
19
28
27
30
16
25
28
19
22
27
25
30
23
31
26
27
28
23
24
19
22
23
17
19
33
36
14
20
32
29
22
25
13
28
24
34
37
28
24
21
32
20
17
30
24
18
18
32
25
23
25
20
25
37
28
27
29
24
20
27
20
22
27
27
23
22
18
33
30
21
27
31
20
30
15
21
28
28
28
24
21
28
19
22
26
18
18
27
20
22
28
32
21
28
13
31
24
25
24
30
28
29
30
23
20
22
22
22
25
27
22
24
26
28
15
24
27
18
32
21
20
24
24
28
30
30
28
22
23
21
23
32
31
25
25
22
25
21
32
28
17
17
22
29
26
20
21
13
31
18
23
28
21
26
23
24
19
30
19
22
17
17
25
28
23
24
19
18
23
25
30
30
28
28
25
19
23
18
28
22
24
18
26
21
28
23
23
29
18
12
20
30
24
24
26
24
27
21
22
29
31
19
28
34
21
29
21
24
28
28
16
38
22
18
26
20
24
32
29
31
33
33
38
19
26
31
24
29
35
45
28
29
18
36
39
27
31
35
30
22
31
26
31
34
25
37
35
40
27
22
33
47
27
27
33
31
18
21
32
23
36
26
33
30
35
22
18
37
35
34
35
28
30
36
38
36
43
42
30
27
30
31
31
35
37
25
33
26
39
29
20
25
30
39
40
36
29
23
28
31
37
30
27
40
30
39
32
36
29
25
29
21
30
34
37
30
29
26
25
16
20
26
25
29
20
25
24
22
22
14
25
14
19
21
19
15
18
10
11
12
12
13
16
11
14
9
9
8
9
10
13
14
16
10
13
5
12
11
16
12
10
17
12
6
13
14
14
10
14
8
12
5
18
10
12
10
18
15
14
13
16
10
16
14
7
11
8
18
14
8
13
11
11
13
12
11
11
10
10
11
11
18
13
10
6
16
7
11
11
10
14
9
11
19
13
7
12
9
14
11
15
11
14
7
15
11
17
13
13
13
13
17
11
6
19
12
10
16
19
14
14
11
18
16
14
10
17
13
10
10
11
8
13
13
14
13
19
18
14
10
24
16
13
18
11
13
19
9
11
11
10
6
9
10
12
9
8
18
10
9
20
9
10
17
11
13
21
18
16
15
13
10
10
16
18
18
10
13
13
11
9
10
6
15
11
16
13
7
17
13
13
13
11
8
16
10
12
8
12
6
12
8
18
10
15
12
16
13
14
14
12
15
14
17
12
12
17
12
8
11
12
11
10
15
19
17
17
14
7
19
11
16
14
7
15
15
11
13
12
16
12
15
13
18
13
13
12
13
12
13
8
8
13
14
15
13
15
17
13
16
17
17
11
16
15
11
14
8
18
9
14
11
15
14
15
13
16
14
8
11
17
16
8
6
10
4
8
8
11
9
10
17
10
23
9
13
16
17
11
12
9
12
8
8
13
4
9
13
15
4
14
6
12
9
13
10
10
7
12
9
6
6
4
10
6
7
6
2
5
7
7
8
7
11
8
15
12
11
7
4
8
8
5
6
2
8
10
7
12
9
3
5
13
4
3
7
10
9
8
5
6
7
4
8
6
6
6
9
11
7
4
4
9
10
13
9
9
4
8
12
10
7
14
10
11
3
5
5
7
10
5
9
12
3
6
10
9
3
5
10
5
8
7
8
7
8
7
7
6
10
9
11
9
9
11
13
8
7
6
7
8
9
8
5
8
9
8
7
10
9
7
4
9
9
11
9
10
7
6
7
9
11
11
5
11
5
9
7
12
3
6
10
7
14
5
6
12
7
4
5
8
7
11
7
8
6
5
8
5
6
6
7
10
9
9
5
10
9
9
4
13
8
5
5
4
7
5
9
6
7
8
5
8
10
9
3
11
6
11
9
15
5
7
12
10
12
11
9
5
7
5
3
5
8
9
7
10
4
9
8
8
10
10
8
12
6
6
8
11
2
3
11
10
11
9
6
3
5
6
14
7
6
7
8
10
9
9
9
7
7
8
13
9
5
7
10
11
5
12
10
6
10
9
9
9
8
6
6
7
8
7
9
9
10
8
10
9
14
11
10
6
8
8
10
11
7
4
10
8
4
7
10
6
3
11
5
11
7
11
13
5
8
6
8
9
11
9
4
9
3
9
7
9
3
5
8
7
8
7
6
2
4
6
8
5
7
7
8
6
11
6
8
6
3
10
9
10
6
12
6
5
9
8
6
2
4
7
5
4
4
5
8
9
11
5
5
7
6
7
7
7
9
8
10
7
6
7
13
11
7
10
8
4
6
10
4
7
9
5
7
4
4
4
4
12
10
13
5
12
10
12
7
6
10
5
4
9
11
7
14
7
7
5
7
5
6
7
5
8
9
15
7
5
4
9
5
3
5
4
13
5
6
6
6
9
6
8
6
6
7
7
11
8
4
9
6
11
5
7
8
6
9
5
4
10
3
8
6
6
9
10
7
8
4
5
7
6
10
8
4
4
6
4
3
9
5
6
5
5
9
8
7
6
13
4
6
7
10
8
6
10
3
9
7
8
16
8
3
3
6
10
3
6
9
10
7
8
8
10
8
6
7
3
6
10
10
8
5
4
6
4
10
7
13
10
7
10
9
8
2
8
13
10
4
6
6
11
6
4
13
11
7
3
10
16
12
8
7
3
13
9
8
9
10
10
9
11
11
7
5
7
7
4
10
11
4
3
0
4
12
8
5
9
6
2
14
6
8
8
6
7
8
10
12
8
7
7
6
9
8
8
10
7
8
4
4
5
4
6
7
5
4
4
2
4
2
7
7
9
8
9
8
7
10
5
10
5
7
7
6
9
7
6
4
6
6
6
5
8
9
6
5
2
10
6
4
4
5
8
7
6
4
9
8
9
6
9
6
0
8
9
6
5
4
10
3
6
8
5
4
8
8
4
6
7
5
10
4
7
4
3
7
3
4
7
5
7
4
5
11
8
10
10
6
4
6
5
6
6
8
4
6
7
1
8
7
6
2
5
6
4
4
9
1
11
2
3
8
2
2
3
5
9
5
5
5
3
3
6
9
9
4
4
6
8
10
7
10
8
6
6
0
7
6
4
3
9
4
8
7
5
6
5
10
1
8
5
2
4
6
3
3
9
4
11
4
7
0
2
2
6
7
7
4
10
5
1
8
7
5
7
6
5
3
5
3
8
8
5
6
5
5
5
9
8
5
13
11
7
6
6
3
8
9
6
11
6
5
6
10
8
5
8
4
5
7
5
3
7
4
7
6
5
4
4
3
4
3
2
5
4
8
2
8
6
4
8
4
4
8
8
6
6
8
11
8
6
7
6
6
5
5
6
2
5
8
7
5
5
7
6
4
2
2
6
4
4
8
2
4
7
7
5
4
4
3
6
5
5
0
5
3
9
4
2
4
6
3
9
3
4
4
5
6
5
8
11
6
4
4
10
6
6
3
2
10
8
6
7
5
6
5
11
4
6
6
10
4
1
6
7
7
10
5
8
5
5
3
7
7
5
6
6
10
3
2
10
8
3
6
8
9
4
4
7
5
3
7
10
2
4
4
6
6
5
7
7
5
4
2
5
6
8
5
5
6
6
9
4
1
5
4
10
5
5
9
7
6
4
10
3
7
7
8
3
5
5
6
8
4
6
4
5
5
8
3
8
6
9
6
4
5
8
6
5
8
7
4
6
9
2
5
7
4
6
5
2
9
13
4
4
3
4
6
2
4
4
3
4
6
9
10
3
4
3
4
6
9
4
7
7
4
3
6
4
2
6
3
4
5
1
7
8
2
7
5
4
6
5
5
8
14
9
6
5
6
7
5
6
4
5
5
11
6
9
10
7
4
5
4
4
8
6
6
7
5
3
2
6
7
4
4
10
3
7
7
4
5
8
9
3
6
4
9
7
3
5
3
7
6
9
5
4
6
5
4
3
4
4
9
4
7
5
6
5
7
4
7
9
5
2
3
3
5
3
8
5
4
6
4
8
8
5
6
5
1
3
8
6
2
5
5
5
4
4
3
3
5
9
3
0
1
7
3
6
3
3
4
7
6
5
4
2
5
6
4
10
4
11
4
8
2
5
6
6
6
2
2
4
4
9
6
5
6
4
9
2
5
9
3
10
8
9
1
4
6
9
8
2
7
4
5
2
6
9
6
9
1
4
5
4
3
3
7
4
6
2
7
9
8
5
8
4
5
3
3
5
7
2
10
3
7
7
7
3
10
3
2
3
2
3
3
10
5
7
7
4
4
7
0
4
5
6
7
3
11
6
5
5
7
5
3
7
6
5
6
11
6
3
2
6
5
7
5
3
5
4
4
6
5
8
3
4
4
7
3
2
5
5
7
2
11
10
7
6
5
5
7
2
8
4
5
5
5
4
4
5
4
9
6
1
8
5
5
4
5
1
4
6
7
7
3
4
2
5
11
3
4
4
5
1
2
2
6
1
5
5
8
7
10
4
4
6
3
9
4
4
3
4
8
3
3
5
9
3
2
11
3
3
1
5
4
4
4
4
4
3
6
0
10
2
8
3
6
1
2
2
6
4
5
3
2
7
2
3
4
5
4
4
4
6
5
5
4
3
2
6
5
2
9
6
6
4
4
3
11
5
5
8
5
1
3
4
7
9
3
6
6
1
2
7
3
4
4
4
2
3
2
4
7
6
1
6
7
5
5
3
2
2
7
6
6
6
4
2
2
5
4
8
1
8
4
2
2
4
5
4
2
5
5
2
5
4
4
3
2
5
7
9
2
5
4
6
3
7
7
9
6
1
6
1
3
2
2
4
7
9
5
6
4
3
8
5
3
1
5
2
4
5
7
6
3
5
4
6
1
9
6
7
4
5
1
2
4
5
2
4
2
4
5
5
6
4
3
6
4
5
6
8
5
3
5
3
4
6
3
4
7
5
5
3
5
3
3
1
6
3
1
3
4
4
13
3
6
4
3
6
9
3
3
5
3
1
7
6
4
4
3
2
6
1
6
4
6
8
4
5
3
6
1
5
4
5
1
7
7
7
5
7
9
4
12
6
7
2
3
4
2
5
6
4
7
3
7
3
3
4
5
5
2
3
4
3
5
2
4
1
10
3
2
7
2
6
1
6
5
7
6
6
6
3
3
5
5
5
3
5
5
4
6
3
5
4
3
3
8
6
3
4
5
0
2
1
4
4
6
4
7
2
5
8
8
3
6
5
5
1
12
4
4
4
3
5
5
6
9
6
4
6
11
3
3
4
3
2
6
6
4
7
3
2
5
3
6
8
3
7
6
5
5
4
2
6
6
4
0
2
11
9
5
6
4
5
10
8
7
7
8
6
6
7
8
5
5
8
5
7
8
4
4
7
10
7
9
12
3
8
7
6
9
4
12
6
4
4
16
14
15
9
6
8
7
9
9
8
11
2
7
8
14
7
9
10
13
9
11
9
17
12
8
10
10
4
9
11
3
6
2
16
8
9
11
6
6
6
9
9
6
2
8
6
10
9
8
3
6
3
9
4
11
8
6
6
9
9
7
7
4
6
4
2
6
5
5
3
2
6
5
8
3
8
5
5
5
7
6
4
5
3
2
3
3
9
5
3
0
2
4
8
4
4
9
6
4
5
2
2
1
2
4
5
1
3
2
4
3
4
7
4
2
1
2
6
4
3
8
5
6
4
6
0
3
6
6
2
4
4
7
6
4
4
7
4
4
4
4
5
5
1
9
3
9
6
3
4
1
3
4
6
6
4
6
3
1
8
6
4
5
1
7
5
6
2
3
7
3
4
7
4
6
4
7
6
3
5
3
3
2
8
6
5
1
3
8
3
6
3
3
2
4
8
3
7
4
6
5
2
4
3
3
3
3
5
4
10
4
4
4
5
3
3
4
6
5
4
4
4
4
6
2
3
8
7
2
4
1
8
6
4
7
5
2
6
4
5
8
5
5
4
2
6
3
7
6
5
7
4
4
7
6
4
3
2
1
3
6
1
1
3
6
5
5
6
7
7
3
1
2
6
4
5
9
5
2
4
2
1
3
6
6
3
6
2
4
4
7
3
4
4
12
2
4
6
5
7
3
2
2
5
4
3
6
9
2
5
5
3
1
4
3
2
5
1
1
6
3
2
2
3
4
4
2
2
1
7
2
3
2
5
3
5
2
5
1
3
4
4
2
2
4
5
3
2
2
4
2
5
3
7
6
3
9
2
4
6
4
3
6
1
2
7
1
7
1
1
7
3
3
4
7
8
9
4
2
4
2
4
7
9
6
4
4
4
4
4
1
4
6
5
2
2
3
2
4
2
2
1
3
7
4
3
5
4
5
2
3
4
4
4
4
3
4
8
6
4
3
5
3
0
0
3
1
3
4
2
3
6
7
3
4
3
8
1
1
2
6
2
4
2
2
1
1
3
1
3
4
6
4
3
4
3
5
7
5
4
6
8
5
2
5
3
3
7
5
2
3
1
5
7
9
7
0
4
3
3
5
4
5
1
3
4
3
1
5
2
2
3
9
3
4
6
3
7
6
5
2
4
4
5
4
6
2
5
3
3
7
1
3
6
2
5
4
4
2
3
2
6
2
3
4
5
8
5
11
5
4
2
2
5
3
3
8
4
3
1
6
6
1
7
3
5
7
13
4
7
4
4
7
3
5
3
3
4
7
6
5
7
6
3
6
3
5
7
11
5
6
8
6
6
7
8
8
1
6
2
4
2
7
7
3
8
9
5
6
13
11
6
5
9
3
8
9
4
6
11
10
6
6
5
7
3
6
5
10
7
6
8
6
7
5
10
8
5
5
5
9
8
4
4
12
7
13
4
9
6
8
10
3
7
11
6
3
9
5
5
4
5
4
9
4
7
5
3
5
8
6
2
9
2
1
5
1
2
4
3
5
4
7
6
3
2
6
5
4
1
6
4
2
2
4
3
4
2
1
6
2
0
4
2
2
2
1
3
3
2
3
4
3
2
2
1
3
4
4
4
4
3
7
4
2
2
5
3
5
8
0
4
2
6
4
3
5
7
3
2
4
4
4
3
3
2
4
2
4
3
2
7
2
3
4
5
4
2
0
6
3
4
4
2
2
2
2
1
2
3
4
2
4
0
8
1
4
10
4
2
4
4
5
0
2
3
3
2
6
3
6
2
3
3
4
6
2
3
1
3
2
3
2
4
1
2
2
3
4
4
4
3
3
0
5
4
3
6
3
2
2
2
1
7
1
2
2
3
2
1
5
6
3
4
4
1
7
1
2
5
1
2
2
2
2
3
4
3
1
2
4
6
5
2
2
3
5
2
6
1
5
1
3
5
6
1
1
4
7
2
2
5
2
2
5
3
2
0
4
4
5
3
3
5
3
4
4
5
2
1
3
2
2
1
4
4
3
6
3
3
6
2
4
2
3
5
6
2
5
5
3
2
6
6
4
3
5
2
7
3
5
1
4
8
4
3
2
3
6
4
7
4
2
5
3
5
2
2
5
0
3
3
1
1
3
0
0
6
2
3
2
2
1
7
3
1
5
1
2
2
1
4
1
6
3
9
2
3
4
8
2
0
1
3
1
3
8
5
4
4
1
5
4
4
2
10
3
4
2
1
4
2
5
1
1
5
3
0
0
7
5
2
3
4
2
7
3
2
5
7
2
2
0
8
4
2
2
4
3
3
1
4
5
2
1
4
5
5
4
3
3
3
4
4
3
7
3
4
5
1
3
5
3
8
3
4
1
1
3
7
3
1
3
3
5
3
2
2
4
5
5
3
5
5
3
4
2
3
5
2
5
3
1
5
4
2
10
3
3
0
4
5
3
2
3
2
2
5
7
3
3
2
3
1
2
4
1
2
3
7
3
3
3
4
4
5
2
1
2
3
0
4
4
2
3
5
4
5
3
4
2
0
4
2
1
2
0
5
7
5
2
5
1
2
1
1
2
4
4
5
3
1
4
3
3
0
6
2
2
2
3
3
2
2
4
6
6
5
3
5
6
0
4
1
1
2
1
1
4
3
1
7
4
3
1
3
3
3
2
6
1
2
6
2
2
3
2
5
1
4
2
2
5
1
8
3
3
3
3
0
2
11
1
5
5
3
3
3
2
3
3
5
8
1
2
2
4
4
4
3
2
2
1
1
0
3
2
1
5
7
3
5
0
2
2
2
1
3
5
1
3
4
1
4
1
6
4
4
4
2
1
3
2
6
4
1
2
3
4
4
4
2
2
2
2
2
3
4
2
6
3
7
2
4
5
1
3
7
2
4
4
3
3
2
5
4
2
5
4
1
2
2
1
2
3
1
3
3
3
6
4
2
3
1
0
3
1
5
3
4
3
3
3
3
2
1
5
3
4
5
3
8
3
4
4
4
6
3
1
4
3
4
4
3
6
3
3
2
3
3
3
4
3
4
4
7
1
4
1
1
3
6
6
4
3
2
2
2
1
4
2
4
3
3
1
0
2
3
5
3
1
4
3
5
3
4
3
4
4
2
6
5
5
4
6
4
2
2
4
0
4
3
2
1
5
2
3
2
1
4
3
3
9
2
5
5
1
3
1
2
3
1
2
2
2
3
1
4
1
1
2
9
2
2
4
5
1
6
4
3
0
10
1
0
2
5
1
1
1
5
4
1
6
3
4
3
2
3
2
4
2
4
6
1
4
2
1
4
2
4
1
2
5
4
3
4
3
2
3
2
3
4
4
3
0
4
2
8
2
2
3
3
5
1
2
3
3
2
3
3
3
0
1
10
5
2
2
4
3
5
6
2
3
2
3
3
5
3
3
1
3
4
3
1
2
4
2
2
6
2
7
1
4
2
6
5
0
0
4
3
2
1
2
2
2
4
1
4
6
3
1
4
1
2
2
2
6
2
2
4
1
1
2
2
2
2
3
1
3
1
1
4
1
2
1
5
6
6
1
6
1
2
3
3
3
1
2
4
2
2
6
2
2
2
3
4
2
3
6
4
3
6
2
7
6
7
2
2
1
4
4
5
2
6
1
4
1
1
3
2
1
4
3
0
3
2
2
3
2
5
2
2
5
2
1
2
4
4
1
3
5
1
4
2
3
2
2
3
2
2
1
6
4
4
9
2
3
4
2
3
2
4
5
5
5
2
1
1
3
2
6
1
0
3
3
0
6
3
3
5
2
4
3
1
1
4
3
5
3
1
2
5
3
2
3
4
4
2
9
2
3
1
3
5
1
4
5
1
6
1
2
3
3
2
4
4
1
4
1
4
6
5
2
2
4
0
2
1
3
6
6
3
2
3
2
3
3
1
3
5
7
2
1
5
2
3
3
3
4
3
6
3
5
1
4
2
0
3
3
4
1
6
2
0
2
2
4
2
2
5
4
1
2
3
5
4
2
8
4
5
3
4
4
3
1
5
3
4
1
2
3
5
5
4
1
5
2
6
4
5
3
0
1
2
4
5
3
3
3
1
4
3
4
0
2
3
4
6
2
2
1
2
4
1
0
3
3
6
0
5
4
0
1
3
2
2
3
3
1
8
0
3
3
2
2
3
4
3
1
2
4
0
5
1
1
4
2
4
2
2
4
3
2
1
3
2
1
4
3
1
4
5
5
3
5
3
5
1
1
3
2
2
5
5
1
3
5
2
2
4
5
1
5
1
2
3
2
6
1
1
3
5
2
3
2
3
1
3
3
5
5
5
4
3
2
2
0
3
2
4
0
2
2
3
1
2
3
1
0
4
2
1
6
3
1
3
5
2
5
5
3
3
2
2
0
5
2
3
1
1
0
4
2
3
2
3
2
3
2
1
1
4
3
2
10
3
4
6
1
2
4
4
6
2
2
2
2
4
3
1
1
5
3
0
6
3
3
3
4
1
2
5
4
3
3
4
2
3
3
0
0
3
1
5
2
3
3
0
1
3
2
3
2
3
3
4
1
3
6
1
5
2
2
2
5
0
7
3
1
4
5
3
1
1
2
3
3
5
3
1
4
2
2
4
2
4
0
7
3
4
5
2
4
1
5
7
1
0
3
2
6
2
3
4
2
5
1
3
2
3
2
0
4
0
3
1
2
5
3
2
1
2
2
2
2
1
4
4
6
4
4
6
2
1
1
1
1
4
2
3
7
1
4
1
3
1
2
2
5
5
3
4
1
3
2
3
4
1
2
2
4
2
2
3
0
2
2
1
2
6
4
1
3
3
5
3
1
2
2
2
5
1
2
1
2
4
1
2
3
2
3
5
5
3
2
4
3
5
5
6
6
1
1
3
2
5
4
3
7
4
5
4
3
2
2
1
5
3
5
2
2
4
5
6
7
5
2
5
7
2
5
3
5
3
4
4
8
2
8
4
8
1
4
7
6
1
5
4
6
4
4
9
2
5
2
2
10
4
2
7
5
2
7
4
3
7
5
5
3
12
6
5
3
6
3
4
5
5
5
2
10
5
1
7
3
3
6
3
4
3
4
5
2
8
6
6
1
3
3
1
4
3
3
0
2
5
1
3
5
6
3
2
4
1
3
2
3
3
6
1
4
1
2
2
4
2
3
6
1
1
2
5
3
3
2
3
0
4
5
2
1
1
2
2
3
4
1
0
0
3
1
5
1
4
1
2
1
4
2
2
1
1
3
3
0
7
2
3
5
7
2
0
3
4
2
2
7
0
1
1
1
3
3
1
3
7
7
3
5
2
2
3
2
2
5
3
2
11
3
3
1
3
1
7
1
2
3
3
2
1
2
3
6
5
1
3
2
4
2
3
4
3
3
5
2
4
3
0
3
3
2
4
3
1
0
0
3
5
6
2
1
0
3
3
0
2
2
0
4
5
5
1
4
1
2
3
6
1
2
3
2
3
5
2
1
6
1
2
3
0
2
2
7
3
4
2
2
3
1
1
3
2
3
1
2
2
3
1
3
3
3
2
2
1
3
0
8
1
1
2
3
5
0
4
2
2
2
4
2
2
3
2
2
0
3
3
3
5
3
4
1
1
3
1
2
3
1
3
1
3
0
1
2
1
3
2
3
2
3
1
1
1
1
3
4
2
2
5
4
0
5
3
2
2
2
2
2
1
1
3
5
0
5
2
4
1
3
4
3
3
6
4
4
3
2
4
3
2
7
3
4
6
5
3
1
3
4
4
1
4
3
3
1
6
8
1
4
1
1
4
0
0
1
0
5
3
5
4
6
4
2
2
4
3
2
2
3
1
3
1
0
2
1
0
2
3
3
6
2
1
1
2
2
0
2
1
0
3
1
0
5
0
0
3
3
3
2
3
1
3
1
1
0
3
4
3
5
3
3
3
3
2
4
2
1
3
2
4
2
4
1
2
3
2
2
2
4
5
5
3
4
5
3
2
4
3
5
0
1
1
3
3
0
5
2
1
4
2
3
1
4
3
1
0
2
2
4
2
1
4
3
3
3
0
1
1
2
4
3
5
2
4
4
1
6
1
1
3
2
2
2
4
0
5
1
1
3
0
4
0
5
2
3
1
4
4
2
2
4
3
2
4
3
3
3
3
1
1
2
5
1
0
5
1
5
0
4
1
5
5
3
0
2
2
6
5
4
2
2
5
5
3
1
3
3
4
1
3
2
3
3
3
2
5
3
2
3
4
2
4
5
4
3
3
1
2
7
2
0
3
3
3
3
4
1
6
2
0
5
6
3
5
3
4
3
4
1
4
2
6
1
8
3
2
2
3
1
2
1
1
2
2
2
3
3
5
3
1
3
1
2
1
3
4
3
3
1
1
1
2
4
1
0
5
2
5
5
3
1
0
8
1
3
1
0
3
6
1
5
1
2
4
3
4
4
1
2
0
4
3
4
2
2
1
2
2
2
1
2
0
4
2
0
3
2
2
4
1
3
4
2
2
2
2
2
3
4
4
3
1
4
1
3
4
1
3
3
6
4
7
0
1
3
4
0
0
2
3
3
2
2
1
2
1
1
5
2
3
4
4
1
4
3
3
3
1
0
2
2
2
5
3
1
1
5
2
4
0
2
2
2
3
2
1
1
0
4
4
2
1
5
4
2
0
3
6
1
2
2
4
0
4
1
2
0
5
4
4
2
4
1
3
3
2
2
4
2
2
2
4
2
6
5
2
5
1
1
3
3
4
2
2
2
2
7
1
2
0
1
2
3
1
3
3
1
1
2
1
3
2
7
2
4
2
1
3
1
1
1
2
8
0
2
3
1
5
1
1
4
5
1
5
2
1
8
3
0
1
4
3
4
4
1
2
1
1
3
3
1
4
2
4
3
1
3
2
0
2
3
2
3
2
2
1
4
4
1
0
2
2
0
7
0
4
0
4
0
2
1
6
1
2
5
5
5
0
2
1
3
1
3
6
6
4
2
2
1
2
2
3
1
2
0
1
2
1
1
1
0
3
3
1
3
1
1
5
0
1
2
1
3
3
0
6
4
0
1
0
4
2
2
2
3
5
2
5
2
1
6
3
2
4
2
2
2
3
3
4
2
6
2
3
0
1
1
2
1
1
1
0
3
3
1
2
1
3
2
4
3
3
1
5
1
2
6
0
2
4
1
2
2
1
1
2
3
0
2
4
2
3
7
3
3
2
5
3
3
0
2
2
2
2
2
3
2
4
3
5
1
1
3
1
3
4
2
3
5
3
2
3
0
2
1
2
2
0
1
5
2
2
3
2
0
3
3
5
2
2
1
2
9
3
2
2
2
2
0
4
1
1
1
3
7
6
2
10
2
1
2
2
1
4
1
2
4
1
3
2
4
1
2
4
1
3
2
3
3
1
1
2
2
1
2
2
4
1
1
4
4
1
3
4
1
1
2
2
5
2
3
4
4
3
5
3
0
4
1
2
3
3
0
4
1
1
1
1
3
2
3
1
2
4
3
4
1
2
1
3
2
4
2
0
1
2
1
2
1
3
3
1
2
4
2
1
4
4
2
1
5
1
0
1
3
4
2
0
1
2
1
2
2
3
2
5
0
1
2
3
3
4
3
3
3
1
1
3
3
4
2
4
5
0
1
0
0
1
2
2
4
2
5
5
4
5
3
3
2
3
2
5
1
4
3
2
2
1
5
3
2
2
3
1
1
6
2
4
4
3
1
4
3
2
4
2
6
2
3
2
3
1
3
10
1
6
4
3
1
0
1
4
6
8
4
3
11
4
3
3
1
2
4
2
5
3
4
4
2
4
3
3
3
5
0
1
6
3
3
1
2
4
1
5
6
1
0
2
5
1
2
6
1
1
4
6
3
1
6
4
1
3
2
1
3
4
2
3
1
1
4
6
4
1
3
2
5
4
0
0
2
2
2
4
1
2
4
4
0
2
2
1
3
3
1
2
0
5
2
0
1
3
0
2
9
2
1
6
2
1
1
4
1
4
1
1
2
1
2
2
0
2
2
4
2
2
4
1
1
2
1
2
2
1
2
3
0
3
1
1
3
3
3
3
1
2
2
2
3
4
1
0
1
3
3
0
1
2
2
4
4
3
1
1
1
0
4
3
1
5
3
1
0
4
3
0
2
2
1
2
1
1
2
1
1
1
0
1
3
1
1
2
2
0
1
0
2
4
1
0
0
2
0
2
1
4
3
2
1
2
0
1
2
3
0
2
1
2
2
2
1
1
1
3
1
4
2
1
3
1
3
2
2
2
2
4
3
1
2
1
1
2
1
3
2
1
2
2
2
4
1
2
1
0
0
1
5
2
0
1
2
1
5
0
2
1
4
1
1
2
1
1
2
0
4
1
3
1
2
0
2
1
0
4
5
0
5
3
0
1
3
3
1
0
4
2
2
3
1
1
2
1
0
0
1
0
4
1
2
3
5
1
3
3
3
2
1
6
1
1
0
1
0
1
2
3
3
0
0
2
2
1
1
4
4
0
4
2
2
0
1
5
2
2
4
0
1
1
1
0
1
0
1
2
1
4
1
2
2
2
0
3
2
2
1
3
1
3
0
3
2
2
1
1
2
1
2
2
3
2
2
4
2
1
2
1
1
0
1
4
2
1
2
1
0
4
2
3
1
0
2
1
1
1
2
2
3
2
1
1
1
1
0
4
1
3
1
2
3
2
1
0
0
0
2
2
4
0
2
0
6
1
3
3
2
3
2
2
2
1
2
0
2
3
0
2
1
2
3
1
3
1
4
1
2
1
2
2
2
3
2
2
2
1
1
0
3
1
2
1
1
2
2
2
3
2
2
1
3
2
0
1
1
3
0
2
2
1
1
1
0
2
2
2
1
2
1
2
1
1
2
0
3
0
2
1
1
1
3
1
4
2
1
5
1
4
3
1
2
0
3
3
2
0
1
2
2
1
3
0
1
2
3
1
0
0
2
0
1
0
1
2
5
1
4
3
1
1
1
2
2
0
0
1
1
0
2
1
5
0
1
1
0
2
2
2
3
0
1
0
2
1
1
2
1
1
0
2
2
2
2
1
0
0
2
0
2
1
3
1
1
2
1
1
0
2
1
1
1
1
3
1
3
2
3
0
2
2
3
4
1
1
0
1
2
2
1
0
1
1
3
1
2
4
4
0
0
3
3
2
1
2
2
1
0
1
4
1
1
0
0
1
0
0
5
0
0
3
3
4
0
0
0
1
1
4
2
1
2
1
2
1
1
0
2
3
2
1
2
0
1
1
2
3
1
0
0
0
3
2
4
3
2
3
2
0
0
1
1
0
0
1
0
0
0
1
1
0
2
0
1
2
2
1
2
2
0
0
1
0
1
1
1
1
1
2
3
3
0
1
0
1
1
0
2
2
1
1
1
0
2
2
0
3
1
0
1
1
2
2
1
1
3
2
0
1
0
2
1
1
3
3
1
0
1
3
1
1
1
1
0
0
0
3
1
1
5
1
2
3
3
3
2
3
1
0
3
1
0
1
0
2
0
2
2
0
2
0
0
1
1
1
1
2
1
0
3
0
4
2
2
2
3
0
3
0
3
1
2
0
3
1
1
1
1
2
2
0
1
1
0
1
0
1
0
0
2
2
2
2
2
0
0
3
1
2
2
1
1
0
2
1
0
0
1
0
1
1
1
1
1
2
1
2
2
2
0
1
1
0
0
3
2
2
0
1
1
2
2
0
1
2
1
1
1
1
4
0
0
1
2
1
2
0
1
1
2
0
0
3
3
0
1
2
0
0
0
2
1
2
0
2
0
0
1
0
1
2
1
1
1
1
1
0
3
2
1
2
3
2
1
3
3
1
4
1
2
0
0
0
1
0
0
2
5
0
3
2
1
1
2
1
1
2
0
6
2
0
0
0
2
1
0
1
0
0
0
0
1
2
3
2
1
1
1
1
1
1
2
1
0
1
0
3
2
2
3
0
3
1
2
0
1
1
2
2
2
0
0
1
2
1
1
1
3
0
3
2
0
0
2
1
2
0
2
3
1
0
3
1
0
4
2
4
1
1
5
1
1
2
0
1
0
2
2
1
1
3
1
1
2
1
0
1
0
1
2
2
1
1
1
1
2
2
1
3
0
3
2
1
2
1
0
2
2
1
2
4
0
1
2
0
1
1
2
1
2
2
0
0
0
1
1
0
0
0
1
1
0
1
0
2
1
1
3
2
2
0
1
1
0
1
2
2
2
1
1
1
1
0
1
0
3
2
1
1
1
0
0
2
0
1
2
1
0
2
1
4
2
1
0
3
0
0
1
0
0
2
1
1
3
3
1
1
1
1
1
1
1
1
0
1
3
1
0
0
1
0
0
1
0
1
0
0
2
1
1
2
0
2
0
1
1
1
3
0
0
0
0
1
2
2
0
0
0
3
1
1
4
0
0
1
0
0
0
1
1
0
0
0
1
0
0
0
3
1
0
0
1
1
1
3
0
1
0
1
0
1
1
1
1
1
0
1
1
2
0
0
0
1
1
0
1
2
0
1
0
0
2
3
2
2
3
0
1
1
2
0
0
2
2
1
0
0
0
1
2
2
2
1
0
1
0
3
1
1
1
0
1
0
1
0
1
1
1
0
0
2
2
2
1
2
2
2
1
3
2
0
0
1
0
0
1
1
0
0
2
1
1
2
0
1
1
0
0
1
1
1
0
0
2
1
0
0
0
3
1
2
3
0
1
0
3
1
1
0
1
0
1
1
0
1
0
3
1
1
0
2
1
2
1
1
0
0
1
1
1
2
2
1
0
0
2
0
0
0
1
1
0
4
1
3
1
1
1
1
1
1
0
2
0
2
1
2
1
0
1
2
2
0
0
4
0
1
0
0
0
1
0
0
0
1
0
1
4
0
1
0
0
1
1
0
0
1
0
0
1
0
1
3
2
3
0
2
0
3
1
3
0
0
1
1
1
2
0
0
3
2
1
2
0
0
3
0
2
1
3
1
1
1
2
1
0
1
1
0
1
1
0
0
1
1
4
0
2
0
1
0
2
0
5
1
2
2
1
1
1
0
3
4
0
1
1
3
0
1
4
0
3
2
3
1
0
3
3
1
3
1
1
1
0
1
1
1
1
0
3
0
1
1
1
1
1
2
2
0
0
4
3
1
1
0
0
0
2
1
1
2
0
2
0
1
1
1
2
1
2
1
1
0
1
3
1
1
0
3
0
2
0
0
0
1
1
0
0
2
3
3
1
0
1
0
1
0
1
0
4
1
0
0
0
0
1
1
0
0
0
1
0
1
2
0
0
0
0
1
1
3
1
0
0
1
1
1
1
2
1
1
0
1
1
0
1
2
0
0
1
1
0
0
1
0
0
0
2
3
1
2
2
1
0
0
1
1
1
1
3
0
2
2
1
1
0
0
2
0
2
0
0
2
0
1
0
1
0
1
1
0
0
1
1
1
1
1
1
2
1
0
2
2
2
0
0
1
1
1
2
0
1
0
1
0
1
1
1
0
0
0
0
1
0
0
1
0
0
3
0
0
2
1
2
1
0
2
2
0
2
1
1
1
1
2
1
1
0
0
1
1
1
1
0
0
1
1
0
1
1
1
0
1
0
1
0
0
0
0
4
0
1
1
0
0
3
0
1
1
1
2
1
3
0
1
1
0
2
2
0
0
0
0
1
2
0
0
1
2
0
0
4
2
0
1
0
0
1
1
3
1
0
0
3
3
0
1
1
2
0
2
0
2
2
0
3
1
1
0
3
2
2
1
2
2
0
1
2
1
1
0
0
1
1
0
2
1
1
1
0
1
0
2
0
0
1
1
2
2
0
1
2
1
1
0
3
0
0
3
1
0
0
1
1
0
4
2
2
0
1
3
0
1
1
2
1
1
0
1
1
0
1
1
1
0
0
0
0
2
2
2
0
1
0
1
1
0
2
1
1
1
1
1
1
1
1
0
1
0
0
2
0
2
1
3
0
0
3
1
1
0
0
2
0
1
1
1
0
1
1
0
2
2
1
0
0
0
2
0
0
0
2
0
0
1
2
1
2
0
0
1
1
1
0
1
1
1
0
1
1
0
0
0
0
0
0
2
0
1
0
0
1
1
1
0
0
3
2
0
0
0
1
1
1
0
1
0
0
4
0
2
0
0
2
1
0
0
0
2
0
1
0
1
0
0
1
0
1
1
1
0
1
2
0
1
2
1
2
0
3
0
1
1
0
1
1
0
1
1
2
2
0
1
0
1
0
1
1
0
0
1
0
0
0
0
1
6
0
0
1
0
0
0
1
0
1
1
1
2
1
1
0
0
0
0
0
1
0
0
0
1
1
1
2
1
1
0
1
1
1
2
1
0
0
0
2
1
0
0
0
0
1
1
2
0
0
0
0
0
0
1
2
1
1
0
0
0
1
0
0
1
3
2
1
0
0
1
1
0
0
0
1
1
0
1
0
2
2
1
1
1
0
0
0
0
1
2
0
1
2
0
1
1
0
1
0
0
2
3
1
0
0
1
1
0
1
1
0
0
0
0
0
1
0
0
1
3
1
0
1
3
0
0
3
0
1
0
2
1
2
1
0
2
0
1
0
1
0
0
2
0
2
4
1
1
2
1
3
0
1
1
0
0
0
2
0
0
1
0
2
1
1
1
0
3
0
2
1
2
2
0
0
1
2
0
0
1
0
1
1
0
2
2
1
2
0
1
2
1
0
2
0
1
0
1
0
2
1
1
1
0
0
0
1
3
1
0
0
1
1
0
1
2
4
0
0
2
1
1
0
3
1
0
0
1
2
2
2
0
1
1
1
1
1
0
2
0
1
3
1
1
1
0
1
5
0
1
0
0
0
3
4
0
2
1
0
1
2
1
0
0
5
1
3
4
4
4
2
4
4
1
2
7
4
4
7
7
5
2
7
5
3
7
6
8
4
8
5
6
8
14
9
7
8
13
7
7
12
14
11
3
10
9
10
11
9
10
15
9
12
8
16
10
15
16
18
13
22
13
7
13
10
20
7
8
15
18
13
13
10
16
17
15
10
12
17
4
10
8
17
10
13
13
8
7
8
13
7
12
4
8
9
16
8
5
7
12
6
5
10
12
9
5
7
4
4
10
6
9
11
5
6
6
7
6
3
2
2
2
2
5
3
1
2
4
4
1
0
5
4
4
4
2
1
1
5
2
2
2
2
2
4
1
3
2
4
2
3
1
0
1
0
1
0
1
0
1
3
1
6
2
1
0
0
2
2
1
2
0
1
0
3
0
0
2
0
0
0
2
0
1
0
2
2
1
1
1
1
1
0
1
0
0
0
1
1
1
0
2
0
0
1
0
0
1
0
0
0
0
2
1
0
0
1
0
1
0
1
0
0
0
0
0
0
0
1
0
0
1
1
1
0
0
1
3
0
0
0
2
1
0
2
1
2
0
1
0
1
0
0
0
0
1
1
0
1
1
0
2
3
2
2
0
0
1
0
0
0
1
0
0
0
0
1
2
1
0
0
0
0
0
1
1
0
2
0
0
0
1
0
1
1
0
1
1
0
0
0
1
3
1
1
0
1
2
0
1
0
0
0
0
0
1
0
2
2
0
0
0
0
0
0
0
1
0
0
0
1
1
0
1
0
2
1
1
0
0
0
0
1
1
0
0
0
1
0
0
0
0
1
0
0
1
1
1
0
1
0
0
0
0
0
1
1
0
1
1
1
0
1
0
0
1
0
1
1
0
0
3
0
0
1
0
0
2
1
0
1
0
0
1
1
0
1
1
1
1
0
0
1
1
1
1
0
0
0
1
0
2
0
0
0
0
1
0
1
0
0
1
0
0
0
0
1
1
0
0
0
0
0
1
0
1
0
0
0
1
0
3
1
1
0
1
0
1
0
2
0
1
0
1
0
0
1
1
0
1
0
0
0
0
0
1
0
1
1
0
1
0
0
1
2
0
0
0
0
0
0
0
0
0
0
0
0
0
0
2
0
0
0
0
0
0
0
1
0
0
0
2
0
0
0
1
0
0
0
0
0
1
0
0
0
3
1
0
0
2
0
1
0
0
0
0
1
2
2
2
0
1
1
0
0
0
0
0
0
1
0
0
0
1
1
0
0
2
0
0
0
1
1
1
0
1
0
2
2
1
1
1
1
3
1
0
1
1
0
2
0
0
1
2
1
1
2
2
1
0
2
1
0
0
2
0
1
2
3
0
0
2
0
1
1
1
2
0
0
0
1
0
1
0
0
1
2
0
2
0
1
0
2
0
1
2
0
0
0
0
0
0
2
1
2
1
0
1
0
0
0
1
1
0
0
1
2
0
0
0
2
1
0
0
2
1
0
0
2
2
1
1
1
1
0
0
1
0
0
0
1
0
0
1
0
0
1
0
1
0
1
0
0
0
1
2
0
0
1
0
2
0
1
0
0
0
0
0
2
0
0
0
0
0
1
0
1
1
1
0
0
0
0
0
0
0
0
0
1
1
0
0
0
2
0
2
0
1
0
0
0
0
0
0
0
1
0
1
0
2
0
2
0
0
0
1
2
0
0
0
1
0
2
0
1
0
0
1
1
0
0
1
0
1
1
1
0
1
1
0
3
2
0
0
2
2
0
0
1
1
2
1
0
0
0
0
0
1
0
0
0
0
0
0
2
1
0
0
1
0
0
1
0
1
1
0
0
1
0
0
1
0
0
0
0
0
0
0
0
0
0
0
1
0
0
0
0
1
2
0
1
3
2
0
1
0
2
0
0
1
0
1
0
2
0
1
1
0
0
1
0
1
1
0
1
0
1
0
0
2
1
1
1
1
0
0
0
0
1
0
1
0
1
1
0
0
0
0
0
0
1
0
1
0
0
0
0
0
0
0
0
1
0
0
1
2
0
0
0
0
1
1
0
0
0
0
0
1
0
0
0
2
1
1
0
0
0
1
0
1
1
0
0
0
0
0
0
1
1
0
1
0
0
0
0
0
1
1
1
0
0
0
1
0
1
1
0
0
0
1
1
0
0
0
1
0
3
1
0
0
0
1
0
2
0
0
1
0
0
0
1
0
0
2
0
0
0
0
1
1
1
0
2
2
0
1
0
0
3
0
0
0
0
0
0
0
0
0
1
1
0
0
0
0
1
0
1
0
1
1
0
0
1
1
0
0
0
1
0
2
0
0
0
0
0
0
0
1
0
0
1
1
0
0
0
0
0
0
1
0
0
1
0
0
0
0
0
3
1
1
0
0
0
0
0
0
0
0
0
0
0
0
0
0
0
0
0
0
0
0
0
0
0
0
0
0
0
0
0
0
0
0
0
0
0
0
0
0
0
0
0
0
0
0
0
0
0
0
0
0
0
0
0
0
0
0
0
0
0
0
0
0
0
0
0
0
0
0
0
0
0
0
0
0
0
0
0
0
0
0
0
0
0
0
0
0
0
0
0
0
0
0
0
0
0
0
0
0
0
0
0
0
0
0
0
0
0
0
0
0
0
0
0
0
0
0
0
0
0
0
0
0
0
0
0
0
0
0
0
0
0
0
0
0
0
0
0
0
0
0
0
0
0
0
0
0
0
0
0
0
0
0
0
0
0
0
0
0
0
0
0
0
0
0
0
0
0
0
0
0
0
0
0
0
0
0
0
0
0
0
0
0
0
0
0
0
0
0
0
0
0
0
0
0
0
0
0
0
0
0
0
0
0
0
0
0
0
0
0
0
0
0
0
0
0
0
0
0
0
0
0
0
0
0
0
0
0
0
0
0
0
0
0
0
0
0
0
0
0
0
0
0
0
0
0
0
0
0
0
0
0
0
0
0
0
0
0
