0
0
0
0
0
0
0
0
0
0
0
0
0
0
0
0
0
0
0
0
0
0
0
0
0
0
0
0
0
0
0
0
0
0
0
0
0
0
0
0
0
0
0
0
0
0
0
0
0
0
0
0
0
0
0
0
0
0
0
0
0
0
0
0
0
0
0
0
0
0
0
0
0
0
0
0
0
0
0
0
0
0
0
0
0
0
0
0
0
0
0
0
0
0
0
0
0
0
0
0
0
0
0
0
0
0
0
0
0
0
2
6
58
1556
10432
18938
18600
16929
15921
15429
15365
15480
15610
15742
15927
16013
16085
16646
16645
16898
17156
17016
17190
17394
17534
17225
17392
17319
17545
17323
17236
17299
17129
17296
17052
17028
16820
17199
16695
16687
16624
16731
16293
16710
16631
16650
16354
16512
16373
16435
16222
16259
16410
16112
16125
16142
16055
16122
15809
16112
15912
15657
15685
15855
15787
15664
15739
15551
15685
15417
15474
15605
15380
15357
15271
15468
15617
15392
15410
15384
15355
15251
15097
15188
15098
14970
15013
15084
15170
15011
14928
14888
14819
14940
14730
14678
14821
14510
14536
14822
14780
14603
14632
14689
14597
14504
14367
14420
14803
14367
14394
14434
14297
14449
14413
14304
14218
14252
14342
14275
14307
14034
14184
14306
14150
14015
14019
14043
14071
13915
13958
13751
14074
14106
13896
14042
13778
14009
14026
13845
13753
13753
13833
13740
13784
13788
13662
13768
13813
13698
13486
13859
13561
13553
13569
13658
13731
13612
13549
13480
13423
13657
13561
13428
13605
13635
13168
13361
13380
13305
13230
13393
13139
13125
13445
13135
13305
13180
13312
13216
13102
13034
12993
12988
13078
13111
12973
13053
12972
13094
13134
13233
13068
13098
12993
12944
12867
12934
12803
13246
12855
12944
13098
12977
12919
12914
13067
12709
12686
12817
12922
12870
12985
12695
12783
12772
12686
12855
12775
12845
12772
12628
12725
12801
12674
12665
12518
12470
12612
12631
12395
12455
12739
12341
12320
12227
12394
12577
12683
12449
12418
12542
12528
12325
12435
12571
12496
12331
12395
12377
12431
12282
12466
12318
12380
12451
12453
12479
12345
12232
12108
12220
12178
12201
12225
12420
12169
12163
12203
12467
12164
11964
11943
12347
12337
12261
12052
12293
12177
12028
12204
12129
12128
12055
12062
12030
11921
11965
12079
11920
11854
11902
12101
12024
12000
12094
11970
12007
11990
11906
11803
11948
11851
11945
11874
11900
11743
11940
11881
11948
11889
11668
11750
11822
11720
11895
11798
11720
11590
11807
11764
11729
11748
11559
11748
11631
11582
11794
11668
11687
11633
11640
11862
11599
11748
11603
11697
11554
11634
11427
11628
11613
11578
11618
11419
11642
11520
11649
11349
11511
11503
11550
11522
11582
11698
11490
11348
11488
11414
11646
11475
11300
11496
11428
11330
11443
11497
11461
11369
11496
11448
11366
11196
11268
11414
11383
11448
11342
11062
11408
11197
11212
11272
11556
11304
11175
11152
11419
11167
11371
11179
10943
11289
11148
11256
10988
11264
11145
10938
11054
11091
11288
11053
11161
11107
11065
11179
11197
10989
11111
11177
11154
11055
10839
11126
11061
11043
10936
11096
11073
10992
10944
10874
11028
10948
11040
11072
10958
11095
10880
10942
10968
11033
10950
11097
10902
10992
11138
10898
10930
10991
11074
10845
10906
10779
11015
10869
10726
10886
10817
10805
11011
10919
10907
10702
10965
10892
10964
10649
10768
10671
10999
10750
10740
10919
10815
10851
10759
10899
10682
10641
10832
10798
10908
10773
10786
10802
10770
10804
10638
10664
10605
10664
10867
10548
10640
10740
10574
10713
10636
10611
10552
10634
10671
10681
10587
10639
10422
10620
10708
10606
10338
10580
10556
10408
10488
10597
10519
10515
10579
10487
10289
10475
10284
10497
10320
10481
10291
10606
10388
10246
10523
10396
10223
10330
10375
10277
10555
10398
10272
10424
10443
10346
10264
10157
10409
10314
10385
10496
10336
10416
10202
10310
10283
10249
10090
10211
10346
10424
10114
10219
10384
10189
10439
10602
10102
10386
10318
10195
10218
10160
10140
10208
10102
10230
10388
10283
10326
10316
10311
10055
10246
10054
10219
10241
10246
10332
10109
10216
10242
10442
10249
10164
10033
10229
10312
10192
10089
10207
10221
10026
10291
9962
10164
10154
10050
10174
10114
10197
10195
10099
10159
10212
10140
10071
9989
10096
10111
10067
10157
10172
10064
10259
10124
10041
10162
10129
10101
10178
10094
10297
10014
10309
10154
10196
10137
10075
10079
10290
10234
10121
10154
10122
10151
10093
10006
9995
10118
9880
10024
10208
10104
10075
9868
10087
10066
10162
10036
10019
10022
10048
10156
10193
10185
10203
10287
10059
10190
10148
10096
10205
10098
10007
10292
10000
10302
10152
10294
10073
10304
10134
10186
10314
10306
10550
10452
10539
10475
10494
10713
10848
10742
10932
10998
11094
11051
11162
11336
11354
11513
11550
11541
11821
11938
12005
12289
12275
12508
12467
12834
12731
13110
13008
13169
13307
13422
13489
13493
13675
13918
13985
14161
14263
14494
14353
14663
14573
14583
14812
15027
14887
14793
14869
15216
15269
15282
15269
15416
15724
15733
16007
15959
16209
16175
16319
16421
16793
16607
16899
17262
17542
17697
17609
17808
17530
17547
17389
17061
17108
16703
16585
16346
16419
15945
15700
15741
15581
15432
15175
14976
14919
14489
14358
14071
13920
13598
13363
13247
13072
12659
12640
12280
12161
12153
11817
11613
11584
11240
11192
10936
10683
10776
10556
10545
10292
10446
10060
10195
10263
9975
9915
9865
10139
9836
9868
9799
9802
9899
9783
9802
9529
9537
9673
9752
9615
9640
9640
9719
9862
9851
9667
9643
9580
9673
9695
9850
9755
9794
9587
9772
9775
9524
9727
9465
9782
9536
9788
9884
9636
9777
9733
9695
9826
9856
9768
9833
9762
9677
9685
9716
9963
9676
9795
9824
9975
9895
9713
9968
9824
10112
9847
9878
9961
9986
9738
9841
10068
9995
9783
9873
9919
10011
9983
9966
10057
9957
10003
9848
10107
9935
9875
10005
9960
10035
10145
10027
10151
10057
10210
9994
10021
10241
10168
10181
10191
9998
10298
10157
10093
10198
10359
10216
10189
10392
10357
10240
10297
10358
10230
10210
10537
10224
10214
9969
10430
10440
10218
10331
10503
10236
10545
10347
10512
10442
10552
10271
10468
10506
10434
10349
10625
10604
10472
10488
10645
10376
10584
10395
10505
10405
10682
10503
10662
10647
10711
10625
10499
10605
10657
10746
10760
10821
10479
10643
10797
10665
10735
10750
10624
10547
10704
10738
10991
11001
10974
10911
10908
10823
10792
10675
10897
11089
10997
10846
11072
10859
10958
11089
10980
10943
10959
10894
10899
10959
10937
10989
11025
11221
11282
10973
11177
11157
10924
11102
11208
11140
11243
11024
11124
11143
11118
11324
11203
11198
11219
11329
11261
11335
11050
11248
11516
11232
11296
11234
11014
11386
11351
11134
11406
11246
11255
11482
11409
11616
11095
11447
11406
11334
11498
11529
11608
11241
11556
11491
11505
11617
11407
11383
11369
11541
11389
11500
11443
11608
11658
11620
11507
11631
11597
11680
11737
11528
11679
11831
11944
11697
11762
11621
11784
11502
11861
11769
11609
11843
11745
11667
11683
11607
11742
11784
11964
11773
11905
11780
11689
11864
11862
11767
11883
12046
11834
11844
11831
12189
11827
11974
11886
11986
11971
12032
11973
11934
11998
11987
11900
11934
12177
12001
11954
11967
11974
12040
12002
12067
12014
11992
12151
12215
12311
12102
12082
12338
12130
12297
12081
11993
12414
12160
12049
12180
12194
12187
12266
12325
12260
12292
12281
12338
12223
12284
12410
12123
12134
12194
12405
12168
12444
12353
12358
12500
12478
12497
12389
12466
12385
12443
12560
12540
12421
12372
12562
12513
12482
12532
12485
12589
12469
12770
12581
12517
12561
12667
12508
12593
12581
12485
12674
12542
12794
12596
12657
12753
12675
12626
12591
12554
12996
12892
12691
12733
12745
12798
12635
12629
12776
12912
12707
12684
12895
12666
12721
12685
12707
12785
12903
12659
12745
12855
12758
12817
12810
12946
12978
12917
12976
12989
12689
13177
12880
12831
12864
12748
12976
12978
12971
12972
13009
12986
12815
13036
13009
13265
12796
13099
13188
13027
13055
13175
13193
13030
13160
13130
13153
13222
13258
13212
13308
13202
13161
12947
13137
13339
13156
13173
13168
13230
13354
13158
13473
13332
13537
13068
13128
13300
13588
13335
13601
13451
13474
13471
13597
13385
13476
13532
13509
13634
13662
13372
13576
13367
13486
13432
13598
13402
13618
13953
13411
13819
13420
13717
13741
13802
13671
13721
13871
13853
13716
13850
13816
13841
13922
13920
13688
13939
14115
13898
13936
13990
13801
14074
14000
13925
13976
13892
13964
13910
14024
13998
14054
14072
14243
14217
14321
14161
14219
14569
14341
14183
14230
14335
14041
14273
14205
14294
14387
14365
14378
14447
14363
14339
14536
14472
14342
14664
14404
14790
14705
14504
14679
14468
14567
14534
14731
14603
14711
14725
14603
15010
14783
14609
14676
14833
14877
14761
14976
14766
14908
14945
14992
14918
14738
14720
14670
14731
14877
14536
15138
14899
14989
14983
15022
14847
14967
15172
15063
15386
14891
15102
15134
15218
15203
14980
15063
15098
15279
15201
15220
15400
14907
15318
15103
14960
15118
15094
15055
15045
15367
15503
15259
15162
15248
15291
15227
15353
15047
15339
15253
15445
15462
15241
15616
15553
15598
15590
15509
15609
15525
15341
15526
15413
15612
15633
15649
15813
15396
15638
15751
15591
15718
15566
15777
15860
15773
15772
15703
15884
15793
16032
16080
15953
16043
15922
16017
16130
16071
16105
15945
16076
16175
16042
16139
16261
16169
16291
16353
16257
16243
16412
16411
16262
16445
16642
16247
16661
16495
16730
16590
16458
16671
16568
16624
16868
16946
16724
16658
16710
16695
16779
16758
17019
16918
17029
16660
16914
16817
16824
16890
17050
16677
16767
16897
17132
16876
16877
16869
17124
17129
16914
16963
17186
17219
16853
16838
16991
16929
17094
16842
17132
17078
16961
17187
16955
16908
17147
17133
17083
16951
17130
16897
17083
17029
17175
17030
17200
17165
17247
17225
17273
17136
17440
16945
17105
17443
17448
17431
17355
17485
17518
17286
17398
17340
17579
17346
17268
17730
17500
17573
17649
17500
17536
17583
17664
17586
17340
17583
17669
17481
17755
17749
17776
17547
17618
17784
17769
17476
17598
17631
17986
17717
17811
17916
17880
17893
17932
17996
18071
18034
18283
17916
18031
17929
17965
18236
18181
17906
17765
18025
18006
17873
17702
17816
17567
17534
17626
17560
17472
17492
17440
17536
17090
17087
17044
17035
16972
16879
16820
16617
16652
16624
16675
16654
16855
16563
16492
16181
16343
16333
16169
16250
16213
16418
16083
16122
16292
15961
16107
15879
16054
15862
15907
15872
15856
15891
15872
15870
15654
15812
15717
15723
15592
15770
15735
15565
15581
15471
15583
15440
15470
15552
15498
15715
15385
15256
15347
15516
15561
15363
15406
15551
15391
15663
15158
15471
15295
15199
15151
15280
15355
15369
15218
15161
15312
15318
15261
15361
15297
15421
15185
15098
15041
15272
15117
15116
15038
14977
15136
15210
14986
15042
15261
15063
15215
15059
15016
15162
15047
15167
14997
14995
14946
15092
15088
14779
14785
15152
14961
15118
14691
14990
15107
14844
14876
14930
14839
14994
14976
14994
14944
14896
14781
15006
14926
14995
14999
14945
14770
14700
14950
14940
14797
14759
14782
15036
15006
14818
14823
14835
14764
14857
14783
14781
14999
14825
14803
14838
14870
14794
14805
14858
14729
14800
14704
14769
14818
15022
14606
14612
14629
14731
14603
14618
14632
14724
14736
14614
14628
14511
14715
14915
14585
14764
14730
14626
14933
14723
14430
14646
14571
14509
14627
14515
14548
14532
14513
14565
14795
14683
14550
14485
14466
14490
14529
14398
14572
14864
14367
14543
14540
14278
14565
14686
14564
14335
14428
14542
14539
14508
14363
14510
14368
14459
14568
14155
14395
14715
14471
14150
14458
14322
14370
14466
14573
14363
14407
14393
14628
14357
14520
14363
14422
14307
14609
14177
14348
14286
14319
14255
14458
14098
14601
14550
14305
14409
14246
14445
14359
14331
14189
14397
14484
14210
14242
14135
14299
14316
14128
14326
14181
14509
14264
14132
14048
14586
14220
14398
14268
14191
14170
14191
14201
14167
14321
14119
14152
14050
14191
14126
14132
14009
14260
14125
14139
14045
14102
14040
14334
14238
14176
14298
14160
14047
14199
14039
13989
14168
14227
14211
14144
14153
14416
14170
14204
14116
14111
14291
14048
14187
14165
14153
14187
14094
14205
13999
14041
14284
14147
13926
14124
13930
14155
14058
14026
14091
13992
14183
13974
14227
13918
14170
14013
14249
14221
13952
14204
14005
14315
14211
14031
13940
14182
13904
14057
14148
14204
14128
13929
14161
14081
14105
14077
14156
14239
13951
13947
14229
14073
13942
14037
13989
14056
13897
14071
14041
14025
13943
13940
14138
14024
13960
13585
13705
13993
13849
13890
13931
14108
14036
13832
13849
14081
13818
13877
13925
13873
14020
13849
13949
13768
13934
13860
13964
13651
13914
13920
14021
13882
13510
13949
13606
13773
13858
13771
13802
13673
13612
13863
13755
13687
13525
13605
13823
13683
13641
13573
13603
13656
13446
13435
13287
13379
13394
13549
13261
13290
13461
13357
13301
13314
13276
13238
13045
13390
13432
12958
13144
13079
13121
13111
13109
13184
13276
13037
13140
13158
12845
12891
12881
12817
13122
12607
12587
12843
12532
12811
12645
12494
12628
12498
12481
12432
12451
12370
12300
12196
12360
12325
12518
12056
12244
12307
12250
12175
12131
12136
12249
12232
11845
11816
11721
11907
11515
11645
11745
11786
11706
11676
11490
11568
11661
11509
11594
11441
11444
11477
11306
11527
11360
11390
11406
11305
11351
11283
11380
11264
11156
11366
11062
11060
11046
11101
11251
10986
10993
10899
10961
10924
11222
11082
10859
10992
10907
10682
10908
10870
10668
10778
10712
10787
10645
10584
10798
10768
10680
10687
10636
10879
10659
10592
10585
10654
10411
10475
10460
10555
10638
10581
10447
10467
10631
10535
10376
10645
10580
10426
10301
10475
10446
10509
10322
10262
10287
10445
10382
10205
10321
10237
10116
10038
10419
10344
10236
10166
10306
10287
10312
10414
10383
10410
10404
10304
10268
10459
10466
10503
10257
10503
10441
10326
10560
10460
10419
10335
10155
10627
10249
10323
10422
10482
10655
10429
10505
10464
10597
10512
10479
10575
10572
10565
10553
10627
10584
10299
10612
10772
10498
10562
10460
10627
10755
10581
10790
10881
10512
10808
10624
10694
10685
10824
10818
10606
10823
10713
10850
10867
10879
10772
10558
10583
10950
10694
10677
10526
10238
10730
10371
10374
10254
10242
10446
10269
10415
10276
10200
10002
10003
9990
9906
9929
9844
9886
9712
9835
9559
9738
9419
9618
9387
9715
9388
9431
9326
9540
9314
9255
9432
9296
9195
9200
9179
9309
9169
9201
9061
9244
9060
9310
9247
9063
9169
9054
9253
9080
8924
9037
8940
8857
8995
9109
8943
8729
8952
8919
8947
8904
8916
8881
8888
8862
8695
8795
8886
8846
8819
8739
8630
8895
8942
8842
8739
8800
8875
8705
8592
8780
8593
8697
8788
8725
8716
8664
8654
8560
8616
8552
8599
8625
8622
8643
8575
8575
8690
8590
8503
8539
8585
8441
8364
8603
8510
8473
8579
8597
8304
8468
8479
8433
8491
8434
8360
8498
8302
8387
8372
8313
8441
8252
8410
8386
8454
8363
8390
8294
8227
8305
8329
8223
8033
8407
8234
8121
8164
8038
8152
8208
8230
8261
8278
8359
8140
8192
8206
8175
8096
8087
8138
8133
8105
8114
8148
8207
8093
8045
8208
8116
8301
8046
7965
8044
8213
8036
8121
8022
8101
8078
8019
8004
8115
7918
8051
8040
7952
7996
7908
7887
7989
7882
7923
8059
7931
7851
7931
7843
7844
7859
7950
7974
7824
7931
7969
7976
7915
7787
7869
7864
7933
7767
7933
7753
7871
7849
7861
7766
7880
7870
7831
7672
7784
7794
7884
7711
7705
7791
7683
7734
7678
7697
7637
7749
7694
7702
7727
7726
7602
7655
7540
7621
7737
7582
7585
7503
7493
7488
7717
7437
7521
7659
7614
7456
7494
7580
7599
7592
7649
7650
7532
7560
7453
7565
7606
7514
7605
7604
7448
7549
7451
7605
7588
7551
7595
7406
7439
7391
7576
7340
7584
7386
7468
7410
7539
7547
7559
7416
7565
7553
7482
7367
7412
7292
7345
7472
7355
7384
7503
7430
7342
7294
7379
7445
7322
7310
7394
7194
7223
7359
7269
7472
7228
7380
7242
7337
7392
7337
7257
7216
7324
7261
7399
7206
7363
7360
7372
7248
7201
7164
7235
7387
7152
7232
7178
7127
7162
7257
7195
7225
7277
7155
7037
7099
7253
7091
7160
7148
7154
7063
6990
7074
6903
7012
7088
7177
7136
7083
7247
7261
7007
7221
6961
7092
6994
7111
6924
7209
7163
6975
6855
7162
7185
6993
7113
7028
7029
7001
6929
7100
7049
6959
6949
7042
6986
7104
7075
6979
7036
7013
6953
6942
6957
7032
6836
6992
7030
6958
6929
6780
6921
7082
6829
6851
6878
6917
6856
6973
6998
6968
6808
6937
6917
6881
6858
6898
7006
6887
6842
6735
6832
6984
6955
6773
6836
6817
6886
6936
6866
6696
6781
6906
7025
6798
6801
6763
6667
6944
6683
6929
6769
6779
6937
6813
6871
6869
6682
6682
6940
6806
6729
6742
6654
6773
6769
6894
6781
6724
6655
6780
6708
6780
6945
6820
6632
6776
6808
6926
6689
6813
6824
6775
6893
6870
6855
6871
6882
6874
6906
6977
7132
7154
7286
7101
7320
7263
7380
7698
7560
7730
7836
8158
8217
8425
8569
8710
9034
9186
9338
9615
9691
10142
10412
10496
10701
10977
11326
11461
11729
12032
12306
12538
12730
13171
13298
13677
13994
14298
14310
14593
14734
15294
15560
15666
15876
16161
16260
16490
16764
17160
17471
17405
17611
18090
18401
18611
18690
18917
19314
19794
20013
20334
20551
20746
21119
21897
21766
22242
22228
22380
22320
22678
22428
22327
22069
22184
21780
21396
21166
20943
20592
20146
19439
18941
18563
17932
17531
17088
16323
15984
15489
14993
14360
13864
13262
12741
12263
11757
11488
10881
10482
9992
9765
9453
9043
8708
8821
8392
8142
7860
7854
7564
7340
7077
7084
6928
6762
6763
6685
6498
6623
6320
6335
6332
6275
6262
6206
6233
6110
6140
5948
6151
6030
6060
6060
5880
6229
5965
6084
6018
5963
6037
5948
5919
5981
5992
5815
6020
5850
5928
5893
5933
5962
5898
5955
6000
5812
5812
5847
6051
6058
6047
5938
5827
5906
5907
5882
6019
5908
5893
5803
5879
5945
5849
5890
5980
5838
5740
5914
5850
5741
5753
5839
5796
5903
5903
5927
5944
5863
5838
5857
5742
5865
5793
5598
5831
5927
5625
5767
5760
5779
5863
5963
5988
5907
5837
5831
5758
5835
5830
5895
5756
5906
5811
5689
5747
5734
5939
5725
5813
5766
5721
5820
5739
5652
5751
5773
5729
5824
5750
5748
5926
5777
5699
5855
5861
5948
5891
5679
5859
5803
5916
5744
5724
5823
5653
5793
5896
5854
5839
5808
5910
5818
5758
5789
5742
5770
5755
5856
5730
5755
5775
5895
5926
5919
5805
5987
6037
6067
6071
6065
6271
6320
6261
6490
6480
6859
6912
7013
7330
7384
7642
8035
8004
8493
8832
9035
9674
9910
10293
10704
11231
11586
12426
12668
13267
13624
14458
14771
15750
16270
17033
17533
18116
18558
19411
19917
20681
21449
21793
22571
23314
23846
24413
25315
25834
26262
27170
27717
28207
28768
29030
29786
30254
30933
31486
32341
32764
32965
34184
34384
34963
35895
36447
37014
37877
38703
39351
40037
40591
41412
41851
42361
43006
43179
43486
43115
43298
43077
42528
41564
41611
40662
39976
38926
38394
37323
36340
35145
33924
32622
31286
30125
28869
27539
26413
24938
23956
22579
21581
20263
19073
18197
16916
16134
15319
14357
13570
12699
11972
11379
10651
9888
9463
9071
8620
8080
7996
7438
7247
6824
6641
6354
6244
5937
5800
5647
5714
5341
5357
5209
5152
5055
4955
4961
4990
4899
4839
4701
4843
4747
4666
4687
4654
4600
4612
4689
4683
4529
4590
4506
4524
4591
4532
4545
4482
4517
4532
4549
4276
4389
4441
4438
4510
4386
4483
4457
4526
4396
4424
4313
4474
4351
4403
4482
4422
4401
4474
4353
4376
4435
4350
4409
4313
4517
4372
4382
4468
4269
4285
4348
4350
4495
4374
4287
4257
4281
4284
4424
4381
4340
4373
4419
4290
4345
4285
4339
4322
4271
4275
4214
4314
4378
4374
4302
4276
4263
4363
4336
4216
4215
4342
4360
4259
4354
4307
4109
4195
4236
4316
4216
4333
4195
4228
4243
4297
4325
4281
4229
4145
4335
4236
4187
4260
4176
4173
4282
4235
4240
4285
4238
4188
4108
4328
4190
4149
4252
4120
4190
4163
4236
4114
4262
4194
4231
4119
4102
4196
4178
4208
4200
4172
4149
4130
4241
4130
4168
4224
4182
4145
4034
4142
4210
4155
4178
4142
4202
4183
4224
4175
4082
4194
4186
4158
4190
4081
4200
4124
4091
4113
4182
4222
4025
4190
4042
4077
4215
4209
3994
4098
4230
4165
4155
4099
4221
4035
4121
3987
3949
4038
4099
4123
3906
4036
4068
4041
4074
4067
3983
4074
4016
4085
4172
4145
4056
4060
4141
4014
3976
3983
3985
4025
4053
3999
4084
4033
3966
4094
4090
4104
4039
4077
3976
4068
4046
3855
4048
3997
4010
4080
4076
4111
3977
4093
3912
3994
3996
4107
3997
4066
4011
4030
4084
3981
3915
4075
4005
4054
4058
4033
4023
4004
3910
3995
4128
4006
3990
4083
3920
4072
4053
4005
3997
3962
3967
4009
3998
4021
4092
3880
3852
3963
4085
3946
4027
3907
4046
3979
4059
3952
3967
3982
3887
3891
3891
4003
3933
3938
3873
4028
3875
3963
3913
3894
4078
4078
3946
3907
3961
3978
3925
3875
3894
3899
3812
3965
4006
3897
3931
3968
3934
3901
3915
3968
3931
4014
3943
3887
4028
3859
3972
3950
3998
4015
3860
3899
3853
3910
3893
3972
3784
3910
3932
3970
4005
3910
3980
3976
4030
3943
3963
3898
3942
3968
4007
3959
3963
3932
3967
4002
3878
3935
4027
3948
4047
3906
3875
3985
3961
3972
3979
4033
3931
3884
3982
4019
3890
4022
3991
4025
3968
3943
3966
4114
3938
4069
3874
4049
4047
4090
4148
4079
3968
3970
3921
4098
4111
4183
4167
4091
4038
3960
4094
4189
4073
4132
3993
4180
4170
4245
4212
4063
4182
4217
4155
4388
4154
4324
4238
4440
4399
4502
4395
4647
4423
4527
4941
4702
4836
5106
5181
5221
5525
5744
6051
6181
6521
6769
7309
7710
8123
8727
9187
9887
10753
11293
12383
13167
14309
15166
16252
17471
18838
19919
21500
22877
24222
25798
27304
28975
30790
32520
34569
35736
37685
40035
41819
43527
45434
47866
49181
50830
53323
54751
56426
59007
60496
62717
63646
66038
67681
69560
71630
72769
74422
76811
78441
79370
81350
83258
85297
87400
88625
90889
92761
94843
96273
98733
100631
103321
104546
105803
107584
109323
110809
112055
111752
112482
112881
111756
111583
110316
108957
108100
105369
103288
100958
97741
95433
92712
89363
84939
82216
78714
75389
71803
68064
63933
60760
57216
53623
50765
47087
43934
41138
38087
34918
32797
30086
27713
25506
23441
21446
19833
17977
16423
14902
13675
12593
11434
10611
9608
8812
8078
7506
6871
6247
5789
5350
5027
4717
4338
4137
3853
3612
3432
3323
3050
2985
2874
2866
2651
2502
2482
2419
2373
2268
2276
2284
2186
2186
2141
1998
2016
2038
2016
2046
1893
1999
1930
1829
1835
1890
1854
1828
1806
1802
1851
1749
1822
1824
1740
1724
1720
1674
1733
1755
1799
1653
1674
1629
1648
1654
1693
1662
1648
1628
1599
1587
1526
1615
1620
1608
1587
1629
1539
1609
1540
1567
1561
1609
1604
1522
1571
1526
1484
1566
1491
1511
1533
1571
1601
1498
1506
1545
1543
1522
1549
1520
1489
1517
1489
1527
1494
1526
1513
1492
1441
1526
1439
1527
1463
1492
1482
1508
1417
1499
1454
1454
1488
1477
1402
1470
1442
1442
1453
1435
1442
1439
1375
1396
1429
1462
1443
1382
1400
1339
1365
1472
1430
1408
1374
1393
1397
1375
1378
1423
1407
1414
1320
1363
1432
1369
1467
1419
1376
1399
1407
1443
1457
1408
1409
1408
1478
1458
1428
1538
1553
1539
1525
1512
1493
1589
1596
1632
1755
1730
1806
1748
1945
1989
2057
2141
2266
2394
2523
2552
2835
2812
2991
3151
3232
3428
3631
3839
4028
4151
4555
4733
4959
5074
5270
5624
5858
5964
6320
6518
6748
7051
7338
7520
7819
8066
8348
8578
8659
9142
9259
9573
9676
10119
10212
10563
10951
11150
11044
11505
11662
11906
12217
12548
12575
12943
13251
13626
13662
14058
14157
14291
14611
15041
14991
15344
15548
15771
15459
15888
15620
15520
15503
15538
15129
14895
14729
14178
14206
14026
13545
12757
12425
12112
11723
11157
10794
10183
9888
9373
8943
8252
7890
7528
7051
6530
6153
5801
5476
5123
4757
4510
4281
3844
3630
3326
3152
2900
2681
2522
2332
2241
2157
2031
1894
1723
1727
1679
1559
1494
1402
1397
1340
1260
1286
1213
1212
1118
1180
1126
1133
1056
1068
1029
1042
1041
943
1017
1035
1039
954
948
945
975
933
966
946
932
905
952
926
905
952
942
896
894
909
920
912
877
904
885
840
857
889
899
873
838
878
875
867
850
812
863
919
860
860
845
838
849
885
862
865
921
876
823
874
878
863
868
817
868
827
797
820
872
882
804
777
797
850
827
870
813
852
787
798
882
799
828
814
830
791
775
812
792
852
861
812
832
809
785
782
807
823
810
830
828
774
792
790
721
801
783
765
718
775
800
785
779
778
787
808
792
732
795
780
803
846
786
785
784
751
820
783
873
757
754
789
728
783
760
785
795
763
810
807
756
755
780
761
778
728
752
753
709
718
810
771
756
741
741
809
748
768
778
796
727
781
742
766
774
735
745
749
737
766
695
765
752
746
713
753
748
725
735
727
745
693
713
738
712
717
734
759
732
741
679
744
722
749
776
742
764
760
766
722
704
732
750
715
723
741
693
750
690
703
691
760
691
687
665
697
696
695
735
697
710
731
679
739
771
663
702
727
681
714
709
683
711
715
695
649
678
690
700
691
666
690
680
688
682
687
659
722
675
691
717
662
690
709
673
643
698
716
644
663
655
639
688
652
671
688
723
715
654
712
703
689
676
639
639
680
677
721
727
660
658
675
640
648
660
670
684
635
650
653
702
682
613
666
684
674
684
664
720
654
659
631
673
649
709
666
642
667
662
670
609
665
678
690
647
677
628
673
670
679
629
668
680
663
647
654
660
694
636
683
656
678
644
657
627
654
672
674
626
631
678
672
632
631
668
660
652
653
616
631
659
656
640
641
601
663
693
657
664
630
607
664
677
670
630
615
605
628
621
630
681
688
661
592
624
619
647
625
595
643
628
671
653
647
625
596
620
640
683
624
636
639
653
666
634
615
658
608
621
678
654
624
599
637
699
644
636
620
590
638
629
594
632
589
598
652
638
638
661
622
662
642
616
596
624
633
615
618
673
611
632
615
613
625
628
692
640
639
688
644
715
634
647
668
676
686
696
625
676
666
634
722
701
694
668
683
703
709
718
701
668
695
679
735
686
704
725
687
703
709
718
752
745
717
702
703
709
740
746
759
749
719
708
733
746
704
763
765
745
730
704
759
746
713
705
777
776
703
690
721
704
755
689
674
686
648
668
643
664
674
693
628
649
639
623
637
621
589
552
581
561
593
582
590
560
549
600
542
535
550
571
552
540
533
570
570
554
571
533
552
541
557
536
547
549
549
571
551
548
533
529
550
551
535
541
552
495
514
548
550
534
507
519
565
548
540
493
519
543
562
536
531
543
530
524
606
507
555
499
494
498
531
493
510
494
529
538
521
541
543
519
522
501
531
554
543
544
507
523
501
502
517
507
466
512
559
515
527
535
517
511
520
528
488
521
512
525
537
540
494
548
515
516
546
552
487
530
481
500
563
551
498
541
514
508
522
512
504
511
512
514
489
498
531
519
501
496
494
533
513
530
484
482
486
486
508
541
521
474
533
448
523
526
523
511
480
502
488
499
494
500
525
518
529
488
474
496
523
468
499
488
534
465
495
497
484
484
494
493
493
473
511
475
536
479
498
482
491
521
494
493
471
511
451
517
465
457
487
489
506
522
505
483
511
488
440
495
466
484
491
460
471
488
520
455
478
483
475
493
508
489
454
471
480
497
491
480
478
486
473
467
473
508
499
468
459
490
467
458
528
469
449
501
479
481
499
475
468
472
481
488
429
466
465
466
486
482
465
475
481
471
452
498
455
427
477
468
519
457
457
460
463
467
458
457
435
489
481
479
471
464
452
451
467
442
503
496
477
453
446
479
448
473
463
409
444
471
446
480
415
447
449
440
431
457
460
442
473
442
456
423
447
486
461
411
473
446
408
456
458
450
423
435
479
450
393
429
466
448
487
464
437
477
429
457
439
427
439
443
428
451
414
428
430
413
445
436
458
458
443
453
459
438
436
442
420
410
443
436
416
450
414
437
436
444
444
435
398
412
424
435
412
426
422
410
398
453
387
425
421
402
408
428
424
457
463
453
459
422
431
406
421
378
453
431
413
408
441
439
417
403
438
417
430
395
436
427
428
410
383
419
435
443
435
420
410
429
432
426
412
404
417
461
411
394
423
461
414
435
408
432
420
381
411
439
396
411
427
422
442
436
432
419
416
385
397
422
429
403
382
391
420
396
376
369
401
410
377
416
387
402
454
431
385
406
424
432
377
408
394
383
399
376
411
404
394
390
435
401
399
425
366
419
408
387
417
421
404
373
419
400
394
399
417
404
391
385
368
395
428
396
365
372
386
388
397
383
375
377
401
376
371
403
442
414
368
358
418
392
367
424
388
394
412
406
379
387
395
398
379
384
377
379
397
403
376
384
347
356
415
372
379
369
415
401
376
347
410
367
412
378
383
347
384
355
384
394
399
383
377
418
427
346
339
359
358
367
381
388
380
429
353
368
365
348
379
367
383
364
368
421
366
346
372
390
356
384
374
361
363
387
376
379
370
371
377
363
348
364
342
362
375
358
379
376
385
367
378
365
374
387
383
388
374
379
353
376
335
354
374
351
382
354
348
336
377
379
392
378
354
361
369
355
365
357
386
389
371
322
337
345
360
358
376
370
342
350
336
348
364
373
341
382
350
334
364
330
354
343
356
339
403
340
367
366
337
368
351
359
356
340
361
328
361
333
326
335
362
359
357
348
315
338
328
360
359
362
384
373
360
342
357
332
345
311
337
313
347
344
322
349
349
341
355
352
336
357
317
363
362
381
309
333
338
332
379
313
365
363
344
365
353
336
347
313
300
379
341
334
336
361
348
337
361
338
344
327
339
370
378
332
325
382
339
350
330
347
323
305
334
360
346
370
336
328
333
307
330
303
341
340
306
369
308
318
340
313
331
320
357
287
331
312
345
370
335
334
341
317
342
338
336
310
328
328
312
309
324
313
332
332
279
299
301
324
331
332
321
305
335
352
340
301
299
337
304
297
338
280
345
295
343
310
319
328
312
313
312
310
298
324
334
324
286
289
285
288
297
295
317
322
300
312
292
266
301
313
280
296
302
315
313
282
305
315
304
323
323
292
276
286
292
347
259
298
295
280
272
301
270
281
299
332
258
279
298
282
304
305
289
296
303
301
306
293
325
291
261
309
261
272
277
288
266
292
307
247
302
303
328
289
295
273
300
270
266
283
305
274
296
280
246
293
270
300
292
286
284
277
285
269
278
306
281
277
277
279
256
281
279
301
285
299
286
296
253
282
265
303
281
276
283
248
314
259
269
253
309
278
302
251
288
268
283
272
288
287
271
296
232
263
253
277
293
286
267
286
252
247
293
292
260
287
278
272
247
283
247
300
267
245
267
290
266
251
266
260
260
307
294
237
278
255
284
272
263
253
224
284
256
224
234
283
259
265
284
284
276
270
252
250
239
259
292
263
240
267
229
233
251
274
262
262
259
269
292
235
264
270
275
250
256
251
286
266
278
244
270
258
241
285
255
235
282
262
251
266
228
235
241
247
256
239
269
245
245
226
267
241
258
252
232
281
251
234
249
260
250
240
240
266
248
267
237
248
295
248
237
248
245
249
242
233
255
224
234
244
264
268
224
251
238
255
218
222
247
229
262
241
241
246
235
243
247
223
224
236
240
233
245
249
242
233
271
263
261
236
254
245
235
219
251
235
214
251
215
214
249
228
245
225
234
217
229
214
220
222
230
223
223
260
233
192
226
245
232
244
264
231
256
228
224
217
215
209
225
219
244
231
221
243
249
217
245
227
225
208
231
242
256
250
213
236
254
228
242
211
209
239
240
217
192
253
250
229
221
239
234
234
225
250
214
220
206
226
239
215
213
245
208
240
239
223
222
250
226
245
229
219
251
226
211
206
212
218
239
221
223
210
214
239
188
216
205
223
211
229
217
225
215
205
198
210
205
225
236
187
220
209
212
205
202
216
259
205
216
220
235
210
220
207
229
191
196
199
224
187
192
207
213
216
203
193
198
185
232
204
191
211
236
193
184
211
236
169
195
221
201
210
193
199
216
180
192
171
205
198
183
196
185
208
194
187
202
183
196
209
207
194
209
222
211
200
226
214
204
182
210
192
200
185
199
196
206
199
198
209
188
237
191
180
182
203
199
188
210
202
217
180
188
189
195
227
199
184
189
183
180
202
191
214
212
214
196
203
222
159
194
217
180
204
175
187
208
194
213
188
196
183
202
207
201
189
204
186
194
201
184
174
207
201
196
191
186
173
161
196
178
190
215
179
194
196
190
173
209
173
185
192
194
182
201
165
192
203
177
171
207
197
183
201
210
177
183
195
162
185
186
170
189
188
195
184
192
179
194
179
192
198
186
183
189
190
182
171
182
176
200
164
206
184
183
177
176
180
177
190
183
182
176
175
203
181
201
204
173
188
179
199
203
169
172
155
168
186
172
167
192
177
173
142
174
176
187
177
193
162
190
176
189
189
163
168
177
167
179
187
209
207
176
160
182
181
198
173
190
193
165
183
185
173
209
180
164
193
175
169
168
176
206
169
173
185
189
168
179
157
175
199
206
162
192
192
179
177
165
172
167
157
181
191
173
163
175
169
156
169
162
170
168
159
158
160
130
162
152
165
181
171
162
168
160
158
177
170
156
156
169
155
177
161
181
173
163
162
147
155
149
174
173
166
140
152
155
143
157
157
160
138
149
154
147
162
148
181
154
149
164
163
167
144
159
152
160
170
144
154
145
150
149
168
152
148
159
166
144
160
160
143
169
135
147
153
138
147
158
155
163
162
144
155
135
150
143
159
154
144
164
162
156
146
166
135
154
160
143
152
158
129
154
150
152
180
144
152
145
159
145
123
161
140
138
150
136
155
143
138
136
160
132
159
141
146
146
140
143
149
142
153
138
130
145
167
149
135
154
143
134
156
144
160
159
151
161
138
133
173
153
172
149
137
149
152
124
148
136
139
135
152
140
137
167
169
129
128
154
147
162
143
147
127
152
156
148
136
154
152
129
158
135
132
145
146
151
149
160
159
148
145
163
182
143
146
141
160
163
163
142
168
158
161
135
147
149
151
152
178
150
138
171
170
177
134
175
137
150
147
143
140
152
154
164
151
161
162
159
148
151
138
152
139
157
161
165
161
150
161
173
130
161
150
156
130
174
151
151
147
143
150
150
145
146
135
159
152
163
142
158
138
150
157
125
133
151
148
143
150
118
154
115
112
153
137
130
133
124
120
136
134
105
135
119
139
131
140
123
115
134
121
119
132
147
107
112
143
103
125
141
122
107
135
139
116
121
125
121
109
120
115
129
127
113
119
125
120
115
132
128
121
126
149
125
139
101
113
119
109
120
135
136
124
135
121
148
122
143
107
122
106
131
136
120
139
112
108
113
131
132
129
132
125
135
129
124
137
106
124
135
129
125
123
120
114
138
133
103
115
120
130
126
137
121
153
115
144
136
115
134
116
127
125
141
128
119
111
126
114
113
121
138
106
114
136
120
121
127
131
136
138
119
111
133
117
138
135
112
120
121
99
118
116
98
114
135
123
114
138
123
130
130
129
122
132
125
131
139
120
119
114
143
125
127
142
115
110
134
113
124
130
134
117
123
118
112
116
112
146
126
127
147
126
140
132
142
118
135
129
137
129
99
127
134
135
144
135
138
123
122
130
135
147
123
150
143
146
135
127
147
120
121
134
133
139
111
144
133
136
139
147
141
115
132
121
154
108
127
141
124
133
148
114
109
113
123
110
118
102
98
107
125
120
117
138
108
123
123
108
103
117
97
108
107
101
113
106
111
113
108
106
113
106
115
114
122
107
106
98
108
129
96
109
94
112
101
117
97
107
112
87
121
92
110
122
108
106
106
90
105
96
117
107
108
99
92
99
102
114
106
92
97
106
101
103
94
103
111
123
112
92
95
95
120
97
97
110
109
94
108
87
91
106
102
104
105
105
95
92
96
106
111
97
99
97
89
119
96
110
104
98
111
109
98
102
103
101
94
122
125
97
97
97
114
103
106
98
123
82
102
99
110
81
90
119
90
111
117
106
83
104
129
113
99
109
105
101
116
89
90
114
98
103
102
93
105
95
105
106
114
99
93
93
107
110
112
109
114
113
111
99
109
115
119
107
97
111
88
102
133
113
102
89
101
107
107
106
111
109
121
103
132
129
120
100
120
111
111
127
119
110
117
125
103
123
119
100
96
108
106
122
125
116
116
135
114
140
131
130
127
102
128
114
122
122
128
102
121
114
133
123
129
103
131
137
113
110
119
121
131
141
123
131
121
119
124
145
144
129
132
123
118
119
133
109
122
107
118
106
110
127
115
124
133
113
128
120
109
131
119
105
108
101
97
104
116
103
112
108
104
106
100
89
98
113
94
79
105
102
76
97
74
81
79
86
94
76
74
84
65
61
87
68
70
76
71
67
71
67
66
79
54
76
76
55
67
70
61
61
59
68
63
69
68
71
70
65
65
73
79
59
72
72
64
77
73
67
63
85
60
72
71
79
63
78
65
75
69
70
69
77
64
65
66
67
65
73
66
69
63
56
72
66
68
65
67
68
66
64
75
70
62
59
64
68
62
56
73
68
66
70
53
75
51
72
73
70
82
76
64
66
59
69
67
68
75
73
77
61
60
51
55
74
72
67
56
56
57
63
55
57
72
66
69
67
74
69
57
71
67
60
60
56
53
64
72
59
72
75
60
59
71
71
64
57
54
73
59
62
63
57
61
60
61
57
70
49
77
59
63
64
72
68
56
68
62
52
68
75
70
65
61
72
59
65
60
68
62
64
77
43
65
58
60
68
58
73
56
82
76
61
75
62
59
80
56
68
68
59
71
61
62
82
62
63
73
48
68
70
64
75
53
72
62
66
56
66
75
66
62
76
63
61
69
87
71
85
63
78
71
63
70
73
79
73
62
73
74
69
70
61
67
68
54
71
64
73
59
64
62
74
49
66
73
61
70
68
78
68
70
77
70
67
60
73
67
72
68
62
54
53
73
65
69
68
79
61
73
68
64
68
62
57
68
68
63
67
58
62
50
65
77
62
59
49
66
64
62
60
68
60
55
57
68
59
58
62
61
60
56
64
57
51
58
64
67
76
67
50
67
56
55
65
57
75
72
66
68
62
84
53
60
65
63
63
54
73
61
58
58
63
63
63
52
61
60
44
74
57
58
68
78
65
56
68
60
62
71
66
54
67
51
46
72
77
49
53
50
65
73
59
79
58
68
66
55
68
56
62
65
65
77
67
67
81
68
56
82
65
56
61
56
79
61
63
62
60
57
67
70
57
75
67
55
53
60
73
63
57
74
64
54
65
75
72
66
57
71
67
72
68
84
66
64
63
54
69
66
63
77
51
72
69
79
74
72
68
70
64
79
73
62
67
66
76
70
70
70
69
84
70
59
74
73
81
75
77
75
86
79
75
83
80
84
66
78
68
95
85
98
87
78
79
69
92
87
80
91
73
97
83
82
95
111
102
93
102
93
91
87
113
73
96
89
96
102
95
89
88
69
106
103
101
106
99
88
88
99
91
110
113
101
91
86
131
98
102
99
104
100
96
98
101
95
88
77
85
75
79
81
84
75
76
83
74
77
79
69
79
53
80
69
62
68
54
51
54
61
48
58
33
47
54
37
37
47
48
42
34
38
40
27
39
33
29
26
36
39
28
32
26
36
35
29
20
31
21
23
32
27
22
24
32
26
30
29
28
26
26
27
21
22
22
22
19
23
36
29
23
26
13
17
24
23
29
13
20
19
31
21
21
28
41
24
24
27
17
17
25
21
22
21
19
22
27
22
26
20
29
27
22
28
21
20
29
37
21
23
34
32
27
25
21
24
25
24
20
31
34
20
18
20
23
16
21
25
30
27
24
20
35
27
30
29
22
25
22
26
30
28
23
30
24
20
23
29
28
26
25
32
19
27
29
22
36
26
24
21
30
29
34
22
30
23
23
23
35
20
35
23
26
30
24
26
18
22
29
35
23
25
21
26
18
25
29
33
29
21
21
29
17
32
28
26
29
26
30
28
36
27
24
27
21
31
29
31
18
36
32
19
24
19
17
30
28
25
25
23
28
29
24
29
28
32
31
29
32
24
21
34
27
37
32
16
38
22
32
24
36
30
35
29
31
34
25
34
22
29
29
28
35
33
30
33
44
35
30
36
33
45
47
26
42
31
44
33
27
27
34
35
29
26
45
33
36
32
35
37
25
23
30
38
30
35
25
25
33
31
32
31
29
31
34
35
30
25
35
28
22
29
24
26
35
23
19
21
20
22
34
22
25
17
11
21
17
18
13
13
20
11
14
16
13
20
21
16
19
14
19
14
20
20
16
17
21
20
14
12
8
20
17
11
7
10
15
19
15
17
14
11
11
13
19
14
12
6
13
9
10
18
15
12
12
15
13
10
13
10
15
7
20
7
9
6
11
17
19
12
18
10
7
10
9
14
15
6
10
9
11
8
9
12
14
11
13
11
10
12
9
15
6
12
8
7
8
14
17
10
9
13
7
10
15
13
16
10
10
13
10
15
3
11
7
17
10
12
8
17
20
14
8
11
7
9
18
16
9
13
12
13
15
15
12
11
15
13
15
14
15
16
18
7
10
11
13
17
11
9
5
9
13
10
18
10
7
13
10
11
11
12
18
9
11
5
11
12
8
12
12
8
10
11
11
9
11
14
10
16
11
7
11
14
14
11
18
9
11
15
14
15
11
12
5
17
9
19
21
10
11
6
10
7
10
19
10
14
11
14
12
8
11
10
5
13
17
11
17
10
13
13
19
15
13
13
13
13
12
12
9
15
15
13
10
15
16
9
17
10
14
9
5
14
11
17
20
20
12
18
13
13
11
9
12
13
14
15
8
13
13
9
13
13
12
14
9
17
17
15
12
17
12
17
8
13
14
10
14
8
16
10
8
15
10
19
13
10
13
9
10
12
16
9
12
8
12
11
17
10
12
9
16
13
8
10
16
13
13
12
10
8
10
8
11
14
9
12
12
17
15
10
14
21
15
9
20
10
11
8
16
10
10
6
11
11
13
9
9
14
10
14
8
13
14
10
9
7
12
11
4
13
4
6
8
9
3
13
8
8
15
12
13
6
8
7
10
12
8
8
9
7
7
8
11
11
7
14
13
10
7
6
12
14
13
6
11
8
5
5
6
7
11
13
7
11
11
7
11
8
9
7
11
13
10
12
19
9
5
6
14
8
12
7
6
18
11
14
11
9
10
6
14
7
9
7
16
10
5
6
9
21
10
12
12
14
7
6
7
8
11
7
10
12
13
7
15
6
22
8
4
15
8
12
10
5
9
10
7
8
8
4
8
13
11
11
15
6
13
7
10
11
19
2
6
5
5
16
7
11
10
7
4
12
8
9
6
10
13
10
2
12
7
8
7
13
10
11
8
9
16
9
11
13
3
5
11
4
15
15
5
5
9
8
6
13
14
8
7
11
8
10
7
8
7
9
8
16
7
17
11
12
10
8
11
16
7
10
7
12
12
9
7
11
9
15
7
8
21
10
12
11
12
8
10
12
11
6
14
10
14
10
14
10
12
5
13
11
13
8
5
9
6
6
13
15
12
6
12
12
13
17
12
8
10
4
5
14
7
7
5
8
9
3
9
9
15
17
5
10
7
8
13
6
3
16
7
9
9
13
7
10
11
8
10
7
10
6
10
5
10
8
8
10
11
11
8
2
11
11
7
7
8
6
8
9
7
12
6
7
7
9
9
5
5
11
11
8
8
8
11
9
10
11
8
13
7
8
5
7
13
8
11
4
9
10
6
9
10
10
7
11
5
5
5
12
10
11
10
6
7
4
7
8
8
14
7
6
6
7
5
10
5
8
9
7
6
11
9
10
7
7
6
9
7
6
8
7
2
8
10
6
4
3
7
8
7
10
6
6
3
11
8
8
7
8
9
10
5
6
11
12
9
9
9
9
9
10
3
9
4
14
8
7
11
11
12
4
4
3
8
11
7
6
3
8
9
7
6
8
10
6
5
5
4
5
5
3
5
11
9
10
6
7
9
8
5
9
7
8
11
8
5
7
5
6
8
7
2
4
4
5
5
9
9
9
4
11
11
4
8
8
6
7
5
11
5
6
5
4
7
11
5
9
13
11
6
7
6
8
9
3
8
6
5
4
6
8
2
2
11
4
10
11
10
5
7
9
7
4
10
4
4
12
4
3
3
5
8
9
9
7
6
7
10
10
6
10
4
5
12
9
10
4
4
7
7
5
6
5
6
12
7
6
5
7
9
5
6
10
7
8
10
6
8
6
5
15
12
5
7
6
7
10
4
9
4
9
8
9
14
8
6
9
6
5
7
4
8
8
6
8
9
10
6
8
9
9
7
6
6
5
9
9
8
8
3
7
5
2
6
7
10
10
4
10
9
9
5
6
9
7
7
9
6
9
4
3
6
9
10
6
8
9
13
5
6
12
11
1
10
8
6
4
6
8
7
4
11
11
6
11
2
2
13
8
7
6
2
4
7
6
7
9
7
4
5
11
4
6
8
3
11
12
6
10
3
9
3
8
8
9
5
2
9
14
9
10
2
9
3
10
10
6
5
6
7
5
7
10
8
2
8
7
8
5
10
6
6
5
8
7
6
8
3
13
6
5
3
8
7
11
10
6
5
4
8
4
7
11
3
3
6
5
5
11
7
2
10
8
3
7
3
3
10
3
7
5
6
3
5
11
7
5
6
5
9
6
9
5
9
6
6
7
4
5
2
7
9
7
7
4
4
7
6
10
8
6
5
9
4
8
7
10
6
5
4
9
5
5
12
7
6
8
11
3
7
12
7
2
5
4
2
8
5
6
11
7
3
8
9
10
7
4
7
4
11
7
1
5
6
5
6
7
3
6
8
10
3
1
7
7
6
3
4
5
8
5
8
7
8
1
3
8
10
2
6
5
5
6
13
5
5
8
10
4
8
8
5
5
4
4
4
8
8
4
5
8
11
5
3
9
5
5
2
5
3
8
10
4
5
2
6
7
12
8
6
9
11
7
3
5
4
8
12
5
5
7
9
8
7
7
3
10
8
9
6
7
6
10
5
7
5
10
4
7
8
4
6
5
5
10
6
9
3
9
7
7
4
1
10
8
5
2
5
5
2
2
5
6
6
4
10
5
0
8
7
5
8
8
6
5
6
5
6
4
7
8
2
7
8
7
5
4
6
7
2
7
5
4
5
6
6
8
5
7
2
5
5
5
9
7
5
5
3
5
1
6
2
8
3
7
5
5
8
5
6
9
7
1
3
1
5
2
8
6
7
9
5
6
4
4
9
3
4
9
4
7
3
4
2
8
8
10
4
3
3
6
7
10
5
5
5
6
6
8
4
7
4
5
5
6
1
7
3
3
7
6
3
3
3
7
5
7
7
6
5
5
5
7
8
3
6
3
9
5
9
5
2
4
4
5
8
4
3
5
5
5
5
2
6
2
6
6
4
1
5
3
3
4
5
4
6
0
9
6
2
2
4
4
5
5
6
7
3
4
8
5
7
5
3
5
6
6
4
10
6
3
5
4
3
3
1
4
2
4
5
3
3
7
8
3
3
9
9
10
6
6
5
4
3
3
10
4
10
5
2
6
7
5
5
5
5
6
7
3
7
7
1
5
3
5
2
3
3
6
6
2
8
6
5
6
9
3
6
5
2
5
4
3
1
6
1
8
3
5
2
3
9
4
2
3
7
6
2
4
4
5
7
3
3
2
2
0
5
5
5
6
7
2
5
3
1
3
3
8
3
7
4
8
7
3
4
6
6
9
5
7
3
4
6
1
5
5
8
1
5
6
3
2
6
6
3
8
7
7
7
6
3
1
5
4
6
5
5
2
3
5
4
8
1
1
0
5
4
4
4
0
6
4
4
5
4
10
9
4
4
4
6
4
4
1
2
11
4
2
4
4
2
5
10
7
3
3
6
6
3
6
5
1
4
5
6
3
5
6
4
6
3
4
1
6
6
8
4
3
4
3
5
4
3
12
5
5
4
6
5
3
5
5
2
3
7
3
4
3
6
2
8
6
2
3
4
4
2
8
5
5
5
8
1
7
4
4
7
5
3
3
5
6
9
4
3
0
3
4
8
2
3
4
6
4
3
6
7
7
7
4
3
5
3
6
7
4
4
12
5
3
7
6
5
9
8
3
3
11
11
5
10
4
13
5
9
7
8
19
3
6
7
8
4
6
9
11
11
4
17
6
8
8
8
7
4
12
13
12
8
15
15
6
10
11
11
9
11
14
7
9
12
8
12
15
11
7
11
11
12
9
4
8
7
6
8
13
10
7
5
4
7
6
10
5
9
4
7
3
7
4
3
6
5
7
5
7
7
9
6
5
4
5
4
4
4
3
7
5
3
5
6
5
5
5
1
8
8
4
4
3
4
3
3
8
7
4
9
2
7
5
2
3
6
3
6
3
9
6
8
4
4
4
8
4
5
5
3
9
4
3
3
5
4
6
6
2
6
9
4
5
3
1
4
3
2
5
4
2
1
3
4
7
6
6
2
3
11
3
7
7
4
4
2
1
3
3
7
5
8
5
3
7
2
3
4
2
8
3
3
10
9
2
5
5
2
8
6
3
5
4
3
2
4
7
2
4
4
4
3
4
7
3
3
3
5
2
6
0
2
5
4
4
3
5
2
1
4
6
4
3
4
5
3
2
4
4
3
8
3
4
3
3
6
8
5
7
7
8
5
3
3
4
2
2
4
3
4
9
2
4
3
5
3
5
3
7
5
4
5
8
2
5
5
4
4
5
1
4
6
6
2
3
3
5
9
10
3
4
4
6
6
5
6
4
6
4
1
4
4
4
5
4
5
2
5
4
3
4
1
8
2
7
6
3
6
5
6
2
3
3
6
3
2
2
6
6
5
1
4
9
6
5
0
5
6
3
2
7
3
5
8
3
4
3
3
6
2
7
4
5
0
6
4
4
5
8
5
5
4
3
1
5
1
6
4
2
2
1
3
2
5
2
4
3
4
4
6
7
4
7
3
2
3
6
5
5
6
3
6
1
4
6
4
3
3
1
4
3
2
1
0
8
4
5
3
4
6
8
4
0
5
3
4
5
5
2
5
8
3
4
2
1
6
7
5
5
4
3
5
5
10
4
1
2
4
2
7
8
4
3
4
4
4
1
5
4
1
1
2
6
3
6
2
8
4
5
2
5
2
3
5
1
3
3
2
1
9
8
1
2
2
5
1
2
3
7
2
4
5
7
4
6
5
3
5
3
3
1
3
9
3
1
2
5
7
6
2
6
5
4
4
5
2
5
5
2
3
7
3
3
7
6
2
2
5
5
4
1
2
3
4
2
6
8
2
5
2
3
7
2
3
2
5
2
6
5
3
7
6
5
2
6
2
4
2
6
3
1
3
9
4
5
5
4
3
4
1
5
1
6
3
2
10
4
4
5
5
12
3
7
3
8
4
8
6
5
6
4
2
3
3
9
4
3
4
5
10
6
2
3
7
7
9
2
3
4
5
8
4
7
6
6
6
4
8
6
4
4
2
6
1
6
6
4
2
7
9
7
4
3
3
6
6
9
6
4
6
9
12
5
8
5
8
7
2
5
8
2
5
9
10
11
5
8
4
6
4
7
7
3
6
3
5
8
4
3
6
7
7
9
6
3
3
8
4
6
9
7
4
4
2
5
8
3
7
5
2
1
3
2
6
3
7
1
2
6
2
6
3
2
3
7
2
5
9
3
2
2
4
3
1
4
5
8
2
3
5
3
5
4
3
4
3
3
2
11
2
3
2
7
1
1
3
4
1
6
4
1
3
2
3
8
1
3
5
6
4
6
1
7
1
4
5
1
2
3
2
6
0
6
5
4
4
3
4
4
1
4
0
5
3
2
7
5
5
4
3
3
6
4
3
2
2
2
4
2
6
4
8
2
4
3
1
3
0
4
1
2
6
6
2
2
6
2
5
1
1
3
5
3
2
1
3
3
2
4
3
3
2
5
2
4
6
2
2
2
4
6
3
1
4
4
4
3
5
1
5
4
4
4
5
3
0
3
1
6
3
1
1
4
5
2
3
5
3
1
2
2
2
1
5
2
1
4
2
3
3
6
5
1
1
5
4
1
2
2
2
4
5
3
4
7
5
2
5
2
3
4
9
1
1
1
4
3
2
3
2
1
5
4
3
6
1
2
4
3
3
1
3
3
2
6
4
2
1
1
1
4
0
5
3
4
2
2
4
3
2
2
3
3
4
2
6
4
6
4
3
5
3
4
4
3
1
8
4
3
5
1
1
5
2
2
6
1
3
4
3
7
2
7
2
4
3
3
3
3
2
7
1
1
1
3
3
4
4
2
3
1
0
3
2
6
3
4
1
6
4
1
1
2
3
4
3
4
3
2
4
4
2
1
4
2
4
2
5
0
2
6
4
6
3
3
3
2
2
3
4
1
1
4
5
3
7
4
3
4
3
0
4
3
1
6
1
5
3
5
6
4
3
2
5
2
2
2
3
3
3
3
6
5
1
4
3
4
2
1
1
2
2
3
4
4
1
5
4
4
3
3
4
1
5
3
1
1
3
2
1
2
5
4
2
2
2
6
3
2
0
5
1
3
2
4
1
4
4
2
4
2
4
3
2
2
3
1
4
5
1
5
0
1
2
4
5
1
0
4
3
4
5
4
6
7
3
8
2
3
5
2
7
1
4
3
4
3
1
4
2
4
4
1
2
2
2
2
2
4
2
5
4
3
6
2
3
1
6
6
4
5
3
6
2
0
2
5
2
4
1
3
1
3
2
4
4
3
2
1
3
0
3
2
4
4
3
4
0
4
2
2
1
1
3
1
4
0
0
5
7
7
5
2
1
4
4
6
2
1
2
4
4
3
2
3
4
1
4
4
7
6
1
2
4
3
3
3
3
6
5
9
1
1
3
3
4
1
4
4
3
4
3
4
5
2
2
1
3
4
1
1
4
3
3
4
3
5
3
4
0
3
6
4
6
3
4
3
4
3
3
3
2
1
7
1
3
3
1
3
3
2
2
6
6
3
0
2
6
4
4
6
0
3
4
3
2
4
3
1
3
6
5
4
1
0
3
5
4
2
4
1
5
3
2
1
4
6
5
4
3
5
5
3
4
2
2
4
4
2
5
3
3
4
4
4
6
2
1
3
1
3
1
1
2
2
4
1
2
1
0
5
0
3
3
4
9
5
1
0
4
2
1
1
2
4
3
4
4
2
2
1
3
2
3
2
4
3
4
2
2
3
3
2
1
2
2
3
0
1
4
5
3
1
1
5
0
3
2
3
2
1
2
1
3
2
0
5
5
1
5
1
2
3
7
2
2
3
2
5
1
1
0
1
5
4
2
6
5
1
2
1
4
0
1
3
4
7
1
1
4
2
4
1
2
1
7
2
1
2
2
4
1
2
3
3
6
0
1
4
2
3
4
1
5
4
4
5
10
3
3
4
2
1
1
1
4
1
3
2
2
7
6
2
1
2
3
3
4
3
3
0
2
1
4
1
3
1
1
2
3
1
3
1
2
1
0
2
1
3
2
1
4
1
1
3
1
1
1
1
2
2
3
2
6
3
3
2
3
4
4
2
4
3
5
3
4
4
1
1
2
4
4
1
4
3
1
2
3
2
7
6
4
3
0
4
5
1
2
2
3
5
5
0
1
0
0
1
3
4
4
5
5
1
0
4
1
3
1
1
1
3
2
4
3
1
4
4
1
5
2
3
1
1
2
2
1
3
3
4
3
4
4
5
0
4
2
4
2
0
5
3
3
1
5
5
1
0
6
5
5
0
6
1
3
6
3
2
4
2
4
3
1
2
6
2
2
2
3
2
2
5
2
3
1
2
1
1
3
5
3
3
4
3
2
3
5
2
0
3
1
3
3
3
3
5
6
2
2
2
5
2
3
2
4
5
3
1
2
3
3
2
3
0
1
4
3
1
1
2
1
5
1
3
3
3
3
3
6
5
2
2
4
7
2
2
3
2
1
2
3
2
3
3
3
2
0
2
1
2
4
3
2
3
1
4
2
0
6
1
1
1
4
1
2
3
3
5
1
1
0
3
3
2
6
5
1
3
4
2
0
4
6
2
1
1
1
6
2
3
1
3
3
2
2
3
1
4
1
2
1
5
1
0
2
0
7
2
3
6
2
1
2
3
1
1
4
1
3
2
2
2
3
6
0
1
1
0
0
3
1
3
4
6
2
5
2
4
4
2
3
1
4
2
0
3
3
2
4
1
2
3
2
3
3
6
0
3
1
2
3
3
1
2
2
1
4
1
2
3
3
1
1
1
5
0
2
5
1
0
3
2
1
3
2
4
3
3
2
3
4
1
4
2
1
1
3
3
0
2
0
2
0
3
2
1
3
4
0
6
2
3
3
2
4
2
1
2
2
1
2
6
0
2
1
5
2
1
4
2
5
2
4
2
3
3
6
5
2
1
2
3
2
1
3
1
4
1
1
0
9
0
0
2
1
2
4
1
1
6
3
2
2
0
0
1
2
5
1
1
4
1
4
3
1
2
4
0
4
1
4
6
1
0
4
3
1
3
1
1
1
1
2
1
1
1
1
4
2
2
1
2
3
3
2
4
2
4
1
2
2
3
4
3
5
3
3
1
1
4
2
4
2
3
0
1
4
3
6
1
2
2
4
2
2
4
1
1
6
1
7
2
2
4
1
3
2
2
3
2
1
1
0
5
4
0
1
0
3
3
2
3
2
3
3
1
1
1
3
0
4
2
5
1
1
1
2
2
2
3
2
3
2
2
1
2
1
4
3
4
2
2
1
4
3
3
3
6
4
2
4
1
2
3
4
2
4
1
4
3
4
5
2
3
3
3
1
4
2
4
6
2
4
2
1
4
5
2
5
3
4
3
1
2
3
3
7
5
1
3
1
3
5
2
5
1
0
3
5
1
2
2
2
3
2
2
2
4
3
1
2
4
1
3
4
2
6
2
2
2
3
5
4
3
8
3
3
4
1
2
3
1
3
3
4
2
2
4
3
4
1
1
1
4
4
3
5
5
4
1
2
2
2
3
3
2
1
2
1
3
2
1
6
2
4
4
5
3
5
6
3
6
1
2
3
0
7
3
2
1
1
5
1
3
4
4
3
3
2
3
2
3
4
1
8
5
5
4
7
3
2
3
4
5
4
2
4
5
1
6
12
5
2
6
6
8
4
3
1
5
2
7
4
9
5
6
3
6
0
3
2
4
5
2
4
3
3
7
6
2
1
5
2
3
4
5
1
0
1
1
1
4
3
6
2
2
5
0
1
3
5
5
1
5
1
5
2
1
4
2
2
4
0
2
2
1
0
1
2
1
1
4
2
2
4
2
4
5
3
3
2
2
4
4
1
1
4
4
3
2
1
1
3
0
2
2
1
3
0
2
2
2
2
2
1
2
1
0
2
2
1
4
0
6
3
1
6
1
3
1
1
0
2
3
1
2
2
2
4
3
2
1
3
2
2
3
1
3
3
3
4
0
2
1
1
2
1
2
3
1
1
0
1
2
2
3
6
3
3
3
2
4
2
2
4
4
0
3
5
8
4
1
2
4
1
4
1
2
2
5
0
2
2
3
3
0
0
3
2
2
4
5
1
3
3
1
2
2
4
2
2
4
1
0
1
3
3
0
2
2
4
1
2
1
0
3
0
1
6
2
5
1
1
8
1
0
2
0
5
1
2
1
2
2
2
3
4
2
0
6
3
3
2
2
1
4
1
5
2
3
1
1
3
0
0
2
1
1
4
2
0
4
3
3
2
3
0
3
3
1
2
5
1
2
5
0
2
0
1
3
0
3
3
3
4
2
2
0
0
2
4
1
3
3
1
1
5
1
0
2
2
3
2
1
5
3
3
1
3
2
4
0
4
3
2
1
3
2
5
5
3
2
2
1
6
2
2
3
1
1
1
3
3
2
3
2
1
2
5
2
0
3
1
1
1
1
7
1
2
3
2
2
2
1
4
2
5
4
2
2
7
1
4
1
2
1
7
2
2
1
2
3
4
2
2
2
2
5
1
3
4
3
1
4
3
1
3
2
2
1
7
1
1
3
4
1
1
2
4
4
6
1
1
3
1
1
2
2
1
0
1
1
1
4
0
3
2
2
4
1
1
4
2
4
1
3
2
1
3
2
6
4
2
2
4
6
2
2
5
2
1
4
1
3
1
2
3
1
4
3
1
2
1
3
1
4
3
1
2
1
1
1
4
3
1
2
2
3
0
3
3
0
1
4
1
2
1
0
2
1
1
3
4
0
4
4
2
3
3
4
2
2
1
1
1
4
3
5
5
4
2
3
2
0
2
1
6
2
0
3
0
3
4
2
3
2
3
1
4
1
1
3
4
5
3
4
2
3
2
2
2
2
2
0
5
1
2
1
4
3
3
4
1
3
3
2
2
3
3
1
2
3
1
1
2
4
1
2
6
1
3
1
2
4
5
3
3
2
2
1
6
2
6
2
3
0
3
3
2
1
2
3
4
3
4
0
2
0
4
3
4
5
5
2
2
3
1
2
1
1
1
4
2
0
5
0
3
3
0
6
0
2
2
0
0
2
0
2
3
3
0
1
4
3
3
1
1
1
1
2
2
2
0
1
1
3
3
1
2
5
1
1
1
1
2
4
4
2
2
3
0
0
0
1
3
0
2
2
1
2
4
5
4
1
3
2
6
2
3
1
0
3
1
3
4
5
2
4
1
3
3
3
3
2
3
5
0
3
1
1
0
3
0
3
3
3
0
1
3
0
5
2
3
2
2
1
1
3
1
3
5
4
5
0
1
2
3
1
5
1
3
3
3
1
1
3
0
3
3
2
0
1
1
1
2
2
1
0
0
4
3
2
3
1
1
3
0
1
2
3
2
5
0
0
3
3
4
0
5
0
2
3
3
2
5
0
2
1
4
1
0
1
1
4
1
2
0
2
2
0
4
4
1
1
4
1
1
1
3
2
4
5
3
1
1
3
2
1
3
1
2
0
4
4
2
2
4
3
2
4
3
1
2
3
0
4
1
4
3
3
1
3
0
2
4
1
3
3
1
2
6
3
1
0
1
3
2
3
2
2
4
0
1
2
1
1
6
1
1
6
6
0
1
0
1
3
3
2
1
3
2
2
0
3
7
3
3
7
3
2
2
2
1
1
5
2
1
3
0
1
3
2
1
1
2
6
2
4
3
3
2
1
1
3
1
2
1
2
3
6
3
3
3
0
2
0
6
0
3
2
3
3
1
2
3
3
2
1
1
4
2
1
2
2
4
3
2
3
1
4
3
2
1
3
3
2
1
4
3
4
2
4
3
2
7
0
3
1
0
0
1
4
6
1
5
1
3
1
4
2
3
2
0
2
0
0
4
3
4
3
1
3
1
1
3
3
2
2
2
1
2
1
1
1
3
2
2
4
1
0
6
3
2
1
5
4
2
3
1
2
6
2
2
3
5
5
4
3
1
0
1
0
4
2
2
1
1
4
4
0
0
1
4
1
5
2
4
1
2
3
1
1
0
4
4
0
1
2
3
3
6
4
5
1
3
2
1
1
6
0
1
4
5
2
5
0
2
3
1
4
2
0
2
2
2
2
2
5
3
3
1
1
2
3
5
2
1
4
3
1
2
5
6
1
1
1
3
2
1
0
2
1
2
4
5
1
2
1
4
0
2
2
3
1
4
2
1
2
1
1
0
2
0
3
1
2
2
2
2
4
0
1
2
2
2
0
2
3
2
4
3
2
1
0
2
10
2
0
2
0
1
1
2
0
2
1
4
2
1
2
1
1
2
1
4
5
5
2
2
0
5
3
1
1
2
5
4
1
4
1
3
3
2
1
2
3
2
1
5
3
1
3
2
1
0
6
1
2
3
1
4
2
2
5
4
1
3
4
0
6
2
4
3
3
1
1
4
3
4
2
1
1
4
1
3
3
4
4
3
2
1
3
2
2
3
3
3
3
1
2
2
0
5
2
1
2
2
1
4
4
4
3
1
4
2
2
3
4
5
0
3
1
0
3
0
3
3
6
2
1
1
1
1
2
2
0
2
3
0
1
0
1
2
2
1
2
4
2
1
1
3
3
2
3
2
1
2
3
2
2
1
4
1
3
2
0
3
0
2
0
0
4
3
3
2
4
4
0
3
4
0
2
1
2
1
2
1
2
1
3
0
0
1
4
0
1
2
3
2
2
4
0
2
0
3
1
0
2
1
0
2
1
2
2
1
3
2
0
0
4
2
6
4
1
1
4
3
0
2
1
2
2
2
1
1
1
1
5
3
0
2
4
3
1
1
0
1
2
1
2
0
2
4
2
2
0
1
2
1
1
1
4
0
1
0
0
0
1
2
1
1
1
1
3
3
3
0
1
0
0
1
1
1
2
1
2
2
1
1
4
3
1
0
0
1
2
1
0
2
3
0
0
0
3
0
1
3
0
0
1
1
0
0
2
2
2
1
1
3
1
1
3
1
2
0
1
1
2
4
1
1
1
1
2
4
3
0
1
0
2
1
0
2
1
3
0
2
2
1
6
3
4
2
1
0
1
2
3
2
2
1
2
3
0
1
0
0
0
1
0
3
1
2
1
2
1
3
1
1
1
1
1
0
2
1
0
2
2
2
0
1
1
1
0
1
1
3
0
2
0
3
0
1
2
2
1
1
2
4
2
0
2
4
1
1
1
0
4
0
1
4
3
1
1
2
3
1
1
1
4
0
2
2
2
2
2
1
1
3
1
1
2
0
2
2
0
2
1
0
1
3
2
1
1
1
0
1
2
0
3
0
1
1
2
3
4
2
0
2
2
2
0
1
0
5
1
1
1
2
2
1
2
2
3
0
0
1
0
2
0
1
1
0
0
1
3
2
0
4
1
1
3
4
3
1
2
0
0
3
1
2
0
1
0
1
0
2
1
2
3
3
3
0
2
3
0
1
3
1
5
1
4
2
0
2
2
1
0
2
1
1
1
3
0
3
1
0
1
1
5
1
3
0
2
0
1
5
3
1
0
1
1
1
2
5
4
0
0
1
1
0
3
2
2
1
3
2
2
0
4
0
0
4
1
1
2
0
2
4
2
1
0
1
0
0
3
0
0
1
1
2
1
2
2
4
3
1
1
1
1
4
1
2
1
2
2
2
1
1
0
2
1
0
0
2
2
4
1
0
3
0
1
1
2
1
0
1
1
0
0
1
2
1
1
0
3
2
1
2
1
1
2
0
2
2
2
0
4
1
0
0
1
2
1
0
3
2
1
5
2
1
0
2
5
4
1
1
2
0
1
4
1
1
1
1
0
0
4
1
0
0
0
1
1
2
0
1
0
2
0
2
0
2
2
5
0
0
0
2
1
2
3
1
2
1
0
2
0
1
0
3
2
2
2
1
2
2
1
3
0
1
1
2
1
1
2
4
0
3
0
0
1
0
1
1
0
0
0
1
0
4
1
0
1
0
0
1
3
1
0
0
1
1
2
0
2
0
1
1
1
1
1
0
1
3
2
2
2
0
0
0
2
0
2
0
1
2
3
5
2
1
0
0
1
1
1
2
3
0
2
1
1
0
0
1
2
3
1
3
3
0
1
1
2
2
1
0
1
2
3
1
2
2
3
2
0
0
2
2
0
0
2
0
1
0
2
3
1
2
0
1
0
0
1
1
0
0
0
2
3
0
0
1
1
1
1
1
1
0
2
4
1
2
2
0
1
1
2
0
3
1
2
1
1
0
1
1
2
0
1
0
3
0
2
1
1
1
1
4
1
2
2
1
0
2
1
1
0
3
1
1
2
3
0
2
1
0
1
1
1
1
0
4
2
0
1
0
1
0
1
1
1
1
0
1
2
2
0
0
4
4
1
1
0
0
1
0
2
2
0
2
0
1
0
1
1
1
2
2
3
3
1
0
2
2
3
1
2
2
1
0
3
0
0
1
0
2
1
0
1
2
0
2
1
2
1
1
4
0
0
1
1
0
0
1
0
3
0
3
0
2
0
1
3
1
1
2
2
4
0
1
1
0
0
1
1
0
2
0
0
0
1
0
1
2
1
0
2
0
0
1
1
1
0
1
0
0
5
0
0
0
0
0
1
0
1
2
0
1
1
2
1
0
1
0
0
0
0
1
3
2
1
2
1
0
2
0
0
0
2
2
2
0
2
1
1
2
0
1
2
1
2
2
1
2
0
2
0
2
0
1
2
1
2
1
3
1
0
2
0
1
0
0
0
0
0
2
2
0
0
1
2
1
0
2
1
1
4
0
0
0
1
0
2
1
1
0
0
1
2
1
1
2
0
0
0
2
2
0
1
0
1
2
0
0
0
2
0
0
0
0
0
2
2
0
0
0
1
0
3
0
1
0
2
1
0
2
2
1
2
1
0
3
1
1
2
1
1
0
0
0
0
1
1
2
1
3
0
0
2
1
2
0
2
2
0
2
2
1
0
2
1
2
2
2
0
1
0
0
2
1
0
2
2
0
1
1
1
1
0
0
0
2
0
3
0
0
3
1
1
2
1
1
0
1
1
0
1
0
0
2
0
1
0
1
1
0
0
0
1
3
0
1
1
0
1
0
0
1
0
0
3
0
1
3
2
1
0
0
1
0
0
0
1
0
2
0
0
1
1
1
0
0
2
0
2
1
0
0
2
0
1
0
0
0
1
1
0
1
0
0
2
4
1
0
1
1
1
2
0
1
2
0
1
1
1
0
4
1
0
0
0
2
1
0
1
3
0
1
2
0
0
3
0
1
2
2
1
0
1
0
0
1
0
2
0
0
4
0
2
0
1
1
1
1
0
0
1
1
0
0
1
3
1
2
0
2
0
0
1
0
0
0
2
0
1
0
1
0
0
2
1
0
2
1
0
1
2
1
0
1
1
0
0
0
0
1
0
0
1
1
1
1
1
1
1
1
0
0
1
2
1
1
0
1
0
0
1
0
0
0
3
1
0
1
0
3
0
2
1
0
2
1
2
2
2
0
0
2
1
0
1
0
1
2
1
0
0
1
0
0
2
0
0
2
0
1
3
0
3
1
0
3
0
0
0
1
1
1
2
1
0
1
1
1
0
0
0
0
0
0
0
3
0
0
0
0
1
1
2
1
0
0
1
0
1
1
2
0
0
1
2
1
0
1
1
2
1
1
2
0
2
1
1
1
0
0
1
3
0
0
0
1
3
1
0
2
2
0
3
1
2
1
0
0
2
2
1
0
1
1
0
1
2
1
2
2
2
0
2
1
1
3
2
1
1
3
1
3
2
2
3
2
0
0
1
2
0
0
1
2
0
1
1
3
0
1
1
2
1
0
3
1
2
0
3
0
1
0
1
0
0
2
1
0
1
0
0
1
2
1
0
2
3
1
2
1
2
1
0
0
1
2
0
0
0
1
1
0
1
1
0
3
2
1
0
0
1
0
0
2
0
1
0
1
0
4
1
0
1
1
0
1
3
0
2
0
0
1
0
1
1
1
1
1
1
0
1
1
1
0
0
0
0
0
2
0
0
0
0
2
1
0
1
2
0
0
0
1
0
0
0
0
0
2
3
2
0
0
2
1
0
1
1
1
1
0
0
3
0
1
0
2
1
0
0
0
0
2
0
1
2
0
1
1
0
0
0
1
1
0
0
1
1
0
2
0
3
0
0
1
0
0
0
0
0
1
2
0
0
0
0
2
2
1
1
4
1
2
1
2
1
0
0
1
0
3
1
1
0
1
1
1
0
1
0
0
1
1
1
1
0
1
1
1
0
0
1
0
1
1
1
0
1
2
0
0
2
1
2
0
2
0
1
1
1
0
1
0
0
3
1
0
1
0
1
1
1
1
0
0
1
1
0
2
3
2
0
0
4
1
1
1
0
0
2
0
4
1
2
1
1
0
0
2
1
1
2
0
0
2
2
2
3
2
0
1
1
0
2
1
1
1
1
2
0
1
0
0
1
4
0
3
1
1
0
1
1
0
0
1
1
0
1
1
1
1
0
1
1
1
1
2
0
1
2
1
1
0
0
2
2
2
1
1
2
0
0
0
1
2
0
0
0
0
2
1
3
3
1
0
0
1
0
0
1
1
0
1
3
0
1
0
0
1
1
0
0
1
0
1
1
0
1
1
1
1
2
0
1
1
1
1
3
0
1
2
2
1
1
1
0
0
1
0
0
1
0
2
0
2
0
2
0
2
1
0
4
0
2
1
0
2
0
1
2
0
0
0
1
1
0
2
0
1
1
1
0
1
2
1
0
1
2
2
0
2
1
0
1
1
0
0
1
0
1
0
0
1
2
0
1
1
2
1
1
0
0
0
0
2
1
0
1
1
3
0
2
1
0
1
0
1
0
0
0
1
0
0
0
0
0
1
1
2
2
0
0
0
0
1
2
1
2
1
0
0
3
0
0
0
1
0
0
1
0
0
0
0
0
0
0
0
1
0
0
0
0
0
1
2
1
1
1
1
3
1
0
0
0
1
0
0
3
0
2
1
2
0
0
1
1
0
1
0
0
1
2
2
0
0
1
0
0
1
0
0
0
0
0
1
0
0
0
0
0
3
0
0
2
0
1
1
0
0
0
1
2
1
0
1
0
0
1
0
0
3
0
1
0
0
0
0
1
0
0
0
0
1
0
2
2
0
0
1
1
1
0
2
0
1
1
2
1
0
2
1
2
0
0
1
0
1
0
0
2
0
0
0
1
1
0
0
2
1
0
1
1
0
0
3
1
1
1
0
1
2
1
1
1
1
1
1
1
0
0
0
0
2
0
1
1
0
0
0
0
2
0
1
0
0
3
0
0
2
0
1
2
1
1
1
1
0
0
0
0
1
1
2
1
0
2
1
0
1
1
0
1
0
1
0
0
0
1
3
1
1
1
0
2
1
2
0
0
0
0
0
0
0
0
2
0
0
0
0
1
1
1
1
3
1
0
0
1
1
0
2
2
0
0
1
0
0
2
0
1
1
2
0
0
0
2
2
0
0
2
1
1
0
1
1
0
1
4
0
2
0
3
2
3
2
1
1
0
3
1
0
1
1
0
1
0
0
1
1
0
1
2
0
3
1
2
3
0
3
2
4
1
2
3
2
2
6
4
2
3
3
6
3
5
1
2
3
5
7
9
4
4
2
9
3
9
5
5
6
6
8
11
10
5
12
12
7
9
9
10
6
7
11
9
5
9
8
11
9
9
13
4
12
11
10
12
12
9
13
6
12
11
2
10
8
12
10
6
12
9
9
6
3
6
11
6
7
7
9
6
8
8
5
7
7
4
7
6
1
9
4
9
8
5
7
6
6
5
2
5
9
3
5
3
2
6
3
3
3
3
4
3
5
0
7
5
2
6
3
1
1
3
3
2
1
3
1
2
2
2
1
3
1
2
1
1
4
1
0
1
2
0
0
4
1
1
2
0
1
0
1
1
1
2
1
0
1
1
0
2
1
2
1
1
0
1
1
2
0
0
1
1
0
1
1
0
2
2
0
0
0
0
1
0
2
1
1
1
0
1
0
1
2
1
0
1
1
1
1
1
0
0
0
1
1
2
1
0
0
0
1
0
0
1
1
0
1
0
2
0
2
0
0
0
0
1
0
0
0
0
2
1
1
2
0
1
0
0
1
0
0
0
1
0
0
0
0
0
1
0
0
2
1
0
0
1
0
1
0
0
1
0
0
1
0
0
0
0
0
2
0
0
0
0
1
0
1
0
0
0
0
0
0
0
1
0
0
0
1
1
0
0
0
0
2
0
0
1
1
0
0
0
1
0
0
1
0
3
0
0
0
0
0
1
0
1
0
1
0
0
0
0
0
1
0
0
0
0
0
1
1
0
0
0
0
0
0
0
1
0
1
0
1
0
1
1
1
0
1
1
2
0
2
1
0
1
0
0
0
1
0
2
1
0
2
0
0
1
0
0
0
0
1
0
1
1
0
1
0
0
2
1
1
0
1
1
1
1
2
0
0
0
0
0
0
0
0
0
0
1
0
0
1
0
0
0
2
0
1
0
1
0
1
1
0
0
0
0
3
0
0
0
1
0
0
1
1
2
2
0
1
0
0
0
1
0
1
0
2
0
1
1
1
0
1
0
2
0
0
0
1
0
0
0
1
1
1
0
0
1
0
1
0
2
1
1
0
0
1
1
1
1
0
2
1
0
0
1
1
0
2
0
1
1
0
0
0
1
0
0
3
0
0
0
1
0
1
1
1
1
0
1
0
1
0
0
2
1
1
1
0
2
0
1
1
0
2
1
1
3
1
1
0
0
0
1
0
0
1
0
0
1
1
0
2
0
0
0
1
0
1
0
1
1
1
0
1
1
0
1
0
0
2
1
1
0
1
0
2
1
1
2
0
0
2
1
1
0
1
2
0
1
0
1
0
2
0
2
0
0
0
0
0
1
1
0
0
2
0
1
1
0
0
0
0
0
1
0
1
0
1
1
0
0
0
1
0
1
1
0
2
1
1
0
1
0
0
0
1
0
0
0
2
1
0
0
2
0
0
0
0
1
0
1
0
0
0
0
0
2
0
1
0
0
0
0
0
0
0
0
0
0
0
0
0
0
1
2
0
0
0
0
0
2
0
2
1
2
1
0
0
0
0
0
1
0
1
0
0
0
0
1
0
0
0
0
0
0
0
0
0
1
0
1
0
0
0
1
0
1
1
0
1
0
0
0
0
0
0
0
0
1
1
0
0
2
1
1
1
0
0
0
0
0
0
0
0
0
0
2
0
0
0
0
1
0
0
0
2
1
1
0
1
0
1
1
1
1
0
1
1
0
0
1
2
0
0
0
1
1
0
0
0
0
1
0
0
0
0
1
2
2
0
0
0
0
1
1
0
0
0
0
2
0
0
1
0
1
0
1
0
1
0
2
1
0
1
0
0
0
1
2
0
0
0
1
0
0
1
0
0
0
0
0
0
1
0
1
2
0
0
0
0
0
0
0
1
0
0
0
0
0
0
1
1
0
1
0
1
0
0
1
0
1
0
0
1
0
1
0
1
0
0
0
0
0
0
1
0
1
0
0
1
0
2
0
1
0
0
0
0
0
0
0
0
0
1
1
0
0
0
0
0
0
2
0
0
0
1
1
0
0
0
2
0
0
0
0
1
0
0
0
0
0
0
1
0
0
0
0
0
1
0
2
0
0
0
0
0
1
0
1
0
0
2
0
1
0
0
0
0
0
0
0
0
0
0
1
1
1
1
0
0
0
1
2
0
0
0
0
2
1
0
1
0
1
0
1
1
1
1
0
0
0
0
0
0
0
0
0
0
0
0
0
1
0
0
0
0
0
1
0
0
1
0
1
0
0
0
0
1
0
0
1
0
0
0
1
0
0
0
0
1
0
0
1
0
0
0
0
0
1
0
0
1
0
0
0
0
0
0
0
0
0
0
0
0
0
0
0
0
0
0
0
0
0
0
0
0
0
0
0
0
0
0
0
0
0
0
0
0
0
0
0
0
0
0
0
0
0
0
0
0
0
0
0
0
0
0
0
0
0
0
0
0
0
0
0
0
0
0
0
0
0
0
0
0
0
0
0
0
0
0
0
0
0
0
0
0
0
0
0
0
0
0
0
0
0
0
0
0
0
0
0
0
0
0
0
0
0
0
0
0
0
0
0
0
0
0
0
0
0
0
0
0
0
0
0
0
0
0
0
0
0
0
0
0
0
0
0
0
0
0
0
0
0
0
0
0
0
0
0
0
0
0
0
0
0
0
0
0
0
0
0
0
0
0
0
0
0
0
0
0
0
0
0
0
0
0
0
0
0
0
0
0
0
0
0
0
0
0
0
0
0
0
0
0
0
0
0
0
0
0
0
0
0
0
0
0
0
0
0
0
0
0
0
0
0
0
0
0
0
0
0
0
0
0
0
0
0
0
0
0
0
0
0
0
0
0
0
0
0
0
0
0
0
0
0
0
0
0
0
0
0
0
0
0
0
0
0
