0
0
0
0
0
0
0
0
0
0
0
0
0
0
0
0
0
0
0
0
0
0
0
0
0
0
0
0
0
0
0
0
0
0
0
0
0
0
0
0
0
0
0
0
0
0
0
0
0
0
0
0
0
0
0
0
0
0
0
0
0
0
0
0
0
0
0
0
0
0
0
0
0
0
0
0
0
0
0
0
0
0
0
0
0
0
0
0
0
0
0
0
0
0
0
0
0
0
0
0
0
0
0
0
0
0
0
0
0
0
0
0
6
354
3278
7105
7098
6417
5891
5793
5560
5635
5549
5783
5751
5944
5947
6017
6009
6001
6170
6195
6213
6161
6311
6218
6188
6116
6279
6274
6227
6269
6209
6257
6060
6126
6062
6186
6154
5959
6106
6095
5896
6066
5934
5881
5900
5964
5953
5952
5944
5893
5875
5793
5825
5591
5729
5791
5760
5859
5502
5605
5711
5632
5674
5475
5596
5712
5587
5512
5523
5568
5563
5494
5550
5444
5574
5412
5471
5480
5445
5371
5321
5382
5441
5400
5499
5366
5314
5461
5415
5415
5405
5237
5357
5320
5294
5265
5332
5192
5228
5324
5133
5281
5256
5181
5198
5252
5142
5128
5253
5133
5191
5208
5134
5235
5135
5084
5164
4981
5219
5116
5147
4990
5298
4970
5110
4962
5003
4929
4936
5125
4981
5040
4879
4987
4947
4975
5051
4917
4942
4972
4974
4871
4934
4993
4883
4879
4889
4994
4898
4858
4874
4832
4742
4849
4870
4847
4867
4865
4827
4923
4901
4937
4868
4839
4931
4755
4870
4706
4757
4793
4855
4759
4750
4878
4709
4751
4831
4687
4739
4720
4593
4812
4720
4794
4584
4793
4765
4761
4812
4620
4759
4739
4640
4757
4615
4619
4786
4724
4723
4663
4600
4685
4662
4738
4668
4552
4600
4660
4684
4594
4630
4466
4614
4614
4678
4796
4568
4592
4664
4517
4630
4619
4616
4528
4475
4616
4559
4574
4519
4621
4511
4520
4574
4584
4554
4431
4518
4509
4549
4562
4564
4503
4566
4415
4619
4495
4516
4569
4491
4397
4499
4447
4383
4486
4491
4514
4383
4466
4385
4464
4499
4545
4582
4481
4476
4303
4417
4370
4501
4431
4618
4496
4516
4381
4409
4432
4465
4438
4416
4394
4433
4457
4371
4419
4386
4484
4430
4282
4414
4348
4400
4623
4416
4393
4518
4323
4444
4235
4282
4315
4314
4343
4435
4381
4212
4277
4330
4249
4363
4451
4366
4382
4304
4319
4338
4380
4390
4294
4250
4260
4277
4241
4432
4270
4421
4226
4357
4237
4308
4210
4346
4298
4272
4366
4312
4255
4282
4281
4302
4196
4261
4316
4243
4346
4274
4278
4153
4287
4274
4292
4275
4314
4330
4179
4283
4299
4222
4160
4219
4239
4286
4159
4226
4349
4204
4211
4178
4173
4129
4216
4211
4128
4137
4117
4241
4183
4229
4208
4139
4206
4123
4126
4211
4128
4091
4269
4248
4303
4261
4275
4195
4188
4054
4169
4254
4120
4128
4041
4226
4337
4184
4098
4152
4111
4137
4107
4081
4228
4204
4062
4116
4080
4063
4111
4144
4110
4191
4084
4104
4210
4172
4102
4108
4176
4270
4157
4045
4047
4198
4074
3985
4149
4073
4270
4084
4112
4193
4122
4158
4102
4115
4117
4103
4007
4161
4216
4081
4193
4090
4146
4219
4058
4053
4053
4064
4081
3980
4029
4148
3946
4115
4095
4029
4088
4077
4085
4106
3949
4147
4022
4082
4090
4076
4175
4074
4021
4033
4034
4100
3993
4075
4116
3989
4067
3997
4076
4081
4202
4052
4049
3973
4082
4083
4081
3962
4063
4045
4049
3997
4070
4040
4066
4056
4034
4009
4039
4079
4031
4060
3977
4105
4091
4176
4035
4133
4074
3975
4207
4105
4007
4012
4120
4073
4109
3964
4020
4036
4036
4084
4100
4138
4067
4082
4133
4021
4037
4088
3968
3986
4061
4122
4054
4091
4034
4160
4201
4082
4145
4018
3929
3947
3909
4133
4100
4078
4063
3962
4059
4012
4097
4040
4140
4169
3928
4052
4129
4089
4121
4163
3982
4063
4016
4149
4133
4149
4076
4158
4153
4060
4102
4003
4130
4142
4062
4151
4073
4156
4040
4037
4128
4104
4034
4178
4096
4175
4038
4036
4038
4168
4130
4177
4150
4140
4047
4176
4074
4123
4162
4095
4100
4102
4112
4103
4117
4153
4122
4192
4027
4174
4043
4132
4078
4246
4125
4154
4108
4174
4136
4169
4123
4066
4134
4113
4185
4097
4191
3973
4127
4159
4133
4213
4067
4276
3985
3996
4135
3980
4130
4006
3926
4022
4087
4159
4152
4144
4084
4092
4050
4027
4004
4149
3976
4153
4044
4088
4045
4111
4135
4127
4103
4069
4065
4075
4153
4081
4068
4113
4232
4133
4069
3939
4031
4152
4063
4074
4043
4084
4105
4145
4085
4003
4154
4067
4086
4023
3985
4097
4007
4051
3996
4012
3994
3957
4022
4167
4018
3931
4146
4086
4010
4010
4096
4142
4005
4074
4036
3884
3920
3970
3989
3959
4023
4061
4045
4086
4174
4042
4047
4066
3909
4034
4146
4026
4212
4175
4218
4347
4396
4418
4304
4378
4375
4154
4185
4112
4105
4179
4205
4034
3975
4077
4032
4102
4133
3881
3920
3999
4009
3959
3921
4005
3981
4073
3979
3901
3947
3990
3934
3799
3951
3931
3965
4069
4090
4021
3930
3967
3838
3966
3898
3975
3983
3945
4062
3995
4049
4026
3947
3931
3916
3957
3949
4043
4024
3947
3913
4054
3986
4006
4024
4029
4030
3987
3982
3988
4055
4097
4085
4112
4100
3993
4069
3998
4018
4093
4038
4079
3995
4118
4065
3996
4055
4044
3999
4068
4195
4079
4042
4067
3981
4027
4062
4090
4093
4074
4265
4202
4030
4161
4095
4187
4076
4110
4109
4136
4028
4150
4162
4144
4201
4171
4238
4132
4200
4225
4274
4155
4184
4241
4075
4169
4268
4249
4249
4140
4199
4294
4169
4135
4201
4241
4327
4299
4215
4263
4270
4182
4099
4240
4374
4363
4248
4298
4236
4216
4323
4162
4315
4350
4401
4307
4358
4297
4222
4316
4395
4419
4430
4310
4409
4221
4395
4351
4526
4332
4357
4361
4352
4364
4488
4359
4525
4417
4394
4356
4426
4396
4434
4390
4510
4429
4505
4458
4418
4584
4546
4408
4488
4461
4641
4517
4554
4512
4457
4547
4472
4471
4511
4516
4596
4581
4488
4483
4584
4485
4632
4537
4472
4586
4677
4649
4641
4651
4646
4557
4646
4742
4725
4600
4678
4555
4607
4680
4738
4622
4680
4686
4584
4670
4678
4614
4653
4579
4854
4738
4560
4737
4812
4618
4666
4719
4691
4793
4768
4798
4741
4875
4675
4751
4805
4832
4843
4919
4743
4680
4756
4855
4896
4766
4763
4823
4785
4774
4888
4888
4755
4834
4767
4890
5025
4918
4830
4870
4903
4856
5015
4872
4935
4986
4787
4906
4898
4983
4998
4868
4953
5033
4876
5006
4897
4926
4906
5074
4974
4877
5102
4902
4947
4976
5051
5032
4915
5002
5064
5029
5043
5029
4921
5026
5073
5077
4999
5000
5080
5064
4986
5020
4999
5002
5071
5056
5023
4936
5120
4993
5029
5078
5008
4959
5000
5136
5109
5046
5016
5155
5063
5062
5173
4978
5184
5152
5162
5218
5091
5151
5177
5061
5172
5179
5142
5094
5119
5244
5126
5069
5124
5193
5268
5177
5172
5237
5171
5165
5242
5260
5330
5227
5233
5082
5081
5208
5222
5342
5389
5302
5210
5113
5198
5376
5276
5389
5349
5315
5345
5239
5262
5235
5238
5295
5164
5311
5331
5268
5375
5317
5301
5367
5216
5378
5352
5210
5486
5291
5322
5349
5404
5227
5283
5414
5328
5169
5378
5443
5293
5148
5404
5397
5283
5441
5489
5368
5524
5505
5371
5451
5409
5372
5376
5505
5431
5418
5461
5398
5551
5368
5424
5406
5391
5406
5561
5588
5418
5458
5531
5483
5580
5433
5407
5450
5426
5480
5403
5555
5548
5493
5414
5402
5551
5562
5400
5494
5515
5537
5559
5630
5582
5467
5613
5556
5680
5536
5653
5497
5651
5575
5434
5492
5534
5657
5584
5562
5615
5521
5465
5620
5494
5776
5649
5602
5548
5647
5604
5472
5626
5612
5528
5731
5736
5589
5530
5638
5669
5648
5590
5671
5626
5826
5578
5584
5699
5725
5822
5694
5722
5748
5676
5733
5765
5740
5709
5822
5823
5820
5849
5722
5770
5645
5776
5615
5695
5889
5757
5864
5791
5874
5921
5827
5859
5784
5983
5908
5875
5853
5794
5910
5817
5819
5988
5948
5874
5917
5955
5995
5826
5866
5877
5956
6020
5920
5936
5972
6006
6070
6048
5837
5938
5850
6033
5963
5902
5927
5981
5972
5960
6017
5971
5988
5951
5970
5941
6124
5991
5995
5963
6126
5936
5872
5996
6097
6167
6010
6148
6041
6089
6066
6239
6067
6035
6025
6019
6147
6111
6148
6219
6146
6039
6153
6208
6164
5954
6210
6285
6111
6180
6086
6182
6209
6287
6321
6206
6151
6284
6235
6223
6252
6110
6142
6161
6251
6265
6412
6266
6255
6115
6353
6331
6215
6280
6301
6169
6342
6304
6387
6222
6283
6283
6335
6282
6419
6230
6304
6320
6138
6344
6483
6423
6467
6368
6398
6312
6408
6409
6297
6417
6485
6394
6557
6515
6500
6508
6373
6446
6553
6597
6455
6507
6444
6657
6486
6515
6370
6563
6495
6484
6490
6590
6418
6519
6581
6639
6516
6578
6558
6540
6516
6711
6502
6713
6652
6580
6584
6685
6765
6823
6681
6818
6637
6650
6659
6884
6613
6674
6699
6816
6757
6753
6697
6744
6782
6843
6828
6763
6820
6899
6819
6807
6861
6877
6764
6797
6745
7049
6720
6906
6933
6748
6964
6993
6864
6818
6955
6935
6928
6838
6847
6898
7024
6974
6908
6921
6984
6894
7067
6908
6917
7032
6860
6925
6919
7059
7099
7088
6916
6823
6906
6974
7099
6998
6992
7040
7015
6991
6979
7014
7125
7042
6906
6958
7081
6955
7036
6843
7096
6843
6926
6985
7070
7045
6966
6882
7030
6885
7145
6886
7044
6969
6931
6921
6888
7004
6900
7045
6948
6941
7050
6962
6922
7112
7134
6941
6898
7053
6910
7023
6971
6943
6959
6916
7041
6977
7194
7072
7353
7154
7201
7350
7387
7406
7340
7273
7289
7324
7252
7160
7121
7086
7104
7074
7042
6891
6839
7098
6862
6898
6935
6713
7034
6644
6932
6916
6692
6601
6701
6786
6751
6729
6849
6525
6697
6550
6704
6675
6609
6400
6733
6722
6681
6558
6633
6634
6486
6643
6678
6440
6615
6536
6586
6663
6521
6523
6568
6559
6533
6531
6525
6625
6499
6403
6513
6384
6493
6702
6575
6513
6423
6344
6436
6347
6378
6358
6398
6565
6432
6409
6425
6317
6528
6482
6323
6403
6461
6237
6283
6393
6342
6416
6357
6338
6421
6392
6429
6345
6371
6362
6365
6407
6400
6343
6359
6192
6311
6122
6220
6459
6289
6262
6355
6326
6200
6370
6220
6219
6237
6258
6108
6247
6343
6223
6289
6108
6277
6207
6208
6076
6236
6284
6121
6284
6091
6072
6296
6168
6103
6113
6215
6267
6137
6093
6111
6169
6067
6124
6105
6095
6262
6143
6106
6127
6200
6052
6142
5929
5950
6069
6178
6101
6066
6145
6034
6146
6102
6098
6050
6065
6055
5955
5996
6091
6106
5976
6149
5983
5895
6022
5968
6143
6158
6067
5928
6084
5929
5891
6006
5894
6035
6091
5892
6077
5903
5994
5967
5898
5949
5915
6006
5874
5921
5958
5916
6015
5871
5916
5980
5883
5908
5944
6067
5622
5932
5845
5852
5857
5819
5839
5785
5897
5938
5821
5916
5920
5936
5685
5952
5769
5847
5749
5778
5762
5904
5662
5743
5770
5814
5845
5792
5742
5770
5744
5830
5781
5826
5785
5810
5733
5801
5708
5671
5651
5761
5676
5794
5595
5840
5573
5731
5719
5604
5700
5754
5653
5836
5785
5770
5599
5594
5718
5750
5596
5655
5632
5655
5673
5612
5493
5626
5639
5661
5611
5596
5676
5636
5717
5635
5681
5552
5597
5702
5747
5617
5602
5548
5556
5602
5547
5560
5586
5566
5545
5725
5538
5678
5472
5602
5530
5630
5523
5545
5585
5498
5570
5531
5587
5671
5479
5564
5456
5554
5509
5572
5448
5538
5557
5460
5453
5471
5442
5402
5493
5571
5354
5553
5418
5555
5555
5551
5447
5485
5487
5519
5553
5432
5440
5342
5467
5329
5365
5290
5421
5496
5351
5498
5355
5444
5302
5229
5303
5312
5373
5204
5255
5320
5351
5362
5290
5356
5308
5305
5296
5244
5334
5297
5356
5327
5328
5306
5328
5274
5339
5327
5352
5355
5272
5210
5281
5305
5364
5296
5248
5331
5306
5267
5226
5193
5307
5135
5155
5234
5295
5275
5212
5222
5170
5161
5108
5035
5318
5139
5038
5223
5019
5133
5157
5129
5202
5145
5227
5224
5026
5124
5182
5071
5024
5140
5081
5101
5131
5076
5070
4928
5096
4995
5034
5085
5004
4957
4918
5012
4969
5025
5038
5070
4858
4973
4987
4914
4951
4782
4913
4807
4942
4957
4831
4895
4821
4807
4848
4723
4790
4746
4924
4767
4880
4739
4835
4730
4790
4670
4745
4772
4562
4588
4648
4567
4690
4644
4688
4633
4572
4683
4591
4642
4438
4498
4459
4382
4410
4543
4568
4537
4395
4555
4444
4401
4437
4360
4414
4464
4524
4333
4319
4333
4333
4335
4467
4406
4359
4325
4312
4238
4332
4312
4266
4242
4152
4249
4181
4260
4260
4116
4190
4068
4286
4168
4257
4160
4125
4143
4078
4173
4059
4101
4190
3999
4062
4196
3975
4236
4007
4108
3891
4112
4101
4126
4028
4044
4081
4050
3950
4114
4007
4045
4063
3984
3989
3993
3952
4036
3978
3949
3950
3995
4040
3923
4038
4036
4041
3996
3962
3987
3984
3907
3944
3993
3886
3912
4009
4034
3849
3951
3914
3956
3999
3951
3972
4006
3943
3896
4053
3983
3937
3906
3920
3898
3944
3877
3936
3897
3909
3952
3939
3833
3966
3919
3781
3942
3907
4022
3740
3931
3885
3786
3958
3860
3830
3922
3809
3934
3898
3855
3840
3906
3900
3901
3837
3775
3769
3695
3781
3802
3836
3785
3769
3821
3752
3821
3796
3921
3904
3968
3952
4067
4087
4102
4203
4057
4217
4193
4089
4030
4205
4019
4121
4004
4094
3939
3884
4054
3850
3854
3826
3710
3808
3831
3854
3880
3714
3744
3648
3731
3805
3667
3690
3621
3608
3591
3533
3584
3671
3543
3605
3580
3536
3379
3633
3555
3506
3529
3492
3516
3415
3491
3557
3490
3501
3459
3426
3400
3471
3386
3476
3541
3561
3401
3458
3445
3400
3499
3573
3370
3475
3453
3462
3447
3501
3403
3477
3538
3335
3370
3287
3471
3557
3465
3461
3369
3375
3423
3357
3524
3389
3319
3408
3435
3272
3385
3298
3456
3303
3444
3238
3368
3341
3344
3501
3347
3330
3262
3269
3363
3348
3306
3274
3284
3227
3283
3257
3317
3267
3233
3319
3344
3390
3389
3289
3301
3257
3093
3193
3264
3329
3231
3356
3314
3303
3214
3273
3122
3157
3247
3196
3201
3343
3178
3257
3139
3240
3242
3250
3130
3201
3197
3201
3229
3258
3145
3192
3237
3105
3081
3328
3217
3236
3165
3227
3180
3277
3206
3252
3254
3182
3239
3203
3197
3179
3263
3110
3177
3234
3149
3087
3244
3118
3142
3245
3222
3193
3182
3216
3070
3248
3082
3116
3107
3134
3128
3064
3103
3103
3084
3077
3018
3145
3121
3073
3073
3084
3212
3087
3171
3041
3052
3055
3058
3105
3088
3025
3074
3014
3125
3022
3061
2991
3105
3125
3154
2970
3069
3122
3079
3042
3063
3024
2969
2990
2967
3029
3097
3101
2903
3054
3023
3065
3150
3068
2902
3056
2980
3065
3000
2953
3036
2924
2989
3086
3050
3094
3041
2989
2978
2933
2916
2944
3024
3051
2963
3008
2967
2980
2945
3015
2950
2965
2952
2827
2999
3039
2961
3043
3006
2915
2968
3011
2915
2862
2960
3045
2998
2907
2876
3036
2950
2968
2978
2919
2952
2871
2986
2908
2929
2908
2901
2925
2939
2978
3001
2965
2905
2896
3043
2983
2852
2892
2921
2898
2997
2939
2949
2869
2940
2971
3046
2849
2898
2875
2901
3041
2896
2831
2975
2803
2869
2962
2963
2927
2927
2914
2946
2955
2913
2891
2902
2897
2874
2927
2895
2863
2883
2921
2795
2905
2864
2808
2831
2896
2824
2921
2827
2810
2958
2948
2943
2837
2847
2860
2944
2784
2829
2863
2923
2801
2853
2886
2929
2857
2829
2826
2841
2961
2762
2824
2972
2794
2777
2824
2890
2888
2848
2896
2824
2862
2840
2772
2878
2775
2824
2897
2795
2796
2804
2831
2868
2786
2767
2815
2776
2888
2829
2821
2786
2712
2740
2782
2826
2873
2811
2858
2872
2839
2834
2779
2849
2871
2866
2810
2665
2768
2750
2900
2796
2791
2845
2872
2805
2846
2826
2749
2834
2734
2745
2848
2793
2725
2835
2789
2852
2735
2827
2722
2749
2804
2699
2825
2816
2765
2803
2736
2808
2850
2841
2840
2746
2741
2763
2820
2683
2792
2734
2714
2824
2715
2849
2792
2769
2790
2830
2816
3004
2834
2931
2909
2996
3010
3104
3027
3210
3262
3241
3221
3306
3454
3461
3546
3518
3658
3693
3697
3820
3670
3846
3823
4038
3927
4014
4004
4109
4110
4190
4181
4184
4175
4297
4183
4225
4187
4160
4336
4348
4148
4256
4218
4165
4253
4255
4307
4177
4259
4242
4267
4214
4170
4208
4284
4127
4190
4236
4323
4152
4247
4389
4274
4400
4358
4397
4425
4667
4829
4970
5254
5533
5889
6403
6554
7407
7787
8342
8753
9210
9428
9733
9698
9525
9457
9132
8915
8597
8075
7861
7435
7038
6876
6523
6247
5898
5607
5383
5182
4935
4740
4500
4376
4188
4071
3857
3737
3554
3444
3412
3192
3201
3062
3059
2970
2934
2839
2800
2831
2734
2649
2739
2670
2510
2641
2529
2543
2551
2546
2574
2580
2435
2548
2487
2521
2432
2466
2438
2393
2387
2407
2420
2395
2412
2383
2486
2419
2359
2463
2442
2443
2431
2490
2414
2350
2397
2392
2379
2409
2494
2359
2418
2366
2385
2437
2357
2408
2425
2473
2457
2374
2424
2464
2478
2498
2483
2383
2401
2425
2319
2475
2416
2392
2433
2386
2457
2350
2406
2356
2341
2513
2411
2371
2423
2386
2506
2321
2459
2459
2368
2354
2379
2382
2408
2335
2377
2436
2341
2438
2364
2469
2404
2433
2444
2415
2334
2492
2396
2329
2506
2387
2388
2442
2319
2397
2453
2442
2439
2441
2344
2386
2373
2397
2429
2437
2327
2454
2422
2450
2399
2450
2413
2495
2319
2339
2423
2319
2408
2473
2431
2465
2336
2311
2430
2307
2416
2497
2435
2470
2443
2466
2403
2389
2461
2443
2506
2422
2488
2488
2436
2541
2533
2614
2643
2687
2864
2869
2913
3006
3116
3330
3270
3428
3519
3666
3773
3909
4121
4266
4386
4374
4603
4654
4814
4949
5108
5094
5166
5413
5558
5564
5519
5656
5702
5773
5928
5816
6030
6005
6050
6072
6010
6158
6201
6176
6029
6057
6315
6103
6040
6188
6166
6121
6161
6154
6193
6036
5998
6166
6151
6241
5982
6077
6133
6141
6201
6319
6472
6470
6659
6932
7101
7296
8024
8490
9104
9964
10823
11771
12998
14138
15329
16486
17368
18005
18386
18453
18642
18714
18275
17444
16922
15901
15413
14428
13845
13070
12447
11612
11010
10205
9556
8985
8474
7863
7307
6886
6342
5949
5726
5201
4812
4595
4262
4031
3866
3599
3516
3245
3111
2942
2800
2755
2640
2504
2479
2313
2299
2219
2222
2062
2168
2077
2084
1934
1926
1960
1861
1870
1879
1894
1845
1778
1854
1786
1900
1782
1901
1780
1761
1840
1711
1818
1851
1741
1834
1781
1822
1751
1762
1807
1822
1783
1748
1774
1710
1820
1739
1832
1762
1738
1851
1788
1708
1743
1809
1788
1731
1721
1731
1716
1713
1767
1788
1731
1731
1730
1740
1708
1800
1749
1766
1758
1805
1784
1635
1747
1747
1705
1664
1729
1733
1658
1715
1802
1760
1705
1779
1804
1776
1739
1690
1736
1714
1677
1706
1572
1700
1696
1703
1762
1747
1748
1752
1791
1742
1703
1816
1716
1699
1768
1707
1796
1723
1666
1741
1730
1658
1639
1751
1704
1743
1725
1689
1647
1645
1736
1743
1689
1707
1742
1697
1708
1708
1699
1657
1600
1671
1688
1708
1715
1719
1710
1627
1647
1725
1658
1710
1692
1654
1667
1776
1673
1704
1715
1703
1749
1694
1702
1678
1693
1738
1655
1687
1759
1732
1737
1690
1702
1660
1719
1743
1678
1623
1734
1694
1654
1582
1714
1764
1708
1689
1704
1677
1666
1664
1748
1704
1610
1614
1655
1697
1678
1640
1733
1746
1704
1728
1681
1693
1652
1695
1657
1665
1655
1639
1641
1672
1649
1697
1671
1661
1688
1694
1664
1650
1715
1710
1654
1740
1659
1657
1697
1647
1722
1706
1769
1706
1738
1649
1728
1659
1698
1715
1653
1653
1760
1673
1765
1720
1664
1726
1668
1608
1645
1682
1742
1720
1660
1698
1663
1760
1704
1687
1732
1652
1726
1683
1658
1694
1676
1717
1736
1720
1682
1706
1723
1681
1698
1743
1641
1691
1675
1647
1662
1693
1693
1623
1681
1717
1671
1651
1691
1634
1647
1633
1664
1623
1698
1718
1626
1598
1651
1618
1709
1715
1679
1656
1599
1706
1686
1684
1759
1691
1705
1625
1686
1689
1655
1735
1721
1640
1654
1665
1701
1699
1689
1689
1702
1688
1671
1673
1683
1710
1715
1666
1723
1661
1621
1717
1672
1691
1774
1657
1681
1632
1654
1712
1695
1708
1662
1677
1675
1669
1640
1753
1721
1690
1687
1619
1687
1730
1627
1717
1697
1615
1740
1643
1643
1677
1674
1706
1652
1646
1713
1734
1666
1635
1675
1709
1657
1724
1703
1707
1743
1687
1705
1721
1821
1719
1748
1693
1743
1723
1733
1713
1638
1704
1687
1656
1749
1730
1751
1742
1704
1713
1766
1719
1737
1738
1765
1754
1741
1676
1772
1779
1744
1813
1785
1703
1782
1746
1822
1648
1754
1829
1772
1834
1845
1863
1882
1816
1825
1873
1889
1929
1935
1996
2007
2139
2118
2265
2331
2452
2633
2812
2899
3210
3311
3713
3861
4253
4415
4842
5270
5396
5938
6242
6655
6995
7311
7681
8300
8620
8985
9233
9621
10139
10470
10548
10916
11241
11379
11568
12210
12229
12314
12489
12808
12653
13165
13243
13106
13352
13522
13608
13652
13738
13765
13841
13557
13724
13859
13682
13753
13669
13967
13785
13640
13497
13904
13558
13843
13821
13879
14260
14295
14628
14832
15146
15715
16333
16970
18083
19127
20801
22561
24883
26901
29607
32149
35254
37932
40470
42639
44860
46439
47532
47848
47714
47235
46257
44671
43043
41325
39381
37621
35699
33352
31524
29750
27903
25832
24271
22468
20394
19188
17487
16063
14416
13298
12255
11034
9958
8988
8249
7561
6754
6080
5665
5014
4596
4088
3763
3319
2961
2685
2465
2205
1940
1829
1622
1532
1369
1242
1191
1108
1002
947
870
843
805
766
692
677
704
624
608
556
541
537
476
470
441
442
469
422
433
423
394
373
409
387
382
433
406
378
313
396
365
361
375
388
356
348
359
378
319
347
304
369
343
342
332
337
320
338
337
337
322
332
331
356
334
290
345
338
324
335
348
333
343
352
315
334
353
324
306
314
345
329
331
328
333
300
308
323
340
304
335
335
307
348
306
325
322
322
309
329
343
344
341
335
325
305
326
331
303
309
302
323
308
323
299
341
307
324
280
318
340
334
320
318
317
336
320
311
322
312
331
310
331
283
327
287
324
356
327
345
344
322
298
307
319
369
297
336
308
355
311
303
361
330
315
343
368
364
342
389
358
362
390
445
440
484
517
535
618
605
635
684
747
824
707
847
866
1001
959
1032
1053
1113
1264
1262
1366
1326
1372
1473
1473
1555
1691
1583
1637
1653
1724
1794
1716
1802
1852
1819
1754
1850
1914
1948
1985
1893
1893
1959
1920
1868
1963
1949
1966
1985
1946
1867
1962
1903
1915
2013
1908
1947
1985
2011
2046
1962
1974
2063
2260
2162
2314
2345
2507
2634
2868
3078
3200
3594
3818
4170
4403
4837
5230
5564
5833
6007
6049
6277
6348
6281
6380
6136
5920
5715
5557
5330
4977
4823
4495
4297
4085
3783
3430
3273
3043
2873
2665
2490
2151
2041
1936
1750
1610
1412
1375
1221
1123
1074
926
838
803
720
646
582
540
512
418
418
412
340
289
291
240
272
225
205
228
253
208
193
163
198
182
195
161
168
164
164
173
135
158
152
158
139
144
121
139
136
140
120
125
128
121
127
119
117
134
133
129
114
112
107
122
123
121
122
133
103
114
129
127
104
124
102
107
117
111
118
119
112
105
114
135
121
95
105
100
109
116
124
109
121
100
108
112
115
99
114
99
127
113
117
109
105
105
117
127
114
109
97
109
134
116
123
115
126
108
101
110
121
115
117
112
129
109
116
117
106
93
112
86
118
112
111
83
121
124
119
108
102
112
121
97
114
102
100
98
104
102
106
125
118
115
109
105
100
91
103
97
103
111
109
106
98
100
99
78
117
123
94
124
115
102
94
98
109
97
112
121
102
93
101
102
97
105
97
101
90
110
92
100
100
114
97
103
105
106
88
92
100
96
96
102
98
101
96
96
92
110
106
107
108
106
115
99
93
106
92
85
96
88
100
121
94
109
89
114
95
90
105
105
90
104
99
92
92
119
110
101
97
95
105
95
125
104
94
105
78
103
87
87
102
95
99
108
99
105
97
108
117
94
99
98
112
86
84
110
106
87
98
90
80
84
88
90
97
83
105
95
98
87
90
93
89
97
88
97
89
89
89
85
96
91
87
82
94
101
101
106
103
112
95
96
93
90
73
94
88
85
95
102
76
97
113
89
108
97
96
78
89
85
91
95
98
93
73
92
91
93
113
91
98
79
100
93
105
84
83
78
84
85
79
84
98
94
80
108
99
92
72
110
92
90
84
106
92
96
91
82
64
104
97
86
83
100
94
97
70
69
98
81
84
84
81
91
100
96
101
93
86
107
105
88
77
89
77
81
93
79
115
95
87
96
92
94
85
86
83
85
95
89
73
92
99
74
97
73
81
80
84
98
73
71
80
85
94
84
94
84
91
96
82
85
83
91
86
89
76
101
101
110
87
81
92
107
94
85
88
81
87
80
83
88
88
81
74
89
93
90
94
84
91
90
84
101
99
79
91
76
86
86
79
95
81
92
89
90
73
111
94
89
101
69
91
80
80
65
77
88
88
81
89
85
85
94
97
79
83
82
78
64
86
82
69
91
95
86
78
99
93
77
73
81
63
87
76
91
93
75
76
85
66
72
81
75
73
72
102
77
86
88
76
74
86
77
76
70
67
88
81
86
74
83
80
85
81
91
74
105
79
72
69
91
77
64
79
70
80
79
77
89
93
84
88
71
71
75
79
79
81
79
79
86
83
61
82
75
73
76
79
68
83
78
71
74
78
76
73
79
70
76
95
86
77
71
71
52
66
86
68
87
65
74
81
76
95
71
71
62
60
76
79
77
76
100
78
76
72
95
59
81
75
61
67
70
68
72
74
82
79
84
69
65
61
75
70
74
78
68
70
67
78
76
80
70
74
67
75
72
67
70
82
71
75
87
77
77
83
79
63
89
52
63
71
66
84
69
76
82
65
73
82
72
72
64
76
75
78
82
67
69
88
86
70
75
70
81
59
67
56
78
71
75
74
73
62
63
69
77
78
57
78
68
69
78
81
63
69
65
61
75
78
59
75
82
73
58
69
70
64
77
68
71
83
63
62
70
65
80
61
61
58
76
56
69
85
68
66
60
79
60
58
73
55
72
61
61
71
78
69
80
76
57
67
81
78
60
59
73
67
71
65
61
73
73
58
59
67
72
67
63
64
73
79
67
78
75
67
62
62
74
64
65
64
52
83
78
64
67
70
71
55
57
54
61
65
60
56
73
71
71
69
73
70
61
66
66
58
54
79
78
69
67
60
51
73
72
69
78
58
52
61
57
73
60
72
63
75
62
74
80
78
66
59
68
73
61
65
65
70
75
56
60
60
63
63
66
45
82
77
63
74
70
59
66
66
58
62
65
46
62
54
63
67
72
79
64
56
71
67
72
72
49
57
66
77
65
75
56
48
64
49
61
72
66
67
69
60
55
73
59
74
54
68
59
51
62
63
60
69
55
62
53
54
58
59
49
67
60
66
74
70
66
68
57
76
50
77
64
66
63
55
64
59
63
65
64
62
58
81
64
57
59
57
46
55
37
52
75
49
56
58
53
74
59
53
45
61
60
47
58
64
47
57
59
56
54
55
58
47
73
66
56
61
67
61
61
51
58
58
60
62
49
55
58
60
61
60
51
64
65
57
55
74
63
49
44
72
55
59
74
59
53
58
63
69
50
52
52
71
69
50
51
57
51
40
61
69
55
52
60
53
53
50
53
53
47
66
69
79
61
57
51
85
46
69
47
49
64
67
61
59
53
49
69
48
44
43
67
43
48
56
59
70
59
50
53
53
68
57
67
55
50
59
57
51
48
38
49
62
56
45
53
65
56
67
55
50
49
55
62
46
69
51
43
57
70
51
74
54
52
67
48
73
54
48
40
53
59
48
41
69
53
61
51
56
42
49
62
54
55
54
55
41
50
59
39
38
57
54
47
46
44
56
49
52
46
52
43
41
42
64
54
49
48
63
46
50
54
57
50
48
49
50
49
64
43
43
55
41
39
52
48
49
50
39
55
52
39
55
55
62
51
55
53
49
45
44
55
56
47
43
52
43
39
64
65
47
55
53
51
52
46
41
49
58
56
54
50
45
54
49
65
44
48
52
55
46
57
57
56
43
56
51
54
45
50
47
49
54
59
53
51
54
57
58
59
62
51
50
55
42
54
66
42
44
53
51
58
44
56
55
45
52
49
61
56
47
52
45
59
48
41
45
49
54
46
55
43
50
51
52
55
39
60
58
59
50
52
53
54
43
55
44
43
69
42
51
47
63
63
53
55
47
45
56
51
45
63
63
57
65
54
56
55
57
46
54
62
47
46
52
55
49
44
55
67
47
52
57
66
53
48
74
68
67
55
63
51
66
64
67
57
58
65
54
55
49
72
48
53
60
59
56
63
50
71
55
50
47
60
48
76
61
58
60
49
46
64
46
51
40
52
44
56
45
55
57
57
52
51
46
50
42
52
49
53
53
37
43
62
32
39
43
33
37
50
46
53
41
46
41
45
48
30
41
42
41
41
59
49
41
27
48
45
50
40
51
47
45
39
40
43
38
40
42
54
54
46
55
48
39
38
24
53
35
36
58
46
44
51
47
50
42
60
36
44
59
47
44
31
41
45
47
48
61
48
34
43
41
43
50
40
44
46
30
46
36
32
45
51
44
46
36
47
41
50
53
40
35
41
41
42
33
36
40
57
41
39
40
37
39
32
44
28
43
34
37
39
46
32
46
40
47
46
45
54
42
41
45
49
39
39
44
39
41
40
53
34
33
37
33
43
45
30
34
37
45
42
50
32
30
47
31
34
41
29
57
25
48
44
35
38
52
50
34
46
30
52
34
44
46
52
47
29
57
49
48
50
37
37
45
39
35
40
36
32
37
34
38
49
44
53
49
37
40
32
48
35
29
44
30
35
39
40
46
42
44
35
37
26
31
45
35
42
45
33
42
34
42
40
28
23
45
25
39
35
42
27
34
38
39
31
36
40
34
44
44
42
29
41
41
31
36
28
41
39
48
46
32
44
32
32
29
32
41
42
29
39
39
26
34
42
30
35
35
38
44
32
30
42
42
43
32
37
37
36
44
43
37
43
28
35
46
26
39
56
31
41
33
40
35
31
29
38
33
35
36
46
30
31
33
30
32
29
24
26
36
38
27
37
41
33
33
38
39
43
35
32
35
33
36
38
37
43
33
44
35
43
27
31
31
38
19
40
32
39
39
32
34
28
43
33
41
30
34
37
30
17
30
33
33
31
29
31
41
36
34
30
34
37
37
32
35
35
36
48
42
35
30
36
37
37
28
33
30
30
33
35
29
30
35
45
33
28
36
36
31
28
37
33
38
21
39
40
30
38
29
29
33
30
34
40
34
32
26
37
28
40
31
30
29
29
24
26
26
28
27
26
32
26
36
38
35
26
38
29
34
24
37
46
38
33
29
42
35
38
34
29
30
36
43
39
26
28
34
32
20
33
28
42
32
40
32
29
29
30
29
44
33
27
28
21
30
30
40
27
28
38
30
36
25
25
24
29
39
27
31
32
36
33
27
36
37
33
32
26
28
29
30
38
30
34
35
20
25
29
27
25
30
25
33
25
29
33
30
17
29
37
36
33
31
24
40
33
31
31
25
27
31
29
30
26
30
25
22
25
35
47
29
31
29
38
26
34
37
35
30
31
29
34
25
27
23
32
26
31
43
22
33
23
19
40
27
27
30
34
30
33
30
29
21
21
31
37
29
28
26
30
27
42
28
32
31
28
15
27
29
27
26
26
27
41
23
34
30
34
21
36
23
33
26
28
34
30
31
31
29
34
33
25
32
19
35
41
27
27
33
21
34
25
31
25
22
29
33
28
31
40
23
33
26
24
23
33
25
44
23
25
27
25
29
19
20
26
33
28
35
27
24
44
25
29
39
30
35
34
39
20
32
29
29
39
32
25
35
24
32
35
33
35
32
28
47
26
31
40
22
20
31
30
23
45
22
37
30
25
26
35
43
32
24
24
40
33
42
34
35
24
37
36
35
35
33
27
22
41
30
31
33
33
39
41
31
39
32
39
27
45
42
45
34
44
39
34
38
39
37
41
40
44
39
38
39
33
34
40
44
28
41
32
30
42
28
39
41
29
24
33
27
29
23
37
28
29
24
23
30
26
27
25
20
28
31
29
25
30
22
24
20
23
27
21
25
31
30
21
30
18
26
30
25
23
22
28
20
19
20
21
22
21
24
33
27
24
26
22
16
17
23
25
20
28
15
32
26
25
23
24
20
36
27
22
34
32
23
31
23
20
34
21
25
31
22
29
26
20
24
32
28
20
21
25
27
17
28
16
28
18
28
28
22
14
17
34
25
35
22
19
18
24
20
25
21
26
20
29
23
23
21
23
25
23
28
32
29
19
20
18
24
25
13
26
23
27
19
19
21
30
31
16
31
24
24
25
26
14
30
32
27
22
28
29
20
20
20
23
19
23
22
23
26
24
27
25
26
30
26
23
23
27
31
30
19
22
24
36
32
21
27
31
35
20
32
33
29
24
30
28
28
26
26
20
43
36
33
26
25
29
29
34
26
40
36
29
35
32
35
43
36
32
29
45
35
35
40
33
35
35
45
36
44
37
36
41
37
36
31
30
36
26
38
38
45
35
32
33
39
32
37
48
33
40
29
40
26
43
47
53
42
43
44
37
51
59
44
39
44
41
39
48
44
42
35
51
31
45
50
41
34
30
33
43
34
39
35
29
36
23
34
29
28
29
27
29
34
25
25
30
23
22
28
21
23
20
25
24
21
25
29
27
26
16
25
25
19
19
16
27
24
24
25
25
19
18
19
20
19
25
15
28
12
25
19
17
22
20
18
22
25
11
19
11
15
13
20
21
19
23
20
18
20
20
21
20
29
18
23
27
19
25
14
16
16
24
22
18
21
22
24
14
19
26
23
20
13
20
20
19
22
15
22
20
17
18
20
17
19
27
13
17
21
15
15
17
20
17
18
23
20
17
6
20
17
19
21
16
30
15
17
19
24
11
18
22
17
14
15
23
19
17
15
15
24
21
13
18
22
20
19
22
23
14
26
17
20
24
22
20
24
20
23
15
21
26
20
18
11
23
20
17
19
14
26
19
16
11
22
19
25
26
12
27
20
20
26
20
21
8
21
17
16
17
22
20
18
14
15
29
20
20
22
21
18
23
17
27
19
17
15
17
19
16
17
18
19
25
16
22
16
21
22
20
29
16
17
21
18
27
18
25
20
18
18
14
21
20
19
19
17
23
15
21
21
14
28
21
20
19
13
18
12
15
22
21
18
22
18
17
28
12
15
18
18
13
23
13
17
16
23
18
15
8
19
13
16
15
14
17
17
15
12
16
18
15
19
21
18
20
15
13
18
20
23
23
17
15
21
14
22
14
8
18
21
17
20
16
22
16
14
22
9
14
18
15
20
18
24
16
21
18
14
14
24
19
15
23
21
19
18
13
18
20
18
15
15
14
12
19
13
13
14
16
24
16
17
19
14
25
15
22
15
17
15
23
21
14
21
17
22
20
19
19
28
9
17
20
21
24
23
13
12
19
14
15
13
13
11
22
16
15
17
20
25
24
25
22
20
16
15
14
21
10
15
17
8
24
22
18
18
14
20
11
23
17
15
22
15
9
20
18
15
11
19
12
18
15
18
14
15
19
18
23
16
17
18
11
15
19
19
15
20
16
24
14
14
23
25
14
22
19
23
11
19
21
17
17
15
22
17
17
14
23
19
19
17
19
18
24
19
21
17
12
15
11
11
14
18
17
11
16
18
14
16
18
18
17
15
16
24
19
24
15
15
17
21
15
28
18
14
26
18
12
17
18
24
12
11
16
16
19
22
18
25
9
16
16
21
23
16
15
15
10
20
17
19
15
14
13
11
19
13
14
11
14
17
20
15
9
14
16
15
15
13
14
12
11
14
15
9
17
13
17
15
14
16
13
28
11
15
17
18
14
17
23
14
17
10
12
14
6
12
14
11
6
25
12
9
16
17
19
16
18
9
10
15
16
17
11
9
3
18
17
14
9
14
14
9
14
7
9
15
19
15
24
8
23
13
13
22
12
16
16
19
20
22
12
12
15
18
16
9
13
16
11
13
9
12
16
13
17
10
13
14
17
14
10
7
7
12
11
17
11
11
11
13
8
12
13
11
15
9
13
11
14
9
10
9
10
17
17
19
13
14
13
8
11
7
12
20
11
14
13
16
9
15
16
14
13
14
21
12
5
12
10
7
18
16
10
15
15
11
10
16
18
7
12
10
8
18
20
18
10
12
11
18
10
12
15
12
12
13
13
10
9
12
14
8
10
13
12
9
10
8
11
4
10
7
12
14
11
6
9
8
15
6
11
13
3
3
10
12
12
12
14
15
14
16
12
13
14
11
23
12
13
7
13
11
13
12
14
7
14
7
8
18
12
13
9
6
17
6
12
14
8
14
16
14
10
10
20
10
8
12
16
24
14
12
7
15
16
15
9
23
13
7
16
8
11
12
8
11
16
16
14
14
11
15
11
13
18
9
18
6
15
13
13
17
12
10
22
15
12
8
13
17
8
11
8
17
20
10
11
8
4
16
13
16
12
21
12
12
16
12
15
11
16
11
15
13
9
5
18
4
9
10
7
14
9
16
10
14
10
7
7
12
11
17
16
10
14
12
11
14
13
10
10
10
6
7
11
13
13
15
11
12
14
13
14
14
16
8
12
11
13
10
9
14
18
10
18
15
14
17
8
9
15
11
14
19
9
12
16
16
10
10
11
15
12
11
15
19
8
11
13
14
14
17
14
11
20
16
16
10
9
10
8
21
15
16
15
5
10
12
11
8
12
12
18
10
15
18
11
14
20
10
14
15
9
12
10
14
9
13
15
12
14
9
17
12
11
10
8
13
7
17
20
16
17
14
10
13
12
22
13
19
8
10
7
16
13
11
13
10
12
21
12
11
15
18
14
14
18
21
20
16
15
16
16
15
13
17
17
20
10
23
22
12
7
23
21
16
17
7
14
12
18
10
14
13
9
10
12
11
12
16
19
12
11
17
14
10
10
14
8
15
14
7
11
22
13
13
8
7
9
11
12
11
15
21
9
14
18
11
20
11
13
4
9
12
9
7
12
17
10
7
12
12
10
12
9
6
7
12
15
12
10
13
9
9
4
6
10
5
11
7
12
7
5
6
12
9
6
11
9
7
4
8
9
14
6
10
10
4
13
6
9
5
3
9
10
14
6
8
7
4
6
9
10
7
3
8
8
9
10
13
4
5
11
10
9
7
7
6
6
9
10
6
13
8
8
11
5
11
8
6
6
8
6
10
5
5
9
9
13
10
7
5
9
10
8
6
11
7
6
11
6
10
12
14
14
13
11
15
11
7
4
7
8
5
8
10
11
10
10
12
4
13
14
15
10
13
9
10
5
8
15
14
14
11
9
14
10
16
13
13
7
15
11
12
15
12
10
5
7
13
12
9
10
5
9
9
9
11
11
7
11
9
8
11
6
5
13
10
10
10
13
6
10
13
9
3
10
11
8
6
5
5
7
7
9
7
10
7
9
10
8
12
7
15
4
9
10
9
5
6
6
12
8
7
11
4
13
12
12
9
15
10
16
12
5
8
11
6
8
15
5
10
11
8
10
5
12
4
9
11
3
8
9
6
5
8
8
6
1
9
12
4
8
9
12
10
13
12
6
8
1
10
9
11
6
11
8
5
7
10
7
16
10
7
12
9
7
9
11
8
11
5
8
4
3
8
14
12
9
11
9
5
4
6
6
2
9
8
9
2
2
11
11
3
7
11
6
8
8
5
7
10
7
6
9
8
6
11
2
3
9
3
6
5
5
4
8
7
4
8
3
5
11
10
7
8
10
6
7
4
9
7
10
7
9
10
6
8
8
9
2
4
6
6
6
8
3
9
7
10
8
13
8
3
3
5
4
8
5
5
6
2
5
10
3
11
7
8
6
8
6
4
8
2
7
5
5
6
7
7
7
5
6
9
7
7
9
5
8
6
7
12
3
10
4
5
10
6
7
10
6
12
4
6
5
5
3
4
5
6
9
13
10
4
6
9
9
7
10
5
6
8
5
1
7
9
5
10
3
12
4
9
4
13
10
6
6
11
7
6
6
8
7
6
8
3
6
6
3
11
6
8
15
8
7
3
10
10
7
9
7
6
4
7
6
7
7
6
8
3
11
12
4
8
6
4
3
6
6
13
4
4
10
2
9
4
9
5
8
7
5
15
7
8
10
9
8
7
7
8
8
3
9
12
9
7
3
13
8
14
9
8
8
2
8
10
7
5
9
6
7
7
6
8
10
13
4
8
11
10
5
5
5
2
3
7
8
8
7
10
6
10
13
4
7
2
6
4
13
11
6
8
10
8
11
8
13
7
3
9
4
10
11
8
9
17
4
13
4
12
10
8
6
7
11
11
6
10
9
8
7
8
16
11
14
7
13
8
9
6
7
8
7
14
10
1
2
6
6
6
4
10
4
9
8
4
8
2
10
5
5
10
10
7
10
4
10
5
11
6
10
6
9
6
5
9
9
6
5
4
8
8
7
6
8
9
6
5
2
7
7
3
12
6
9
8
8
5
9
7
5
6
9
8
5
6
3
9
8
11
8
6
11
5
3
8
8
10
6
6
7
6
7
4
1
8
6
8
5
8
9
13
6
4
9
3
7
5
9
13
6
5
10
7
7
6
8
8
8
6
3
3
8
6
8
6
4
8
7
3
3
4
5
10
9
6
6
3
5
6
5
8
6
3
6
3
9
11
5
8
10
5
9
7
9
4
7
5
6
5
4
4
6
8
2
5
7
12
8
8
5
9
6
9
2
8
3
4
4
4
3
12
3
3
6
9
7
9
8
3
13
4
6
10
7
8
11
6
5
5
11
10
7
4
4
10
11
8
6
11
7
9
6
7
6
6
8
7
11
6
3
7
9
3
4
3
5
4
3
11
7
8
12
10
7
8
7
9
2
9
8
11
10
2
3
10
7
5
9
4
3
11
4
9
12
2
9
10
6
8
4
10
9
8
5
10
4
9
8
7
6
5
8
10
12
6
10
11
9
8
6
9
5
3
3
8
9
9
5
4
7
6
4
5
8
10
2
7
3
3
11
3
12
7
4
7
3
3
9
5
7
6
3
9
11
9
7
8
6
9
7
7
7
5
2
4
10
6
11
1
5
9
9
8
3
5
5
11
8
8
13
5
8
8
6
7
5
3
4
6
4
10
5
4
7
6
5
8
7
5
6
8
7
4
5
5
6
6
5
4
7
7
6
8
4
3
4
0
7
5
4
5
8
7
8
6
3
3
6
10
10
2
9
4
5
11
6
5
6
6
9
11
6
5
6
5
6
6
10
7
5
7
5
4
7
10
5
8
5
4
7
4
7
5
6
4
7
6
6
8
6
4
6
7
10
6
5
6
4
11
7
6
8
9
6
4
3
3
10
4
8
4
2
6
2
2
4
4
3
7
6
6
7
6
4
5
3
5
5
7
6
6
4
6
3
1
3
2
7
4
7
4
4
4
7
9
3
6
3
3
5
5
7
6
5
7
5
9
4
2
5
5
4
5
9
5
6
5
4
1
6
4
8
5
5
5
5
4
6
7
7
1
4
9
8
5
12
6
4
3
4
6
8
9
7
3
5
6
9
11
4
3
2
8
10
7
6
4
14
5
8
6
6
7
4
2
5
5
7
5
4
3
7
6
5
5
3
3
6
8
5
2
5
7
6
2
8
2
1
8
5
2
7
4
8
3
6
6
4
6
4
5
2
6
5
3
7
7
3
4
5
8
8
6
8
4
4
5
7
10
3
3
8
8
6
6
2
4
8
7
6
8
7
5
3
2
7
5
4
7
3
4
5
11
5
2
6
9
5
11
5
3
5
7
10
10
7
1
5
5
6
10
6
6
5
1
9
9
3
6
4
10
6
4
6
6
3
7
4
5
3
5
9
4
3
6
4
4
5
8
4
8
5
7
2
7
4
6
3
4
9
6
6
10
6
4
3
10
6
4
6
5
4
5
2
5
10
3
4
5
9
9
7
9
10
7
9
8
7
6
7
6
8
7
4
7
3
5
5
0
4
5
7
4
7
5
8
6
2
5
2
4
6
3
7
9
3
5
5
10
6
8
7
8
10
9
6
6
4
7
6
3
4
9
6
4
4
6
8
6
4
4
5
5
5
4
6
2
7
9
9
7
3
6
8
5
4
6
10
6
6
9
9
4
6
6
3
7
10
5
5
7
9
4
4
4
5
3
5
3
2
6
9
4
6
7
3
8
7
7
10
9
3
3
4
6
4
5
7
1
7
11
2
6
5
4
4
7
6
4
6
6
4
2
5
6
3
0
5
7
2
4
8
6
6
2
6
5
4
6
7
4
4
6
8
2
4
6
5
7
8
7
7
4
9
6
3
7
6
2
9
1
6
3
5
6
5
4
7
3
11
5
9
2
3
4
4
4
2
2
5
8
4
8
3
8
3
4
5
9
6
3
6
5
4
5
6
0
3
3
7
3
2
12
5
6
2
7
6
4
4
8
3
9
6
6
6
7
4
5
9
4
10
7
2
4
5
2
5
5
5
3
2
4
13
6
7
6
7
3
6
4
4
6
6
8
11
6
2
5
5
9
5
2
3
4
10
5
3
4
2
3
1
3
3
5
3
7
2
4
5
3
2
7
5
4
2
4
5
2
4
5
4
8
3
7
6
5
6
7
3
7
3
5
4
4
3
4
7
6
3
7
4
3
2
7
7
9
5
5
6
2
8
3
4
10
6
5
7
4
3
7
5
3
6
6
5
3
2
3
7
7
3
7
5
10
5
6
7
7
2
5
4
6
8
1
2
6
7
5
3
5
4
4
8
4
9
3
4
5
4
3
6
3
3
2
5
6
7
5
3
5
5
4
6
8
4
5
6
7
7
2
5
9
4
7
5
2
7
6
6
5
2
6
6
5
4
2
6
4
5
7
5
6
6
4
4
4
5
3
4
4
6
4
2
3
5
3
5
5
2
5
5
4
6
7
3
3
6
2
2
8
7
6
8
8
6
5
3
7
2
3
2
6
4
4
2
5
8
5
2
5
2
1
4
4
5
7
4
6
3
3
3
6
5
5
8
2
6
5
5
6
6
8
6
6
3
3
3
9
8
4
5
2
8
4
3
3
0
6
6
4
6
5
5
8
4
2
6
6
4
3
4
3
6
5
3
5
6
3
7
4
4
12
8
4
5
8
1
2
5
8
5
7
7
2
7
2
8
2
7
3
6
3
3
5
5
8
9
3
5
4
3
4
1
5
4
4
7
10
5
4
5
5
2
4
6
5
2
5
9
4
3
3
7
6
4
7
6
3
10
5
5
5
5
6
1
2
7
13
2
5
5
5
5
2
7
3
4
3
7
7
3
5
4
6
1
3
4
0
6
7
6
3
5
5
10
7
4
5
5
3
5
6
3
6
9
1
4
4
4
4
3
5
5
8
6
6
5
8
6
2
2
5
4
6
9
5
4
3
5
2
5
8
9
7
8
2
1
5
3
7
1
2
5
4
3
5
4
9
1
3
5
5
1
3
5
6
7
2
3
5
4
6
6
10
2
6
4
8
3
13
6
4
3
3
7
7
5
6
6
10
17
5
7
8
6
5
8
11
16
8
3
6
7
4
11
9
5
5
2
11
9
9
6
3
6
4
7
7
5
9
5
9
9
9
8
9
8
10
12
7
12
10
11
11
9
10
7
13
7
11
10
6
9
15
12
18
8
9
8
3
6
8
12
9
12
13
12
4
14
5
12
7
11
13
4
5
5
5
14
8
7
6
7
8
7
10
6
6
10
7
6
7
2
5
2
7
3
12
13
3
7
8
7
7
4
11
3
6
5
8
2
3
3
10
4
2
3
9
5
7
6
4
1
5
4
5
3
1
6
5
6
4
6
4
6
5
5
2
5
1
3
4
7
6
4
3
4
5
4
6
6
8
5
5
5
4
6
1
4
4
6
8
3
4
5
3
3
7
2
4
3
4
3
1
9
3
2
2
6
5
5
3
4
1
8
6
7
6
4
1
3
8
5
1
5
3
4
5
10
3
4
4
2
4
4
3
8
2
5
5
4
8
4
1
4
4
3
7
1
1
8
5
2
6
4
3
7
3
4
2
2
3
4
5
4
1
4
4
7
3
7
6
8
4
5
2
4
3
4
3
1
2
2
2
6
6
2
5
4
4
2
3
3
2
1
6
7
3
2
6
7
4
2
3
5
4
6
3
3
4
2
4
1
6
3
3
4
7
4
6
5
6
7
2
5
7
5
3
6
4
7
9
4
4
9
0
7
5
3
5
4
3
3
6
3
5
8
7
6
1
2
7
5
3
3
2
5
4
8
3
0
6
4
5
1
5
0
3
5
5
3
6
7
5
2
1
2
5
4
6
2
2
2
5
4
6
3
8
3
2
3
3
1
6
5
2
3
3
3
4
3
4
5
2
3
4
6
7
3
2
4
5
5
2
3
2
0
1
5
4
5
1
4
4
8
4
3
3
2
4
4
4
1
4
2
3
8
2
5
3
5
4
4
3
6
6
2
2
8
3
6
8
10
3
5
8
7
6
4
2
4
2
6
5
5
5
7
2
1
5
6
2
6
4
7
3
4
5
8
5
3
3
6
6
6
7
2
6
6
3
4
3
6
4
3
2
3
4
2
2
4
5
4
1
2
3
4
3
4
5
7
0
2
3
1
2
5
4
3
5
7
0
4
2
3
3
8
6
4
3
5
2
6
1
1
2
0
7
5
4
4
5
2
0
2
2
0
4
5
6
5
1
4
5
7
2
4
8
3
3
2
5
2
4
8
3
7
3
4
1
3
2
4
6
3
2
3
1
2
2
3
5
6
9
5
0
3
2
3
5
1
1
7
4
1
3
7
5
3
8
5
4
10
3
4
3
4
8
0
4
1
10
9
6
5
8
7
8
7
9
8
5
2
2
5
5
4
5
6
5
8
7
3
1
2
4
10
2
9
5
5
4
8
8
4
2
7
4
4
9
3
6
3
6
8
9
7
4
9
6
7
6
3
4
5
11
3
5
9
8
7
5
5
6
4
4
6
9
8
6
14
4
2
5
7
11
11
7
8
6
2
10
5
5
9
7
7
6
5
5
6
4
6
5
7
8
9
6
4
7
6
7
8
6
4
4
3
10
3
3
2
1
1
9
3
3
4
3
6
4
4
4
4
4
8
3
5
5
3
4
1
3
5
3
2
5
2
2
7
5
4
9
4
0
4
2
7
5
4
9
4
3
4
4
7
7
4
3
1
5
6
4
5
4
3
3
1
3
8
2
3
3
3
3
2
6
2
5
4
13
4
3
3
1
1
2
1
4
1
1
1
7
3
1
7
7
2
4
4
1
3
3
4
5
0
5
1
3
1
1
5
2
3
4
8
2
3
3
2
4
4
4
2
5
5
2
2
2
2
6
2
1
4
5
7
0
5
3
2
2
2
7
7
2
2
2
5
2
5
2
2
4
3
4
2
1
6
2
6
4
5
4
2
2
3
3
8
1
4
3
1
3
6
3
2
1
1
2
3
4
3
2
1
3
4
3
3
5
4
3
4
1
3
1
3
4
5
3
3
6
2
9
4
5
3
3
2
5
2
3
5
5
2
8
5
0
3
3
4
3
4
5
2
3
2
5
3
8
3
5
3
3
4
4
7
5
0
6
4
1
4
7
2
3
4
4
2
1
3
4
3
2
3
1
3
1
5
3
6
2
7
1
2
1
6
4
2
4
6
3
3
0
3
3
8
6
2
2
3
5
5
2
3
6
3
4
6
8
3
2
4
5
4
1
3
4
3
3
2
6
4
5
4
1
5
3
3
6
5
1
6
1
7
1
2
2
1
5
2
4
4
5
3
4
8
6
4
3
5
4
1
5
4
3
3
5
3
3
11
2
4
5
3
5
5
3
0
5
2
2
4
4
3
1
2
0
1
6
0
5
6
4
2
3
2
3
0
4
3
7
1
1
2
1
3
2
2
6
3
4
5
4
2
7
4
0
1
1
4
5
4
2
5
4
3
4
5
4
12
2
3
4
5
3
1
0
6
3
3
2
4
2
3
4
4
4
2
7
2
3
6
7
2
4
1
2
0
1
3
2
5
2
2
5
6
2
5
5
4
5
4
5
5
4
3
7
3
1
4
3
3
8
2
6
1
2
3
3
1
1
3
3
2
2
4
4
1
2
1
1
6
0
2
3
1
3
5
2
3
5
3
4
2
3
5
3
1
1
4
3
6
7
5
6
5
2
0
2
5
3
5
5
2
4
2
2
0
1
2
3
1
3
4
5
2
3
3
4
4
3
3
4
3
6
3
4
0
2
2
7
6
2
3
2
5
2
1
3
4
3
6
1
4
2
3
1
3
2
1
3
4
1
0
4
6
0
2
3
4
4
1
4
4
5
5
2
3
1
2
3
4
2
0
7
4
8
3
4
6
2
6
4
2
5
5
0
2
2
2
3
2
3
2
4
5
1
2
2
6
4
1
2
1
3
2
4
4
5
3
1
4
3
0
1
3
7
2
1
8
5
5
2
3
3
3
2
7
5
5
2
2
2
4
2
5
3
3
3
2
2
2
4
3
6
1
3
6
1
1
5
2
5
5
0
2
5
3
3
2
6
4
4
1
2
3
2
1
1
1
5
2
4
4
1
3
5
4
2
1
1
6
2
3
5
3
7
3
3
3
2
2
3
2
5
1
2
3
3
3
2
0
3
5
2
5
1
2
5
8
9
2
3
3
7
3
1
2
2
0
2
3
1
1
3
2
2
5
5
6
5
2
1
3
2
2
3
2
2
4
2
2
2
1
5
4
8
2
4
3
6
2
2
5
2
6
2
8
4
4
0
5
1
5
6
1
3
4
4
4
4
1
2
2
1
6
3
3
2
1
5
5
2
2
4
5
2
3
2
3
4
2
3
1
2
2
1
2
2
2
4
1
2
2
3
6
5
2
2
0
2
5
2
3
3
4
4
2
0
1
1
2
1
4
4
7
5
2
0
4
2
4
2
3
4
3
1
9
3
2
2
4
1
2
3
3
0
6
5
5
4
6
4
1
5
5
6
5
3
5
2
1
4
2
3
3
1
3
1
2
4
1
5
3
4
3
2
2
0
4
4
1
3
4
1
6
0
2
2
6
3
2
5
7
3
2
2
5
3
0
3
3
6
2
2
4
2
2
0
4
2
0
2
1
5
0
1
6
3
7
1
2
1
1
4
1
5
7
1
2
2
1
2
4
1
2
3
3
2
6
2
3
7
6
5
5
5
2
3
4
5
1
2
4
2
5
3
2
1
3
1
3
6
5
1
1
5
3
5
7
4
2
3
4
2
1
4
4
3
2
2
4
1
1
5
4
2
4
3
2
3
5
4
3
0
6
4
1
2
5
2
7
4
4
0
3
7
2
4
4
3
5
5
1
5
1
4
3
4
3
2
3
4
5
3
1
6
3
3
2
4
1
3
1
2
7
5
1
6
3
5
4
1
2
2
1
3
7
2
3
3
5
7
5
2
3
4
5
1
2
4
4
2
5
0
3
4
1
5
2
2
2
3
3
2
3
2
2
3
2
3
5
3
6
4
4
2
3
3
4
2
1
3
2
1
4
0
4
2
1
3
6
5
6
2
5
3
0
5
3
2
0
1
2
3
2
2
1
4
4
2
0
4
4
4
3
1
4
2
5
2
3
2
4
3
1
4
1
3
1
10
7
5
3
3
1
5
1
0
2
0
3
5
3
6
0
4
4
0
3
3
3
5
1
1
3
2
2
3
4
5
1
4
1
3
3
2
3
1
2
5
2
3
1
6
1
3
3
2
1
1
2
1
4
3
2
0
1
1
1
7
3
3
3
1
5
1
1
2
1
1
4
4
3
1
4
1
3
4
2
5
2
3
3
3
4
2
3
1
4
2
2
5
2
2
1
2
2
1
2
2
5
2
2
4
2
3
6
5
7
3
6
2
0
2
2
1
7
3
3
4
3
2
3
2
3
1
6
1
3
2
0
2
2
2
2
0
4
6
4
5
3
2
1
2
4
1
2
1
3
2
4
4
3
5
2
2
3
7
3
4
2
2
2
1
4
3
1
3
4
6
6
2
4
4
2
1
1
4
5
0
2
0
2
2
4
2
4
4
2
3
1
6
0
1
3
1
2
2
5
4
4
1
6
3
2
1
2
6
3
5
1
7
5
4
2
3
3
1
6
3
2
3
0
3
1
4
1
2
5
1
2
6
3
3
5
5
2
0
9
4
3
2
4
3
3
1
1
2
6
4
1
5
5
2
2
3
4
3
7
4
3
3
2
2
0
5
1
7
1
5
2
6
5
6
2
2
0
6
5
5
5
2
3
4
3
4
3
4
2
3
3
5
2
4
0
3
2
6
4
4
6
4
2
3
2
6
1
3
1
2
3
2
3
3
4
3
3
2
3
3
2
1
1
0
4
2
3
4
2
2
2
3
3
4
5
4
5
4
1
6
6
7
2
5
3
1
5
3
5
5
7
1
2
6
5
3
3
3
1
4
3
3
5
4
6
3
2
6
6
2
4
5
9
6
4
6
8
8
7
4
1
10
5
8
7
7
2
3
6
7
4
7
7
5
4
2
6
7
4
2
6
7
7
3
8
7
4
9
8
6
5
7
7
4
3
5
4
5
5
4
3
8
2
1
7
8
3
4
3
4
4
8
4
2
6
6
6
3
1
7
2
2
2
2
3
5
1
8
2
6
3
4
4
4
1
2
4
6
4
2
2
2
1
7
5
3
9
3
2
5
5
1
3
2
3
4
5
3
5
7
4
4
2
4
3
4
3
0
3
2
2
4
5
5
3
3
4
4
3
1
0
8
7
5
0
2
2
4
0
5
0
2
1
3
5
5
3
4
3
6
2
4
3
4
3
0
3
3
0
5
4
2
2
1
2
2
3
2
3
3
4
3
3
1
0
4
2
5
4
5
9
4
3
4
2
0
6
2
1
6
2
1
5
4
4
1
4
2
1
1
3
0
3
0
5
2
2
2
2
2
2
6
4
3
2
3
4
4
6
5
2
3
2
1
3
4
2
1
3
2
3
2
3
4
1
2
1
0
4
2
3
3
3
3
1
6
3
1
2
2
2
3
4
1
5
0
3
3
5
5
1
2
3
5
3
4
3
3
0
3
1
2
2
4
4
0
4
3
3
6
3
4
5
6
4
2
0
5
1
7
1
1
2
6
6
3
5
0
2
3
0
4
2
2
1
3
5
2
4
1
1
2
3
2
3
2
4
1
4
1
5
2
2
4
0
2
7
5
1
4
4
3
4
4
3
2
1
2
2
3
4
2
4
3
3
4
3
5
1
2
4
0
2
7
4
2
1
3
5
4
2
1
1
6
5
2
5
3
3
5
3
8
3
6
5
2
1
2
4
2
1
2
0
1
5
3
4
3
3
3
1
4
3
2
2
3
5
3
4
4
5
0
4
1
2
1
3
3
3
0
1
1
4
0
1
5
3
3
2
6
0
1
0
0
6
3
1
2
6
5
0
0
1
5
4
1
0
0
1
1
2
4
3
2
4
5
1
2
1
4
2
2
1
0
2
1
3
1
3
1
1
0
5
6
2
3
4
3
3
2
3
1
4
4
5
3
1
2
1
0
3
2
6
2
4
7
4
4
3
4
3
1
0
7
2
2
0
1
3
1
3
6
3
1
2
3
6
6
3
0
4
2
5
2
1
1
0
2
2
3
3
2
3
5
3
2
2
2
5
1
4
1
1
2
2
1
3
1
2
2
3
3
6
5
2
2
3
4
2
3
4
2
3
3
4
1
1
4
3
1
4
1
4
1
5
1
5
3
3
3
3
5
1
3
2
0
1
2
1
2
1
3
1
1
2
0
4
2
3
1
4
2
3
1
4
3
2
3
0
4
1
4
4
2
1
3
4
2
2
5
2
1
2
4
4
3
4
3
4
0
4
3
2
2
1
1
6
3
3
4
1
2
1
1
4
0
2
2
1
7
2
3
1
4
4
2
4
2
0
3
2
4
2
3
1
0
5
4
3
4
1
4
3
3
2
2
2
4
2
2
2
6
3
4
3
1
4
2
3
2
0
1
2
4
6
5
3
4
2
3
3
1
5
4
5
4
2
3
2
4
0
4
4
1
2
3
1
3
2
1
2
4
3
2
0
5
1
0
4
4
1
2
7
5
2
3
6
4
2
2
4
7
4
3
1
2
3
3
1
3
2
3
0
4
2
3
2
0
2
1
1
2
2
2
3
4
1
1
4
5
2
3
4
6
2
3
3
0
2
1
2
2
2
5
2
3
0
2
1
3
5
3
1
1
4
1
2
2
1
5
2
1
2
4
1
2
2
4
2
4
3
0
3
4
4
5
2
5
3
3
2
5
3
2
4
3
4
3
3
4
3
3
5
3
2
4
1
3
0
2
2
4
5
2
2
5
0
6
4
2
5
6
2
3
1
1
2
5
2
2
4
1
5
2
3
5
0
2
5
3
5
1
5
4
1
2
2
2
3
5
2
2
0
1
3
0
2
1
3
4
1
1
3
3
2
3
3
3
1
3
1
0
6
5
4
3
5
1
5
6
0
4
2
2
4
2
3
4
4
0
4
4
3
3
2
4
4
3
5
2
6
4
2
0
2
3
3
4
4
4
0
2
1
3
3
3
0
3
6
2
6
7
3
4
2
1
1
2
1
4
3
0
0
4
4
4
8
3
3
1
0
7
3
2
2
2
3
4
3
2
1
2
2
1
1
7
2
2
3
1
2
2
0
3
2
5
1
5
4
5
4
2
0
1
3
3
3
1
6
3
3
2
1
2
3
2
1
3
4
0
1
1
2
3
3
3
4
3
7
3
6
7
1
0
1
2
3
5
2
1
2
4
0
2
3
2
1
2
0
1
2
1
3
3
3
4
4
3
2
4
1
2
3
3
3
2
3
7
1
0
3
2
2
1
4
1
1
3
5
4
0
0
5
2
3
0
5
4
3
8
1
1
4
5
4
2
2
2
2
1
5
1
1
2
6
0
2
1
2
2
3
2
4
0
2
9
1
2
1
2
2
2
1
3
1
3
1
2
2
2
3
2
2
7
6
3
3
5
0
3
0
3
5
2
4
2
1
5
2
1
4
3
5
2
4
3
2
2
3
2
4
3
2
5
4
5
0
3
5
1
4
3
5
4
2
2
4
6
3
1
6
1
4
1
2
2
4
1
2
2
2
2
3
2
0
2
3
2
3
5
5
2
6
2
4
3
6
3
2
6
3
4
0
2
2
2
2
2
3
3
0
2
5
3
6
0
3
2
2
4
3
3
4
3
6
4
5
3
3
1
7
5
3
4
3
3
0
2
4
4
3
3
5
2
3
5
3
4
5
3
2
1
3
0
3
4
0
3
3
3
1
7
3
3
3
3
4
3
4
2
3
4
2
4
0
1
3
3
2
7
3
3
4
2
3
2
4
2
3
3
3
1
3
3
3
2
4
2
5
1
4
4
3
0
2
1
5
2
5
3
0
2
2
2
2
5
4
2
5
5
2
3
3
0
1
1
2
2
3
2
1
2
4
2
0
6
2
4
3
2
6
4
2
3
1
4
4
4
2
0
3
3
3
1
0
1
3
2
4
2
3
0
3
3
2
4
4
2
3
1
1
1
7
2
1
1
3
3
1
5
2
2
3
0
2
0
3
1
2
1
3
0
0
3
4
1
2
2
2
3
4
3
2
3
2
4
0
2
4
3
2
3
2
1
1
3
2
2
2
0
2
4
3
1
1
1
6
2
0
0
1
3
1
1
1
2
0
1
2
0
2
2
2
5
1
3
0
1
1
4
0
0
2
1
3
1
3
0
1
3
2
0
3
4
1
0
1
1
5
1
2
3
0
1
3
0
0
1
3
2
1
1
0
5
0
4
2
3
2
3
2
3
0
2
2
1
2
3
5
2
1
6
2
2
1
2
2
2
4
3
4
0
3
5
0
1
2
4
4
3
2
2
3
2
1
0
1
2
4
2
2
0
1
4
1
3
0
0
0
1
1
3
0
0
1
1
2
2
3
2
5
0
0
1
4
2
3
2
1
3
0
3
1
0
3
3
0
3
2
1
1
2
5
0
4
1
1
0
3
1
3
5
1
4
1
3
0
4
0
0
1
1
3
2
3
2
2
1
2
3
3
2
2
1
1
0
1
5
4
3
4
2
1
1
5
1
0
0
2
0
3
0
3
1
1
0
6
2
4
0
0
4
1
0
0
1
0
0
2
4
0
2
1
2
0
2
3
5
2
4
3
4
1
1
0
2
0
3
2
1
3
2
2
1
2
3
1
1
1
3
2
5
2
1
4
0
0
5
2
4
2
0
1
1
2
1
6
0
1
1
3
1
0
3
2
1
3
4
2
1
4
2
2
2
2
4
1
0
1
1
0
0
2
4
1
1
0
3
1
1
2
1
0
3
1
3
1
2
1
3
1
2
2
0
3
2
1
2
2
1
1
3
1
1
0
2
1
2
1
0
0
2
3
3
1
3
1
1
7
3
1
1
1
1
1
4
0
1
1
2
1
1
1
0
1
2
0
2
1
0
2
3
4
1
3
3
2
3
2
1
3
3
2
1
3
4
0
2
1
0
0
0
3
3
2
1
2
0
2
1
1
1
1
3
2
1
0
2
2
2
0
2
1
2
1
1
3
1
1
0
0
1
3
0
3
2
2
1
0
0
1
0
0
0
2
1
2
0
1
3
2
1
1
0
1
0
3
1
0
1
2
1
1
0
0
2
1
0
1
0
0
1
1
1
2
1
0
0
0
0
0
0
2
2
3
1
2
1
2
1
2
1
0
4
0
0
0
3
0
2
0
2
2
3
2
2
1
1
1
1
0
2
0
1
4
2
5
1
2
0
1
1
1
2
1
0
1
2
0
2
3
3
1
4
1
3
1
1
2
0
0
1
0
1
2
2
1
1
2
1
3
1
4
1
1
1
0
0
0
2
2
2
2
1
1
1
1
0
2
3
1
1
1
3
0
1
1
2
0
0
1
2
1
0
2
1
3
1
1
1
2
4
2
1
1
2
1
2
1
0
0
2
1
1
0
3
1
2
3
1
2
2
0
1
0
1
5
0
1
2
3
0
0
1
2
2
2
4
3
2
1
2
0
2
1
1
1
1
1
1
1
1
1
2
2
2
3
0
1
3
2
2
1
2
1
2
1
0
1
0
1
0
0
0
2
1
0
2
2
2
2
3
0
2
4
2
1
1
1
1
0
1
1
1
0
2
0
0
1
3
1
2
0
0
0
2
2
1
0
0
3
0
2
0
2
3
0
4
2
2
0
1
2
1
1
0
2
0
3
1
0
0
1
1
0
0
0
1
2
1
4
0
3
0
1
2
1
0
0
0
0
0
2
0
1
1
1
3
1
1
1
0
1
1
0
3
2
2
1
0
1
3
0
0
1
0
0
2
2
1
0
0
0
2
2
3
2
1
3
2
1
2
0
3
3
2
1
0
0
0
1
0
2
2
0
0
0
2
4
1
3
1
0
0
0
0
2
0
1
1
3
3
1
1
1
2
1
5
1
1
1
0
1
1
3
1
0
0
2
1
1
1
1
1
0
0
0
2
1
2
2
0
0
1
0
2
1
2
2
1
4
0
1
1
1
1
0
2
2
4
2
2
3
3
0
0
2
1
0
1
2
1
2
2
0
2
0
0
1
0
1
3
0
1
0
1
2
2
2
1
2
1
2
2
0
1
1
1
0
2
0
2
0
0
4
1
1
0
1
0
2
2
0
1
0
2
1
0
1
0
1
2
1
3
3
1
0
0
1
2
1
2
1
0
1
0
2
0
1
1
0
0
1
2
3
3
1
1
0
2
1
0
0
2
0
1
0
1
1
0
0
4
1
0
3
0
1
5
1
2
0
0
0
2
1
1
3
2
1
1
2
3
0
0
3
1
2
1
0
1
0
1
3
0
1
1
1
1
1
0
1
2
1
0
0
1
0
0
2
1
1
1
4
1
1
1
1
0
3
2
1
1
2
2
0
1
2
2
1
0
1
1
1
2
1
0
2
3
1
0
1
4
0
1
2
0
1
0
1
0
0
1
1
1
0
0
0
0
1
1
1
0
0
1
0
0
2
1
1
2
3
3
1
1
0
1
2
0
1
0
2
2
0
3
1
1
1
2
4
1
1
1
0
0
1
2
0
2
3
0
1
1
1
0
2
3
2
0
1
2
3
3
5
2
0
2
1
1
1
0
3
1
3
0
1
4
0
0
2
5
0
1
2
3
0
0
2
1
0
3
1
0
0
1
2
1
2
1
0
1
2
1
2
0
0
0
4
1
1
2
0
1
0
0
0
0
1
0
1
0
1
0
0
0
0
2
0
1
0
1
3
0
1
1
0
0
0
1
0
1
3
0
1
0
1
0
0
1
0
0
1
3
0
0
2
0
0
0
0
1
0
2
0
2
0
1
0
0
3
2
1
1
0
0
2
0
2
1
2
0
3
1
1
1
1
1
1
1
1
1
1
0
0
1
1
1
1
1
2
1
3
2
1
0
0
3
2
1
1
0
0
2
1
3
0
1
0
0
0
3
0
2
0
5
4
2
1
0
0
0
0
0
2
0
2
0
4
1
3
2
2
1
0
3
1
2
0
3
3
3
2
1
2
0
1
1
1
0
0
0
2
3
5
1
1
2
2
0
1
0
1
1
3
3
3
1
1
0
0
2
0
0
2
4
1
1
1
1
1
0
1
1
0
1
0
1
2
1
0
0
0
2
0
1
1
3
1
1
3
1
1
2
1
2
0
0
1
1
0
0
2
1
2
2
0
1
1
0
2
1
2
0
1
1
1
0
1
0
0
1
0
0
0
1
1
1
2
0
0
0
1
2
3
0
1
2
1
0
2
1
2
0
1
1
2
2
0
2
1
2
2
2
0
1
2
0
0
0
2
1
1
1
3
1
2
1
0
1
2
1
1
1
0
1
2
3
1
2
0
0
0
1
0
2
0
1
0
2
0
2
0
1
0
1
1
1
1
0
1
3
1
1
0
0
0
1
1
2
0
1
0
1
0
1
0
2
4
2
0
2
0
0
4
0
1
2
0
0
0
0
1
0
0
1
0
2
2
1
2
1
1
0
2
0
0
1
0
0
1
0
2
1
1
1
0
2
4
1
2
0
0
0
2
0
1
1
1
1
2
1
0
1
1
2
1
3
0
0
0
1
1
4
0
2
1
2
1
0
2
1
3
1
0
3
0
0
4
0
1
2
1
0
0
0
0
2
1
2
1
0
1
1
0
4
1
1
2
1
0
2
2
0
2
2
0
1
1
3
1
1
1
1
2
3
1
1
0
0
2
3
0
2
0
0
1
1
1
0
0
1
0
1
0
0
0
1
1
2
0
1
3
3
1
1
2
1
2
0
0
3
2
0
0
2
2
2
0
1
0
1
0
3
1
0
0
1
1
3
1
0
1
1
1
1
1
0
1
2
1
0
4
1
2
1
0
1
0
0
1
0
0
1
1
0
2
0
2
0
1
0
0
0
0
2
2
2
0
1
2
0
2
0
0
0
0
1
0
0
3
0
2
0
0
0
2
0
1
1
1
0
1
2
0
1
1
1
1
0
2
0
0
1
1
2
1
1
0
1
1
2
1
0
3
3
0
0
1
2
0
1
0
1
2
1
2
0
0
1
2
0
3
3
0
1
1
0
0
0
1
1
1
1
1
0
1
0
1
2
0
1
1
1
1
2
0
2
0
1
1
0
2
0
1
1
0
0
1
0
0
1
1
1
0
1
0
0
0
3
1
1
0
0
0
1
0
1
2
1
0
1
0
1
2
0
1
0
0
1
0
0
0
0
0
0
1
0
1
2
1
0
1
1
1
2
1
0
0
0
1
1
0
1
0
4
0
0
1
0
1
2
0
2
0
0
1
0
1
3
0
0
0
2
0
0
0
0
0
1
0
0
0
0
1
1
1
1
0
2
0
0
0
0
1
2
1
0
0
0
0
1
1
0
0
2
3
0
2
4
1
0
0
3
1
1
1
0
1
0
1
1
0
1
0
1
0
1
1
0
1
1
2
1
3
1
0
2
0
0
0
2
0
0
0
2
0
2
1
1
0
1
0
2
1
2
1
0
1
0
0
1
2
0
1
0
1
1
1
4
1
0
0
0
0
1
2
1
0
0
0
0
0
1
2
1
1
1
0
2
3
0
1
1
1
0
0
1
0
2
1
1
1
0
1
2
0
0
0
3
1
0
1
4
0
2
2
0
1
1
4
2
3
2
1
0
0
1
1
2
0
3
1
1
1
1
1
2
1
1
0
0
1
1
1
2
2
1
2
2
2
5
0
1
1
1
4
2
3
3
1
2
2
0
0
1
3
3
3
1
3
1
5
1
3
3
0
2
4
1
2
2
1
3
1
2
2
4
6
2
4
6
3
4
5
4
5
8
7
3
9
10
4
5
6
9
14
7
8
10
6
11
10
7
7
8
6
12
5
13
12
6
4
9
8
12
10
14
11
10
13
6
6
12
19
11
6
14
9
14
9
13
11
16
7
11
2
6
16
17
8
10
10
11
10
15
9
13
15
13
17
17
12
9
16
7
12
1
12
3
13
12
10
9
5
11
6
10
12
9
3
7
7
5
10
11
7
7
5
12
2
5
8
8
7
3
4
6
1
4
5
1
3
5
2
0
8
6
2
4
7
8
4
1
2
3
3
4
2
3
5
1
5
3
1
2
3
1
3
1
1
0
5
5
1
4
0
4
2
1
3
0
0
3
2
3
1
0
2
1
2
2
2
0
0
1
1
1
3
1
0
1
2
1
2
1
1
0
1
0
1
0
0
0
2
1
1
0
0
0
1
0
0
0
0
0
1
1
0
0
0
0
2
2
1
0
2
0
0
0
1
1
0
0
0
2
1
1
0
0
1
1
2
0
1
1
1
2
0
0
0
0
1
0
1
0
0
0
2
2
0
1
2
2
4
1
0
0
1
1
2
1
1
0
0
0
0
2
1
2
0
0
3
0
2
0
0
0
0
0
0
2
0
0
0
1
1
1
0
0
0
0
0
1
0
3
0
0
1
1
2
1
0
0
1
0
0
0
1
0
1
1
0
1
0
2
0
0
1
0
1
4
0
0
1
0
0
2
0
0
0
1
0
0
0
0
0
0
0
1
0
0
0
0
0
0
0
1
1
0
1
0
2
0
1
1
0
0
0
0
0
1
0
0
0
0
1
1
0
1
0
2
0
0
1
1
1
0
2
0
1
1
1
0
0
2
0
0
3
1
1
0
1
1
1
0
0
1
2
1
1
0
1
0
0
2
1
0
0
2
0
1
1
3
1
0
0
0
1
0
0
1
0
1
0
1
0
1
0
0
1
1
1
0
0
2
1
0
0
2
0
0
0
3
0
0
1
0
0
1
1
0
2
0
0
0
0
0
1
1
0
0
0
0
0
0
1
0
0
2
0
0
0
0
1
0
3
0
1
1
0
0
0
2
0
0
2
1
0
0
2
2
1
2
1
0
0
0
1
0
0
0
1
0
0
0
0
0
0
0
2
2
0
0
1
0
0
0
0
2
1
0
1
1
0
0
0
2
1
0
3
0
1
0
0
0
0
1
2
0
1
0
1
1
1
0
4
1
0
0
0
0
1
1
1
0
1
0
1
0
1
1
1
2
1
2
0
0
0
1
2
0
0
1
0
1
0
0
0
1
1
0
0
0
0
1
3
1
0
1
0
1
3
2
2
0
1
1
1
0
0
1
0
0
0
2
2
1
0
0
1
1
0
1
1
2
0
0
1
0
0
0
1
0
0
1
2
0
0
1
0
1
0
1
0
0
0
0
0
2
0
0
2
2
0
1
1
0
0
0
0
0
0
1
0
1
2
0
0
0
0
0
0
0
0
1
0
0
0
0
0
0
0
1
1
0
0
1
0
0
0
1
0
0
0
0
0
2
2
0
1
0
1
0
0
0
2
0
0
0
2
0
0
1
0
1
0
0
0
1
0
0
0
0
1
0
0
0
2
0
0
0
2
2
1
2
1
1
1
0
1
0
0
0
1
2
0
0
1
0
0
0
2
0
0
0
2
0
0
0
0
2
0
0
0
0
0
0
0
1
1
1
2
0
1
0
2
1
1
0
1
1
1
3
1
1
1
1
0
2
1
0
0
0
2
2
0
0
1
0
1
1
4
1
1
1
0
1
1
0
0
0
0
0
0
0
1
0
1
1
1
1
0
0
0
0
1
2
0
1
0
0
1
1
0
1
0
1
0
0
2
0
0
0
0
1
0
0
0
1
0
0
0
2
0
0
0
0
0
0
0
0
0
0
0
0
1
0
1
2
0
0
1
1
1
0
0
1
2
0
0
1
2
0
1
1
0
1
1
2
1
0
0
0
0
2
1
0
0
1
2
0
2
0
1
1
0
0
1
0
0
1
0
0
0
1
0
0
1
1
0
1
1
0
0
0
1
0
0
2
1
0
0
2
0
1
1
0
1
0
2
0
0
0
1
0
0
0
0
1
1
0
2
0
2
0
0
0
0
2
0
0
0
0
0
0
2
0
0
0
0
0
1
0
0
2
0
0
1
1
0
0
0
0
1
0
1
1
0
1
0
0
1
1
0
1
0
0
2
1
0
1
0
0
0
0
0
0
0
0
1
1
1
1
1
1
0
0
0
0
0
0
1
0
1
0
1
0
1
0
1
1
1
0
0
0
0
2
1
0
0
0
1
0
1
0
1
0
1
0
0
1
0
1
0
1
1
0
1
2
0
0
1
0
2
0
0
0
0
0
0
0
0
0
0
0
0
0
0
0
0
0
0
0
0
0
0
0
0
0
0
0
0
0
0
0
0
0
0
0
0
0
0
0
0
0
0
0
0
0
0
0
0
0
0
0
0
0
0
0
0
0
0
0
0
0
0
0
0
0
0
0
0
0
0
0
0
0
0
0
0
0
0
0
0
0
0
0
0
0
0
0
0
0
0
0
0
0
0
0
0
0
0
0
0
0
0
0
0
0
0
0
0
0
0
0
0
0
0
0
0
0
0
0
0
0
0
0
0
0
0
0
0
0
0
0
0
0
0
0
0
0
0
0
0
0
0
0
0
0
0
0
0
0
0
0
0
0
0
0
0
0
0
0
0
0
0
0
0
0
0
0
0
0
0
0
0
0
0
0
0
0
0
0
0
0
0
0
0
0
0
0
0
0
0
0
0
0
0
0
0
0
0
0
0
0
0
0
0
0
0
0
0
0
0
0
0
0
0
0
0
0
0
0
0
0
0
0
0
0
0
0
0
0
0
0
0
0
0
0
0
0
0
0
0
0
0
0
0
0
0
0
0
0
0
0
0
0
0
0
