0
0
0
0
0
0
0
0
0
0
0
0
0
0
0
0
0
0
0
0
0
0
0
0
0
0
0
0
0
0
0
0
0
0
0
0
0
0
0
0
0
0
0
0
0
0
0
0
0
0
0
0
0
0
0
0
0
0
0
0
0
0
0
0
0
0
0
0
0
0
0
0
0
0
0
0
0
0
0
0
0
0
0
0
0
0
0
0
0
0
0
0
0
0
0
0
0
0
0
0
0
0
0
0
0
0
0
0
0
0
0
0
9
465
3727
7511
7679
6963
6594
6402
6258
6322
6238
6364
6335
6432
6688
6685
7018
6852
6746
6919
6984
7046
7019
6928
7096
7075
7128
7161
6979
7046
7003
6949
6857
6934
6826
6939
6915
6785
6819
6808
6729
6751
6736
6584
6676
6614
6582
6573
6490
6565
6560
6432
6394
6520
6399
6503
6341
6339
6386
6208
6342
6296
6344
6288
6419
6201
6254
6306
6272
6061
6160
6122
6163
6068
6044
6230
6135
6106
6192
6156
6006
6090
5997
6039
5967
6053
6065
5975
5952
5960
5986
5924
6023
5864
5819
5942
6011
5835
5902
5774
5855
5940
5956
5900
5765
5767
5774
5848
5796
5848
5800
5853
5655
5623
5776
5692
5615
5755
5763
5552
5583
5794
5626
5581
5759
5648
5559
5563
5569
5748
5664
5655
5574
5571
5488
5692
5645
5598
5457
5551
5635
5440
5739
5426
5491
5528
5378
5455
5377
5661
5417
5475
5389
5452
5300
5384
5485
5499
5541
5455
5257
5357
5312
5333
5452
5375
5406
5338
5513
5347
5287
5321
5349
5329
5297
5287
5358
5273
5234
5314
5392
5346
5252
5261
5195
5168
5310
5379
5287
5191
5192
5271
5228
5222
5184
5228
5220
5282
5372
5189
5199
5189
5261
5279
5220
5067
5132
5162
5172
5292
5389
5039
5067
5157
5182
5052
5187
5174
5325
5197
5161
5182
5163
5208
5050
5094
5144
4905
5000
5038
5135
4994
5124
5114
5083
4991
5072
4984
5058
4901
5061
4978
4996
4936
5001
5131
5133
5044
4972
5090
5115
4920
5090
5167
5034
5007
4824
5006
5011
4994
4930
4995
4934
4944
4977
4933
4932
4888
4960
5044
4894
4965
5038
4811
4927
4955
4934
4964
4911
4983
4915
4914
4792
4970
4918
4998
4967
4829
4890
4907
4729
4933
4894
4873
4903
5022
4843
4786
4844
4898
4843
4858
4852
4789
4807
4799
4802
4892
4823
4832
4739
4823
4830
4856
4810
4809
4809
4735
4838
4826
4780
4755
4737
4874
4781
4782
4787
4757
4823
4728
4745
4826
4795
4751
4827
4696
4678
4744
4813
4846
4676
4646
4606
4712
4797
4709
4880
4859
4700
4704
4658
4727
4767
4668
4683
4661
4871
4720
4848
4820
4689
4729
4742
4773
4662
4672
4645
4579
4690
4676
4615
4717
4808
4650
4801
4586
4669
4679
4743
4651
4701
4651
4578
4723
4713
4592
4683
4654
4662
4715
4579
4668
4695
4552
4661
4673
4763
4680
4697
4718
4618
4699
4773
4626
4565
4581
4590
4667
4581
4552
4656
4658
4627
4600
4672
4581
4618
4675
4561
4681
4568
4611
4671
4724
4554
4610
4626
4534
4636
4642
4604
4646
4582
4601
4577
4614
4412
4649
4468
4574
4575
4520
4431
4675
4606
4620
4611
4619
4645
4452
4576
4400
4530
4409
4675
4572
4565
4624
4571
4509
4541
4651
4520
4446
4544
4616
4665
4483
4583
4645
4422
4507
4576
4611
4647
4599
4498
4528
4517
4485
4524
4526
4525
4467
4530
4533
4492
4476
4590
4561
4437
4526
4577
4406
4529
4564
4504
4587
4476
4434
4489
4550
4555
4552
4544
4605
4618
4465
4538
4485
4567
4559
4587
4572
4429
4670
4451
4640
4459
4450
4547
4521
4422
4563
4445
4574
4551
4463
4618
4418
4564
4514
4473
4568
4470
4555
4557
4523
4429
4451
4340
4405
4473
4473
4518
4548
4663
4522
4487
4517
4514
4583
4503
4496
4491
4627
4514
4445
4443
4446
4464
4473
4503
4509
4522
4512
4520
4448
4502
4536
4574
4406
4551
4424
4515
4576
4691
4603
4547
4535
4502
4479
4598
4586
4727
4652
4622
4530
4547
4601
4609
4558
4591
4462
4565
4696
4552
4552
4663
4530
4734
4497
4583
4509
4582
4614
4504
4539
4644
4552
4569
4570
4552
4528
4480
4454
4521
4596
4647
4573
4559
4608
4601
4638
4608
4633
4603
4577
4504
4642
4535
4617
4657
4477
4633
4515
4461
4462
4493
4448
4611
4584
4608
4421
4418
4538
4495
4545
4512
4641
4435
4549
4526
4605
4567
4578
4626
4441
4465
4549
4572
4498
4504
4528
4464
4440
4655
4476
4403
4518
4584
4635
4519
4529
4472
4505
4682
4528
4546
4545
4514
4532
4709
4592
4532
4581
4485
4531
4559
4611
4530
4526
4483
4566
4600
4657
4560
4572
4625
4622
4602
4536
4486
4583
4468
4503
4551
4496
4564
4551
4408
4431
4567
4407
4587
4605
4483
4470
4550
4440
4460
4423
4473
4537
4557
4494
4505
4520
4487
4444
4616
4446
4662
4612
4685
4737
4829
4902
4906
4985
4819
4875
4721
4801
4673
4716
4607
4632
4599
4605
4632
4590
4563
4527
4406
4542
4565
4461
4556
4334
4521
4507
4480
4428
4492
4472
4352
4416
4385
4530
4398
4471
4543
4501
4352
4419
4332
4316
4539
4434
4417
4394
4561
4445
4524
4409
4469
4449
4536
4450
4490
4494
4398
4594
4343
4476
4438
4438
4455
4446
4387
4354
4362
4439
4427
4514
4591
4508
4653
4497
4502
4492
4470
4574
4533
4430
4366
4522
4563
4445
4459
4490
4593
4459
4404
4595
4473
4487
4575
4517
4508
4621
4545
4427
4627
4525
4529
4581
4584
4405
4653
4622
4548
4654
4654
4636
4639
4631
4570
4684
4634
4590
4590
4592
4545
4590
4617
4734
4578
4851
4625
4571
4552
4603
4632
4619
4546
4655
4710
4587
4699
4690
4803
4675
4703
4596
4743
4639
4727
4755
4746
4731
4731
4794
4715
4821
4737
4721
4758
4847
4811
4811
4742
4861
4767
4861
4845
4846
4848
4993
4894
4809
4846
4776
4764
4920
4935
5021
4948
4929
4905
4900
4994
4844
4832
4987
4976
4910
5014
4906
5022
4948
4841
4942
5062
4973
4965
4925
4968
4947
4995
5040
5049
4959
5052
5048
5071
5089
5139
5036
5102
5058
4953
4981
5056
5075
5079
5139
4893
5078
5071
5115
5099
5108
5121
5076
5046
5155
5230
5059
5074
5206
5051
5186
5263
5136
5223
5322
5231
5199
5270
5241
5212
5279
5232
5228
5162
5239
5303
5276
5253
5245
5279
5179
5253
5222
5351
5346
5271
5280
5381
5399
5380
5245
5337
5337
5255
5313
5470
5391
5316
5322
5443
5315
5449
5412
5360
5395
5407
5418
5445
5433
5405
5425
5452
5391
5260
5489
5362
5333
5292
5482
5437
5300
5458
5446
5369
5617
5453
5371
5453
5668
5550
5525
5418
5511
5477
5560
5402
5441
5601
5501
5559
5553
5429
5481
5526
5603
5463
5515
5511
5570
5573
5486
5702
5765
5652
5495
5577
5654
5572
5469
5646
5691
5627
5647
5574
5640
5531
5651
5668
5551
5707
5612
5723
5677
5646
5622
5746
5751
5695
5668
5670
5759
5651
5554
5659
5699
5671
5711
5675
5744
5666
5673
5659
5811
5731
5672
5741
5744
5676
5709
5884
5777
5658
5790
5718
5799
5854
5833
5816
5778
5902
5983
5864
5792
5776
5885
5893
5787
5869
5702
5811
5819
5788
5814
5818
5887
5853
5845
5904
5630
5960
5943
6003
5840
5824
5835
5934
5808
5840
5887
6029
5954
5978
5959
5901
5902
5862
5808
5954
5885
5961
5969
5954
5852
6027
5940
5904
6081
5899
5900
5822
6047
5916
6101
5970
6060
6013
5993
6035
5897
6135
5994
6049
6011
6063
5963
6098
6028
6014
6096
6077
6031
5988
6111
6178
6105
6151
6032
5879
5974
6220
6096
6144
6189
6000
6102
6124
6083
6015
6114
6015
6186
6036
5948
6044
6313
6303
6163
6115
6086
6086
6167
6159
6098
6162
6033
6103
6257
6327
6249
6305
6207
6219
6196
6222
6277
6236
6208
6326
6303
6166
6264
6329
6198
6316
6298
6298
6357
6227
6356
6046
6094
6222
6315
6180
6382
6206
6234
6314
6208
6404
6435
6275
6208
6458
6296
6271
6462
6318
6554
6404
6516
6566
6349
6375
6369
6425
6503
6422
6326
6352
6552
6593
6277
6440
6504
6513
6381
6420
6418
6580
6334
6644
6513
6561
6449
6391
6517
6552
6452
6431
6497
6557
6657
6409
6557
6612
6477
6493
6615
6579
6700
6447
6531
6768
6445
6535
6596
6439
6635
6535
6698
6623
6618
6773
6660
6722
6602
6758
6785
6810
6751
6701
6694
6789
6665
6645
6678
6857
6606
6753
6824
6896
6673
6705
6804
6762
6713
6816
6775
6877
6797
6882
6920
6948
6841
6883
6884
6813
6790
6794
6987
6895
6855
6910
6866
6862
6900
6819
7004
6773
6934
6997
6893
6969
6904
6978
6865
6798
6888
6964
6935
6874
7039
7045
6900
6888
6933
6774
7059
7000
7179
6963
7051
6973
7079
6906
6916
7026
7071
7115
7081
7065
7117
6976
6959
6971
7083
6935
7123
7084
7206
7317
7181
7032
7071
7190
7156
7087
7250
7263
7089
7125
7165
7303
7177
7159
7229
7298
7253
7357
7131
7166
7217
7244
7229
7303
7259
7272
7390
7382
7361
7456
7397
7326
7170
7447
7405
7258
7307
7449
7351
7286
7441
7275
7439
7485
7528
7481
7533
7687
7487
7558
7623
7308
7571
7514
7520
7562
7418
7603
7663
7597
7376
7704
7433
7335
7582
7554
7685
7834
7505
7513
7477
7561
7612
7497
7589
7669
7696
7639
7724
7716
7776
7610
7708
7566
7771
7619
7726
7571
7656
7635
7754
7638
7717
7674
7716
7672
7701
7751
7906
7789
7844
7711
7792
7741
7878
7780
7814
7744
7768
7900
7786
7758
7794
7771
7730
7819
7759
7867
7748
7821
7734
7751
7774
7704
7754
7880
7647
7727
7817
7637
7754
7799
7537
7817
7795
7718
7879
7631
7490
7883
7664
7683
7741
7643
7767
7694
7568
7597
7628
7704
7675
7880
7762
7748
7854
7809
7925
7948
8151
8054
8071
8200
8166
8060
7942
8022
8000
7903
7829
7880
7781
7775
7815
7561
7871
7714
7667
7681
7538
7644
7616
7711
7522
7542
7432
7513
7513
7391
7526
7480
7508
7306
7461
7501
7265
7383
7401
7302
7257
7233
7181
7258
7294
7260
7318
7345
7203
7402
7254
7265
7131
7412
7204
7179
7275
7106
7274
7164
7153
7263
7147
7229
7233
7136
7152
7150
7106
7231
7261
7247
7109
7078
7014
7053
6927
7120
7058
7094
6969
7018
6910
6974
7057
6954
7025
6879
7190
6928
7085
7078
6918
6942
7115
7061
7049
7003
7051
7035
6966
7161
6888
7072
6785
6969
6908
6883
7021
7004
6891
6884
7040
6969
7043
6970
6915
6833
6846
6972
6862
6930
6824
6924
6842
6967
6835
6838
6906
6806
6868
7001
6902
6812
6753
6681
6954
6982
6845
6832
6976
6939
6807
6758
6761
6741
6724
6747
6785
6758
6758
6551
6871
6674
6678
6770
6611
6716
6898
6670
6844
6763
6777
6882
6697
6690
6849
6744
6752
6713
6734
6727
6858
6758
6611
6619
6706
6583
6697
6749
6570
6558
6515
6715
6627
6619
6707
6671
6556
6512
6693
6619
6566
6658
6559
6721
6652
6494
6674
6632
6667
6540
6641
6521
6700
6395
6493
6736
6568
6627
6576
6523
6553
6558
6536
6469
6629
6580
6593
6489
6478
6561
6544
6686
6487
6485
6379
6504
6482
6614
6504
6447
6472
6536
6505
6498
6465
6437
6441
6562
6465
6372
6472
6333
6319
6464
6327
6458
6560
6440
6447
6393
6512
6316
6343
6403
6377
6331
6390
6333
6439
6423
6398
6458
6442
6326
6497
6329
6383
6376
6351
6243
6119
6128
6380
6254
6439
6315
6279
6288
6214
6237
6330
6254
6200
6219
6361
6244
6234
6325
6296
6315
6364
6018
6217
6105
6153
6252
6160
6229
6238
6233
6174
6194
6138
6289
6263
6155
6218
6203
6283
6160
6236
6148
6194
6167
6111
6262
6139
6196
6178
6256
5999
6013
6067
6167
6197
6254
6090
6006
6142
5972
6202
6163
6072
5928
6185
5974
6065
6066
5935
6092
6058
6016
6051
6110
6104
6084
6066
6087
5927
6170
6041
6048
6016
6051
5854
6261
5947
6031
6028
5999
6023
5897
5909
5971
5879
5951
5931
5876
6058
5954
5935
6028
6017
5910
6035
5795
5752
5957
5892
6041
5837
5992
5778
5889
5815
5848
5876
5949
5861
5832
6160
5753
5889
5858
5818
5884
5946
5753
5915
5957
5936
5900
5861
5758
5723
5873
5800
5738
5670
5803
5805
5771
5757
5895
5870
5724
5686
5716
5687
5663
5623
5672
5624
5704
5751
5625
5623
5644
5717
5641
5535
5685
5634
5645
5526
5647
5665
5647
5651
5677
5588
5581
5635
5547
5464
5627
5604
5576
5498
5536
5503
5542
5721
5396
5443
5409
5377
5345
5431
5357
5522
5314
5382
5424
5396
5373
5405
5332
5309
5445
5293
5225
5265
5196
5227
5352
5196
5211
5183
5300
5064
5270
5070
5164
5072
5032
5177
5142
5068
4928
4987
5094
4915
4953
5003
5001
4989
4926
5102
4985
4954
4960
4861
4936
4949
4796
4914
4892
4839
4935
4738
4953
4849
4755
4722
4788
4787
4787
4656
4709
4666
4765
4762
4852
4741
4754
4652
4622
4727
4793
4623
4665
4738
4733
4594
4750
4664
4654
4553
4555
4674
4559
4574
4547
4500
4571
4627
4503
4726
4573
4540
4533
4486
4488
4529
4518
4657
4468
4480
4457
4615
4546
4455
4559
4443
4518
4386
4426
4319
4422
4501
4366
4475
4395
4452
4443
4377
4379
4380
4343
4479
4435
4380
4508
4451
4524
4480
4378
4418
4344
4549
4414
4468
4509
4473
4442
4458
4484
4404
4450
4399
4566
4445
4426
4449
4401
4462
4313
4426
4386
4297
4548
4483
4386
4314
4322
4395
4447
4266
4275
4265
4340
4367
4265
4453
4345
4283
4330
4346
4279
4443
4476
4349
4255
4370
4219
4313
4336
4340
4402
4401
4425
4507
4325
4419
4512
4503
4685
4515
4634
4829
4523
4723
4718
4779
4592
4569
4581
4419
4559
4451
4476
4357
4414
4286
4425
4228
4221
4358
4161
4195
4144
4164
4082
4234
4194
4064
4151
4047
4155
4042
4067
4032
4044
4036
4016
4064
3965
3943
4034
3877
3970
3964
3916
3934
4097
3933
3748
4045
3888
3941
3883
3938
3811
3932
3953
3909
3777
3950
3875
3891
3932
3921
3845
3835
3874
3839
3746
3941
3857
3982
3790
3886
3800
3762
3835
3746
3985
3737
3898
3832
3820
3786
3770
3840
3818
3798
3788
3734
3695
3762
3783
3900
3808
3740
3847
3767
3779
3761
3647
3805
3773
3656
3797
3683
3757
3746
3721
3646
3676
3643
3745
3713
3747
3574
3558
3714
3753
3799
3649
3630
3754
3637
3577
3582
3670
3706
3601
3651
3694
3698
3665
3671
3638
3645
3701
3659
3597
3510
3634
3523
3634
3612
3720
3671
3586
3643
3677
3680
3586
3591
3659
3488
3703
3545
3598
3591
3602
3612
3564
3625
3708
3645
3612
3620
3697
3482
3564
3468
3618
3504
3564
3583
3501
3501
3467
3469
3604
3639
3508
3591
3546
3529
3526
3472
3517
3523
3577
3483
3496
3477
3514
3494
3620
3534
3450
3501
3478
3436
3484
3406
3553
3537
3462
3403
3459
3459
3437
3422
3441
3485
3355
3479
3428
3445
3479
3555
3440
3437
3482
3424
3413
3395
3385
3395
3406
3307
3347
3463
3513
3427
3303
3395
3397
3334
3368
3410
3542
3500
3302
3385
3393
3466
3403
3314
3440
3432
3389
3344
3393
3412
3431
3390
3368
3340
3435
3463
3488
3383
3429
3414
3352
3326
3398
3318
3315
3328
3295
3286
3298
3366
3378
3382
3367
3279
3234
3328
3366
3407
3247
3360
3266
3378
3319
3321
3378
3334
3275
3361
3178
3309
3418
3274
3355
3276
3248
3277
3345
3393
3323
3308
3210
3288
3307
3212
3338
3173
3382
3275
3309
3414
3327
3203
3234
3274
3187
3232
3265
3283
3227
3228
3364
3231
3300
3208
3227
3256
3185
3289
3260
3289
3266
3239
3270
3232
3125
3289
3221
3226
3156
3269
3234
3314
3231
3265
3249
3226
3149
3256
3213
3331
3267
3229
3138
3213
3234
3169
3120
3226
3145
3209
3216
3195
3229
3161
3153
3246
3175
3201
3143
3141
3223
3063
3130
3150
3237
3192
3130
3215
3092
3180
3171
3123
3153
3104
3253
3167
3185
3137
3094
3190
3215
3131
3270
3104
3144
3272
3106
3087
3157
3162
3249
3194
3234
3176
3112
3124
3099
3147
3053
3133
3183
3053
3133
3069
3235
3165
3066
3082
3043
3175
3113
3166
3045
3120
3198
3089
3321
3128
3051
3047
3118
3132
3142
3159
3128
3242
3082
3067
3141
3227
3070
3147
3170
3116
3012
3147
3082
3107
3166
3050
3091
3074
3057
3096
3072
3165
3067
3100
3053
3182
3127
3094
3110
2985
3156
3052
3060
3177
3226
3177
3214
3201
3280
3420
3352
3300
3363
3487
3527
3537
3629
3635
3802
3785
3789
3823
3953
4030
4162
4260
4201
4175
4264
4320
4391
4372
4559
4478
4538
4693
4620
4713
4626
4749
4726
4782
4821
4821
4742
4891
4928
4783
4971
4949
4925
5030
5041
4963
5021
4873
5002
4975
4925
4892
4862
4859
5018
4959
4891
4882
4917
4984
4946
4876
4993
5204
5162
5175
5366
5479
5640
5789
6137
6499
7073
7479
8024
8433
9024
9534
9989
10226
10487
10248
10326
10173
10167
9946
9489
9244
8777
8542
8014
7828
7558
7240
6938
6751
6521
5929
5836
5527
5331
5054
4764
4742
4623
4336
4114
4058
3997
3905
3847
3649
3547
3480
3336
3293
3305
3224
3062
3177
3106
2998
2882
3007
2887
2967
2830
2761
2858
2863
2667
2731
2798
2774
2813
2795
2762
2774
2713
2760
2743
2641
2705
2698
2728
2714
2767
2718
2748
2719
2724
2685
2668
2721
2677
2702
2728
2699
2618
2642
2700
2745
2668
2749
2607
2629
2717
2750
2700
2706
2677
2642
2716
2716
2596
2665
2641
2712
2635
2647
2688
2721
2670
2672
2713
2597
2732
2686
2727
2753
2608
2603
2773
2639
2647
2716
2651
2718
2684
2714
2708
2703
2748
2661
2686
2686
2670
2595
2732
2671
2687
2724
2703
2644
2641
2666
2651
2723
2742
2765
2764
2683
2689
2719
2655
2592
2604
2740
2702
2598
2638
2582
2676
2725
2676
2663
2647
2705
2745
2622
2611
2644
2657
2691
2553
2606
2767
2710
2653
2707
2723
2634
2757
2791
2802
2746
2679
2667
2691
2619
2687
2620
2711
2675
2806
2763
2755
2770
2879
2862
2834
2904
2966
3090
3154
3238
3215
3355
3550
3608
3655
3814
3954
4051
4227
4392
4480
4631
4724
4896
5021
5433
5178
5527
5452
5711
5868
6041
6097
6238
6310
6509
6528
6714
6748
6844
7011
7115
7141
6879
7157
7128
7177
7080
7270
7276
7399
7178
7172
7302
7195
7255
7263
7218
7320
7450
7264
7334
7242
7465
7253
7344
7386
7438
7472
7586
7539
7771
7784
8072
8301
8639
9207
9673
10188
10953
12109
13001
14203
15213
16528
17475
18434
19295
19679
20138
19942
19990
19684
19316
18757
18017
17115
16388
15615
15144
14157
13283
12431
11892
11379
10500
9734
9152
8696
8234
7728
7370
6626
6288
5825
5649
5230
4924
4576
4386
4086
3852
3721
3535
3371
3251
3124
2999
2795
2869
2629
2608
2534
2529
2400
2382
2313
2265
2172
2212
2196
2161
2139
2116
2103
2029
2093
2047
2140
2034
1947
1985
2044
2003
2052
2048
1974
1997
1976
2021
2051
1925
2047
1953
1935
1932
1901
2017
2009
1922
1916
1958
1943
1963
1910
1964
1962
1966
2013
1980
2019
1957
1988
1978
1885
1933
1954
2012
2036
1923
1898
1886
1878
1944
1922
1868
1973
1911
1957
1988
1972
1898
1899
1946
1907
1886
1841
1929
1973
1959
1927
1931
1931
1893
1918
1990
1978
1925
1911
1954
1901
1947
1936
1860
1938
1930
1904
1992
1869
1910
1930
1855
1910
1987
2030
1941
1925
1938
1864
1905
1926
1853
1922
1908
1933
1888
1949
1877
1972
1913
1872
1960
1885
1843
1944
1940
1909
1866
1876
1890
1977
1933
1973
1912
1870
1938
1913
1891
1885
1921
1861
1862
1949
1927
1912
1906
1906
1864
1834
1877
1906
1895
1854
1932
1931
1903
1860
1925
1897
1931
1860
1870
1865
1865
2010
1891
1889
1846
1886
1915
1893
1885
1873
1875
1871
1975
1835
1915
1888
1944
1870
1908
1853
1859
1805
1947
1909
1939
1926
1868
1917
1925
1811
1908
1867
1837
1848
1874
1893
1869
1915
1940
1839
1814
1917
1847
1863
1863
1861
1964
1844
1855
1906
1879
1901
1896
1924
1868
1852
1906
1869
1893
1887
1903
1856
1903
1980
1912
1879
1889
1869
1938
1908
1888
1918
1874
1914
1841
1799
1855
1929
1823
1880
1887
1897
1884
1876
1841
1859
1801
1836
1898
1892
1831
1831
1858
1813
1795
1835
1826
1941
1816
1970
1896
1903
1928
1885
1857
1877
1835
1751
1858
1782
1831
1909
1848
1803
1789
1801
1838
1940
1836
1795
1828
1856
1917
1886
1902
1876
1849
1883
1838
1861
1862
1824
1804
1939
1808
1867
1833
1903
1935
1855
1908
1869
1854
1847
1782
1844
1895
1851
1819
1836
1902
1888
1878
1814
1892
1893
1868
1797
1910
1757
1790
1935
1892
1818
1877
1791
1863
1924
1868
1904
1932
1879
1856
1832
1865
1891
1865
1808
1862
1851
1867
1853
1840
1777
1826
1870
1921
1831
1971
1936
1908
1881
1918
1880
1885
1880
1909
1908
1864
1903
1888
1858
1913
1863
1845
1865
1906
1912
1835
1894
1958
1894
1860
1943
1906
1902
1819
1877
1853
1920
1991
1927
1837
1852
1886
1921
1915
1943
1954
1808
1841
1907
1917
1884
1961
1931
1920
1909
1980
1929
1928
1896
1915
2009
2023
1986
1985
2014
2019
2055
2023
2014
2064
2089
2039
2227
2185
2244
2314
2280
2363
2473
2632
2669
2877
3148
3218
3442
3793
3905
4284
4585
4973
5154
5746
6066
6417
6938
7365
7756
8124
8406
9038
9392
9769
10290
10892
11376
11601
11929
12321
12841
13040
13287
13631
14162
14334
14595
15027
15172
15333
15709
15818
15783
16210
16317
16093
16510
16380
16623
16635
16609
16893
16720
16910
16693
16756
16705
16758
16841
16899
16820
17035
17116
17058
17135
17664
17636
17930
18279
19079
19805
20393
21297
22322
23804
25552
27376
29646
32180
35127
38270
40784
43001
45991
48485
49794
50736
51702
52133
51597
50158
49307
47720
46117
44181
42150
40147
38040
35810
34046
32186
30015
28070
26082
24024
22593
20859
19375
17584
16182
14959
13537
12389
11254
10334
9464
8646
7806
6992
6408
5674
5327
4733
4289
3861
3532
3103
2774
2613
2412
2204
2002
1759
1619
1467
1353
1297
1209
1097
1037
989
965
859
806
804
716
750
621
633
604
591
572
566
527
576
504
479
488
482
463
444
449
474
408
454
414
425
438
444
399
411
410
375
421
395
433
369
369
386
412
434
398
396
374
407
386
388
404
371
411
422
406
381
359
382
412
371
366
396
415
401
390
346
397
412
373
385
405
366
376
374
378
379
390
359
372
370
379
387
385
399
355
403
361
389
359
404
399
343
370
406
354
380
345
368
307
378
357
399
397
357
349
383
356
359
376
346
342
391
344
367
370
339
363
341
338
363
351
332
386
388
381
379
356
362
374
388
342
368
342
392
386
343
387
349
353
409
393
362
349
374
357
365
397
408
413
394
448
424
424
441
501
534
532
569
565
571
678
701
762
738
852
892
960
1003
1058
1048
1175
1200
1282
1369
1405
1474
1558
1530
1608
1667
1727
1770
1929
1812
1890
1984
2003
2053
2143
2109
2148
2100
2162
2289
2158
2228
2262
2355
2408
2300
2283
2400
2420
2398
2384
2398
2407
2441
2400
2335
2446
2395
2476
2537
2447
2494
2384
2516
2476
2505
2693
2680
2936
2948
3069
3201
3475
3591
3986
4238
4592
4872
5322
5672
5880
6080
6513
6534
6910
6768
7015
6692
6607
6456
6421
6133
5907
5632
5465
5179
4734
4568
4424
3967
3936
3578
3401
3121
2933
2755
2542
2263
2223
1816
1754
1493
1512
1396
1279
1126
1090
1013
877
819
685
691
687
584
523
452
440
420
412
375
343
322
305
299
269
296
208
238
233
213
206
204
212
195
198
190
177
193
187
192
189
184
159
175
154
169
154
162
148
151
155
156
135
141
142
149
122
136
148
138
138
127
137
175
157
160
134
168
146
133
162
154
142
142
155
140
130
162
159
143
145
130
161
133
123
135
138
140
149
151
128
150
149
129
128
145
134
161
131
143
142
129
135
127
169
114
140
136
156
150
112
139
155
117
131
124
139
133
110
122
135
142
153
138
119
160
142
142
138
133
130
134
142
120
140
142
130
137
126
126
152
104
140
128
145
114
135
143
144
125
131
135
120
126
127
128
142
125
138
142
124
110
112
122
122
125
159
142
134
125
125
134
115
115
126
129
137
105
140
120
128
131
143
118
126
126
155
121
114
135
123
157
128
122
139
121
116
113
134
118
133
126
135
125
138
114
124
131
123
137
116
131
132
122
116
114
131
119
120
112
135
145
120
143
84
119
146
121
108
105
113
130
124
125
140
107
124
120
126
116
121
126
114
108
127
118
113
115
120
128
107
114
140
128
124
97
123
132
120
113
119
108
134
100
95
109
102
127
111
98
108
108
115
129
120
119
118
110
110
113
143
109
140
120
106
118
111
102
119
103
105
102
117
102
124
122
110
112
114
139
129
124
131
113
112
119
127
106
96
118
115
111
119
109
99
130
97
103
115
102
108
119
102
106
119
108
112
108
108
117
113
134
119
99
108
93
105
110
119
115
121
106
106
123
97
112
101
115
126
101
100
118
106
89
99
112
119
115
96
97
94
118
122
109
102
115
126
111
101
102
103
99
101
109
120
112
129
112
97
95
120
96
109
114
100
120
93
101
106
132
105
106
120
88
116
103
97
105
118
99
100
113
82
110
107
105
106
111
105
104
105
108
96
112
93
105
101
97
106
114
100
110
120
106
115
115
112
108
111
102
106
114
114
114
110
89
117
128
101
79
101
101
113
112
102
112
105
96
106
108
110
95
120
94
101
96
109
113
92
104
94
108
90
97
113
89
104
113
98
79
82
98
93
98
92
110
99
104
96
111
81
96
101
79
90
100
87
90
94
89
109
103
110
123
101
102
96
115
105
112
101
69
113
107
102
89
105
112
95
90
113
104
93
102
96
88
96
101
105
109
94
106
95
107
96
97
103
105
92
98
87
89
99
89
99
97
99
92
99
110
97
83
110
93
92
91
99
105
108
75
100
88
83
104
85
90
85
97
84
83
102
90
81
86
89
83
89
94
93
112
90
89
93
90
80
112
87
89
77
91
96
86
95
93
85
97
93
88
81
94
91
83
91
83
97
98
86
93
74
94
77
93
90
81
98
98
87
76
103
91
82
101
92
87
81
105
103
77
90
90
100
82
90
73
74
101
93
79
97
82
74
83
83
87
106
89
95
76
62
91
87
83
97
74
98
70
91
93
88
82
87
88
104
95
82
92
73
86
90
84
92
79
82
77
78
83
90
81
79
90
90
96
86
85
83
94
97
87
90
78
76
80
91
92
84
99
91
66
92
95
55
82
97
94
83
89
89
66
78
86
97
84
83
97
76
85
109
73
82
96
109
97
62
80
80
82
73
77
76
82
89
73
91
90
80
85
83
91
93
95
92
88
87
78
88
75
74
101
95
85
80
94
89
84
84
75
88
86
101
71
87
93
85
92
85
83
70
79
93
74
71
73
77
94
77
83
74
90
80
86
84
86
96
84
75
87
71
76
95
74
80
61
80
84
80
95
79
84
81
83
81
88
80
93
86
94
88
93
64
83
76
82
100
84
85
78
72
77
93
89
71
74
86
76
86
85
81
70
73
69
88
85
56
83
69
75
72
70
97
92
85
88
85
76
69
65
81
81
83
76
69
67
61
90
80
83
82
60
86
77
69
68
77
69
68
79
92
81
68
77
77
87
76
80
84
77
83
59
84
86
78
82
67
72
85
73
87
85
78
68
78
79
69
85
90
73
72
82
72
78
76
76
64
78
72
79
69
68
62
69
69
71
78
66
67
78
68
74
64
67
74
68
85
76
80
79
75
75
62
65
81
83
71
88
64
71
68
77
64
58
76
84
79
74
72
46
67
60
67
69
67
87
67
69
76
66
75
65
63
76
68
74
75
74
79
76
76
69
60
57
62
70
74
65
70
64
76
77
69
67
80
73
75
79
74
79
80
77
74
66
70
68
72
65
73
65
73
78
69
70
56
71
75
63
67
78
67
83
72
57
74
75
62
64
87
63
69
68
59
56
66
71
58
60
66
56
77
56
73
68
55
72
84
48
59
62
84
72
77
62
57
70
73
65
64
64
74
67
71
68
51
61
57
58
65
68
64
61
74
78
70
76
69
75
69
79
54
68
81
54
77
76
73
70
62
54
69
83
61
66
56
55
61
89
67
67
69
66
50
74
82
72
63
60
72
70
57
81
63
62
73
62
61
64
78
65
64
63
79
64
67
58
67
67
57
77
63
69
80
66
74
68
68
59
62
68
55
76
51
62
67
67
65
72
64
48
58
75
51
69
65
74
64
69
71
62
60
74
81
56
63
65
57
63
60
60
53
58
55
55
51
65
76
64
67
62
59
56
60
57
61
56
67
74
64
70
52
67
68
65
60
53
62
52
62
58
57
55
55
66
63
55
66
52
61
66
55
59
61
67
63
63
56
48
50
55
64
57
59
53
62
74
66
71
51
72
67
55
49
64
57
43
59
63
62
73
69
70
58
51
69
53
65
55
55
75
69
56
65
67
57
52
69
81
74
53
64
82
81
60
63
68
59
68
56
58
56
51
58
57
63
66
57
75
58
58
53
76
57
69
78
56
76
63
59
72
62
57
62
62
56
61
61
73
62
75
60
58
68
82
60
60
61
73
75
51
69
70
64
57
75
77
71
80
69
69
85
78
64
80
55
60
71
68
62
66
54
61
64
69
81
65
64
71
56
58
52
67
45
75
51
78
56
57
59
47
58
46
63
60
47
62
47
58
51
65
60
72
55
63
49
48
49
44
74
50
52
54
60
63
69
53
56
54
54
47
46
61
39
53
57
57
47
47
44
61
44
46
49
63
61
67
57
50
64
62
57
57
54
45
56
57
46
63
54
48
36
47
49
46
47
58
54
40
58
54
46
59
65
55
47
46
54
51
55
61
40
45
44
58
60
51
58
50
50
45
51
60
48
48
44
62
47
50
61
49
41
38
59
46
48
60
50
54
45
43
43
47
47
37
48
47
39
51
41
59
45
34
42
57
46
45
46
62
48
44
59
45
38
45
39
42
38
42
56
43
63
48
41
38
49
38
59
45
41
41
51
45
40
47
43
41
43
38
57
50
55
47
39
48
41
50
44
38
44
41
50
50
43
37
52
38
57
51
47
40
49
57
41
53
42
61
57
37
48
45
45
50
45
40
55
45
43
47
46
49
52
58
55
29
59
53
61
53
49
29
50
52
40
45
44
52
51
50
57
46
41
45
44
48
36
50
49
40
43
41
36
54
40
49
52
47
36
41
39
35
42
41
44
40
42
45
53
54
40
36
42
37
40
43
46
48
42
46
40
45
38
38
43
32
48
46
33
39
49
45
37
48
44
49
42
41
41
38
40
36
52
56
40
40
47
41
39
30
48
39
40
39
43
41
44
43
40
49
35
33
40
40
42
38
45
52
52
31
54
38
46
42
46
41
51
44
37
36
35
35
48
39
48
47
54
35
39
34
46
29
37
40
54
47
30
37
48
44
40
52
46
29
44
45
38
37
33
44
47
35
35
46
38
40
44
43
49
39
43
32
38
34
39
52
48
42
42
27
52
42
52
43
41
34
42
40
41
40
38
44
40
40
52
33
37
31
47
27
36
34
42
55
36
43
32
35
41
38
37
26
46
45
31
50
48
48
30
50
37
23
41
44
30
43
39
33
51
58
35
42
28
40
38
42
35
42
33
36
36
38
31
32
28
38
39
30
33
37
44
34
26
39
47
42
33
35
26
36
41
32
47
38
34
32
30
48
38
40
37
41
37
39
42
37
32
34
40
45
40
32
47
41
38
38
44
44
30
41
32
49
39
39
35
47
35
42
28
42
45
30
41
37
31
34
39
29
37
27
25
41
36
34
40
33
35
28
31
38
32
34
43
34
30
39
28
24
44
38
40
35
28
27
46
22
33
35
30
35
35
32
28
45
30
42
34
36
33
39
43
42
32
33
25
32
36
28
34
30
45
40
37
41
27
36
39
32
29
44
34
33
47
41
28
30
31
35
37
33
39
41
31
34
49
35
35
30
33
28
37
39
47
30
34
36
31
42
27
31
44
35
36
38
37
42
31
32
33
29
27
33
34
26
37
33
31
31
31
27
37
30
33
38
34
33
27
31
27
36
33
36
40
34
35
41
33
41
35
38
30
23
39
35
35
36
24
32
26
27
38
32
28
37
25
43
22
35
34
39
31
34
30
32
30
44
28
37
38
44
32
34
28
38
27
28
30
30
34
40
32
36
42
32
42
33
52
36
40
39
39
32
46
32
44
34
29
38
38
38
33
32
42
40
41
28
37
37
22
42
43
37
41
43
36
36
38
28
33
42
43
46
39
41
46
46
53
42
41
44
28
51
42
44
44
41
38
45
42
49
48
28
35
41
35
33
42
41
51
40
32
24
32
48
33
30
31
30
39
33
26
23
40
30
36
30
35
27
30
32
26
32
16
26
30
25
35
29
32
26
28
25
32
34
26
23
30
23
33
35
24
30
34
31
26
26
34
26
17
30
26
30
28
36
36
30
26
34
27
31
24
30
26
26
19
27
23
35
17
15
25
26
31
30
31
27
27
33
22
22
27
32
28
34
29
22
30
32
29
25
27
17
34
40
28
24
30
25
31
31
28
27
26
24
43
28
22
20
25
37
37
34
32
30
32
31
32
25
32
27
26
30
30
21
35
27
21
31
26
28
20
21
28
27
33
31
13
33
35
34
20
25
21
33
27
26
24
38
27
33
32
36
25
22
24
27
29
30
23
26
29
22
24
36
29
23
23
25
36
26
27
19
41
36
36
28
39
25
34
28
26
29
36
31
43
22
26
37
27
30
35
40
42
30
27
40
48
46
39
27
41
30
37
38
38
37
33
37
37
36
51
34
45
19
32
40
40
41
49
41
29
40
27
37
37
43
34
35
38
42
43
32
36
47
42
46
42
46
37
40
33
39
39
42
62
40
55
50
43
48
54
46
53
44
52
55
48
34
47
48
53
45
46
52
44
41
51
45
50
33
28
34
38
23
42
39
42
16
28
28
18
36
23
44
30
23
28
29
24
21
32
30
29
33
32
22
18
26
23
24
20
28
24
16
18
20
16
23
22
33
25
35
18
20
22
20
21
22
25
24
29
23
29
38
21
29
21
26
28
24
32
21
23
13
25
21
27
29
31
24
19
17
14
23
22
25
18
22
26
20
23
27
24
23
17
22
21
20
25
32
23
18
21
14
24
24
16
18
24
29
21
24
23
25
24
27
22
20
29
25
19
22
29
17
23
26
23
26
34
25
17
27
32
21
22
21
24
31
21
23
22
22
22
23
18
25
22
32
22
22
20
23
34
18
18
27
24
27
21
18
26
22
19
32
21
26
25
24
20
26
16
20
21
28
22
21
33
26
19
28
21
24
29
12
27
27
23
32
14
22
19
20
25
27
17
14
27
16
27
28
19
16
20
21
33
24
26
25
11
35
14
25
21
21
29
25
26
10
24
24
26
25
18
18
23
29
27
17
23
23
25
21
19
15
16
24
15
21
28
26
16
28
24
29
19
25
26
26
28
23
27
12
20
14
19
20
23
18
15
19
25
22
26
22
24
21
18
21
18
22
18
24
20
12
19
26
18
8
16
21
21
16
21
22
23
24
22
23
19
17
20
13
22
20
25
21
17
23
25
27
19
18
20
18
16
21
22
29
24
19
13
21
21
21
21
20
14
28
23
14
15
21
23
25
21
24
21
18
23
12
17
25
23
18
15
26
16
16
18
17
20
13
24
25
12
14
24
24
28
13
20
17
20
21
22
15
23
22
23
19
21
22
15
19
15
18
14
21
29
24
29
23
18
17
25
29
20
22
19
15
22
19
23
28
16
23
12
20
13
18
19
25
20
29
22
27
24
14
14
21
14
19
29
22
17
22
12
19
23
20
26
15
21
25
25
23
30
19
20
20
11
25
20
20
18
23
19
20
25
15
18
23
17
27
23
21
24
20
19
23
17
23
17
22
28
24
18
23
15
23
32
21
20
10
16
21
16
18
14
19
16
17
15
22
18
22
21
25
28
24
18
26
18
17
21
18
22
20
26
23
17
22
17
21
15
23
20
19
28
18
17
30
15
20
23
19
15
22
21
15
22
9
18
18
31
19
21
17
22
13
24
17
10
22
21
25
20
15
9
8
25
16
12
12
10
15
17
10
22
20
14
13
23
17
15
16
15
15
18
17
19
15
9
20
14
19
19
9
12
16
14
19
11
19
12
18
8
18
19
22
8
15
12
21
14
17
13
16
14
12
15
13
12
19
17
12
10
13
17
10
14
19
15
14
14
17
23
15
14
16
15
15
15
16
19
16
21
16
14
16
11
19
16
18
14
8
13
19
19
17
13
16
16
12
13
17
13
14
15
9
11
9
18
19
14
11
18
11
14
18
13
13
8
19
11
16
8
14
15
18
15
19
17
16
19
9
7
14
19
10
24
18
16
15
11
18
8
12
19
16
11
11
10
15
15
12
18
11
13
18
13
19
12
22
15
13
22
18
15
14
10
13
22
16
19
13
19
13
12
15
19
16
22
20
14
14
8
14
12
9
10
10
15
12
6
12
13
18
15
17
13
16
7
23
16
11
11
9
15
14
11
14
18
19
9
10
10
16
14
17
15
13
14
11
18
15
11
16
14
18
9
15
12
14
25
14
12
12
14
19
14
20
16
18
15
16
15
23
16
16
14
13
20
11
17
14
22
17
13
9
21
14
17
15
12
15
13
20
16
15
12
19
12
19
11
11
15
9
13
13
13
18
14
15
9
12
8
10
11
17
8
8
15
20
7
21
13
13
15
19
11
16
13
9
8
9
17
11
17
22
12
10
16
17
12
12
8
14
21
11
9
10
21
15
16
16
16
15
11
16
14
14
12
18
22
13
12
10
9
15
13
22
6
15
8
12
17
21
14
10
12
8
15
10
15
12
18
12
16
15
16
14
11
8
12
18
16
9
16
13
11
14
11
11
17
21
14
13
10
14
17
10
11
12
12
14
21
12
12
16
17
20
17
12
16
16
12
9
19
19
16
18
10
12
17
13
12
19
15
10
13
16
10
14
17
16
13
9
15
17
12
11
18
11
9
11
16
16
14
11
11
18
24
11
15
14
25
15
15
11
14
13
15
14
24
11
13
17
17
12
19
13
16
12
13
11
15
16
15
18
11
16
19
15
14
12
12
12
16
13
15
15
14
17
15
19
15
19
14
15
17
23
14
20
13
10
14
15
10
20
10
13
20
10
12
22
16
16
20
16
17
17
13
12
13
12
13
14
14
17
15
12
20
14
17
19
15
17
23
18
16
8
16
23
8
12
19
12
14
10
18
12
17
14
13
21
16
20
12
17
6
11
17
12
18
16
16
12
12
17
15
12
6
14
19
9
14
7
9
14
10
13
14
9
9
6
8
6
16
13
11
7
12
7
13
3
9
13
7
9
10
10
6
14
6
10
2
4
12
6
12
10
10
8
4
6
9
8
9
6
8
11
9
17
5
6
8
13
14
7
15
9
6
8
16
8
9
9
7
12
8
6
8
10
8
7
11
14
13
6
7
8
5
11
8
8
7
9
6
13
17
9
18
10
6
10
9
11
8
15
10
6
7
6
9
12
8
12
14
3
7
10
13
8
4
16
12
16
12
12
14
12
8
10
8
7
8
11
15
9
12
11
8
7
8
6
10
15
10
12
7
16
16
9
10
9
12
10
6
7
14
6
9
13
10
11
17
10
9
5
9
11
7
15
11
5
10
6
10
7
13
11
16
11
10
13
8
5
11
15
5
17
12
10
8
11
9
14
7
6
6
7
6
10
9
8
12
8
5
10
10
9
8
10
9
9
4
14
9
7
13
11
10
11
12
5
11
7
10
7
9
10
10
8
10
7
4
10
8
6
9
6
9
6
7
12
14
11
5
11
7
5
10
8
14
7
6
12
9
6
8
7
6
12
10
7
11
7
10
11
9
3
12
4
5
10
8
11
11
13
11
10
4
16
8
11
6
9
9
7
10
3
9
5
11
8
13
15
9
10
9
10
7
12
16
9
8
8
9
9
8
11
8
7
7
6
3
8
8
6
9
8
8
9
8
9
4
9
11
6
7
5
5
10
7
8
6
5
4
5
4
3
11
4
4
7
6
8
8
6
12
5
9
14
8
7
3
7
8
3
11
4
6
8
10
5
10
12
5
4
5
5
7
5
3
6
8
15
5
10
4
4
8
2
10
9
4
5
6
6
9
2
5
9
4
7
9
8
7
12
8
7
7
5
7
3
8
10
5
6
6
5
7
8
10
6
5
6
6
6
6
6
5
8
5
10
3
7
9
5
4
5
10
5
8
1
14
8
12
8
4
9
6
11
9
4
8
13
5
3
3
3
9
8
7
6
10
7
4
7
7
2
7
10
6
8
3
7
8
7
2
4
13
5
8
2
6
6
10
6
10
5
5
6
6
9
6
5
9
7
3
7
11
8
9
6
6
6
5
7
5
5
3
8
7
6
7
7
6
8
9
8
9
7
8
12
4
4
6
5
10
3
4
7
5
7
9
9
4
8
5
12
13
7
7
9
12
5
6
7
7
3
6
1
6
8
7
10
9
7
5
5
5
4
11
6
12
6
6
5
7
12
13
8
5
11
12
8
8
10
15
10
5
11
10
6
12
10
6
7
7
5
10
7
12
8
17
11
8
7
8
7
10
9
5
8
15
12
5
10
7
10
13
13
5
5
6
10
6
10
9
10
9
7
6
11
7
5
4
6
5
2
5
3
8
7
6
8
6
5
13
9
9
9
7
9
6
3
5
6
4
4
9
9
7
4
8
5
6
3
9
6
9
3
5
6
5
8
5
5
4
3
7
4
1
6
9
8
3
8
6
6
10
7
5
2
4
6
9
8
7
8
4
3
12
10
5
10
6
9
5
5
4
6
5
4
10
4
6
5
7
3
1
7
9
7
7
8
7
3
8
8
1
6
7
11
8
5
6
3
7
8
4
3
5
8
6
5
9
10
4
3
6
8
11
5
5
6
6
7
8
3
6
7
7
5
6
10
4
9
11
9
10
7
7
8
3
8
4
4
7
5
13
12
9
11
8
4
8
9
8
5
12
11
9
12
7
3
8
8
9
7
7
4
2
4
4
4
7
5
2
10
2
6
8
7
6
4
9
5
5
5
7
12
11
5
11
4
9
6
9
8
3
4
6
5
9
8
7
3
6
7
8
7
9
4
4
7
7
14
5
7
8
9
5
5
6
10
9
11
5
10
6
6
9
7
8
9
6
8
3
4
5
10
9
7
5
8
9
7
8
14
8
7
5
14
8
9
8
9
6
6
3
6
6
5
8
7
9
4
8
9
8
5
2
9
9
1
10
5
9
9
11
7
13
7
15
7
6
9
5
2
5
5
10
9
6
7
3
5
2
9
3
6
7
3
10
6
4
5
8
3
9
6
7
9
5
8
13
10
10
7
9
5
10
8
7
6
7
5
6
6
4
9
7
9
7
7
5
6
10
4
2
7
9
3
8
3
6
11
3
5
11
4
7
6
6
5
8
7
6
4
7
6
4
5
6
5
6
7
4
13
4
10
3
4
8
6
11
4
7
6
4
9
6
6
3
5
8
4
3
2
7
4
4
7
5
7
4
8
6
9
5
4
12
5
8
8
5
3
7
8
6
5
6
5
5
5
6
8
10
4
5
7
4
3
9
9
7
4
4
2
6
5
5
6
4
2
6
8
5
2
3
7
13
5
5
2
8
5
4
8
7
10
4
6
8
6
5
4
4
1
3
8
7
10
6
4
4
5
6
3
4
8
3
5
3
11
3
6
6
8
3
5
3
4
6
6
7
3
3
3
4
13
7
7
9
11
3
9
5
6
4
8
7
5
4
5
4
2
7
7
3
3
6
10
8
8
5
4
5
4
5
2
4
6
3
11
7
6
4
2
4
1
9
5
7
5
7
4
2
4
7
9
7
2
3
7
10
6
4
4
7
5
7
6
5
7
1
2
4
6
7
2
8
4
6
6
3
6
3
3
7
3
9
4
3
5
6
3
2
8
4
3
10
10
4
9
5
3
7
5
11
6
3
4
5
6
3
7
6
7
3
9
8
7
5
6
7
5
5
3
2
5
5
5
5
3
6
5
3
6
7
6
9
8
6
6
5
5
3
6
2
9
5
5
8
5
3
1
3
5
6
11
11
2
8
5
5
9
10
5
4
9
7
6
2
4
11
5
11
0
3
6
6
3
7
10
7
7
3
6
6
7
4
3
7
5
5
5
6
5
6
4
7
5
6
4
6
5
11
5
5
7
8
6
10
4
5
6
4
5
7
7
6
4
7
5
5
5
7
4
7
7
4
5
2
6
12
4
5
9
6
12
6
6
5
7
10
5
3
3
8
3
9
6
4
5
7
8
9
9
3
6
5
5
4
4
2
6
5
5
2
5
6
7
2
4
8
7
7
4
9
8
4
6
7
3
4
4
2
6
9
2
1
6
4
6
4
1
2
4
3
6
6
3
8
6
5
5
1
4
5
10
4
3
8
5
4
5
7
4
2
6
6
3
7
5
10
5
7
6
7
7
7
8
5
5
3
4
5
4
7
10
4
4
2
5
3
8
5
5
6
10
7
5
3
9
7
3
5
5
5
6
4
7
3
5
5
7
7
6
4
6
8
6
8
4
5
10
5
1
5
5
10
8
9
6
3
4
3
0
2
6
8
3
8
6
4
7
7
8
6
4
4
2
3
4
9
7
8
4
2
5
10
10
2
5
4
2
4
6
4
6
5
8
3
5
4
6
3
7
10
9
2
6
3
6
9
4
3
4
3
2
5
3
6
6
3
5
7
5
4
2
10
6
9
3
4
10
12
5
6
5
3
8
4
5
5
4
6
8
5
3
2
2
4
4
6
5
4
3
4
6
4
4
9
4
4
5
2
4
6
11
7
5
6
2
3
4
3
2
12
0
7
5
11
4
7
9
2
7
5
3
7
3
4
8
5
5
4
5
4
4
5
7
2
10
4
5
5
4
3
4
7
8
2
4
5
8
3
2
11
2
2
3
6
5
8
2
3
7
3
3
5
1
4
7
6
8
6
6
6
2
10
9
3
9
5
4
3
8
3
6
3
10
4
4
9
5
3
6
3
3
6
4
7
3
7
1
2
6
3
2
2
6
4
2
8
3
6
6
6
7
5
5
7
7
3
3
5
3
1
2
6
3
8
3
5
5
5
9
2
6
6
4
3
1
1
5
10
2
4
4
10
6
4
4
1
5
6
1
8
5
9
6
9
6
10
1
4
3
4
4
4
5
2
6
2
6
8
5
4
6
5
4
9
4
5
4
2
8
6
6
6
4
3
4
4
2
6
4
7
5
7
5
7
5
6
7
5
7
5
5
4
8
8
5
5
3
4
5
5
3
7
9
8
5
7
9
3
4
3
2
4
8
8
3
6
3
5
3
3
4
11
4
3
5
5
4
4
3
1
7
7
2
4
6
1
5
5
2
2
0
5
2
5
10
4
4
5
3
3
6
8
8
2
3
4
4
4
3
6
9
9
5
7
3
2
6
7
4
6
7
5
4
5
3
6
9
4
6
9
7
4
4
5
5
2
6
3
5
8
6
2
8
2
6
4
4
3
5
4
2
4
9
2
3
5
2
7
4
5
4
4
5
3
4
4
4
9
6
4
4
4
1
6
8
3
0
5
3
5
5
3
1
6
5
3
3
6
3
2
3
3
2
4
5
5
4
4
11
6
3
8
7
1
3
5
5
6
5
7
4
4
5
3
3
4
6
4
5
2
4
5
6
6
4
6
4
7
5
3
6
8
4
5
2
6
2
5
3
4
6
5
4
4
3
2
6
2
11
4
8
7
7
7
0
4
7
6
5
5
3
5
4
7
7
8
4
9
6
8
5
5
7
4
7
5
5
4
7
7
8
6
9
5
7
7
6
8
11
6
9
6
9
13
11
5
9
11
3
11
7
6
11
11
8
9
10
10
8
11
16
5
8
9
8
15
8
5
7
12
10
8
12
10
13
5
11
10
6
6
7
11
9
8
7
9
8
7
11
10
7
11
13
6
8
9
13
7
9
8
3
8
6
9
6
7
6
10
8
4
8
4
8
7
9
6
6
6
11
2
9
5
7
7
2
4
7
6
11
4
10
3
2
3
7
7
10
2
4
5
7
3
7
2
1
0
6
4
6
3
3
3
1
5
9
2
3
2
6
2
5
3
4
3
3
3
0
3
6
4
5
3
5
9
2
6
6
3
4
3
5
1
6
1
7
3
4
0
6
2
2
4
4
4
5
9
5
6
5
2
5
7
4
5
1
4
4
2
3
5
8
6
0
5
4
3
5
6
5
5
4
4
4
4
3
3
3
7
1
7
3
5
3
5
3
0
5
3
1
5
3
8
6
6
7
1
1
2
10
2
7
2
4
7
4
6
2
1
2
5
3
3
3
3
6
2
5
6
5
2
6
2
4
3
3
5
1
7
3
3
3
5
10
4
2
4
3
4
6
5
7
5
3
11
10
2
2
5
3
2
4
6
3
2
5
4
2
9
3
6
7
3
4
4
11
3
4
6
6
3
7
5
5
10
1
6
4
6
4
4
7
5
2
6
5
1
10
8
7
2
4
3
1
4
1
2
2
4
7
2
3
4
5
0
7
6
4
3
3
4
4
7
4
8
3
4
1
2
1
2
2
3
2
5
7
1
3
9
1
7
5
2
2
4
3
3
3
8
3
6
3
5
3
7
7
3
5
6
1
4
0
3
3
10
5
5
6
2
2
1
1
3
2
0
3
4
4
6
5
2
3
7
5
2
7
2
2
5
4
3
3
4
8
3
6
1
4
5
2
8
5
3
3
7
0
2
5
2
6
3
3
1
4
8
4
5
2
4
3
3
8
5
2
2
6
4
3
2
4
4
7
4
2
5
8
4
3
1
4
1
5
5
5
4
5
7
7
6
3
2
3
4
5
11
4
6
6
3
7
3
8
3
4
4
2
5
5
2
5
5
2
1
4
7
2
2
4
3
6
5
6
8
4
1
6
1
2
3
6
1
3
2
6
8
5
1
6
4
8
4
7
5
3
5
4
4
4
2
6
0
2
3
5
9
2
3
3
5
0
6
2
5
4
3
7
2
5
3
6
10
4
3
3
4
2
4
3
1
4
3
10
10
3
3
5
0
2
1
6
3
4
1
4
5
7
5
5
6
12
8
3
6
5
5
13
3
1
2
3
5
3
7
5
7
4
10
8
2
3
11
2
3
5
4
6
6
8
3
7
4
4
7
3
10
6
4
9
6
6
6
5
9
6
8
7
5
4
4
9
1
6
8
7
12
5
6
7
4
6
7
10
6
4
9
6
8
5
3
6
7
8
4
5
10
9
10
6
6
3
5
6
5
4
6
9
6
6
4
5
2
2
6
3
4
7
5
2
4
4
3
8
10
2
5
3
7
2
7
4
6
8
3
1
3
8
5
4
4
2
4
3
7
8
6
3
6
4
3
5
2
6
4
6
4
3
3
2
2
3
4
0
5
7
2
6
3
6
6
5
2
2
2
3
4
5
6
3
5
2
2
4
5
4
6
2
0
8
2
5
4
2
4
3
7
3
4
4
7
5
3
9
12
2
3
4
4
11
2
2
4
2
5
3
3
3
3
3
5
2
7
6
4
5
2
4
3
1
3
2
5
3
3
6
4
1
7
4
6
6
2
5
1
4
2
6
3
6
2
0
3
3
4
6
6
4
4
7
5
3
3
6
4
3
0
3
3
4
2
2
1
2
6
1
2
2
4
4
6
7
3
4
4
3
3
4
4
6
1
2
1
2
6
2
7
3
7
5
2
4
4
4
1
4
0
1
5
4
6
0
1
2
3
4
3
5
2
4
1
4
2
3
2
6
2
4
2
6
6
4
3
5
5
3
2
1
5
5
5
2
2
3
2
3
3
4
3
2
5
2
6
2
2
2
3
2
3
2
2
4
3
1
5
6
3
7
4
2
3
5
1
6
4
3
1
5
5
5
7
3
6
7
4
5
7
4
3
3
3
5
2
4
4
7
3
1
5
0
4
5
4
5
1
5
4
4
4
4
2
3
3
5
6
3
2
2
4
6
2
0
4
4
2
2
9
3
5
3
5
2
1
0
7
2
3
2
3
7
4
5
2
1
4
3
3
2
5
3
4
4
1
3
6
2
5
3
3
2
3
4
1
4
0
3
0
2
2
3
4
2
3
3
4
4
3
4
4
2
5
2
1
6
4
1
2
4
4
3
3
4
3
1
2
5
2
1
4
0
5
4
1
3
5
0
5
2
5
5
5
9
2
5
3
3
5
4
4
1
4
0
0
3
1
2
5
3
3
2
3
1
1
5
4
3
4
4
3
4
10
2
3
2
7
3
4
3
2
5
5
3
2
4
2
5
8
2
5
7
5
3
2
7
2
3
1
6
5
1
6
4
3
3
4
4
0
0
3
1
3
2
8
2
7
4
7
2
5
6
2
2
3
5
1
3
5
3
4
0
2
3
3
5
4
3
2
2
4
5
4
7
1
4
3
6
3
1
2
1
2
2
3
2
3
6
2
7
2
5
4
5
4
3
5
3
3
1
2
2
4
4
2
5
5
3
5
3
6
4
1
2
3
3
3
2
4
1
2
2
3
3
3
2
6
4
7
5
2
0
2
6
2
3
2
0
5
5
1
3
3
3
4
2
2
3
3
3
7
4
2
4
2
3
1
1
6
2
2
5
6
2
4
5
1
2
2
1
4
4
1
3
1
5
2
2
1
1
2
2
3
1
3
3
1
1
4
5
4
2
6
4
4
4
2
5
4
2
5
4
2
2
3
1
3
5
5
1
2
3
6
1
4
3
2
3
6
5
0
5
1
6
1
4
5
8
5
1
1
3
6
5
1
1
6
2
4
0
1
1
5
1
2
8
5
5
3
2
1
2
3
5
1
3
4
5
2
2
4
1
4
6
4
3
8
4
2
3
3
5
6
2
5
7
1
3
2
3
1
4
2
2
3
3
0
3
3
4
3
3
3
4
4
5
2
3
5
2
3
3
3
3
4
10
1
3
1
3
1
2
3
3
7
3
5
6
2
5
1
2
5
7
3
3
10
7
4
6
1
6
1
0
1
1
3
3
2
3
2
4
3
2
4
4
3
4
2
4
0
6
3
4
9
3
4
5
2
3
3
9
8
3
6
3
3
2
6
3
3
3
2
6
2
4
1
5
6
6
3
2
2
4
3
3
4
3
3
2
7
3
4
2
3
4
1
7
3
2
6
4
1
3
3
5
2
4
2
3
5
2
4
1
3
3
2
2
6
3
5
3
4
3
5
2
2
7
3
4
3
2
2
2
5
0
2
3
2
2
2
2
6
5
0
4
3
4
3
4
1
3
4
5
2
6
2
4
4
2
4
2
7
4
2
1
6
2
2
3
2
1
2
4
3
1
3
5
3
0
6
3
4
1
3
5
3
3
5
2
2
1
4
1
1
4
4
2
4
7
3
2
4
2
1
1
1
1
0
5
7
2
5
2
0
3
3
4
2
0
1
3
5
3
4
8
4
1
3
3
3
6
3
7
1
2
1
7
2
3
1
4
2
3
2
3
5
3
2
5
2
8
8
5
3
2
2
4
5
1
2
1
4
5
3
6
2
3
2
3
1
1
4
2
4
0
2
3
4
6
2
3
4
3
2
2
4
2
1
2
4
2
2
0
2
2
3
3
7
2
5
4
1
3
3
3
9
4
1
1
6
4
3
3
3
3
4
5
3
8
4
3
2
4
4
3
3
4
2
2
3
1
6
6
1
2
3
3
4
5
1
3
2
1
4
1
3
2
3
10
2
2
3
4
1
6
1
0
1
1
6
5
4
6
1
4
6
2
2
2
5
4
5
3
0
2
3
3
11
1
4
3
3
4
3
7
4
1
6
4
2
2
4
1
4
6
5
3
0
2
5
7
5
5
7
1
1
5
2
3
4
1
4
2
2
3
7
2
5
4
0
2
1
2
2
4
2
0
4
5
2
3
3
5
3
2
2
2
3
4
5
3
3
3
1
0
1
5
4
5
1
1
4
3
5
2
4
5
2
4
2
2
5
4
2
3
4
6
2
0
3
3
3
4
5
3
4
4
4
2
2
2
2
4
1
4
2
4
5
1
4
1
0
0
3
5
1
5
3
5
5
0
3
2
1
1
5
1
2
1
1
7
4
4
1
2
4
1
2
3
3
2
6
6
4
3
3
1
3
2
6
2
3
1
3
4
3
4
4
3
0
2
0
1
2
3
3
2
4
2
6
3
2
2
5
4
5
3
3
5
4
2
1
3
3
3
1
5
3
5
1
5
2
4
3
5
4
3
2
2
1
2
3
2
5
3
3
3
2
2
1
2
2
5
3
1
5
3
1
2
4
6
1
3
4
1
3
4
4
1
4
2
3
3
3
2
7
2
4
4
2
3
1
3
1
5
4
7
3
4
1
1
4
5
1
3
3
5
2
4
2
0
4
3
3
2
3
2
5
1
3
3
5
1
3
3
5
1
4
3
2
4
2
5
1
1
4
2
2
2
1
2
3
3
5
4
1
4
1
1
7
7
3
2
0
2
2
2
5
5
3
2
1
7
3
2
3
4
1
4
1
3
2
7
1
3
5
1
2
3
2
4
2
5
7
5
3
6
6
2
3
1
4
4
1
5
4
1
3
1
2
3
3
5
6
2
4
4
3
2
3
0
1
2
3
2
3
0
2
3
4
3
4
2
3
2
3
4
4
1
3
6
5
5
11
2
3
4
4
2
2
4
6
2
5
2
10
8
7
8
8
5
6
1
3
4
3
8
5
10
6
6
6
10
6
6
7
1
1
6
5
7
5
6
9
2
3
7
4
3
8
2
6
8
3
6
5
9
4
7
4
7
6
5
8
8
8
3
2
5
12
3
8
3
8
5
7
5
4
5
5
3
6
3
2
12
1
5
5
5
4
5
1
4
4
4
6
3
7
6
3
7
4
3
2
4
4
4
3
5
3
4
3
2
3
4
1
3
2
4
2
8
5
3
0
2
4
5
1
4
2
6
4
3
3
5
4
1
4
0
3
4
1
1
5
6
2
2
2
1
7
0
2
6
3
4
5
0
4
0
4
7
3
3
7
1
2
1
6
3
3
2
3
5
3
2
0
3
2
1
7
5
4
3
3
2
4
3
6
1
6
2
5
2
3
1
4
3
4
3
1
3
1
4
1
1
3
2
1
3
3
2
2
3
1
1
8
4
2
5
3
3
6
4
4
2
2
6
3
2
1
2
5
1
2
1
3
4
1
2
7
3
3
4
3
4
1
1
0
3
3
5
6
0
2
4
2
1
3
1
3
1
3
2
2
2
2
3
1
3
3
1
2
0
3
6
7
3
3
1
3
5
1
4
5
4
4
2
3
2
2
0
5
2
3
3
1
6
3
2
5
2
6
5
2
0
5
0
1
2
3
4
2
4
3
1
3
1
4
3
4
2
4
5
3
3
3
3
4
4
5
3
2
1
1
5
8
9
3
6
2
1
3
2
4
3
1
4
3
3
2
4
3
0
4
0
1
3
1
5
3
2
3
3
1
3
4
2
0
3
2
4
3
0
5
1
1
4
5
1
3
2
0
2
4
4
0
0
4
2
7
3
1
3
5
2
2
2
3
7
1
4
4
1
2
3
6
3
1
1
3
2
5
3
5
2
4
2
2
1
5
1
4
1
3
4
3
0
3
5
2
1
4
2
4
6
6
6
3
4
4
5
4
3
7
4
5
7
3
1
2
3
3
1
4
1
4
2
5
2
3
2
1
4
2
2
3
2
3
2
8
3
4
3
2
1
1
1
1
1
2
4
2
3
4
5
1
5
1
2
3
3
4
6
1
4
3
3
2
2
1
5
0
2
3
1
2
6
5
3
5
3
5
4
3
2
2
0
2
0
2
4
2
4
4
2
3
3
1
5
7
3
3
3
2
0
2
3
1
2
2
0
3
3
1
2
2
3
1
2
2
2
1
3
4
4
5
5
3
4
1
1
2
1
4
5
1
2
1
2
2
5
3
3
3
3
5
3
4
0
1
2
5
3
2
5
2
3
2
1
3
3
1
2
4
2
4
4
3
3
3
0
5
3
2
0
2
3
2
5
4
1
2
4
3
3
1
2
3
7
2
3
3
0
3
3
3
5
4
3
6
3
3
4
3
2
3
4
4
1
3
3
3
4
1
3
4
1
1
1
2
6
2
5
3
3
2
3
3
4
0
1
1
0
3
3
4
1
0
2
1
5
2
2
6
2
3
1
5
3
2
0
1
4
4
4
1
1
3
3
3
3
4
3
3
2
1
3
5
4
3
10
4
2
2
5
5
1
2
0
5
2
5
3
3
2
4
1
1
0
6
6
3
1
3
3
3
1
1
6
2
5
4
1
3
2
2
1
3
3
2
2
2
2
4
4
2
3
2
0
6
4
1
1
2
4
9
3
2
0
1
3
1
2
1
5
3
3
1
0
2
2
2
5
2
1
2
2
2
2
3
3
0
3
2
3
3
3
5
1
3
3
3
5
2
6
2
3
4
2
3
1
2
5
3
3
0
3
3
1
2
5
4
4
0
3
1
6
3
2
2
3
5
6
2
4
2
3
2
3
4
2
1
2
2
4
6
1
3
5
3
4
4
4
4
6
4
1
5
5
3
2
2
1
1
2
4
0
0
2
3
6
0
1
1
2
1
2
6
0
1
2
2
2
3
8
2
5
1
4
2
4
2
3
6
3
1
1
2
1
2
1
0
2
0
4
4
1
2
2
2
2
3
1
2
3
4
5
1
2
2
1
2
2
6
1
2
3
0
2
3
4
3
3
1
0
1
4
1
4
3
4
2
5
5
1
6
3
0
3
1
8
2
5
1
3
3
4
2
3
3
2
3
4
5
4
5
4
4
1
1
1
2
7
2
2
2
6
2
1
3
3
4
1
3
5
2
2
4
4
3
3
4
1
1
0
3
1
5
2
2
4
3
0
3
4
1
1
4
0
2
3
3
4
3
2
5
4
4
3
3
1
2
1
1
1
6
0
0
3
5
3
5
4
0
3
7
3
0
3
2
2
1
6
2
0
2
4
3
2
2
4
6
2
1
3
3
2
6
2
2
1
3
2
5
4
2
3
1
4
0
1
3
4
3
1
3
2
5
3
3
2
1
2
2
3
3
1
2
5
3
5
6
4
4
2
0
6
3
3
7
1
2
3
1
4
4
1
0
0
2
4
2
1
3
2
1
5
4
6
3
0
7
3
3
2
2
4
1
2
4
2
4
2
4
5
3
2
4
3
4
6
2
2
0
0
2
2
6
6
4
3
3
4
3
4
6
3
3
6
2
0
3
5
2
3
2
2
5
3
3
3
3
1
4
5
6
3
1
3
3
2
1
6
4
4
4
6
1
1
4
1
3
3
3
6
1
0
1
3
0
3
2
1
4
4
5
2
4
5
1
2
1
4
2
4
3
3
2
1
2
6
3
3
2
2
3
5
3
2
2
2
2
3
2
4
4
2
2
4
3
3
2
1
5
4
1
2
1
4
3
4
1
3
5
3
5
3
5
1
2
4
5
4
5
4
4
2
6
1
6
3
4
6
3
4
6
2
6
2
2
6
4
4
2
3
3
3
5
3
5
4
4
3
4
4
4
5
3
7
2
2
5
2
2
4
1
4
2
6
0
4
4
6
3
3
0
4
5
5
3
5
3
5
3
3
1
3
3
5
4
8
2
3
7
4
3
3
3
0
3
4
6
1
4
2
2
0
3
1
2
3
2
1
2
1
1
5
1
4
1
2
4
3
1
2
0
3
2
0
5
2
3
1
1
1
1
4
1
2
3
1
1
2
2
3
0
1
3
1
7
5
2
3
2
2
2
4
5
4
2
4
5
4
4
2
2
2
5
4
2
0
0
1
2
1
4
0
3
2
4
2
5
1
2
4
2
2
2
1
2
4
2
0
2
2
1
3
3
1
0
3
4
1
3
3
3
1
4
2
2
2
1
3
2
3
2
3
2
3
1
2
2
2
2
3
2
1
3
3
3
2
2
3
3
3
2
1
2
3
4
1
2
2
4
2
1
1
1
3
2
1
1
3
2
1
3
3
1
1
2
2
2
0
3
2
2
4
1
4
2
1
3
2
3
3
0
3
2
3
1
1
0
3
2
1
3
1
3
2
2
0
1
1
2
0
1
3
2
0
1
1
2
2
0
1
2
0
4
2
2
2
1
1
0
2
0
3
2
1
2
3
3
2
0
5
2
2
3
1
2
0
2
2
3
3
1
2
1
2
2
2
3
3
2
2
3
1
2
2
0
0
1
3
2
1
0
4
1
1
2
4
2
5
4
0
4
0
0
4
3
3
2
2
3
5
1
3
4
2
1
2
1
2
2
1
0
0
1
2
1
1
3
3
0
1
3
1
1
3
4
1
0
3
2
0
1
1
2
0
5
1
1
2
4
0
1
2
2
1
3
1
0
1
1
1
1
1
2
5
4
1
2
3
0
3
3
3
0
0
1
1
2
0
2
0
0
3
1
2
1
2
2
1
0
3
2
3
3
2
0
0
2
1
1
2
1
2
1
1
3
1
1
2
2
0
0
2
3
2
0
2
1
0
2
1
4
1
6
1
2
3
0
4
4
2
1
2
2
0
0
2
0
2
0
4
0
1
1
0
1
3
2
0
1
1
0
1
2
3
2
1
0
2
4
5
0
3
4
1
2
2
2
2
0
1
0
2
1
0
2
1
2
2
2
1
3
2
2
4
1
0
1
3
2
1
0
3
2
2
0
1
3
1
0
1
4
6
1
2
4
1
5
1
3
2
3
1
2
4
1
3
2
3
1
2
1
2
0
2
1
2
0
3
2
0
0
0
1
1
0
0
2
5
2
0
4
1
5
4
2
0
1
1
1
3
4
1
4
0
1
1
1
0
0
3
1
1
3
1
0
1
0
1
2
1
0
1
1
2
0
0
2
1
3
2
0
2
0
2
1
2
2
1
1
2
1
2
1
3
1
1
1
1
2
0
0
0
0
0
0
3
2
0
3
1
5
3
1
2
1
0
2
0
1
1
3
0
2
2
1
0
2
5
4
1
3
1
2
2
1
2
1
2
3
2
1
0
1
2
4
2
1
3
2
0
1
3
2
2
0
5
3
1
3
5
3
1
3
2
3
1
1
0
2
4
3
0
0
3
1
2
4
2
3
0
1
3
2
3
2
2
1
1
1
1
1
0
3
1
2
0
0
1
0
3
1
1
0
1
1
4
1
2
1
1
1
1
1
2
1
2
4
0
1
0
2
1
0
0
2
1
1
1
0
1
1
0
1
2
2
0
0
1
1
1
2
0
1
2
2
1
1
0
1
1
1
2
0
2
3
0
2
1
1
0
5
0
1
1
3
0
1
1
2
1
1
2
2
0
2
1
3
1
1
3
1
1
2
2
1
0
0
2
2
1
1
4
2
1
2
1
0
2
1
1
2
2
3
4
2
1
1
1
2
1
0
2
2
2
1
1
2
1
1
2
1
1
4
2
2
3
2
1
2
0
1
0
0
2
2
1
2
1
0
3
1
0
3
0
0
3
1
1
2
1
0
0
2
3
3
1
2
0
4
1
3
0
1
0
3
0
0
1
0
3
1
4
0
1
0
2
0
0
2
1
1
1
2
0
1
1
2
3
1
2
0
1
2
1
2
1
3
1
0
0
1
2
3
1
1
4
0
0
0
2
0
0
0
0
2
0
1
1
0
1
1
0
1
0
3
1
0
0
0
1
0
1
0
1
0
0
1
3
0
1
2
0
2
2
2
0
0
1
3
0
3
2
1
1
2
1
2
1
0
0
1
2
2
1
0
1
1
3
0
0
0
1
0
0
0
1
0
4
4
1
0
2
1
3
0
2
3
3
1
1
1
2
1
0
4
1
1
1
0
1
2
1
3
2
1
1
3
1
2
0
0
2
1
0
0
0
3
4
1
1
2
0
0
1
3
2
0
1
0
2
0
2
2
1
0
1
1
1
3
1
0
0
1
0
0
2
1
3
2
0
1
1
2
1
2
1
3
0
2
5
2
1
1
0
0
1
1
0
2
1
0
1
0
3
2
0
2
1
1
1
2
1
3
1
2
0
2
1
0
0
2
1
0
1
0
2
1
1
1
0
0
1
1
2
3
1
1
1
1
2
0
0
0
3
1
2
3
2
0
2
3
3
1
0
2
0
1
1
2
2
2
1
0
0
1
0
2
0
0
3
1
1
0
1
2
1
1
2
2
1
1
1
1
0
1
0
1
3
0
1
0
1
3
2
1
0
2
1
1
0
0
1
2
1
2
1
3
0
3
1
0
2
1
1
1
2
3
1
3
1
2
1
1
3
0
2
2
0
1
1
0
2
0
1
0
1
1
0
0
1
1
0
0
0
0
3
4
2
2
1
2
1
1
2
0
0
1
1
0
3
0
0
0
6
2
0
2
0
1
0
2
1
1
0
1
2
1
1
0
0
1
1
1
1
3
1
2
0
2
1
3
3
2
2
0
2
1
2
1
1
2
2
1
0
1
0
1
2
0
0
2
2
1
2
1
0
2
1
3
1
1
1
1
0
1
3
2
0
0
1
1
2
1
0
0
0
0
1
1
0
1
2
0
1
0
1
1
1
1
1
1
0
3
0
0
1
1
2
0
2
2
0
1
1
0
2
0
1
1
1
0
1
0
2
2
2
1
1
0
1
1
0
1
0
1
1
0
2
1
0
1
1
1
0
0
0
1
1
1
2
5
0
4
2
0
0
0
2
0
0
1
1
1
2
2
1
1
0
1
1
1
0
0
2
3
0
0
3
2
0
0
2
2
0
0
4
2
5
0
0
1
0
3
2
2
2
3
2
3
1
1
2
1
1
0
3
2
0
0
3
3
1
1
1
1
3
1
3
2
2
1
4
1
0
4
1
3
1
0
0
1
1
3
0
1
2
0
2
2
2
2
2
2
0
2
2
1
0
1
0
1
1
2
3
4
3
1
2
0
2
0
0
0
1
0
1
0
1
0
1
0
0
1
1
4
1
0
0
2
1
4
1
1
0
0
0
1
1
1
1
0
1
0
1
4
1
0
3
1
1
0
1
1
1
3
0
0
0
0
1
2
0
0
2
3
1
2
2
1
0
1
1
3
1
1
2
0
1
0
3
0
0
2
2
1
2
2
2
0
1
1
0
1
0
1
1
0
2
0
2
1
1
3
0
1
1
2
1
0
0
1
2
0
3
0
3
0
0
1
1
1
2
1
0
1
0
0
1
0
1
1
2
0
1
0
0
1
1
1
0
3
1
2
1
1
3
0
1
0
0
0
0
0
1
0
0
2
2
0
0
1
0
2
0
0
0
1
0
0
2
0
1
0
2
1
0
2
2
1
1
3
1
1
1
1
0
1
1
3
0
0
2
1
1
1
0
0
0
2
1
0
2
2
0
1
1
0
1
1
0
0
2
0
2
0
0
3
0
1
1
0
1
1
0
0
1
1
0
4
0
3
1
0
1
1
3
1
0
3
2
1
4
2
0
1
1
0
1
1
0
0
0
0
1
0
1
1
0
2
0
2
1
1
2
2
1
0
0
0
2
1
4
1
1
1
0
0
1
2
1
1
2
0
2
0
2
0
1
1
1
0
2
4
2
3
2
0
2
1
1
1
0
0
1
1
0
2
2
1
0
0
1
1
0
0
1
1
0
0
1
1
0
1
2
1
1
1
3
0
0
0
1
0
0
0
1
0
1
1
0
2
1
0
0
1
2
0
1
0
1
0
1
0
1
2
0
1
1
2
2
0
0
0
1
0
3
1
1
0
0
1
0
1
2
1
0
2
0
0
0
3
0
0
1
1
3
1
0
2
0
1
1
1
2
1
1
2
1
1
2
1
0
2
0
0
1
0
0
2
0
1
1
0
2
0
0
2
1
0
0
1
0
2
2
2
2
1
1
1
0
0
0
0
0
0
1
2
0
1
3
0
0
0
0
0
1
3
0
1
0
2
1
2
1
0
2
1
0
0
0
0
2
1
0
0
2
1
2
1
1
1
0
1
2
0
2
0
0
3
2
0
2
1
1
1
1
0
1
2
0
1
0
3
1
1
0
1
0
0
1
0
0
0
0
2
1
0
0
1
0
2
1
1
3
0
2
1
0
1
0
0
0
1
0
3
1
1
0
0
1
1
0
1
2
2
1
1
1
0
0
0
1
1
0
2
1
2
0
1
1
0
0
0
2
1
2
1
0
1
2
0
2
3
0
0
1
0
1
2
1
0
0
0
2
4
0
1
0
1
0
1
1
2
1
1
0
2
0
1
2
2
2
1
0
0
1
3
2
1
0
1
1
0
0
1
0
0
0
3
0
0
1
1
0
0
3
2
0
1
0
0
0
2
1
0
2
0
0
1
0
1
0
1
0
3
0
2
0
0
0
3
1
0
1
0
1
1
0
0
0
1
0
0
2
0
1
0
0
0
0
0
2
0
1
0
0
0
2
0
0
2
2
0
0
2
0
0
0
3
1
0
1
1
3
1
2
1
1
0
0
2
2
1
5
0
1
0
1
3
3
2
1
1
2
2
0
0
1
1
1
2
2
1
1
1
2
1
0
1
0
4
2
0
0
2
1
0
0
1
1
2
0
1
1
0
3
2
0
2
4
0
2
1
2
5
3
2
5
1
2
2
4
3
1
4
3
3
5
3
10
4
1
6
11
6
8
5
8
0
4
5
6
9
10
7
5
14
12
7
12
11
15
5
7
10
6
14
11
11
8
10
11
11
14
10
17
13
12
11
11
16
16
11
15
13
15
13
15
13
6
11
13
20
13
10
18
10
9
9
11
8
13
10
11
14
12
7
17
9
15
8
10
7
9
13
6
13
7
13
3
9
11
13
12
5
7
11
8
15
7
9
9
10
6
7
7
9
2
10
8
13
10
5
8
7
4
3
9
6
5
4
5
5
6
3
4
2
3
2
6
3
1
1
4
4
2
3
2
7
1
3
1
2
2
3
2
3
5
3
4
1
3
1
1
2
3
4
0
2
0
1
1
1
2
2
4
0
0
0
1
2
2
0
1
1
2
1
0
0
1
0
1
0
0
0
0
1
0
0
0
2
1
1
0
0
1
0
1
2
0
1
0
0
0
0
1
0
0
1
0
0
1
1
2
0
0
0
0
1
0
3
0
0
0
0
0
0
0
1
0
3
0
0
1
0
0
0
0
0
1
1
0
0
0
0
0
0
3
0
3
1
1
0
0
0
0
0
0
1
0
1
0
0
0
0
1
1
0
0
1
1
2
0
0
0
1
2
1
3
0
0
0
0
2
0
0
0
2
3
0
2
1
1
0
2
0
3
0
0
0
1
1
1
1
0
0
0
1
0
2
0
1
1
1
2
0
2
2
0
0
0
0
0
0
0
0
0
0
0
0
0
1
0
0
0
0
0
1
1
0
2
1
0
1
0
0
0
2
0
0
0
0
1
1
1
1
0
1
0
0
0
1
0
0
1
0
1
1
0
2
0
0
0
0
1
1
3
1
1
0
1
1
0
2
1
0
0
2
0
0
0
0
2
0
2
1
1
0
1
0
0
0
1
0
0
0
1
0
0
0
1
1
1
1
0
1
1
0
1
0
1
1
0
0
0
0
1
0
2
1
0
0
1
0
1
2
1
0
1
1
0
2
1
1
1
0
0
1
0
1
1
2
1
0
0
1
0
0
0
0
1
1
1
2
0
1
2
0
0
1
0
0
1
0
2
1
0
1
0
0
1
2
0
2
0
0
1
1
2
0
1
0
3
1
0
0
0
1
0
0
1
1
0
1
0
0
1
1
0
0
2
0
1
0
4
0
0
2
0
1
0
0
1
1
2
0
1
1
1
2
0
1
1
1
1
1
0
0
0
0
0
0
0
1
0
2
2
2
2
0
0
0
1
0
2
1
1
1
1
1
0
0
0
2
0
0
1
0
2
0
0
2
1
0
0
0
2
1
1
0
0
0
2
0
1
0
1
1
1
0
0
0
3
0
1
2
2
1
2
0
1
0
1
2
2
0
1
0
1
0
1
0
2
0
1
1
0
1
0
1
2
1
0
0
0
1
0
1
2
0
1
1
0
1
0
0
0
1
1
0
0
0
0
1
0
0
0
0
0
0
0
1
0
0
0
0
0
0
0
1
0
0
0
1
0
1
0
0
1
2
0
0
0
2
1
0
0
3
1
0
0
0
0
0
0
0
1
0
1
1
2
0
1
0
0
0
0
0
0
0
0
1
0
0
0
1
1
0
1
0
0
0
0
1
1
2
0
0
0
0
0
0
0
0
0
2
1
1
0
0
0
1
2
3
0
0
0
0
0
0
1
1
1
0
1
0
3
1
0
1
0
0
0
1
0
0
1
0
0
1
1
2
0
0
1
0
1
0
3
1
1
1
0
0
0
0
0
0
0
1
1
1
0
0
0
0
0
1
1
0
2
2
0
0
1
0
0
0
1
0
2
0
0
0
0
1
0
0
0
1
1
0
0
1
0
0
2
0
0
0
2
0
4
1
2
0
0
3
0
0
1
2
1
3
0
0
0
0
0
0
0
0
0
0
0
1
0
1
1
0
0
1
0
0
0
0
0
1
0
0
0
1
1
0
0
1
1
0
0
0
1
0
0
1
1
0
1
0
1
0
0
1
1
1
1
0
0
0
1
1
2
0
0
0
1
0
1
0
0
0
1
0
1
0
0
0
0
0
0
0
0
0
0
0
0
0
0
0
1
0
1
2
1
0
0
0
0
1
1
0
0
0
0
0
0
0
1
2
0
0
0
0
1
1
2
0
0
1
1
0
0
1
0
1
0
0
0
0
0
0
3
0
0
0
1
0
0
0
1
2
0
0
0
0
1
0
0
2
0
0
1
1
1
3
1
0
0
1
0
1
0
0
1
0
0
0
1
1
1
0
0
0
0
0
0
0
1
1
1
1
0
1
1
3
0
2
0
1
0
0
0
0
0
1
0
1
0
0
1
0
2
0
0
1
0
0
0
0
0
0
0
0
0
0
2
0
1
0
0
0
0
0
0
0
0
0
0
0
0
0
0
0
0
0
0
0
0
0
0
0
0
0
0
0
0
0
0
0
0
0
0
0
0
0
0
0
0
0
0
0
0
0
0
0
0
0
0
0
0
0
0
0
0
0
0
0
0
0
0
0
0
0
0
0
0
0
0
0
0
0
0
0
0
0
0
0
0
0
0
0
0
0
0
0
0
0
0
0
0
0
0
0
0
0
0
0
0
0
0
0
0
0
0
0
0
0
0
0
0
0
0
0
0
0
0
0
0
0
0
0
0
0
0
0
0
0
0
0
0
0
0
0
0
0
0
0
0
0
0
0
0
0
0
0
0
0
0
0
0
0
0
0
0
0
0
0
0
0
0
0
0
0
0
0
0
0
0
0
0
0
0
0
0
0
0
0
0
0
0
0
0
0
0
0
0
0
0
0
0
0
0
0
0
0
0
0
0
0
0
0
0
0
0
0
0
0
0
0
0
0
0
0
0
0
0
0
0
0
0
0
0
0
0
0
0
0
0
0
0
0
0
0
0
0
0
0
0
0
0
0
0
0
0
0
0
0
0
0
0
0
0
0
0
0
0
