0
0
0
0
0
0
0
0
0
0
0
0
0
0
0
0
0
0
0
0
0
0
0
0
0
0
0
0
0
0
0
0
0
0
0
0
0
0
0
0
0
0
0
0
0
0
0
0
0
0
0
0
0
0
0
0
0
0
0
0
0
0
0
0
0
0
0
0
0
0
0
0
0
0
0
0
0
0
0
0
0
0
0
0
0
0
0
0
0
0
0
0
0
0
0
0
0
0
0
0
0
0
0
0
0
0
0
0
0
1
1
1
20
956
6784
12819
12601
11492
10843
10387
10607
10277
10507
10717
10542
10774
10932
11068
11290
11587
11535
11565
11764
11660
11665
11643
11614
11727
11789
11738
11651
11700
11488
11597
11226
11613
11146
11355
11302
11475
11309
11132
11276
11166
11049
10971
10990
11026
10922
10901
10799
10919
10747
10823
10840
10933
10683
10535
10662
10741
10558
10565
10564
10585
10598
10549
10496
10398
10318
10387
10388
10383
10154
10144
10156
10392
10274
10148
10294
10131
10135
10159
10164
10115
9913
10059
10062
10015
9816
9928
9979
9973
9742
9747
9957
9802
9673
9761
9799
9871
9724
9589
9691
9632
9569
9638
9753
9700
9521
9565
9527
9592
9851
9617
9510
9428
9316
9550
9616
9577
9362
9470
9633
9373
9436
9301
9176
9303
9460
9306
9444
9360
9385
9368
9205
8978
9310
9337
9292
9298
9256
9339
9140
9075
9164
9173
9112
9133
9118
9006
9224
9093
9124
8975
9088
9008
8975
9115
8867
8960
8828
9046
9014
8973
9062
8968
8841
8895
8850
8806
8765
8823
8846
8853
8890
8922
8902
8782
8899
8898
8779
8827
8769
8676
8799
8871
8692
8668
8805
8943
8693
8837
8747
8769
8631
8610
8635
8610
8595
8293
8767
8564
8681
8600
8653
8518
8571
8549
8472
8553
8494
8449
8546
8539
8590
8472
8464
8547
8475
8422
8538
8500
8272
8510
8434
8372
8517
8304
8436
8261
8384
8367
8431
8375
8354
8326
8333
8409
8258
8381
8140
8299
8311
8208
8206
8358
8398
8354
8332
8235
8112
8275
8188
8295
8276
8264
8244
8236
8031
8126
8342
8211
8147
8134
8231
8267
8143
8156
7986
8271
8091
8319
8265
8159
8180
8123
8201
8114
8103
8086
8198
8089
8087
8050
8166
8115
7974
8152
8082
8086
8041
8043
8004
7902
7882
8108
8041
7978
7974
7963
8007
7976
7843
7846
7991
8012
7845
8188
8042
8063
7890
8098
7885
7885
8004
7918
7986
7767
7916
7688
7928
7882
7789
7825
7834
8147
7744
7789
7865
7887
7942
7789
7844
7972
7815
7826
7968
7746
7836
7919
7705
7771
7849
7661
7786
7490
7683
7736
7723
7628
7867
7711
7840
7650
7708
7895
7734
7777
7787
7841
7618
7647
7799
7673
7759
7665
7675
7676
7787
7645
7693
7693
7573
7760
7580
7458
7761
7794
7671
7581
7702
7634
7665
7586
7532
7546
7706
7620
7597
7593
7503
7508
7494
7612
7491
7491
7633
7655
7481
7607
7481
7643
7525
7607
7543
7617
7613
7574
7575
7516
7615
7533
7408
7587
7458
7574
7449
7515
7449
7445
7493
7467
7478
7533
7500
7418
7410
7550
7483
7668
7583
7465
7393
7455
7513
7467
7309
7491
7479
7266
7407
7355
7350
7462
7276
7333
7458
7451
7353
7364
7300
7315
7489
7295
7419
7308
7393
7384
7460
7495
7351
7480
7302
7417
7253
7287
7274
7364
7313
7151
7433
7303
7286
7238
7279
7306
7209
7131
7269
7440
7341
7362
7214
7308
7236
7332
7391
7217
7166
7194
7188
7198
7282
7392
7328
7380
7327
7216
7303
7335
7299
7273
7192
7262
7249
7136
7263
7077
7363
7224
7175
7192
7280
7086
7173
7359
7240
7215
7180
7094
7189
7364
7252
7255
7109
7294
7309
7006
7216
7206
7197
7197
7114
7263
7090
7100
7150
7231
7178
7243
6967
7182
7121
7202
7220
7229
7231
7136
7085
7035
7242
7252
7174
7079
7111
7176
7073
7267
7076
7131
7068
7015
7191
7068
7138
7256
7286
7335
7041
7171
7153
7103
7263
7152
7083
7164
7155
7199
7050
7268
7120
7141
7191
7156
7024
7140
7197
7271
6989
7042
7144
7159
7352
7185
7231
7201
7122
7197
7314
7061
7167
7082
7149
7089
7165
7234
7101
7189
7024
7160
7143
7165
6967
7192
7151
7139
7078
7047
7217
7056
7172
7069
7190
7142
7192
7195
7137
7162
7140
7268
7250
7115
7073
7032
7120
7263
6998
7189
7214
7118
7058
7033
7063
7214
7310
7101
7102
7074
7038
7168
7069
7224
7159
7162
7176
7273
7093
7077
7126
7093
7110
7248
7206
7170
7117
7169
7283
7227
7150
7218
7389
7054
7177
7259
7358
7417
7322
7394
7407
7346
7374
7479
7469
7556
7370
7555
7622
7710
7560
7542
7750
7730
7668
7792
7854
7972
7815
7730
7937
7846
7760
7820
7942
7967
8118
7867
8007
8175
8085
8189
8065
7972
7950
8136
8146
8033
8111
7930
8044
8088
8166
8056
8035
8197
8308
8329
8116
8173
8315
8262
8313
8396
8418
8314
8513
8627
8773
8962
9310
9405
9440
9526
9506
9319
9192
9182
9013
8951
8935
8834
8717
8707
8550
8328
8347
8285
8263
8275
8037
8090
8149
7834
7899
7699
7684
7670
7541
7546
7614
7423
7436
7305
7299
7225
7518
7133
7071
7001
7153
7063
6994
7038
7084
7199
7082
6853
7018
6945
6870
7050
6926
6982
6808
6896
6832
6741
6933
7035
6846
6904
6997
6856
6925
7044
6874
6815
6976
6802
6984
6886
6916
7040
7034
6963
7009
7072
6839
6929
7034
6986
7026
6922
7025
6992
7030
7148
6990
7100
6968
6939
7125
7089
7038
7111
7114
7029
7090
7114
7195
7012
7212
7132
7261
6939
7111
7365
7240
7154
7063
7279
7131
7174
7195
6958
7175
7167
7242
7279
7345
7323
7177
7257
7187
7311
7065
7298
7204
7243
7341
7287
7178
7139
7282
7244
7071
7427
7246
7418
7314
7332
7190
7332
7530
7424
7409
7356
7489
7452
7483
7415
7259
7439
7459
7235
7356
7459
7261
7369
7480
7371
7504
7352
7372
7466
7552
7522
7596
7749
7508
7476
7586
7725
7535
7506
7436
7592
7652
7637
7753
7575
7705
7701
7628
7503
7745
7718
7729
7598
7569
7666
7778
7658
7574
7675
7792
7671
7610
7923
7748
7888
7805
7786
7849
7699
7805
7785
7820
7977
7714
7820
7890
7959
7791
7695
7906
7771
7895
7951
8052
7894
7975
7973
7926
8003
7948
7778
7979
8058
7960
7970
8113
7980
7980
8021
8048
7985
8071
8163
8146
8089
7882
8039
8255
8150
8228
7967
8280
8092
8183
8187
8091
8215
8198
8422
8052
8106
8406
8215
8165
8308
8339
8326
8314
8258
8213
8064
8336
8130
8327
8369
8163
8169
8381
8340
8478
8425
8116
8221
8379
8378
8220
8243
8483
8226
8416
8451
8420
8431
8376
8307
8522
8189
8428
8456
8574
8443
8532
8526
8435
8475
8465
8634
8483
8366
8514
8489
8517
8501
8547
8489
8729
8528
8559
8575
8455
8751
8491
8683
8550
8707
8566
8606
8495
8556
8624
8606
8587
8685
8693
8578
8604
8692
8728
8709
8699
8803
8785
8660
8659
8801
8745
8736
8789
8706
8631
8633
8823
8755
8620
8817
8666
8908
8857
8680
8814
8820
8966
8717
8820
8930
8741
8859
8822
8774
8951
8816
8940
8944
8852
8936
8818
8946
9001
8957
8931
8872
8963
8907
8982
9036
8866
9170
9114
9032
8942
8992
9053
9178
8970
9018
9074
8919
9111
9001
9038
9119
9052
9029
9060
9108
9072
9037
9154
9055
9246
9112
9162
9103
8937
9198
9013
9084
9069
9112
9228
9069
9246
9113
9184
9254
9196
9184
9104
9013
9238
9182
9131
9351
9238
9292
9241
9216
9290
9150
9089
9277
9331
9288
9307
9284
9386
9193
9301
9257
9293
9289
9249
9394
9191
9460
9374
9265
9322
9489
9434
9340
9349
9388
9244
9501
9512
9319
9443
9472
9475
9444
9317
9501
9344
9391
9478
9454
9348
9516
9551
9377
9430
9631
9481
9631
9492
9512
9576
9470
9677
9656
9679
9525
9675
9548
9578
9450
9586
9692
9686
9677
9686
9491
9622
9640
9681
9733
9641
9706
9819
9654
9614
9692
9855
9885
9706
9709
9749
9651
9741
9802
9792
9936
9917
9836
9998
9812
9777
9831
9878
9727
9981
9949
9827
9944
9825
9967
9751
9994
9835
9920
9850
9795
9921
10059
9998
9879
9993
10132
10017
9892
10120
9968
10101
10160
10032
10147
10157
10103
10163
10069
10195
10131
10237
10144
10131
10140
10149
10265
10262
10075
10250
10189
10178
10274
10251
10289
10179
10244
10189
10163
10328
10329
10059
10247
10244
10277
10316
10289
10366
10389
10398
10577
10482
10387
10477
10456
10517
10381
10554
10631
10634
10476
10533
10434
10444
10644
10458
10486
10793
10503
10671
10729
10592
10618
10606
10586
10792
10641
10735
10646
10699
10282
10701
10783
10810
10779
10836
10685
10766
10890
10503
10716
10787
10828
10733
10839
10658
10801
10826
10841
10729
10918
10872
10675
10951
11041
10906
10876
10813
10966
10932
10924
10864
10818
11049
10859
10935
11001
10879
10887
10806
11072
10961
11166
11022
11123
11157
10883
11146
11027
11079
11101
10952
11206
11144
11071
11059
11173
11095
11167
11212
10975
11205
11161
11360
11051
11059
11086
11251
11158
11266
11303
11305
11319
11336
11523
11497
11437
11399
11452
11429
11431
11487
11586
11418
11498
11558
11385
11469
11538
11790
11523
11604
11507
11623
11503
11644
11646
11819
11556
11613
11852
11780
11860
11870
11846
11898
11778
11789
11868
11824
11933
11772
11665
11857
11883
11729
11884
11954
11920
12005
11950
11853
11901
11841
11835
12093
12039
12123
11834
12099
11963
11819
11888
11931
11768
11869
12038
12050
11959
11998
12105
11971
12044
11889
12101
12087
12133
12115
11822
12196
11929
11941
12065
12120
12262
12130
12073
12076
12312
12377
12012
12089
12042
12356
11996
12180
12465
12227
12298
12117
12118
12095
12172
12010
12044
12492
12097
12207
12303
12128
12429
12201
12239
12346
12509
12319
12370
12318
12213
12383
12425
12278
12179
12110
12299
12149
12209
12272
12150
12253
12268
12339
12255
12483
12580
12427
12486
12423
12479
12553
12530
12796
12754
12762
12610
12798
12581
12558
12411
12374
12509
12522
12456
12514
12295
12229
12328
12313
12080
12126
11980
11867
11905
12041
12128
11756
11899
11928
11850
11737
11501
11717
11507
11674
11672
11418
11461
11481
11356
11366
11322
11478
11441
11408
11319
11216
11231
11386
11241
11251
11185
11046
11346
11074
11247
11291
11247
11263
11109
11208
11070
11267
11339
11182
10908
11332
11061
11255
11084
10857
11104
10692
10940
11067
11099
11137
11046
10852
11045
10951
11066
11001
10977
11109
10874
10812
10950
10926
11010
10898
10801
10968
10927
10942
10988
11107
10870
10924
10813
10745
10907
10849
10927
10685
10770
10858
10919
10833
10837
10781
10656
10713
10764
10574
10728
10845
10729
10628
10507
10828
11033
10662
10735
10722
10764
10615
10761
10735
10627
10558
10498
10877
10858
10702
10686
10670
10487
10733
10721
10701
10477
10578
10646
10515
10519
10882
10614
10655
10593
10508
10606
10712
10472
10513
10562
10547
10587
10526
10457
10658
10682
10435
10552
10654
10604
10525
10400
10429
10579
10620
10369
10413
10464
10473
10500
10451
10577
10421
10515
10524
10391
10275
10403
10306
10381
10559
10489
10501
10210
10283
10380
10367
10446
10386
10395
10404
10176
10300
10276
10260
10478
10366
10355
10413
10421
10232
10242
10305
10343
10495
10276
10418
10363
10285
10244
10159
10454
10349
10231
10318
10306
10192
10348
10505
10107
10270
10237
10365
10120
10179
10239
10200
10138
10216
10184
10169
10182
10072
10171
10284
10127
10049
10300
9994
10143
10041
10242
10137
9967
10311
10182
10111
10051
10133
10088
10207
10240
9999
10106
10068
9984
10086
10115
10091
10105
10042
10106
10095
9890
10134
10032
9865
10030
10164
10054
9707
9983
10066
10019
9980
10173
9824
10006
9958
9932
9831
9977
10061
9880
10086
9957
10043
10028
9988
10022
10046
10097
9811
10010
9974
10045
9739
9834
9913
10065
9792
9993
9858
10089
10028
9963
9986
9757
9768
9848
9855
9861
9816
9849
9840
9796
9869
9940
9935
9856
9817
9714
9869
9786
9791
9799
9851
9833
9927
9766
9724
9994
9877
9762
9847
9734
9844
9585
9916
9772
9868
9784
9658
9527
9898
9742
9774
9663
9740
9563
9767
9653
9752
9678
9909
9747
9807
9744
9743
9701
9673
9706
9791
9681
9699
9715
9624
9590
9695
9769
9532
9517
9648
9689
9770
9643
9661
9529
9588
9541
9742
9505
9465
9631
9554
9548
9709
9498
9634
9488
9525
9451
9395
9514
9490
9432
9529
9498
9574
9563
9472
9457
9378
9593
9346
9402
9613
9315
9568
9429
9421
9377
9314
9550
9412
9275
9162
9464
9403
9366
9342
9321
9144
9410
9375
9250
9317
9237
9116
9317
9264
9283
9004
9089
9177
9017
9227
9038
9115
9204
9208
9023
9129
9061
8976
8978
8827
9002
9007
8880
8806
8865
9017
8898
8886
8716
8839
8811
8811
8851
8657
8866
8705
8600
8811
8665
8509
8710
8608
8784
8492
8544
8441
8713
8530
8515
8342
8462
8618
8370
8366
8442
8424
8419
8404
8191
8436
8334
8225
8207
8113
8182
8143
8105
8135
8008
7930
8005
8101
8018
7932
7940
7806
7901
7963
7798
7810
7960
7902
7891
7790
7818
7834
7707
7780
7749
7717
7793
7673
7612
7614
7560
7799
7759
7739
7588
7618
7580
7629
7633
7699
7443
7603
7494
7629
7533
7508
7440
7462
7545
7472
7342
7486
7363
7341
7346
7337
7390
7329
7249
7261
7389
7333
7190
7233
7357
7378
7301
7168
7311
7349
7364
7332
7288
7204
7134
7247
7148
7326
7097
7090
7171
7183
7046
7115
7125
6987
7143
7055
7152
7070
7097
7009
7152
7257
7194
7156
6960
7194
7207
7153
7220
7131
7253
7145
7101
7121
7076
7103
7044
7241
7002
7051
7194
7070
7175
7158
7193
7059
7274
7177
7093
7123
7207
7189
7167
7244
7082
7224
7156
7360
7145
7087
7186
7184
7172
7039
7125
7128
7063
7028
7298
7115
7204
7161
7047
7177
7143
7144
7257
7349
7175
7182
7414
7332
7257
7595
7296
7388
7374
7359
7388
7543
7347
7365
7284
7226
7256
7214
7206
7237
7124
7147
7225
7079
6973
7047
6902
7024
7038
6791
6827
6790
6800
6766
6696
6656
6721
6606
6656
6670
6630
6602
6525
6457
6590
6473
6579
6429
6340
6417
6496
6393
6501
6258
6237
6359
6368
6365
6323
6396
6292
6260
6301
6269
6247
6192
6199
6265
6337
6247
6161
6249
6253
6227
6233
6250
6211
6264
6188
6230
6174
6208
6197
6117
6078
6175
6192
6126
6146
6002
6058
6060
6023
6149
6046
5990
5931
5963
6036
6089
6119
6047
6011
5938
6176
6051
6070
6003
6107
5930
6051
5987
6033
5882
6033
5998
6001
5907
5943
5853
5681
6100
5912
5898
6019
5763
5752
5734
5962
5842
5852
5920
5882
5875
5917
5771
5803
5762
5772
5804
5863
5832
5774
5633
5853
5951
5822
5706
5799
5806
5821
5764
5871
5857
5714
5661
5692
5765
5770
5625
5668
5800
5630
5654
5626
5788
5660
5692
5617
5706
5685
5674
5698
5795
5462
5730
5597
5653
5713
5687
5666
5681
5619
5494
5508
5636
5636
5563
5566
5520
5459
5658
5666
5690
5511
5639
5757
5699
5667
5700
5704
5621
5579
5654
5675
5520
5510
5464
5547
5454
5497
5490
5354
5563
5651
5540
5406
5527
5513
5519
5477
5529
5473
5458
5458
5422
5624
5487
5267
5428
5512
5384
5504
5481
5420
5469
5421
5488
5531
5356
5391
5379
5376
5335
5414
5378
5336
5393
5437
5301
5374
5432
5417
5382
5342
5362
5360
5289
5307
5354
5481
5354
5418
5291
5417
5375
5398
5388
5341
5379
5302
5295
5318
5223
5353
5377
5332
5341
5261
5234
5193
5180
5269
5244
5312
5233
5281
5225
5319
5266
5244
5207
5241
5179
5343
5237
5269
5164
5288
5163
5300
5238
5240
5244
5243
5183
5259
5223
5238
5210
5132
5203
5214
5146
5149
5301
5180
5236
5099
5164
5153
5152
5136
5206
5063
5110
5122
5195
5198
5120
5188
5067
4982
5093
5011
5094
5038
5131
5158
5154
5030
5114
5044
5064
5133
5108
5050
5021
5098
4945
5169
5027
5068
5066
5039
5054
5058
5151
5092
4958
5058
5053
5001
5017
4988
4987
4830
4970
5004
5015
5002
4945
5060
5033
4971
5051
5132
4914
5060
4995
4999
4960
5025
4906
4982
5107
4937
5130
5003
5140
5008
4887
4964
4943
4977
4821
4858
4923
4971
4944
4884
4894
4853
4822
4926
4905
4928
4907
4939
4841
4917
4973
4971
4967
4912
4933
4897
4973
4933
4857
4903
4974
4755
4784
4999
4781
4794
4916
4866
4934
4865
4809
4950
4837
4853
4873
4881
4947
4945
4776
4876
4866
4845
4935
4787
4869
4749
4779
4818
4704
4854
4738
4902
4872
4798
4793
4672
4799
4810
4773
4705
4761
4914
4826
4793
4743
4797
4868
4754
4712
4864
4778
4726
4753
4777
4939
4864
4783
4827
4910
4964
4942
4967
4931
5013
5132
5138
5159
5148
5309
5320
5480
5441
5498
5726
5782
5911
6008
6089
6205
6177
6304
6508
6696
6834
6848
6926
7034
7279
7311
7513
7781
7973
7995
8089
8175
8255
8372
8510
8847
8787
8793
8969
9018
9193
9281
9438
9473
9453
9676
9522
9686
9616
9812
9874
9710
10092
9876
10008
10007
10285
10354
10113
10446
10511
10689
10793
11087
11318
11648
11956
12461
12684
13203
13492
13990
14402
14679
14834
15159
15104
15205
15209
14955
14874
14473
14293
14025
13569
13181
13062
12663
12213
11629
11380
11145
10552
10270
9942
9719
9424
9055
8737
8217
8076
7651
7510
7249
6941
6750
6553
6382
6192
6023
5754
5646
5406
5246
5169
5076
4960
4875
4823
4821
4668
4706
4678
4571
4639
4445
4441
4463
4381
4354
4429
4339
4341
4244
4134
4368
4223
4104
4180
4281
4224
4096
4164
4132
4225
4198
4195
4208
3982
4074
4291
4139
4235
4176
4088
4222
4174
4133
4101
4205
4137
4113
4136
4176
4028
4225
4151
4076
4191
4158
3992
4332
4115
4138
4045
4140
4205
4166
4164
4173
4206
4108
4226
4021
4175
4212
4135
4112
4067
4168
3979
4220
4175
3995
4219
4103
4186
4142
4027
4134
4152
4124
4093
4154
4084
4064
4099
4076
3932
4065
4113
4130
4181
4142
4134
4099
4149
4161
4087
4116
4177
4127
4101
4085
4125
4211
4165
4096
4072
4045
4113
4097
4064
4099
4202
4182
4082
4198
3997
4069
3973
4159
4034
4080
4216
4134
4035
4091
4200
3968
4079
4117
4195
4253
4073
4149
4197
4138
4124
4166
4105
4028
4233
4171
4223
4353
4287
4301
4220
4376
4464
4516
4567
4524
4429
4645
4836
5003
5148
5264
5370
5578
5660
6002
6116
6294
6534
6871
7037
7423
7600
7870
8212
8334
8828
9189
9406
9684
10133
10216
10711
11076
11347
11668
11870
12304
12768
12598
13321
13437
13686
13916
14124
14337
14620
14943
14822
15065
15287
15682
15832
15854
15907
16014
16321
16420
16511
17014
17143
16961
17026
17490
17521
17893
18251
18406
19066
19418
20008
20634
21393
21985
22874
23991
24730
25566
26663
27155
27981
28488
28799
28901
28825
28897
27965
27816
27432
26454
26276
25252
24402
23574
22618
21928
20560
20165
19539
18277
17394
16630
15893
14764
14338
13335
12570
11967
11217
10627
10120
9385
8894
8478
7935
7386
6937
6666
6377
5953
5768
5514
5269
5036
4784
4705
4385
4286
4185
4013
3814
3820
3757
3650
3479
3423
3334
3417
3457
3316
3280
3281
3305
3251
3218
3159
3228
3164
2990
3232
3145
3132
3118
3043
3160
3070
3094
3125
3125
3132
3100
3076
3094
3110
3048
3045
3027
3213
3081
2974
3018
3100
2987
3006
3113
2974
2948
3099
3019
2972
2892
2961
2938
3057
2910
3025
2994
3169
3076
2890
2987
3140
2981
2961
2986
3030
2924
2985
2973
2980
2897
2961
3100
3024
3019
2942
2932
2974
3017
3105
3095
2947
2858
3050
3007
3053
2952
3005
2941
2945
2947
2982
2930
2949
2888
2979
2955
2971
2942
2942
2960
3004
2958
2928
2850
2947
2941
2891
2896
2943
2955
2909
2885
2964
2810
3017
2972
2972
2847
2986
2942
2944
2872
2922
2986
2931
3006
2902
2953
2944
2906
2925
2864
2936
2818
2957
2926
2943
2921
2878
2886
2938
2904
2962
2830
2916
2830
2966
2893
2842
2940
2822
2945
2803
2847
2843
2838
2730
2929
2900
2932
2890
2954
2899
2821
2905
2966
2946
2846
2919
2908
2830
2868
2918
2851
2932
2882
2818
2811
2803
2837
2951
2879
2894
2849
2824
2915
2864
2812
2951
2908
2870
2856
2786
2894
2996
2873
2757
2840
2824
2912
2894
2829
2911
2862
2911
2820
2913
2925
2765
2762
2836
2811
2811
2929
2875
2826
2748
2917
2870
2786
2810
2830
2752
2851
2817
2934
2810
2824
2837
2923
2743
2782
2840
2755
2842
2773
2757
2892
2885
2787
2850
2824
2754
2742
2797
2818
2754
2844
2727
2819
2754
2844
2798
2823
2832
2762
2831
2849
2867
2750
2789
2665
2799
2641
2732
2794
2789
2852
2874
2700
2780
2735
2782
2774
2750
2902
2724
2828
2707
2818
2703
2815
2714
2871
2719
2725
2823
2826
2859
2813
2792
2827
2800
2709
2857
2762
2762
2856
2776
2743
2736
2849
2911
2816
2786
2790
2746
2881
2727
2827
2878
2825
2825
2737
2795
2813
2800
2786
2775
2758
2788
2714
2719
2722
2887
2833
2715
2819
2693
2918
2784
2816
2781
2748
2762
2742
2824
2947
2799
2814
2769
2817
2827
2702
2743
2827
2819
2849
2762
2768
2809
2841
2729
2883
2851
2729
2911
2865
2847
2826
2777
2782
2793
2702
2749
2836
2737
2807
2937
2796
2750
2840
2840
2672
2793
2779
2794
2742
2799
2874
2772
2916
2815
2911
2884
2824
2756
2836
2794
2930
2819
2869
2904
2954
2979
2925
2930
2936
2956
2833
2945
2912
2979
2831
2966
3001
2978
3048
3125
3069
3038
3077
3136
3130
3130
3238
3275
3397
3409
3384
3511
3688
3823
4071
4084
4337
4548
4760
5048
5436
5765
6182
6715
6961
7441
8108
8616
9359
9924
10508
11399
12133
12762
13815
14463
15315
16460
17075
18241
18878
19891
20957
21674
22789
23548
24934
25417
26719
27376
28213
29128
30210
31049
31585
32671
33141
33949
34712
35589
35982
36554
36989
37894
38168
39167
39554
40387
40152
40900
41194
41770
42625
43272
43607
44633
45098
45820
46430
47856
49262
50717
52431
53902
55871
58140
60418
62373
64630
67326
69119
70716
72250
73503
74534
73701
73968
73104
72743
71460
70049
68311
66515
64474
62204
60447
57698
55382
52701
49969
47807
45019
42106
39848
37832
35286
33094
30514
28807
26377
24468
22535
21003
19131
17604
16302
14833
13606
12291
11403
10459
9293
8606
7667
7203
6381
5825
5243
4850
4359
3962
3537
3431
3135
2810
2552
2344
2285
2075
2021
1857
1679
1602
1569
1396
1370
1345
1282
1259
1223
1196
1108
1040
1043
1048
1017
1046
966
1018
926
939
943
931
953
896
898
887
891
907
880
803
898
837
858
827
837
828
862
809
833
816
854
802
819
757
766
843
793
791
765
807
817
764
748
751
774
749
755
750
794
761
731
783
798
729
783
754
761
791
787
770
801
763
723
739
743
804
732
765
717
721
701
783
733
712
750
706
782
747
753
730
750
709
707
741
715
749
724
734
692
721
693
726
738
736
705
760
738
704
744
717
722
751
731
705
683
711
657
705
713
743
699
714
730
733
730
736
761
750
737
760
732
741
728
718
711
703
742
749
725
715
751
740
750
728
762
768
757
759
811
775
848
791
830
872
872
940
901
1025
1030
1065
1116
1281
1223
1371
1412
1494
1604
1682
1802
1841
1862
2061
2179
2331
2371
2520
2590
2668
2776
2919
3038
3256
3391
3475
3485
3805
3863
3984
4121
4397
4296
4410
4509
4728
4732
4855
5071
5047
5078
5252
5178
5418
5423
5595
5624
5904
5733
5696
5879
6003
6138
6094
6287
6305
6386
6531
6698
6703
6861
7165
7250
7555
7786
8181
8462
8653
8921
9185
9582
9599
9912
9958
9973
10062
10104
9991
9732
9651
9583
9273
9091
8816
8622
7929
7799
7690
7306
6955
6548
6314
5879
5640
5265
4796
4628
4392
4066
3751
3550
3241
3100
2765
2646
2521
2336
2068
1986
1724
1672
1552
1457
1416
1219
1150
1112
955
933
865
824
774
683
679
623
629
657
576
508
523
534
518
516
439
474
430
438
447
427
418
427
402
435
397
406
423
438
413
391
397
402
424
372
371
370
366
363
406
342
356
371
387
378
363
383
361
366
345
373
369
352
327
367
378
359
384
342
338
352
345
338
367
359
362
353
349
359
346
363
328
369
361
403
356
338
338
346
375
365
358
363
339
349
336
325
346
335
368
334
351
338
350
297
318
357
341
337
322
323
327
367
342
331
307
320
308
326
340
304
307
320
344
317
361
331
303
347
298
335
350
329
304
339
308
335
314
293
356
341
346
334
362
317
321
357
319
332
307
326
296
305
328
307
319
328
309
334
297
321
317
330
350
348
325
344
313
303
343
301
306
290
337
304
328
317
298
299
316
333
328
320
304
341
308
299
307
297
300
314
289
278
287
303
316
298
317
325
308
290
301
322
324
325
344
301
311
288
287
312
311
289
266
316
290
312
289
315
342
276
292
330
304
304
291
317
286
303
283
287
298
294
285
336
295
285
273
295
293
313
306
281
287
268
276
304
289
316
292
263
292
301
246
296
292
267
300
295
296
305
304
289
255
288
273
295
296
296
298
289
283
281
288
299
294
283
283
268
293
274
276
271
307
284
298
268
270
285
275
304
295
295
266
281
284
276
288
295
329
283
285
284
273
294
257
283
279
298
249
287
243
261
279
280
276
266
272
269
268
263
285
288
284
274
273
264
253
274
266
295
269
264
282
261
253
287
260
264
283
257
248
272
292
270
269
254
274
282
277
291
282
274
278
276
257
312
277
278
230
298
289
250
284
273
273
288
260
278
235
272
264
271
259
286
241
311
293
287
274
269
275
280
254
244
275
262
248
272
289
259
260
273
263
281
287
280
295
242
270
248
280
264
245
274
274
274
267
243
258
241
256
285
245
263
282
284
252
213
238
286
247
251
240
252
280
257
251
248
257
233
277
228
250
258
279
234
286
265
238
254
303
257
263
222
282
278
252
265
276
256
279
258
262
272
265
259
254
257
253
250
276
254
285
254
269
259
296
267
256
224
274
226
270
237
243
273
287
247
259
271
290
259
259
268
292
250
270
264
273
239
264
257
250
274
251
266
277
292
250
275
267
272
291
264
283
276
257
296
256
270
270
224
261
287
281
297
249
249
266
269
260
285
249
245
263
263
268
283
266
265
251
256
238
246
231
264
239
242
212
248
225
242
261
232
245
213
222
239
226
229
239
220
241
234
249
243
243
224
252
217
202
210
196
210
227
223
219
226
221
213
204
221
218
225
237
229
241
244
228
223
217
247
219
271
240
233
236
221
215
244
213
228
203
228
217
209
222
227
217
257
216
223
216
200
254
204
230
224
241
211
206
211
214
239
225
230
230
205
208
217
224
224
220
200
210
225
222
236
243
236
218
209
223
205
195
193
209
211
221
233
208
203
214
215
230
222
226
234
213
194
190
212
214
228
248
199
211
192
221
247
245
193
192
205
209
205
210
214
228
228
204
257
228
191
192
207
189
205
224
201
238
215
204
229
188
213
241
191
225
209
204
246
218
215
220
215
213
182
216
179
220
210
213
185
227
176
202
207
171
202
189
227
202
178
220
195
199
208
205
200
213
219
211
189
215
191
212
185
208
190
179
201
204
207
216
223
208
176
226
207
216
199
200
215
219
196
226
196
208
210
203
198
192
234
178
217
173
201
179
221
184
216
209
190
195
190
185
208
206
175
214
195
181
203
226
211
207
186
216
185
193
174
193
194
196
196
186
205
202
205
206
179
206
208
193
231
202
203
203
219
208
167
208
192
178
212
212
227
174
186
202
200
159
191
194
187
183
203
200
199
167
192
203
202
200
168
196
196
178
164
159
219
187
227
208
174
170
156
181
206
204
203
182
149
193
187
170
195
196
182
198
180
183
174
172
175
167
188
209
181
184
187
151
205
194
186
162
179
172
227
176
168
184
177
201
178
203
172
185
179
190
190
184
170
195
189
193
199
174
218
194
168
166
178
184
199
152
177
163
183
177
191
190
180
200
199
176
160
180
197
176
195
190
172
167
171
187
164
173
174
173
174
163
180
183
187
185
179
191
197
199
172
174
189
189
170
176
162
155
184
189
175
174
136
187
164
179
171
183
171
157
187
201
165
190
180
169
199
198
147
181
190
194
193
169
159
156
172
160
159
185
183
163
167
142
183
161
194
183
180
159
156
174
178
172
182
166
174
187
168
170
187
178
175
187
171
155
154
190
147
179
192
182
181
164
193
171
178
172
185
153
157
163
164
172
153
173
172
154
175
161
176
173
160
162
159
151
172
179
159
163
167
172
137
142
170
179
163
155
171
151
175
175
151
146
159
175
196
161
181
162
171
185
162
164
169
169
165
157
138
154
147
167
165
163
156
140
172
195
156
139
140
157
169
160
165
150
161
174
168
150
165
153
151
161
187
160
188
160
140
152
156
160
155
180
161
162
150
169
157
147
168
158
152
171
161
152
149
146
145
155
151
153
178
150
149
165
145
139
177
163
164
157
162
148
163
147
150
175
154
163
166
168
161
134
135
146
181
166
138
150
146
172
155
152
141
181
136
154
152
173
164
136
156
153
147
159
141
165
159
153
157
147
159
158
140
153
156
147
141
122
131
143
137
139
154
149
137
162
144
141
149
139
135
141
157
155
140
157
140
130
152
144
171
131
143
152
147
143
154
154
141
143
155
167
135
148
170
153
156
132
132
124
133
152
149
128
158
136
146
138
137
130
158
142
160
142
138
153
134
163
141
131
133
143
166
160
156
146
137
126
145
139
146
130
138
147
135
172
161
140
148
123
138
151
155
141
156
180
126
131
136
147
148
155
180
151
153
142
175
142
131
147
138
150
156
169
153
142
154
146
137
149
154
132
127
157
141
146
144
149
153
148
145
148
152
152
151
151
139
130
125
119
158
122
147
127
129
157
135
120
125
118
136
139
120
129
140
162
155
113
143
138
129
115
130
103
128
119
133
133
132
129
119
125
116
126
124
149
118
116
128
132
153
142
106
132
120
132
128
120
124
141
111
96
116
148
135
119
134
113
113
121
139
119
130
129
126
124
120
149
112
108
129
111
122
121
124
140
148
123
112
135
94
140
137
124
126
115
124
124
130
126
131
134
121
125
123
127
116
107
126
109
116
122
142
110
119
119
119
134
103
133
135
113
137
144
130
115
152
114
134
132
115
125
127
110
123
141
112
117
111
133
120
131
96
121
121
110
112
110
130
118
99
119
109
135
129
120
119
119
120
124
105
112
125
114
114
125
129
147
93
120
132
100
118
108
96
129
121
126
102
115
120
102
118
121
136
78
110
94
106
120
109
129
108
128
130
127
100
112
108
114
123
124
111
96
120
108
93
88
117
102
119
94
113
89
132
99
117
111
104
100
133
109
113
110
114
112
119
118
100
115
92
103
107
117
113
94
123
135
110
111
116
99
117
111
102
94
117
113
118
90
106
98
122
106
89
128
100
104
96
106
112
110
97
103
101
115
82
116
129
103
100
116
91
113
93
90
119
111
109
95
109
105
106
107
114
99
113
87
99
95
83
132
111
88
94
111
103
123
115
112
99
99
120
100
99
100
116
90
109
97
104
101
100
94
106
101
88
104
96
106
103
85
90
99
91
104
102
102
99
89
91
104
111
108
109
100
118
107
88
87
94
109
118
95
92
86
117
104
104
103
98
119
110
95
105
94
106
84
84
102
101
121
87
101
79
110
78
89
98
92
115
92
109
102
101
103
107
105
100
89
92
96
99
89
97
92
103
104
86
82
92
92
108
100
82
97
86
100
93
104
106
83
90
77
91
93
102
85
97
91
86
78
99
83
92
89
101
89
89
84
74
111
88
82
92
91
101
88
91
91
94
100
83
90
82
77
96
92
90
86
100
90
97
72
96
96
84
95
67
83
79
71
100
110
90
75
87
86
97
80
78
62
101
85
77
85
97
90
92
89
87
98
79
96
108
75
86
90
94
87
91
97
91
93
80
89
74
70
94
90
82
76
98
65
108
98
78
83
77
93
83
94
91
86
95
91
77
72
82
79
88
76
86
82
81
74
79
97
90
83
84
66
70
86
68
92
76
75
76
72
82
72
92
89
79
83
83
83
81
69
85
92
94
65
79
97
73
89
78
78
86
87
77
86
94
97
70
79
67
76
94
92
91
89
71
71
91
72
89
95
72
92
80
80
79
72
73
82
85
85
84
81
74
81
76
83
67
85
80
78
70
89
63
105
73
73
95
95
81
91
89
75
70
88
89
87
79
77
73
78
83
90
81
71
67
87
85
72
64
70
77
70
76
54
74
76
93
103
73
64
65
69
79
79
82
72
89
86
88
74
74
78
76
70
86
82
78
76
70
85
78
88
93
77
78
77
69
66
67
67
66
76
76
68
81
74
80
84
71
74
74
73
75
77
76
74
68
79
79
81
87
66
65
76
72
72
80
74
81
94
74
75
71
88
80
92
75
62
56
86
67
83
68
90
73
92
85
79
72
91
78
84
66
89
90
83
66
76
74
78
80
75
91
82
87
87
69
69
87
74
78
69
77
78
70
81
76
73
72
62
79
66
66
79
68
80
91
73
84
85
66
67
68
69
78
83
92
70
86
84
59
54
77
75
67
77
63
74
80
59
86
71
85
62
80
52
60
58
66
69
77
69
56
70
66
55
74
56
67
64
59
65
69
66
70
70
58
79
60
55
72
69
78
61
71
69
64
74
72
66
49
77
46
49
61
77
59
57
73
61
73
64
72
57
50
62
52
70
69
67
77
73
59
52
67
63
58
63
69
56
67
61
71
65
54
72
70
77
70
76
56
70
58
56
64
73
57
63
73
62
55
60
83
53
55
59
60
60
58
62
63
60
48
61
60
57
62
57
46
61
56
65
63
56
55
68
65
57
72
64
65
71
54
64
65
47
53
66
65
60
75
77
80
70
45
56
45
62
55
52
66
45
52
48
66
59
56
60
52
45
73
66
65
56
64
56
75
62
70
61
57
60
69
71
56
69
65
72
73
65
66
74
67
72
44
49
64
66
74
74
66
75
68
48
66
53
67
72
62
70
67
75
60
59
52
66
77
74
78
56
68
73
68
66
58
64
66
76
79
70
74
84
81
65
76
64
68
85
72
58
70
72
77
71
84
85
65
75
73
88
81
86
77
72
63
75
89
69
80
76
88
66
79
60
67
91
89
87
65
61
77
70
72
80
76
65
64
60
77
65
54
61
76
69
67
63
57
77
66
59
66
47
60
44
70
56
58
46
60
52
66
41
61
53
49
59
49
54
64
58
53
70
41
63
69
48
58
46
41
62
56
59
56
69
61
39
44
58
59
57
50
51
45
45
46
55
44
57
60
48
55
39
53
48
43
39
54
66
60
61
63
49
33
64
42
51
46
49
50
60
47
46
66
55
45
55
44
52
43
50
58
51
49
64
56
55
53
50
51
51
56
51
42
50
42
39
47
45
49
57
56
46
53
62
55
60
54
40
39
44
43
60
61
37
49
55
62
48
53
48
48
46
65
49
54
50
47
51
35
66
60
48
58
53
46
59
43
61
48
63
48
49
51
63
77
46
45
46
51
46
53
49
58
51
57
49
62
66
50
69
52
54
43
48
59
51
50
56
43
49
49
50
58
69
54
60
50
48
53
45
66
48
60
45
59
44
57
50
49
58
50
39
49
56
38
48
59
54
48
53
60
57
52
57
54
40
48
52
49
53
50
57
44
60
48
48
47
58
58
45
51
40
40
56
48
41
45
52
52
48
46
37
47
30
37
43
54
44
43
53
56
40
38
38
53
40
43
42
35
61
42
44
43
38
43
43
52
36
45
45
37
45
41
45
40
38
54
46
51
48
44
35
50
48
47
43
52
33
35
54
35
41
39
41
48
38
36
49
37
51
37
30
28
48
49
54
43
38
34
40
45
40
54
36
48
42
57
50
43
44
41
35
39
30
39
41
42
48
42
40
45
30
36
54
36
43
35
44
39
48
51
37
38
53
29
43
38
37
48
40
48
39
50
35
34
44
49
51
43
30
43
52
38
49
40
43
32
58
41
45
35
56
45
49
40
37
39
33
41
42
37
40
48
36
50
53
34
45
39
51
42
41
37
48
40
43
41
39
49
45
45
37
47
54
56
56
52
41
44
40
42
61
46
50
39
36
52
52
43
40
36
48
42
41
41
37
48
48
46
45
52
39
47
43
38
44
52
45
57
46
46
47
40
63
34
39
39
47
49
53
69
51
52
46
54
54
52
50
53
47
53
51
62
42
51
43
47
30
49
51
58
65
45
55
48
52
51
52
42
52
50
65
41
62
47
51
53
50
56
46
54
62
50
43
38
46
42
45
39
38
51
39
35
43
30
42
40
41
55
29
39
40
32
40
28
39
40
37
31
36
35
41
44
31
36
42
36
33
39
33
35
31
36
32
34
40
29
32
24
27
30
20
28
28
28
24
35
35
40
29
30
33
25
32
28
26
35
37
45
36
34
33
27
30
28
27
31
33
30
30
29
22
34
27
24
23
31
25
25
25
39
30
35
37
20
27
22
26
33
24
24
33
30
29
27
29
30
28
28
22
28
25
25
36
27
40
29
27
26
26
30
30
31
30
28
24
21
35
24
27
25
41
37
39
35
20
24
20
35
30
21
26
31
27
33
25
33
22
27
33
38
41
29
29
29
31
24
36
18
24
27
21
28
24
30
34
30
33
32
40
29
18
31
33
33
25
39
27
32
30
25
30
15
33
31
32
26
30
33
22
33
30
36
24
19
32
23
31
26
30
29
23
29
22
30
34
30
26
22
31
31
32
36
32
28
31
37
25
36
24
35
31
29
32
35
22
37
25
32
32
20
27
28
17
28
24
32
28
40
33
24
30
32
22
22
27
29
24
35
27
29
25
27
21
26
22
32
22
20
26
34
29
19
27
41
26
44
26
28
25
36
33
42
31
39
27
33
30
22
29
27
23
32
30
23
24
32
30
25
22
31
35
22
27
24
29
26
35
27
31
31
27
28
15
31
28
33
24
31
28
28
20
30
27
29
18
22
33
27
27
29
22
20
27
32
30
32
25
33
22
26
25
26
18
24
20
27
25
35
22
26
30
25
25
21
25
32
35
15
27
34
18
25
29
32
18
29
31
30
27
18
29
32
26
23
31
40
34
16
22
35
24
26
24
24
30
15
33
33
26
28
26
28
29
40
31
26
24
23
17
29
21
22
21
17
22
22
34
21
28
30
28
23
29
30
30
33
22
32
31
19
35
23
21
21
27
17
28
29
23
20
31
30
20
26
25
28
24
24
23
23
27
30
27
21
31
32
26
27
35
25
34
34
35
20
42
28
28
35
25
35
33
32
30
27
27
31
35
27
29
34
31
20
33
31
23
31
27
35
34
34
26
28
31
34
27
32
29
29
46
30
24
27
40
34
42
39
37
36
39
31
24
35
35
42
39
37
37
41
42
36
29
37
29
43
38
36
27
43
38
37
28
45
32
43
45
35
35
32
42
34
36
40
41
39
52
29
39
50
37
33
38
35
40
41
31
39
45
39
23
35
33
31
35
30
28
42
46
39
34
38
34
30
27
31
40
31
23
44
30
35
27
24
31
33
17
24
30
32
26
24
32
23
12
31
24
16
21
22
15
24
23
15
21
21
21
18
13
21
18
14
16
14
17
21
11
18
9
15
18
12
15
10
16
10
19
9
13
10
23
9
13
7
13
13
12
12
8
13
9
11
15
14
17
10
14
16
17
11
12
12
12
11
6
11
13
9
14
13
13
9
10
17
10
6
12
15
12
12
10
16
21
9
16
16
13
16
14
12
16
13
13
14
12
10
8
15
20
23
16
13
11
14
18
12
17
14
10
11
11
14
9
14
10
21
16
13
9
12
19
15
13
13
12
12
10
14
15
14
17
18
16
19
17
21
13
14
9
18
17
12
16
11
12
13
12
14
15
19
7
16
12
16
13
13
12
10
12
12
11
15
14
15
13
11
8
16
16
11
15
13
17
10
15
18
14
13
11
13
6
11
8
17
11
15
8
15
8
15
8
10
11
19
8
19
12
9
17
16
20
9
8
14
17
15
10
7
13
7
17
17
19
13
16
15
21
14
10
14
8
12
18
11
12
18
7
14
14
18
10
6
14
19
15
15
20
15
20
6
19
10
12
15
8
10
10
11
15
10
16
16
20
16
23
16
16
16
15
17
15
13
13
13
17
11
13
16
10
17
13
17
16
20
19
7
16
24
12
14
7
4
10
13
9
12
16
12
11
6
7
15
12
8
14
16
14
10
5
6
7
9
17
14
8
13
13
5
8
3
11
10
11
8
12
9
5
7
6
11
10
10
9
8
7
7
9
6
9
5
7
8
11
3
3
9
6
6
4
15
10
6
19
11
9
6
6
7
6
11
7
10
8
4
9
5
12
9
11
7
6
9
7
9
8
11
5
12
9
11
6
9
8
12
11
11
7
3
4
8
8
9
7
12
7
3
8
8
5
7
10
4
5
8
6
6
10
5
9
12
8
9
3
10
5
11
10
14
9
4
8
11
9
12
6
8
3
5
9
5
7
6
5
9
10
5
14
8
7
7
6
8
13
6
9
11
1
7
12
7
12
11
10
5
5
10
11
6
9
8
5
7
8
11
11
5
11
11
5
9
10
7
10
5
9
4
6
7
3
5
7
9
5
7
11
10
10
11
11
6
10
10
8
11
7
6
9
7
9
8
6
5
8
9
5
8
11
9
9
13
6
8
3
4
6
7
9
8
7
8
9
6
6
8
8
8
5
9
11
4
8
6
10
7
10
6
12
11
14
9
12
9
8
10
6
8
10
9
7
4
6
10
6
11
11
11
8
5
12
10
11
3
6
12
5
10
8
10
14
5
11
10
6
7
7
14
3
7
14
7
7
5
12
8
8
19
9
10
13
6
7
7
9
9
8
6
10
6
10
6
9
10
7
11
13
6
13
12
8
8
10
6
10
11
5
8
11
10
1
11
4
10
4
7
8
4
7
9
11
4
10
6
9
9
11
8
6
7
8
4
9
5
4
5
6
6
12
6
12
2
8
11
5
6
6
8
4
6
11
10
5
4
8
5
7
5
6
10
7
5
5
5
5
7
6
10
6
8
4
4
5
8
9
4
7
12
8
5
6
3
7
4
6
8
8
4
5
9
7
3
6
7
4
9
6
9
5
6
5
4
9
12
7
3
5
6
5
7
6
6
9
3
9
8
5
7
8
5
4
16
7
7
4
9
5
12
5
7
5
7
10
7
11
6
7
11
6
10
12
4
7
3
9
6
4
11
6
8
9
6
4
7
4
7
7
8
8
9
6
3
8
10
5
9
7
3
11
10
1
7
4
2
6
6
8
6
7
9
8
5
8
8
2
5
10
6
9
6
3
6
6
3
7
8
6
3
6
4
6
3
11
10
12
5
6
7
9
11
8
7
8
9
6
10
15
10
6
5
10
7
7
9
5
5
9
9
7
8
8
7
3
6
10
8
6
10
13
6
4
12
9
9
7
8
11
4
4
11
10
10
7
13
9
3
3
12
8
9
10
8
4
6
12
11
9
6
9
8
8
11
10
5
12
4
9
10
6
15
8
4
9
4
7
8
6
4
9
9
4
8
8
5
2
8
6
6
4
8
5
6
6
7
10
4
4
8
5
7
6
7
6
8
6
3
6
6
4
4
7
7
4
6
8
5
4
11
3
5
10
6
4
11
7
9
9
5
6
4
7
5
8
7
6
5
4
8
6
5
10
8
5
1
5
7
5
10
3
3
6
4
2
3
4
8
7
7
8
7
6
8
8
2
7
6
5
7
4
9
10
6
8
9
3
8
5
6
4
9
8
5
5
6
7
3
7
9
9
5
6
5
6
3
8
6
3
11
6
8
7
3
16
6
3
5
8
8
6
8
7
4
5
6
5
7
5
5
11
5
3
3
7
4
8
3
9
6
5
4
9
9
5
8
10
8
3
3
7
2
3
7
3
4
9
3
4
6
6
6
3
4
8
8
4
1
8
2
2
5
2
5
7
10
6
8
7
6
7
3
7
8
7
9
3
8
6
4
4
6
4
8
2
5
3
3
10
7
9
5
5
5
5
9
2
8
5
5
4
4
6
9
6
5
4
4
5
4
6
5
4
7
7
3
4
7
5
12
5
4
6
5
6
8
7
2
7
6
7
6
7
9
9
0
5
2
9
9
5
4
3
8
4
2
10
3
3
4
6
5
5
7
7
5
3
1
3
4
6
5
4
8
1
7
6
5
6
4
5
0
7
3
5
6
9
5
5
2
7
3
6
4
10
8
4
3
5
8
5
9
6
5
4
6
7
8
8
5
7
6
4
2
9
6
7
2
3
7
3
4
7
9
5
6
3
7
6
4
4
2
5
6
4
5
5
6
3
6
7
9
7
2
12
9
5
11
2
12
3
5
7
6
6
9
8
2
6
4
9
4
5
5
7
4
5
6
4
9
4
5
10
8
10
7
8
5
5
5
7
6
2
6
10
9
9
6
2
8
7
3
7
7
8
7
8
7
10
8
7
4
6
6
5
4
1
6
9
7
4
7
3
7
4
11
7
7
4
4
6
6
7
3
4
5
6
6
9
3
6
15
7
11
5
4
7
6
10
4
1
7
4
8
3
3
11
4
3
3
6
2
4
2
5
5
5
8
4
4
6
5
2
4
2
5
6
7
6
3
7
3
11
9
3
7
4
4
8
6
6
10
4
8
1
4
8
6
4
8
6
3
9
4
7
5
3
9
7
4
5
2
7
8
4
3
2
3
2
4
5
5
7
5
2
4
10
3
5
5
4
3
5
8
6
5
3
3
4
2
3
4
6
6
4
4
7
4
6
8
4
5
4
2
6
4
4
7
6
6
8
5
5
8
6
8
3
9
5
12
4
1
4
2
6
4
3
2
4
5
6
2
4
6
4
5
4
2
2
4
3
4
8
4
3
3
4
3
10
12
2
8
8
8
3
1
1
6
8
5
6
4
4
2
7
10
8
4
5
6
10
5
5
8
5
7
7
8
4
8
4
4
4
8
5
5
3
7
5
10
5
4
5
1
8
7
6
8
1
5
4
8
3
6
4
3
8
7
5
5
7
6
4
4
10
7
5
3
3
5
6
5
3
5
1
7
2
5
5
4
5
7
3
5
2
5
6
5
7
11
10
8
6
6
6
7
6
7
5
4
7
1
4
4
1
5
1
8
7
6
3
6
3
4
8
5
5
7
2
4
2
5
1
2
2
4
7
7
3
2
8
9
6
5
6
6
5
3
6
5
1
3
4
8
4
3
8
5
5
5
7
5
4
6
2
5
5
2
10
3
7
6
4
5
4
7
4
0
7
2
4
5
10
7
2
5
10
4
3
7
4
5
4
5
3
3
9
5
4
3
4
2
7
5
5
6
9
2
3
4
5
9
3
5
6
4
9
3
7
3
6
5
11
6
5
6
2
6
2
7
6
5
6
5
2
8
6
6
2
6
5
5
7
2
5
3
2
4
3
5
0
3
5
6
2
4
4
5
2
4
1
4
5
7
4
3
0
2
5
8
3
4
9
4
3
5
9
6
6
4
2
6
7
3
3
3
6
3
1
4
4
3
4
6
5
4
6
6
5
4
5
3
2
7
3
5
4
3
5
5
6
1
2
4
3
6
2
7
1
2
5
4
4
5
6
7
5
5
0
9
4
2
4
3
6
3
5
3
5
5
2
3
6
4
3
2
7
5
7
4
5
8
2
4
3
7
3
3
6
5
2
3
6
10
3
4
0
5
7
5
2
7
5
5
5
4
3
8
4
8
5
5
3
5
6
5
4
6
4
4
2
8
4
4
8
6
3
6
1
3
1
2
5
4
9
6
6
1
1
7
3
4
4
4
3
3
7
6
8
6
2
4
3
8
3
6
5
3
6
4
5
6
1
3
6
4
4
5
4
4
4
2
6
7
4
4
8
6
4
4
9
3
4
4
3
5
5
5
3
2
4
4
4
3
7
5
3
5
1
6
2
5
8
4
5
4
2
7
4
5
6
2
5
4
2
6
2
7
5
4
3
2
6
3
10
3
5
4
8
7
3
4
2
12
5
6
6
3
3
5
5
7
3
3
2
4
11
3
2
7
4
8
7
4
8
4
7
5
10
6
12
9
10
9
8
5
7
11
11
11
6
8
10
6
9
10
9
13
5
9
9
6
8
14
9
11
5
10
9
10
7
8
9
5
8
12
10
11
8
13
9
9
11
9
13
6
9
13
8
10
9
13
11
9
9
9
5
7
3
11
11
7
6
6
11
7
9
13
8
8
9
5
7
10
6
5
6
7
5
9
3
10
7
5
7
3
5
5
8
8
1
7
3
2
3
4
5
5
2
1
3
4
5
7
7
4
3
4
6
4
7
4
7
5
8
5
5
3
11
2
7
6
4
5
5
5
1
3
7
4
3
3
5
4
1
6
4
1
5
5
6
5
2
4
3
5
5
5
5
8
2
5
2
6
3
1
4
4
9
4
4
4
3
3
5
4
2
1
1
6
1
4
3
3
1
5
3
7
2
5
2
1
1
2
3
3
3
3
5
5
2
3
4
5
2
7
4
5
4
6
5
4
3
4
4
3
9
5
6
2
0
6
4
1
2
3
10
4
5
4
3
5
3
4
4
9
4
6
2
3
2
5
3
7
2
3
2
2
4
3
6
1
7
7
4
6
6
4
8
5
3
3
2
3
6
2
5
5
4
2
2
5
8
8
2
3
2
6
6
5
3
4
3
6
6
4
2
3
2
8
4
7
2
7
4
5
2
9
6
7
4
5
4
2
4
5
5
4
5
7
2
5
3
8
4
4
5
5
3
7
6
5
9
4
7
4
5
3
2
2
5
1
2
4
3
5
7
4
4
3
5
4
4
2
3
2
4
2
5
2
5
1
2
5
7
4
3
2
4
4
4
6
3
6
5
6
4
3
2
6
4
4
1
9
7
3
5
4
7
1
7
4
3
8
4
7
2
2
1
3
5
8
1
6
3
7
4
1
5
1
2
3
2
5
2
5
5
4
2
5
1
3
4
6
3
6
2
3
5
3
4
4
3
2
7
4
1
1
4
2
6
2
4
1
3
7
8
12
0
5
4
2
6
7
4
3
3
6
6
1
5
5
4
5
3
4
4
4
3
2
2
3
4
7
3
1
5
5
3
4
3
1
4
6
2
2
4
3
3
5
3
2
2
7
4
1
1
1
2
8
3
1
5
6
3
4
6
4
4
4
3
2
9
4
5
2
7
6
2
4
4
3
8
3
5
5
2
3
4
7
0
5
4
4
7
7
3
6
5
4
4
3
3
4
1
7
2
4
4
7
2
2
1
3
5
4
6
6
3
4
5
5
5
6
6
2
3
3
3
10
4
1
3
2
5
5
4
3
3
4
4
7
8
7
3
5
0
9
7
3
3
2
3
7
5
4
5
7
3
5
2
6
6
4
5
8
7
5
4
2
4
3
2
6
4
8
6
8
5
4
10
8
3
6
9
7
3
5
8
7
9
6
6
7
5
5
5
5
4
5
2
8
6
6
4
8
5
9
11
11
7
8
9
6
11
4
6
2
10
7
7
5
7
10
10
8
10
6
7
5
8
4
3
3
4
9
3
6
3
4
6
4
7
5
2
5
5
5
3
2
6
1
6
5
3
4
5
7
5
7
6
4
4
6
2
3
8
2
3
3
2
7
3
3
1
3
2
3
4
4
2
5
3
2
4
3
5
5
2
4
5
3
1
3
1
1
3
2
6
2
2
5
4
4
4
2
5
2
3
7
4
4
1
3
5
4
2
5
4
5
3
4
2
2
6
2
2
5
6
3
1
4
2
3
1
3
1
3
4
2
5
1
3
5
3
3
4
3
4
4
5
7
4
2
2
3
1
2
3
3
1
3
4
4
2
5
2
3
4
3
1
2
3
1
2
1
3
2
3
6
5
1
4
3
5
2
3
2
3
5
3
1
2
2
5
3
3
2
5
2
3
4
3
3
1
1
0
8
2
4
3
8
4
2
1
3
2
1
3
2
3
5
6
6
4
3
1
0
1
6
2
6
1
5
3
2
6
5
4
3
0
3
5
3
4
2
4
4
2
3
6
3
2
4
1
4
8
3
4
1
1
5
3
1
4
1
1
3
1
4
6
5
2
0
4
7
5
5
3
3
6
4
0
3
4
4
2
8
2
4
3
4
2
1
3
5
5
5
2
5
3
4
1
2
3
6
2
4
2
4
3
5
3
4
3
4
2
5
5
1
5
3
2
3
9
0
3
2
1
4
2
4
4
1
2
3
3
7
4
2
2
5
4
7
3
2
2
1
5
5
5
1
4
2
8
6
6
4
3
4
3
4
3
2
5
4
4
3
7
4
4
5
4
4
2
3
2
3
3
0
5
1
7
3
4
4
1
4
3
5
1
2
3
3
5
5
4
4
4
4
2
2
1
2
5
3
4
1
6
4
3
4
4
2
2
4
3
2
2
6
1
5
3
4
1
3
1
2
2
3
0
4
1
4
4
2
4
0
3
4
4
1
6
5
4
1
3
1
1
7
4
3
3
5
4
2
3
3
2
3
1
6
2
3
3
2
4
5
4
5
4
3
2
2
2
2
3
6
2
5
2
5
0
3
3
1
2
0
5
6
0
4
6
3
3
1
2
1
0
5
4
3
7
4
2
2
1
3
2
4
3
3
4
2
3
2
3
3
2
4
3
5
2
2
2
2
5
3
4
3
2
1
3
2
5
3
3
2
2
4
3
7
2
2
2
4
4
4
3
4
2
3
3
1
2
0
1
2
5
3
2
4
3
3
2
1
6
4
3
4
3
2
0
3
3
4
3
3
1
3
2
0
2
2
1
4
1
1
2
2
6
2
3
4
5
4
4
3
5
7
1
7
0
3
2
2
2
1
3
5
5
1
4
1
0
3
1
1
5
3
1
3
2
6
3
3
1
5
3
0
1
2
3
5
3
2
1
2
3
4
1
1
1
0
3
3
8
1
3
1
5
1
2
5
1
3
2
2
4
0
7
2
4
3
2
2
6
1
3
2
3
1
0
4
4
3
1
2
5
2
2
6
3
4
4
0
5
4
3
3
4
2
4
4
3
2
2
1
2
2
2
5
3
3
1
3
1
4
4
2
4
2
4
5
8
4
5
3
5
1
3
4
3
6
6
5
10
2
6
0
4
4
2
5
2
3
5
4
6
3
3
3
1
4
3
5
1
5
3
1
1
1
3
4
3
2
5
2
0
2
5
4
2
4
5
2
2
3
3
3
5
5
2
3
4
2
2
2
2
3
2
0
2
1
6
3
1
5
3
8
5
0
4
1
4
2
3
6
3
5
3
4
1
6
0
2
1
6
5
0
3
5
2
4
3
4
6
2
2
3
3
3
3
2
1
2
1
5
5
2
3
2
2
3
4
1
5
1
4
1
4
5
3
5
2
2
1
4
0
2
3
2
2
2
3
3
2
2
3
1
2
2
3
5
5
4
3
4
4
1
5
4
5
2
3
3
2
5
4
2
2
6
7
1
9
4
4
3
3
6
2
3
2
1
6
1
3
2
3
3
1
0
3
1
1
3
2
6
3
4
4
4
5
1
4
1
1
2
2
3
2
2
1
4
4
1
3
3
2
5
2
2
1
3
5
3
3
1
2
1
0
5
3
3
2
5
2
2
2
1
3
2
2
8
7
4
1
1
1
3
2
2
2
1
3
3
4
3
3
3
2
1
2
5
4
2
4
2
4
3
6
2
2
5
0
5
1
3
3
6
4
4
4
3
0
4
1
4
2
0
3
1
2
3
6
3
2
0
3
3
2
3
1
4
3
5
5
2
8
2
2
4
5
3
4
5
3
4
1
2
4
3
3
3
6
3
4
0
5
4
2
2
4
2
4
0
3
1
2
1
2
4
5
6
0
2
4
2
0
3
4
2
1
4
5
0
6
4
2
0
0
1
5
3
0
4
1
2
1
2
4
2
5
0
3
8
2
5
1
2
1
6
7
2
2
6
5
1
3
3
3
5
2
4
2
1
1
7
1
0
3
4
1
5
2
2
5
6
2
2
4
2
2
5
3
2
3
3
3
4
3
2
1
5
5
6
2
2
3
7
3
2
4
4
3
1
5
0
1
4
5
4
6
2
5
1
2
5
3
3
3
2
3
3
5
5
2
4
1
2
1
2
3
1
4
5
3
2
3
1
1
5
1
3
9
3
5
2
4
4
6
3
4
1
3
2
3
3
4
1
9
2
1
2
2
3
6
2
2
1
3
4
3
3
2
2
5
2
3
3
2
1
4
3
3
3
5
3
8
4
2
1
1
3
0
2
2
3
2
1
5
1
3
4
4
4
2
3
2
3
2
3
4
5
2
6
1
3
2
2
3
4
1
1
0
2
2
2
3
2
4
1
4
1
2
1
2
3
1
3
2
1
6
2
4
3
3
3
5
2
3
3
3
5
9
3
4
2
2
2
2
1
2
2
3
1
4
2
1
4
1
1
2
3
4
6
0
4
4
1
3
2
5
3
2
3
1
4
1
2
4
3
3
4
7
1
2
2
1
1
1
1
3
3
2
6
2
2
1
3
2
0
6
6
5
3
0
2
2
1
3
0
4
4
7
2
3
5
3
2
3
0
2
2
0
2
1
5
0
3
6
5
5
1
4
5
1
1
4
3
4
2
0
2
3
1
0
2
2
2
2
1
1
2
7
2
3
2
1
5
5
3
2
0
6
1
1
5
2
1
2
2
2
1
3
3
4
3
2
3
1
3
0
4
1
3
2
0
3
1
5
0
3
1
5
2
2
5
4
3
3
8
0
3
3
5
1
6
2
5
0
3
3
3
2
2
3
4
0
2
3
1
4
3
2
1
3
2
2
3
3
1
4
2
0
0
4
1
1
3
4
3
4
1
0
3
1
4
4
2
2
0
3
4
6
2
2
2
2
3
4
3
2
4
3
3
2
3
3
6
5
5
2
5
4
4
2
3
3
1
6
6
6
4
5
3
4
5
3
1
2
6
2
3
2
6
1
6
3
1
2
4
3
1
1
6
6
6
4
5
5
2
3
1
4
7
1
6
4
7
2
7
4
5
7
4
5
8
7
3
4
4
5
4
3
9
5
3
4
7
7
3
7
6
3
3
8
5
4
3
6
5
5
4
4
4
5
5
4
4
6
10
3
7
2
8
0
7
3
9
2
4
3
5
4
1
5
4
4
5
2
0
5
5
6
3
4
2
2
4
0
7
1
1
8
1
2
5
7
2
5
3
2
4
4
2
2
3
7
3
2
1
3
3
3
3
6
1
1
3
5
3
6
0
4
4
4
3
2
3
2
3
1
3
2
1
4
3
1
3
2
7
1
4
6
3
2
3
4
4
4
1
1
1
2
3
1
4
1
3
1
5
5
2
3
5
4
2
1
2
1
5
2
4
4
1
3
2
0
2
1
4
3
1
1
1
3
5
4
3
1
5
0
1
4
2
2
4
0
2
3
3
2
1
3
2
3
3
2
5
2
2
4
0
3
4
4
2
0
4
2
5
1
2
2
4
2
3
0
5
1
4
7
1
2
0
7
3
3
1
3
2
2
3
1
3
4
1
2
2
5
3
2
1
5
2
2
1
3
1
1
3
2
3
5
3
3
2
2
3
4
4
4
1
4
4
3
3
3
4
4
2
3
6
6
2
5
3
3
1
4
2
0
2
1
5
5
1
5
2
3
1
4
1
4
7
2
6
7
4
0
4
0
3
1
4
3
1
2
1
3
1
4
3
4
3
4
1
0
4
3
1
2
2
3
2
1
1
3
2
1
2
1
3
1
1
1
8
1
5
1
1
3
3
1
3
3
1
3
1
3
1
5
3
6
2
4
5
3
5
5
3
3
0
1
2
3
2
1
2
3
1
3
2
4
3
4
2
3
2
2
3
5
2
2
2
1
1
5
3
2
3
5
2
3
3
4
5
2
4
2
4
2
3
4
1
3
4
3
3
2
7
4
6
4
7
2
2
0
1
1
3
2
2
5
2
5
1
2
1
3
5
2
4
3
3
3
4
2
3
6
3
8
0
6
4
3
3
1
0
3
1
0
3
8
3
1
4
1
1
2
4
3
2
3
1
3
2
1
4
5
4
1
3
0
4
1
0
6
1
4
1
3
2
1
1
3
5
2
1
4
4
3
1
2
3
2
0
3
0
8
0
6
1
1
3
2
2
4
2
4
0
8
4
2
4
1
1
1
2
1
4
2
5
1
3
1
6
6
2
3
4
4
1
2
1
0
3
3
2
3
2
1
1
2
2
1
1
3
2
5
5
6
3
3
2
1
5
6
1
0
6
2
1
4
2
1
1
5
2
3
2
1
2
2
4
4
4
7
0
4
2
1
3
3
2
1
4
5
2
3
3
3
1
3
4
1
5
0
1
0
4
2
5
4
2
0
3
4
7
1
2
0
4
4
3
10
4
2
6
1
3
4
3
4
1
4
5
3
4
6
4
2
1
2
3
1
0
2
5
2
2
7
3
2
3
4
3
2
1
1
1
1
3
2
2
2
1
2
1
3
1
2
2
3
2
0
2
4
1
4
1
2
3
3
1
0
2
1
4
1
1
1
1
2
5
1
0
1
1
4
5
1
2
5
2
2
1
3
2
3
6
4
1
3
1
2
2
2
3
4
4
6
1
4
2
3
0
3
3
3
2
4
3
4
3
5
2
0
4
2
2
1
3
0
2
4
4
2
2
2
1
3
0
2
1
5
0
3
3
2
4
1
2
3
2
2
2
1
4
3
5
2
4
3
1
1
1
1
5
4
6
3
0
5
1
4
1
2
3
2
4
1
5
3
1
5
4
3
1
1
0
1
3
3
3
2
3
3
2
0
2
2
2
3
2
2
4
0
2
1
4
0
4
0
2
4
3
2
7
2
1
0
0
3
4
0
2
2
2
4
2
3
3
1
1
2
5
3
1
5
0
1
3
3
0
1
1
2
0
3
0
3
2
2
2
6
3
1
1
3
2
3
0
4
2
2
2
3
1
2
4
1
0
1
0
2
4
2
2
1
4
3
2
6
3
2
3
4
7
4
0
0
3
1
2
2
2
4
0
2
1
2
5
3
0
5
1
2
2
2
1
6
3
5
3
3
1
4
1
5
1
1
5
0
0
4
2
1
2
4
2
2
2
5
3
2
1
0
3
2
3
5
3
2
4
2
0
3
3
0
4
3
4
2
4
2
2
3
4
4
6
3
2
3
1
4
3
3
0
3
5
2
5
1
4
3
6
3
0
2
2
1
5
1
0
3
3
4
2
0
2
1
4
1
4
2
1
1
2
2
0
3
3
4
4
2
5
3
1
5
3
3
0
3
1
2
1
2
5
5
1
3
1
0
4
2
2
0
2
0
1
2
7
2
1
1
4
4
4
2
2
3
2
3
2
4
2
3
3
4
2
4
4
2
1
4
3
2
1
3
4
0
4
1
3
2
3
1
1
2
1
1
1
3
2
0
2
5
3
3
5
2
0
0
1
3
0
3
4
0
1
3
2
1
2
3
3
5
2
2
1
6
1
3
4
3
1
1
3
6
3
1
3
2
5
2
3
5
1
2
2
0
1
5
1
2
4
4
4
1
4
7
3
2
1
3
1
5
2
1
1
3
1
0
3
1
4
2
4
3
0
3
3
2
0
1
3
4
6
5
1
1
4
0
2
5
3
4
4
3
3
3
3
2
4
5
1
3
1
5
0
2
3
0
3
3
2
0
1
5
3
1
1
4
2
2
2
4
2
3
1
2
4
4
4
1
1
4
2
0
1
6
4
5
2
5
3
4
2
3
2
5
2
6
4
2
5
5
4
2
7
5
5
4
3
5
3
1
2
4
4
6
2
3
5
5
3
3
3
4
1
4
1
6
6
2
3
6
1
1
2
6
3
3
1
2
5
6
3
2
2
3
3
6
2
3
2
0
3
2
2
6
2
2
3
2
2
5
2
4
1
4
4
2
2
3
0
1
1
3
1
0
3
2
3
5
0
1
2
3
2
2
1
3
1
1
3
2
0
2
0
2
4
3
4
0
2
3
3
0
1
2
3
2
3
2
1
3
1
2
4
1
1
3
5
3
3
0
2
2
1
1
3
3
3
4
4
4
1
3
2
0
1
1
4
2
2
0
2
1
0
0
4
1
1
2
0
2
2
3
3
4
0
1
3
1
2
2
1
1
3
0
2
0
1
2
2
5
3
3
2
4
1
5
4
4
4
4
3
2
0
1
0
5
0
4
1
3
1
1
0
2
2
2
0
1
3
1
3
1
2
1
1
3
2
2
2
2
0
6
3
2
1
1
2
2
1
4
4
2
4
0
2
1
1
1
0
1
4
3
0
3
3
2
0
3
1
4
2
6
2
3
3
2
4
0
1
2
0
1
1
3
2
3
2
0
2
3
0
1
2
3
1
2
1
0
3
5
1
2
1
2
4
1
1
3
1
2
2
1
1
2
4
6
2
2
4
4
0
4
3
3
1
1
1
3
2
3
2
1
2
1
1
3
0
0
1
1
1
2
1
2
3
2
1
5
1
3
2
3
3
4
2
4
0
1
2
2
3
0
0
0
2
1
2
1
2
1
1
2
5
1
0
0
1
2
3
1
0
2
1
1
1
1
3
4
5
3
2
0
2
2
4
1
1
4
3
5
3
4
3
2
1
2
2
0
2
1
3
1
2
1
3
0
1
2
3
3
3
0
2
2
6
0
0
2
0
1
1
1
0
0
2
4
1
1
2
3
5
0
0
2
2
0
4
0
2
0
0
0
5
0
3
2
6
2
1
1
1
1
1
0
1
0
0
7
0
3
0
2
1
2
1
4
2
5
4
1
2
6
2
0
2
2
3
4
5
0
2
0
1
1
5
1
1
0
0
2
1
2
5
3
2
0
3
3
1
2
2
1
1
0
2
3
3
2
1
1
1
0
2
3
4
1
1
1
1
0
1
0
0
1
0
2
1
3
2
3
2
2
0
1
2
2
3
1
1
3
0
2
1
1
4
1
0
2
1
1
2
0
0
2
0
2
1
0
2
2
2
3
3
2
1
3
1
0
0
4
1
1
4
0
1
3
1
1
3
4
1
3
1
0
0
2
1
0
2
3
5
0
1
1
2
3
1
2
1
2
1
1
2
0
2
0
0
2
1
0
1
1
1
0
3
0
4
1
1
2
1
1
0
0
4
1
1
2
3
0
0
0
2
0
1
3
1
1
0
1
3
0
1
1
1
2
3
1
0
1
3
2
1
1
1
2
2
2
1
1
3
0
2
3
0
3
4
2
2
1
1
1
2
2
5
6
3
1
1
0
0
1
4
1
2
0
1
2
1
1
1
0
3
3
2
1
3
1
0
2
2
3
1
2
1
0
0
1
3
3
1
1
6
0
2
2
1
2
0
2
0
2
1
3
1
3
1
0
0
0
0
0
4
2
1
1
0
1
1
2
1
2
2
0
0
0
4
1
1
0
1
0
1
3
0
2
2
3
5
4
2
1
1
1
3
2
0
2
0
0
2
1
0
2
1
1
0
4
0
3
4
2
0
0
1
2
1
0
1
2
0
1
1
3
2
2
0
3
3
0
3
1
2
2
2
4
2
1
1
1
1
2
0
0
0
0
1
1
0
0
1
1
1
4
0
3
1
1
0
1
1
0
0
5
0
0
2
0
2
3
2
2
2
4
1
2
2
1
1
0
4
1
3
0
0
3
0
0
0
1
0
1
1
3
2
1
2
3
0
1
0
0
2
0
1
0
1
1
3
1
1
0
2
2
0
1
0
0
0
1
1
1
1
1
0
3
0
1
0
2
1
0
4
2
3
1
0
0
2
0
0
1
0
1
3
3
2
3
2
0
0
1
0
3
2
0
0
2
1
1
1
0
1
1
1
2
1
1
3
1
2
0
0
1
0
0
0
2
1
2
1
0
2
2
1
2
3
1
0
0
0
1
3
2
1
0
4
2
2
0
0
1
3
0
0
1
1
0
0
2
0
2
1
2
0
1
1
0
0
1
0
0
3
5
1
2
0
1
2
2
2
1
2
1
0
2
2
1
2
2
1
2
2
1
3
1
2
0
3
0
2
1
1
0
2
0
0
0
1
2
1
0
0
0
1
2
1
2
2
0
5
0
1
0
1
1
0
1
0
2
1
1
0
0
2
1
1
1
2
3
0
0
2
1
0
0
2
0
0
2
2
0
0
5
0
1
0
1
2
2
0
0
2
0
0
0
0
1
0
0
3
0
2
3
0
3
1
1
1
3
0
1
1
1
1
1
0
0
2
1
1
0
1
1
2
0
2
0
1
2
0
1
1
0
1
3
0
1
0
2
5
1
0
0
3
2
1
3
0
5
1
3
0
0
2
1
0
1
1
1
1
1
1
1
0
0
0
1
0
0
3
0
0
1
0
0
1
1
3
0
2
1
1
1
0
1
0
2
1
1
0
1
1
0
0
1
1
0
0
2
1
2
1
1
2
1
1
3
1
0
2
0
0
1
0
2
0
1
1
1
0
2
0
0
0
1
0
3
1
1
0
0
0
1
1
1
0
0
3
1
0
0
3
2
1
1
0
3
1
1
1
0
1
2
3
3
0
0
3
0
2
2
1
1
0
0
1
1
1
5
0
3
1
0
1
0
0
2
0
1
0
2
2
0
0
0
0
2
2
1
0
2
1
0
1
0
0
0
0
0
0
1
0
0
2
0
1
0
0
2
0
0
2
1
1
2
0
1
3
1
2
0
1
0
1
1
1
0
0
0
1
0
1
0
0
0
2
2
0
0
2
0
1
1
3
1
1
1
2
0
1
0
0
1
0
0
3
2
0
1
1
1
1
0
1
0
0
1
0
1
1
2
0
0
3
0
2
0
0
0
0
1
3
3
0
1
1
0
0
1
1
2
1
2
1
1
2
0
0
1
0
0
1
0
2
2
0
0
0
2
1
0
2
0
2
1
0
0
0
2
2
2
1
1
1
0
2
1
2
0
2
0
2
0
1
0
3
3
0
2
1
1
0
0
1
0
0
1
1
0
3
2
0
1
0
1
4
2
0
0
2
1
1
1
1
2
5
1
2
2
0
4
2
0
0
2
3
0
5
2
0
2
2
2
0
2
1
1
1
3
2
1
2
1
0
0
0
0
2
2
3
0
1
1
0
0
1
1
1
1
1
2
2
2
0
3
1
0
3
3
1
2
2
1
3
2
1
0
0
2
2
0
0
2
2
0
2
0
2
0
1
2
0
2
1
2
1
0
1
0
3
1
2
0
1
1
1
2
4
1
0
0
0
1
1
0
2
0
0
1
1
0
1
1
0
1
0
0
0
1
1
0
0
1
1
0
2
1
0
2
0
3
1
0
1
0
1
0
2
2
1
0
2
2
1
0
3
1
1
0
1
2
0
0
0
0
1
0
1
2
0
2
1
2
0
1
0
0
2
0
1
1
1
2
1
3
0
0
2
1
1
0
0
2
1
0
1
0
0
0
0
1
2
1
2
0
0
0
0
1
0
0
0
0
0
0
2
0
1
0
0
0
0
1
0
0
2
0
1
0
1
1
1
3
0
1
0
0
1
3
0
0
2
2
1
1
0
0
2
3
2
0
0
0
2
1
0
3
0
0
2
2
0
1
1
0
0
0
1
0
2
0
2
1
1
2
0
1
0
1
0
3
0
3
2
1
2
2
0
1
2
3
1
0
2
0
0
1
1
0
1
0
1
0
1
0
2
2
2
1
0
1
2
3
0
3
1
0
0
1
1
0
1
3
0
2
0
0
0
0
3
0
1
2
1
1
1
0
0
1
0
3
1
2
2
3
1
2
0
0
1
1
3
0
4
1
1
1
2
3
0
0
1
1
0
1
1
2
0
2
3
1
0
2
1
1
1
1
1
1
0
1
1
0
1
1
1
0
0
0
0
2
0
0
0
0
1
1
1
0
0
2
1
1
0
3
0
1
0
0
0
0
0
0
2
0
0
0
0
0
1
0
2
0
1
1
2
0
0
2
0
0
1
0
0
1
1
0
1
2
0
0
1
2
1
0
2
0
0
1
0
1
3
0
2
0
0
0
0
0
2
1
0
0
0
0
2
2
0
0
1
1
2
0
1
2
0
1
2
2
4
0
2
2
1
0
1
0
1
1
1
0
0
1
1
2
1
0
1
1
0
0
0
1
0
1
0
1
0
0
0
2
3
1
0
0
1
0
0
2
2
1
1
1
1
1
1
0
0
0
0
0
1
0
0
1
1
1
0
2
2
2
0
0
0
0
1
0
1
0
0
0
1
0
2
1
0
1
1
1
1
0
0
2
1
1
1
0
1
1
1
0
1
0
0
1
1
0
1
0
0
1
0
1
2
0
2
3
0
0
0
0
1
0
0
0
0
0
0
1
2
3
0
0
0
0
2
1
0
1
0
1
2
0
2
2
1
0
0
2
0
0
3
2
0
2
0
0
1
1
0
2
1
0
0
2
1
2
0
1
1
1
2
1
0
1
0
1
0
0
0
2
1
0
0
2
2
0
0
1
0
1
0
1
0
1
1
1
1
0
0
0
0
2
2
1
0
0
2
1
0
3
0
0
1
2
0
0
0
1
0
0
0
0
3
1
1
0
0
0
2
0
2
0
0
0
0
0
0
0
0
1
2
1
0
0
0
0
0
0
0
2
0
1
1
0
1
0
0
2
0
1
0
2
0
1
1
1
0
1
0
0
2
0
1
0
2
1
0
0
0
0
3
0
2
0
0
3
0
1
2
0
1
0
1
1
1
1
0
0
2
3
0
0
0
2
1
1
0
2
3
0
1
2
1
2
1
1
1
2
0
0
0
1
2
2
1
1
1
0
0
2
0
0
0
0
0
1
0
1
3
0
0
0
1
1
1
0
0
0
2
3
0
1
1
3
1
2
3
2
3
0
1
1
1
0
2
5
3
3
1
2
0
4
3
5
5
4
3
1
2
3
1
5
0
2
4
4
1
8
2
4
6
6
5
1
7
5
7
8
5
11
5
11
7
9
6
10
10
9
6
7
6
11
9
8
11
9
10
11
12
11
12
12
7
10
13
10
13
10
17
19
11
14
18
9
10
7
11
15
16
16
6
17
15
9
19
17
15
5
8
13
14
18
7
10
9
9
10
12
14
3
11
12
4
6
13
12
5
10
6
2
8
8
3
5
6
6
2
2
7
3
3
5
5
7
3
9
4
2
2
3
2
3
2
5
1
4
2
3
3
7
2
6
1
0
2
1
5
6
5
2
2
4
1
1
2
1
1
2
4
4
0
2
1
1
0
1
0
2
2
1
1
0
0
1
0
0
2
0
0
0
1
0
0
0
1
2
1
0
0
0
0
0
0
0
0
2
4
1
1
0
1
1
1
2
3
1
1
0
1
2
0
1
1
0
0
0
1
0
0
1
1
1
0
1
0
1
1
0
1
0
0
0
0
1
1
0
0
1
0
0
0
1
0
0
0
0
0
1
0
1
0
1
0
0
0
1
1
0
0
1
0
0
0
1
0
1
0
0
0
0
0
0
1
2
0
0
1
1
0
0
0
2
2
1
1
1
0
0
0
0
1
0
0
0
0
1
2
1
2
0
0
1
1
0
0
0
0
0
1
1
1
1
0
0
0
2
0
0
0
0
0
1
1
2
2
0
3
1
0
0
2
0
1
1
0
2
0
3
0
0
0
0
0
0
1
1
0
1
1
0
0
0
1
1
1
0
1
1
0
0
4
0
0
1
1
0
1
2
0
0
0
0
0
1
0
1
0
1
0
0
0
0
0
2
0
2
2
0
1
0
0
0
0
0
0
1
0
0
0
1
1
0
0
0
1
0
1
0
0
1
1
0
1
0
0
0
0
0
0
1
0
0
0
0
0
2
0
0
0
0
0
0
1
1
0
0
0
0
0
1
0
0
1
0
0
1
1
0
0
0
3
1
1
1
0
0
0
0
0
0
1
0
0
3
1
2
0
1
1
1
1
0
0
0
0
0
0
0
0
0
1
0
1
0
2
0
1
0
0
0
1
0
1
1
0
0
0
0
0
0
0
0
0
0
3
0
0
1
2
0
1
0
0
0
1
0
1
1
0
2
0
1
0
0
0
1
0
0
2
2
1
0
1
1
0
1
1
1
0
0
1
0
1
0
1
3
0
0
0
1
1
1
0
0
0
2
0
0
0
1
2
0
1
0
0
3
2
1
1
2
1
0
1
1
2
0
0
0
1
1
1
1
0
0
1
1
0
1
0
0
2
1
0
1
1
1
0
0
0
2
1
1
0
0
2
1
1
0
1
1
1
1
1
2
1
0
0
0
1
0
1
0
1
0
1
1
0
0
0
0
1
0
0
0
0
0
1
1
0
1
0
0
0
0
1
1
0
1
0
1
0
0
1
0
0
2
0
0
0
0
2
0
0
1
0
0
1
1
0
1
2
1
3
0
1
0
0
0
1
0
1
1
0
0
1
0
0
0
1
0
0
1
0
0
1
0
0
1
1
1
0
0
0
1
0
3
0
0
1
0
0
2
0
2
0
1
0
0
0
0
0
0
0
0
0
0
0
0
2
0
2
0
0
2
0
0
1
0
1
2
0
0
0
1
0
0
0
1
0
1
0
0
0
0
1
1
0
1
0
0
0
0
2
0
1
0
1
2
0
1
0
0
0
1
0
1
0
1
0
1
1
1
0
0
0
0
0
1
0
0
2
0
0
1
0
2
2
0
0
0
0
1
1
1
0
0
0
0
0
0
0
0
0
1
0
2
0
0
1
0
1
1
1
0
0
1
0
0
1
1
0
0
0
0
0
0
0
0
1
0
0
1
0
0
0
0
0
0
1
0
0
0
1
0
0
1
0
0
3
0
1
0
0
1
0
1
0
1
0
0
0
0
0
0
2
0
1
1
0
0
0
0
0
1
1
0
2
1
0
0
2
0
1
0
0
0
0
2
2
2
1
1
0
2
0
0
1
0
1
0
2
0
0
0
1
0
0
0
0
1
1
1
0
0
0
0
0
0
0
0
1
1
0
2
0
0
0
0
0
2
0
0
0
0
0
0
1
0
0
0
0
1
0
0
0
0
0
1
0
1
0
1
0
0
0
2
0
2
0
0
1
0
0
0
0
1
0
0
0
0
0
0
1
1
0
0
0
1
0
0
0
0
0
0
0
0
0
0
0
0
0
0
0
0
0
0
0
0
0
1
1
1
0
1
0
1
2
1
1
1
0
1
1
0
1
0
0
0
0
0
0
1
2
1
1
0
0
0
1
0
0
0
0
0
0
0
0
0
0
0
0
0
0
0
0
0
0
0
0
0
0
0
0
0
0
0
0
0
0
0
0
0
0
0
0
0
0
0
0
0
0
0
0
0
0
0
0
0
0
0
0
0
0
0
0
0
0
0
0
0
0
0
0
0
0
0
0
0
0
0
0
0
0
0
0
0
0
0
0
0
0
0
0
0
0
0
0
0
0
0
0
0
0
0
0
0
0
0
0
0
0
0
0
0
0
0
0
0
0
0
0
0
0
0
0
0
0
0
0
0
0
0
0
0
0
0
0
0
0
0
0
0
0
0
0
0
0
0
0
0
0
0
0
0
0
0
0
0
0
0
0
0
0
0
0
0
0
0
0
0
0
0
0
0
0
0
0
0
0
0
0
0
0
0
0
0
0
0
0
0
0
0
0
0
0
0
0
0
0
0
0
0
0
0
0
0
0
0
0
0
0
0
0
0
0
0
0
0
0
0
0
0
0
0
0
0
0
0
0
0
0
0
0
0
0
0
0
0
0
0
0
0
0
0
0
0
0
0
0
0
0
0
0
0
0
0
0
0
0
0
0
0
0
0
0
0
0
0
0
0
0
0
