0
0
0
0
0
0
0
0
0
0
0
0
0
0
0
0
0
0
0
0
0
0
0
0
0
0
0
0
0
0
0
0
0
0
0
0
0
0
0
0
0
0
0
0
0
0
0
0
0
0
0
0
0
0
0
0
0
0
0
0
0
0
0
0
0
0
0
0
0
0
0
0
0
0
0
0
0
0
0
0
0
0
0
0
0
0
0
0
0
0
0
0
0
0
0
0
0
0
0
0
0
0
0
0
0
0
0
0
0
0
1
4
43
1277
8541
16155
15938
14334
13671
13169
13303
13210
13395
13262
13371
13978
13985
14358
14462
14447
14620
14826
14707
14763
15206
14937
14992
14993
14870
14950
14693
14851
14921
14780
14375
14740
14704
14357
14652
14476
14297
14365
14111
14322
14167
14035
13836
14081
13936
14003
13838
13899
13652
14017
13696
13654
13655
13524
13603
13618
13542
13421
13627
13640
13194
13374
13101
13170
13429
13296
13343
13344
13359
13089
13155
13133
12940
12958
13044
12987
12792
12852
12704
12921
12875
12857
12858
12870
12663
12839
12725
12701
12691
12544
12490
12675
12526
12459
12410
12417
12474
12514
12424
12365
12453
12173
12364
12325
12164
12156
12181
12206
12081
12053
12278
12301
12286
12184
11763
12098
12047
12123
12140
11928
12026
12038
11979
11796
11942
11820
11833
11891
11710
11899
11792
11661
11894
11717
11907
11617
11687
11580
11656
11764
11758
11569
11802
11633
11513
11467
11671
11496
11614
11537
11507
11549
11568
11527
11438
11483
11320
11461
11402
11168
11293
11317
11226
11395
11150
11141
11223
11228
11264
11258
11037
11111
11130
11235
11365
11273
11132
11136
11048
11233
11131
11204
10949
10923
11166
11064
11210
11197
10925
10975
11035
11190
11030
11077
10769
10966
10819
10839
10846
11049
10926
10856
10962
10931
10972
10909
10704
10767
10853
10835
10551
10898
10841
10742
10750
10495
10917
10807
10410
10555
10961
10674
10651
10510
10482
10640
10609
10715
10665
10488
10536
10611
10700
10541
10524
10547
10505
10524
10629
10429
10704
10474
10617
10467
10476
10655
10415
10499
10323
10310
10490
10514
10373
10559
10535
10345
10461
10277
10466
10209
10299
10202
10117
10247
10389
10325
10224
10407
10452
10229
10364
10147
10174
10252
10051
10344
10190
10235
10202
10216
10247
10161
10248
10107
10139
10127
10142
10337
10167
10170
10118
10103
10164
10279
10126
10020
10098
10151
9939
10064
10157
10155
10067
9991
10143
10226
10248
9883
9961
10136
9954
9987
9947
9915
10213
9779
10224
9967
9931
9780
9717
9838
9939
9859
10045
9951
9944
9714
9796
9940
9811
9851
9780
9940
9857
9916
9831
9967
9814
9867
9865
9875
9663
9894
9872
9614
9691
9726
9883
9942
9717
9758
9706
9952
9736
9580
9768
9614
9811
9715
9781
9696
9771
9671
9733
9790
9722
9768
9800
9667
9681
9561
9591
9609
9493
9389
9770
9613
9352
9504
9494
9588
9768
9578
9522
9470
9644
9620
9749
9674
9393
9458
9572
9489
9536
9533
9520
9648
9430
9581
9493
9475
9606
9529
9469
9641
9577
9446
9382
9733
9298
9413
9264
9365
9573
9359
9406
9322
9487
9348
9349
9300
9538
9292
9337
9295
9367
9339
9380
9337
9275
9274
9338
9260
9418
9335
9331
9318
9197
9175
9262
9217
9371
9154
9273
9328
9336
9382
9198
9228
9258
9362
9365
9227
9203
9276
9251
9084
9271
9165
9078
9036
9416
9272
9248
9282
9202
9224
9191
9269
8994
9128
8971
9048
9031
9144
8943
9057
9130
9008
9105
9173
9320
9128
9190
9019
9212
8946
9319
9078
8982
9120
8996
9001
9086
9057
8815
8873
9065
9056
8947
8834
9014
9033
8926
8857
8872
8937
8831
8912
8980
8959
9069
8991
8789
8989
8910
8852
8861
9003
8894
8817
9020
8919
9025
9011
8922
8795
8831
8993
8755
8897
8828
9013
8800
8877
8866
8800
8818
8860
8916
8819
8901
8908
8709
8867
8880
8968
9021
8810
8834
8813
8786
8994
8756
8870
8898
8894
8727
8982
8941
8832
8962
8752
8747
8612
8807
8887
8749
8592
8877
8693
8825
8818
8876
8912
8848
8909
8925
9067
9011
8857
8840
8731
8761
8837
8797
8820
8788
9013
8652
9033
8848
8880
8836
8724
8804
8807
8819
8717
8822
8781
8736
8692
8834
9027
8766
8716
8746
8734
8962
8686
8727
8929
8805
8738
8721
8704
8871
8905
8578
8694
8861
8820
8774
8572
8772
8731
8818
8705
8822
8876
8613
9006
8951
8737
8739
8844
8749
8764
8741
8705
8894
8753
8901
8891
9004
8845
8699
8932
8794
8802
8729
8955
8968
8866
8869
8711
8853
8916
8842
8831
9047
8999
9081
8929
9316
9296
9277
9129
9410
9293
9271
9357
9495
9470
9406
9719
9710
9738
9987
9941
10067
10080
10261
10404
10276
10852
10705
10680
10846
10895
11003
11181
10967
11406
11500
11493
11653
11733
11736
11822
12043
12022
11995
11988
12106
12423
12355
12511
12365
12340
12441
12468
12809
12804
12761
12719
12989
12920
13156
13180
13157
13202
13393
13368
13729
13306
13742
13799
13863
14211
14603
14863
15309
15419
15828
15474
15556
15633
15534
15326
15146
14816
14784
14334
14150
14064
14037
13797
13494
13169
13268
13186
12966
12688
12445
12166
12108
11859
11624
11334
11303
11042
10924
10647
10595
10271
10221
10116
9991
9893
9693
9533
9378
9250
9198
9153
9119
9131
8858
8720
8850
8780
8780
8641
8621
8625
8548
8386
8638
8638
8548
8565
8393
8288
8416
8644
8358
8540
8525
8455
8488
8454
8488
8424
8504
8505
8525
8473
8581
8409
8405
8302
8402
8654
8537
8494
8400
8507
8439
8500
8412
8521
8527
8473
8376
8438
8740
8733
8492
8760
8568
8384
8505
8568
8610
8391
8502
8670
8566
8584
8561
8571
8570
8764
8413
8746
8665
8546
8511
8833
8796
8766
8663
8646
8683
8774
8727
8656
8713
8625
8856
8820
8982
8959
8685
8762
8996
8714
8798
8943
8866
8772
8825
8873
8767
8917
9029
8871
9019
8881
8817
8921
8883
9008
8991
9099
8964
8871
8962
8920
9153
8847
9019
9089
8916
8938
9350
9020
9019
9086
9193
8950
8920
9106
9113
9015
9248
9219
9190
9171
8988
9046
9238
9139
9218
9244
9196
9146
9274
9220
9237
9360
9358
9176
9282
9337
9325
9314
9270
9394
9226
9391
9304
9449
9475
9495
9220
9275
9388
9269
9418
9487
9343
9402
9391
9455
9473
9640
9451
9489
9717
9529
9538
9391
9335
9488
9712
9768
9586
9678
9678
9476
9758
9628
9714
9559
9619
9614
9546
9781
9721
9577
9722
9796
9803
9656
9657
9674
9721
9826
9685
9901
9880
9752
9827
9799
9602
9784
9773
9887
9965
9862
9876
9923
9844
9906
9886
9968
9899
9834
9869
10096
10111
9878
9991
10040
9861
9981
9907
10064
10226
9963
10047
9973
10145
10139
10145
10019
10083
10117
9923
10219
10112
10106
9954
10308
10196
10263
10203
10031
10055
10306
10046
10353
10145
10114
10125
10545
10168
10396
10061
10187
10329
10416
10294
10144
10330
10341
10320
10284
10461
10320
10190
10453
10222
10386
10456
10602
10579
10459
10145
10379
10464
10398
10386
10627
10404
10403
10641
10455
10485
10374
10499
10613
10627
10619
10597
10400
10356
10510
10632
10629
10607
10650
10393
10623
10525
10704
10721
10505
10285
10709
10624
10640
10580
10618
10674
10791
10682
10747
10560
10603
10760
10693
10773
10794
10763
10884
10590
10517
10813
10878
10738
10804
10777
10799
10667
10927
10883
10973
10899
10723
10963
10982
10821
11047
10776
10783
10699
10825
10827
11078
10888
10797
10909
10727
10977
10872
10979
11057
10948
10977
10809
10752
10985
10963
11117
10883
11109
11081
11031
11216
11045
11072
11139
11109
10934
11169
11373
11063
10984
11316
11159
11169
11441
11017
11104
11243
10972
11289
11188
11264
11212
11134
11224
11353
11500
11217
11079
11160
11244
11188
11233
11049
11191
11277
11403
11443
11307
11167
11479
11273
11658
11315
11355
11297
11441
11397
11436
11499
11403
11207
11410
11481
11418
11411
11436
11543
11560
11487
11468
11606
11642
11453
11286
11594
11649
11426
11580
11495
11563
11589
11559
11518
11714
11742
11592
11616
11617
11767
11668
11556
11829
11787
11919
11738
11581
11832
11727
11690
11603
11909
11825
11759
11625
11689
11778
11645
11845
11754
11860
11934
11813
11779
11824
11942
11939
11812
12086
11867
11872
12133
11876
11883
12210
12013
11896
11927
12092
12083
12101
12025
12226
11944
12079
12062
12141
12215
12211
12181
12269
12252
12185
12203
12206
12169
12233
12297
12297
12142
12239
12151
12169
12303
12268
12368
12225
12170
12518
12451
12641
12306
12492
12601
12210
12381
12452
12518
12503
12681
12258
12491
12640
12760
12642
12581
12709
12682
12617
12659
12677
12605
12619
12671
12908
12739
12671
12661
12738
12544
12659
12982
12710
12810
12891
12934
12884
13049
12764
12870
12990
12659
12924
13013
12812
12885
12990
13379
12865
13111
12981
12963
13098
13046
13128
13015
12957
12933
13244
12915
13001
12987
12970
12870
12959
13060
13279
13017
13082
13137
13279
13213
13303
13331
13324
13083
13169
13466
13078
13210
13244
13312
13308
13400
13518
13338
13490
13301
13235
13481
13281
13311
13118
13381
13633
13303
13466
13428
13419
13629
13315
13256
13440
13657
13568
13574
13457
13459
13505
13609
13584
13303
13619
13646
13721
13726
13722
13736
13719
13595
13877
13752
13771
13769
13970
13814
13952
13967
14125
13965
13843
14114
14023
13809
14009
13948
14059
14233
14081
14144
14144
14205
14145
14198
14284
14048
14176
14194
14376
14148
14448
14467
14488
14373
14196
14542
14535
14583
14390
14646
14567
14583
14718
14540
14612
14555
14625
14641
14705
14500
14612
14542
14621
14399
14607
14566
14833
14677
14604
14595
14763
14655
14629
14613
14539
14491
14608
14694
14718
14817
14921
14868
14731
14652
14537
14898
14696
14549
14862
14954
14889
14914
14761
14915
14697
14978
14901
14917
14645
14877
14835
14851
14866
14562
15157
14835
15133
15092
15089
14964
14990
15041
15013
14994
15082
15149
15240
15117
15381
15193
15202
15193
15100
15049
14848
15271
15163
15013
14945
15131
15016
15000
15325
15242
15177
15253
15286
14874
15133
15268
14997
15337
14922
15316
15353
15246
15443
15320
15314
15455
15521
15521
15484
15443
15502
15378
15317
15487
15385
15508
15485
15297
15361
15265
14911
15280
15097
15157
15085
15017
14830
15021
15047
14612
15088
14478
14747
14393
14603
14470
14715
14509
14262
14422
14010
14126
14139
14130
14174
14143
13960
13979
14045
13991
13954
13817
13945
13880
13851
13745
13929
13719
13832
13801
13558
13620
13577
13700
13695
13795
13579
13648
13688
13681
13756
13707
13794
13506
13414
13542
13422
13723
13377
13679
13391
13487
13517
13385
13460
13478
13426
13368
13460
13367
13338
13356
13226
13259
13367
13286
13397
13504
13298
13463
13341
13477
13188
13284
13464
13248
13234
12992
13123
13204
13150
13175
13451
13280
13317
13203
13133
12988
13188
13283
13315
13199
13152
12958
13109
13067
12917
13071
13147
13144
13226
13041
13140
13174
12900
12992
13163
13074
13028
12784
13117
13052
12965
12867
12931
13013
12837
13000
12979
12820
12933
12876
13017
12938
12880
12977
12910
12952
12901
12961
12753
12987
12908
12871
12798
12988
13042
12839
12746
12729
12989
12807
12924
12893
12779
12801
12805
12722
12682
12704
12816
12772
12761
12657
12595
12916
12693
12874
12965
12730
13008
12715
12797
12767
12770
12572
12789
12669
12576
12579
12831
12840
12683
12777
12738
12662
12535
12687
12722
12734
12689
12662
12594
12790
12631
12642
12720
12698
12639
12390
12645
12643
12671
12662
12464
12641
12660
12596
12497
12281
12294
12435
12542
12602
12436
12498
12478
12635
12435
12544
12424
12221
12508
12529
12604
12436
12460
12692
12571
12467
12588
12568
12590
12484
12515
12159
12420
12392
12655
12576
12447
12444
12294
12515
12536
12445
12406
12576
12407
12339
12283
12269
12271
12341
12456
12518
12234
12476
12439
12468
12506
12306
12174
12238
12367
12436
12446
12352
12409
12365
12376
12286
12360
12648
12425
12288
12368
12204
12186
12243
12314
12419
12226
12180
12247
12259
12256
12234
12077
12198
12328
12098
12228
12376
12150
12099
12298
12238
12194
12157
12266
12202
12155
12004
12253
12169
12200
12259
12466
12146
12184
12166
12085
12194
12456
12213
12219
12388
12333
12032
12186
12032
12154
12209
12164
12131
12324
12012
12100
11969
12028
12120
12198
12246
12080
12119
12028
11876
12084
12150
12078
12203
12155
12018
12144
12140
11969
12024
11920
11850
12009
12140
12075
11955
12227
12184
11988
11893
11943
12040
11904
11835
11991
11954
11990
12003
11829
11933
11914
11853
11938
12010
11962
11914
11857
11998
11946
11761
11818
11894
11776
11680
11945
11845
11741
11916
12036
11687
11906
11900
11764
11760
11697
11781
11773
11832
11921
11718
11623
11697
11688
11938
11746
11783
11678
11982
11724
11592
11755
11568
11616
11612
11658
11651
11683
11618
11620
11594
11398
11623
11736
11548
11632
11598
11349
11570
11445
11474
11547
11359
11343
11642
11317
11419
11391
11317
11240
11321
11450
11397
11179
11151
11176
11178
11011
11151
11043
11039
10823
11096
11042
11087
11034
11034
10946
10864
10931
10958
10917
10730
10742
10715
10679
10696
10664
10547
10705
10695
10532
10568
10398
10518
10350
10675
10542
10477
10212
10400
10129
10404
10189
10076
10126
10276
10273
10049
10012
10050
10092
10170
9878
9864
9976
9949
10031
9733
9695
9808
9914
9769
9657
9613
9608
9699
9664
9722
9637
9553
9695
9593
9759
9539
9534
9431
9277
9558
9179
9497
9428
9458
9428
9319
9343
9339
9112
9006
9030
9389
9150
9203
9249
9189
9302
9498
9116
9309
9207
9101
9175
9145
9129
9018
9070
9033
9067
9011
8944
8967
8986
9107
9050
8953
9071
8685
8858
8847
8999
8775
8948
8794
8852
8784
8848
9019
9006
8810
8868
8676
8810
8716
8872
8760
8781
8663
8782
8794
8670
8806
8862
8772
8610
8818
8706
8683
8834
8833
8707
8659
8866
8850
8702
8830
8803
8867
8647
8791
8834
8776
8868
8631
8871
8838
8836
8927
8922
8950
8865
8790
8640
9014
8893
8763
8942
9021
8985
8844
9047
8910
8825
9019
8873
9047
9041
8826
8777
8908
8974
9031
8826
8961
8895
8993
8952
9075
9048
9095
9126
9161
9199
9164
9124
9001
9048
9169
9321
9066
9021
9028
9225
8958
8962
8823
9063
8895
8679
8683
8755
8594
8786
8750
8601
8764
8627
8404
8395
8418
8439
8208
8217
8274
8075
8297
8052
8143
8181
8112
7981
8063
7933
8141
7953
8077
7959
7851
7845
7754
7811
7931
7749
7846
7814
7670
7851
7921
7906
7684
7775
7780
7565
7610
7770
7778
7606
7648
7602
7575
7679
7659
7584
7582
7660
7676
7787
7756
7584
7685
7563
7626
7639
7660
7527
7431
7510
7539
7492
7635
7382
7433
7417
7564
7502
7301
7411
7534
7488
7202
7331
7429
7352
7202
7521
7301
7309
7254
7310
7453
7348
7271
7294
7407
7504
7290
7267
7269
7360
7186
7271
7232
7219
7157
7185
7258
7259
7126
7242
7124
7177
7304
7255
7170
7178
7142
7138
7074
7048
7082
7217
7133
7158
7193
6966
7229
7041
7118
7202
7316
7119
7169
7044
7102
7137
7105
6855
7095
6903
7141
6969
7009
7000
7044
7082
6958
7153
6901
6948
7105
6888
6948
6720
6930
6739
7064
6962
6952
6804
6852
6940
6917
6865
6930
6890
6710
6646
6904
6869
6694
6861
6748
6838
6811
6818
6756
6803
6698
6885
6834
6768
6670
6695
6828
6756
6881
6768
6793
6706
6717
6846
6778
6546
6708
6680
6808
6753
6674
6729
6800
6673
6603
6662
6740
6828
6613
6566
6578
6545
6701
6664
6658
6481
6747
6634
6643
6478
6678
6740
6504
6418
6704
6612
6444
6521
6632
6480
6528
6516
6590
6538
6553
6481
6643
6478
6566
6479
6400
6554
6544
6561
6509
6565
6380
6474
6519
6439
6573
6459
6565
6478
6498
6331
6387
6368
6431
6473
6445
6417
6482
6316
6337
6489
6552
6370
6349
6436
6487
6471
6258
6376
6387
6357
6359
6244
6249
6359
6363
6384
6288
6454
6361
6354
6354
6175
6348
6156
6261
6312
6375
6332
6386
6297
6222
6427
6225
6236
6274
6147
6281
6134
6197
6155
6234
6381
6187
6339
6191
6128
6367
6181
6296
6250
6093
6177
6249
6132
6265
6201
6252
6222
6102
6103
6279
6221
6189
6117
6224
6254
6108
6194
6072
6255
6211
6230
6070
6058
6050
6050
6122
6198
6121
6098
6152
6005
6193
5964
6202
6056
6128
6103
6045
6169
6047
6018
6132
6129
6167
6060
6044
6025
5958
5986
5922
6079
5960
6127
6031
6083
6043
6063
5967
6069
6005
6004
5953
5882
6020
6038
5970
6156
5955
5921
5909
5871
5889
5910
5897
6043
5808
5912
6000
5929
5770
6005
5892
6036
5974
6054
5888
5966
5867
5820
5904
5873
5918
5899
5907
6027
5860
5795
5978
5870
5766
5931
5941
5963
5819
5925
5829
5950
5707
5834
5862
5837
5944
5892
5815
5860
5699
5919
5792
5823
5994
5776
5692
5793
5835
5800
5880
5754
5700
5854
5775
5888
5882
5792
5913
5844
5904
5794
5686
5925
5873
5772
5772
5957
5942
5806
5907
5886
5842
5945
6098
6075
6082
6150
6117
6207
6397
6456
6469
6572
6619
6722
6574
6933
7136
7465
7405
7369
7717
7831
7833
8163
8205
8638
8676
8910
9032
9352
9381
9695
9888
9945
10371
10464
10752
11041
11056
11427
11414
11555
11761
11964
12275
12291
12284
12417
12784
12838
13201
13011
13363
13183
13562
13553
14082
13973
14214
14447
14537
14689
14838
14959
15343
15357
15882
16356
16591
16670
17351
17717
17731
18361
18297
18431
18903
18818
18776
18791
18681
18341
18178
17915
17529
17223
16780
16276
16109
15589
15098
14631
14415
13893
13397
13140
12445
12210
11636
11240
10696
10393
9944
9599
9275
9023
8711
8347
8122
7715
7387
7305
7154
6938
6713
6478
6457
6195
6269
6046
5921
5756
5661
5686
5421
5575
5494
5528
5327
5427
5407
5270
5292
5170
5281
5245
5220
5012
5172
5107
5005
5073
5108
5096
5110
5035
5068
5080
5118
4933
5105
4998
5109
5008
5000
5006
4908
5075
4985
5035
5023
4958
5088
5140
5040
5060
5091
4997
4974
5027
5100
4992
4986
4996
4946
5145
4864
4930
4990
5031
4949
4962
5021
4848
4952
5052
4794
4898
4913
5167
5028
4942
5004
4993
4973
4916
4949
4914
4987
4923
4983
5059
5118
4914
5072
5012
4893
4939
4843
4892
4995
4955
4801
4942
4911
4886
5090
4914
5009
4954
5085
4983
4911
4946
4875
4961
5006
4993
4959
5007
5026
5003
4948
4939
4962
4966
4978
4988
4849
4924
4965
4927
5037
4958
4907
5032
4973
5026
4925
4826
4927
5008
5009
5008
5047
4956
5002
4989
4993
4958
5026
5029
4958
5030
5027
5047
5019
5133
4952
5027
5124
5123
5168
5229
5192
5383
5556
5670
5689
5687
5835
5836
6114
6344
6550
6570
6909
7043
7232
7469
7971
8273
8514
8996
9187
9613
9979
10500
10941
11500
11561
12155
12499
13061
13612
13985
14494
15104
15463
15934
16545
17040
17187
17970
18559
18601
19062
19649
20317
20363
20931
21151
21699
22015
22375
22635
22935
23132
23706
24009
24318
24808
24907
25084
25902
26468
26485
27048
27912
28435
29287
29624
30674
31235
31847
33065
33546
34213
34877
35231
35817
35960
35874
35594
35581
34927
34934
34299
33258
33227
32034
31303
30249
28945
28573
27377
26344
24858
24081
22989
22073
20990
20075
18775
17989
16937
16163
15439
14379
13566
12799
11950
11277
10737
10156
9606
9077
8419
7958
7539
7325
6902
6544
6107
5888
5673
5493
5191
5085
5056
4891
4719
4515
4541
4335
4332
4310
4190
4136
4243
4038
4081
3940
3962
3963
3962
3849
3989
3908
3910
3766
3767
3840
3784
3848
3819
3922
3749
3799
3803
3781
3773
3753
3814
3871
3782
3724
3720
3845
3609
3633
3745
3695
3628
3685
3782
3629
3782
3720
3712
3793
3685
3711
3834
3672
3762
3713
3712
3696
3706
3782
3680
3667
3657
3631
3568
3606
3691
3616
3765
3702
3720
3644
3654
3723
3588
3588
3655
3590
3742
3659
3596
3752
3660
3693
3731
3577
3583
3637
3635
3641
3623
3607
3631
3653
3704
3617
3567
3605
3521
3695
3592
3543
3586
3497
3553
3636
3605
3616
3633
3463
3598
3614
3533
3544
3569
3571
3597
3507
3537
3608
3680
3506
3551
3557
3629
3552
3529
3552
3601
3690
3559
3517
3628
3422
3564
3504
3460
3513
3555
3478
3483
3570
3519
3449
3491
3535
3521
3634
3568
3548
3480
3597
3554
3560
3494
3553
3519
3645
3567
3471
3399
3454
3466
3528
3468
3577
3502
3482
3566
3453
3507
3553
3501
3500
3519
3527
3450
3623
3561
3577
3462
3546
3566
3592
3473
3508
3513
3511
3469
3371
3419
3455
3468
3518
3538
3482
3463
3459
3429
3529
3581
3422
3494
3463
3523
3427
3486
3406
3441
3361
3434
3346
3447
3458
3410
3519
3517
3380
3519
3379
3371
3502
3531
3524
3453
3446
3443
3488
3501
3427
3394
3412
3551
3352
3387
3474
3254
3345
3391
3530
3363
3462
3436
3363
3379
3477
3445
3375
3399
3442
3403
3355
3369
3333
3366
3400
3460
3398
3511
3455
3385
3467
3397
3520
3432
3368
3345
3430
3261
3347
3437
3409
3335
3368
3341
3470
3289
3446
3335
3395
3425
3429
3333
3447
3540
3351
3447
3292
3455
3495
3476
3388
3351
3430
3419
3280
3449
3443
3444
3264
3433
3488
3291
3370
3403
3432
3375
3480
3375
3364
3368
3410
3348
3344
3329
3243
3372
3405
3356
3437
3272
3364
3403
3262
3224
3374
3297
3306
3282
3307
3419
3332
3409
3408
3368
3435
3355
3354
3365
3381
3353
3347
3348
3324
3218
3318
3401
3349
3445
3361
3325
3358
3405
3496
3453
3373
3326
3384
3375
3349
3361
3353
3305
3377
3436
3470
3376
3417
3343
3463
3468
3344
3383
3368
3420
3506
3379
3452
3316
3449
3528
3386
3495
3366
3486
3435
3511
3402
3517
3509
3495
3412
3462
3408
3546
3548
3475
3459
3461
3501
3483
3535
3598
3451
3567
3516
3569
3652
3650
3595
3624
3698
3682
3757
3806
3883
3826
3915
4004
3845
4224
4275
4358
4421
4677
4767
4938
5205
5463
5766
5814
6266
6745
7184
7706
8158
8899
9620
10024
10803
11783
12464
13538
14522
15498
16466
17636
18814
19891
20984
22181
23760
25080
26313
27863
28879
30446
32222
33570
34729
36277
37237
38762
40218
41687
42956
44416
45566
47087
48438
49446
50893
52062
53320
54023
54828
56196
57577
58937
59311
60585
62020
63030
63753
65111
66887
67680
69273
70165
71798
74218
75602
77358
79643
81534
83141
85836
87512
88955
89830
91669
92144
92483
92486
92530
91465
91341
90095
88011
86844
84375
82194
79560
76838
74179
71608
68108
65650
62477
59275
56565
53461
50285
47615
44625
41637
38835
36466
33515
31300
29037
26786
24590
22384
20955
19155
17574
15821
14671
13466
11983
10973
10149
9100
8292
7692
7066
6403
5694
5183
4903
4490
4021
3800
3541
3277
2953
2921
2601
2549
2353
2311
2236
1944
1939
1863
1862
1824
1613
1720
1592
1605
1651
1531
1604
1401
1475
1569
1390
1456
1337
1370
1339
1344
1333
1308
1346
1321
1274
1221
1269
1283
1217
1331
1257
1254
1271
1247
1265
1231
1227
1215
1187
1191
1195
1234
1117
1169
1206
1203
1178
1209
1145
1176
1182
1167
1168
1165
1178
1166
1226
1123
1161
1144
1097
1203
1166
1104
1125
1174
1128
1097
1042
1090
1060
1122
1102
1148
1038
1094
1127
1088
1073
1059
1090
1125
1103
1079
1129
1105
1050
1078
1110
1101
1085
1102
1091
1081
1087
1107
1057
1073
1082
1093
1034
1119
1036
1030
1056
1108
1061
1120
1050
1003
1045
983
1011
1019
1062
1055
1009
1092
988
1068
1041
1034
1008
1002
1009
1055
1039
1034
1057
994
1065
1042
1087
1036
1019
1017
1079
1111
1019
1013
1020
991
1052
1051
1051
1049
1056
1092
1168
1173
1188
1188
1280
1246
1279
1385
1375
1407
1530
1542
1633
1662
1884
1901
1950
2113
2130
2368
2569
2514
2680
2902
3031
3114
3189
3507
3803
3867
4067
4186
4341
4680
4852
4890
5124
5373
5557
5691
5802
6222
6178
6363
6686
6815
7043
7205
7204
7540
7441
7801
7764
8128
8158
8377
8515
8632
8884
8878
9213
9305
9277
9790
9791
9965
10401
10606
10531
10793
11294
11176
11708
11846
12146
12207
12573
12543
12824
12861
12883
12755
12803
12518
12323
12049
11848
11570
11273
11083
10674
10273
9798
9612
9015
8795
8464
7890
7704
7140
6791
6272
5869
5895
5362
4821
4597
4461
4055
3736
3376
3131
3079
2825
2591
2380
2239
2125
1881
1843
1610
1588
1486
1420
1362
1245
1198
1132
1073
1002
955
949
932
854
856
823
815
751
746
785
756
715
694
696
690
684
698
683
641
642
663
645
714
632
677
624
598
642
641
617
665
671
594
596
636
607
602
646
602
612
606
554
622
619
581
571
602
646
615
617
565
590
549
584
578
611
563
579
565
565
566
603
576
604
541
568
559
554
603
567
619
607
516
593
579
571
559
545
575
597
573
534
570
525
604
543
545
560
541
576
514
503
557
569
577
571
555
594
538
547
564
567
538
551
568
565
553
516
575
519
544
540
549
541
543
510
568
567
530
539
560
560
527
495
504
506
535
535
482
500
579
559
532
542
510
538
531
485
503
517
526
495
502
544
509
488
515
461
522
522
490
542
524
512
511
545
535
492
537
525
513
511
532
449
485
514
461
512
546
504
494
506
537
489
486
510
491
483
511
492
483
564
492
506
539
512
505
535
530
501
476
503
537
504
496
455
500
493
496
529
512
485
466
466
474
528
487
456
519
462
439
478
465
455
450
485
459
476
486
496
464
493
484
512
506
460
488
454
447
464
451
469
481
435
465
483
474
492
472
521
449
492
458
478
489
504
506
496
433
455
498
504
495
458
474
457
443
431
495
471
505
397
477
465
454
447
463
456
450
399
480
436
489
493
446
465
421
451
443
471
404
450
479
449
467
445
467
439
445
477
478
425
411
452
440
460
479
485
470
460
469
447
449
434
431
445
478
465
461
414
480
469
470
501
445
436
470
464
419
456
436
434
443
455
440
426
456
423
445
439
429
443
432
442
452
449
444
459
445
427
432
453
455
425
512
444
446
431
434
440
457
455
458
450
447
456
444
433
418
456
426
420
438
466
451
418
429
457
427
433
405
419
423
424
454
436
448
439
429
427
449
468
419
456
434
457
421
393
405
406
416
440
411
433
450
428
425
441
419
412
402
424
415
450
400
424
401
429
432
395
400
460
406
417
394
421
440
440
393
441
408
415
386
454
413
455
478
397
424
387
409
398
456
460
444
452
411
412
450
479
426
448
439
414
390
436
447
441
463
463
453
446
455
434
460
472
476
456
471
451
461
438
436
487
486
470
456
472
443
462
472
483
460
467
488
458
418
481
463
489
523
477
503
457
470
470
477
485
514
492
529
481
478
492
479
482
486
484
460
484
501
429
477
481
485
460
451
497
514
439
470
445
427
479
403
425
457
377
408
425
419
396
395
417
388
409
384
393
403
383
406
399
374
355
369
395
358
350
357
356
358
364
367
356
381
384
363
377
368
375
374
376
378
385
347
334
342
360
341
356
355
382
356
333
384
378
374
367
369
393
335
374
348
398
352
338
375
360
356
333
366
373
341
365
348
379
348
368
372
388
375
361
370
366
363
385
384
369
368
342
357
362
350
366
367
346
328
339
338
338
333
345
343
366
380
348
375
377
363
331
350
364
325
346
330
363
353
307
376
349
356
333
345
390
341
378
366
362
372
341
338
343
358
374
342
383
322
345
325
330
359
363
337
304
313
324
348
325
343
338
301
346
330
355
375
322
349
325
330
332
340
310
327
358
330
356
371
358
332
323
324
333
349
318
333
330
330
330
320
350
326
335
345
310
326
338
357
340
351
334
336
330
379
313
295
336
318
320
299
339
322
363
365
349
335
309
334
326
321
361
329
333
324
301
350
309
306
325
325
303
315
309
331
331
321
297
318
280
336
333
301
375
320
334
322
326
310
345
329
313
319
323
296
328
321
333
293
313
295
326
350
357
320
312
315
304
315
309
322
353
323
336
335
300
313
310
310
319
330
321
305
330
355
363
285
313
337
295
354
326
316
311
283
293
303
331
301
328
300
294
322
311
313
308
312
307
272
306
316
296
307
323
304
342
310
302
309
369
331
320
319
283
296
314
322
303
302
316
288
304
289
312
320
312
276
318
294
293
294
294
308
299
263
307
260
326
302
292
326
294
316
275
297
309
287
301
293
309
293
294
288
304
310
290
291
281
264
282
316
307
292
289
305
285
309
305
322
322
271
296
287
293
276
307
291
289
278
277
346
308
314
298
267
273
268
325
329
299
272
290
294
238
252
281
281
291
301
281
319
272
316
272
278
267
299
279
263
283
276
282
285
286
270
282
272
315
272
271
290
284
262
287
277
295
292
244
288
263
301
272
263
304
327
277
289
249
282
269
284
276
301
264
269
287
282
258
252
271
307
274
273
272
256
265
254
299
298
302
269
261
300
276
253
259
277
242
284
269
259
277
282
275
236
283
261
263
261
299
246
271
270
263
283
244
289
273
258
282
273
268
288
282
267
258
253
255
274
293
252
272
259
264
277
295
272
283
258
253
275
257
273
266
296
244
275
274
263
293
284
239
268
257
261
257
268
242
248
246
276
262
266
267
272
284
251
279
248
236
277
293
252
265
283
273
231
241
245
241
262
260
245
251
233
245
273
251
244
264
257
273
256
235
245
276
267
265
250
242
280
230
235
280
276
270
231
249
247
236
270
239
227
250
280
247
247
271
256
240
246
269
226
246
267
250
246
260
237
245
238
250
242
267
226
231
245
246
260
255
259
237
262
258
246
240
233
229
252
235
239
240
250
237
263
237
248
247
264
273
253
266
244
260
241
261
252
247
201
245
215
245
256
219
219
253
229
246
266
255
255
240
259
214
258
234
222
243
214
245
238
235
226
226
238
246
253
252
220
231
243
276
225
243
227
242
242
233
202
267
256
236
251
245
238
236
232
202
255
225
243
230
229
224
233
256
228
255
228
220
252
270
222
258
219
218
233
244
215
235
220
240
222
214
234
232
237
210
249
243
236
211
230
239
225
241
217
234
224
225
229
230
229
250
220
267
236
219
231
236
247
212
256
246
222
232
244
240
219
243
243
249
250
212
242
249
237
233
241
224
231
218
252
228
218
254
189
237
242
211
229
238
229
221
235
247
210
236
210
225
229
229
204
214
215
234
206
225
218
197
210
213
262
209
199
221
201
209
214
211
227
205
211
209
220
225
203
227
196
197
210
223
239
220
219
222
220
245
207
223
215
207
184
202
229
205
229
194
216
224
203
232
189
194
188
218
197
197
226
219
185
193
184
181
212
215
185
223
241
197
195
190
179
200
188
218
217
221
214
213
194
209
183
183
188
191
188
191
211
190
204
208
188
193
216
215
217
230
192
220
188
235
186
195
201
183
193
205
215
184
194
184
194
190
211
184
183
185
196
174
181
181
170
202
183
205
192
198
180
185
187
230
213
192
197
211
174
210
190
187
184
207
189
188
201
182
207
202
183
191
182
189
191
182
171
167
199
219
197
178
182
172
156
187
189
179
182
186
187
174
179
195
174
177
178
217
191
193
191
162
201
189
166
203
189
187
170
175
162
157
203
185
186
175
175
164
171
187
183
162
199
162
198
183
202
174
202
164
189
193
187
175
175
171
168
188
183
192
161
194
158
203
162
180
197
164
194
173
182
167
157
152
152
187
161
160
175
132
179
188
189
181
163
179
186
179
195
160
173
172
162
160
164
172
171
173
161
178
188
182
180
158
185
169
163
160
179
185
184
154
189
164
186
147
156
176
158
161
180
180
161
159
156
163
175
167
153
150
185
170
177
175
190
163
146
190
175
179
145
182
177
156
150
174
146
159
161
147
166
155
164
177
177
160
171
186
163
185
151
161
155
169
161
176
186
167
174
165
162
172
153
166
157
163
146
158
147
165
146
159
169
156
161
160
141
168
148
147
129
162
144
164
158
168
148
168
169
175
140
158
146
170
146
158
156
154
155
164
156
165
179
163
157
161
153
184
152
156
154
144
127
172
179
154
149
175
151
140
139
161
156
154
155
148
139
149
156
147
144
170
143
145
156
169
150
161
146
163
157
149
161
141
142
161
164
132
179
161
138
145
147
157
145
176
142
147
157
162
131
114
148
131
150
131
146
143
121
139
148
160
162
159
131
130
137
140
157
151
146
154
153
134
140
174
158
128
138
139
136
145
125
127
124
136
142
128
132
127
169
122
154
122
132
150
150
123
127
154
156
130
162
136
149
148
155
141
148
130
144
164
127
160
141
133
154
147
120
129
119
139
143
141
153
134
137
127
138
136
126
135
155
143
151
140
137
127
150
139
115
132
132
150
123
132
128
123
136
130
150
130
130
114
130
127
118
115
130
135
110
99
113
120
145
135
110
134
117
136
144
114
125
145
138
124
123
111
153
126
123
142
123
112
141
130
128
121
126
140
138
127
131
107
130
108
143
127
113
124
119
91
127
151
122
136
134
122
117
113
129
141
128
125
139
113
133
137
98
139
127
106
129
117
125
119
109
134
123
113
117
147
122
110
115
130
111
127
104
132
122
102
105
116
133
133
137
116
116
106
111
120
122
121
112
100
132
115
135
128
110
103
135
115
121
109
131
119
121
116
114
114
94
129
117
109
123
136
123
144
117
126
113
109
142
132
115
121
123
121
112
109
114
108
103
123
100
131
123
111
110
114
110
122
116
118
139
128
107
117
117
127
125
126
115
127
116
105
129
134
124
124
117
106
138
132
120
140
99
110
130
125
126
120
120
102
127
125
119
121
116
135
106
125
137
104
127
120
121
100
115
101
131
123
114
134
125
135
129
113
132
109
119
121
95
109
112
101
112
105
116
113
96
130
130
103
91
85
98
109
113
108
117
99
108
92
114
107
109
114
124
114
112
96
103
75
83
111
107
87
110
79
111
104
101
95
94
107
94
110
90
87
110
120
97
91
101
103
103
106
117
86
102
96
100
93
96
113
103
83
122
96
98
97
79
113
100
90
94
109
115
92
112
100
106
91
102
114
98
102
101
82
114
91
81
104
107
82
99
103
116
100
96
101
99
106
84
107
110
92
125
90
103
116
103
89
77
87
90
119
101
97
72
103
107
99
98
108
123
106
99
95
95
80
103
109
91
89
93
106
114
109
101
94
92
93
90
100
95
101
101
98
104
111
99
87
112
122
107
91
94
110
100
110
102
97
88
115
96
90
80
98
105
106
99
94
97
91
98
98
118
100
96
98
92
87
88
85
98
109
104
94
94
105
85
105
93
92
109
85
106
108
111
102
116
94
85
118
122
101
91
115
75
113
88
93
91
107
112
108
120
130
109
104
95
100
110
102
131
114
109
117
127
113
92
120
105
110
95
101
115
102
98
115
107
90
101
106
115
100
97
116
112
104
99
103
115
93
117
104
104
90
136
102
114
98
114
119
106
104
106
91
99
109
96
99
100
95
111
83
108
104
99
98
107
99
101
75
99
93
75
92
96
87
94
97
88
100
72
88
82
89
85
111
97
99
97
89
89
96
107
62
92
96
77
82
86
84
82
92
77
81
94
83
94
91
69
95
87
77
99
82
97
76
103
72
93
93
80
92
83
91
96
86
81
100
99
85
93
94
87
88
85
86
86
87
65
74
88
88
88
88
69
90
84
67
84
103
84
85
90
76
105
94
94
73
83
85
92
79
82
70
78
90
80
75
91
70
61
94
77
87
80
92
83
78
67
98
83
89
79
87
78
94
83
64
81
86
74
79
84
81
59
72
84
72
86
88
97
69
68
75
80
88
85
91
80
98
94
102
86
81
75
80
79
74
83
86
81
93
69
100
80
75
84
81
101
82
89
92
79
91
90
74
74
97
93
105
71
88
93
92
97
88
73
61
82
79
81
99
81
89
83
83
79
79
81
105
93
79
87
75
86
94
79
83
75
91
95
101
81
78
89
107
90
89
84
78
72
89
75
78
102
73
102
80
71
91
66
95
96
71
91
70
91
74
76
70
73
72
63
79
72
85
73
68
68
89
76
65
75
84
76
58
56
65
64
85
84
61
68
62
73
54
84
60
65
78
74
75
63
63
67
58
69
70
65
76
83
71
55
65
76
72
72
62
71
64
72
61
58
65
65
75
64
80
69
58
58
71
67
70
53
72
72
78
73
62
59
73
66
82
81
67
64
54
64
79
72
64
69
72
70
68
80
75
60
64
60
71
65
80
72
79
65
65
67
67
61
64
60
74
76
58
82
66
61
63
68
70
62
57
68
48
78
62
64
72
61
69
61
63
64
74
74
61
70
67
64
59
75
57
71
68
67
70
84
76
83
66
62
75
64
75
85
67
77
59
57
70
67
69
73
56
70
61
73
62
60
57
66
60
67
73
81
76
74
84
66
82
76
66
75
68
66
82
73
67
74
54
75
70
88
91
64
52
79
71
83
73
70
78
92
64
74
77
81
56
76
76
83
70
69
85
77
69
85
92
69
77
96
99
68
80
75
74
81
94
69
68
83
87
85
76
68
81
72
91
89
81
84
84
88
80
74
85
88
95
78
73
87
78
70
87
87
80
72
72
76
90
79
78
75
80
76
78
77
76
71
86
76
55
73
62
64
55
73
72
64
68
69
54
71
61
62
54
60
43
54
71
66
59
68
44
48
59
40
58
47
47
54
44
47
36
37
48
46
46
54
51
47
52
45
49
52
47
40
41
42
48
44
55
47
49
44
54
46
32
46
57
41
41
53
55
42
37
34
48
52
41
53
48
49
43
35
44
40
43
47
39
42
53
56
42
43
32
53
53
33
44
33
39
43
45
41
41
52
50
43
39
46
48
44
47
46
35
40
46
44
49
46
46
38
37
43
52
37
44
43
42
66
37
54
46
58
41
58
42
42
38
34
37
49
48
37
41
38
40
56
43
52
48
51
48
43
48
49
41
44
49
58
44
42
54
37
47
42
42
48
43
42
44
37
36
48
47
47
33
41
43
48
39
47
55
37
50
33
57
41
51
34
39
46
40
41
51
40
42
46
35
50
37
30
46
45
45
52
51
46
47
56
68
43
45
39
43
46
46
42
47
40
38
49
51
32
50
47
39
48
40
45
47
30
44
46
51
39
42
46
48
43
43
41
39
41
49
47
42
51
49
42
57
54
32
41
45
51
58
52
46
49
40
37
41
39
43
39
38
41
46
50
45
60
44
37
35
47
45
36
55
48
47
44
54
38
49
46
40
48
47
54
35
48
43
37
49
49
44
49
35
58
39
42
34
41
41
47
46
48
41
42
38
35
40
49
38
36
49
37
51
40
39
29
47
37
42
35
46
51
37
50
39
36
37
44
46
44
32
45
45
49
43
43
30
46
54
27
37
37
42
42
46
40
44
29
38
38
34
42
48
44
44
47
48
42
43
39
40
50
37
55
32
45
46
32
33
46
44
35
46
42
51
40
42
27
35
47
36
52
42
36
43
41
41
46
38
42
34
37
43
46
46
48
38
41
41
45
45
43
41
49
52
36
39
32
41
44
38
33
47
43
55
39
41
43
43
49
36
50
39
36
58
35
42
46
46
49
59
48
35
49
43
46
34
48
37
50
45
41
53
50
49
37
60
58
43
52
36
41
54
52
62
46
59
48
50
38
54
42
32
40
43
40
46
49
38
39
50
64
59
44
42
51
55
55
48
58
68
61
48
54
54
66
71
40
60
42
47
67
47
46
64
67
49
61
67
68
57
67
62
59
54
65
69
51
60
70
81
68
64
71
61
55
61
56
52
72
50
64
66
71
68
68
91
66
53
75
61
68
60
72
76
60
66
64
64
74
63
67
58
59
75
62
51
67
54
48
44
43
56
57
58
44
47
51
45
54
48
47
45
35
32
39
42
38
39
34
30
34
38
16
25
37
21
23
18
39
27
23
14
12
27
25
11
25
17
21
21
16
13
22
20
19
14
16
25
28
14
13
15
20
16
17
20
16
20
15
25
15
24
11
20
21
16
12
18
22
18
25
16
25
10
31
26
32
19
26
23
22
18
21
14
19
25
17
14
15
13
17
18
22
21
26
13
14
20
17
20
19
14
20
21
14
19
20
7
21
22
15
19
11
22
14
18
15
24
15
13
25
17
14
15
21
14
19
12
21
28
15
15
15
18
24
24
16
21
17
19
16
24
24
20
20
13
20
21
15
30
21
22
29
19
14
22
15
15
19
20
13
12
20
23
26
14
24
24
14
17
18
17
15
18
20
11
18
26
19
18
22
21
13
20
14
18
16
22
12
18
16
16
20
22
21
12
24
19
17
16
17
15
26
13
21
22
15
18
7
20
24
11
21
19
16
19
12
17
14
13
18
23
18
24
24
21
17
20
27
20
19
20
28
29
25
20
21
20
20
19
28
26
17
19
21
18
26
16
22
19
22
20
19
21
23
28
29
25
27
19
16
22
24
20
21
21
21
25
21
26
26
12
19
20
15
23
27
15
22
14
19
25
16
22
16
16
22
17
16
13
25
20
20
23
21
14
20
20
16
20
21
18
17
23
9
14
17
13
10
17
18
7
11
9
13
18
12
11
15
12
17
9
14
17
11
9
18
9
8
10
13
13
9
15
14
6
13
10
15
12
13
11
12
15
3
8
9
9
11
3
15
13
12
6
15
11
12
11
9
5
16
9
10
12
8
8
10
16
9
6
7
6
9
6
13
5
14
9
9
4
21
11
9
5
12
16
10
6
12
8
11
10
6
8
9
10
10
8
16
10
11
8
6
7
12
12
9
11
6
9
8
10
10
11
14
10
12
8
8
7
11
11
15
9
8
12
14
10
12
7
9
15
6
10
12
5
10
9
15
13
12
8
15
15
8
8
16
9
11
11
10
10
10
9
7
8
11
5
12
11
9
7
14
7
8
11
5
8
14
8
12
10
8
12
11
11
16
5
8
10
9
17
10
8
9
9
10
8
12
15
9
12
6
9
11
9
8
10
7
6
10
7
12
7
10
12
6
9
10
6
7
7
11
10
7
6
6
11
7
11
9
12
9
10
19
11
7
15
9
10
12
6
13
14
13
9
11
7
15
14
5
5
12
13
10
20
13
11
10
11
9
7
5
9
12
13
9
10
6
3
13
14
11
6
11
9
3
10
11
14
11
8
11
10
7
14
14
6
16
10
11
9
12
9
8
12
12
11
13
15
14
6
4
5
13
6
11
9
7
6
10
11
8
15
11
11
4
8
8
13
13
7
7
20
8
12
9
6
4
8
10
9
13
5
12
7
7
16
7
6
7
8
5
11
13
9
9
7
5
8
13
7
9
14
11
4
6
5
9
7
9
11
12
5
4
5
7
5
9
9
4
6
5
8
9
16
6
4
9
10
4
9
4
8
6
7
9
8
6
5
6
7
12
4
5
8
9
9
6
13
7
10
9
9
5
6
6
4
11
9
6
14
7
5
10
13
9
6
9
6
11
9
7
7
18
6
7
7
9
8
7
6
9
5
11
7
7
11
6
7
9
4
6
12
6
8
17
10
7
9
10
6
10
9
4
5
11
9
14
8
6
8
3
8
4
6
7
4
10
8
5
5
8
13
8
10
7
6
8
7
9
10
8
5
11
14
7
10
5
9
9
8
10
9
7
11
8
8
11
6
9
8
10
12
8
5
7
4
9
7
10
6
9
6
11
9
5
10
4
7
8
10
7
5
10
4
13
12
6
10
9
8
11
4
10
5
18
7
12
8
5
10
10
14
6
16
12
12
3
6
10
13
5
7
9
7
10
12
9
10
12
7
8
7
7
10
7
14
10
7
5
8
3
8
13
8
9
5
8
11
14
6
12
13
9
12
12
16
3
8
16
11
3
8
13
8
7
6
7
13
9
5
11
9
12
4
6
10
5
6
9
11
11
5
9
10
7
6
5
6
8
9
5
8
9
12
10
10
6
9
5
8
12
2
8
7
2
2
6
12
5
8
2
13
7
6
10
7
8
7
7
10
5
5
4
7
7
9
4
15
5
7
6
6
8
5
6
5
10
8
5
8
9
2
6
7
7
2
5
5
9
5
13
5
8
8
8
5
12
4
11
7
7
10
8
5
3
7
12
7
7
4
6
9
8
5
10
5
6
6
6
6
7
8
5
8
7
9
5
6
7
10
9
6
6
5
10
6
10
6
7
8
4
5
4
5
6
3
8
8
7
9
6
4
3
5
9
8
7
5
10
8
4
8
5
7
11
5
5
4
7
8
5
2
8
7
4
8
5
8
8
6
5
5
2
6
11
5
5
5
11
4
2
5
4
8
6
13
5
6
6
3
7
3
8
7
2
13
5
7
7
7
7
9
4
5
8
2
2
9
10
6
4
2
6
6
6
4
13
10
7
10
1
7
8
8
5
7
6
5
5
8
7
7
4
3
1
5
8
5
9
5
5
4
12
3
4
11
5
6
4
8
7
6
5
3
3
5
8
8
5
6
8
8
5
7
8
5
3
6
5
4
4
7
9
4
7
4
7
7
5
7
10
8
7
1
5
6
6
2
7
3
5
7
5
7
8
8
4
5
4
5
10
5
6
9
6
11
12
7
12
3
5
4
5
4
4
6
9
9
6
3
2
5
3
8
8
5
11
3
10
4
7
5
6
4
3
5
5
4
10
7
6
3
6
7
6
8
4
10
10
8
6
4
6
6
5
7
2
7
9
6
7
6
4
0
6
10
2
8
7
3
6
3
5
5
7
9
6
5
4
7
7
5
9
8
4
5
2
11
8
7
8
6
11
7
7
5
5
9
6
8
6
11
9
6
5
12
4
5
6
4
7
3
7
4
5
7
7
9
10
9
5
4
4
7
4
7
11
8
12
5
5
4
7
5
5
8
6
2
7
10
4
9
9
8
3
8
5
5
5
5
8
5
4
8
4
7
5
6
2
10
3
6
5
1
9
6
4
2
3
3
1
4
7
9
4
4
7
8
9
5
4
4
4
3
9
7
4
7
4
3
3
5
8
7
5
6
3
8
5
7
10
5
3
10
5
4
8
2
6
5
4
9
7
5
4
2
4
2
8
5
5
8
5
5
4
5
4
6
6
7
5
4
6
5
8
3
2
5
4
6
4
3
2
5
7
2
2
5
7
3
10
8
5
3
3
4
8
6
7
11
5
4
6
9
4
3
3
4
6
6
6
6
3
6
3
5
6
4
6
4
6
9
7
9
5
5
7
3
9
6
4
10
6
2
7
8
5
4
3
4
2
4
3
4
6
3
9
2
7
4
7
7
8
8
1
5
4
7
7
3
8
3
7
7
4
8
7
8
0
3
1
5
7
8
3
3
1
4
7
4
3
6
6
2
7
7
11
5
10
9
10
7
5
6
11
10
6
7
10
6
3
5
6
2
4
5
11
3
5
4
4
3
13
6
5
5
6
5
6
3
4
5
6
3
5
2
6
6
6
5
5
4
8
5
4
4
3
2
2
8
6
4
3
7
6
5
4
5
5
5
5
6
12
5
9
6
5
2
5
4
5
6
2
9
3
7
5
8
7
4
3
2
2
5
8
4
9
3
7
2
7
5
2
8
7
3
7
5
7
7
6
3
2
2
6
6
3
5
4
7
3
9
2
1
3
5
7
9
8
4
6
8
2
6
9
5
5
7
6
1
6
7
4
2
3
5
5
3
3
4
3
7
5
3
6
4
7
9
3
4
7
4
6
3
6
5
4
7
3
4
6
7
0
2
6
4
7
4
5
5
7
9
6
5
4
8
2
6
6
4
5
3
3
2
7
5
4
8
3
6
5
6
8
5
3
5
6
2
6
5
3
2
4
1
4
6
4
3
4
7
7
7
5
7
5
2
1
6
6
8
3
5
4
7
7
4
5
4
3
4
4
3
2
15
5
3
1
8
9
3
4
10
7
4
7
7
3
6
8
1
6
11
1
4
3
3
2
4
6
3
1
5
4
10
4
4
7
7
5
4
7
6
5
4
4
1
6
3
8
1
3
4
6
3
6
4
8
6
6
1
4
9
11
10
5
3
3
4
2
12
6
4
10
4
4
6
7
5
8
0
5
1
5
1
7
3
5
3
2
1
5
5
5
6
7
5
3
11
4
7
6
5
1
8
1
4
3
6
2
3
5
1
5
3
7
3
5
2
6
1
2
5
4
5
2
6
3
5
11
6
9
7
5
4
4
6
4
6
9
2
4
2
2
3
7
4
6
3
6
10
6
4
3
3
2
7
8
3
4
6
7
4
2
2
6
7
9
2
6
2
7
4
1
7
3
7
10
4
7
4
5
3
5
5
6
3
4
4
6
2
2
4
2
1
3
1
0
5
6
4
4
6
8
3
3
5
7
1
7
5
2
2
5
2
8
8
5
5
3
3
6
8
2
5
1
4
7
8
2
7
4
2
8
5
9
11
5
7
3
5
5
5
7
9
4
6
4
8
7
10
7
3
6
5
6
4
8
7
2
12
6
10
10
6
7
7
10
7
6
9
7
5
6
6
8
12
11
6
5
9
4
4
7
9
6
13
8
9
9
10
7
11
13
9
9
7
9
4
9
10
3
8
11
8
9
7
3
7
8
2
2
5
7
8
5
6
10
9
9
5
5
5
6
6
4
6
5
9
7
1
1
7
4
3
5
0
3
4
11
8
8
4
5
5
11
5
1
5
6
3
5
9
5
4
6
7
4
0
0
1
4
3
4
3
4
5
3
5
6
3
2
5
9
5
6
2
8
3
8
11
9
3
5
7
4
2
6
2
3
5
5
8
5
1
3
2
3
7
3
5
6
2
4
3
2
6
3
1
4
1
4
10
4
2
5
2
4
3
0
2
3
5
2
2
7
3
3
4
13
2
3
10
1
4
4
1
2
2
5
4
2
4
3
4
4
2
0
4
4
1
1
5
3
4
5
6
4
5
3
3
5
6
2
3
3
8
3
4
3
2
7
4
3
4
0
2
3
8
5
4
3
2
3
2
5
3
6
8
2
6
3
5
1
2
5
4
4
3
2
5
5
2
0
4
6
5
3
4
1
3
3
5
4
4
4
3
8
7
6
4
5
3
4
4
3
6
7
4
6
5
4
3
5
5
5
9
3
4
4
7
5
1
5
1
3
1
3
4
7
6
7
3
4
3
7
4
5
3
3
1
5
9
6
5
5
6
6
3
3
2
6
1
3
8
3
1
2
3
8
6
5
0
7
2
3
2
1
4
2
4
3
2
3
3
3
3
5
1
5
3
6
7
14
2
0
1
1
6
5
1
6
1
5
3
1
4
4
4
3
4
8
3
4
8
5
4
3
7
1
4
2
3
2
4
7
5
5
5
3
3
1
8
4
4
4
8
0
2
1
5
4
5
6
8
1
1
2
4
2
3
3
2
1
2
3
5
2
6
0
3
2
8
3
3
4
8
5
1
1
7
3
3
7
5
4
3
5
5
4
3
2
6
6
2
5
3
1
4
6
7
6
1
5
7
1
2
4
4
4
4
5
1
2
4
1
2
4
8
1
2
3
2
3
2
3
4
1
5
5
4
3
5
5
4
4
2
0
2
3
2
6
5
3
4
2
3
1
2
3
5
3
0
2
3
3
4
3
3
3
3
4
4
3
2
7
5
6
4
2
4
4
2
3
3
4
8
4
3
5
8
5
6
2
3
5
3
4
7
2
5
2
3
4
4
3
4
5
8
1
6
4
3
1
1
0
5
5
7
6
2
2
1
7
4
6
4
3
5
6
9
7
3
3
7
4
4
1
7
5
4
7
2
3
9
7
4
2
13
5
4
4
5
4
10
7
4
9
8
3
8
8
4
4
6
7
4
4
4
4
7
1
7
3
9
9
5
4
11
8
10
5
4
4
5
1
4
7
7
6
8
8
10
8
8
4
8
4
9
14
5
6
5
8
7
4
8
5
7
6
11
6
4
3
6
2
3
3
6
7
5
7
5
2
8
8
8
4
3
5
4
3
3
6
1
8
2
8
5
1
6
4
2
4
3
2
3
4
2
5
8
5
1
7
4
1
6
3
5
2
4
1
2
1
8
2
1
3
7
2
4
2
6
4
2
3
1
2
2
4
7
3
4
4
2
1
2
2
1
3
7
6
0
5
3
5
2
2
3
3
2
4
4
6
2
2
3
4
5
4
7
2
6
4
2
5
1
6
2
6
1
7
4
6
4
6
3
5
5
2
2
3
1
6
3
2
2
4
3
5
4
8
2
1
0
3
2
2
4
1
2
4
5
4
6
3
8
3
3
3
5
2
6
5
3
2
4
3
5
6
2
2
5
2
4
2
5
3
11
5
7
2
2
4
2
4
5
3
4
7
1
3
2
8
4
7
2
5
5
2
5
4
3
4
1
2
4
1
6
2
3
2
6
2
4
4
1
3
5
2
3
5
2
2
3
9
1
5
5
1
3
4
3
1
2
5
1
6
5
4
4
4
4
2
2
1
1
2
4
3
4
4
1
3
2
2
2
4
4
2
3
1
8
3
4
1
6
4
1
2
4
5
1
2
2
4
4
4
3
4
3
2
6
4
4
4
1
7
3
4
2
3
4
4
0
2
6
3
3
3
3
3
3
6
3
4
4
1
5
0
2
8
1
0
4
5
6
2
2
3
1
7
4
6
3
3
5
5
4
2
1
1
1
3
6
6
6
2
9
3
7
1
5
1
3
6
4
2
3
1
3
3
9
6
4
3
1
1
0
3
2
3
6
5
4
5
3
2
1
2
2
5
2
2
2
4
4
3
5
2
1
4
3
5
7
4
5
2
2
3
0
2
3
2
6
0
6
4
1
1
6
2
1
3
3
4
4
1
0
4
1
1
2
3
3
4
2
1
2
4
0
4
4
3
2
2
7
5
0
6
3
3
5
6
0
1
3
3
2
2
4
5
5
1
1
7
5
3
1
1
1
2
3
2
4
2
4
5
2
4
2
6
5
0
2
5
7
5
1
2
2
4
4
2
7
3
4
4
1
6
2
3
2
2
2
3
0
1
5
6
8
2
5
2
2
2
4
2
2
4
0
4
5
1
3
6
3
4
3
4
1
3
5
2
6
7
3
4
1
4
4
1
1
2
6
4
3
6
1
2
3
3
4
1
3
4
4
3
1
3
4
0
3
4
3
0
2
5
1
2
4
7
4
4
1
4
5
4
4
1
4
2
1
4
3
3
2
4
0
6
2
5
4
2
5
4
1
3
5
7
2
3
5
2
3
2
7
5
1
0
7
3
5
4
2
4
4
3
3
4
2
1
1
3
1
6
1
2
3
3
4
3
3
3
0
4
2
3
1
2
8
4
2
2
2
5
1
3
0
3
5
4
4
3
2
5
1
2
1
2
2
2
4
2
3
1
2
2
1
1
1
1
2
4
2
4
3
3
3
3
0
4
1
2
5
1
0
4
2
3
3
4
4
3
3
3
1
4
3
4
5
2
3
4
2
5
3
2
4
1
0
1
4
4
1
1
1
5
1
2
4
3
3
4
1
2
5
3
3
4
8
1
4
6
5
3
2
2
4
3
2
2
2
3
3
4
1
5
2
1
4
0
4
1
3
4
3
2
1
2
3
2
2
0
4
5
3
2
2
0
5
3
6
1
5
5
4
1
5
5
1
2
3
3
3
3
3
1
4
2
3
3
3
1
2
3
2
5
2
3
2
3
4
4
6
4
3
5
3
9
0
0
2
2
2
5
3
3
3
3
3
0
3
1
4
3
4
2
1
4
1
4
2
3
2
4
1
4
4
5
6
7
2
2
6
2
2
2
3
4
2
5
3
2
3
3
4
3
3
2
1
2
0
6
7
2
5
6
4
6
2
3
1
4
2
3
3
6
4
8
1
3
4
2
2
0
3
2
1
0
4
3
1
5
4
1
1
0
2
0
2
3
2
1
3
2
1
1
3
6
6
5
2
3
2
0
2
4
1
2
4
2
3
4
1
4
1
4
4
2
5
2
2
3
4
3
4
5
1
0
5
1
4
2
3
3
0
1
3
1
3
3
2
5
1
4
3
1
1
3
3
1
4
5
2
4
2
4
3
6
2
8
4
3
4
3
3
2
0
0
3
3
5
4
5
3
5
3
1
2
1
4
5
2
5
2
6
3
2
3
3
2
4
2
3
2
3
3
1
2
4
3
2
5
5
3
4
1
1
4
2
2
4
3
0
3
5
2
2
1
3
4
4
3
5
2
5
3
2
2
3
2
3
2
4
2
5
3
0
2
6
4
3
1
2
6
2
3
0
3
2
4
2
1
8
3
3
2
4
3
6
4
3
6
2
1
3
1
0
3
2
4
2
0
3
1
4
1
0
2
2
2
0
0
2
4
2
1
2
3
1
7
3
1
5
3
4
1
3
3
2
2
0
2
3
7
3
2
4
0
2
0
5
2
1
3
1
3
7
2
3
1
1
4
0
4
3
4
2
3
2
2
1
2
4
0
3
3
2
1
5
0
4
3
3
1
3
3
5
3
3
6
3
1
4
4
6
8
5
0
5
5
4
5
1
2
3
3
4
5
3
5
1
3
4
1
3
0
1
3
5
0
2
3
3
2
1
2
2
2
4
3
5
2
3
2
3
6
4
5
0
4
0
5
2
2
2
1
0
5
5
1
2
3
5
3
0
4
3
2
5
4
0
0
3
2
1
3
5
1
2
2
1
4
2
2
2
2
3
0
3
5
2
0
2
0
4
4
2
3
1
3
4
3
2
5
3
6
3
4
3
2
5
2
2
1
5
1
3
2
3
1
1
0
2
5
2
1
2
2
1
4
3
2
0
8
6
4
2
4
3
4
3
0
3
2
0
4
2
3
4
4
3
4
0
3
2
3
2
1
4
1
3
5
2
2
6
3
2
1
2
2
3
1
6
4
1
2
4
2
1
3
1
1
3
0
3
1
1
2
0
3
2
2
3
3
2
4
3
6
3
6
1
3
4
1
2
2
2
3
1
2
2
6
3
2
1
1
4
5
2
3
3
1
4
2
3
2
0
3
1
2
4
1
2
0
4
2
1
0
3
2
4
4
5
3
3
3
3
2
3
6
0
2
1
3
4
2
1
2
2
6
5
5
3
1
1
6
4
4
5
3
3
2
3
2
2
6
1
2
2
5
2
5
1
2
2
6
0
9
4
1
4
6
2
2
5
1
1
4
2
4
1
4
3
3
3
3
2
2
2
2
1
8
2
1
2
5
1
0
2
2
2
2
2
3
3
1
3
4
0
5
0
4
2
2
3
4
3
3
0
6
1
4
1
5
0
2
2
4
2
1
3
4
5
3
2
2
4
2
3
1
1
2
1
3
2
1
4
2
4
1
4
2
3
2
5
1
4
7
7
6
3
1
3
3
5
1
0
7
4
2
0
7
0
2
2
4
4
5
2
5
5
5
6
3
5
7
8
11
4
5
9
6
5
2
4
4
5
6
5
9
7
5
3
9
3
7
7
5
5
6
4
9
2
3
4
4
3
9
2
8
5
7
5
4
1
5
5
3
6
5
5
7
6
5
5
2
4
10
6
2
1
2
4
4
4
2
7
2
3
5
8
5
3
4
3
3
4
2
3
2
1
4
4
1
3
2
4
1
0
1
2
1
1
4
2
3
2
4
0
2
2
2
5
5
2
3
1
1
3
2
1
3
4
1
3
2
2
3
2
1
2
2
3
2
0
2
1
2
2
3
6
2
1
2
3
0
0
2
0
0
3
3
2
4
2
4
0
6
0
4
2
3
3
3
2
4
4
3
4
6
4
0
4
2
3
3
9
2
1
5
3
4
4
5
2
2
3
4
1
4
5
2
4
4
3
4
3
0
4
7
3
5
2
2
4
3
5
1
2
4
1
5
1
3
1
3
3
4
1
3
5
4
4
1
1
3
1
3
1
4
4
2
4
2
2
0
2
2
1
3
2
3
3
3
7
2
1
6
2
3
0
2
0
3
2
3
3
1
4
1
1
1
3
2
1
1
2
3
1
1
2
4
4
3
4
1
1
1
4
2
3
3
1
1
0
1
3
0
4
4
2
2
2
7
0
2
1
3
2
4
1
6
3
7
3
3
0
1
4
1
1
5
1
1
4
3
6
0
1
2
1
2
2
3
2
5
3
0
4
2
0
4
1
2
4
4
0
1
1
0
1
2
3
4
1
2
4
2
2
4
3
5
2
4
1
2
0
1
1
0
0
2
4
3
4
1
3
5
1
2
0
3
3
2
2
4
1
5
1
4
1
1
3
4
1
4
4
2
4
7
2
3
5
4
5
0
2
2
2
2
1
3
1
5
2
8
3
3
5
2
1
4
2
6
1
3
2
3
0
3
3
0
4
1
2
4
5
2
4
5
4
1
1
1
1
3
2
2
3
2
2
2
2
1
1
2
6
2
0
3
2
3
2
1
2
5
0
3
1
1
3
0
3
2
3
1
1
2
3
5
2
2
5
3
3
2
3
1
2
0
0
1
1
3
4
1
3
1
5
5
6
3
4
1
1
4
2
2
2
4
0
3
2
4
2
2
1
2
3
4
0
3
3
1
2
4
1
1
2
1
1
1
3
3
2
3
0
0
1
1
1
1
1
3
1
4
3
1
2
1
1
2
2
2
3
0
1
3
2
2
0
1
6
6
2
5
5
3
4
2
0
2
2
1
0
0
3
2
3
2
4
2
3
1
1
2
4
3
1
4
4
6
3
1
3
2
3
5
3
1
2
2
2
2
3
4
2
2
3
1
0
0
3
6
0
2
4
2
3
1
1
0
1
5
2
5
4
0
5
2
3
0
4
2
5
2
3
3
4
5
1
2
2
1
3
0
2
3
1
2
4
4
1
0
4
2
2
3
4
1
5
2
2
4
3
3
2
0
3
1
4
1
6
4
4
0
7
2
3
1
1
3
3
4
6
4
2
1
4
0
2
2
2
3
5
3
3
3
5
1
2
0
2
1
4
2
5
1
1
1
4
4
0
2
6
5
2
3
5
1
3
3
3
3
1
1
1
0
0
3
1
5
5
2
1
5
1
1
5
1
2
1
3
1
1
3
4
3
0
1
2
1
4
2
3
2
4
1
3
1
1
4
3
0
3
2
1
2
4
4
2
1
1
2
5
1
3
5
0
2
2
3
2
4
3
3
3
3
2
5
2
1
0
1
3
3
4
2
0
1
3
3
3
1
3
2
0
1
4
3
1
1
2
4
2
1
2
1
2
0
1
2
1
3
2
3
3
2
0
2
3
3
0
2
4
2
2
4
2
4
4
1
1
3
2
1
7
1
2
3
2
3
1
4
1
4
5
3
3
1
4
3
0
2
1
6
3
4
2
2
5
6
4
2
3
1
2
2
0
4
2
2
2
3
0
3
1
2
2
3
2
4
3
5
3
2
1
1
5
2
1
5
2
2
4
0
2
3
3
1
3
0
2
2
5
1
2
3
1
6
2
2
2
2
3
2
2
1
1
1
4
3
1
1
6
1
3
1
2
2
2
1
1
3
1
3
2
3
4
6
5
3
2
2
2
3
3
5
1
2
2
5
5
2
1
4
3
1
3
2
3
3
2
1
0
4
5
2
5
3
2
4
2
5
1
3
4
0
6
1
4
0
2
2
1
4
0
1
6
1
4
2
3
6
4
4
2
3
2
3
1
3
3
1
1
5
4
4
2
4
1
2
0
0
2
3
4
3
2
4
0
4
4
2
3
1
1
1
5
3
4
3
3
2
2
2
2
6
3
1
2
0
2
6
2
4
5
3
3
2
5
4
0
2
1
1
1
3
2
1
4
2
1
5
3
3
3
2
2
2
1
3
2
3
2
5
2
3
7
3
1
1
1
5
3
2
1
5
0
1
3
3
1
3
2
2
3
5
1
3
4
0
3
2
2
5
1
1
3
3
0
3
4
3
3
1
6
2
0
3
0
3
3
4
3
1
3
1
3
0
3
1
2
3
2
5
1
5
1
3
2
0
1
1
1
6
3
6
1
2
2
0
1
1
6
0
3
4
6
2
2
4
1
4
2
2
4
2
4
5
2
2
2
2
0
3
1
1
6
2
2
1
1
5
1
2
1
1
3
3
2
1
3
2
1
1
2
1
3
2
1
1
2
3
0
2
4
3
4
2
3
3
5
0
3
4
5
4
2
5
4
2
4
2
3
2
6
4
2
4
3
3
3
6
4
3
6
5
4
3
2
4
3
3
2
2
6
1
3
3
6
3
1
5
3
4
5
2
3
2
5
2
3
5
1
2
2
4
2
2
3
1
5
3
0
3
2
1
1
6
3
5
7
4
4
1
3
2
4
2
1
1
2
6
2
6
3
5
2
1
2
4
1
3
2
2
4
1
3
5
4
1
0
0
0
0
6
3
2
0
1
2
1
2
2
2
1
0
1
2
4
2
2
1
2
3
3
3
1
2
4
1
1
2
1
2
3
1
1
1
1
2
1
2
1
0
0
2
1
4
2
7
3
2
1
0
3
3
1
3
3
2
1
4
1
0
0
1
2
2
1
0
0
0
5
1
2
0
0
2
3
0
2
5
1
3
1
2
1
1
2
1
1
0
2
2
1
3
0
3
2
1
0
0
2
1
2
1
4
3
2
1
1
2
3
1
1
1
4
3
1
0
1
1
3
6
1
1
2
1
1
2
1
3
2
1
3
1
2
1
0
3
0
0
1
1
1
0
6
0
1
1
1
1
2
1
1
0
3
3
2
1
1
2
2
1
2
2
2
2
1
2
2
1
1
2
1
2
1
0
0
3
0
2
1
4
1
1
0
3
2
2
0
2
0
1
2
1
0
7
0
1
2
2
4
3
2
0
2
2
1
0
2
2
2
5
2
2
2
2
2
2
2
1
1
1
0
2
1
2
1
3
1
1
3
1
2
1
3
2
0
0
1
0
0
0
1
2
3
0
1
7
3
3
0
0
3
1
1
4
2
1
2
1
3
0
2
1
0
2
3
3
1
3
1
1
1
2
2
2
3
1
1
1
1
3
3
1
1
1
1
4
2
2
0
0
1
1
1
2
0
0
1
4
1
2
2
1
3
1
3
7
0
2
2
3
1
2
2
1
1
0
1
1
2
2
2
1
4
2
1
0
1
2
3
3
1
2
2
3
6
2
0
4
1
2
2
0
2
2
2
2
7
3
3
0
5
2
2
3
2
2
2
1
1
5
0
1
0
0
5
0
1
2
4
2
0
5
1
2
2
1
2
1
1
1
2
0
0
4
4
2
2
5
1
0
2
1
3
2
0
0
2
0
0
2
0
2
0
1
2
5
3
0
0
1
1
2
0
2
1
2
1
1
3
1
1
0
4
2
3
2
5
5
2
0
3
2
2
0
1
0
0
2
1
1
1
0
3
1
1
2
1
0
1
1
0
1
1
3
0
3
2
1
0
1
4
3
2
1
1
1
1
0
1
1
0
2
1
2
1
1
2
3
3
2
1
2
0
1
2
3
0
0
1
0
1
0
3
0
2
1
1
0
1
2
0
1
0
4
1
2
0
0
1
0
0
3
0
0
1
1
1
0
1
0
2
2
3
0
2
4
1
1
1
2
2
1
2
2
0
2
2
1
1
2
0
3
0
0
2
0
1
1
4
1
0
2
0
1
2
1
1
0
3
1
1
1
2
1
2
2
2
3
1
3
2
5
0
2
1
4
1
3
0
2
1
1
2
2
4
1
1
0
2
1
1
1
2
1
2
0
2
0
0
0
1
1
2
0
1
0
1
2
1
0
1
1
0
1
1
2
0
0
3
1
0
2
1
0
1
3
0
3
0
0
2
0
1
2
1
0
3
1
0
2
4
1
1
0
1
3
3
2
4
1
1
1
2
2
0
5
1
0
2
2
1
0
1
1
2
1
2
2
0
2
1
3
0
3
2
2
1
1
0
1
0
1
1
1
1
4
2
1
0
0
2
0
2
1
3
1
3
0
1
1
1
2
1
0
2
4
1
0
1
1
3
0
1
1
2
1
0
2
1
0
1
1
0
0
1
1
1
1
0
0
3
2
0
0
0
2
2
0
2
1
0
0
0
0
3
1
0
1
2
1
0
0
0
1
2
1
2
4
0
0
0
2
1
4
4
0
2
0
0
1
0
0
3
2
1
3
1
1
1
2
0
0
0
2
1
1
1
1
0
1
0
2
2
1
1
0
0
4
1
1
0
0
1
2
1
0
2
1
0
1
3
4
1
0
1
2
1
1
1
0
0
1
3
3
3
0
2
1
1
0
0
0
0
0
2
2
3
0
0
1
0
2
4
0
1
1
2
1
0
0
0
3
1
1
2
1
2
0
1
0
1
1
0
1
1
0
0
2
2
0
0
3
2
3
0
0
1
1
0
1
1
1
1
1
1
1
2
0
1
2
0
1
1
2
0
1
1
3
0
1
4
2
2
2
1
1
2
0
0
3
1
2
1
1
2
1
2
0
1
1
0
1
0
2
1
0
1
2
0
1
4
0
1
0
1
3
2
0
1
1
2
2
0
0
4
1
1
1
3
1
0
2
4
1
2
2
2
0
1
1
4
1
2
0
1
1
2
1
1
1
1
0
1
1
2
0
1
2
1
1
0
0
1
2
0
2
2
0
0
2
1
0
0
0
1
2
3
4
2
0
0
1
0
0
0
2
0
0
0
1
0
1
1
1
1
0
0
0
1
0
0
1
2
1
1
2
2
1
2
1
1
2
1
0
3
0
3
0
0
1
0
1
3
2
2
0
2
1
0
0
1
4
1
1
4
1
1
0
2
3
2
2
1
0
1
0
2
1
0
3
0
2
0
1
2
1
0
1
1
2
1
3
0
2
2
2
2
0
1
1
0
1
1
0
2
1
0
0
0
1
3
0
0
2
0
3
1
1
0
0
1
0
2
0
2
0
3
0
1
0
1
3
0
0
2
1
1
1
1
1
1
1
0
2
2
0
1
0
0
2
4
3
4
1
1
0
2
1
1
2
0
2
0
2
1
1
1
2
0
1
2
2
5
0
1
0
2
1
0
2
0
0
2
0
0
1
2
0
1
2
0
0
0
2
1
1
2
4
3
0
0
2
0
1
1
0
1
0
2
0
0
2
0
0
0
1
2
1
1
0
2
1
3
2
1
0
1
3
0
1
0
1
3
1
1
0
2
1
0
2
1
0
1
0
0
0
0
0
0
0
1
0
3
0
1
1
3
0
2
0
2
0
3
0
1
1
2
1
2
2
1
1
0
1
0
0
0
2
1
1
0
0
0
0
0
1
0
1
0
0
2
2
0
1
1
1
1
1
1
0
1
0
0
0
0
1
3
1
1
0
0
0
0
0
1
0
0
0
0
0
0
2
0
4
3
1
0
2
0
1
1
0
1
0
1
0
1
1
1
0
1
2
0
0
1
1
0
1
0
0
0
0
0
0
0
1
0
0
0
0
2
0
3
1
0
1
3
0
0
3
1
3
2
3
0
1
1
0
1
5
1
1
4
2
2
0
2
4
1
0
4
1
3
3
0
5
2
0
0
1
1
0
0
1
0
1
2
3
0
1
2
0
2
1
2
2
3
2
1
0
2
1
3
2
1
0
2
0
2
0
3
2
1
1
1
1
1
1
1
1
0
1
1
2
2
0
0
0
3
0
0
1
0
1
1
2
0
0
0
2
1
2
0
1
0
1
1
1
0
1
0
1
0
1
1
1
3
2
0
0
0
1
1
2
0
0
1
0
1
0
0
1
2
0
0
2
1
2
2
1
2
2
2
0
0
0
0
2
0
2
5
1
0
1
2
0
1
0
0
2
0
1
0
0
1
0
1
1
0
1
0
0
1
0
1
1
2
0
3
3
1
1
0
0
4
1
0
3
1
0
1
0
1
0
0
1
2
1
0
1
0
0
0
1
1
0
0
1
0
0
1
2
1
1
0
0
0
2
0
1
2
1
1
0
1
1
1
0
2
0
0
0
2
0
0
0
0
2
0
2
0
0
1
1
2
1
1
0
1
2
1
0
0
1
0
1
0
1
1
1
0
0
2
0
2
0
0
1
0
2
0
1
0
0
2
0
0
0
1
1
0
0
1
1
0
3
3
4
2
0
1
1
1
2
0
0
1
2
0
0
0
0
0
0
0
2
3
2
1
0
1
2
1
4
1
0
0
0
1
2
3
0
1
2
1
1
0
2
0
1
2
3
1
0
0
1
2
1
1
2
1
2
3
0
1
1
2
0
0
2
1
0
1
1
2
2
0
0
0
1
0
1
1
1
2
0
2
0
0
0
3
1
0
0
0
2
1
1
1
2
1
0
0
1
4
0
1
1
0
1
0
1
1
0
1
0
0
0
1
1
1
0
1
1
1
0
0
1
0
0
0
0
0
1
1
1
0
1
1
0
1
0
2
1
0
0
1
0
0
0
1
1
0
2
1
0
1
0
0
0
0
1
0
1
0
1
0
0
0
0
0
0
0
0
0
1
0
1
0
1
0
0
2
1
1
0
1
0
0
0
0
0
1
1
1
0
0
0
1
0
1
0
0
2
2
1
2
0
1
0
0
0
0
0
1
0
0
0
0
1
0
0
0
1
0
0
0
0
0
0
0
0
1
0
1
1
1
2
1
1
1
1
0
1
0
2
1
1
2
0
1
1
0
0
0
0
0
0
0
1
0
2
1
1
0
1
2
0
0
1
0
1
2
1
0
2
4
2
0
0
0
1
1
0
1
1
1
0
2
0
1
0
1
0
1
1
0
0
0
1
0
1
2
0
1
3
1
0
0
1
0
2
1
1
0
1
1
0
0
1
1
2
1
1
4
0
2
0
2
0
3
2
1
0
0
0
0
1
0
1
1
2
1
1
0
1
1
1
0
0
2
1
1
1
1
0
0
0
0
1
0
0
1
1
0
1
0
0
1
2
1
0
1
0
1
0
2
0
1
2
1
2
1
2
3
0
1
0
1
2
0
1
2
0
1
0
1
0
1
0
2
2
0
1
1
0
1
2
1
1
1
0
1
0
2
1
0
1
0
1
1
3
1
0
1
1
0
1
0
1
1
2
0
0
2
2
0
1
0
1
1
0
0
3
2
2
1
3
3
2
0
0
0
1
0
1
3
1
0
0
0
2
1
0
0
1
0
1
0
1
1
0
0
2
0
3
0
1
1
1
0
2
0
0
1
0
2
1
1
2
0
0
1
1
2
0
1
1
1
1
0
0
0
0
2
2
0
1
0
0
0
0
2
1
1
1
0
1
0
0
0
2
1
2
0
0
1
1
2
0
0
1
0
0
1
1
0
4
1
0
2
0
1
1
0
0
1
1
0
0
0
0
0
1
5
3
2
2
4
3
2
3
1
0
3
3
3
5
2
2
2
4
5
0
4
1
5
2
2
4
4
6
6
2
1
7
2
8
7
6
6
6
3
9
10
7
13
10
9
9
13
7
13
13
14
8
12
11
17
10
10
14
13
9
16
10
12
11
7
9
17
10
15
4
8
7
9
13
14
15
9
6
2
7
6
12
7
11
13
10
7
9
9
7
9
11
7
7
14
7
8
5
9
7
11
2
9
4
6
5
8
6
6
4
3
2
2
7
3
5
6
3
4
0
2
4
2
3
4
6
5
4
0
3
1
2
2
2
5
2
1
1
0
1
2
4
0
0
1
2
2
3
5
2
3
1
1
1
1
2
0
2
0
1
2
2
0
3
0
2
2
1
1
0
3
3
0
1
1
0
1
0
0
1
2
0
1
0
0
1
1
1
1
2
0
0
1
0
0
0
5
3
2
0
1
1
2
1
0
0
2
1
0
1
0
1
3
0
1
1
1
0
1
0
0
1
0
0
0
2
1
1
0
1
0
0
0
1
3
1
0
0
1
0
2
0
1
1
0
0
0
1
0
2
0
2
0
2
0
0
1
0
2
0
1
0
2
1
2
1
0
2
1
0
0
1
0
2
0
1
0
0
0
0
1
2
1
3
0
0
1
1
0
1
0
0
1
0
0
1
0
1
1
1
0
0
2
0
0
0
1
0
0
0
1
0
0
0
1
1
1
0
0
0
0
0
0
0
0
1
0
0
0
0
0
1
0
0
1
0
1
0
0
0
0
0
0
0
0
0
0
1
0
0
0
1
1
3
2
1
2
0
2
2
2
0
0
0
0
1
0
1
1
1
2
0
0
1
0
0
0
0
1
0
1
1
0
0
0
0
0
0
0
0
1
2
2
0
1
1
0
0
0
0
0
0
0
0
1
1
0
0
1
1
2
0
0
0
1
2
2
0
0
0
1
0
1
2
1
2
1
0
1
1
0
1
0
0
1
0
1
0
0
0
0
1
4
1
0
0
1
0
0
2
0
0
1
0
1
1
1
0
0
2
0
0
0
0
0
0
0
0
0
0
1
0
1
0
0
1
0
0
0
0
0
0
1
0
2
0
0
1
1
0
0
0
0
0
0
0
1
1
0
1
0
1
0
0
0
0
0
0
1
1
1
2
1
3
0
0
0
0
1
0
0
0
1
0
1
0
1
1
0
1
1
0
1
0
1
1
1
1
0
0
0
0
1
1
1
1
1
0
2
0
1
2
1
1
0
1
0
0
0
0
2
0
0
2
2
1
0
0
0
1
1
0
0
1
0
0
0
1
0
1
0
0
1
0
1
1
1
1
0
1
0
0
0
0
2
3
1
3
2
1
0
2
1
0
0
1
3
0
1
1
0
0
0
1
0
0
0
0
0
0
2
1
0
0
0
0
0
1
0
2
1
1
1
0
1
2
0
1
1
2
0
0
0
0
1
0
1
1
0
0
1
0
1
0
1
0
0
0
0
0
0
2
1
2
1
1
1
1
0
0
1
1
0
2
0
0
0
1
0
1
1
0
0
1
1
0
2
0
0
0
0
1
0
1
0
0
0
0
0
0
0
0
0
0
0
0
0
0
0
0
0
1
1
0
0
0
1
0
0
1
1
1
0
1
0
0
1
0
0
0
1
0
0
1
0
0
0
1
0
0
0
0
1
1
0
0
0
1
0
1
1
0
0
0
0
0
0
0
0
0
0
0
1
0
1
0
0
1
0
0
3
0
0
0
0
1
1
0
0
0
0
0
0
0
0
0
2
1
0
0
0
2
0
0
2
0
1
1
1
0
0
0
0
0
0
0
0
0
0
0
0
2
0
2
1
1
2
0
0
1
3
0
1
0
1
0
0
1
1
0
1
1
0
1
0
0
1
1
0
0
0
0
1
1
0
0
1
0
0
0
1
0
0
0
0
1
0
0
0
1
0
0
0
0
0
0
0
0
1
0
0
0
0
0
0
1
1
0
0
1
1
0
1
0
0
0
0
2
0
0
0
0
0
1
3
1
0
1
1
0
0
1
1
0
1
0
1
1
0
2
0
0
1
1
0
0
2
1
0
0
0
1
1
0
0
1
0
0
0
1
0
0
0
0
0
0
1
0
0
0
1
0
0
0
0
0
0
1
0
0
1
0
0
0
0
0
0
0
0
1
0
0
0
0
0
0
1
0
0
0
0
0
0
0
0
1
1
0
0
2
1
0
0
0
0
0
1
1
0
0
1
1
0
0
0
1
0
0
0
0
0
0
2
0
0
0
0
0
0
1
0
0
0
0
1
0
0
0
1
0
0
1
0
1
0
0
0
1
1
0
0
3
0
0
0
0
0
0
0
0
0
0
0
0
0
0
0
0
0
0
0
0
0
0
0
0
0
0
0
0
0
0
0
0
0
0
0
0
0
0
0
0
0
0
0
0
0
0
0
0
0
0
0
0
0
0
0
0
0
0
0
0
0
0
0
0
0
0
0
0
0
0
0
0
0
0
0
0
0
0
0
0
0
0
0
0
0
0
0
0
0
0
0
0
0
0
0
0
0
0
0
0
0
0
0
0
0
0
0
0
0
0
0
0
0
0
0
0
0
0
0
0
0
0
0
0
0
0
0
0
0
0
0
0
0
0
0
0
0
0
0
0
0
0
0
0
0
0
0
0
0
0
0
0
0
0
0
0
0
0
0
0
0
0
0
0
0
0
0
0
0
0
0
0
0
0
0
0
0
0
0
0
0
0
0
0
0
0
0
0
0
0
0
0
0
0
0
0
0
0
0
0
0
0
0
0
0
0
0
0
0
0
0
0
0
0
0
0
0
0
0
0
0
0
0
0
0
0
0
0
0
0
0
0
0
0
0
0
0
0
0
0
0
0
0
0
0
0
0
0
0
0
0
0
0
0
0
