0
0
0
0
0
0
0
0
0
0
0
0
0
0
0
0
0
0
0
0
0
0
0
0
0
0
0
0
0
0
0
0
0
0
0
0
0
0
0
0
0
0
0
0
0
0
0
0
0
0
0
0
0
0
0
0
0
0
0
0
0
0
0
0
0
0
0
0
0
0
0
0
0
0
0
0
0
0
0
0
0
0
0
0
0
0
0
0
0
0
0
0
0
0
0
0
0
0
0
0
0
0
0
0
0
0
0
0
0
0
0
4
24
1035
7365
13800
13433
12290
11732
11233
11212
11105
11186
11361
11416
11657
11617
12017
12093
12136
12083
12493
12313
12468
12511
12495
12397
12589
12180
12419
12579
12345
12300
12269
12140
12130
12167
12082
12089
12203
12091
12138
12004
11801
11819
11628
11823
11776
11538
11918
11743
11652
11459
11564
11652
11215
11219
11396
11321
11501
11492
11277
11289
11291
11217
11338
11066
11243
11043
11272
11165
11156
11052
11143
11098
11049
10830
10875
10812
10777
10915
11088
10786
10718
10798
10673
10809
10571
10547
10512
10627
10551
10722
10692
10620
10674
10625
10548
10360
10355
10560
10481
10559
10425
10377
10292
10282
10189
10407
10309
10217
10279
10291
10253
10054
10431
10099
9979
10094
10204
10000
10125
10114
10096
10165
10085
9937
9910
9955
10131
9933
9877
10063
10102
9851
9933
9669
9762
9746
9874
9731
9802
9869
9794
9716
9793
9853
9719
9780
9710
9767
9728
9531
9861
9568
9682
9618
9798
9589
9706
9589
9666
9675
9566
9746
9616
9663
9572
9504
9403
9417
9480
9426
9377
9510
9267
9417
9440
9375
9431
9269
9300
9183
9389
9182
9104
9321
9257
9244
9234
9196
9394
9160
9133
9277
9173
9134
9179
9121
8941
9135
9128
9292
9227
9058
9078
9051
9188
9269
9125
8991
9134
8957
8976
9140
9209
9147
9056
8923
9047
9150
9112
8950
9059
8911
8869
8941
8902
9041
9038
8896
8898
9078
9104
9139
8884
8881
8826
8860
8692
9014
8881
8973
8899
8803
8878
8911
8773
8779
8851
8797
8791
8929
8948
8878
8750
8865
8857
8560
8625
8719
8701
8683
8706
8752
8738
8747
8793
8637
8642
8765
8622
8717
8674
8710
8603
8705
8748
8726
8624
8569
8671
8805
8616
8677
8648
8599
8568
8493
8561
8582
8440
8616
8438
8643
8410
8656
8525
8615
8542
8626
8379
8472
8447
8490
8476
8439
8524
8529
8541
8369
8434
8477
8467
8386
8376
8386
8420
8353
8354
8348
8403
8487
8468
8486
8294
8280
8415
8273
8293
8481
8214
8392
8417
8353
8325
8383
8435
8279
8343
8458
8311
8310
8452
8352
8399
8493
8337
8151
8324
8416
8324
8186
8477
8348
8217
8205
8228
8170
8243
8173
8100
8063
8233
8316
8337
8163
8115
8107
8112
8212
8126
8116
7997
8015
8291
8161
8283
8024
8249
8119
8167
8048
8196
8048
8231
8179
8213
7995
8118
8145
8319
7901
7990
8335
8140
7863
7907
8106
8026
8109
7858
7911
8210
8031
7993
8028
8001
7933
7963
8014
8095
7957
7997
7982
7850
7975
8099
8065
8032
7954
8047
7920
7850
7988
7931
7979
7882
7953
7976
7987
7756
7883
7870
7870
7782
7829
7930
7972
7926
7834
7949
7990
7854
7932
7969
7999
8031
7799
7801
7944
7810
7806
7612
7722
7742
7919
7938
7913
7798
7831
7673
7823
7713
7681
7843
7784
7822
7649
7776
7922
7846
7689
7828
7822
7943
7814
7965
7751
7758
7842
7764
7726
7754
7786
7744
7731
7745
7630
7583
7752
7824
7647
7869
7587
7708
7756
7660
7751
7877
7717
7728
7691
7727
7752
7707
7684
7592
7620
7611
7615
7606
7631
7766
7669
7618
7599
7703
7737
7495
7520
7658
7584
7550
7627
7564
7573
7612
7484
7587
7677
7646
7618
7586
7570
7525
7731
7574
7726
7541
7656
7628
7595
7596
7695
7703
7627
7794
7623
7624
7500
7762
7588
7456
7564
7471
7421
7378
7536
7630
7657
7506
7650
7580
7553
7654
7552
7537
7659
7632
7516
7774
7656
7478
7438
7474
7416
7512
7523
7671
7453
7473
7564
7534
7812
7617
7647
7565
7493
7548
7462
7552
7626
7643
7527
7525
7702
7666
7640
7536
7485
7562
7550
7568
7469
7584
7637
7409
7655
7665
7638
7629
7532
7591
7489
7586
7631
7578
7563
7647
7460
7577
7616
7606
7606
7726
7604
7599
7641
7651
7544
7607
7609
7480
7513
7719
7596
7433
7801
7521
7603
7642
7623
7581
7414
7494
7767
7718
7541
7681
7538
7558
7684
7578
7589
7630
7800
7654
7679
7411
7528
7600
7669
7756
7729
7576
7546
7718
7629
7780
7692
7583
7847
7782
7857
7899
7849
7851
8009
8074
7843
8190
7965
8157
8233
8286
8339
8336
8290
8405
8436
8371
8219
8493
8617
8490
8490
8695
8704
8793
8826
8923
8988
8824
8988
8785
8973
9016
8963
9134
8870
8909
9055
9146
9021
8906
9059
9147
9064
9064
9176
9214
9066
9270
9261
9116
9373
9432
9244
9519
9511
9628
9550
9699
9753
9814
10225
10457
10627
10740
11108
11048
10949
11022
10698
10751
10700
10591
10249
10184
9954
10153
9873
9724
9592
9352
9394
9383
9116
9196
9114
9022
8915
8757
8542
8704
8472
8373
8082
8213
8068
8131
8067
7932
7841
7763
7616
7627
7798
7705
7677
7611
7468
7543
7356
7460
7439
7441
7373
7236
7446
7331
7319
7246
7328
7337
7367
7250
7344
7288
7114
7187
7278
7308
7285
7315
7290
7425
7388
7243
7336
7357
7354
7309
7270
7375
7263
7224
7356
7413
7457
7289
7371
7443
7379
7433
7286
7378
7356
7370
7513
7397
7439
7398
7505
7373
7446
7444
7391
7539
7393
7507
7416
7444
7378
7484
7346
7447
7480
7493
7539
7459
7557
7545
7659
7569
7541
7581
7711
7636
7461
7402
7480
7607
7579
7765
7552
7532
7587
7760
7669
7761
7556
7562
7644
7650
7650
7706
7845
7643
7781
7788
7787
7589
7653
7806
7840
7834
7768
7762
7933
7801
7670
7846
7855
7766
7864
7769
7811
7634
7769
7783
8010
7938
7945
8058
8113
7902
8023
7966
7985
7871
7895
8027
8066
8116
7991
8078
8149
8061
8174
8075
8047
8115
7914
8154
8053
8206
8046
8188
8159
8079
8139
8134
8145
7998
8006
8196
8264
8251
8174
8302
8199
8289
8146
8333
8267
8331
8178
8298
8310
8359
8437
8288
8273
8229
8272
8297
8405
8349
8406
8379
8322
8432
8456
8490
8493
8369
8296
8397
8416
8518
8347
8383
8555
8577
8356
8515
8475
8452
8429
8544
8601
8602
8450
8643
8411
8567
8525
8614
8518
8675
8782
8688
8546
8574
8564
8433
8523
8671
8718
8670
8694
8604
8660
8552
8414
8671
8862
8548
8892
8627
8613
8625
8781
8860
8895
8900
8823
8814
8761
8838
8894
8909
8812
8629
8701
8919
8630
8752
8994
8864
8894
8871
8835
9020
8887
8964
8990
9203
8953
8817
9013
8989
8951
8901
8949
8960
8876
8996
9247
8909
9023
8980
9047
9088
9072
8978
9086
9032
9133
9159
9038
9070
9085
9177
9077
8959
9066
9155
9302
9128
9025
9043
9187
9356
9115
9275
9262
9281
9139
9212
9233
9298
9236
9420
9199
9208
9072
9456
9389
9242
9328
9296
9349
9439
9234
9278
9323
9333
9181
9266
9472
9286
9203
9365
9381
9231
9334
9432
9361
9498
9299
9300
9394
9277
9626
9423
9628
9334
9317
9573
9380
9322
9334
9493
9381
9542
9358
9325
9617
9451
9560
9437
9463
9573
9497
9480
9435
9499
9648
9712
9553
9470
9603
9622
9489
9738
9783
9619
9612
9786
9746
9718
9615
9722
9729
9555
9615
9492
9751
9656
9785
9628
9720
9744
9774
9819
9761
9861
9733
9784
9766
9846
9586
9582
9825
10043
9913
9803
9796
9889
9881
9784
9801
9880
9859
9707
10001
9657
9908
9871
9907
9903
9850
9842
9900
9869
10246
9819
10003
9825
9781
10005
10089
9912
9860
10175
9834
9813
10094
10058
10110
9981
10116
9962
10063
9861
10017
9999
9914
10145
10087
10047
10354
10136
10146
9861
10109
10279
10143
10021
9884
10177
10111
10257
10283
10013
10001
10143
10223
10153
10204
10241
10164
10204
10337
10071
10286
10165
10306
10204
10260
10446
10315
10372
10363
10266
10223
10409
10565
10280
10245
10478
10520
10348
10520
10523
10387
10365
10415
10392
10431
10464
10514
10220
10547
10384
10478
10624
10652
10771
10654
10765
10548
10587
10639
10591
10539
10687
10570
10489
10773
10779
10716
10791
10655
10691
10835
10755
10802
10818
10737
10855
10615
10862
10830
10775
10846
11013
10984
10926
10835
10822
10954
11130
10839
10969
10772
10789
10841
10847
10808
10888
10871
10829
11025
11009
10986
11196
11021
11064
11152
10914
11138
11200
11110
11253
11246
11080
11086
11138
11085
10983
11168
11160
11267
11409
11224
11231
11381
11030
11127
11199
11343
11306
11314
11474
11263
11205
11275
11141
11370
11369
11086
11346
11424
11366
11337
11400
11418
11342
11526
11472
11299
11409
11542
11368
11292
11571
11387
11278
11566
11441
11525
11503
11346
11451
11532
11422
11515
11467
11466
11671
11725
11527
11596
11614
11490
11480
11492
11657
11624
11584
11612
11458
11673
11603
11856
11846
11598
11619
11760
11622
11571
11889
11938
11731
11786
11941
11802
11820
11822
11821
11759
11850
11734
11968
11839
11850
11848
12036
12118
12127
12009
12152
12083
12154
11864
12233
12031
11911
12233
12159
12190
12280
12323
12198
12145
12134
12203
12336
12302
12199
12287
12264
12431
12492
12355
12513
12563
12503
12551
12504
12735
12628
12507
12442
12651
12543
12453
12411
12510
12670
12508
12726
12570
12885
12506
12733
12617
12504
12790
12626
12581
12657
12425
12620
12568
12667
12767
12825
12702
12717
12800
12768
12711
12857
12652
12703
12763
12519
12664
12706
12753
12636
12532
12506
12689
12716
12894
12803
12629
12690
12696
13079
12865
13148
13096
13049
12760
12958
13023
12816
12995
13049
12885
13151
13002
12950
12987
13057
13094
13065
12969
13262
12911
13023
13017
12879
12919
12936
13090
13028
12960
12986
13184
12855
13015
12908
12983
13023
13217
13112
13272
12997
13134
13262
13025
13035
13060
13084
13011
13171
13177
13308
13215
13243
13187
13321
13535
13250
13294
13377
13401
13439
13137
13291
13338
13175
13178
13005
12920
12928
12704
12665
12895
12932
13045
12579
12702
12666
12593
12543
12259
12525
12292
12354
12337
12257
12338
12106
12176
12246
12087
12223
12155
12180
12069
11860
12000
12062
12139
11950
11825
12006
11858
11703
11924
11998
11872
11815
11672
11872
12070
11855
11764
11784
11931
11811
11879
11838
11406
11772
11838
11733
11490
11576
11640
11860
11865
11723
11764
11729
11704
11682
11851
11727
11605
11619
11669
11645
11539
11656
11570
11695
11759
11544
11519
11447
11462
11552
11658
11593
11330
11477
11391
11490
11459
11396
11293
11435
11557
11584
11258
11656
11456
11523
11439
11418
11307
11348
11355
11245
11612
11442
11642
11329
11347
11275
11469
11587
11348
11229
11074
11474
11302
11354
11225
11237
11177
11403
11091
11312
11317
11321
11325
11120
11171
11124
11087
11310
11117
11149
11063
11268
11125
11270
11097
11245
11198
11105
11045
11124
11063
11190
11124
11119
11388
11097
11132
11038
11110
11086
11081
10968
10944
11070
11029
11219
11058
10975
11000
11056
11025
10990
10944
11103
10916
11156
11050
11040
11116
10982
11066
10983
10956
11042
10980
10940
10809
10967
10989
10768
10912
10915
10851
11037
11039
10912
10968
11013
11209
10817
10902
10856
10772
10865
10910
10939
10903
10905
10923
10993
10857
10762
11018
10848
10791
10893
10886
10842
10791
10696
10840
10871
10675
10868
10769
10845
10927
10611
10815
10673
10924
10780
10905
10756
10888
10742
10719
10803
10725
10661
10814
10664
10722
10807
10868
10766
10502
10812
10597
10790
10846
10614
10748
10661
10691
10662
10636
10580
10826
10695
10725
10625
10664
10542
10754
10541
10477
10614
10691
10734
10697
10631
10552
10502
10510
10501
10662
10593
10731
10522
10513
10619
10400
10383
10605
10506
10597
10651
10618
10664
10427
10572
10616
10496
10536
10534
10497
10628
10561
10646
10422
10648
10569
10526
10595
10636
10506
10438
10691
10394
10329
10532
10522
10516
10582
10348
10535
10452
10289
10392
10400
10364
10264
10399
10325
10395
10476
10408
10366
10467
10444
10291
10344
10384
10412
10391
10405
10545
10508
10213
10415
10233
10286
10456
10453
10337
10310
10383
10410
10223
10221
10380
10211
10495
10315
10342
10143
10130
10393
10219
10184
10209
10270
10132
10297
10459
10317
10200
10160
10372
10218
10323
10274
10220
10265
10085
10282
10262
10227
10155
9935
10235
10313
10005
10172
10105
10120
10214
9968
10275
10092
10314
10093
10063
10120
10063
9880
9955
10025
10273
9912
9978
10185
10072
10073
9859
9926
9937
10027
9840
9956
9958
9881
9971
9968
10003
9902
9880
9820
9970
9978
9952
9895
9928
9865
9812
9899
9952
9838
9899
9725
9826
9626
9870
9851
9749
9723
9705
9580
9667
9561
9684
9737
9584
9481
9600
9688
9424
9517
9653
9712
9439
9549
9463
9310
9401
9374
9453
9258
9480
9341
9244
9223
9373
9162
9099
9066
9065
9058
9002
9067
9071
9024
8912
9105
9029
9128
8791
8999
8888
8850
9013
8955
8925
8866
8579
8844
8866
8551
8762
8709
8656
8738
8598
8571
8393
8587
8494
8404
8529
8422
8514
8358
8420
8354
8362
8354
8379
8301
8327
8175
8368
8090
8351
8110
8183
8286
8264
8134
7957
7962
8129
8173
8182
8173
8126
8118
8138
8065
7921
8036
8113
7930
7938
7891
7915
7863
7883
7896
7757
7877
7726
7676
8004
7943
7852
7764
7892
7831
7629
7912
7659
7721
7825
7683
7708
7762
7631
7665
7698
7606
7784
7678
7652
7482
7573
7490
7599
7662
7618
7532
7623
7561
7562
7474
7585
7668
7410
7575
7456
7693
7567
7545
7438
7741
7321
7504
7616
7484
7488
7505
7585
7430
7619
7578
7617
7561
7581
7705
7727
7644
7557
7617
7546
7571
7376
7524
7711
7739
7680
7566
7852
7754
7843
7666
7647
7761
7633
7560
7552
7587
7607
7700
7572
7597
7600
7531
7703
7635
7553
7619
7582
7511
7603
7683
7622
7705
7740
7764
7635
7664
7822
7877
7729
7992
7769
7897
7944
7889
7814
7753
7919
7831
7839
7683
7658
7556
7633
7542
7569
7741
7530
7269
7394
7347
7498
7343
7345
7351
7168
7093
7142
7125
7090
7135
7150
7048
6992
7017
6938
6854
6781
6973
6902
6812
6822
6898
6822
6975
6852
6756
6840
6621
6917
6761
6726
6736
6528
6640
6694
6650
6555
6663
6701
6580
6676
6605
6594
6545
6514
6583
6501
6487
6643
6704
6682
6770
6628
6585
6539
6527
6579
6550
6424
6526
6529
6398
6649
6520
6481
6540
6526
6408
6397
6359
6251
6449
6473
6406
6319
6389
6310
6221
6339
6380
6195
6403
6303
6323
6259
6285
6326
6555
6275
6107
6159
6279
6232
6463
6305
6404
6188
6141
6211
6241
6312
6348
6304
6324
6182
6146
6185
6094
6078
6130
6241
6152
6138
6241
6264
6077
6211
6211
6090
6349
6115
6094
6110
6175
6197
6049
6085
6065
6094
6186
6175
6180
6237
6038
6090
6011
6165
6074
6100
6202
5882
5923
5979
5988
6127
5906
6081
5968
6027
5943
6053
6140
6010
6031
5927
5993
5873
5893
6024
6001
5753
5959
6073
5901
5859
5991
5936
5851
5949
5813
5883
5799
6050
5855
5906
5922
5871
5818
5858
5780
5696
5709
5810
5840
5722
5776
5837
5657
5885
5857
5794
5818
5845
5643
5802
5725
5936
5638
5722
5829
5733
5815
5757
5880
5838
5734
5674
5746
5689
5634
5682
5756
5660
5658
5707
5697
5714
5669
5589
5632
5524
5692
5715
5633
5583
5749
5607
5622
5630
5602
5721
5574
5514
5604
5690
5678
5708
5482
5517
5559
5700
5622
5742
5496
5564
5455
5478
5642
5561
5527
5441
5609
5722
5685
5584
5520
5573
5529
5625
5567
5560
5480
5498
5509
5458
5619
5573
5417
5602
5579
5588
5512
5614
5449
5529
5515
5546
5432
5493
5403
5440
5451
5419
5508
5473
5604
5513
5510
5448
5483
5409
5516
5413
5518
5487
5343
5350
5395
5345
5590
5448
5426
5436
5469
5295
5301
5457
5308
5365
5607
5458
5313
5257
5390
5417
5526
5432
5395
5290
5524
5345
5352
5424
5299
5291
5193
5179
5327
5391
5328
5183
5322
5276
5272
5299
5308
5274
5374
5279
5322
5372
5232
5453
5321
5210
5363
5156
5296
5313
5246
5336
5208
5217
5362
5289
5390
5353
5316
5260
5173
5176
5243
5089
5255
5246
5258
5280
5246
5235
5288
5253
5267
5117
5249
5259
5169
5201
5187
5242
5300
5098
5199
5139
5213
5331
5180
5355
5159
5213
5321
5149
5068
5160
5103
5185
5102
5100
5117
5220
5150
5173
5225
5149
5140
5101
5229
5162
5088
5140
5152
5159
5057
5104
5248
5210
5116
5103
5214
5024
5081
5177
5154
5043
5127
4988
5086
5082
5062
5088
5017
5067
5099
5219
4986
5106
5026
5033
5112
5138
5097
5000
5116
5150
5062
5118
5018
5056
5175
5095
5003
5096
5020
5038
5084
5156
5245
4938
5202
5168
5236
5332
5428
5363
5501
5453
5552
5703
5803
5887
5713
5995
6054
6226
6269
6419
6474
6760
6835
6958
6999
7294
7397
7526
7583
7746
7998
8218
8165
8487
8734
8840
8805
9017
9182
9572
9339
9496
9424
9832
9987
9880
10042
10079
10126
10290
10321
10285
10555
10688
10878
10744
10862
10959
10893
11106
11128
11401
11386
11431
11767
11777
12119
12444
12285
13045
13184
13780
14051
14575
15070
15005
15516
15745
16018
15985
15861
15933
15802
15780
15706
15252
15014
14636
14304
13945
13761
13436
12724
12617
12212
11604
11421
10957
10524
10051
9774
9515
9106
8599
8457
8276
8010
7482
7291
7002
6850
6556
6464
6388
6096
5959
5728
5482
5382
5472
5231
5229
5080
4972
4956
4792
4820
4673
4769
4661
4641
4574
4646
4597
4549
4530
4435
4453
4547
4461
4440
4504
4498
4460
4405
4309
4398
4300
4544
4402
4469
4538
4435
4460
4349
4331
4391
4360
4387
4284
4475
4520
4384
4407
4404
4270
4458
4288
4314
4377
4196
4375
4323
4442
4316
4342
4417
4309
4251
4442
4251
4331
4218
4378
4335
4386
4237
4327
4371
4438
4256
4337
4337
4304
4314
4359
4418
4285
4391
4354
4342
4376
4390
4372
4311
4427
4219
4395
4390
4362
4259
4336
4285
4269
4259
4409
4290
4429
4319
4199
4357
4380
4342
4375
4363
4377
4363
4319
4373
4418
4383
4334
4349
4290
4463
4325
4427
4334
4345
4276
4340
4287
4301
4332
4367
4384
4214
4289
4378
4245
4208
4287
4365
4234
4377
4431
4371
4396
4483
4344
4277
4350
4311
4376
4507
4368
4321
4275
4451
4406
4452
4530
4501
4623
4590
4581
4712
4762
4863
5009
5105
5169
5172
5342
5675
5673
5819
6070
6299
6397
6759
7074
7151
7563
7906
8143
8222
8879
9105
9334
10004
9993
10584
10863
11189
11523
11908
12399
12583
13138
13449
13951
14148
14408
14500
15085
15129
15612
15892
15800
16232
16623
16748
17000
17362
17433
17504
17920
18246
18225
18261
18757
18963
19162
19388
19396
19695
20223
20406
20927
21248
21934
22209
22990
23835
24502
25424
26680
27356
28137
29166
29604
29844
30279
30714
31057
30451
30123
29881
29267
28850
28429
27227
26275
25312
24649
23719
22882
22280
20795
20138
19303
18349
17429
16408
15550
14949
14042
12998
12427
11746
11119
10533
9857
9372
8719
8311
7911
7305
6948
6540
6267
5957
5566
5283
5229
5063
4774
4645
4470
4344
4151
4050
4032
3803
3872
3731
3608
3716
3466
3565
3513
3498
3455
3482
3344
3405
3426
3303
3290
3374
3260
3447
3252
3403
3240
3306
3243
3194
3334
3371
3236
3289
3203
3347
3214
3243
3284
3204
3204
3257
3177
3252
3189
3127
3104
3185
3195
3261
3152
3178
3171
3201
3183
3233
3310
3174
3102
3170
3167
3053
3172
3201
3145
3130
3203
3149
3131
3271
3119
3216
3128
3094
3203
3165
3181
3163
3228
3099
3133
3120
3046
3137
3043
3050
3164
3158
3159
3180
3121
3151
3039
3114
3187
3150
3127
3221
3056
3299
3219
3112
3038
3110
3080
3117
3073
3044
3156
2938
3106
3096
3155
3126
3089
3183
3095
3073
3132
3043
3090
3067
3013
3080
3202
3011
3081
3078
3075
3076
3133
3094
3018
3121
3023
3051
3109
3080
3082
3128
2981
3092
3123
3059
3041
2964
3070
3046
3001
3062
2958
3093
2996
3104
3087
2907
3061
3016
3144
3074
2956
2972
2979
3014
3069
3046
3055
3069
3077
2974
3101
3045
3074
3080
3051
2984
3073
3003
2996
3129
3045
3059
3037
2978
3006
3015
3083
2957
3040
2960
3002
2990
3004
2910
3084
2993
3019
3076
2991
3121
2957
3032
3011
3024
3009
2919
2971
3030
2989
2912
2989
2996
2937
3052
3009
3106
3009
3048
2956
2933
2927
3066
3071
2966
3021
3090
2909
2979
2932
2945
2933
2994
3043
3027
2989
2979
2939
2914
2941
2951
2880
3036
2975
2987
2923
3011
2954
3000
3012
2987
2852
2972
2965
2994
3005
2920
2978
3043
2962
2949
2965
2961
2980
2892
2968
2896
2894
2977
3008
2995
2874
2992
2909
2941
2901
2989
3032
2977
2987
2981
2909
2873
2882
2987
2969
2879
2977
2974
2835
2951
2979
3000
2965
3038
2988
2949
2907
2946
2861
2893
2889
2917
2864
2868
2931
3022
2947
2959
2946
2898
2828
3072
2894
2927
2956
2917
2890
2894
2815
2951
2939
3003
2952
2911
2875
2939
2869
2968
2900
2907
2904
2895
2799
2918
2903
2931
2980
2886
2917
3085
2990
2998
2949
2933
2806
2953
2937
2954
2880
2878
2956
2943
2882
2899
2919
2937
2944
2888
2926
2914
2950
2980
2956
2972
2910
2841
2962
2907
2949
2842
2985
2929
2964
2963
2998
2973
3065
2975
2928
3020
3060
3001
3003
2998
2928
2995
3010
2969
3159
3028
2961
2935
3058
3082
3048
3029
3003
3118
2946
2974
3082
3031
3090
3083
3037
3101
2997
3049
3057
3016
3065
3142
3120
3166
3246
3225
3276
3400
3348
3252
3408
3487
3492
3509
3777
3871
3892
4052
4219
4458
4541
4895
5183
5449
5823
6221
6613
7145
7513
8072
8638
9207
9962
10795
11192
12016
12788
13944
14703
15530
16555
17614
18581
19415
20704
21512
22556
23757
24661
25812
27150
27732
29675
30156
31454
32124
33240
34250
34896
35778
36981
37771
38717
39623
40569
40689
41440
42329
43024
43849
44133
44930
45612
46160
46732
47270
48190
49294
49828
50820
51898
52691
54003
55559
57085
58654
60325
62594
64422
66815
68650
71091
72945
74772
76608
78143
78560
78603
78909
78345
77863
76742
74954
73855
71724
69659
67542
64930
62983
60307
57806
55558
52132
50025
47615
44867
42171
39680
36565
34643
32191
29929
27711
25596
23669
21933
20136
18309
16863
15532
13994
12976
11917
10758
9669
8793
7977
7398
6568
6133
5597
5044
4477
4139
3898
3513
3249
2932
2772
2532
2322
2185
2072
1945
1893
1695
1730
1561
1501
1493
1397
1363
1277
1269
1249
1225
1149
1174
1153
1121
1056
1056
1113
1062
1059
1016
927
1000
1000
1017
1009
996
944
977
920
992
917
917
943
910
950
920
944
902
878
896
889
910
853
890
867
901
867
876
884
862
925
975
890
884
835
865
836
861
896
865
842
883
837
809
847
857
819
862
857
833
775
871
855
824
892
798
805
790
852
814
805
814
790
777
768
810
828
809
882
818
837
785
832
798
808
786
857
808
802
791
842
796
799
812
753
773
779
797
767
781
766
863
788
800
742
723
827
752
784
736
818
755
746
733
746
802
801
789
792
806
812
791
774
744
761
824
828
828
796
866
835
814
795
853
867
864
860
830
869
861
934
927
981
979
989
1073
1115
1131
1147
1251
1338
1411
1403
1545
1665
1694
1701
1906
1976
2104
2188
2332
2457
2587
2740
2813
3008
3061
3363
3439
3515
3676
3858
3941
4135
4377
4374
4444
4727
4938
5139
5114
5181
5320
5386
5507
5716
5731
5968
6047
6128
6246
6145
6358
6558
6449
6659
6775
6792
6904
6984
7005
7170
7371
7461
7822
7767
8180
8352
8530
8637
8979
9139
9491
9740
9960
10269
10473
10650
10647
10669
10606
10774
10537
10426
10391
10117
9751
9682
9230
8918
8594
8259
7952
7539
7306
6818
6509
6210
5816
5578
5136
5004
4719
4290
4062
3781
3479
3165
3149
2775
2574
2439
2180
2069
1841
1747
1603
1539
1388
1270
1245
1133
1014
993
896
899
839
785
804
723
687
660
608
647
610
540
580
593
464
526
498
488
570
458
496
463
481
469
491
451
457
437
460
474
458
451
433
459
434
441
405
433
397
413
411
414
415
429
442
419
451
431
437
422
437
405
417
392
446
424
397
396
410
413
423
441
413
401
433
414
464
416
391
389
409
448
455
407
379
377
386
371
392
407
418
372
358
361
398
403
444
387
382
391
414
360
383
387
370
390
386
407
397
372
421
377
376
403
391
383
382
386
370
363
374
357
405
375
349
344
351
388
384
385
377
366
385
377
375
393
384
374
344
377
403
361
343
391
324
375
385
389
402
375
368
365
389
355
380
374
356
379
376
358
367
368
355
355
361
356
357
338
398
368
352
364
388
362
358
384
374
378
374
370
365
361
342
376
339
349
380
357
326
333
354
381
350
346
345
328
348
341
337
354
343
354
342
367
321
380
350
364
347
363
329
370
336
351
320
341
330
373
327
303
340
348
336
359
323
337
328
345
340
339
328
367
324
374
330
322
338
330
351
367
304
348
323
323
339
337
357
326
365
331
344
324
304
335
344
335
312
320
338
339
366
315
329
306
326
335
323
351
313
342
323
321
299
335
316
336
330
330
335
307
327
331
372
283
356
325
297
334
346
328
352
336
313
292
354
343
302
322
344
334
334
293
302
286
318
302
330
320
321
305
340
330
332
319
315
353
303
327
292
296
304
307
279
316
318
312
324
311
314
283
310
307
294
312
323
335
347
350
325
350
311
325
319
324
348
313
328
312
313
300
322
296
337
323
313
317
306
346
287
309
280
265
299
304
286
314
306
314
302
319
330
307
271
310
324
324
328
279
285
299
285
278
300
304
310
302
278
310
299
323
305
312
294
298
302
313
325
308
302
275
294
300
293
321
300
261
325
279
286
329
336
275
318
303
307
272
277
316
304
302
292
301
277
294
328
298
309
261
294
278
295
294
280
317
305
296
278
291
321
255
284
295
292
337
306
291
292
277
289
256
291
256
321
285
279
296
304
272
280
292
313
332
269
298
295
343
288
301
294
296
345
322
303
304
304
287
310
287
311
321
305
295
310
306
326
316
298
310
308
336
325
304
311
299
331
297
305
318
284
301
292
292
313
313
293
302
328
312
315
309
310
319
305
323
322
299
330
324
317
292
285
303
286
274
316
286
286
305
298
278
292
302
293
288
256
292
301
270
259
268
276
287
256
272
233
266
239
259
273
278
250
281
248
261
271
228
274
277
265
272
290
258
260
249
265
244
269
269
251
244
277
257
252
259
261
239
273
232
256
248
253
276
255
255
251
257
264
252
277
249
233
256
244
255
259
274
257
247
242
280
243
242
257
233
217
242
241
287
277
246
264
234
281
268
236
238
271
265
222
252
244
236
230
240
245
251
257
228
257
274
244
240
268
246
245
224
221
227
233
265
243
269
235
246
263
246
266
258
247
259
237
257
235
226
252
270
243
252
231
288
249
223
254
245
254
244
220
240
216
265
235
242
229
245
251
234
215
245
227
220
231
238
221
254
235
205
227
233
222
229
248
254
232
247
249
229
221
250
222
206
266
247
246
220
266
218
250
261
218
239
258
230
227
219
230
245
228
223
250
254
262
228
243
242
246
244
245
231
205
240
244
224
219
260
234
242
218
217
206
214
222
251
259
221
234
237
214
220
245
235
229
231
235
220
219
243
252
228
215
218
235
243
215
229
218
233
215
234
233
234
226
241
236
217
245
241
218
218
229
232
218
217
227
206
201
240
244
217
232
264
209
241
222
235
211
233
224
227
224
239
204
224
230
214
207
221
230
226
207
236
215
214
230
223
205
228
240
208
202
231
211
257
197
221
205
262
221
238
231
202
204
215
192
194
207
223
212
228
228
212
214
210
209
205
223
210
209
204
202
212
207
235
198
227
210
204
204
231
212
194
217
224
191
221
199
217
196
200
220
185
225
207
218
205
190
200
194
198
207
221
237
198
191
185
197
215
198
182
207
214
214
233
203
197
213
194
207
195
227
220
216
191
213
243
204
188
206
214
205
206
190
186
177
187
196
202
193
193
189
199
180
205
209
181
248
171
201
190
212
222
214
224
190
208
176
208
200
210
180
174
208
208
237
201
223
211
164
189
194
187
189
204
202
191
190
212
179
198
201
192
199
233
183
186
206
166
184
200
234
211
202
186
181
188
189
210
186
197
202
192
210
189
188
185
175
181
176
178
201
189
194
185
216
187
179
177
194
215
190
189
182
203
182
181
201
196
208
155
190
215
201
194
190
209
186
201
195
188
182
184
180
202
185
187
189
185
186
180
173
198
170
196
184
196
182
174
202
195
202
181
168
177
189
189
184
183
199
202
195
180
196
175
191
178
167
189
178
187
179
203
211
172
182
188
185
177
176
188
185
167
167
178
181
172
210
193
176
194
194
178
171
180
161
208
166
205
165
189
183
184
189
175
172
146
198
179
163
164
172
178
207
169
185
179
196
166
180
173
172
149
186
175
170
191
199
158
143
180
162
164
190
183
174
177
159
180
164
178
193
188
150
152
189
178
189
143
169
188
175
165
169
177
166
183
184
147
168
162
157
191
169
162
162
185
155
167
180
160
165
157
177
157
170
166
183
183
179
185
178
151
188
154
182
191
158
179
164
160
170
180
185
173
152
185
175
172
177
174
168
161
154
191
179
159
164
189
157
173
174
179
167
181
135
160
187
166
182
176
156
179
182
154
157
157
179
166
175
167
181
165
170
173
153
160
172
190
161
154
141
153
171
179
190
154
153
167
169
167
174
177
142
160
145
183
161
165
177
171
171
175
203
176
191
151
166
143
164
168
161
177
191
162
181
170
171
146
178
176
169
174
161
158
167
182
156
160
155
165
175
161
169
171
158
180
185
161
157
165
155
174
157
155
148
159
161
168
141
168
164
164
153
167
165
139
168
150
181
150
158
154
152
160
123
151
172
140
134
162
175
136
168
143
133
145
154
155
179
165
162
136
131
152
140
149
160
150
160
141
170
157
148
145
153
136
153
149
142
140
164
150
143
137
155
157
145
172
151
182
138
146
140
149
125
146
152
132
149
126
122
146
148
148
116
151
143
134
143
145
134
152
133
138
127
122
143
147
156
136
139
142
125
125
151
142
130
153
147
151
150
156
141
134
130
137
110
152
127
138
164
135
138
125
157
139
139
147
129
121
151
149
139
167
135
124
137
136
150
121
150
145
112
146
137
132
143
153
135
133
109
170
126
134
146
141
110
119
144
126
129
150
101
130
112
132
115
146
138
154
120
127
134
125
140
127
130
112
111
123
133
142
128
142
138
159
110
127
151
130
120
117
134
131
113
137
130
131
130
136
147
141
160
129
130
103
121
137
107
102
126
139
116
137
135
121
116
131
122
113
160
109
110
114
112
134
126
146
145
119
99
119
125
126
119
107
130
129
123
129
134
114
116
140
146
132
126
133
122
120
125
122
116
131
123
119
123
129
110
100
138
118
97
129
120
108
133
121
139
105
118
117
126
113
133
124
143
120
129
115
102
120
88
106
117
111
113
138
115
118
106
138
124
134
122
96
99
111
127
123
109
123
131
126
111
119
101
116
119
119
120
122
126
107
115
121
131
119
115
109
95
114
118
103
111
135
107
135
108
91
112
123
119
118
108
118
106
101
108
106
123
116
132
105
129
121
110
118
113
115
106
116
94
104
122
116
115
117
112
101
110
109
122
113
103
119
101
120
112
104
125
103
110
118
106
98
106
116
120
115
135
124
110
108
119
118
94
88
96
126
121
104
112
106
110
107
104
109
111
105
86
125
126
114
118
97
93
98
108
104
108
99
148
96
120
109
89
114
107
97
102
114
106
73
109
115
92
91
102
104
89
85
116
111
115
117
93
103
108
108
120
105
97
103
105
99
120
100
97
110
97
104
114
100
108
116
92
102
111
101
101
103
114
111
111
109
92
97
109
112
99
100
96
104
94
98
94
109
105
86
93
115
90
84
87
105
105
118
119
93
105
97
81
102
88
101
103
106
80
82
93
91
104
81
96
107
113
106
92
86
104
90
88
98
91
103
96
89
96
100
98
107
85
97
98
95
91
87
96
107
79
98
105
113
99
83
74
86
104
109
92
88
110
90
93
83
92
82
93
82
85
93
105
85
87
72
83
90
78
89
80
86
77
107
94
99
80
94
90
92
78
76
82
92
105
91
93
100
94
106
98
101
106
82
96
95
90
97
97
91
92
93
96
100
78
86
93
85
99
98
91
97
87
98
104
87
94
87
76
104
113
88
87
87
72
71
84
88
85
82
90
91
94
99
95
73
94
86
82
94
68
111
87
116
109
84
87
87
93
78
104
108
71
74
80
86
84
79
87
74
96
84
86
73
85
95
87
82
86
88
91
80
68
75
87
81
89
98
92
84
86
77
78
99
90
85
87
78
87
82
103
75
80
84
82
67
97
80
74
83
84
79
93
89
87
79
86
86
85
80
79
88
85
104
91
79
79
88
82
73
76
91
77
89
88
95
87
95
96
92
91
89
77
87
74
97
67
89
83
93
75
93
100
91
78
99
87
92
93
95
88
84
76
89
88
69
76
70
78
84
84
76
72
78
87
94
85
73
72
95
88
93
75
74
77
79
89
77
85
85
77
71
90
87
78
60
75
74
70
71
58
77
75
72
78
60
83
73
78
80
52
76
53
73
70
66
82
81
60
75
88
76
68
79
87
99
60
74
72
87
94
77
63
89
79
73
65
70
75
66
84
96
81
68
79
66
72
66
69
72
70
81
73
78
70
85
81
96
84
72
75
63
79
64
83
65
79
83
70
70
68
65
83
81
85
68
61
74
74
69
68
78
71
68
66
70
56
77
57
64
71
74
74
71
63
64
57
68
81
77
70
82
73
62
62
69
56
68
62
62
73
67
72
67
76
71
66
75
67
71
76
66
66
64
71
70
69
72
67
75
71
77
76
85
69
65
75
65
73
73
67
64
71
61
75
64
64
72
84
55
58
69
80
72
71
63
74
86
75
83
68
63
65
81
55
74
85
80
67
75
79
76
60
63
78
69
74
79
61
67
65
75
66
60
75
73
69
79
94
78
87
81
83
74
79
71
85
73
94
95
88
70
65
80
82
68
81
80
78
100
82
90
81
78
68
57
74
83
83
84
84
79
84
85
80
80
92
71
82
88
75
78
99
83
92
74
89
81
81
90
72
84
75
76
67
64
70
60
84
77
72
77
78
47
72
91
68
77
69
66
71
74
62
80
58
58
56
63
55
78
65
59
61
63
73
52
59
63
56
50
61
63
65
59
62
60
66
55
59
54
58
46
57
68
65
62
58
50
60
66
71
59
57
67
72
47
66
53
56
55
61
56
64
55
56
56
57
57
52
42
68
60
64
46
48
53
53
51
65
65
80
56
64
50
58
63
64
59
62
40
55
64
54
71
47
51
56
61
48
60
53
60
52
52
56
49
53
58
65
58
49
35
54
41
59
53
55
53
51
65
74
52
50
70
47
44
50
70
55
60
65
53
54
47
66
50
48
57
50
52
60
66
68
54
59
71
68
65
45
58
54
59
62
74
50
55
55
50
60
58
59
56
58
53
55
65
45
57
47
54
56
46
60
56
56
60
59
51
53
48
53
39
41
53
44
77
64
57
71
54
53
61
55
59
49
57
65
53
55
57
60
66
56
65
54
44
75
62
63
60
57
62
47
62
57
56
67
67
51
51
64
59
51
53
54
64
63
64
57
65
52
44
66
79
54
38
52
39
54
44
54
63
57
50
36
49
45
46
46
53
52
45
57
41
56
56
54
47
43
48
42
59
44
53
55
47
48
70
50
34
48
59
49
58
61
56
43
50
45
54
42
43
54
50
50
53
32
59
50
41
41
56
63
47
57
50
49
45
41
46
41
57
63
56
51
46
42
50
49
60
53
47
53
42
52
46
47
50
53
49
60
41
54
61
56
50
51
49
42
42
59
45
43
52
48
54
42
46
52
43
47
54
55
56
44
40
51
32
45
36
36
35
46
55
54
50
53
53
58
62
52
38
39
46
61
61
57
49
41
54
53
38
50
48
52
44
46
48
48
57
43
42
50
52
52
51
52
45
51
39
54
33
43
52
38
43
53
49
48
47
45
49
56
51
50
46
59
54
47
57
59
49
57
40
56
49
69
55
63
46
45
51
47
53
51
63
57
44
48
53
54
42
40
61
36
44
52
55
59
51
65
50
73
51
66
57
48
49
53
51
56
48
54
55
55
58
59
44
56
61
52
62
51
62
53
45
56
57
46
57
53
48
63
65
46
54
54
51
65
69
53
65
35
52
49
59
57
56
54
54
59
48
60
50
46
54
57
41
45
56
46
48
44
53
38
53
55
47
45
53
46
56
40
46
41
43
41
52
37
45
40
36
35
41
38
40
41
28
39
30
32
41
32
41
40
41
28
36
34
31
36
28
48
36
28
35
32
31
46
34
39
37
36
34
27
33
29
38
42
32
29
40
28
29
29
32
45
25
36
33
46
45
35
38
28
26
29
23
33
33
38
40
37
29
37
30
16
31
22
31
39
26
34
31
34
34
30
39
42
32
38
32
40
40
32
30
30
28
32
38
32
24
35
28
28
31
29
41
30
38
33
32
39
27
30
34
38
29
32
29
32
20
31
24
32
34
34
30
34
30
35
26
29
26
32
32
33
33
34
33
32
33
25
29
44
35
32
36
37
30
24
28
31
39
31
33
37
29
23
37
41
22
28
31
37
35
38
31
30
28
32
33
22
43
34
50
23
45
31
33
30
27
34
33
35
26
32
31
39
32
25
36
35
33
33
26
39
22
27
29
27
40
40
24
36
26
39
37
31
37
42
34
26
36
37
39
41
25
28
30
36
32
27
31
33
26
31
35
35
30
26
28
32
46
32
35
20
36
32
38
33
19
41
32
26
39
34
34
30
37
41
31
37
34
31
32
35
29
37
42
30
28
27
38
25
34
38
33
36
31
37
43
31
37
32
33
31
23
26
29
28
29
36
32
34
18
32
37
31
29
34
33
36
32
33
30
28
36
29
33
31
30
34
37
39
25
33
30
20
30
20
31
34
33
22
28
27
31
23
27
35
40
19
35
36
27
25
29
23
24
31
27
32
25
26
34
31
22
25
32
23
29
32
37
14
20
29
17
32
32
23
30
35
25
23
32
27
28
32
26
30
35
23
26
27
20
35
33
49
28
35
25
33
25
26
35
28
28
36
26
32
25
29
26
30
35
25
36
39
28
34
41
29
30
37
23
30
19
34
33
35
31
36
42
34
31
36
36
30
23
27
30
31
21
35
40
31
34
28
29
34
41
27
29
33
23
27
19
27
33
24
32
32
30
34
40
36
31
39
29
42
31
27
44
39
38
42
36
32
30
36
33
25
30
41
36
34
35
27
22
36
32
28
38
32
27
33
34
34
39
36
28
34
34
37
33
38
29
36
37
33
29
39
32
46
44
28
36
43
36
39
34
35
32
34
39
28
44
38
40
45
36
34
50
46
33
38
34
40
52
34
41
53
37
36
41
55
40
51
36
40
59
32
43
41
38
36
34
42
45
43
38
38
43
41
35
40
43
42
45
39
45
38
35
35
38
21
41
30
24
33
31
36
32
28
33
26
26
27
24
28
30
28
15
23
20
17
26
16
14
23
20
13
23
12
8
12
19
16
15
8
16
20
17
14
20
13
12
14
11
11
13
13
9
19
10
20
16
12
17
13
11
19
11
11
21
9
12
13
16
17
14
13
11
7
10
19
17
14
13
16
13
17
15
14
11
12
15
18
13
7
12
17
18
12
15
10
12
10
13
10
15
13
21
13
11
9
18
12
11
19
13
14
17
16
9
14
12
11
14
11
9
14
17
21
20
18
13
9
14
9
16
15
21
13
17
14
14
13
16
11
8
12
14
15
15
15
23
19
14
22
21
12
16
17
12
13
20
19
12
15
12
20
14
6
15
16
13
18
13
25
16
11
16
17
19
13
16
8
16
18
23
7
13
13
15
18
11
12
10
18
21
12
20
14
15
11
9
17
9
14
16
24
12
10
18
13
17
15
15
14
17
15
20
12
13
22
13
15
13
11
10
13
13
14
16
19
17
13
14
18
16
13
19
16
12
15
19
19
16
21
14
16
17
18
20
13
18
16
24
18
18
11
21
14
12
17
16
15
14
19
16
19
16
21
16
18
28
17
10
16
17
10
14
12
11
12
11
13
14
15
13
15
18
12
19
13
18
23
21
23
11
12
12
16
16
11
15
12
13
16
14
14
18
11
8
12
5
10
7
14
9
9
8
9
11
8
12
10
11
6
7
8
8
8
13
9
9
13
7
16
8
12
8
9
11
8
6
9
7
10
14
9
5
8
13
9
5
8
5
5
4
6
4
4
6
7
7
8
14
9
8
4
5
9
7
10
5
14
14
5
7
6
6
10
6
12
5
9
3
5
9
4
7
14
13
10
3
9
7
14
5
13
15
9
7
5
6
5
7
4
8
12
6
14
11
12
7
4
7
5
7
9
8
10
9
5
8
8
10
14
17
10
12
7
3
2
8
10
5
5
11
6
3
9
9
6
5
7
11
7
8
8
7
5
10
7
4
7
7
10
9
9
6
7
4
9
12
11
7
7
8
6
7
9
5
4
7
9
10
9
12
13
7
9
14
8
11
2
13
8
14
8
6
12
7
11
9
2
12
7
9
9
13
12
11
3
8
5
9
11
9
5
6
3
14
10
7
13
7
8
4
6
7
8
7
8
10
9
5
10
9
5
7
7
7
6
9
8
10
7
7
6
7
12
7
10
5
9
7
10
10
8
10
6
16
4
14
11
4
12
14
12
11
3
9
8
9
9
7
13
6
8
8
12
9
15
7
7
8
11
8
5
17
7
8
11
7
11
6
4
8
6
12
5
11
12
4
11
6
3
8
13
11
6
7
9
12
6
5
9
12
17
7
9
9
10
4
8
9
11
6
6
12
5
10
6
8
13
9
8
6
2
4
2
8
9
6
5
8
9
7
5
2
7
8
5
6
11
5
8
9
4
11
10
11
9
7
8
12
10
4
7
4
7
5
10
2
8
8
4
9
4
6
8
9
8
7
7
9
5
7
6
5
6
4
8
8
4
3
6
6
5
9
4
13
7
10
3
3
1
4
11
10
7
4
5
8
8
9
6
12
11
9
3
5
9
9
9
7
9
5
6
3
8
2
9
8
6
6
4
5
8
6
5
7
4
5
11
10
6
7
5
5
8
9
11
8
5
3
8
7
10
9
4
5
4
5
6
8
8
6
5
7
12
7
8
8
10
7
12
3
12
4
9
5
3
6
10
3
10
6
8
4
8
6
7
7
13
8
7
5
11
14
4
3
6
8
4
10
3
12
6
4
14
8
10
5
7
7
8
8
11
7
11
7
7
4
8
9
5
4
7
12
10
12
6
9
7
9
7
9
4
12
5
9
5
9
4
9
9
7
7
7
7
10
8
10
9
8
9
3
9
6
6
12
9
7
13
10
10
13
7
4
10
12
8
13
12
9
5
7
7
10
9
9
10
8
4
12
6
5
5
6
11
7
9
7
5
9
6
10
9
8
12
5
6
10
5
6
5
6
12
5
10
8
6
5
5
5
3
2
10
6
7
4
9
13
6
9
8
8
7
9
5
10
5
3
7
7
2
5
4
5
7
8
13
6
4
5
5
6
3
3
13
5
2
9
8
9
3
9
10
5
5
4
14
6
6
8
5
11
5
7
3
9
11
5
7
5
5
3
4
7
2
5
8
6
7
7
3
4
6
13
4
5
10
7
8
4
3
6
14
8
3
3
6
5
3
8
8
11
9
2
5
6
8
4
5
8
2
5
9
4
7
5
5
6
11
8
4
8
10
5
11
6
3
3
3
4
13
7
8
8
13
8
10
3
4
3
8
9
8
7
6
12
8
8
5
5
5
4
12
8
5
11
7
4
9
1
4
6
5
8
4
4
5
6
6
7
3
3
6
6
3
7
5
3
5
4
4
1
2
4
7
8
9
5
2
11
4
5
5
4
6
1
6
3
7
3
5
4
12
5
8
7
4
4
6
8
4
2
4
4
2
2
5
4
5
4
5
8
4
5
9
6
11
5
9
7
3
4
4
4
8
7
7
7
5
5
3
11
4
9
5
7
5
5
5
8
7
6
11
9
8
4
5
5
3
7
6
8
4
6
6
7
6
4
3
5
3
9
3
4
7
5
3
7
8
2
4
3
3
5
3
11
4
7
4
8
5
6
5
3
0
5
4
4
6
7
5
5
6
3
7
4
7
6
4
5
4
3
5
11
3
5
5
11
7
4
3
7
10
5
5
7
6
8
3
5
7
3
7
9
1
5
12
6
11
4
5
6
6
9
9
6
9
8
8
5
3
3
5
4
2
6
7
10
3
10
5
6
6
7
9
3
6
2
10
4
2
3
6
6
8
3
3
3
7
3
7
8
9
5
3
6
8
5
1
10
5
3
6
4
9
6
6
5
3
5
11
4
6
5
3
1
4
6
8
6
9
3
3
12
7
2
2
5
4
3
10
8
4
4
8
7
8
6
3
8
0
6
5
6
2
13
5
7
5
8
4
4
3
5
11
5
5
6
6
5
7
4
6
5
5
6
5
7
3
3
6
5
7
6
7
3
3
10
4
5
6
5
2
5
2
3
10
7
3
6
8
6
5
6
7
2
3
7
4
9
7
7
0
6
4
4
3
4
3
8
8
5
9
4
2
3
11
4
7
3
4
1
6
6
2
9
4
10
4
12
4
2
5
3
8
5
6
5
5
5
2
5
8
2
4
3
5
4
2
8
2
3
7
4
6
4
6
3
8
1
2
7
7
5
3
8
7
6
7
4
6
7
3
6
6
4
6
4
6
6
8
7
12
6
2
3
4
7
6
4
4
7
9
4
3
0
3
5
8
7
3
4
3
1
1
3
8
3
4
6
7
7
3
8
4
8
9
6
4
6
5
4
4
5
5
1
4
7
2
8
6
3
4
4
5
5
6
4
5
5
2
3
6
6
3
5
10
3
9
6
5
6
14
6
8
3
5
2
8
7
12
6
7
5
6
6
3
6
6
8
5
11
7
12
5
6
6
7
10
5
10
1
3
4
7
6
4
3
5
6
5
11
2
13
4
5
5
3
7
2
4
9
6
3
9
4
8
6
6
4
8
2
4
9
2
5
4
6
2
11
2
5
5
5
9
5
5
4
4
6
5
1
3
3
6
4
7
6
4
5
6
6
11
7
4
5
3
9
2
4
5
9
7
3
5
5
5
5
2
6
4
4
6
8
5
8
7
7
2
7
7
9
7
1
6
3
3
7
2
9
3
7
1
4
2
5
0
7
4
6
3
3
4
4
8
4
4
4
4
7
7
3
4
4
3
8
8
6
3
8
6
8
7
7
4
2
3
6
3
3
7
6
7
6
2
9
7
6
3
6
7
7
3
6
9
3
4
6
5
8
3
7
5
5
9
5
5
4
5
7
5
2
6
7
8
2
7
9
7
6
6
9
5
5
5
5
3
3
5
2
4
1
2
2
4
3
5
3
7
4
6
2
6
4
6
3
5
2
3
7
7
5
6
5
7
5
4
1
3
6
3
6
3
1
4
7
5
5
7
6
6
2
8
5
6
2
3
2
7
3
6
5
2
3
5
4
2
3
4
3
3
6
4
9
3
6
5
5
1
5
4
10
7
2
5
3
6
6
1
3
3
4
5
2
8
9
2
4
7
2
2
6
2
4
10
4
8
2
4
5
5
4
6
5
4
6
4
9
5
5
1
8
3
8
8
1
3
3
4
7
5
3
5
7
4
4
4
3
5
6
5
3
4
6
6
1
8
5
3
5
7
5
8
4
3
3
9
5
3
6
2
3
6
7
5
4
4
1
2
3
6
5
9
4
3
2
4
8
2
3
5
6
6
3
5
2
6
2
3
2
3
2
5
5
6
2
3
8
5
3
3
5
8
2
6
5
2
5
5
3
4
4
4
4
1
4
5
4
1
4
5
7
4
5
7
0
4
1
3
5
5
5
5
3
9
4
2
2
6
6
3
9
2
3
4
3
6
6
8
6
4
4
8
7
4
2
6
5
3
4
5
5
9
9
4
3
2
2
6
4
7
7
10
4
3
8
9
5
10
7
4
7
9
3
12
13
5
8
7
7
7
9
9
11
7
8
9
6
9
5
9
7
5
9
8
13
8
8
5
8
4
9
7
11
8
12
12
13
9
4
7
8
6
8
7
15
9
11
18
8
10
9
7
11
6
8
8
7
12
4
4
6
8
7
15
9
5
13
7
9
10
4
9
5
4
7
7
8
4
4
7
8
7
4
6
6
3
7
9
7
0
4
5
4
4
6
7
5
5
3
7
7
5
2
4
1
6
5
3
7
4
3
6
3
5
5
5
3
5
4
6
5
6
2
7
3
11
7
3
3
2
1
6
5
3
8
4
3
5
6
4
5
10
6
4
2
4
3
4
7
6
0
3
4
6
3
3
6
3
3
4
2
3
7
4
2
4
5
6
2
2
2
4
3
1
7
6
7
5
3
2
4
3
3
6
2
5
4
2
1
5
3
5
0
0
6
6
3
4
3
5
4
5
2
5
5
4
4
6
4
5
4
4
4
5
4
8
1
1
2
3
3
4
8
9
5
4
6
6
3
5
4
5
4
3
2
2
4
6
1
4
3
6
7
5
3
6
4
1
7
4
4
3
2
6
2
8
6
2
3
1
2
2
2
9
7
7
4
7
3
1
7
5
2
7
9
8
11
4
7
8
2
9
1
5
3
6
3
6
2
7
6
2
4
5
4
3
5
4
6
6
1
8
3
2
6
10
11
3
6
2
2
9
2
3
1
5
3
6
2
5
6
2
7
3
6
5
3
2
1
3
2
3
6
2
1
3
0
6
9
7
6
5
6
4
4
5
5
2
3
0
5
6
6
2
4
7
2
4
7
2
5
2
5
8
6
3
1
4
3
2
2
3
6
3
6
3
6
3
2
2
4
4
6
4
7
4
2
4
2
3
7
7
9
7
1
3
8
5
5
7
2
5
2
4
2
7
0
5
0
5
5
5
7
5
5
2
6
3
1
4
1
4
1
4
3
3
1
1
3
7
4
4
2
3
6
4
9
3
4
3
2
3
6
4
5
4
3
1
2
6
5
8
4
2
4
1
4
4
3
4
2
2
3
1
8
6
0
2
5
6
5
2
1
1
2
3
3
3
2
6
5
3
4
3
6
4
4
5
3
2
5
2
3
4
8
4
2
4
3
2
6
4
5
2
4
6
2
5
4
5
1
2
2
3
3
5
4
3
3
7
6
3
7
4
4
4
4
2
3
2
0
3
3
6
6
5
7
2
2
6
4
4
4
7
3
6
4
10
2
4
6
4
2
9
1
6
1
2
6
3
5
1
7
4
4
4
3
8
5
2
3
8
5
4
4
4
3
5
4
4
5
2
6
5
7
5
6
6
6
6
5
2
5
5
3
9
6
2
4
3
3
4
6
4
7
8
9
7
6
6
5
11
7
5
8
4
9
7
7
4
8
5
3
7
5
3
6
6
6
4
10
4
4
6
7
3
12
5
8
7
8
8
7
8
7
7
5
5
7
5
7
3
5
5
7
1
6
8
6
3
2
2
2
5
3
6
6
3
9
2
5
2
3
2
3
1
5
1
1
4
8
3
3
5
4
4
2
5
8
3
4
8
4
0
4
3
3
2
2
0
6
5
2
8
2
3
3
5
3
6
6
5
2
4
2
5
3
1
1
1
5
5
6
8
2
4
5
2
4
3
2
4
4
5
4
3
2
4
4
4
1
1
2
2
2
4
6
8
3
4
3
1
2
1
4
4
4
3
1
3
6
3
12
2
3
2
5
1
6
5
2
1
3
2
7
6
6
4
4
2
5
1
5
3
2
5
7
7
5
2
2
2
5
3
5
4
4
3
6
3
2
5
3
2
1
3
2
5
5
2
2
2
1
3
6
6
3
5
2
4
3
3
4
4
7
4
5
4
2
0
5
3
1
2
4
6
6
3
4
0
3
2
3
1
5
3
6
2
0
2
3
3
2
5
0
4
4
1
7
3
1
4
3
6
5
6
4
1
5
1
7
4
2
5
4
2
2
3
4
4
2
2
0
5
4
2
3
3
3
3
1
4
2
4
5
3
3
3
6
1
5
2
4
4
7
2
6
4
1
0
2
5
4
1
1
1
2
7
1
2
8
2
3
2
7
6
4
4
5
2
2
2
1
2
3
3
4
5
4
4
5
2
5
1
1
4
4
3
2
2
3
5
3
5
3
2
4
3
1
2
3
6
2
1
4
5
3
5
3
4
5
5
7
0
1
3
4
3
5
6
2
1
2
2
11
4
1
8
3
6
7
1
6
1
1
2
3
6
7
2
2
1
6
2
6
1
4
5
2
3
2
2
1
4
1
6
8
1
5
5
3
4
3
2
4
2
2
2
5
1
2
6
7
4
4
1
2
1
2
3
2
4
1
0
4
1
4
4
5
2
5
0
2
3
7
4
4
6
0
4
3
3
1
1
1
2
3
1
1
2
3
6
1
1
3
2
2
3
3
2
3
2
3
3
2
0
6
2
4
2
4
3
4
2
3
5
5
4
4
1
6
1
2
6
2
2
4
3
1
2
5
2
2
2
2
3
3
2
2
5
7
3
4
2
2
3
2
4
5
3
4
2
4
2
5
6
3
2
2
3
0
6
1
3
3
5
4
3
3
7
6
1
3
2
2
6
5
5
4
2
2
1
2
2
5
3
4
3
4
5
0
0
6
2
2
4
2
1
2
3
2
3
2
1
5
0
0
2
2
4
3
3
1
1
4
1
3
3
3
4
3
2
1
1
3
2
5
2
1
6
3
5
2
2
3
3
1
4
2
4
2
5
3
6
5
4
3
1
2
2
3
2
4
3
1
4
5
5
3
6
5
3
3
4
2
4
1
4
1
4
2
3
2
6
1
2
2
6
2
0
4
3
1
2
3
2
2
3
6
1
4
3
9
3
1
4
1
2
2
3
4
2
5
5
6
2
3
4
3
0
1
3
2
3
3
3
6
2
3
1
2
2
2
3
2
3
5
2
4
1
1
4
0
3
3
3
3
1
4
4
1
5
5
4
2
1
3
1
2
4
4
0
0
3
2
2
4
2
3
4
2
1
0
6
3
3
2
3
2
0
3
1
7
4
3
1
4
3
5
4
0
3
3
5
2
3
4
1
2
1
3
5
5
2
1
4
1
1
5
2
7
3
4
0
4
5
0
3
3
1
2
1
0
5
2
6
7
5
3
2
5
2
2
4
3
3
7
4
5
1
5
3
3
3
2
4
2
2
4
3
1
4
2
1
2
3
5
2
0
6
3
2
4
6
1
4
2
7
3
5
2
3
2
2
2
5
3
0
2
5
3
5
0
2
5
3
1
0
5
4
4
5
1
2
2
2
2
2
5
1
2
2
2
2
4
6
3
4
5
4
5
1
4
2
2
1
0
4
6
1
4
3
4
2
2
1
3
1
1
2
3
3
1
6
1
2
3
2
3
1
3
1
3
2
2
5
0
2
2
3
2
2
4
2
2
7
4
3
5
6
3
5
2
6
4
0
6
2
3
1
2
2
1
3
2
9
3
3
5
2
4
0
4
2
4
1
4
1
1
0
3
4
2
3
4
7
2
1
3
3
3
4
1
3
1
3
2
5
1
5
2
7
1
3
2
3
2
2
1
5
1
3
3
8
0
1
4
4
4
4
2
2
2
1
3
6
1
3
5
5
5
4
4
4
2
3
3
5
2
6
7
2
2
0
3
1
4
2
3
7
4
2
4
3
3
2
1
4
2
2
2
3
4
2
4
3
4
5
2
2
2
0
1
1
3
5
2
1
3
4
4
0
5
4
3
2
5
2
6
3
6
4
1
1
2
5
4
4
4
1
4
3
3
0
1
1
4
6
1
0
2
1
3
1
4
2
4
4
5
3
4
2
0
4
5
6
4
4
4
3
1
0
2
1
4
5
5
5
3
1
2
0
3
4
1
1
4
5
3
5
3
3
1
2
0
3
3
2
6
0
3
6
4
3
3
5
4
1
2
2
1
2
8
2
4
2
4
2
5
3
3
2
2
1
5
5
2
3
2
6
2
4
2
6
0
6
2
5
3
2
4
2
2
1
0
2
2
4
2
2
3
0
0
3
2
1
4
4
2
5
3
1
5
2
3
0
3
1
3
4
0
1
3
3
3
1
2
1
2
2
2
2
4
3
1
3
7
3
5
3
4
4
3
5
5
4
3
4
5
2
0
5
3
2
1
3
3
2
0
4
2
5
3
8
7
2
1
3
2
0
2
4
1
1
3
3
5
3
0
6
5
2
3
3
3
3
1
3
6
9
2
3
4
4
4
3
2
2
3
1
1
1
2
3
1
1
5
4
3
3
3
2
1
1
1
2
6
4
2
1
2
2
2
7
2
5
1
4
1
3
2
3
3
4
2
1
2
6
0
2
2
3
0
4
1
5
2
1
6
5
3
1
1
0
1
3
3
3
2
3
3
5
2
5
3
2
3
0
1
1
5
2
4
3
3
4
4
1
7
4
2
1
2
1
1
2
3
1
0
0
5
5
1
6
4
4
4
3
6
2
2
3
3
4
3
3
3
2
3
2
6
4
2
4
1
2
3
2
5
3
2
2
3
3
5
1
5
4
2
3
3
2
3
1
2
3
2
1
4
4
3
2
7
1
0
6
0
1
1
2
2
4
3
3
1
3
4
5
3
2
6
2
2
0
1
3
3
4
1
5
3
3
2
2
2
2
5
3
1
5
2
4
4
2
0
3
6
5
2
2
0
3
4
1
2
4
3
4
5
1
3
4
3
4
4
1
5
7
11
3
2
2
3
1
4
3
3
1
4
1
2
3
3
4
3
2
5
1
5
3
1
2
3
5
3
4
2
4
3
3
2
2
2
2
1
3
3
3
3
4
4
1
5
4
5
8
0
2
1
5
2
3
5
2
11
3
3
2
3
2
3
2
2
3
7
5
4
2
2
2
5
3
5
4
1
4
4
5
2
4
5
5
5
4
4
2
4
6
1
5
10
4
2
4
5
3
7
4
5
4
4
4
13
3
8
3
8
8
9
2
8
11
9
4
7
4
9
4
3
9
1
4
0
6
7
6
3
7
7
4
4
4
2
3
6
5
3
6
4
7
4
3
5
6
0
5
4
3
3
5
3
2
5
1
1
5
2
4
4
4
1
3
3
2
2
1
4
2
4
5
4
8
2
4
0
1
2
4
5
2
1
2
0
2
2
2
3
1
1
2
1
2
3
2
2
4
3
4
5
4
5
3
4
1
3
3
1
2
2
5
1
0
1
4
3
4
2
4
2
1
2
3
1
2
5
5
2
2
2
4
5
3
1
2
4
1
4
2
1
1
2
4
1
3
2
4
1
2
3
4
2
0
3
1
2
5
4
0
2
4
2
5
3
1
1
2
3
4
2
2
4
3
4
5
0
5
1
6
2
3
3
1
1
2
1
3
1
2
4
3
3
5
1
2
3
2
2
2
4
6
2
4
3
3
2
4
4
4
2
2
1
3
5
2
3
2
1
2
2
4
1
3
1
2
4
1
2
3
2
4
2
6
4
3
3
2
4
1
3
5
8
1
4
0
3
3
3
1
2
2
2
5
5
6
1
3
1
4
3
1
2
1
3
2
3
5
3
1
2
3
1
3
5
2
7
0
4
3
5
0
3
4
3
2
5
1
2
3
2
2
4
3
1
3
2
2
0
3
1
3
2
0
2
6
2
3
6
3
2
2
3
2
2
5
2
1
1
5
3
3
0
2
3
1
2
4
0
4
2
6
1
1
1
1
3
1
4
2
2
2
5
1
5
3
4
2
2
2
3
4
4
2
2
3
1
0
1
4
2
5
4
2
3
5
1
1
2
3
4
4
2
5
1
5
2
3
3
3
0
2
1
2
5
6
2
2
1
4
0
2
3
2
5
3
0
1
3
1
5
4
1
2
2
1
0
3
3
5
3
2
3
3
4
6
1
2
1
3
2
4
5
4
0
1
0
3
2
5
0
4
3
3
2
4
5
0
2
4
3
3
1
1
6
1
3
3
3
5
2
6
4
2
2
6
0
4
2
3
2
6
3
2
2
8
3
8
4
2
3
3
2
2
3
0
1
2
3
4
4
5
0
3
1
7
2
3
1
3
1
3
2
1
2
1
0
3
5
3
0
5
3
4
2
2
1
3
2
3
2
4
2
2
6
4
2
6
4
3
3
3
1
2
2
1
7
0
2
3
5
1
3
1
1
6
4
0
2
3
2
4
3
1
2
7
1
2
3
0
3
4
4
1
0
5
2
4
4
2
4
2
5
2
2
3
3
1
3
5
1
3
2
2
3
3
3
3
3
1
1
2
6
0
1
1
2
1
2
2
4
3
2
2
3
7
2
3
4
3
1
1
4
3
2
2
3
0
4
3
6
1
4
1
5
6
4
1
5
0
1
1
1
2
4
2
5
2
2
1
3
3
4
2
2
0
3
0
1
3
2
0
4
3
5
0
4
3
1
1
1
2
3
1
1
2
1
3
3
1
1
1
3
1
3
1
3
1
3
3
2
1
3
4
1
0
2
1
2
1
2
2
2
1
2
1
2
4
2
2
3
4
2
5
2
1
1
2
4
2
6
1
2
2
1
0
1
5
3
2
5
8
0
3
1
4
1
2
3
3
1
5
4
2
5
2
2
1
1
3
1
0
1
1
2
1
2
1
3
0
3
2
3
1
2
2
3
4
3
4
2
0
0
3
2
1
0
2
2
2
2
8
3
0
0
0
1
5
1
1
2
2
5
5
2
2
3
3
1
3
4
2
2
1
3
2
1
1
4
0
4
1
0
3
1
2
3
0
3
9
3
4
3
2
6
5
1
1
6
0
0
1
5
2
2
4
2
1
3
4
4
1
3
0
1
2
1
1
2
2
3
3
2
2
2
3
1
3
5
4
2
2
2
1
2
3
4
4
0
1
1
0
1
1
6
5
1
3
1
3
4
3
1
3
0
4
3
1
3
5
3
2
5
0
3
3
3
4
0
4
1
3
2
2
1
2
0
1
0
2
0
4
3
3
0
1
0
3
3
2
2
4
2
2
3
5
1
1
5
4
1
1
2
2
1
0
4
1
5
3
3
1
1
1
5
3
3
3
2
0
1
2
3
1
2
1
4
1
2
5
6
2
4
4
4
3
4
1
1
1
1
1
2
1
2
4
1
2
2
2
3
1
3
2
3
1
3
3
3
2
3
2
4
3
3
1
4
1
2
1
1
2
1
3
4
6
2
3
1
3
0
4
5
1
3
4
3
3
1
3
3
2
4
3
6
3
2
2
1
1
1
4
0
2
1
2
1
1
3
8
1
2
0
0
0
3
4
1
1
2
3
2
3
5
0
3
1
4
2
3
2
3
4
3
2
4
1
3
2
6
4
1
1
1
8
2
1
2
7
3
4
3
1
1
5
2
3
3
4
5
4
2
2
6
3
1
0
7
0
2
1
5
4
2
4
2
2
0
4
0
4
4
1
2
1
4
3
5
1
1
1
3
3
4
4
8
3
1
1
1
2
0
2
1
3
2
3
2
5
2
6
5
3
4
4
3
2
3
2
1
1
1
6
2
1
0
4
5
6
3
1
4
2
1
5
3
2
1
4
2
5
2
3
0
4
2
1
2
3
2
3
2
2
1
5
0
4
3
4
3
3
1
2
5
5
1
4
0
0
3
5
1
0
4
3
2
2
0
6
3
3
2
3
4
2
1
0
5
5
4
3
1
4
3
4
4
2
2
2
7
1
5
2
2
8
3
6
3
2
2
5
1
2
5
1
5
6
5
2
5
2
4
4
2
5
2
2
7
3
1
2
2
3
5
6
4
1
3
1
1
5
2
0
2
3
4
3
2
2
1
2
4
5
5
2
1
5
2
3
1
4
2
3
4
3
3
1
1
4
5
4
3
2
4
5
2
0
3
1
5
0
2
1
3
4
2
3
1
6
5
4
3
2
2
2
1
3
2
2
2
2
5
2
1
1
4
3
2
3
3
2
2
1
4
1
1
5
4
2
3
3
2
2
4
2
3
2
2
3
0
2
1
3
3
2
2
1
1
3
1
1
2
2
1
1
3
0
4
1
1
0
4
2
1
4
1
3
2
1
1
2
2
4
3
3
1
4
2
2
2
0
1
2
2
5
3
1
5
4
5
2
3
2
0
2
2
3
1
1
2
1
0
3
1
1
2
0
1
1
1
0
1
0
3
1
3
1
3
1
0
1
0
1
1
5
5
0
4
1
3
4
0
0
1
2
1
1
2
2
0
4
4
4
2
1
2
2
5
0
5
1
3
1
3
3
1
2
0
2
1
1
5
5
0
3
3
0
2
2
2
2
2
1
3
1
2
0
0
2
0
3
2
2
4
0
3
1
4
3
1
1
0
2
4
3
1
5
0
2
1
1
2
2
2
2
3
1
1
1
1
0
1
3
2
3
0
5
3
2
1
1
2
2
0
3
2
1
2
0
1
1
1
2
3
0
2
2
3
4
3
1
1
3
3
3
1
4
0
2
1
0
3
3
4
1
6
1
1
1
3
0
1
0
2
2
1
1
1
3
2
0
3
2
1
0
2
5
1
2
2
3
6
2
2
4
2
0
1
2
2
3
3
0
2
2
3
1
3
1
2
3
2
1
1
0
1
2
0
1
1
0
1
1
4
0
3
3
5
0
3
0
1
2
1
1
0
3
1
3
2
2
1
2
3
0
2
1
0
1
5
2
4
2
3
1
3
2
1
3
2
1
0
4
4
2
3
0
2
0
3
2
0
4
0
2
0
0
2
0
2
1
0
1
2
1
2
1
2
1
0
1
2
1
2
2
2
1
3
1
2
2
0
2
2
1
3
2
1
2
2
1
2
4
3
1
1
1
2
2
1
2
2
2
2
3
4
0
1
2
1
0
1
3
1
3
0
1
1
2
2
1
1
2
0
0
1
3
1
2
3
0
3
1
2
2
2
1
1
0
3
0
2
1
2
2
2
4
1
4
2
1
4
0
0
3
1
0
0
4
1
1
0
1
3
0
2
4
1
1
0
2
1
0
1
3
0
1
0
0
2
1
2
1
2
1
1
3
2
3
1
3
1
2
2
3
3
0
4
1
2
2
1
1
2
3
3
1
2
1
1
0
0
2
1
0
0
2
1
0
3
1
2
1
1
1
2
1
2
2
3
3
0
0
1
0
1
0
0
2
1
1
5
1
1
5
1
1
0
1
4
3
1
0
0
1
2
1
1
0
1
0
2
0
1
2
1
1
1
3
3
0
1
2
2
4
0
1
2
0
3
2
2
1
0
0
0
2
2
1
2
2
0
0
5
1
0
0
1
0
2
4
2
0
1
0
1
2
3
1
3
2
1
2
2
2
0
1
2
0
1
2
1
1
1
2
1
3
1
1
0
3
3
1
3
1
1
1
2
1
1
1
1
1
3
1
1
1
2
0
1
3
0
0
1
0
1
2
0
4
0
0
3
0
2
0
0
4
0
1
1
2
1
4
3
0
1
1
1
2
1
2
0
0
0
1
2
2
2
0
1
1
1
3
1
3
1
0
2
2
0
1
0
3
1
0
0
0
1
2
4
0
4
0
1
2
0
2
2
0
2
2
0
2
0
2
0
0
1
0
1
1
0
1
0
0
2
3
1
3
1
0
2
2
2
0
0
1
0
2
3
1
2
0
1
1
1
3
0
2
1
2
1
0
1
2
1
2
1
0
0
1
0
0
0
0
0
2
1
1
0
3
2
1
2
2
0
0
0
1
0
2
4
1
1
2
3
2
3
0
2
1
2
0
0
0
0
2
2
2
0
0
0
1
0
1
1
1
0
1
0
1
1
1
2
0
0
0
2
1
3
2
1
0
2
0
0
2
2
2
0
1
1
2
1
2
1
0
1
2
5
0
2
2
1
1
0
0
1
3
2
0
1
1
2
1
0
0
0
0
3
1
1
2
0
0
2
0
4
0
1
3
2
0
1
3
2
0
1
1
2
1
0
0
2
0
0
0
0
3
0
2
0
2
1
0
0
3
2
4
2
3
2
3
2
1
0
1
0
1
1
4
0
0
3
1
3
1
0
0
1
1
6
2
2
1
0
0
2
1
0
2
3
1
0
0
0
0
1
1
1
2
3
0
2
1
3
2
1
1
1
1
0
0
1
0
2
3
2
1
0
2
0
2
1
2
0
1
0
2
2
1
2
0
1
0
2
1
0
2
2
1
1
2
4
0
0
1
1
1
1
2
1
2
1
1
2
1
1
2
0
1
1
2
2
2
0
0
1
2
3
2
1
0
1
1
0
0
2
1
0
3
3
2
3
0
1
0
0
3
0
0
0
2
0
1
0
0
1
0
0
2
0
2
2
0
0
0
1
3
2
0
2
0
1
1
0
3
1
1
1
0
0
0
0
2
0
1
0
1
1
0
0
1
1
1
0
2
0
2
1
1
2
2
4
2
3
1
0
2
0
1
0
2
1
1
1
1
1
1
1
1
0
2
0
2
3
1
0
0
1
1
2
1
0
5
0
0
0
0
0
2
2
1
0
0
0
2
1
1
1
1
0
2
2
0
1
0
1
0
1
1
1
2
1
3
2
3
0
0
3
1
0
1
1
2
1
2
0
0
2
1
1
3
2
0
2
2
0
0
0
2
2
0
0
1
1
1
0
1
0
1
0
1
1
1
3
0
4
0
1
1
1
1
1
1
0
1
2
1
1
0
1
0
1
1
1
0
1
3
4
1
2
1
1
1
4
1
0
0
2
5
1
0
1
1
1
0
3
2
1
2
0
0
1
2
2
2
0
1
3
1
2
0
0
0
1
2
3
0
0
0
1
1
1
2
1
0
0
0
2
0
1
0
0
1
1
0
1
1
0
1
0
1
0
0
3
2
0
0
3
1
1
2
0
1
1
0
0
1
2
0
0
0
2
1
2
3
0
1
0
0
1
2
0
2
3
0
0
1
0
0
1
3
3
0
3
0
0
1
2
0
0
1
1
1
1
1
1
2
1
1
6
1
1
0
0
1
2
1
3
1
0
1
1
3
1
2
3
1
1
1
3
1
0
0
0
1
0
0
3
2
0
2
1
2
0
2
2
1
5
3
2
2
1
1
1
1
1
1
1
0
0
3
4
2
2
0
0
0
2
2
2
1
0
0
3
0
2
3
0
0
1
2
1
2
0
1
1
0
1
1
1
0
1
2
3
0
0
2
0
0
2
1
1
1
1
0
3
2
2
0
2
0
0
0
1
0
1
0
1
0
1
1
3
1
0
1
3
1
1
1
1
1
0
1
0
0
0
1
0
2
1
0
3
0
1
1
0
2
1
0
0
3
0
1
0
2
1
0
2
1
0
0
1
0
1
1
0
1
2
0
1
2
1
0
0
0
2
0
2
1
0
0
0
1
1
0
0
1
1
1
0
1
1
0
2
1
0
1
0
2
1
1
1
1
3
1
2
2
2
0
2
1
0
1
1
2
1
0
0
0
1
1
1
1
0
1
0
1
1
1
1
0
0
0
1
0
0
1
1
1
0
0
1
1
1
0
1
0
1
0
0
3
1
0
2
1
3
0
1
0
1
2
0
2
1
0
0
0
2
1
1
0
1
0
1
1
0
0
2
0
1
0
2
2
0
1
0
2
2
2
0
0
0
0
2
0
1
0
1
2
2
1
0
0
0
1
1
0
1
1
0
1
3
2
2
0
0
0
0
0
1
1
3
0
0
1
1
1
2
0
1
1
0
1
2
0
3
1
1
0
1
1
1
0
0
0
2
1
2
1
0
2
0
0
0
2
0
1
1
1
1
1
1
0
0
0
2
0
1
3
0
1
1
2
0
0
0
1
2
1
1
2
2
1
0
0
1
2
2
0
0
0
0
0
1
1
0
2
1
0
0
1
0
2
2
0
0
0
2
1
2
1
1
0
1
0
0
1
1
1
2
1
1
3
0
0
0
1
0
0
0
0
0
0
1
2
2
1
1
2
0
2
0
1
0
1
0
1
0
1
1
0
1
0
2
0
0
0
1
0
1
1
1
2
0
0
0
0
1
0
0
1
0
2
0
1
1
1
0
0
1
1
0
0
0
2
1
2
1
2
1
0
2
0
2
0
0
0
1
0
1
0
0
0
0
0
2
0
1
0
0
1
0
2
1
0
1
0
1
0
0
1
2
0
1
0
2
0
1
1
0
0
0
0
0
1
1
1
1
2
0
0
0
2
1
0
2
1
1
1
0
1
2
0
0
1
0
0
2
0
3
0
1
1
0
1
0
0
0
4
1
0
0
1
0
0
0
1
1
1
1
2
1
0
2
0
0
0
0
0
0
2
1
0
1
3
2
0
1
0
1
2
0
1
2
0
1
0
0
1
1
1
0
0
0
1
2
0
0
0
0
0
0
1
1
0
1
1
1
0
0
0
0
2
1
0
0
0
2
1
3
0
2
1
1
1
1
1
1
1
1
0
0
0
4
0
1
0
1
2
4
1
1
1
2
0
0
0
0
2
2
0
2
0
0
0
2
2
0
1
1
1
1
1
0
1
0
1
0
1
1
0
1
0
0
0
0
1
1
0
3
0
1
0
2
1
0
1
1
0
0
1
1
1
1
0
1
1
1
0
0
2
0
3
0
0
0
0
0
0
1
1
1
0
1
0
0
1
2
0
0
1
0
2
0
0
1
0
1
0
1
2
0
1
1
1
1
2
0
1
1
1
1
0
1
0
0
2
0
1
2
1
0
2
3
1
0
1
1
1
2
2
1
2
1
1
1
1
2
0
0
0
1
0
0
2
1
1
0
0
0
1
1
1
0
1
0
2
0
0
4
0
2
2
1
1
4
1
0
0
1
3
1
1
0
2
3
0
2
2
2
2
0
2
3
5
3
4
2
7
1
3
5
2
3
5
3
1
1
6
3
5
4
2
4
5
9
4
7
6
2
4
6
5
6
9
4
6
9
6
7
9
3
9
8
5
10
11
6
17
10
4
8
12
15
11
7
7
9
9
11
16
6
14
10
11
12
20
15
12
10
13
15
12
10
14
13
8
6
13
11
10
5
12
8
9
9
9
10
6
10
10
8
6
5
2
5
8
7
6
10
9
3
2
5
9
7
8
4
0
4
3
5
6
1
4
3
6
6
7
1
3
0
7
6
6
2
3
2
0
4
2
5
3
4
4
4
0
2
5
0
3
4
2
1
2
1
0
0
1
4
0
1
3
4
2
0
0
1
0
1
1
0
2
0
0
1
0
0
2
0
3
0
0
1
0
1
2
2
0
0
0
1
1
0
1
0
0
1
1
1
1
2
0
1
0
0
1
1
0
0
2
0
0
3
3
0
1
2
0
0
0
0
1
3
0
0
1
0
1
0
0
0
1
0
1
1
0
0
0
0
0
0
1
1
0
0
1
0
0
0
1
0
0
0
0
0
0
0
0
2
0
0
0
2
0
1
1
1
0
0
1
1
2
0
1
1
0
1
1
0
0
1
0
0
0
0
1
1
3
0
0
0
0
0
1
1
0
0
0
0
0
1
0
0
0
0
0
2
0
0
1
1
0
1
1
0
0
1
2
1
0
0
0
0
0
1
0
0
0
1
1
0
0
0
0
1
0
1
1
1
0
2
0
2
1
1
1
1
3
0
1
1
0
1
0
1
0
0
1
2
0
2
0
1
0
0
1
1
0
0
0
0
0
1
0
0
1
1
0
1
0
0
0
0
0
0
0
3
1
1
1
0
1
1
1
0
0
1
0
0
0
0
0
0
0
0
1
0
1
0
1
0
0
0
0
0
0
0
0
1
0
2
0
0
1
0
1
2
0
0
0
1
0
1
0
1
0
0
0
2
0
1
0
1
0
1
0
0
0
1
1
0
1
1
3
1
2
1
0
1
1
0
0
1
1
2
0
0
1
3
0
1
0
1
0
1
0
0
1
0
0
0
0
0
0
0
0
0
0
1
0
2
0
0
0
0
0
0
1
1
1
1
1
1
0
1
1
1
1
0
0
2
1
0
0
0
1
0
1
0
2
0
1
0
0
0
1
1
0
2
0
0
0
1
0
1
0
1
0
1
1
0
0
0
1
0
0
0
0
0
2
1
1
0
1
1
0
0
1
0
0
1
0
0
1
1
1
2
1
0
0
2
2
0
0
0
2
0
0
1
0
1
1
1
0
0
1
0
0
0
1
1
0
2
2
0
0
1
2
5
0
0
1
1
1
0
0
2
2
0
2
0
1
1
0
1
2
2
0
0
1
0
0
1
0
0
1
1
3
0
1
0
0
1
1
0
3
2
0
0
2
1
1
1
0
0
1
1
0
0
0
0
1
0
1
0
1
0
0
0
0
0
0
0
1
0
0
0
1
0
1
1
0
1
0
0
0
1
1
1
1
0
0
1
1
1
1
1
0
0
0
0
0
0
1
1
0
0
0
0
0
1
0
0
1
0
1
1
0
2
0
1
1
1
2
0
0
1
0
0
0
1
0
0
0
2
0
1
0
0
0
1
0
0
0
1
0
0
1
0
0
0
0
0
0
0
0
1
0
0
0
0
0
0
0
0
1
0
0
0
0
0
0
0
0
0
0
2
0
0
0
0
0
2
0
2
1
2
1
2
0
0
1
1
0
0
0
1
0
0
0
0
1
1
0
0
1
0
0
0
2
0
0
0
0
1
0
1
1
1
0
0
0
0
0
1
1
0
1
0
0
0
0
0
1
0
1
0
0
1
0
0
0
0
1
0
0
0
0
0
0
0
0
0
1
1
0
0
0
5
1
1
1
1
1
1
1
1
1
0
0
1
1
0
0
0
0
0
0
1
0
0
0
0
3
1
0
0
0
0
0
0
0
0
0
0
0
0
0
0
0
2
0
0
0
0
1
0
1
0
1
0
0
0
0
0
0
0
1
1
2
1
0
0
0
0
3
0
0
0
1
0
1
1
0
1
1
0
0
1
0
0
0
2
1
1
0
0
0
2
0
0
0
0
0
0
1
0
1
0
0
1
0
0
0
0
0
0
0
1
1
0
0
1
0
0
0
0
1
0
0
0
0
0
0
0
0
3
1
1
1
0
0
1
0
0
1
0
0
2
0
0
2
1
0
0
1
1
1
1
0
0
0
0
0
0
1
0
1
0
1
0
0
0
0
1
0
1
2
0
0
0
0
1
1
0
0
1
0
0
1
0
0
0
1
0
1
1
0
1
0
0
1
0
1
0
0
0
0
0
0
0
0
0
0
0
0
0
0
0
0
0
0
0
0
0
0
0
0
0
0
0
0
0
0
0
0
0
0
0
0
0
0
0
0
0
0
0
0
0
0
0
0
0
0
0
0
0
0
0
0
0
0
0
0
0
0
0
0
0
0
0
0
0
0
0
0
0
0
0
0
0
0
0
0
0
0
0
0
0
0
0
0
0
0
0
0
0
0
0
0
0
0
0
0
0
0
0
0
0
0
0
0
0
0
0
0
0
0
0
0
0
0
0
0
0
0
0
0
0
0
0
0
0
0
0
0
0
0
0
0
0
0
0
0
0
0
0
0
0
0
0
0
0
0
0
0
0
0
0
0
0
0
0
0
0
0
0
0
0
0
0
0
0
0
0
0
0
0
0
0
0
0
0
0
0
0
0
0
0
0
0
0
0
0
0
0
0
0
0
0
0
0
0
0
0
0
0
0
0
0
0
0
0
0
0
0
0
0
0
0
0
0
0
0
0
0
0
0
0
0
0
0
0
0
0
0
0
0
0
0
0
0
0
0
0
0
0
0
0
0
0
0
0
0
0
0
0
0
0
0
