0
0
0
0
0
0
0
0
0
0
0
0
0
0
0
0
0
0
0
0
0
0
0
0
0
0
0
0
0
0
0
0
0
0
0
0
0
0
0
0
0
0
0
0
0
0
0
0
0
0
0
0
0
0
0
0
0
0
0
0
0
0
0
0
0
0
0
0
0
0
0
0
0
0
0
0
0
0
0
0
0
0
0
0
0
0
0
0
0
0
0
0
0
0
0
0
0
0
0
0
0
0
0
0
0
0
0
0
0
0
0
0
16
597
4679
9184
9093
8559
7976
7543
7516
7414
7529
7604
7677
7941
8052
8058
8198
8548
8443
8571
8446
8420
8436
8493
8410
8438
8436
8394
8484
8412
8280
8517
8376
8236
8266
8368
8205
8279
8179
8007
8048
8253
7943
7980
7878
7904
7861
7977
7872
7797
7638
7869
7768
7750
7836
7832
7589
7787
7736
7659
7826
7710
7706
7641
7573
7597
7631
7581
7431
7558
7499
7364
7517
7268
7353
7381
7266
7326
7337
7442
7202
7350
7478
7401
7032
7234
7286
7306
7290
7165
7062
7055
7190
7119
7063
7162
6934
7148
7031
7028
7087
7033
7167
7068
6888
7151
6944
6987
6824
7136
7030
7022
6990
6933
6912
6896
6885
6835
6702
6892
6812
6764
6768
6837
6750
6724
6750
6779
6707
6750
6614
6667
6832
6753
6798
6666
6526
6561
6632
6737
6675
6684
6671
6842
6625
6664
6691
6575
6656
6378
6559
6768
6635
6587
6475
6560
6455
6409
6607
6385
6572
6479
6338
6402
6455
6468
6406
6549
6487
6393
6415
6331
6540
6472
6391
6422
6280
6384
6322
6304
6385
6418
6391
6360
6302
6382
6347
6369
6494
6348
6337
6307
6265
6145
6306
6318
6289
6309
6330
6307
6268
6222
6282
6287
6271
6354
6269
6256
6302
6231
6126
6118
6182
6270
6113
6214
6116
6179
6243
6136
6100
6093
6189
6156
6063
6150
6068
6149
6008
6101
6138
6213
6007
6049
6113
6113
5963
6142
6080
6005
6139
6094
6069
6177
6139
6132
6036
5987
6163
6065
6039
6032
5860
6097
6082
5984
6084
5906
5998
5978
6059
5984
5883
5954
5943
5958
6060
5835
5883
5809
5970
5831
5791
6032
5975
5990
5989
5855
5911
6020
5847
5921
5934
5777
5950
5883
5844
5884
5886
5991
5908
6035
5885
5872
5913
5907
5964
5729
5811
5836
5734
5880
5993
5947
5790
5868
5714
5767
5920
5820
5689
5867
5814
5716
5735
5985
5850
5873
5804
5845
5792
5597
5824
5692
5794
5638
5926
5894
5666
5915
5815
5706
5712
5676
5826
5725
5708
5856
5601
5785
5855
5766
5750
5756
5632
5652
5675
5583
5624
5822
5598
5729
5752
5605
5725
5782
5509
5591
5693
5771
5440
5755
5605
5616
5569
5647
5612
5601
5618
5713
5603
5810
5626
5774
5645
5699
5651
5677
5584
5665
5588
5620
5647
5621
5684
5594
5546
5689
5597
5587
5592
5584
5656
5405
5572
5478
5634
5603
5661
5511
5460
5613
5674
5571
5640
5672
5431
5474
5563
5512
5516
5563
5623
5550
5410
5558
5457
5627
5604
5460
5593
5599
5504
5453
5474
5517
5561
5465
5442
5466
5562
5606
5455
5647
5588
5581
5319
5548
5407
5377
5443
5492
5505
5514
5376
5419
5544
5542
5575
5467
5466
5470
5469
5416
5608
5423
5507
5523
5475
5454
5410
5463
5429
5509
5518
5392
5335
5449
5340
5413
5392
5409
5418
5363
5318
5408
5527
5387
5296
5435
5500
5395
5417
5502
5291
5360
5426
5448
5388
5413
5494
5253
5503
5436
5429
5390
5546
5407
5344
5348
5331
5314
5429
5408
5643
5383
5324
5335
5303
5296
5342
5308
5297
5239
5370
5264
5422
5397
5418
5270
5363
5342
5369
5360
5395
5327
5211
5371
5378
5359
5377
5498
5256
5150
5308
5239
5432
5386
5338
5367
5322
5343
5506
5426
5279
5258
5380
5387
5428
5363
5407
5377
5363
5331
5360
5336
5470
5358
5230
5459
5473
5473
5437
5255
5504
5236
5298
5359
5361
5353
5347
5465
5360
5273
5331
5489
5340
5398
5431
5460
5203
5444
5470
5435
5365
5410
5265
5420
5395
5349
5412
5321
5483
5330
5434
5442
5370
5386
5457
5401
5369
5373
5347
5455
5414
5411
5411
5417
5421
5519
5418
5265
5317
5396
5325
5541
5495
5493
5366
5399
5341
5324
5451
5372
5514
5411
5462
5452
5398
5425
5450
5339
5389
5434
5269
5401
5465
5269
5430
5328
5319
5430
5308
5420
5269
5431
5523
5399
5515
5393
5495
5445
5455
5405
5359
5325
5401
5400
5317
5391
5215
5462
5306
5382
5367
5334
5424
5316
5484
5511
5274
5459
5493
5447
5438
5387
5408
5449
5568
5425
5432
5514
5529
5480
5628
5458
5469
5603
5454
5417
5598
5551
5427
5467
5505
5533
5449
5457
5491
5440
5440
5511
5465
5498
5504
5525
5483
5516
5505
5458
5453
5428
5419
5556
5457
5534
5508
5408
5522
5525
5488
5495
5558
5701
5482
5676
5491
5528
5671
5444
5615
5569
5612
5749
5771
5801
5991
6034
6018
6101
6058
6046
5953
5830
5873
5738
5820
5711
5742
5594
5615
5647
5527
5628
5618
5427
5644
5494
5411
5314
5422
5325
5498
5427
5392
5456
5314
5316
5270
5279
5290
5317
5224
5423
5274
5451
5226
5170
5355
5501
5109
5134
5161
5155
5299
5148
5166
5143
5422
5264
5299
5239
5321
5325
5358
5293
5143
5202
5332
5378
5183
5316
5384
5195
5345
5324
5263
5288
5369
5255
5323
5303
5444
5130
5194
5352
5367
5389
5309
5151
5279
5407
5459
5156
5231
5493
5226
5349
5279
5423
5395
5399
5298
5357
5380
5434
5364
5410
5425
5328
5412
5462
5559
5524
5398
5470
5301
5541
5399
5429
5515
5553
5484
5492
5382
5529
5461
5507
5540
5638
5308
5493
5490
5527
5583
5455
5591
5439
5537
5624
5562
5528
5545
5729
5528
5507
5553
5555
5597
5566
5496
5674
5701
5563
5702
5615
5546
5536
5540
5560
5734
5629
5682
5735
5705
5705
5678
5716
5690
5788
5729
5786
5651
5563
5692
5850
5589
5759
5802
5698
5780
5875
5878
5859
5725
5821
5828
5715
5866
5808
5898
5738
5799
5935
5896
5974
5804
5995
5953
5838
5894
5817
5967
5731
6047
5897
5949
5926
5910
6023
6050
5912
5885
6038
6109
6017
5869
5997
5981
6019
5957
5935
6050
6100
6044
5939
6085
6161
6092
5921
6103
6185
5992
6072
6170
6154
6059
5976
6275
6028
6076
6184
6303
6105
6089
6213
6197
6084
6164
6254
6263
6279
6210
6282
6184
6143
6272
6184
6358
6169
6353
6267
6268
6278
6326
6357
6292
6301
6201
6302
6422
6350
6511
6357
6367
6289
6382
6345
6261
6391
6478
6338
6301
6381
6313
6437
6376
6456
6312
6439
6496
6422
6481
6319
6335
6316
6497
6553
6443
6454
6391
6510
6651
6568
6554
6495
6459
6606
6546
6472
6457
6447
6569
6471
6576
6591
6474
6657
6628
6625
6536
6563
6446
6641
6715
6689
6637
6773
6647
6637
6783
6474
6602
6678
6558
6589
6549
6751
6609
6710
6595
6619
6643
6557
6666
6493
6664
6710
6657
6737
6716
6607
6648
6911
6731
6897
6781
6579
6605
6693
6661
6739
6671
6643
6700
6754
6636
6861
6857
6787
6856
6793
6689
6818
6805
6721
6937
6732
6910
6838
6788
6751
6896
6933
6911
6715
6777
6912
6868
6777
7001
6863
6893
6873
6945
6911
6768
6878
7020
6969
6863
6876
6920
7030
6913
6960
6819
6940
6921
7023
6976
6879
7028
6946
6924
7067
7099
6951
6979
7142
6879
6985
7008
6980
6885
7056
6902
6964
7039
7110
6981
7161
6986
7098
6987
7029
7103
7206
7092
7094
7128
7006
7229
7083
7172
7102
7006
7125
7170
7226
7008
7197
7027
7121
7087
7186
7066
7089
7165
7260
7310
7366
7148
7184
7099
7189
7239
7311
7243
7280
7205
7330
7133
7224
7257
7157
7167
7307
7307
7184
7360
7157
7099
7177
7236
7377
7301
7259
7090
7341
7304
7304
7348
7334
7263
7320
7423
7388
7264
7500
7310
7398
7513
7291
7390
7509
7323
7500
7437
7406
7504
7374
7375
7475
7555
7448
7187
7484
7419
7481
7544
7501
7445
7577
7500
7465
7457
7609
7440
7436
7679
7485
7510
7524
7406
7401
7399
7455
7469
7467
7766
7750
7411
7494
7615
7547
7664
7391
7627
7562
7659
7799
7574
7362
7706
7645
7750
7722
7642
7658
7630
7833
7622
7673
7754
7643
7820
7749
7715
7716
7877
7870
7830
7782
7664
7855
7802
7852
7742
7843
7880
7962
7886
7700
7881
7836
7933
7870
7753
8072
7814
7867
8079
7769
7973
7925
7905
7932
7909
7916
8025
7763
8101
7928
7834
7972
8032
8040
8047
8072
7989
7830
7998
8225
8180
8005
8135
8051
8231
8037
7983
8072
8133
8068
8050
8044
8208
8202
8038
8137
8177
8171
8129
8136
8281
8286
8211
8183
8173
8131
8022
8176
7969
8139
8165
8144
8253
8187
8284
8224
8387
8159
8191
8218
8324
8257
8228
8449
8175
8378
8311
8375
8459
8380
8376
8448
8509
8262
8342
8251
8354
8573
8342
8399
8399
8519
8410
8471
8487
8464
8430
8672
8441
8256
8553
8546
8430
8447
8506
8501
8542
8423
8449
8608
8695
8440
8615
8494
8544
8517
8659
8555
8699
8780
8890
8710
8768
8824
8738
8736
8892
8555
8606
8800
8995
8712
8825
8760
8844
8842
8922
8943
8855
8908
8843
8840
8994
8769
8916
8955
8931
8977
8863
9006
8780
8918
8979
8829
9053
8963
9030
9073
8957
9102
9007
9041
9100
9019
9049
9134
9044
9058
8970
9076
9126
9019
9184
9193
8853
9010
9035
8999
9031
9076
9184
9041
9126
9203
9007
8951
9079
9138
9252
9120
9088
9296
9305
9011
9055
9073
8997
9181
9387
8975
9345
9187
9179
9140
9160
9313
9164
9103
9252
9173
9180
9215
9293
9219
9398
9165
9173
9248
9186
9105
9281
9236
9246
9250
9194
9188
9138
9150
9316
9195
9264
9245
9147
9250
8999
9080
9317
9083
9264
9021
9150
9055
9215
9122
9352
9339
9340
9384
9317
9448
9648
9563
9712
9765
9642
9539
9605
9333
9376
9517
9409
9380
9210
9211
9247
9304
9165
9070
9107
9185
9012
9191
8878
8920
8882
8933
8934
8964
8824
8831
8798
8690
8856
8719
8674
8564
8694
8656
8659
8467
8684
8723
8582
8704
8606
8502
8540
8604
8612
8532
8497
8592
8548
8656
8481
8381
8405
8372
8457
8447
8369
8559
8606
8565
8446
8274
8344
8447
8221
8375
8406
8416
8438
8621
8360
8346
8316
8370
8446
8533
8286
8443
8335
8443
8261
8343
8445
8477
8172
8274
8325
8161
8449
8281
8317
8235
8296
8162
8342
8188
8201
8419
8296
8194
8245
8225
8147
8185
8166
8138
8315
8204
8177
8153
8222
8114
8119
8119
8270
8237
8112
8248
8235
8086
8147
7996
8214
8159
8059
7999
8188
8065
8281
8132
8240
7866
8038
8079
8112
8127
8015
7978
8014
7964
7977
8049
7895
8064
7948
8030
7909
7894
8034
8015
8100
8118
7980
7904
7986
7762
7955
8056
8079
7985
7968
7919
7824
7919
8032
7960
7891
7720
8051
7682
7943
7897
7850
7998
7894
7983
7853
7892
7821
7914
7922
7921
7832
7832
7856
7899
7924
7755
7985
7967
7746
7978
7779
7881
7821
7642
7840
7895
7878
7663
7750
7706
7782
7922
7859
7727
7821
7910
7649
7696
7691
7554
7708
7733
7804
7979
7807
7630
7612
7867
7540
7546
7710
7754
7649
7726
7507
7827
7802
7693
7599
7725
7622
7628
7660
7642
7648
7833
7680
7568
7633
7714
7619
7645
7533
7756
7666
7824
7629
7566
7689
7472
7709
7440
7688
7404
7618
7581
7488
7351
7666
7630
7678
7581
7537
7433
7672
7670
7420
7605
7497
7493
7528
7482
7549
7422
7524
7540
7456
7438
7592
7381
7490
7623
7297
7538
7380
7476
7276
7432
7315
7454
7514
7523
7510
7309
7429
7407
7404
7196
7485
7358
7437
7516
7419
7226
7383
7380
7342
7343
7424
7416
7383
7293
7455
7428
7288
7274
7333
7355
7344
7343
7345
7440
7331
7338
7153
7249
7335
7424
7211
7337
7222
7170
7225
7224
7490
7232
7197
7343
7271
7236
7168
7371
7118
7362
7208
7115
7235
7257
7264
7316
7095
7368
7221
7134
7160
7062
7270
7281
7199
7172
7228
7067
7283
7156
7192
7146
7298
7238
7064
7217
7196
7300
7041
7220
7004
7107
7232
7002
7134
6958
7181
7056
7256
7172
7045
7081
7104
7110
7103
7099
7014
7237
7077
6985
6908
6810
7037
7097
7070
6928
6869
6864
6932
6952
6983
7023
7028
6824
6944
6821
6895
6969
6912
6854
7070
6827
6781
6855
7026
6947
6849
6789
6793
6822
6995
6897
6761
6883
6799
6760
6720
6754
6722
6652
6791
6625
6785
6662
6609
6641
6700
6703
6814
6560
6687
6677
6626
6560
6584
6599
6506
6574
6510
6550
6463
6512
6445
6513
6522
6503
6388
6589
6360
6458
6395
6324
6291
6292
6391
6367
6349
6286
6374
6151
6139
6302
6200
6237
6090
6200
6069
6161
6177
5989
6062
6130
6071
6142
6082
6112
5920
6025
5932
6030
5889
5972
5955
5884
6003
5899
5935
5805
5826
5845
5714
5809
5869
5808
5889
5845
5813
5773
5850
5755
5748
5790
5744
5712
5777
5596
5780
5688
5632
5664
5650
5571
5542
5782
5527
5558
5591
5571
5539
5415
5709
5546
5577
5496
5635
5444
5564
5422
5475
5435
5516
5498
5445
5526
5443
5489
5535
5346
5424
5428
5347
5458
5408
5212
5335
5407
5374
5486
5492
5418
5379
5265
5335
5382
5305
5275
5209
5284
5263
5370
5316
5241
5215
5328
5328
5218
5494
5287
5375
5402
5191
5158
5251
5374
5264
5435
5364
5375
5358
5473
5294
5176
5268
5202
5098
5376
5231
5361
5309
5313
5455
5257
5373
5210
5216
5237
5298
5235
5409
5311
5334
5310
5334
5308
5401
5283
5251
5238
5317
5376
5277
5287
5184
5379
5275
5212
5232
5239
5296
5285
5227
5257
5281
5220
5192
5415
5396
5265
5480
5523
5701
5499
5578
5471
5583
5538
5681
5446
5585
5466
5451
5311
5253
5370
5321
5192
5371
5153
5121
5079
4967
5040
5118
4971
5064
4915
5056
5109
4889
5011
4978
4861
4864
4856
4913
4868
4854
4775
4826
4764
4737
4890
4767
4774
4611
4852
4641
4841
4700
4671
4666
4751
4809
4790
4657
4810
4698
4817
4729
4674
4690
4609
4721
4676
4683
4595
4604
4556
4660
4603
4661
4624
4588
4675
4681
4570
4583
4594
4485
4511
4537
4642
4505
4673
4545
4488
4515
4725
4511
4659
4547
4622
4590
4513
4632
4591
4501
4522
4503
4444
4585
4434
4504
4492
4595
4467
4561
4434
4589
4617
4506
4460
4444
4307
4539
4424
4402
4425
4423
4500
4318
4494
4395
4479
4511
4325
4298
4386
4358
4388
4430
4295
4386
4299
4338
4327
4441
4464
4356
4363
4444
4363
4448
4385
4316
4377
4295
4256
4297
4295
4390
4371
4385
4388
4314
4282
4215
4301
4421
4245
4385
4335
4356
4340
4397
4252
4320
4256
4237
4251
4300
4276
4325
4294
4236
4229
4363
4262
4140
4151
4192
4209
4324
4309
4267
4262
4292
4194
4242
4212
4311
4269
4211
4126
4173
4261
4169
4187
4238
4233
4157
4124
4098
4174
4165
4167
4123
4190
4144
4141
4107
4128
4167
4152
4071
4035
4129
4119
4180
4182
4110
4015
4134
4170
4175
4094
4103
4068
4252
4163
4166
4098
4181
4122
4063
4044
4062
4086
4041
4035
4165
4123
4183
4027
4058
3996
4047
4116
3986
3994
4034
4112
4034
3978
3907
4126
4010
4088
3954
3998
3968
4015
4040
4095
4047
4051
3993
4015
3927
4047
4060
4079
3936
4059
4068
3892
3929
3921
3871
4023
4056
3950
3888
3943
3950
4047
3936
4006
4045
3890
3951
4044
3972
3928
3862
3927
3820
3874
4002
4037
3883
3916
3959
4028
3894
3915
3900
3995
3961
4024
4035
3985
3989
3897
3924
4037
3944
3940
3948
3955
3922
3941
3979
3915
3910
3879
3943
3932
3992
3713
3812
3882
3880
3736
3902
3897
3846
3893
3814
3912
3788
3895
3808
3862
3914
3735
3843
3781
3891
3765
3896
3946
3789
3911
3873
3741
3855
3832
3783
3834
3854
3693
3918
3709
3886
3972
3713
3841
3804
3672
3817
3704
3884
3766
3823
3785
3861
3900
3753
3872
3831
3808
3838
3827
3777
3850
3772
3862
3776
3703
3712
3719
3671
3805
3775
3830
3780
3713
3768
3949
3642
3732
3768
3843
3772
3724
3701
3827
3733
3690
3711
3641
3761
3757
3749
3741
3793
3794
3853
3742
3765
3746
3759
3738
3648
3699
3662
3690
3774
3726
3720
3792
3750
3812
3671
3642
3777
3601
3692
3744
3621
3772
3669
3753
3889
3672
3716
3671
3795
3643
3692
3730
3678
3813
3597
3785
3683
3636
3832
3586
3769
3734
3704
3762
3717
3621
3647
3750
3686
3711
3804
3674
3654
3703
3801
3788
3792
3873
3916
4052
4013
4006
4043
4076
4275
4235
4292
4421
4481
4468
4553
4747
4698
4852
4965
5073
5164
5240
5193
5341
5494
5451
5510
5509
5699
5692
5712
5902
5950
6018
5965
6094
6026
6126
6219
6265
6291
6307
6339
6365
6317
6322
6323
6453
6407
6689
6523
6317
6439
6336
6475
6408
6534
6471
6524
6486
6508
6494
6838
6900
6802
7000
7213
7405
7576
7909
8276
8785
9291
9538
10167
10651
11261
11726
11801
12116
12243
11973
11753
11933
11409
11244
10750
10524
10223
9911
9610
9230
9069
8591
8289
7908
7665
7145
6810
6809
6470
6057
5869
5716
5628
5339
5199
4883
4900
4780
4606
4569
4311
4158
4018
4088
4021
3889
3695
3667
3602
3532
3727
3556
3556
3497
3380
3402
3362
3305
3355
3132
3443
3290
3313
3249
3174
3332
3247
3252
3262
3280
3143
3240
3335
3191
3216
3253
3221
3225
3174
3153
3156
3167
3200
3183
3205
3178
3190
3130
3174
3287
3260
3182
3200
3160
3144
3166
3276
3168
3241
3134
3246
3115
3232
3180
3204
3194
3217
3084
3243
3291
3157
3177
3178
3131
3340
3168
3330
3254
3199
3171
3178
3266
3306
3110
3218
3183
3188
3109
3182
3134
3274
3192
3263
3165
3249
3164
3106
3211
3254
3229
3056
3207
3183
3100
3180
3177
3234
3209
3064
3072
3159
3189
3140
3160
3155
3163
3151
3211
3070
3157
3132
3146
3236
3112
3060
3227
3236
3127
3191
3189
3225
3319
3168
3154
3251
3193
3175
3163
3206
3209
3218
3225
3184
3161
3203
3148
3243
3262
3165
3156
3227
3185
3265
3186
3219
3175
3352
3320
3433
3421
3467
3481
3589
3639
3765
3813
3994
4103
4268
4301
4571
4622
4735
5005
5041
5314
5482
5679
5850
5908
6052
6490
6462
6667
6884
7160
7425
7553
7663
8006
8075
8166
8405
8633
8604
8928
8908
9186
9039
9452
9268
9577
9651
9550
9694
9683
9785
9835
10054
9917
10148
9818
10142
10079
10033
10275
10196
10230
10207
10195
10370
10453
10545
10614
10803
10806
11180
11307
11997
12415
12934
13341
14465
15334
16414
17240
18405
19707
20532
21288
21958
22591
22845
23261
23287
22487
22054
21598
21235
19901
19569
18565
17980
17338
16357
15440
14858
14139
13310
12546
11687
11212
10480
9988
9157
8879
8335
7802
7389
6958
6386
5976
5613
5323
5147
4901
4664
4492
4155
4020
3868
3684
3521
3440
3330
3155
2962
2918
2872
2864
2880
2772
2754
2705
2581
2595
2478
2438
2499
2485
2451
2393
2416
2346
2359
2446
2440
2465
2391
2384
2384
2369
2358
2323
2378
2304
2328
2370
2283
2317
2322
2325
2254
2351
2246
2320
2403
2274
2265
2250
2226
2439
2349
2266
2285
2338
2337
2299
2225
2386
2337
2260
2305
2348
2271
2288
2379
2302
2251
2265
2271
2253
2328
2339
2359
2258
2269
2284
2334
2304
2269
2330
2252
2309
2287
2332
2357
2252
2280
2281
2323
2337
2391
2280
2318
2279
2256
2285
2324
2269
2420
2233
2220
2199
2226
2300
2256
2281
2219
2216
2181
2220
2335
2195
2275
2274
2258
2235
2249
2264
2327
2228
2275
2267
2246
2211
2304
2331
2219
2307
2283
2246
2309
2288
2305
2192
2181
2255
2264
2304
2151
2164
2273
2294
2257
2206
2193
2266
2281
2277
2287
2354
2271
2277
2285
2269
2291
2319
2177
2262
2223
2267
2272
2215
2187
2179
2285
2219
2257
2206
2165
2259
2257
2252
2166
2179
2213
2311
2239
2263
2240
2212
2235
2264
2159
2279
2276
2225
2227
2228
2199
2161
2263
2169
2279
2215
2226
2236
2243
2150
2257
2237
2185
2242
2207
2144
2202
2258
2163
2236
2212
2188
2185
2267
2270
2235
2186
2190
2127
2181
2275
2180
2221
2162
2204
2185
2261
2246
2222
2238
2201
2200
2283
2221
2252
2121
2201
2183
2175
2226
2172
2150
2237
2221
2173
2146
2142
2184
2204
2141
2227
2178
2222
2150
2135
2203
2135
2188
2299
2232
2195
2261
2149
2243
2217
2112
2201
2167
2247
2177
2097
2323
2198
2254
2163
2174
2174
2226
2250
2186
2236
2201
2130
2223
2189
2240
2094
2232
2268
2215
2266
2143
2245
2184
2228
2115
2142
2144
2122
2191
2165
2261
2141
2147
2216
2135
2048
2127
2236
2161
2213
2213
2213
2209
2140
2172
2132
2207
2195
2207
2116
2166
2134
2170
2227
2149
2195
2244
2173
2216
2218
2219
2089
2160
2125
2161
2243
2259
2237
2200
2187
2143
2126
2277
2155
2069
2185
2147
2150
2174
2198
2144
2164
2121
2218
2225
2170
2203
2199
2186
2183
2131
2151
2192
2189
2285
2193
2205
2201
2236
2219
2228
2225
2228
2166
2178
2248
2184
2190
2205
2248
2257
2125
2202
2173
2231
2179
2199
2280
2183
2231
2239
2266
2187
2150
2218
2243
2275
2148
2268
2243
2301
2293
2275
2203
2231
2314
2343
2250
2329
2274
2299
2295
2344
2419
2325
2410
2477
2454
2412
2448
2381
2406
2618
2600
2537
2638
2721
2826
2776
2963
3208
3361
3597
3679
3960
4269
4545
4882
5250
5622
6095
6448
6976
7257
7862
8448
8817
9315
9927
10628
11202
11736
12350
12876
13554
13893
14820
15306
15590
16145
17000
17452
17581
18502
18725
19287
19732
20359
20508
21056
21077
21481
21883
22010
22439
22895
22503
23261
23455
23040
23279
23851
23406
23952
23889
23989
24517
24523
24484
24624
24856
25430
25654
25611
26563
27186
27584
28828
29593
30218
32333
33970
35614
38009
40432
42966
45613
48196
50481
53325
55158
57082
57851
58171
58835
58542
57734
56375
55288
53705
51651
50159
47520
45539
43680
40979
39521
37171
34940
32971
30630
28379
26275
24776
22952
21418
19476
18122
16538
15052
13985
12701
11792
10590
9759
8896
8085
7155
6483
6021
5444
4964
4477
4022
3722
3287
3105
2710
2480
2300
2115
1885
1738
1597
1543
1408
1288
1272
1184
1106
1036
994
952
911
846
812
716
751
728
740
664
612
659
677
631
609
593
592
595
600
543
557
541
584
571
555
561
529
514
512
555
555
533
512
486
522
512
505
497
524
518
477
529
494
468
485
533
507
508
472
496
520
483
488
522
497
485
509
500
505
514
485
497
500
498
498
460
480
473
478
500
505
514
505
469
477
464
478
463
473
445
475
474
473
487
497
511
449
454
518
463
446
471
458
449
471
500
461
483
498
460
475
520
436
445
472
474
422
487
489
459
497
462
450
460
464
489
484
481
467
436
475
423
476
464
448
459
438
501
477
466
461
466
481
515
444
490
481
512
492
512
470
508
504
544
535
541
559
557
588
622
601
662
666
811
789
828
841
925
982
1000
1113
1100
1221
1282
1354
1520
1479
1612
1640
1743
1824
1900
1989
2070
2174
2225
2304
2358
2366
2525
2472
2548
2802
2760
2898
2898
2929
3020
3000
3055
3025
3177
3212
3173
3202
3323
3321
3358
3281
3458
3391
3412
3400
3606
3550
3468
3439
3519
3594
3586
3670
3780
3775
3877
3921
4125
4284
4398
4583
4740
5270
5473
5556
5988
6413
6577
6885
7301
7522
7568
7565
7797
7893
7825
7692
7467
7336
7248
6932
6703
6551
6138
5796
5626
5376
5018
4828
4578
4143
3963
3682
3454
3178
3041
2740
2576
2392
2268
1987
1893
1679
1591
1470
1395
1279
1157
1052
949
895
808
749
687
659
581
551
503
452
469
422
389
392
375
370
334
312
308
286
287
303
300
298
279
261
261
277
223
237
246
223
210
226
225
217
196
238
218
221
229
233
214
227
214
213
225
227
211
204
190
199
175
209
180
205
191
198
224
195
177
206
207
173
201
187
192
196
188
193
207
203
194
159
184
210
191
205
191
185
192
179
210
187
190
192
189
162
170
191
202
183
198
154
203
195
169
199
200
200
171
181
197
191
192
207
207
189
201
181
170
161
222
187
188
191
184
186
183
188
183
168
170
182
203
193
183
175
189
176
164
186
194
214
170
194
193
177
203
181
190
169
179
199
192
206
181
163
202
198
178
170
180
171
168
172
159
182
177
199
186
187
182
167
195
193
186
184
147
215
171
193
181
207
177
171
169
202
172
191
178
172
157
157
198
177
186
163
177
172
181
169
159
188
166
203
148
174
173
153
153
192
178
157
171
171
147
188
157
156
190
167
161
181
161
162
179
178
168
164
164
168
155
189
174
189
165
146
177
166
163
163
144
157
157
161
182
131
167
153
159
169
168
160
133
161
168
158
179
137
160
185
164
175
159
149
167
159
161
137
160
165
157
166
181
172
145
170
131
150
177
148
163
139
168
157
175
160
144
143
143
157
148
150
178
157
149
171
168
134
159
148
156
179
144
156
162
174
156
151
165
153
152
148
156
165
160
164
188
168
153
144
150
171
163
124
147
162
144
141
165
137
187
144
144
146
147
165
162
143
170
146
147
152
136
146
170
134
160
145
146
161
153
162
127
152
139
136
160
146
159
140
146
154
146
146
152
157
158
168
151
153
151
173
150
150
145
139
163
151
136
167
153
163
169
152
155
166
147
141
133
152
138
148
137
150
138
148
142
147
153
152
154
166
147
161
143
143
139
139
131
162
144
144
150
153
145
139
141
150
147
125
148
175
138
157
133
163
169
131
180
141
164
129
155
152
128
122
155
136
145
140
137
134
144
131
156
133
134
143
143
150
140
144
152
132
161
142
144
114
140
142
120
151
142
123
127
127
138
151
159
131
134
147
140
147
146
156
164
129
158
124
124
130
130
157
140
125
128
141
117
131
159
169
154
134
127
145
133
134
133
136
144
121
139
130
119
128
153
127
152
147
139
151
127
116
143
135
137
142
126
132
129
143
139
140
158
144
135
123
141
159
110
122
134
115
131
134
133
132
129
106
130
123
134
131
129
112
132
137
141
122
114
123
133
125
117
117
144
143
118
135
129
133
107
128
130
122
126
115
108
130
141
109
113
129
118
114
125
120
125
132
106
120
107
127
139
127
125
132
133
147
137
140
107
142
135
129
112
117
120
136
131
133
136
122
128
126
128
108
130
127
133
128
146
115
128
111
122
127
115
125
118
140
117
127
126
133
108
133
116
116
136
127
140
113
107
113
100
139
125
129
126
120
124
118
123
119
110
135
109
125
125
103
147
139
123
137
112
113
122
122
135
120
103
110
137
109
111
123
129
126
114
106
130
136
125
122
115
127
125
121
96
126
112
113
117
122
123
106
109
125
132
121
127
111
111
114
132
113
120
122
118
110
103
124
104
126
115
113
113
111
118
120
126
133
102
94
132
117
128
111
124
123
121
107
121
119
126
102
113
111
118
106
113
106
115
110
106
114
104
130
116
106
107
103
103
122
115
137
98
114
116
111
111
112
96
126
98
104
113
112
108
110
119
124
120
93
92
108
110
126
115
113
115
111
108
97
101
109
118
126
111
114
108
127
100
94
106
104
104
124
98
105
109
108
112
120
114
112
109
138
106
115
108
120
111
110
119
102
110
128
94
119
114
124
125
120
96
108
105
110
98
103
116
109
107
113
89
106
110
98
114
117
108
106
99
95
93
92
102
93
86
110
114
105
110
111
102
114
97
102
108
109
112
115
114
122
126
112
116
108
110
105
94
107
103
100
101
116
112
87
112
101
91
113
110
96
91
112
110
104
98
113
108
102
106
101
102
95
98
76
103
99
113
117
115
104
99
88
108
103
89
92
99
96
105
84
83
89
111
84
92
114
100
90
102
101
95
103
89
104
85
91
115
96
96
88
107
89
91
111
88
92
124
94
111
102
90
89
83
111
105
107
92
89
112
113
93
100
92
97
94
98
95
92
97
93
103
113
81
91
96
108
104
110
110
92
84
84
109
106
103
88
91
92
102
103
98
85
95
105
92
96
92
75
93
74
109
90
100
91
85
84
100
96
72
89
69
83
100
87
89
88
92
82
89
98
86
62
104
84
94
95
105
99
99
84
84
97
92
107
88
103
103
98
82
91
102
91
83
91
96
84
84
86
98
103
88
92
84
82
92
90
99
90
93
74
89
104
95
97
86
105
83
84
73
67
85
81
86
89
84
88
78
100
89
91
121
86
79
98
96
85
76
83
72
85
90
93
90
92
82
88
81
86
75
77
96
94
103
90
108
92
89
100
81
91
83
84
91
81
89
90
87
101
72
99
84
84
71
88
96
86
87
90
100
96
89
89
97
89
86
70
88
89
79
96
82
77
74
90
82
99
90
91
90
103
104
92
88
84
94
101
81
76
77
97
80
80
87
85
70
78
92
102
92
99
87
95
88
75
93
83
80
85
84
92
92
93
80
97
91
80
95
87
77
84
102
65
88
88
78
86
80
101
100
89
77
85
76
69
74
88
76
75
64
95
83
79
78
71
78
92
85
110
79
62
83
90
89
92
84
73
73
99
82
95
95
69
84
75
93
77
88
114
87
68
89
72
79
92
77
97
79
75
79
94
89
94
85
84
72
84
91
99
92
93
81
73
100
70
74
94
110
79
80
82
77
90
71
71
74
94
81
90
86
89
77
81
60
83
75
92
86
102
90
79
81
99
83
85
77
81
90
82
81
89
87
91
90
105
67
82
103
94
103
85
89
98
67
79
82
96
88
86
89
97
87
78
53
89
84
71
76
64
76
83
96
78
82
63
87
71
83
79
73
75
89
77
70
78
76
79
76
68
59
69
72
74
78
73
66
79
70
88
75
79
82
70
70
72
74
70
51
84
67
94
67
77
80
53
74
92
62
58
73
69
71
74
60
86
72
85
68
70
66
73
81
85
54
72
76
58
63
54
84
71
72
63
69
55
58
79
80
88
74
67
77
81
68
74
58
71
87
75
81
68
74
68
68
67
61
75
74
65
62
56
56
65
62
66
61
61
68
71
57
68
58
77
75
66
72
72
72
60
67
78
71
80
52
62
67
66
59
61
74
73
74
75
61
59
78
68
65
74
58
67
62
78
63
75
54
70
59
61
71
71
64
81
65
60
62
64
72
57
54
65
61
63
70
63
78
75
69
73
50
67
56
76
61
59
74
60
71
59
55
63
76
83
76
76
67
67
62
55
66
59
72
62
69
57
68
54
61
61
72
54
50
67
61
75
53
64
57
56
66
59
49
69
56
61
75
65
63
66
59
67
71
60
53
48
58
49
56
63
60
75
43
71
49
62
53
58
53
54
62
56
58
50
58
49
52
64
74
55
62
51
61
44
56
64
57
62
53
54
49
69
60
59
58
65
64
62
73
57
69
72
69
70
61
71
50
63
65
68
44
69
66
62
59
82
52
57
65
63
53
56
65
58
55
62
46
61
64
50
56
64
62
57
41
68
60
54
58
43
52
56
67
64
62
52
54
66
43
66
50
43
48
57
48
48
65
53
48
59
64
57
58
70
58
67
57
53
56
53
55
70
66
43
55
70
49
62
51
49
56
60
59
63
53
61
59
69
61
63
63
60
41
60
59
65
57
55
47
54
41
63
61
48
61
58
56
58
41
49
48
42
54
52
58
48
60
49
60
71
54
56
63
62
49
36
51
50
42
56
79
48
53
65
54
57
54
56
52
41
43
38
44
46
47
61
65
42
52
65
44
41
54
51
51
51
49
46
54
66
60
51
55
43
39
59
37
50
48
50
45
52
51
64
50
61
50
52
64
66
54
60
55
51
51
64
51
58
56
64
49
55
44
49
37
47
49
52
47
50
63
44
56
48
38
60
52
60
48
63
61
36
39
47
38
49
49
47
61
54
43
48
48
46
50
34
38
44
45
47
63
55
50
43
47
59
52
37
62
54
46
60
53
43
63
46
47
57
43
47
39
47
44
43
52
35
45
56
54
48
45
48
62
55
54
41
38
48
47
42
42
55
41
36
43
51
54
50
48
49
50
44
33
40
40
40
51
52
47
47
32
44
45
59
56
34
42
53
41
34
48
53
46
52
48
41
41
58
52
52
33
53
48
52
38
46
52
36
50
49
52
50
37
49
55
59
46
43
53
49
44
47
38
41
44
52
49
56
39
45
38
43
40
39
45
42
41
43
45
49
50
36
42
45
40
44
43
47
41
34
40
55
51
32
29
43
46
36
48
34
39
41
41
41
54
47
53
49
30
37
55
60
54
47
46
44
36
37
51
47
47
52
37
45
48
44
44
63
55
53
51
43
47
48
43
38
56
57
49
38
59
45
41
41
55
49
55
66
50
44
49
43
62
48
61
35
55
45
46
54
57
53
52
51
50
54
47
45
42
53
48
50
50
62
45
54
52
37
61
61
53
48
53
54
50
44
56
46
41
49
60
66
58
49
40
47
46
42
53
31
41
37
40
41
27
50
41
43
44
41
48
34
38
38
37
25
44
49
30
38
50
44
46
40
44
25
46
37
38
46
35
41
44
40
40
38
37
36
43
40
40
37
33
32
50
32
33
29
47
33
40
38
50
32
34
40
35
44
47
39
43
38
41
36
25
31
40
46
33
38
44
32
39
32
44
34
38
33
44
41
42
34
29
39
33
39
27
41
39
31
30
35
41
43
40
37
38
32
36
27
38
43
42
33
35
40
31
31
34
31
33
44
35
34
43
37
34
40
36
38
48
28
32
30
38
28
36
34
29
42
37
32
34
39
33
42
48
42
28
44
51
45
32
40
30
47
24
38
36
31
43
39
39
25
37
41
26
34
39
32
39
26
38
46
30
48
39
35
39
40
32
36
35
31
42
27
41
48
34
38
30
34
34
42
35
38
31
37
38
40
44
39
51
34
49
29
38
32
34
42
59
36
44
48
43
46
28
49
47
54
50
45
51
49
47
59
46
38
42
40
46
48
48
53
59
49
47
57
46
34
51
47
44
52
49
41
49
51
46
38
49
56
26
51
57
45
49
51
57
55
63
53
51
62
56
49
47
64
64
61
47
52
43
56
49
48
50
67
43
48
56
41
48
38
48
37
53
44
46
40
44
33
27
33
34
54
37
48
36
27
39
35
40
45
27
35
37
32
37
38
34
32
38
27
27
33
42
31
30
39
21
30
35
37
40
30
35
26
32
29
37
27
31
33
36
27
36
33
26
29
29
33
29
26
26
26
43
27
24
34
28
33
28
33
32
26
32
31
31
33
23
31
26
35
32
26
25
33
36
27
32
25
21
51
28
34
33
41
27
25
34
31
27
27
32
34
33
24
25
33
29
32
28
24
38
34
25
26
24
32
30
28
28
29
27
23
29
33
22
23
25
40
27
36
31
28
30
16
22
25
28
45
28
29
23
32
22
28
41
24
30
24
32
32
24
36
28
35
35
22
33
33
33
23
28
24
29
36
24
33
26
33
38
34
33
22
25
28
42
34
34
29
29
30
37
36
32
25
34
36
23
41
22
26
30
19
28
24
30
37
37
24
23
29
40
33
32
21
23
24
33
17
32
29
26
25
31
31
21
31
32
28
33
30
31
31
20
26
30
32
30
26
35
24
32
28
28
35
33
35
26
24
17
34
21
25
35
26
27
20
30
29
35
19
20
30
28
29
24
24
24
25
25
20
34
29
18
29
23
31
29
27
29
25
31
25
22
23
18
32
34
29
27
26
23
20
37
30
35
22
28
22
34
26
29
32
26
27
19
21
26
24
17
30
24
27
26
34
29
26
25
33
18
19
14
35
36
24
26
31
30
32
25
26
31
29
23
20
17
20
31
31
29
21
29
23
31
24
21
20
25
29
28
23
30
36
25
30
18
28
25
21
26
35
24
31
21
26
26
37
21
28
27
31
43
27
25
26
18
35
25
27
22
24
21
19
23
22
22
28
28
22
27
17
33
26
35
28
28
33
21
22
17
32
23
28
23
20
33
32
23
29
36
30
22
23
25
18
26
24
31
24
29
29
30
34
28
29
27
26
20
31
21
29
30
30
29
27
27
37
29
30
26
30
28
26
29
26
22
33
36
29
28
26
25
31
29
22
20
27
20
29
27
21
29
20
17
33
33
25
25
28
40
16
28
30
28
36
23
31
29
31
28
31
32
23
25
28
31
29
27
29
27
33
33
24
36
33
27
32
32
19
28
23
27
22
25
27
30
30
21
32
37
35
32
20
26
37
21
21
22
22
18
16
21
24
20
22
26
23
22
20
23
14
18
25
26
32
22
22
22
17
20
25
26
13
21
24
23
22
19
19
19
22
23
22
27
17
14
27
24
18
13
26
25
24
15
14
21
16
20
13
22
21
20
24
24
22
15
16
23
14
27
20
18
16
22
15
29
21
19
23
21
15
12
11
24
15
19
17
20
19
14
13
22
19
18
22
17
17
21
17
12
13
24
17
17
20
11
20
16
15
22
18
28
16
9
18
21
26
14
16
16
17
17
22
13
18
13
14
18
21
19
21
18
28
12
24
12
15
18
19
19
19
21
17
25
19
19
15
25
12
24
29
21
20
18
26
19
24
21
27
24
15
20
17
22
24
25
15
23
19
25
16
12
18
17
20
18
17
26
25
17
18
18
18
15
24
19
21
24
27
16
18
28
26
26
23
14
17
19
16
15
18
15
18
20
21
14
19
17
14
20
11
19
22
11
20
14
24
20
14
24
22
15
21
9
13
15
20
12
28
19
18
17
20
19
19
13
19
17
14
25
22
16
17
13
19
26
24
14
16
18
15
7
17
21
13
13
26
16
15
21
12
21
16
17
19
13
17
16
8
20
17
18
20
17
23
16
17
25
24
21
13
22
13
16
17
18
17
16
18
11
21
12
22
19
17
19
18
19
14
18
23
16
13
16
11
15
17
17
18
24
10
10
14
12
13
19
14
12
15
19
20
14
16
25
16
14
11
15
13
14
26
13
15
28
16
20
18
14
20
16
24
14
22
24
14
22
21
25
15
19
15
20
13
14
12
17
20
19
13
20
21
19
19
18
14
23
23
16
16
16
19
20
9
11
22
14
17
14
15
21
14
12
17
19
12
14
18
15
17
24
13
21
17
21
17
26
12
15
22
25
16
17
27
18
16
13
19
14
14
17
18
15
15
21
19
26
15
15
25
13
17
12
16
14
14
24
13
13
15
13
20
21
19
18
19
22
16
19
17
18
26
21
14
16
12
17
15
24
23
17
17
17
18
21
17
20
21
26
15
16
16
27
10
19
21
24
19
20
23
17
24
20
18
19
21
20
16
20
22
26
15
20
26
20
9
25
19
25
26
18
27
22
26
25
25
19
24
14
18
27
17
14
25
16
16
21
21
29
28
28
27
18
17
29
27
21
19
18
20
23
17
25
25
16
23
21
19
16
20
23
18
16
23
23
18
17
23
17
18
21
18
20
20
9
20
24
16
22
22
18
12
20
15
27
17
23
17
18
8
23
15
25
12
18
13
21
16
16
11
11
15
15
7
18
11
10
17
10
10
13
15
8
13
9
10
9
9
7
9
13
8
7
5
14
6
14
10
11
8
13
9
16
10
5
14
5
14
8
7
9
9
12
7
8
10
11
11
16
14
12
8
12
4
12
12
8
6
16
15
11
15
17
8
13
15
11
8
9
10
8
19
11
9
10
9
8
11
8
7
6
9
9
5
10
11
12
10
9
10
9
11
14
11
11
8
9
12
14
11
18
12
13
13
11
13
10
16
8
13
10
12
6
12
16
8
7
13
8
8
16
10
10
9
11
14
10
18
11
11
14
6
13
13
14
13
10
13
12
12
14
8
16
13
11
20
13
14
8
10
10
6
10
17
8
15
8
12
16
16
7
8
11
7
7
11
11
10
8
11
8
14
10
7
8
13
10
6
6
9
6
7
13
12
9
9
9
18
7
9
12
8
8
9
18
7
10
8
11
12
7
12
11
8
11
17
10
7
10
11
6
13
11
12
6
18
10
11
10
8
13
9
10
11
12
7
10
9
10
7
9
16
7
15
8
11
12
10
6
10
13
8
8
7
18
13
11
9
13
11
14
8
9
9
9
9
8
8
6
16
7
10
11
13
8
10
9
12
7
13
11
8
9
10
12
9
8
5
4
8
10
6
11
6
9
8
10
4
8
8
7
7
17
7
12
9
8
7
7
10
11
4
14
4
9
7
6
6
13
3
9
8
14
2
4
5
4
5
5
8
8
12
6
3
13
11
6
7
9
5
3
4
9
6
4
5
12
9
7
6
4
6
4
3
4
10
3
6
8
6
10
6
8
10
5
9
3
6
5
5
12
8
8
13
6
8
7
7
5
3
8
5
5
8
8
5
10
6
9
14
8
6
7
5
6
8
13
4
5
8
9
7
10
8
6
8
2
6
5
11
10
8
10
8
4
9
5
7
5
11
10
4
6
1
8
10
10
6
9
9
12
8
10
5
5
7
13
7
5
10
9
6
11
10
11
12
6
6
10
6
5
8
6
7
6
5
11
8
9
5
6
4
2
4
8
7
6
6
8
6
7
2
9
9
8
5
9
5
7
7
5
12
12
6
11
7
7
6
10
9
7
9
5
7
8
8
7
11
9
14
8
7
9
7
6
11
7
10
7
8
11
6
6
8
4
9
5
11
11
7
13
8
7
11
13
12
8
10
12
14
9
10
9
9
11
7
5
8
4
9
6
5
8
9
13
4
8
4
6
10
7
7
11
5
6
5
7
13
6
7
9
9
8
9
7
6
10
7
9
10
6
11
11
6
7
20
5
7
7
11
7
5
10
6
11
11
9
13
9
10
8
7
7
8
6
5
11
7
7
8
7
5
3
8
7
4
6
6
10
9
3
6
7
7
7
6
5
4
8
5
11
5
9
5
3
5
7
6
4
5
4
5
7
6
5
6
6
4
10
7
7
5
7
7
10
4
6
5
6
4
5
5
9
6
4
3
6
8
9
2
7
3
4
8
3
7
4
9
4
7
10
5
5
3
7
9
7
3
8
8
3
4
8
10
9
3
7
6
6
12
5
7
2
9
10
7
11
9
2
9
3
4
6
7
5
6
6
5
6
9
3
4
12
13
11
7
4
10
10
7
11
7
9
7
11
10
10
9
5
3
4
3
4
12
9
11
6
10
3
8
5
5
4
7
5
4
9
2
10
7
2
10
6
8
12
8
7
8
6
7
5
1
5
2
10
6
6
2
4
9
4
5
11
3
8
5
4
7
10
3
7
4
10
1
9
7
4
8
5
3
10
6
10
9
4
5
4
9
6
10
9
5
6
5
9
7
6
9
8
3
5
4
6
4
6
8
4
10
7
7
6
4
10
9
4
7
5
6
8
11
8
8
10
7
6
7
7
9
10
5
6
9
10
9
6
10
5
8
7
9
3
9
7
7
12
12
6
8
15
8
3
9
5
7
4
8
5
4
9
6
9
6
5
6
12
4
6
7
5
5
6
5
8
6
8
11
6
6
3
2
8
6
8
7
4
7
4
9
13
4
4
12
8
4
8
8
6
10
1
4
10
8
6
5
6
8
6
6
12
5
5
4
4
4
8
7
4
5
8
9
5
6
5
5
3
7
11
7
7
3
6
3
3
3
6
3
8
3
4
7
9
4
7
5
4
5
8
16
6
2
8
9
9
7
8
7
7
10
3
10
7
9
12
1
5
4
4
11
8
6
5
8
6
4
5
3
7
9
6
10
5
6
2
3
5
2
7
6
9
8
1
4
9
6
8
3
7
5
8
2
6
7
5
7
9
3
6
9
4
6
4
6
4
8
5
7
4
5
1
12
6
3
5
3
5
1
5
7
7
5
5
4
2
2
6
7
9
9
4
8
2
4
3
8
5
5
9
10
5
6
8
4
0
3
3
5
8
5
10
7
6
11
2
6
9
6
2
6
6
6
5
9
3
10
4
8
2
3
6
7
6
2
4
10
9
2
2
5
6
11
8
2
3
4
5
3
3
6
5
6
8
3
6
5
7
1
3
6
7
6
3
4
6
7
5
8
5
8
7
10
5
2
4
3
9
6
1
4
4
3
1
4
2
3
5
6
4
4
6
6
2
8
5
4
9
2
5
5
5
5
5
5
4
7
9
8
9
8
7
10
3
4
3
4
6
5
5
6
10
11
3
2
5
5
3
6
2
2
4
5
6
3
8
5
5
1
5
5
5
2
10
0
5
4
3
6
5
5
5
1
5
9
3
9
7
8
7
7
5
4
5
10
2
4
4
8
4
8
3
6
7
7
2
10
5
7
5
2
5
2
6
11
5
7
3
6
6
9
5
4
11
6
7
4
2
6
4
1
8
4
8
7
6
6
4
6
6
7
10
5
6
6
5
5
6
8
3
3
7
5
2
3
5
5
5
6
1
7
10
5
5
1
4
4
8
8
9
7
5
5
8
6
4
3
6
7
7
6
5
4
4
7
2
5
5
3
5
10
4
5
6
2
7
4
3
9
4
5
6
7
5
7
5
4
3
4
2
4
5
1
6
4
8
6
6
7
4
2
3
7
8
4
3
3
9
6
3
6
1
2
1
4
6
9
7
4
9
4
10
2
9
5
3
4
4
4
3
2
4
4
6
6
2
8
6
4
3
6
8
5
4
7
7
5
3
4
4
3
4
9
7
2
5
4
7
8
0
4
1
1
7
1
6
3
2
6
3
2
5
2
5
2
11
4
8
5
2
5
4
6
4
7
7
3
8
1
5
5
6
2
4
5
8
6
3
4
4
7
7
3
3
7
5
3
4
7
6
8
5
4
3
2
4
4
7
5
5
6
4
5
5
4
6
8
3
5
5
8
1
6
7
5
9
3
7
4
4
7
4
6
8
5
2
5
4
7
6
2
5
1
3
6
8
5
8
3
5
2
6
5
6
5
9
5
6
4
6
8
2
6
5
12
8
2
7
6
7
10
5
8
4
6
4
6
8
7
7
4
7
8
5
2
6
2
4
7
7
4
7
3
5
4
6
4
3
6
4
10
7
7
2
5
1
6
4
3
6
7
3
6
5
4
3
6
6
7
6
3
6
1
3
3
4
5
9
7
1
7
5
9
6
6
4
6
2
7
5
5
6
7
7
5
8
9
3
6
5
6
10
2
6
5
6
2
6
9
3
5
5
4
5
9
3
10
7
8
7
5
6
4
3
3
5
4
1
7
4
2
4
9
3
0
6
7
3
4
3
0
4
3
8
7
2
5
6
2
7
3
2
4
9
4
6
5
3
2
4
7
4
4
3
3
5
7
4
4
8
4
5
1
2
2
3
7
5
3
6
4
10
3
1
3
7
4
4
6
6
2
2
4
2
2
6
4
4
2
5
3
3
8
4
7
5
6
2
5
3
9
5
4
4
4
5
8
6
3
2
8
6
3
6
5
1
8
6
7
3
9
4
8
3
9
6
6
5
5
3
4
2
2
9
6
3
3
5
2
5
8
3
2
4
4
2
3
3
5
4
4
6
8
2
4
6
6
8
3
7
7
5
5
7
3
5
7
5
9
7
2
4
7
8
1
4
4
6
6
6
4
4
3
3
2
4
7
6
2
6
3
6
2
4
7
5
6
1
3
2
4
4
2
5
2
4
6
3
4
2
4
5
3
7
3
6
5
4
1
6
2
3
12
4
5
6
3
9
4
5
6
5
6
2
6
1
5
5
4
5
4
2
6
5
3
2
6
4
6
6
5
7
4
6
5
3
5
1
4
3
6
9
2
3
3
5
4
4
8
3
5
2
3
4
6
5
4
5
4
5
7
11
4
5
9
6
6
5
5
4
2
9
2
3
12
3
2
2
2
7
3
6
6
2
3
7
6
8
2
4
3
4
6
8
9
2
8
2
6
11
5
5
1
6
5
6
5
7
7
1
1
3
1
1
5
2
6
9
2
4
3
9
3
4
3
4
6
5
4
3
3
9
3
6
7
6
4
2
1
3
4
4
4
6
6
7
3
10
6
1
6
7
6
9
4
3
5
12
6
5
8
11
7
4
6
9
6
8
5
14
6
9
2
4
10
7
6
15
10
10
7
6
6
4
5
7
9
8
13
5
8
9
9
7
14
10
9
11
8
10
8
6
7
7
6
12
11
9
6
12
8
9
6
16
10
9
9
11
8
10
9
5
12
12
9
16
5
11
7
5
10
12
14
6
10
5
2
6
6
5
7
4
8
9
5
4
2
2
8
4
7
7
3
8
2
10
6
6
8
6
11
3
1
4
4
6
3
6
2
6
5
3
8
1
2
1
3
11
7
6
6
5
2
1
5
4
8
3
5
7
4
7
3
7
0
5
0
1
3
3
3
2
3
6
2
7
5
3
6
4
7
4
7
4
2
1
4
2
4
4
5
7
7
7
7
2
3
3
5
3
6
4
1
3
3
2
3
4
4
4
9
6
8
7
4
5
2
5
3
3
7
2
4
2
3
3
6
1
5
4
3
4
5
5
7
5
2
3
3
3
3
8
3
1
6
6
3
3
6
4
4
5
4
4
3
1
3
2
5
5
4
5
1
10
2
2
2
2
4
6
4
3
8
5
3
6
4
6
1
6
5
6
4
2
4
4
3
6
7
6
4
5
2
1
6
4
6
3
2
3
1
7
8
1
5
4
3
6
8
4
3
4
4
5
5
3
4
2
5
4
9
5
5
5
4
7
3
4
2
2
2
7
4
7
3
6
3
7
4
3
5
9
4
2
3
5
1
5
1
3
7
4
6
3
1
10
5
7
6
3
3
4
5
4
4
5
3
4
2
1
0
5
2
5
4
5
4
5
2
3
2
6
4
5
3
3
4
6
3
4
0
3
3
4
2
6
8
3
5
3
2
3
4
3
5
3
3
3
0
7
2
5
4
3
5
3
0
2
4
2
4
5
4
1
5
4
4
2
2
3
3
5
4
10
5
6
2
6
2
8
4
4
2
6
2
3
5
4
5
3
2
1
3
4
5
5
5
7
4
5
2
4
3
3
6
4
4
8
5
2
1
3
10
4
3
1
3
3
3
3
5
4
4
10
3
3
2
10
3
1
3
4
4
5
3
7
6
2
4
1
4
5
2
3
7
4
3
10
3
9
5
2
2
2
2
11
6
4
7
4
3
4
6
5
4
8
5
2
3
1
2
3
1
4
5
3
6
4
6
2
0
6
3
2
3
4
2
6
4
4
7
4
6
4
2
3
5
0
8
4
8
1
5
4
1
2
5
5
3
3
4
2
5
5
3
5
1
4
2
4
8
7
5
5
2
6
6
7
3
5
7
2
5
3
5
2
6
8
3
3
7
5
5
4
7
5
6
4
7
5
6
2
5
7
3
3
5
3
7
3
2
4
8
7
7
5
3
6
10
3
6
5
9
3
6
6
4
11
8
8
4
8
8
5
4
5
5
6
7
12
8
10
6
3
5
4
7
10
5
5
2
7
13
5
5
1
3
9
4
6
5
8
12
9
10
5
8
8
6
8
6
3
9
6
5
5
8
9
9
6
3
11
7
6
10
5
8
8
3
9
7
2
3
4
4
5
6
4
3
9
5
4
4
3
4
6
6
5
2
7
3
4
2
4
9
0
4
1
4
6
5
2
3
5
2
3
5
3
3
3
2
3
1
1
5
2
4
4
4
4
4
4
6
3
3
4
4
2
5
3
2
4
5
4
5
5
2
2
7
2
4
4
3
6
3
2
3
6
6
2
4
4
2
7
3
3
4
4
4
7
1
3
4
4
4
5
6
7
1
2
2
2
4
1
5
5
8
2
6
3
3
3
3
3
5
1
7
1
3
6
0
4
5
1
8
0
5
2
2
2
2
5
3
3
4
5
2
4
4
3
5
4
7
2
2
3
1
6
3
7
4
2
5
6
6
5
2
4
3
3
2
3
4
7
4
2
4
3
2
3
3
5
2
4
4
4
2
4
4
5
1
4
5
4
3
4
5
3
2
5
2
1
6
3
6
4
3
4
1
2
5
3
4
5
3
1
4
5
2
3
1
3
3
4
1
4
2
3
3
2
3
2
5
3
4
3
1
4
5
1
1
1
3
4
3
3
1
4
4
4
6
4
3
1
4
3
1
4
3
5
6
3
5
3
2
3
7
4
6
5
3
4
4
6
0
0
1
2
3
1
2
5
2
4
4
7
1
4
2
6
4
4
5
3
0
2
5
0
1
2
3
0
4
4
2
2
1
4
1
4
4
5
4
4
4
4
3
3
6
4
3
5
1
5
3
3
4
4
6
2
0
2
2
3
6
4
2
3
1
5
5
4
2
2
10
3
2
4
2
2
4
4
7
1
6
2
1
2
3
1
6
1
3
1
4
3
2
4
4
5
4
5
3
3
2
2
2
1
3
3
5
3
7
4
2
2
3
0
3
3
5
3
3
2
3
3
4
4
3
1
2
0
3
4
4
0
4
3
6
1
3
9
4
6
3
4
2
2
3
2
0
1
2
7
6
4
2
0
2
3
3
6
3
1
3
3
2
2
2
6
5
7
3
2
3
3
7
3
2
3
2
1
4
2
2
3
2
1
6
2
2
5
5
5
2
1
4
4
5
1
1
4
3
4
3
4
5
4
1
0
2
3
6
4
1
8
4
2
1
1
1
4
1
4
3
5
2
5
2
3
4
2
2
1
5
4
3
2
1
1
2
4
5
2
4
1
2
6
5
4
5
4
1
2
1
4
2
2
1
4
4
2
6
4
5
5
2
5
6
6
3
6
3
3
2
2
7
5
7
4
3
4
4
5
4
7
4
2
2
2
2
1
2
5
3
4
0
2
1
5
4
3
3
5
3
6
2
4
5
3
2
3
3
2
6
4
2
3
2
1
4
6
3
5
1
1
0
5
5
4
3
2
5
1
1
1
2
2
2
3
2
3
3
3
2
1
6
3
3
3
6
2
3
5
3
4
1
4
2
4
3
1
4
2
5
2
3
4
1
3
2
1
4
1
2
5
6
1
2
1
2
3
1
2
6
5
4
3
5
2
0
1
6
6
4
1
5
0
7
6
3
4
4
4
4
5
1
2
4
3
3
2
0
1
6
6
1
0
9
5
4
1
2
3
1
4
2
2
5
6
3
4
5
1
1
2
2
2
0
2
5
5
1
3
1
2
2
3
3
5
4
2
1
3
4
2
1
2
1
2
1
2
4
2
6
3
3
4
0
1
9
4
5
4
3
4
7
4
3
6
8
3
4
5
2
4
0
1
6
3
4
4
2
0
3
2
1
2
6
6
3
1
5
2
4
3
7
5
9
1
1
4
2
5
4
1
5
4
5
4
5
3
2
3
5
1
4
3
3
2
2
3
3
3
0
3
2
3
3
2
6
5
2
1
6
3
4
4
3
6
4
4
2
4
1
1
1
6
1
3
1
4
1
6
3
4
6
6
2
4
3
2
4
8
0
3
2
2
2
3
6
2
7
3
4
4
4
4
5
0
1
6
3
1
4
2
2
2
3
1
1
4
2
3
3
2
3
2
1
3
1
7
6
3
5
2
3
3
2
1
1
1
3
1
6
3
3
2
4
3
2
2
3
4
8
1
3
2
2
0
2
4
3
1
1
1
1
3
3
5
0
1
5
5
3
3
3
5
0
2
3
2
2
4
4
9
3
1
4
4
1
4
4
5
4
7
3
3
4
2
5
1
0
5
2
2
1
2
4
5
2
5
4
2
3
5
4
2
4
5
5
5
2
7
4
5
5
0
4
4
2
0
0
8
2
3
4
2
6
6
6
3
3
1
1
4
1
3
1
2
4
1
4
3
5
4
0
5
1
7
3
2
4
2
2
7
2
6
3
5
4
2
8
4
4
1
6
3
1
3
3
2
1
3
6
4
3
3
2
1
1
1
2
4
3
4
1
2
4
4
6
3
1
3
2
0
4
1
2
3
3
5
4
2
2
0
4
2
2
4
1
4
1
4
3
2
2
1
1
2
3
0
2
5
4
4
6
2
3
1
6
3
5
2
2
5
3
1
3
2
5
1
3
4
3
3
3
6
2
6
3
4
6
4
1
1
3
6
5
2
2
5
2
4
4
2
1
3
3
3
1
2
1
3
5
2
0
0
2
2
4
3
3
2
1
5
7
5
2
4
3
3
8
2
3
2
9
2
1
3
1
5
4
5
2
2
3
2
3
2
3
4
1
4
2
4
3
4
3
0
2
8
4
3
3
2
2
3
2
5
5
1
3
3
6
3
7
6
4
1
4
1
2
4
4
1
5
3
6
5
2
2
4
2
2
2
1
2
3
5
2
5
3
3
0
4
2
4
6
6
2
2
2
2
0
2
3
2
3
4
2
3
2
2
2
4
5
2
2
4
2
5
1
4
2
4
0
2
2
2
3
1
2
1
3
3
1
4
3
6
3
1
2
2
4
0
5
5
4
1
1
1
6
1
3
2
3
0
1
3
2
6
3
3
1
1
3
1
6
5
1
4
4
3
1
1
1
4
3
8
7
2
3
1
1
2
0
5
5
3
3
2
3
4
4
2
1
2
2
6
3
0
1
4
4
0
0
4
3
4
3
1
3
2
3
2
3
4
2
5
6
4
2
7
2
4
1
5
2
3
4
2
5
3
3
7
2
0
1
4
1
2
3
1
1
5
4
3
4
4
2
5
2
4
3
2
4
0
1
5
1
3
0
2
4
3
3
3
3
0
7
1
1
1
4
6
4
2
1
3
2
0
3
2
0
3
2
1
0
2
7
4
5
1
7
1
4
1
2
1
0
4
4
3
2
5
5
3
4
2
4
3
0
4
6
3
1
2
4
1
5
2
6
5
5
3
6
2
2
4
0
3
2
0
3
1
2
4
4
3
0
3
5
4
4
2
2
3
3
1
4
3
2
1
3
1
2
4
2
4
2
2
2
1
2
5
3
9
2
2
6
3
2
6
5
2
5
6
2
4
1
1
7
7
2
5
3
4
6
5
5
6
2
7
6
2
5
1
5
5
5
3
4
7
6
3
5
7
5
2
7
6
4
3
9
2
4
8
7
5
2
5
4
7
7
4
5
6
8
3
6
5
6
5
10
4
4
4
4
5
10
8
2
4
7
3
2
12
1
5
7
2
6
6
8
9
5
7
6
4
6
6
1
7
3
4
2
4
4
1
4
3
1
1
2
2
2
7
5
2
6
5
2
6
3
6
1
2
6
2
4
2
1
3
2
3
2
7
1
3
5
2
3
3
1
4
5
1
3
4
1
1
4
3
3
2
2
4
2
3
1
2
3
6
6
5
3
1
0
2
5
0
3
1
2
3
2
5
2
4
1
2
4
2
4
4
1
2
4
3
3
2
4
2
1
0
3
0
3
5
1
1
3
1
4
0
2
6
2
0
4
4
3
1
4
5
2
3
2
2
5
2
4
1
1
2
5
3
2
4
5
3
2
5
4
4
3
3
6
2
5
7
2
3
1
2
1
4
3
3
3
1
5
1
1
1
5
0
2
3
3
2
1
3
1
2
2
4
2
3
2
2
1
2
2
4
5
3
3
2
3
1
2
4
4
6
1
0
3
3
4
0
4
0
4
1
1
3
4
3
4
1
4
3
3
2
2
1
3
0
0
2
2
5
0
2
4
2
0
4
1
1
2
3
4
1
3
1
2
2
2
4
2
1
0
1
3
2
2
0
3
1
2
1
3
0
3
2
2
4
6
3
5
2
2
2
0
2
2
1
2
4
5
5
3
2
5
4
5
3
3
4
4
1
3
3
1
1
3
3
8
2
2
4
2
5
3
3
3
5
3
3
3
3
2
2
5
1
4
1
2
2
1
3
4
2
1
1
6
6
3
1
5
2
5
4
3
3
3
4
4
1
2
5
0
2
0
0
2
5
3
1
6
3
1
0
4
1
1
4
3
2
3
4
1
2
6
4
4
2
6
1
1
2
1
0
2
1
3
1
1
1
2
3
1
7
5
0
7
3
5
3
3
1
5
3
2
3
3
5
4
5
5
1
3
7
3
5
3
6
1
5
3
1
5
4
2
6
5
5
2
6
2
3
4
2
2
0
3
2
4
2
3
1
2
5
2
2
3
2
2
2
4
0
3
0
2
2
3
5
4
4
5
4
1
4
3
3
4
6
3
2
5
0
2
1
2
2
1
3
3
6
2
3
3
3
5
1
3
8
2
4
4
2
3
6
3
4
3
3
1
0
4
0
3
0
2
1
3
1
1
2
2
3
1
4
2
1
5
2
1
3
1
2
3
4
1
0
3
3
2
3
0
3
0
1
0
3
1
1
4
1
5
5
2
2
3
2
2
1
3
5
1
1
3
2
1
1
1
2
2
1
4
1
2
3
4
3
3
4
5
3
0
2
3
2
1
2
2
1
4
7
1
2
2
7
5
1
4
6
4
1
4
5
0
4
4
2
1
4
0
1
0
2
2
6
2
4
6
3
2
1
2
4
4
2
4
3
4
2
2
4
3
0
1
1
4
0
3
4
2
7
2
0
2
1
0
2
5
4
5
0
3
5
1
2
3
6
2
4
2
3
0
3
4
2
0
1
2
2
5
5
2
0
2
5
3
1
1
3
2
3
1
3
0
2
1
4
1
3
3
0
5
3
4
4
4
2
3
3
4
4
1
4
4
1
4
3
3
2
1
3
0
1
3
3
3
3
2
1
7
2
4
4
3
3
3
2
3
6
3
1
0
1
2
2
5
3
5
0
4
2
1
5
4
0
3
1
2
1
1
6
3
3
1
0
4
2
3
1
5
3
0
1
3
5
3
2
0
2
2
3
2
2
4
1
2
2
5
1
2
1
3
2
4
3
5
1
2
3
3
1
1
2
1
1
2
7
0
6
5
4
1
2
3
3
3
3
6
4
3
6
3
5
2
2
4
2
1
0
3
3
3
4
2
3
5
9
4
3
4
0
4
1
2
3
2
4
4
3
3
6
1
4
4
3
2
0
2
4
5
5
3
2
2
2
5
1
4
6
3
3
3
2
2
2
2
2
4
4
4
7
1
2
0
2
2
3
4
1
3
3
2
2
1
3
5
1
3
1
4
4
4
4
5
5
2
2
2
6
3
6
0
4
4
4
2
4
2
2
2
2
1
4
1
4
3
2
1
3
2
2
4
3
1
3
2
3
3
2
2
4
2
3
2
1
3
5
2
2
2
4
4
3
0
4
3
3
4
6
1
0
2
4
1
3
4
4
2
3
5
4
2
2
0
4
2
5
1
1
2
2
3
2
2
2
2
2
2
0
0
0
1
1
1
1
3
2
1
5
3
5
1
0
7
2
3
0
4
3
4
2
0
0
2
4
1
3
1
5
5
2
4
4
0
3
1
3
2
3
2
0
3
0
1
3
3
2
1
3
2
4
0
4
2
1
4
0
3
1
3
4
2
4
3
4
0
2
2
4
2
2
0
2
4
2
0
2
3
7
5
3
5
2
2
2
2
2
2
2
4
2
2
3
1
5
4
2
3
5
4
3
2
2
4
5
2
2
1
1
4
2
4
1
1
6
1
1
3
1
4
2
2
1
6
0
0
0
5
2
2
4
3
2
5
4
4
6
4
2
2
3
3
4
5
3
2
2
4
0
2
5
2
2
5
1
3
7
3
5
7
3
3
2
2
2
2
1
5
2
2
1
3
3
2
2
6
3
0
0
2
1
4
4
1
0
3
2
0
3
3
2
3
3
3
2
6
6
3
5
5
3
1
1
4
4
4
3
0
4
4
2
3
6
4
4
3
0
1
5
5
4
4
2
1
5
2
1
4
0
4
4
4
0
3
3
2
5
2
4
5
2
6
3
0
3
2
1
5
2
3
3
2
3
2
10
5
2
1
2
4
2
0
5
3
4
3
4
5
3
4
3
2
3
0
1
2
2
4
2
1
2
1
5
0
1
3
4
2
1
2
2
5
1
2
3
2
3
2
5
2
2
4
2
5
2
2
4
2
2
2
0
3
4
6
4
3
4
2
3
3
3
0
2
2
2
2
2
2
0
0
0
1
1
0
5
2
1
1
2
1
4
1
3
5
2
2
5
0
2
1
4
2
3
3
2
3
2
1
2
3
4
3
0
3
1
1
2
3
1
3
2
3
3
1
1
4
3
2
0
2
0
5
4
2
1
3
0
1
2
0
2
3
3
4
3
1
2
3
2
3
1
1
0
4
1
5
4
2
2
7
1
0
1
2
3
4
1
2
2
5
2
1
2
1
4
3
0
4
2
2
0
2
3
3
3
2
5
3
1
1
3
2
1
0
3
1
1
2
1
1
0
1
2
2
2
3
0
3
1
3
2
1
2
1
2
1
5
0
0
5
1
2
3
1
0
1
2
2
3
5
2
0
3
5
1
1
1
0
1
1
1
1
4
0
3
2
1
3
3
2
1
1
1
2
1
1
0
5
2
2
3
2
3
3
2
2
1
2
1
1
4
1
3
1
2
0
2
1
1
2
0
1
0
3
4
1
0
2
4
1
1
0
1
1
0
2
0
3
0
1
0
0
1
2
2
1
2
2
4
3
1
1
2
1
6
1
0
3
5
1
3
2
1
1
2
3
3
1
1
1
3
3
4
1
0
0
0
1
2
2
3
0
1
3
1
4
2
2
2
0
3
0
2
2
1
2
5
2
2
1
0
4
2
2
0
3
2
3
2
1
1
2
2
1
1
3
2
5
0
1
1
4
3
2
2
5
5
2
1
0
2
0
3
3
4
2
2
2
2
2
3
0
1
3
4
0
1
0
3
5
2
2
1
1
2
2
2
3
0
1
1
3
6
2
2
1
2
2
1
5
1
2
1
0
3
0
6
2
2
1
4
1
2
3
2
0
1
0
4
3
4
1
1
0
3
1
0
1
0
0
1
2
2
1
1
2
3
2
1
1
0
2
0
2
0
0
0
4
1
2
2
2
3
0
3
1
1
1
1
3
1
1
1
2
1
2
4
1
1
0
2
2
1
4
2
3
1
2
4
3
1
1
1
1
0
4
1
0
1
0
2
1
1
5
2
0
3
1
1
1
0
3
5
0
4
3
1
0
2
1
3
2
1
4
2
2
1
0
5
3
0
2
1
0
1
1
2
4
0
2
0
1
0
2
1
1
2
0
2
2
0
4
2
0
2
1
1
0
5
1
0
1
1
1
2
0
3
1
2
4
2
1
2
3
1
3
2
1
2
0
3
0
1
2
0
1
0
2
5
0
4
1
0
3
1
1
2
1
1
3
2
0
3
2
1
2
2
1
2
1
1
1
3
0
0
2
1
1
2
4
3
1
2
1
0
3
1
1
4
1
0
1
1
1
2
1
3
2
3
1
1
0
3
1
1
1
1
3
2
0
1
2
1
5
2
2
2
1
3
5
1
0
1
2
2
2
0
0
2
1
4
2
2
1
0
0
1
3
0
2
1
1
1
1
0
5
1
4
2
3
1
1
1
1
1
0
0
2
0
2
2
1
2
0
2
0
0
2
0
1
2
6
3
3
3
1
0
1
0
3
1
2
2
0
2
0
1
1
0
0
0
1
0
0
0
3
2
1
2
3
1
0
1
2
1
2
1
0
2
2
0
2
2
0
0
0
1
3
1
0
3
0
2
2
0
0
1
2
2
2
1
2
1
1
2
3
2
2
2
3
2
2
3
0
1
1
2
0
2
0
1
2
1
1
0
0
2
0
2
3
1
1
2
4
1
1
0
4
1
1
1
2
0
0
0
2
3
1
0
0
0
0
0
2
0
1
1
1
2
2
1
0
2
1
3
1
0
1
2
2
1
3
3
3
2
1
2
1
0
2
0
4
2
1
0
3
1
3
3
2
0
4
1
5
2
2
1
3
0
1
2
0
1
0
2
1
0
1
1
3
3
0
0
1
0
3
2
0
1
0
1
2
1
1
1
0
0
0
0
0
0
1
1
1
1
1
0
2
0
2
1
3
2
2
3
1
4
0
0
1
1
1
1
3
0
2
0
5
0
1
2
1
0
5
1
4
0
1
0
1
0
2
2
1
2
1
2
0
1
0
0
0
1
3
1
3
1
1
2
1
1
1
1
2
3
1
0
2
1
2
3
1
1
2
0
2
1
1
1
2
2
0
0
1
5
2
1
0
3
1
2
2
0
0
4
0
1
3
2
1
0
0
1
1
2
0
0
1
5
0
3
3
3
2
1
1
3
0
1
1
1
3
0
0
2
1
2
1
0
1
2
1
1
0
2
1
1
1
1
0
0
1
0
2
1
0
2
1
2
1
0
0
0
0
0
1
1
0
1
1
2
0
1
0
1
0
1
0
0
0
1
0
1
1
0
0
1
3
1
0
0
1
2
0
1
3
2
1
1
0
1
3
1
0
1
1
0
0
1
0
2
0
1
0
1
1
2
0
1
0
1
0
1
2
0
2
1
2
3
1
1
0
1
0
3
1
0
1
0
1
1
2
0
1
1
1
2
1
0
1
1
0
0
1
0
0
1
0
1
1
1
2
1
1
1
1
4
1
1
0
1
0
2
2
1
0
0
2
0
2
0
0
0
0
0
0
1
1
0
1
1
2
0
0
2
2
0
1
0
0
2
1
0
0
2
0
3
1
3
1
0
0
0
2
4
0
0
2
1
0
0
0
1
0
0
0
2
0
3
1
1
4
1
1
0
0
2
0
1
1
1
0
0
0
2
1
1
0
1
2
0
0
1
0
1
0
0
2
1
1
2
1
1
2
0
1
1
0
2
0
1
2
1
2
0
0
1
1
0
0
1
0
1
1
2
1
0
0
1
3
0
1
1
2
3
1
1
1
1
0
0
2
1
1
1
1
1
3
2
2
1
1
1
2
0
0
0
1
1
2
2
0
2
0
0
0
1
1
1
0
1
2
2
0
0
1
2
1
2
3
0
1
1
3
1
0
0
1
3
0
1
1
0
1
0
0
3
1
0
1
1
1
0
0
1
1
3
1
4
1
1
0
1
0
0
0
0
1
1
1
2
1
2
1
2
1
0
0
0
6
0
0
0
4
1
0
2
1
1
0
0
1
2
0
0
1
1
0
1
0
1
1
0
0
2
3
0
2
0
3
1
4
0
4
2
3
2
3
1
0
0
0
1
2
3
1
2
1
1
1
1
0
0
2
0
1
2
0
2
1
0
3
0
1
2
3
0
2
1
1
4
0
2
2
2
2
0
1
1
1
1
2
1
0
2
1
1
0
1
4
0
1
1
1
1
0
0
0
0
2
2
1
1
1
2
2
1
2
1
1
1
2
1
3
0
1
2
1
0
0
0
1
2
1
1
2
0
1
1
1
0
2
1
2
1
0
1
1
0
0
1
0
1
0
0
0
0
1
1
2
1
1
1
2
0
0
1
2
0
0
1
1
1
0
0
1
1
2
0
2
0
1
2
4
0
1
0
0
0
1
1
0
0
1
1
0
1
1
2
1
0
2
2
1
0
1
2
2
0
0
2
1
0
1
1
2
0
3
0
2
1
2
0
0
0
1
0
0
0
0
1
0
2
0
1
3
1
3
3
2
3
0
2
0
0
1
3
0
0
2
0
0
2
1
0
1
1
2
1
1
2
2
1
0
3
2
1
0
0
2
3
0
0
1
1
1
0
0
2
0
2
3
0
2
0
1
1
1
1
0
3
1
2
4
1
0
0
1
1
0
0
1
2
0
2
1
2
0
1
1
0
0
3
6
0
1
1
2
1
0
2
2
0
2
0
1
0
1
1
1
2
0
3
2
1
3
0
1
0
0
0
0
0
1
3
2
0
1
1
1
0
0
0
3
1
0
1
0
2
3
0
2
1
3
0
1
1
3
4
0
1
0
1
0
2
2
1
0
1
1
1
2
1
3
0
1
1
2
0
1
3
1
0
1
1
0
1
3
0
1
2
1
3
0
0
1
1
0
0
2
3
4
4
0
1
0
1
1
1
2
1
2
0
0
2
1
0
1
0
1
1
0
0
0
0
0
2
3
1
0
2
1
2
0
1
2
0
0
0
0
0
2
0
1
0
0
2
0
0
1
1
1
1
1
2
2
0
1
2
0
0
2
0
1
1
0
1
1
0
1
3
1
0
1
1
0
2
0
0
0
2
2
1
1
0
2
0
0
0
0
1
1
0
1
1
0
2
0
2
0
1
1
0
0
1
0
0
0
1
1
0
1
3
1
0
2
2
5
2
0
1
0
0
0
1
3
1
1
0
2
0
1
1
1
0
0
0
1
1
1
0
0
1
1
1
2
1
3
1
0
0
0
1
1
1
1
1
0
0
3
2
4
0
0
1
0
3
0
0
2
0
1
0
1
1
0
0
2
0
0
1
0
0
1
0
1
0
1
0
1
0
1
0
1
2
0
0
1
0
1
1
1
1
1
2
0
2
0
1
0
1
1
1
2
1
2
1
1
0
0
0
0
1
1
0
1
0
1
1
0
1
1
0
0
0
1
1
0
2
0
0
0
1
2
2
1
1
1
1
1
3
1
1
0
2
0
1
0
0
1
2
2
1
1
1
2
0
0
0
2
0
1
2
1
0
2
1
1
0
1
0
1
0
1
1
2
0
1
1
0
1
0
1
1
0
0
0
0
0
1
1
1
0
3
1
1
0
1
1
2
0
2
1
1
1
0
0
0
0
0
0
1
0
0
0
1
2
1
1
0
0
2
0
1
0
3
2
0
1
0
2
2
1
2
2
0
2
1
0
1
0
0
1
1
0
0
0
0
1
0
0
2
0
0
1
3
0
1
2
2
1
2
1
1
1
0
0
1
2
0
1
0
1
1
2
4
1
2
0
1
0
0
0
0
0
1
2
1
0
4
0
2
1
2
0
0
0
2
3
0
3
1
2
2
2
1
0
0
0
2
1
3
2
2
0
1
1
3
1
4
4
1
1
3
3
0
2
1
4
0
1
2
5
5
3
5
1
2
3
1
1
2
3
1
7
4
5
6
11
5
9
9
11
8
7
8
8
10
18
7
9
8
12
5
9
10
13
9
12
15
8
9
9
9
15
9
11
11
9
8
9
13
8
21
11
14
17
8
12
11
14
12
9
16
6
14
15
11
11
11
14
13
20
11
9
10
8
11
13
8
7
10
10
13
13
10
13
4
9
9
9
11
14
4
5
4
8
4
6
7
8
2
8
6
3
2
4
2
3
5
6
8
5
6
9
6
4
6
4
4
1
1
4
4
2
2
1
2
2
5
4
1
3
0
3
4
3
5
1
3
2
2
1
2
2
1
2
0
0
0
1
2
1
1
2
3
2
1
0
1
1
2
0
1
2
0
0
2
3
3
2
0
0
1
1
3
1
0
1
0
0
1
1
0
0
0
2
0
1
1
0
2
2
0
0
1
2
0
2
3
0
0
0
0
1
2
0
2
0
1
0
1
1
0
1
0
0
0
0
0
0
2
0
1
4
2
0
1
1
1
0
0
0
0
0
3
1
1
1
0
1
0
0
1
0
1
0
0
0
2
0
1
1
0
0
1
2
2
2
1
1
0
0
0
0
0
0
1
0
0
3
1
0
0
0
1
1
0
1
2
0
1
1
0
0
0
0
0
0
0
1
1
0
2
1
0
0
1
1
0
1
1
0
2
1
1
1
0
0
1
0
0
1
0
0
3
1
1
0
0
0
0
2
2
1
0
0
1
1
0
2
0
1
0
1
1
0
1
0
1
0
1
0
1
0
5
0
0
3
1
3
0
1
0
1
0
4
0
1
2
0
1
0
0
0
2
1
1
1
0
0
1
0
0
1
0
0
0
1
0
0
1
1
0
0
0
0
0
0
0
0
1
0
0
1
0
2
3
0
0
0
0
0
0
1
0
0
2
0
3
0
1
0
0
0
1
1
0
0
2
0
0
0
1
0
2
0
1
0
1
0
1
0
1
0
0
0
0
2
0
1
1
1
0
0
1
0
0
0
0
1
0
0
0
0
0
0
0
1
1
2
0
1
0
0
0
1
0
0
1
0
0
0
1
0
1
1
0
0
1
0
0
0
0
0
0
0
1
1
1
1
1
0
1
0
1
0
2
1
0
1
0
1
0
0
0
1
0
0
0
1
0
0
0
2
0
0
2
0
0
1
0
1
1
0
0
0
0
0
2
1
0
1
0
0
1
1
0
3
0
0
1
0
0
0
3
0
2
1
0
0
0
0
1
0
1
0
4
0
1
0
2
1
0
0
0
5
1
1
1
2
0
3
0
0
0
0
2
0
1
0
1
2
2
1
1
0
0
1
1
1
1
1
0
1
0
0
0
0
1
1
0
0
0
0
1
1
0
1
1
0
2
2
1
1
0
0
0
0
1
2
1
1
0
0
0
2
2
0
0
2
1
1
0
2
1
0
0
2
0
0
0
1
0
0
0
0
1
0
2
0
0
0
0
0
1
1
0
0
1
0
0
0
0
0
0
0
0
1
0
1
0
2
2
0
1
0
1
1
1
2
0
1
0
0
0
0
0
0
0
0
1
0
0
0
1
1
1
0
0
0
0
1
1
0
0
2
3
2
0
2
0
0
0
0
0
0
1
0
0
3
0
2
1
0
1
0
1
1
0
2
1
0
0
1
0
0
1
0
1
1
2
0
1
1
1
0
0
1
0
0
0
0
2
2
0
0
0
1
1
0
1
1
0
0
1
0
0
0
0
1
0
0
1
0
0
0
0
0
1
0
1
0
0
1
0
0
0
1
1
0
0
0
0
1
2
0
1
0
1
0
0
0
1
0
1
1
1
0
0
0
0
0
1
3
0
0
1
1
0
0
1
1
0
2
0
0
0
0
0
1
0
0
0
0
0
0
0
0
0
0
1
1
2
1
1
1
1
0
0
1
0
1
2
3
0
0
1
3
1
0
0
0
0
1
0
1
0
0
0
1
0
1
2
2
0
1
0
3
1
0
0
0
0
0
0
1
1
0
2
0
0
0
1
1
0
0
0
0
2
0
2
0
1
0
0
0
0
2
1
1
0
1
1
1
0
0
1
0
0
1
1
0
0
0
1
0
0
0
0
2
0
1
0
1
1
1
0
1
1
0
0
0
1
0
1
1
0
0
0
0
0
0
0
0
0
0
0
0
0
0
2
1
0
0
2
1
0
0
1
0
1
0
1
0
1
0
0
0
0
0
1
0
2
1
0
0
0
2
1
1
0
1
0
0
1
2
1
1
0
0
0
0
0
1
0
0
0
1
2
0
0
0
1
0
0
0
0
0
0
0
0
0
1
1
2
0
0
0
0
0
0
0
0
0
0
1
1
2
0
0
0
0
0
0
0
0
0
0
0
0
0
0
0
0
0
0
0
0
0
0
0
0
0
0
0
0
0
0
0
0
0
0
0
0
0
0
0
0
0
0
0
0
0
0
0
0
0
0
0
0
0
0
0
0
0
0
0
0
0
0
0
0
0
0
0
0
0
0
0
0
0
0
0
0
0
0
0
0
0
0
0
0
0
0
0
0
0
0
0
0
0
0
0
0
0
0
0
0
0
0
0
0
0
0
0
0
0
0
0
0
0
0
0
0
0
0
0
0
0
0
0
0
0
0
0
0
0
0
0
0
0
0
0
0
0
0
0
0
0
0
0
0
0
0
0
0
0
0
0
0
0
0
0
0
0
0
0
0
0
0
0
0
0
0
0
0
0
0
0
0
0
0
0
0
0
0
0
0
0
0
0
0
0
0
0
0
0
0
0
0
0
0
0
0
0
0
0
0
0
0
0
0
0
0
0
0
0
0
0
0
0
0
0
0
0
0
0
0
0
0
0
0
0
0
0
0
0
0
0
0
0
0
0
0
0
0
0
0
0
0
0
0
0
0
0
0
0
0
0
0
0
0
0
0
