0
0
0
0
0
0
0
0
0
0
0
0
0
0
0
0
0
0
0
0
0
0
0
0
0
0
0
0
0
0
0
0
0
0
0
0
0
0
0
0
0
0
0
0
0
0
0
0
0
0
0
0
0
0
0
0
0
0
0
0
0
0
0
0
0
0
0
0
0
0
0
0
0
0
0
0
0
0
0
0
0
0
0
0
0
0
0
0
0
0
0
0
0
0
0
0
0
0
0
0
0
0
0
0
0
0
0
0
0
0
0
2
18
667
5043
10011
9942
8916
8598
8245
8202
8175
8261
8331
8422
8525
8680
8715
8747
9032
8980
8852
9154
9183
9287
9093
9125
9312
9083
9312
9059
9143
9065
9213
9012
9055
8965
9060
8861
8967
8753
8679
8754
8799
8786
8655
8743
8763
8564
8500
8481
8533
8597
8457
8431
8455
8499
8543
8261
8322
8406
8429
8394
8386
8358
8255
8200
8098
8010
8065
8131
8089
8085
8088
8026
8041
8130
7907
8046
7837
8025
8113
7817
7942
7988
8116
7980
7859
7728
7872
7815
7881
7656
7871
7586
7716
7729
7707
7872
7780
7587
7697
7559
7665
7796
7555
7519
7571
7546
7528
7762
7654
7597
7540
7510
7401
7297
7523
7493
7431
7410
7326
7493
7542
7401
7443
7376
7292
7311
7418
7249
7526
7431
7522
7122
7448
7254
7306
7210
7237
7135
7168
7192
7319
7131
7219
7206
7143
7135
7077
7267
7171
7171
7067
7122
7154
7109
7068
7199
7150
7165
6984
6964
7112
6906
7052
6979
6915
7070
6914
7076
7013
6947
6983
6906
6969
7022
6865
6874
7027
7010
6922
7013
6861
6897
6982
6883
6953
7015
6967
6752
6766
6844
6933
6823
6799
6866
6931
6935
6644
6634
6969
6817
6768
6818
6917
6736
6713
6902
6617
6690
6748
6790
6835
6677
6852
6802
6743
6588
6683
6919
6728
6810
6605
6718
6719
6587
6651
6695
6629
6607
6728
6488
6598
6605
6616
6560
6689
6591
6754
6579
6660
6573
6779
6490
6630
6522
6467
6526
6695
6560
6456
6468
6461
6599
6480
6500
6509
6539
6718
6467
6517
6384
6442
6463
6664
6456
6482
6514
6509
6480
6470
6382
6431
6301
6560
6364
6347
6491
6403
6302
6374
6416
6498
6365
6414
6159
6333
6332
6379
6486
6417
6344
6286
6455
6300
6325
6379
6296
6440
6375
6272
6370
6412
6312
6232
6357
6072
6406
6312
6219
6322
6126
6413
6221
6186
6273
6200
6339
6364
6301
6192
6195
6203
6278
6221
6264
6225
6299
6241
6068
6178
6077
6032
6147
6182
6375
6115
6185
6188
6189
6347
6211
6029
6132
6142
6131
6154
6192
6205
6090
6088
6135
6267
6162
6177
6172
6186
6131
5996
6175
6291
6156
6170
6225
6127
6119
6229
6088
6247
6176
6095
6235
6047
6044
6077
6073
6108
6071
6064
6011
6138
6044
6080
6016
6100
6045
6116
6090
6032
6078
5974
6081
6080
6190
6018
6030
6113
5930
6062
6052
5891
6092
6116
6081
6041
6014
6058
5919
5945
6110
6033
6027
6104
6092
6043
5999
5953
5906
5965
6127
5958
6026
6071
5991
6056
5845
5958
5894
5905
5856
5905
5920
5956
5944
5880
6068
5837
5945
5887
5913
5835
5957
5932
5933
5974
5901
5997
5875
5953
5999
6001
5754
5931
5817
5859
6007
6008
5857
5897
5944
5902
5853
5907
5939
6017
5829
5928
5904
5902
5873
5738
5907
5802
5883
5870
5875
5743
5837
5804
5931
5878
5938
5820
5832
5800
5842
5885
5853
5864
5902
5897
5677
5693
5912
6003
5799
5768
5767
5707
5825
5785
5790
5908
5790
5809
5713
5668
5908
5842
5791
5756
5897
5779
5807
5899
5803
5766
5733
5902
5730
5760
5664
5882
5784
5910
5828
5805
5666
5826
5787
5811
5837
5791
5816
5756
5695
5796
5895
5790
5797
5754
5709
5716
5824
5800
5848
5768
5876
5818
5981
5855
5729
5663
5757
5776
5731
5650
5714
5872
5776
5997
5599
5829
5868
5856
5746
5836
5750
5813
5763
5935
5789
5651
5723
5797
5784
5687
5846
5840
5772
5779
5863
5804
5861
5862
5799
5899
5836
5908
5893
5735
5838
5870
5825
5800
5803
5845
5705
5896
5839
5713
5840
5776
5669
5851
5780
5628
5918
5735
5724
5778
5969
5750
5850
5920
5843
5816
5784
5748
5800
5878
5820
5850
5829
5779
5847
5801
5874
5819
5896
5878
5884
5633
5808
5843
5779
5604
5773
5752
5703
5750
5878
5846
5770
5866
5775
5841
5713
5812
5865
5797
5820
5787
5721
5868
5784
5861
5730
5741
5772
5735
5673
5797
5811
5746
5723
5738
5797
5742
5795
5818
5894
5841
5954
5816
5919
5895
5780
5930
5890
5917
6126
6084
5840
5994
5855
5923
6038
6028
6011
5879
5911
5931
5855
5876
5924
5979
5914
6064
5897
5970
6052
5945
6066
5954
5944
5880
5908
6014
6112
5896
6052
5988
6084
6014
5911
5985
5916
5739
5971
6108
6056
5998
6048
6026
5980
5990
6030
5968
6025
6174
6015
6114
6170
6176
6267
6596
6610
6770
6587
6707
6702
6567
6515
6474
6373
6287
6454
6376
6162
6142
6250
6173
6063
6053
6117
5908
6005
6020
5976
5943
5862
5842
5712
5909
5726
5772
5717
5775
5643
5762
5802
5642
5745
5590
5680
5646
5619
5538
5679
5602
5646
5737
5608
5575
5656
5603
5738
5740
5535
5692
5646
5637
5663
5527
5457
5713
5696
5568
5681
5583
5682
5794
5685
5657
5583
5755
5647
5611
5673
5558
5753
5741
5747
5683
5722
5758
5662
5833
5713
5676
5804
5745
5722
5766
5784
5686
5883
5775
5768
5779
5847
5790
5735
5907
5749
5856
5990
5718
5815
5800
5708
5627
5752
5819
5880
5952
5837
5909
5748
5720
5881
5919
5742
5844
5874
5789
5852
5816
5980
5941
5899
5941
5778
5992
5936
5939
6008
5820
5898
5872
5961
5983
5962
5978
5975
6024
5944
6092
6035
5971
6129
6160
6017
6054
5897
6084
5925
6088
5833
6137
6080
6017
6157
6115
6073
6040
6099
6132
6209
6135
6183
6286
5931
6186
6154
6159
6204
6189
6218
6148
6366
6295
6074
6259
6124
6154
6158
6146
6193
6333
6141
6231
6115
6294
6304
6324
6314
6278
6413
6273
6216
6345
6176
6486
6407
6356
6405
6399
6328
6510
6359
6458
6350
6487
6590
6558
6514
6341
6475
6509
6426
6467
6393
6447
6549
6373
6355
6467
6364
6539
6562
6525
6563
6602
6612
6369
6641
6589
6738
6738
6656
6545
6418
6667
6602
6613
6702
6534
6675
6618
6596
6656
6757
6592
6844
6712
6739
6645
6637
6915
6787
6632
6713
6744
6635
6661
6836
6775
6707
6789
6797
6876
6721
6670
6737
6888
6662
6892
6707
6773
6744
6707
6809
6840
6871
6672
6861
6860
6936
6797
6912
6887
6856
6723
6764
6830
6771
6809
6962
6967
6815
6952
6953
7056
6864
6781
7028
6884
7035
7023
6966
6906
6825
7043
6883
7197
6957
7043
7009
7062
6866
7085
6962
7040
7150
7047
6972
7039
7110
7042
7239
7050
7085
7085
7060
7170
7122
7173
7060
7166
7144
7131
7076
7085
7321
7327
7197
7150
7241
7390
7231
7186
7082
7234
7181
7240
7137
7211
7254
7168
7244
7251
7342
7073
7388
7385
7171
7285
7203
7308
7358
7254
7243
7251
7344
7472
7343
7235
7282
7279
7322
7300
7281
7397
7355
7302
7322
7462
7333
7381
7377
7306
7455
7291
7331
7326
7354
7502
7500
7488
7346
7496
7563
7230
7514
7562
7332
7501
7634
7504
7380
7399
7477
7479
7479
7576
7578
7278
7638
7526
7466
7523
7517
7435
7655
7411
7701
7501
7517
7676
7470
7514
7632
7678
7578
7356
7541
7502
7610
7661
7639
7545
7540
7436
7530
7624
7718
7654
7610
7760
7577
7807
7653
7886
7694
7759
7723
7752
7714
7683
7609
7723
7677
7616
7683
7713
7778
7665
7660
7672
7714
7838
7746
7844
7748
7726
7832
7868
7714
7718
7883
7866
7749
7793
7854
7876
7763
7762
7895
7876
7899
7788
7846
7991
7729
7696
7860
7964
7932
7930
7807
7861
7864
7939
8065
7689
7902
7951
7821
8031
7840
7811
7879
7957
7956
7915
7870
8125
7977
8035
7948
8003
8003
7854
8168
7948
8036
8060
8077
8100
8052
8008
8066
8170
7987
8132
8022
8167
8204
8208
8260
8191
8113
8104
8201
8163
8110
8181
8203
8183
8241
8094
8214
8259
8220
8207
8170
8295
8162
8437
8275
8424
8283
8314
8296
8274
8142
8315
8296
8454
8298
8384
8251
8416
8349
8075
8594
8428
8227
8449
8405
8309
8369
8488
8442
8585
8497
8391
8578
8481
8380
8421
8432
8646
8418
8329
8658
8400
8392
8427
8629
8473
8589
8656
8543
8613
8641
8536
8564
8582
8656
8529
8753
8732
8545
8646
8744
8644
8722
8650
8633
8598
8686
8896
8706
8702
8594
8697
8687
8883
8815
8860
8771
8810
8603
8764
8591
8995
8801
8764
8852
8958
8882
8875
8935
8932
8798
8777
8714
8950
8807
8792
8888
8880
8824
8944
9042
8813
8751
8741
8876
8872
8770
8976
9108
9047
8796
9019
9023
8916
8966
8966
9077
9037
9177
8947
9175
9050
9036
9187
8950
9200
9117
8996
9170
9077
9176
9184
9174
9089
9118
9104
9279
9198
9167
9298
9065
9259
9339
9198
9254
9491
9359
9054
9380
9296
9205
9491
9386
9216
9378
9482
9454
9561
9376
9599
9459
9562
9317
9573
9576
9587
9469
9359
9656
9634
9494
9615
9459
9622
9632
9563
9800
9676
9717
9617
9668
9797
9815
9662
9634
9737
9744
9591
9677
9698
9806
9661
9825
9630
9827
9728
9834
9823
9773
9965
9675
9567
9790
9747
9661
9782
9788
9750
9703
9692
9761
9775
9776
9823
9794
9812
9951
9823
9698
9904
9781
9676
9842
9811
9868
9811
9919
9734
9951
10029
9956
9880
9765
9877
9782
9902
10005
9944
9985
9779
9878
9910
10029
9793
9939
10021
9922
10004
9852
9870
10062
9761
9918
10078
9936
9837
9978
9684
9750
10064
9918
10056
9725
9864
9881
9805
9717
10027
9858
9945
9959
10032
9940
9972
10171
10002
10109
10180
10194
10129
10258
10318
10436
10341
10316
10274
10223
10080
10177
10030
10046
9985
10128
10008
9987
9918
9727
9967
9712
9745
9808
9521
9725
9645
9571
9781
9650
9351
9444
9467
9332
9566
9441
9478
9313
9343
9396
9324
9350
9409
9331
9513
9125
9201
9234
9227
9296
9088
9215
9041
9366
9137
9252
9081
9102
9032
9068
9127
9171
9172
9005
9090
9229
9197
9301
9074
9133
9244
9126
8959
8881
9085
8950
8985
9027
8981
9118
8982
9031
8906
9175
8980
9062
8637
8942
9195
8839
8904
8830
8868
8949
8959
8847
9020
8762
8801
8806
8842
8806
8802
8791
8921
8907
8925
8895
8830
8940
8712
8964
8921
8651
8887
8784
8636
8766
8836
8833
8761
8767
8781
8817
8708
8770
8796
8608
8636
8585
8552
8602
8727
8706
8737
8674
8706
8720
8906
8691
8727
8741
8585
8552
8634
8542
8616
8642
8627
8584
8653
8630
8541
8590
8570
8602
8648
8710
8428
8620
8668
8578
8659
8655
8584
8446
8549
8663
8416
8519
8431
8413
8642
8440
8575
8506
8578
8501
8252
8458
8599
8412
8517
8507
8293
8433
8376
8365
8375
8398
8255
8450
8420
8533
8527
8321
8386
8344
8481
8392
8419
8366
8463
8270
8464
8530
8335
8322
8375
8270
8448
8180
8412
8391
8345
8393
8353
8337
8245
8503
8265
8398
8255
8131
8248
8339
8158
8260
8290
8370
8181
8423
8340
8407
8310
8081
8360
8323
8205
8223
8319
8129
8191
8068
8191
8115
8240
8259
8213
8117
8296
8113
8208
8138
8258
8207
8079
8167
8089
8204
8233
8112
8278
8109
8174
8199
8357
8311
8235
8039
8122
7947
8106
8179
8011
8029
8105
8215
8215
8056
8158
8030
8085
7913
8076
7878
8136
7961
8091
8024
8080
8033
7959
8030
8050
8088
8069
8098
8098
8011
7971
7823
7946
8082
8032
7944
8049
7919
7948
7870
8060
8034
8059
7831
7863
7886
7850
7873
7920
8084
7982
7955
7885
7848
7884
7777
7935
7951
7963
7950
8041
7867
7817
7825
8041
7952
7758
7886
8061
7738
7955
7806
7810
7773
7761
7812
7730
7937
7830
7748
7743
7854
7953
7794
7996
7871
7716
7760
7809
7873
7884
7871
7678
7770
7819
7837
7742
7659
7823
7712
7787
7810
7670
7807
7734
7665
7713
7675
7642
7666
7599
7735
7822
7575
7749
7685
7621
7742
7742
7789
7676
7648
7630
7562
7549
7596
7734
7620
7699
7795
7605
7707
7510
7678
7546
7592
7601
7449
7610
7547
7644
7406
7546
7597
7382
7556
7569
7406
7356
7457
7439
7508
7386
7495
7438
7551
7458
7428
7562
7364
7308
7420
7466
7267
7572
7468
7215
7264
7448
7338
7403
7440
7401
7160
7303
7231
7335
7159
7291
7160
7299
7367
7176
7157
7324
7119
6970
7030
7215
7208
6989
7016
7062
7068
6942
7016
6937
6930
6940
7017
6784
6897
6971
6855
6968
6957
6776
6865
6833
7015
6897
6725
6808
6784
6628
6660
6700
6489
6633
6597
6570
6630
6705
6589
6488
6457
6461
6587
6531
6468
6411
6615
6471
6379
6427
6366
6368
6414
6339
6286
6429
6433
6297
6273
6281
6189
6305
6425
6181
6195
6314
6175
6398
6110
6290
6216
6063
6193
6091
6208
6157
6037
6109
6112
5910
6085
6119
5957
6033
5990
6032
5902
6000
5994
6002
5977
5822
6100
5836
6074
5959
5894
5926
5853
5910
5900
5931
5745
5706
5843
5950
5782
5947
5856
5743
5791
5934
5775
5809
5732
5813
5875
5809
5775
5665
5925
5773
5791
5574
5820
5827
5661
5761
5908
5830
5747
5676
5719
5791
5746
5729
5693
5800
5573
5680
5715
5670
5870
5705
5825
5579
5643
5787
5697
5736
5839
5886
5910
5866
5708
5750
5663
5694
5633
5749
5714
5633
5779
5740
5581
5681
5783
5659
5493
5726
5840
5689
5750
5754
5731
5694
5627
5802
5703
5640
5840
5688
5630
5714
5615
5584
5653
5733
5742
5771
5813
5661
5881
5809
5920
5955
5914
5868
6051
6101
5989
5959
5872
5862
5927
5819
5910
5886
5748
5933
5662
5723
5697
5696
5701
5616
5548
5486
5526
5614
5350
5479
5386
5517
5276
5234
5276
5320
5340
5365
5266
5231
5257
5222
5219
5224
5127
5165
5095
5026
5219
5053
5232
5097
5178
5194
5203
5188
5005
5176
5106
5102
5050
5141
5056
4971
5113
5150
5086
4953
5087
5001
5083
5153
5015
5082
5058
5213
4972
4931
5029
5087
4914
4996
4935
5047
4927
5055
4980
5060
4981
5082
4827
4758
4957
4858
4962
4923
4950
4897
4934
4989
4902
4788
4774
4888
4799
4809
4835
4869
4848
4801
4890
4868
4750
4794
4779
4821
4765
4817
4916
4828
4872
4794
4876
4849
4756
4812
4760
4738
4706
4763
4748
4696
4857
4697
4711
4803
4674
4681
4780
4779
4661
4712
4730
4643
4764
4663
4724
4630
4717
4687
4525
4563
4700
4654
4662
4590
4708
4554
4645
4680
4577
4684
4715
4704
4569
4689
4687
4671
4590
4671
4549
4681
4704
4716
4692
4518
4584
4667
4593
4668
4670
4428
4622
4504
4516
4534
4480
4603
4568
4469
4522
4638
4629
4403
4508
4505
4610
4556
4493
4474
4516
4436
4707
4495
4574
4480
4468
4474
4552
4397
4467
4484
4531
4446
4469
4321
4477
4453
4495
4420
4433
4398
4441
4496
4439
4432
4409
4453
4445
4423
4492
4371
4357
4510
4422
4373
4389
4358
4363
4451
4483
4369
4483
4397
4419
4430
4349
4447
4394
4344
4415
4392
4467
4311
4319
4301
4272
4395
4341
4338
4318
4291
4136
4396
4401
4340
4323
4349
4360
4238
4285
4351
4292
4330
4314
4223
4356
4310
4339
4408
4375
4356
4251
4345
4266
4285
4442
4241
4360
4283
4325
4395
4369
4279
4263
4238
4087
4159
4297
4277
4190
4203
4310
4246
4231
4296
4210
4248
4130
4181
4248
4140
4323
4122
4208
4135
4189
4242
4229
4256
4274
4145
4217
4099
4263
4128
4213
4267
4164
4184
4241
4292
4236
4197
4132
4094
4171
4149
4153
4048
4151
4202
4006
4172
4247
4197
4253
4291
4256
4265
4170
4085
4251
4059
4142
4105
4121
4197
4114
4063
4071
4169
4097
4079
4147
4099
3978
4019
4114
4190
4182
4126
4148
4175
4003
4137
4152
4209
3983
4044
4131
4274
4076
4028
4081
4199
4037
4081
4090
4094
4052
4151
4115
4056
4049
4097
3949
4039
4046
4100
4024
4045
3991
4012
4102
4141
4037
4005
4050
3999
3936
4100
4085
3928
4016
3994
3917
3965
4054
3970
4101
3976
3990
4104
4022
3997
4080
3962
4090
3960
4044
4096
4063
4051
4031
4065
4033
3998
3943
3901
3995
3946
3908
4030
3970
3959
3969
4018
4034
4023
3945
4091
4044
3966
3954
3942
4005
3947
4057
3951
4031
4094
3997
3921
4039
4085
3956
4006
3895
4100
4053
3955
3929
3944
4061
3988
4000
4009
4059
4079
3939
4168
4160
4166
4212
4175
4290
4324
4475
4521
4596
4554
4744
4761
4835
5050
5171
5141
5317
5365
5452
5482
5608
5629
5818
5839
5996
6025
5881
6187
6365
6349
6371
6520
6455
6621
6677
6775
6836
6875
6874
6977
6938
7026
6979
7078
7215
7145
7142
7229
7069
7159
7200
7121
7081
7261
7168
7369
7147
7312
7259
7477
7559
7616
7805
7632
7790
8340
8379
8721
8993
9311
9946
10274
10829
11080
11752
12201
12344
12638
12647
12804
12736
12517
12502
12066
11608
11308
11151
10881
10354
10088
9739
9283
9041
8698
8453
8053
7615
7385
7085
6821
6533
6299
6164
5798
5732
5680
5297
5240
5048
4908
4773
4676
4534
4311
4272
4239
4187
4040
4093
3977
3914
3812
3719
3717
3761
3652
3602
3639
3647
3513
3597
3544
3529
3501
3471
3457
3503
3520
3537
3421
3449
3443
3509
3451
3462
3407
3501
3479
3309
3419
3372
3424
3439
3515
3446
3535
3519
3584
3440
3323
3390
3334
3592
3332
3426
3304
3409
3407
3509
3444
3461
3439
3415
3433
3360
3307
3426
3401
3485
3418
3367
3447
3431
3389
3290
3376
3447
3362
3541
3433
3434
3361
3486
3360
3377
3449
3350
3412
3387
3474
3251
3375
3373
3383
3454
3344
3466
3298
3448
3410
3351
3406
3464
3408
3332
3338
3419
3435
3408
3346
3364
3364
3356
3394
3376
3356
3373
3460
3417
3359
3418
3426
3398
3373
3397
3408
3356
3282
3377
3358
3435
3371
3394
3389
3379
3390
3406
3412
3478
3325
3440
3363
3403
3358
3419
3456
3435
3382
3430
3315
3481
3478
3449
3402
3390
3434
3533
3490
3610
3558
3598
3672
3828
3877
3844
3940
4028
4105
4248
4469
4634
4729
4868
5023
5183
5420
5653
5818
5995
6181
6391
6548
6596
7073
7405
7578
7692
7713
8182
8322
8345
8728
8896
9056
9472
9468
9508
9932
10039
10172
10443
10182
10521
10492
10795
10847
10984
11262
11116
11205
11548
11221
11325
11434
11635
11426
11568
11620
11626
11602
11844
11785
11922
11985
12230
12365
12677
12772
13242
13677
13965
14790
15273
16168
17194
18312
19528
20320
21615
22254
23255
23715
24078
24367
24211
24133
23692
23077
22332
21918
21349
20504
19842
18871
18158
17394
16690
15847
14798
14300
13414
12748
11834
11257
10580
10019
9405
8674
8525
7870
7462
7035
6447
6301
5862
5505
5277
4992
4803
4605
4330
4015
3933
3770
3543
3541
3455
3369
3193
3181
3050
3021
2938
2868
2777
2786
2741
2733
2781
2684
2661
2666
2621
2598
2436
2526
2546
2601
2594
2433
2513
2559
2630
2527
2489
2528
2515
2493
2545
2514
2547
2510
2517
2512
2473
2545
2400
2558
2438
2509
2468
2510
2553
2520
2520
2588
2462
2519
2476
2410
2499
2395
2510
2540
2473
2557
2484
2546
2430
2413
2502
2537
2437
2416
2418
2490
2514
2384
2524
2433
2418
2426
2460
2548
2464
2475
2402
2430
2364
2441
2451
2507
2433
2414
2474
2438
2484
2406
2429
2359
2421
2442
2435
2414
2347
2510
2449
2456
2504
2542
2363
2451
2425
2489
2538
2416
2511
2423
2504
2501
2381
2497
2434
2393
2353
2394
2386
2472
2473
2376
2463
2427
2439
2404
2372
2417
2469
2393
2374
2306
2422
2360
2327
2437
2357
2440
2493
2492
2430
2482
2423
2323
2384
2387
2395
2396
2342
2369
2393
2450
2417
2420
2362
2441
2352
2278
2447
2450
2321
2480
2445
2402
2468
2386
2404
2433
2412
2514
2451
2403
2355
2448
2369
2394
2312
2367
2395
2422
2527
2351
2364
2348
2424
2341
2364
2438
2358
2378
2425
2372
2409
2367
2299
2468
2489
2458
2348
2314
2320
2410
2395
2318
2365
2359
2343
2413
2361
2275
2318
2364
2377
2396
2338
2368
2360
2408
2295
2365
2302
2330
2257
2413
2400
2415
2331
2343
2412
2334
2322
2346
2425
2436
2382
2408
2334
2302
2351
2367
2318
2295
2312
2404
2337
2337
2455
2291
2369
2293
2382
2385
2276
2376
2377
2365
2300
2348
2412
2353
2362
2425
2316
2332
2374
2431
2229
2347
2421
2285
2390
2307
2276
2323
2303
2349
2349
2404
2326
2333
2363
2322
2395
2292
2394
2338
2289
2318
2394
2320
2355
2362
2247
2380
2400
2363
2354
2376
2248
2333
2244
2270
2341
2291
2316
2274
2307
2301
2400
2284
2345
2242
2339
2365
2259
2393
2391
2302
2292
2424
2248
2364
2376
2326
2302
2283
2285
2323
2361
2334
2451
2391
2369
2375
2279
2284
2389
2339
2326
2344
2363
2362
2372
2314
2425
2317
2330
2400
2328
2336
2245
2309
2336
2317
2413
2208
2407
2266
2353
2354
2347
2274
2247
2425
2461
2359
2439
2315
2441
2381
2370
2336
2323
2402
2364
2362
2390
2338
2399
2334
2475
2396
2411
2404
2434
2323
2374
2365
2467
2370
2420
2406
2414
2385
2387
2443
2459
2410
2435
2451
2456
2436
2440
2353
2453
2464
2526
2465
2476
2563
2566
2527
2578
2525
2579
2757
2626
2695
2768
2704
2847
3062
3116
3152
3338
3447
3681
3954
4260
4531
4782
4932
5436
5715
6239
6628
7109
7579
8156
8698
9213
9796
10558
11073
11706
12315
13002
13895
14329
15017
15546
16345
16831
17598
18327
18704
19478
19950
20716
21130
21537
22424
22786
23295
23811
23834
24697
24814
24905
25368
26058
26153
26317
26369
26756
27051
27127
27744
27397
27811
28166
28349
28358
28496
28735
29107
29603
30040
30834
31132
31993
33002
34269
35027
37114
38810
40788
42937
45200
48005
50647
53129
55453
57980
59224
60376
61771
61950
62448
61801
60759
59400
58276
56643
54310
52649
50519
48235
46023
43693
40992
39313
37013
34970
32713
30488
28420
26529
24535
22765
21069
19389
17902
16535
15030
13748
12497
11460
10382
9350
8701
8055
7131
6504
5877
5527
4917
4515
3974
3595
3268
2959
2799
2489
2239
2077
1957
1837
1729
1585
1432
1327
1250
1143
1093
1075
1008
954
928
918
785
826
808
804
764
751
750
681
672
683
662
661
650
723
656
647
645
617
630
588
603
580
580
586
608
558
614
552
575
584
611
559
555
577
587
591
567
581
643
607
556
521
590
561
546
551
576
554
578
581
492
534
523
584
547
580
531
570
571
505
519
539
529
552
566
532
551
518
510
529
559
576
548
513
499
532
526
557
555
520
521
582
484
515
507
522
525
505
558
541
521
514
538
472
528
499
532
536
552
520
567
483
490
476
501
585
526
507
532
522
517
558
536
514
500
497
551
496
490
522
540
530
504
540
549
526
481
500
499
548
519
543
530
509
549
562
574
583
617
619
558
602
655
635
657
701
725
804
756
874
894
911
1030
1020
1077
1213
1130
1298
1353
1432
1516
1571
1679
1751
1982
1926
2011
2078
2172
2339
2458
2584
2563
2642
2678
2817
2886
3036
2988
3103
3230
3237
3281
3375
3465
3538
3616
3631
3618
3705
3825
3821
3784
3889
3758
3777
3970
3950
4057
4017
4147
4054
4035
4122
4147
4161
4311
4351
4545
4480
4656
4915
5062
5285
5535
5774
5967
6409
6750
6910
7437
7599
7906
7873
8019
8324
8449
8237
8281
8166
8020
7751
7545
7404
7217
6825
6660
6468
6041
5595
5324
5009
4839
4620
4196
4024
3684
3365
3218
3043
2836
2559
2376
2179
2047
1926
1741
1577
1506
1350
1257
1105
1024
994
914
821
751
730
648
592
569
533
506
459
420
405
399
407
381
333
356
360
325
297
336
277
297
285
315
271
290
327
252
237
286
273
303
249
258
260
268
268
235
251
263
226
252
256
261
211
245
258
240
246
241
224
241
243
243
222
222
208
258
233
236
261
226
239
229
220
245
226
239
252
229
192
233
212
216
208
236
223
237
242
213
211
230
229
233
223
231
243
232
195
206
229
230
217
220
205
214
230
200
268
219
220
230
196
224
230
237
235
232
255
180
228
209
227
225
218
220
212
218
219
212
224
231
209
183
217
231
198
215
221
238
214
207
236
237
235
202
200
197
208
205
212
201
214
215
220
208
201
215
194
223
220
214
186
196
191
180
224
231
192
229
225
193
233
220
214
188
206
218
220
203
205
209
195
222
215
183
218
197
193
195
192
200
219
203
212
224
182
200
188
191
201
190
187
183
212
200
211
196
225
196
207
207
170
203
195
192
198
189
199
195
172
202
199
198
209
188
191
192
209
207
179
208
184
198
195
190
184
201
183
208
194
185
205
209
197
174
179
187
201
203
176
194
188
174
193
179
170
197
173
169
177
174
212
172
168
170
194
191
183
205
205
197
174
211
212
176
185
182
191
156
181
164
187
189
205
195
195
181
157
193
189
165
193
168
168
168
207
179
200
205
180
171
190
175
186
178
185
180
181
176
205
178
189
156
194
182
200
188
191
190
189
190
191
169
170
169
197
169
174
190
153
178
168
164
177
184
168
188
178
153
148
182
182
184
202
166
173
171
182
193
180
181
158
164
147
175
168
182
165
172
175
177
170
176
167
174
173
169
171
176
181
167
165
173
175
161
175
149
169
167
199
162
172
176
172
162
175
154
180
162
165
199
178
169
164
178
206
177
186
151
172
168
181
167
190
168
192
167
190
177
177
166
167
176
202
168
160
175
167
185
183
165
168
183
184
187
189
164
198
171
166
165
157
136
176
171
148
155
149
168
178
152
186
179
146
169
167
185
159
156
170
150
168
156
148
145
186
184
151
168
166
174
164
136
169
173
191
165
169
165
180
141
165
188
162
158
172
166
164
158
147
145
162
183
151
158
148
146
162
154
154
157
155
159
176
180
199
161
182
157
166
157
153
155
152
171
139
176
158
152
167
191
165
173
171
168
166
177
170
178
179
167
184
146
175
157
165
139
148
153
180
163
158
169
174
153
151
150
129
147
138
164
172
153
142
155
134
156
156
164
135
180
154
135
157
159
171
171
153
142
141
125
155
136
141
130
144
161
167
172
165
174
146
161
148
139
163
127
137
131
127
158
156
165
146
142
146
134
162
119
146
157
153
154
124
137
152
156
156
153
142
151
135
132
145
161
157
151
134
161
122
158
148
159
138
134
146
140
134
147
141
134
130
125
156
147
171
151
141
147
154
145
151
167
146
163
170
131
150
138
143
125
137
150
156
160
139
134
128
111
159
122
153
122
138
142
150
141
129
133
145
132
133
160
135
127
147
154
125
137
147
150
143
147
131
139
161
136
155
127
124
111
138
124
133
128
134
145
139
114
151
137
146
120
138
152
159
130
141
127
160
148
143
127
148
137
131
137
134
132
125
152
133
122
132
141
148
153
128
142
140
154
144
128
142
128
142
139
134
100
140
127
145
122
124
138
136
116
144
137
133
120
115
139
135
142
132
137
140
120
111
133
123
130
129
112
138
114
137
121
143
127
149
132
126
140
122
142
143
140
121
149
117
108
130
133
136
123
134
135
134
124
111
104
109
140
117
139
113
123
154
135
127
145
125
136
127
149
125
103
119
132
110
120
146
118
127
122
144
132
123
121
127
135
144
120
108
130
116
99
123
126
116
134
126
122
135
117
120
135
113
136
142
104
118
137
110
104
133
128
97
123
120
110
138
133
146
106
116
127
127
124
142
109
126
106
109
137
118
103
110
121
134
123
131
130
98
112
145
132
114
128
113
119
124
114
118
122
125
124
113
98
135
109
134
114
128
123
114
118
110
114
98
117
131
133
123
126
114
92
101
128
111
137
108
117
103
129
126
131
109
130
133
113
114
111
111
129
129
121
125
110
102
134
138
110
103
126
115
115
128
119
115
109
108
120
104
114
123
106
122
148
133
134
117
102
101
96
91
98
109
122
121
111
118
111
117
132
102
127
127
113
94
111
126
118
108
116
108
101
106
111
100
130
108
108
116
113
131
109
105
109
116
107
100
101
101
91
118
109
124
125
108
104
105
86
125
100
115
119
119
117
90
79
136
106
116
111
129
103
108
110
111
108
103
114
105
121
124
92
99
107
85
115
100
107
86
114
119
99
106
95
97
119
114
103
104
104
107
101
91
97
94
94
101
112
123
121
117
113
102
101
98
108
94
100
123
102
105
115
103
114
112
118
100
118
94
96
104
121
115
126
108
105
120
84
103
91
99
98
93
98
117
126
96
126
100
99
99
110
93
94
100
124
90
101
103
107
103
95
128
108
93
97
116
116
105
99
95
88
126
107
101
109
96
99
108
108
90
83
98
97
109
112
92
121
105
91
97
97
111
112
102
106
107
111
99
112
98
101
100
93
98
79
91
96
84
93
95
109
100
106
89
90
86
98
98
114
101
113
85
111
81
100
104
95
98
112
86
88
83
88
94
96
94
101
100
77
94
105
108
111
99
81
100
94
99
100
78
102
82
87
96
108
93
100
96
104
96
88
100
107
90
83
88
105
95
86
119
92
89
99
110
81
74
100
95
93
93
104
98
96
89
111
109
89
83
93
88
111
99
82
104
102
79
99
114
107
88
82
90
102
112
95
96
80
105
115
99
113
124
102
118
95
104
111
86
119
96
109
100
93
82
99
93
92
97
106
108
108
109
98
108
102
94
76
99
105
84
97
98
87
94
110
90
85
117
102
95
92
100
98
102
112
96
111
94
102
107
97
98
102
95
83
100
91
91
101
100
90
115
100
96
80
101
83
102
82
98
83
76
99
90
79
81
97
70
83
90
81
91
78
90
84
90
81
90
85
88
92
93
72
78
83
74
95
98
94
81
85
87
92
79
84
92
68
69
84
94
101
92
96
81
80
90
98
93
111
92
78
91
90
83
78
73
84
89
86
88
86
96
68
79
79
52
73
92
73
85
84
76
87
86
66
78
94
86
69
89
82
88
78
70
73
51
68
76
75
82
87
86
63
91
91
77
87
77
73
94
74
63
82
64
80
94
76
88
73
85
82
68
72
62
67
77
86
80
66
74
75
67
91
77
73
55
70
83
73
70
82
63
66
77
87
78
66
93
86
67
82
70
83
73
71
77
80
68
100
72
70
67
90
77
74
75
75
71
68
76
75
75
81
86
62
72
84
74
65
69
80
69
77
77
89
73
62
75
65
76
69
86
76
74
78
78
65
66
70
68
77
63
68
75
66
62
70
85
74
66
60
72
83
65
74
61
63
50
77
77
61
69
60
70
70
57
71
83
74
80
72
50
75
80
68
61
82
75
83
69
67
69
65
72
65
71
69
56
65
55
69
73
69
66
81
67
78
76
66
62
60
79
71
78
78
67
68
69
69
65
77
67
74
74
67
68
65
81
67
61
89
77
67
57
66
71
63
76
59
49
64
72
60
59
87
67
66
69
70
64
71
83
75
61
63
74
67
67
60
64
74
66
89
62
78
62
71
47
72
66
70
63
71
67
54
46
59
44
58
86
68
40
47
60
66
70
76
67
78
66
69
60
61
67
82
54
66
56
74
63
68
63
77
58
50
76
60
72
63
65
63
75
56
47
69
59
78
71
63
76
71
75
51
72
68
70
69
62
47
72
69
63
71
63
59
55
47
49
80
70
61
56
57
70
68
59
72
59
62
54
57
52
65
60
67
71
58
78
51
53
60
63
70
59
56
59
63
53
61
59
63
72
56
61
48
51
50
59
57
59
54
69
50
54
68
61
47
59
66
69
48
49
76
59
59
55
66
65
50
55
59
77
57
52
57
71
40
57
58
58
61
63
56
53
65
65
53
50
70
55
47
51
54
66
59
52
58
53
52
47
54
61
63
46
57
60
44
51
58
51
57
66
52
62
55
64
55
52
62
59
48
54
68
50
53
55
52
40
55
56
51
59
60
54
48
57
55
53
76
51
47
62
42
57
52
45
51
60
47
60
49
60
54
37
41
57
54
46
49
51
74
59
62
53
56
44
69
59
57
64
55
40
55
50
56
44
44
56
35
61
62
53
53
57
45
68
49
53
54
53
50
59
41
69
39
64
54
58
54
50
46
49
46
47
55
45
55
63
45
50
53
59
39
53
46
49
54
52
61
61
67
48
63
52
46
52
46
45
47
45
63
46
55
46
53
54
51
51
51
37
58
56
57
44
49
38
60
64
43
53
53
43
68
38
52
40
61
58
57
40
50
57
52
56
54
53
36
49
52
38
56
54
55
57
32
44
50
47
41
44
53
56
39
48
65
59
53
54
60
49
60
50
48
38
52
59
57
57
50
56
49
48
59
51
50
59
55
62
60
56
53
61
64
63
61
50
61
55
60
56
44
52
55
63
63
60
56
61
49
62
43
70
62
44
48
55
72
51
62
64
49
42
48
50
53
64
60
65
68
72
59
58
50
44
57
65
50
49
47
58
44
49
61
37
57
60
58
50
59
52
45
53
57
40
48
55
45
58
61
54
47
46
49
47
46
36
42
47
44
43
53
55
37
45
30
52
47
40
53
49
38
31
40
40
39
34
44
44
39
51
43
39
42
35
43
44
51
47
51
43
49
38
54
42
42
32
44
55
37
49
38
41
44
41
46
45
31
48
47
42
43
48
43
60
33
39
32
48
43
42
34
43
50
40
33
35
47
35
63
28
47
47
36
39
43
44
39
52
44
32
41
41
47
45
38
42
38
34
35
41
39
43
36
37
38
37
37
57
39
37
37
45
40
41
48
46
46
53
46
41
49
32
47
43
35
35
44
35
41
36
37
23
44
30
36
33
39
46
37
39
47
48
36
49
31
30
28
43
47
52
50
47
46
50
34
49
45
45
53
35
47
38
45
49
47
42
45
45
47
38
32
34
41
47
46
48
50
37
43
50
34
45
46
48
49
49
41
46
42
60
44
51
54
45
46
45
50
53
37
39
45
58
52
60
52
63
43
57
52
42
51
66
44
46
57
53
59
50
58
63
43
59
66
60
66
51
48
65
54
54
58
48
56
71
71
46
58
68
67
53
53
60
55
65
56
60
49
56
60
42
56
57
45
57
46
48
62
53
57
32
47
45
41
42
40
46
45
51
51
45
44
34
36
39
41
33
36
34
38
39
44
46
41
27
46
34
45
42
38
43
44
31
39
37
40
42
33
27
25
39
36
40
36
35
28
37
38
40
32
36
32
37
37
32
24
30
23
34
32
32
20
32
41
46
30
41
25
28
39
33
34
37
30
29
34
40
33
44
34
37
40
37
30
47
35
42
41
35
43
40
27
41
37
45
31
41
29
34
35
36
42
45
34
45
30
35
29
31
33
32
30
27
38
38
34
36
42
39
26
36
32
34
26
42
42
27
27
35
38
33
33
38
29
32
34
38
36
25
42
18
35
30
50
29
34
30
31
35
24
31
36
30
28
40
33
22
35
42
37
27
42
32
42
33
29
39
35
32
39
36
29
41
29
41
31
34
29
38
27
40
22
38
39
31
40
41
43
29
36
32
42
36
54
35
31
33
40
50
30
23
33
33
35
36
38
33
26
38
21
41
42
45
35
33
37
27
42
28
35
23
25
35
33
38
36
22
30
29
24
37
24
30
27
19
34
31
35
35
26
28
28
35
31
25
31
28
28
26
33
32
29
34
30
21
33
33
22
24
25
30
25
31
29
38
24
36
28
24
26
33
27
34
33
26
34
23
32
29
27
21
26
22
26
33
35
28
31
32
32
23
40
26
31
34
31
25
29
24
26
20
27
21
28
26
35
30
41
26
25
25
25
19
28
23
23
21
25
34
18
27
32
25
22
38
25
38
19
34
30
31
29
20
24
35
25
25
28
23
36
37
31
36
33
23
22
44
26
34
31
31
25
31
31
29
34
24
37
25
28
27
23
35
22
34
33
37
16
20
30
25
28
29
28
31
31
27
22
23
24
30
35
32
29
33
25
20
33
31
24
28
34
32
29
26
25
31
30
28
25
35
31
22
33
29
26
26
34
34
26
32
19
20
26
26
34
37
41
27
28
41
32
30
26
28
28
31
23
26
36
31
33
24
34
33
28
28
34
26
30
28
26
34
33
32
31
23
31
33
25
30
27
28
31
35
36
44
30
30
37
20
25
33
33
30
32
36
27
35
21
31
18
30
23
35
30
38
32
33
28
37
35
35
30
33
36
24
28
20
29
38
26
26
31
28
30
22
33
33
23
22
27
23
24
30
26
18
40
38
37
24
38
18
21
20
22
23
29
35
33
26
26
19
22
20
24
22
21
27
16
23
17
19
18
16
23
13
16
19
17
18
24
22
17
23
22
28
30
22
21
25
17
21
15
30
24
18
17
21
23
32
20
25
21
28
17
23
18
23
16
16
28
18
20
12
21
21
31
21
31
21
22
21
21
14
17
17
26
17
15
18
22
20
23
20
17
17
19
23
20
16
18
18
24
23
16
18
13
17
33
14
28
18
20
16
18
21
17
23
30
23
18
33
19
20
14
19
21
18
16
20
18
12
20
23
23
25
22
14
23
15
24
16
19
15
19
20
19
23
16
21
15
18
24
20
20
20
21
22
21
25
23
21
16
24
26
19
21
27
23
22
16
20
21
30
15
24
19
25
28
28
17
18
28
20
18
18
13
21
21
14
17
26
25
28
19
20
15
19
18
28
25
17
24
20
19
15
22
11
23
25
19
18
15
11
19
18
17
29
22
27
22
18
14
13
17
18
13
18
22
15
20
21
23
26
20
16
19
25
15
28
25
26
23
18
26
16
17
15
22
15
26
13
19
18
16
16
18
17
19
23
21
14
23
20
20
16
9
18
13
15
23
19
18
13
24
23
18
20
25
18
24
20
25
23
16
26
16
21
21
21
22
22
16
24
19
11
16
17
15
20
21
20
23
23
25
22
22
19
18
22
16
18
12
16
22
18
21
18
14
17
21
18
15
18
16
13
16
22
19
17
28
21
12
12
22
19
14
15
21
11
18
18
22
19
18
18
18
15
14
22
21
17
16
22
18
23
17
27
21
12
18
18
15
23
22
19
14
18
27
25
17
27
14
14
22
21
24
20
20
16
27
15
17
16
14
15
19
21
19
14
25
26
22
23
23
20
15
14
26
16
23
20
19
18
22
17
20
21
18
18
20
16
17
18
20
15
24
17
21
24
24
33
22
19
21
20
16
25
28
23
25
38
14
14
25
24
15
22
21
15
21
20
22
21
24
10
11
12
20
22
13
10
27
27
17
23
24
25
28
16
20
15
24
29
17
34
24
20
26
22
23
20
20
16
22
23
22
17
24
20
20
27
20
23
30
26
27
30
26
26
20
25
29
19
21
18
29
26
23
20
28
22
28
35
20
16
21
19
31
24
28
19
23
17
24
31
25
20
25
21
21
26
23
25
29
22
26
21
19
12
20
27
17
22
28
24
24
27
27
24
20
25
32
21
17
21
20
14
22
23
22
14
27
15
19
10
23
14
15
21
17
13
20
25
15
15
16
12
12
18
9
10
20
13
12
13
11
12
9
8
15
10
5
8
11
9
10
5
8
10
8
9
6
14
11
9
6
9
17
7
10
8
11
18
17
11
10
7
8
5
14
11
6
6
6
9
9
18
8
12
11
10
11
8
14
5
14
12
8
15
10
14
13
8
14
12
8
14
10
4
11
14
15
9
9
5
8
4
9
11
12
9
12
8
14
7
10
12
9
13
14
16
12
19
14
8
13
8
9
6
10
8
6
10
18
8
15
14
12
11
10
17
7
10
11
5
14
11
6
11
9
12
8
11
11
10
11
12
14
15
6
7
10
7
11
10
10
13
10
16
5
9
10
19
11
11
16
10
11
11
7
9
16
20
15
12
15
10
15
9
17
8
10
16
15
10
13
7
10
11
7
12
14
5
13
16
9
13
13
9
11
13
9
11
16
7
11
10
15
10
8
10
17
8
8
10
10
10
10
15
12
10
7
10
15
14
9
7
7
12
9
8
11
6
12
7
8
17
12
8
10
13
14
14
14
4
10
18
11
12
9
17
8
10
9
7
11
8
5
6
2
14
12
12
7
15
12
10
6
15
12
12
8
9
12
17
10
10
11
6
9
11
8
17
17
15
16
13
9
12
12
14
10
7
9
13
10
9
12
13
11
11
11
11
6
8
8
13
6
6
9
6
9
4
4
11
5
4
4
10
7
12
13
7
11
10
8
8
4
7
11
8
6
7
10
6
6
7
13
2
7
9
8
8
12
8
10
6
3
8
5
4
9
5
5
3
5
9
13
5
3
3
7
5
7
5
7
8
5
10
9
7
8
6
8
12
8
11
7
6
7
6
4
6
6
11
3
8
4
4
6
5
7
11
6
5
12
10
6
7
6
6
7
10
9
5
5
9
5
12
3
5
6
6
11
10
7
8
4
5
5
12
6
8
4
5
9
3
4
4
5
6
6
7
5
6
6
8
5
9
9
16
10
7
7
9
5
1
7
5
14
8
5
4
8
2
9
7
7
7
8
5
6
4
10
8
9
7
15
9
8
6
10
10
7
12
11
7
4
9
10
7
10
12
6
8
7
7
9
7
8
10
9
7
3
8
8
8
5
7
5
8
6
7
10
7
7
7
16
4
9
11
9
10
9
9
4
4
12
4
11
6
5
6
7
7
10
9
10
8
9
11
13
7
4
6
6
11
6
7
12
9
6
5
10
6
6
7
15
9
11
7
10
14
11
9
8
8
5
5
10
10
13
7
10
14
8
14
7
10
9
7
13
10
5
8
3
9
7
6
13
10
4
8
13
17
10
10
10
8
8
9
16
7
11
11
3
3
4
10
9
9
10
11
9
9
4
11
10
5
15
4
1
6
10
1
4
7
11
3
11
8
5
5
7
5
6
8
6
3
7
6
9
5
4
5
5
8
3
7
6
7
2
4
3
6
6
4
1
4
7
8
4
4
5
2
9
8
4
4
10
7
5
6
11
4
4
10
11
7
9
6
5
7
4
6
8
8
3
5
6
5
3
9
10
4
3
8
5
5
6
3
5
7
3
5
7
6
2
9
6
6
9
6
5
3
6
6
8
8
3
9
13
8
4
7
4
7
8
8
6
13
7
8
7
6
5
6
11
4
8
6
5
11
6
9
11
7
3
4
12
6
9
5
2
10
4
4
7
5
5
7
9
5
9
6
6
4
6
7
5
6
9
9
6
6
3
3
7
4
9
9
5
6
9
12
8
4
2
6
8
7
8
16
6
1
5
8
15
7
6
3
8
6
9
10
6
8
8
5
7
7
9
10
5
4
16
5
10
10
6
6
7
6
10
5
5
10
4
6
9
3
10
13
5
6
12
9
10
3
6
8
8
8
10
10
8
2
5
8
7
10
6
6
6
8
9
8
5
9
3
12
8
11
8
7
8
8
9
4
9
7
9
5
6
10
6
6
6
5
8
8
6
8
10
4
4
5
9
10
6
9
5
5
4
5
8
5
9
8
8
2
6
5
5
7
6
5
6
3
4
7
8
4
0
8
2
2
6
4
6
5
5
6
3
3
9
6
2
7
10
4
5
6
4
5
8
4
6
8
9
7
9
4
11
6
5
3
6
7
6
3
9
2
5
7
7
6
3
11
9
5
3
2
7
5
5
5
3
7
2
0
7
4
2
8
5
10
4
3
6
3
7
6
7
4
4
8
7
9
4
10
10
7
8
6
6
3
6
5
6
8
10
5
1
5
2
4
6
5
4
4
7
4
7
10
4
3
7
6
6
6
8
6
7
3
4
9
4
8
2
4
6
4
5
11
4
5
9
4
3
4
6
8
3
6
7
9
5
4
4
5
5
6
6
7
4
6
3
5
3
3
4
4
5
3
5
7
12
6
8
4
5
1
8
8
6
6
3
6
14
2
8
3
5
4
3
3
6
5
3
6
10
6
4
4
4
4
8
8
3
1
6
7
4
5
7
4
10
2
3
2
7
6
4
6
7
7
3
3
5
4
8
6
2
3
3
5
9
11
6
3
2
7
10
7
6
7
5
4
7
5
9
6
4
6
6
5
4
7
7
10
5
4
5
6
6
3
7
7
8
1
7
8
10
6
7
4
4
7
3
3
7
3
11
5
5
4
3
6
5
2
6
3
6
4
5
5
5
4
5
7
5
6
6
10
4
8
7
2
5
4
4
5
6
5
2
3
4
0
8
3
5
6
4
7
5
5
7
4
7
3
6
9
5
3
10
7
6
3
7
8
7
3
9
7
7
4
5
7
7
5
2
11
4
4
3
5
7
13
6
7
4
6
7
5
0
8
7
8
5
4
3
4
6
1
4
7
10
4
4
7
5
9
0
8
6
9
4
7
11
3
5
4
6
5
5
6
9
6
2
3
6
9
6
6
3
10
9
6
6
6
5
7
4
4
6
8
8
8
5
8
8
4
4
5
3
3
6
5
6
9
4
6
6
12
2
4
6
5
10
4
7
3
6
7
10
11
4
1
6
2
4
4
8
5
7
5
2
8
5
3
4
4
7
9
3
5
3
3
6
4
4
1
4
5
4
1
4
1
4
8
6
4
5
5
5
7
9
2
5
6
8
0
6
2
5
4
6
4
4
7
4
3
8
6
2
6
5
7
7
7
10
6
3
7
6
9
6
5
3
8
8
8
4
1
2
8
4
7
5
3
8
2
0
5
7
9
7
5
3
4
1
10
2
2
4
5
6
2
5
3
4
3
4
6
3
6
8
3
7
2
6
5
7
4
5
4
4
3
3
7
2
3
1
3
3
10
7
3
7
4
2
5
10
3
7
6
3
3
5
2
7
5
5
2
10
0
7
5
6
8
4
3
3
8
4
9
3
9
5
5
0
7
5
3
4
5
8
6
2
5
6
9
3
9
3
4
9
2
4
5
11
6
8
2
10
4
2
4
6
3
11
2
4
5
5
9
5
7
3
5
7
4
10
4
8
13
3
5
5
9
7
6
7
7
6
5
6
7
6
1
3
6
3
2
6
8
6
7
4
2
4
4
5
3
4
6
3
4
4
10
6
4
1
3
8
7
5
11
6
5
3
4
6
4
4
4
5
4
2
7
5
3
8
9
2
6
6
8
2
3
11
3
8
2
4
2
7
8
5
3
3
4
4
4
7
1
2
5
3
5
4
8
6
3
3
6
7
6
3
5
1
4
4
4
2
6
4
2
1
6
7
7
5
6
5
8
3
5
4
2
2
4
4
2
2
5
5
1
7
4
8
7
14
1
3
4
6
5
8
7
8
3
2
6
5
9
5
4
5
6
4
1
5
6
4
5
5
6
6
4
7
9
4
4
5
6
5
3
5
4
4
8
6
4
6
4
5
9
4
1
5
3
4
3
8
8
6
7
2
3
5
3
6
8
6
2
3
3
3
5
5
6
2
3
4
7
8
4
3
8
6
1
5
5
6
3
3
7
3
5
6
8
4
6
4
4
5
1
5
6
5
3
5
5
1
1
6
6
5
5
6
5
7
7
4
3
2
6
2
3
4
6
8
5
1
4
8
4
2
3
2
4
2
1
7
9
5
0
3
3
4
8
3
4
5
6
2
1
6
7
6
4
6
6
3
2
3
3
7
4
1
3
3
6
6
5
2
4
10
7
4
4
3
8
7
0
7
6
3
4
5
4
2
1
7
5
7
2
3
4
9
4
4
8
8
7
5
7
6
3
4
6
1
0
1
5
2
2
8
8
6
5
4
4
5
10
6
3
2
8
4
4
5
2
4
7
5
5
6
7
3
2
2
3
8
5
3
2
3
9
1
3
2
4
2
4
9
3
5
8
3
3
6
4
3
4
6
7
2
4
8
7
2
4
5
8
5
3
5
5
4
7
8
5
4
4
5
9
6
4
4
10
7
4
4
6
6
4
6
7
8
6
6
2
3
6
5
1
7
4
3
4
2
1
6
6
8
9
10
6
5
7
4
6
5
4
3
1
5
8
2
1
5
3
4
10
5
3
6
7
9
3
2
6
2
7
4
8
4
2
7
10
5
8
7
13
7
5
7
6
7
4
8
7
7
4
3
8
10
6
6
4
5
1
6
8
7
5
6
10
7
7
9
6
8
6
9
7
5
9
4
8
8
10
8
7
13
9
10
12
9
7
12
13
12
6
12
9
14
9
6
13
10
10
13
9
13
11
6
13
6
8
6
7
4
3
9
9
7
14
5
4
6
14
9
6
7
1
7
8
10
5
3
6
8
6
9
5
6
6
2
3
4
5
6
2
6
6
4
5
7
5
2
8
3
6
2
7
2
2
5
4
2
4
5
6
8
3
2
2
5
5
4
5
2
4
4
4
3
3
2
6
4
4
3
5
5
4
3
4
7
3
3
3
4
4
6
4
5
0
4
8
2
7
8
2
2
9
0
10
3
5
7
2
2
5
1
5
6
3
4
6
3
2
5
6
4
6
2
6
2
10
4
2
6
5
2
4
5
0
6
13
6
3
7
3
3
2
4
3
6
6
6
4
4
2
3
1
5
3
1
0
5
5
4
3
6
8
4
6
5
4
3
9
4
2
3
4
3
2
4
2
2
5
8
8
5
4
3
2
4
3
7
4
3
3
4
3
5
4
5
2
8
3
1
3
3
2
10
3
9
7
7
8
8
4
3
6
3
4
2
5
8
6
4
6
6
8
5
5
1
3
6
4
1
5
4
1
7
5
6
7
4
4
2
4
8
7
3
2
4
5
7
3
6
6
3
5
4
8
3
4
0
2
3
4
2
2
4
4
5
5
5
4
9
5
3
4
1
4
3
2
1
2
3
3
4
3
4
7
3
2
3
5
3
3
4
4
5
3
7
7
3
5
1
4
5
4
4
4
1
2
5
0
4
4
4
2
7
3
7
7
3
4
3
6
2
4
4
7
1
5
3
1
6
9
4
1
5
4
4
8
1
3
4
3
1
3
2
7
4
7
5
3
4
2
1
4
5
3
3
0
7
2
4
3
3
3
2
0
5
1
2
2
1
8
4
8
5
4
1
4
7
6
1
3
0
1
4
5
2
3
5
4
6
2
8
4
6
4
5
6
5
3
4
5
0
2
5
8
2
9
7
0
2
1
2
6
3
13
1
2
3
3
5
5
5
1
3
2
3
3
9
4
3
7
3
2
2
4
4
6
4
5
5
4
3
6
2
1
4
4
4
1
3
1
4
5
9
9
11
2
2
4
2
4
2
3
2
3
2
4
4
3
6
4
4
6
6
5
4
2
3
0
8
3
3
5
5
4
7
5
5
5
4
2
6
2
5
5
4
6
5
4
6
3
1
6
6
0
8
1
4
3
6
3
3
5
3
5
2
6
6
3
3
5
6
7
7
6
8
8
5
4
6
9
7
5
5
6
6
0
4
5
5
8
5
8
6
9
10
8
8
7
3
4
7
8
6
8
8
9
5
11
8
6
6
5
5
15
7
7
6
4
4
7
8
4
5
8
6
5
6
7
11
10
6
4
8
7
9
7
6
6
8
5
3
3
8
8
4
6
11
9
4
5
7
3
8
5
9
5
7
6
9
6
8
9
7
3
6
3
7
9
3
3
7
4
4
8
3
4
10
5
8
2
5
5
3
3
4
2
5
3
6
3
1
6
5
5
3
1
6
3
4
4
4
3
1
3
2
3
5
6
4
4
5
2
7
6
5
6
2
6
8
5
7
4
1
2
2
2
1
6
7
7
5
1
5
3
5
3
3
5
2
5
3
11
4
4
4
2
7
2
6
4
3
5
3
2
3
4
7
5
7
4
4
1
9
2
4
1
2
5
3
0
4
2
4
2
2
7
5
2
2
6
1
4
4
2
0
2
5
6
2
6
1
3
5
5
5
4
1
4
4
4
1
2
3
0
2
1
2
4
3
3
3
4
6
3
2
6
2
4
5
2
5
4
5
3
5
3
1
2
3
1
7
3
4
3
3
6
2
1
2
1
4
2
4
4
7
2
6
2
2
2
3
1
3
6
3
5
2
3
8
2
3
1
4
3
2
4
3
4
3
3
2
3
2
6
7
3
2
4
3
8
1
3
4
3
2
3
3
3
3
3
3
3
4
1
1
2
6
1
2
4
2
3
5
1
3
1
2
1
3
2
2
3
5
3
2
2
2
2
1
5
1
3
1
3
4
5
2
5
3
4
2
3
3
1
3
3
4
7
5
0
3
4
2
4
3
0
1
2
9
4
1
4
5
3
3
2
4
4
4
4
2
4
3
3
2
2
4
6
2
1
3
2
4
3
6
2
7
3
3
4
5
9
5
2
0
2
6
2
5
6
5
2
6
3
10
6
6
3
2
3
4
5
1
4
6
1
2
4
1
8
3
3
1
5
3
8
4
3
3
5
2
3
3
4
4
4
3
7
2
2
2
7
3
2
2
4
4
3
3
5
0
3
3
2
5
2
3
4
2
6
2
3
4
9
5
2
1
3
3
0
0
5
4
5
4
3
3
4
4
3
1
3
2
4
1
2
5
2
1
1
4
3
4
8
2
3
3
1
4
2
2
3
3
7
2
4
2
2
7
5
3
4
6
1
2
0
2
3
2
6
1
6
5
1
3
6
1
2
5
3
3
6
4
3
2
5
5
1
5
6
1
2
1
2
1
3
6
4
2
3
2
1
4
3
3
3
7
3
2
3
2
3
1
6
1
4
3
2
5
1
5
2
5
1
4
3
1
6
5
4
4
2
5
4
6
3
1
1
6
3
2
3
3
2
3
5
4
4
2
3
6
2
5
2
0
6
5
3
2
5
1
2
1
2
1
0
3
2
2
5
6
2
3
2
5
7
2
2
5
0
3
1
2
3
2
2
3
2
3
3
3
4
2
5
1
4
3
4
2
4
6
4
1
4
3
1
1
2
3
1
2
4
2
0
3
5
3
1
2
3
4
5
2
1
1
6
3
2
2
2
3
2
5
2
3
1
5
1
3
2
4
0
2
4
3
1
3
2
5
4
6
4
4
6
4
7
2
1
3
3
2
1
5
3
4
2
6
3
2
3
3
3
2
7
7
1
2
2
3
3
1
0
5
4
3
1
3
4
4
4
5
4
4
3
0
3
6
3
6
5
0
6
1
4
3
2
6
5
6
4
4
1
4
3
3
7
2
0
3
6
2
2
4
3
5
3
1
4
5
3
1
2
3
4
2
2
1
1
3
2
3
2
1
3
4
6
3
8
2
2
5
4
1
0
2
2
2
3
7
4
3
3
2
4
3
5
2
3
3
4
2
4
5
4
1
2
3
2
3
4
3
3
3
6
3
2
3
1
1
3
3
3
4
5
2
2
0
1
4
3
2
5
2
4
2
4
2
2
2
4
2
6
4
4
1
2
2
0
3
6
4
3
4
4
7
5
1
4
5
6
3
2
0
3
3
6
2
2
2
2
2
4
3
4
6
1
1
1
7
1
3
3
6
4
4
2
3
1
4
3
1
2
1
8
2
2
6
5
0
2
7
4
5
2
4
4
2
6
0
2
4
2
2
3
2
6
0
1
3
1
4
2
2
5
5
5
2
2
2
2
3
1
3
3
2
2
6
5
5
0
4
0
3
3
3
6
2
3
2
2
5
2
2
0
3
3
2
5
5
3
3
3
4
3
2
3
1
3
2
3
2
0
5
5
1
2
5
2
6
3
0
2
4
3
5
1
2
1
3
0
4
6
3
1
1
4
4
3
5
5
2
3
5
1
1
4
3
5
2
3
3
4
4
3
0
2
2
4
1
7
2
3
4
4
7
6
2
4
2
5
1
0
3
0
1
6
0
2
3
3
3
3
2
3
2
0
4
0
2
2
2
2
4
3
1
6
4
1
4
7
4
4
2
2
3
6
5
3
3
0
6
1
4
1
2
2
9
2
1
3
3
7
2
0
2
3
3
3
3
4
2
3
1
4
2
6
6
3
5
4
1
3
6
4
2
2
9
9
4
2
1
2
1
2
2
5
4
1
4
2
2
3
2
2
2
4
1
1
1
2
2
4
5
1
1
2
4
7
1
2
3
1
3
2
1
3
4
3
6
5
3
3
2
5
4
6
1
4
2
1
5
4
4
3
3
3
2
3
6
4
5
6
4
5
4
2
4
4
3
0
2
2
2
1
5
2
2
1
6
0
2
1
1
1
5
6
4
1
2
4
3
4
2
1
3
3
1
1
3
7
2
3
3
4
4
5
2
1
4
3
6
3
1
2
4
2
4
4
3
1
3
2
3
3
1
4
0
5
2
1
4
1
3
2
2
1
4
3
3
1
3
6
3
2
4
0
8
0
1
2
3
6
3
3
2
2
1
0
5
2
3
1
1
2
6
4
2
2
5
2
3
3
4
4
3
4
3
4
4
0
3
5
2
4
1
1
2
2
1
5
2
1
5
0
6
1
1
2
4
0
0
4
2
3
3
1
1
2
1
3
2
2
2
0
6
4
3
1
3
3
4
3
5
0
1
4
1
2
2
1
2
3
4
1
2
4
1
1
2
7
4
1
4
3
4
3
4
3
1
3
3
1
6
2
1
3
1
5
2
2
5
2
5
2
4
3
0
2
2
4
0
4
3
6
1
5
3
4
1
7
4
2
3
5
0
6
1
3
4
4
1
2
1
3
0
4
3
4
1
0
5
5
3
0
0
0
3
4
2
3
1
5
3
2
0
3
2
1
3
0
1
4
1
2
2
4
3
3
6
2
1
3
6
0
3
1
4
4
5
2
4
2
2
1
3
5
8
2
5
2
3
2
3
0
4
1
2
5
1
5
4
2
5
3
2
2
2
1
3
4
7
6
5
2
3
2
4
1
3
6
5
6
3
4
1
3
2
3
5
2
2
2
1
3
4
4
5
4
4
5
0
3
5
4
1
4
3
2
8
1
4
4
1
0
2
2
3
4
4
5
8
3
4
1
11
3
4
2
8
3
1
7
2
9
4
6
4
7
4
3
4
2
5
7
2
9
4
5
4
5
4
2
8
9
2
6
5
3
9
5
7
7
7
7
8
6
5
4
7
8
5
4
8
5
4
3
7
4
4
4
6
4
4
5
4
3
7
6
9
4
6
6
7
7
6
4
6
6
5
5
3
7
2
6
4
3
8
3
6
4
1
1
5
5
5
5
2
7
4
5
5
3
2
3
3
4
4
2
5
1
6
4
5
1
6
3
5
4
5
3
2
3
2
0
1
2
2
3
2
2
4
4
4
2
3
4
2
2
2
6
2
2
1
2
1
5
4
2
0
1
3
3
0
4
3
2
6
2
3
5
2
4
2
2
3
2
2
4
0
1
4
5
2
1
2
3
1
0
3
3
4
5
3
0
2
3
2
4
1
1
4
2
5
6
2
5
3
3
1
3
3
5
3
5
4
2
2
2
2
4
3
2
2
5
2
4
1
4
4
2
3
5
3
3
1
4
3
2
2
4
3
6
3
0
4
5
2
7
4
0
5
2
4
3
0
0
6
2
3
3
2
3
1
3
5
3
3
1
3
1
7
3
3
2
3
1
3
0
1
3
2
2
2
2
5
1
2
0
3
5
4
1
3
1
3
4
2
4
1
2
6
1
1
4
1
2
1
3
6
4
4
2
2
1
1
3
5
1
2
5
0
4
3
2
6
3
2
2
2
2
3
4
0
1
3
3
1
1
1
0
3
1
2
0
1
1
2
1
3
7
4
5
1
4
2
4
5
2
1
3
2
3
5
2
2
3
3
1
2
5
1
1
4
1
0
2
4
4
2
2
6
1
2
3
0
0
4
2
1
2
1
3
2
3
0
4
5
2
1
3
3
2
7
4
5
2
3
4
2
1
2
2
1
1
4
3
3
0
1
4
3
6
1
2
3
5
6
1
3
1
4
1
2
4
2
0
5
1
1
1
4
1
3
3
2
3
1
6
4
0
1
0
1
5
4
3
2
3
7
2
3
3
1
3
4
2
3
1
1
7
6
1
6
1
4
6
2
0
2
3
3
4
1
4
2
3
2
4
1
1
3
5
5
0
1
4
5
2
5
2
3
5
0
2
2
1
4
2
6
0
4
3
1
1
3
2
2
5
4
1
2
5
2
2
4
5
2
2
2
2
5
6
3
3
1
4
3
1
2
2
3
2
1
2
4
2
2
2
4
3
2
1
3
3
0
2
0
1
5
2
1
7
4
4
2
2
4
4
5
4
2
0
1
5
2
2
5
3
2
3
1
5
4
3
3
2
1
2
3
4
4
2
1
4
3
4
0
5
3
5
1
1
3
3
1
3
5
3
2
2
4
0
3
0
2
1
1
1
2
5
2
2
2
4
2
5
5
1
2
3
2
4
4
1
5
2
2
3
3
2
4
2
3
2
1
2
3
2
1
2
0
2
0
1
4
5
3
1
6
3
2
4
3
6
3
7
1
1
1
3
4
2
2
2
5
3
3
2
3
1
3
2
2
6
2
0
1
4
1
2
2
6
1
1
2
1
2
4
2
3
3
7
1
4
6
2
4
1
2
2
3
3
2
4
2
5
3
2
1
1
3
1
2
2
4
2
7
1
2
2
3
3
2
1
5
4
2
4
1
6
2
0
3
4
2
3
3
1
1
2
5
5
0
2
3
3
5
7
7
0
2
6
1
4
2
2
5
7
2
3
3
6
2
3
6
3
3
2
2
3
3
5
4
4
5
2
4
1
1
4
3
2
3
3
2
4
2
3
2
3
2
5
5
1
3
0
2
4
4
2
2
5
2
3
2
3
2
3
1
3
1
2
2
5
3
5
0
4
5
3
6
1
5
0
2
1
2
3
1
2
1
5
2
4
1
1
1
2
4
3
1
4
2
4
2
2
2
2
3
4
1
1
0
2
2
1
4
1
2
1
0
3
2
5
2
1
2
4
2
3
3
3
4
4
3
1
6
3
2
1
0
4
1
2
4
4
4
4
3
8
3
1
2
2
4
9
0
1
2
3
2
1
3
0
3
3
1
1
3
2
3
4
2
2
1
4
2
2
1
2
3
3
3
2
2
0
3
2
0
3
1
4
4
0
1
3
3
1
2
4
6
2
3
4
2
6
3
3
2
3
6
2
2
4
2
0
2
1
4
3
2
1
5
2
1
6
1
8
2
3
2
10
3
2
3
1
2
0
2
5
5
3
3
0
2
1
4
1
3
1
8
3
4
3
2
4
3
1
2
4
3
2
5
3
1
1
4
2
1
2
3
2
1
4
2
3
4
1
8
2
2
2
3
2
4
4
0
3
4
4
0
4
3
1
3
2
2
3
1
3
5
1
3
5
3
3
9
2
1
2
2
3
4
4
1
3
1
4
3
2
1
1
1
3
5
0
0
2
5
4
6
1
3
1
4
2
4
0
2
6
1
1
2
1
5
0
2
4
2
2
3
2
3
0
3
1
1
2
4
1
0
2
3
2
1
2
2
4
2
1
1
4
3
1
3
5
3
4
2
1
2
1
2
3
4
2
4
2
1
1
3
5
5
3
1
2
5
4
1
1
3
3
3
4
1
2
3
2
3
1
3
2
4
2
7
1
0
4
4
2
3
3
2
2
2
1
2
3
1
2
2
3
3
0
3
4
0
2
2
3
4
0
0
1
5
2
2
3
5
3
1
3
5
2
6
3
1
3
4
3
4
2
2
3
5
2
2
2
3
2
1
2
2
1
3
2
1
2
1
1
1
3
2
2
4
1
3
5
0
3
3
4
3
4
2
0
1
4
2
4
1
4
2
4
3
5
4
1
2
3
2
1
7
2
3
4
2
3
1
3
3
3
4
2
5
1
1
3
2
6
5
4
4
3
4
3
2
4
3
6
2
0
5
4
5
4
4
3
1
3
1
3
3
2
6
3
2
6
2
4
5
3
3
2
3
0
4
6
3
1
5
2
1
5
4
4
5
4
2
1
2
3
4
3
4
3
2
2
1
5
4
4
4
5
3
2
1
3
2
5
2
0
1
1
2
1
3
2
2
3
3
3
2
2
4
3
4
2
3
2
4
0
2
3
2
1
4
1
0
0
3
1
1
5
2
5
5
2
3
0
3
3
1
1
2
3
0
0
2
2
5
0
3
3
1
4
3
2
2
2
1
1
4
2
0
0
0
2
1
1
4
0
2
3
1
2
1
0
0
2
5
1
2
2
4
1
5
1
0
1
4
3
1
0
1
3
3
1
4
1
2
3
2
4
4
2
3
0
0
0
7
1
3
8
1
3
4
2
4
1
0
0
1
4
2
1
1
1
6
1
3
4
1
2
1
3
2
1
4
4
2
2
0
5
4
1
2
1
3
0
1
2
3
3
0
1
4
3
0
2
1
1
4
0
3
1
1
2
1
2
3
3
1
1
0
3
0
4
1
2
0
3
2
2
2
0
0
3
2
2
2
2
3
1
3
1
1
2
2
0
1
1
0
4
2
4
2
4
0
1
0
4
3
2
1
0
1
1
1
0
0
2
3
2
3
2
3
3
4
1
3
2
1
1
0
2
1
1
0
2
4
2
0
4
3
3
1
1
2
2
1
2
2
1
3
2
0
1
4
1
0
1
2
2
2
3
1
0
3
3
4
4
1
3
0
0
5
0
1
2
1
0
1
1
2
3
1
4
3
1
2
0
1
1
1
3
3
0
1
0
1
2
2
1
0
1
3
5
3
1
1
1
3
2
2
3
3
4
4
3
1
1
1
2
0
1
2
2
2
2
3
4
1
2
1
2
0
1
1
0
1
2
2
2
2
1
2
0
1
2
2
1
1
0
2
1
2
3
3
4
1
0
4
2
1
1
2
3
4
1
0
3
2
3
2
1
1
1
1
1
2
2
1
1
0
2
2
2
4
0
2
2
3
4
2
2
1
3
2
4
2
2
0
2
3
1
3
3
1
1
1
5
0
1
3
1
0
2
3
1
1
0
1
1
5
1
1
3
2
2
2
3
1
1
3
1
2
2
1
2
4
3
1
1
2
0
1
3
1
2
0
1
2
3
2
2
3
1
1
1
3
0
2
2
3
0
1
2
4
0
1
0
3
3
3
1
1
1
0
0
1
2
0
1
0
1
2
1
3
3
1
1
1
4
4
0
3
1
1
2
0
1
1
1
2
1
1
1
3
0
2
1
0
2
1
0
1
2
2
1
2
2
2
2
2
2
0
1
0
0
1
2
4
1
0
1
1
1
2
2
3
2
0
4
0
1
1
0
2
0
2
1
1
0
1
3
0
3
1
2
3
2
1
2
1
3
1
2
1
2
2
6
3
1
0
2
0
2
0
3
1
1
3
3
2
1
1
2
2
2
2
1
1
0
1
0
3
4
0
1
0
2
0
4
3
3
2
1
2
4
1
2
3
1
1
3
2
0
1
2
0
0
2
2
3
0
2
0
3
1
1
1
1
0
0
1
1
2
0
1
1
0
1
2
2
2
0
1
0
1
0
1
2
2
1
0
2
0
1
1
1
1
1
0
1
1
4
0
1
1
1
2
0
1
0
1
1
0
0
0
3
2
2
0
3
3
2
1
1
0
1
2
2
2
1
2
1
2
0
2
1
1
2
2
1
3
1
3
2
4
1
2
1
1
1
0
1
0
3
3
3
2
0
1
3
1
0
2
2
2
0
3
1
2
3
0
2
0
4
1
3
0
1
2
2
2
2
2
1
5
1
0
0
3
0
1
1
0
0
2
1
1
0
2
4
2
4
1
2
4
2
1
4
1
0
1
1
1
1
0
2
0
2
1
1
0
2
1
1
1
5
0
1
0
2
1
1
2
0
1
2
0
0
1
1
0
2
0
2
0
1
0
2
1
0
1
0
2
1
1
2
2
4
1
2
3
0
1
2
0
2
1
1
1
3
3
4
1
2
0
1
1
0
0
0
0
1
1
0
1
3
1
1
1
2
3
2
3
3
1
1
1
1
1
1
2
2
2
5
0
1
2
2
3
1
2
1
6
1
0
1
1
4
3
0
0
3
1
0
1
2
0
2
1
1
1
1
3
2
0
2
1
1
3
1
0
1
1
0
0
1
0
2
3
1
0
0
2
0
0
1
5
0
1
0
1
0
1
3
0
1
2
2
1
2
0
1
1
0
2
2
2
0
3
0
0
1
2
0
0
3
0
3
1
2
0
0
1
1
0
0
1
4
1
1
0
2
0
2
0
0
3
1
2
4
1
3
0
0
1
1
3
3
0
2
3
2
2
0
1
0
1
1
2
3
2
4
1
3
1
1
0
2
1
0
2
1
0
2
1
0
1
2
1
1
1
0
2
0
2
1
0
2
0
1
1
0
0
1
1
1
3
1
0
1
0
1
1
2
3
1
2
1
2
0
0
2
1
0
0
1
2
2
1
0
1
1
2
2
0
1
3
1
1
3
0
0
1
3
2
1
1
0
1
1
2
1
0
1
0
0
2
0
1
1
0
2
0
1
0
0
0
1
0
3
2
4
0
4
1
1
0
0
3
1
0
0
2
1
1
2
2
0
0
0
1
2
1
0
0
0
0
0
0
0
1
1
1
1
2
0
0
2
1
1
2
2
1
0
2
1
0
0
1
0
3
1
1
1
1
1
2
1
0
0
1
0
1
2
0
1
0
0
0
2
1
0
1
0
1
0
0
0
2
1
1
0
2
3
1
0
0
0
0
1
1
2
1
2
2
1
1
1
3
1
1
2
2
2
3
0
2
1
1
0
2
0
1
2
1
1
1
1
1
2
2
3
0
1
2
0
1
1
1
1
0
1
1
0
1
0
0
0
1
0
1
0
1
0
0
3
3
0
0
2
2
1
0
0
1
1
3
0
2
1
0
0
0
0
2
1
4
1
1
2
0
2
0
0
1
1
3
0
0
2
0
2
1
0
1
0
1
2
0
0
3
1
3
0
2
0
2
0
1
0
1
1
1
1
1
1
2
0
0
0
1
0
2
1
3
0
1
1
1
3
1
4
1
1
1
1
2
1
0
3
0
0
1
1
0
1
0
3
1
2
3
1
0
1
0
2
2
2
3
0
4
1
1
1
0
2
0
1
0
0
0
1
3
1
3
1
0
4
1
1
1
2
0
1
2
1
3
1
1
3
1
1
3
0
0
0
1
0
1
3
2
2
0
1
0
1
2
3
1
2
4
2
4
1
1
0
1
0
0
1
1
0
3
0
1
4
1
0
0
1
1
2
2
3
1
1
1
2
1
1
3
2
1
3
0
2
2
0
1
1
0
2
0
1
2
2
0
0
0
2
3
0
1
1
0
2
3
0
0
2
0
3
1
1
1
3
2
1
0
1
2
1
0
1
0
2
0
2
0
4
1
0
1
0
0
0
1
1
1
0
0
2
1
1
0
2
0
0
1
2
1
0
1
1
0
0
0
1
0
1
3
1
1
2
0
0
1
1
1
2
0
0
2
2
0
2
0
1
3
3
1
0
1
0
2
0
1
2
1
0
1
0
0
1
1
1
0
0
0
0
1
1
0
1
1
1
0
1
0
1
1
3
2
1
0
1
2
1
0
1
2
0
1
1
0
3
0
0
1
0
1
0
0
0
0
1
0
0
1
2
1
1
1
0
3
0
0
2
1
1
2
2
0
2
2
1
0
1
1
3
0
1
1
0
1
0
1
3
2
2
2
0
0
2
1
1
1
1
2
1
0
3
2
1
1
0
1
3
2
1
2
0
2
2
1
0
2
0
2
3
1
2
1
0
2
0
1
2
3
0
4
1
2
1
3
2
2
1
3
1
3
0
0
1
2
1
2
2
0
1
3
1
2
2
1
0
0
0
1
0
0
1
0
1
2
1
1
1
1
1
0
1
4
0
2
2
2
0
2
1
0
1
4
1
1
2
0
1
1
2
1
0
1
1
2
1
1
4
2
1
2
4
0
2
2
1
1
0
1
1
0
1
2
1
0
1
2
1
1
0
0
1
0
1
0
0
0
0
0
1
2
0
1
0
2
0
0
1
0
1
0
1
1
1
1
0
0
1
0
1
1
2
0
0
0
1
2
4
0
1
0
0
0
1
1
1
2
1
0
3
1
1
1
2
0
2
0
0
0
0
1
0
1
0
1
0
1
0
0
1
0
0
0
0
0
1
0
4
1
1
2
0
0
0
0
0
1
0
1
1
1
0
1
0
0
0
1
1
2
1
2
0
0
3
0
1
0
0
0
0
2
1
0
0
0
1
0
1
0
1
1
0
1
1
1
1
0
1
1
0
1
0
1
2
0
0
1
0
1
1
1
0
0
3
2
1
1
0
0
1
0
1
0
2
1
0
1
0
0
2
1
1
1
1
0
0
1
0
3
1
0
2
1
2
1
0
2
1
1
1
1
2
2
1
0
1
0
0
1
1
4
2
0
0
0
2
1
0
0
2
1
2
0
1
1
1
0
0
1
1
1
0
0
0
0
1
1
0
0
0
1
0
3
0
1
2
0
1
0
2
1
2
0
0
1
1
1
0
1
0
0
1
0
0
0
2
1
0
0
2
1
0
1
0
0
0
0
1
1
1
0
0
0
0
0
0
0
3
1
0
1
0
2
0
0
0
2
0
1
0
1
0
0
2
1
0
2
1
0
0
0
3
1
0
0
1
1
3
0
0
1
1
0
1
0
1
2
1
4
0
1
2
1
2
0
0
1
2
0
1
0
0
2
0
0
1
1
0
0
0
0
3
2
1
2
1
2
1
2
4
0
0
0
1
3
0
0
0
2
1
0
1
1
1
1
2
2
1
3
1
1
2
2
0
0
1
2
0
1
1
0
1
2
0
0
1
2
1
0
2
1
2
1
2
0
2
0
0
0
2
2
3
0
0
0
1
4
0
2
1
1
3
2
1
2
3
1
2
1
3
1
2
1
5
1
3
2
0
2
2
2
0
2
0
1
3
3
2
1
4
1
2
0
4
3
0
3
1
3
5
4
4
2
3
3
1
6
8
3
5
4
4
3
6
10
3
7
3
5
2
8
5
3
5
6
7
9
4
9
11
6
13
11
11
10
17
17
16
14
15
9
10
10
12
6
6
9
13
8
7
13
12
14
17
5
10
13
13
12
10
8
14
12
15
14
6
12
14
15
14
14
18
16
14
7
13
11
10
11
12
7
6
10
11
7
7
7
7
16
7
8
10
8
4
4
9
5
9
7
14
6
9
7
13
4
8
8
11
5
7
6
5
5
6
6
4
1
5
7
4
3
0
6
5
5
3
6
2
3
3
3
4
2
2
3
2
0
1
2
0
2
3
3
0
0
2
2
2
0
1
1
0
0
3
1
1
1
0
1
1
1
0
0
2
0
1
2
0
2
0
1
0
0
2
1
0
1
0
1
1
0
2
0
1
0
1
0
0
0
0
1
0
1
0
1
0
0
1
0
0
0
0
0
1
1
1
0
3
1
1
1
0
0
1
2
0
1
0
1
0
0
0
2
0
0
0
0
1
1
1
1
0
1
0
2
2
4
1
0
1
0
0
0
0
0
0
2
0
0
0
0
0
1
1
0
0
2
0
0
0
1
0
1
0
0
0
0
0
1
0
0
0
0
1
2
1
0
1
0
0
0
1
0
0
1
0
1
0
0
0
0
0
2
0
0
0
1
0
1
0
0
1
0
0
0
0
0
0
0
0
0
1
1
1
2
1
0
0
1
0
1
0
1
0
0
0
0
1
0
0
0
0
1
0
0
0
0
1
0
1
1
0
1
1
2
0
0
0
0
0
0
1
1
0
0
0
1
0
0
4
0
0
0
0
1
1
0
0
1
1
0
1
0
0
1
0
1
3
0
0
1
2
0
0
0
0
0
2
1
2
1
0
0
0
1
0
0
1
2
1
2
2
1
1
0
0
2
1
0
0
1
0
3
0
1
0
0
2
0
1
1
0
1
0
0
2
1
1
0
0
0
2
2
1
0
0
4
1
1
1
1
0
1
1
2
1
0
1
1
1
2
0
0
0
1
1
0
0
1
2
1
1
0
0
0
1
0
1
0
0
0
1
1
1
0
0
2
0
1
0
0
0
1
0
0
0
1
0
0
0
0
0
0
0
0
1
1
2
0
0
0
2
0
1
1
0
0
1
0
0
0
0
0
0
0
2
1
1
2
0
0
1
0
0
0
1
0
0
1
1
0
1
2
2
0
0
0
0
0
1
3
2
3
0
1
1
0
1
1
1
0
1
0
2
3
0
0
1
2
1
4
3
1
1
0
2
0
0
1
0
1
1
1
1
1
1
1
1
1
0
0
2
0
1
2
0
1
1
0
1
0
0
3
1
2
0
1
0
0
1
0
3
0
1
1
0
1
2
2
1
0
0
0
1
1
0
0
1
1
2
1
0
1
0
0
0
1
1
0
0
0
0
0
0
2
0
0
1
1
1
0
0
2
0
0
1
1
0
2
0
0
0
0
1
0
1
0
0
1
1
0
1
0
1
0
0
1
1
0
0
1
0
1
0
0
1
1
0
0
0
0
1
0
1
1
1
0
0
0
0
0
0
0
1
1
1
0
0
0
0
0
0
1
0
1
0
0
0
0
1
0
1
0
0
1
3
1
1
1
0
0
1
0
0
1
0
1
0
0
1
1
1
1
0
0
0
3
0
0
0
0
0
1
1
0
0
0
0
0
1
1
0
0
0
0
1
0
0
1
1
0
0
0
4
1
0
0
0
0
1
0
1
0
0
2
0
0
1
0
1
2
1
0
1
0
3
0
0
0
1
2
1
0
0
0
0
0
1
1
0
0
0
2
0
0
1
0
1
0
1
0
2
1
0
0
0
0
1
1
1
1
0
2
0
1
1
0
0
1
2
1
1
1
0
1
0
0
0
0
1
0
1
2
0
0
1
0
0
1
1
0
0
1
3
0
0
0
0
1
2
1
1
1
1
0
1
0
1
1
0
0
0
2
0
0
1
1
1
0
1
0
0
1
1
1
0
1
0
1
0
0
1
1
1
0
1
0
1
0
0
1
0
3
1
1
0
0
0
0
1
1
0
0
0
0
0
0
0
0
0
2
0
0
1
0
0
0
0
1
0
1
1
0
0
0
0
0
0
0
0
1
0
0
0
1
1
0
0
0
1
0
0
0
0
0
0
0
0
0
0
0
0
0
0
0
0
0
0
0
1
0
0
0
0
0
0
3
0
0
2
0
0
1
0
2
0
1
0
1
0
0
1
1
0
0
1
2
1
0
1
2
0
1
0
0
0
0
0
1
0
0
0
1
2
1
2
0
0
0
0
3
0
1
1
0
0
1
0
0
0
0
0
0
0
0
0
0
0
2
1
0
0
0
0
0
0
0
0
0
0
0
0
0
0
0
0
0
0
0
0
0
0
0
0
0
0
0
0
0
0
0
0
0
0
0
0
0
0
0
0
0
0
0
0
0
0
0
0
0
0
0
0
0
0
0
0
0
0
0
0
0
0
0
0
0
0
0
0
0
0
0
0
0
0
0
0
0
0
0
0
0
0
0
0
0
0
0
0
0
0
0
0
0
0
0
0
0
0
0
0
0
0
0
0
0
0
0
0
0
0
0
0
0
0
0
0
0
0
0
0
0
0
0
0
0
0
0
0
0
0
0
0
0
0
0
0
0
0
0
0
0
0
0
0
0
0
0
0
0
0
0
0
0
0
0
0
0
0
0
0
0
0
0
0
0
0
0
0
0
0
0
0
0
0
0
0
0
0
0
0
0
0
0
0
0
0
0
0
0
0
0
0
0
0
0
0
0
0
0
0
0
0
0
0
0
0
0
0
0
0
0
0
0
0
0
0
0
0
0
0
0
0
0
0
0
0
0
0
0
0
0
0
0
0
0
0
0
0
0
0
0
0
0
0
0
0
0
0
0
0
0
0
0
0
0
