0
0
0
0
0
0
0
0
0
0
0
0
0
0
0
0
0
0
0
0
0
0
0
0
0
0
0
0
0
0
0
0
0
0
0
0
0
0
0
0
0
0
0
0
0
0
0
0
0
0
0
0
0
0
0
0
0
0
0
0
0
0
0
0
0
0
0
0
0
0
0
0
0
0
0
0
0
0
0
0
0
0
0
0
0
0
0
0
0
0
0
0
0
0
0
0
0
0
0
0
0
0
0
0
0
0
0
0
0
1
0
6
47
1475
10424
19242
18616
16992
15954
15560
15539
15627
15555
15857
16067
16319
16588
16769
16777
17155
17180
17191
17544
17414
17348
17583
17543
17611
17504
17539
17400
17473
17358
17201
17473
17465
16916
17145
17011
16697
16880
16893
16714
16775
16703
16812
16557
16668
16496
16317
16486
16342
16354
16272
16278
16141
16276
16018
15942
16104
16005
16026
16072
15888
15783
15728
16049
15862
15844
15617
15813
15722
15610
15544
15543
15523
15454
15526
15407
15376
15376
15424
15353
15325
15088
15225
15253
15280
15378
15049
14901
15068
15198
14816
15102
14818
14920
14831
14815
14836
14978
15047
14771
14595
14733
14623
14658
14794
14578
14646
14586
14624
14390
14500
14310
14341
14537
14581
14275
14290
14397
14461
14182
14173
14330
14317
14399
14116
14272
13923
14219
14074
14252
14083
14308
14040
14079
14090
14103
13995
13807
13770
13763
13642
13789
13754
13787
13746
13734
13736
13878
13686
13831
13762
13771
13456
13754
13848
13748
13514
13409
13530
13768
13651
13539
13624
13551
13537
13585
13208
13434
13462
13590
13288
13473
13458
13354
13162
13269
13362
13431
13156
13074
13126
13233
13116
13152
13277
13201
13181
13223
13205
13216
13248
13014
13065
13182
12983
12996
13042
13051
12893
12910
12990
13168
12951
12818
12932
13169
12853
12863
13059
12854
12907
13057
12760
12763
12775
12860
12978
12726
12823
12966
12731
12712
12754
12686
12783
12633
12810
12657
12842
12650
12803
12535
12692
12693
12609
12445
12487
12549
12723
12690
12571
12520
12333
12250
12371
12521
12707
12560
12577
12521
12327
12417
12233
12693
12480
12412
12550
12459
12245
12442
12168
12567
12374
12268
12148
12234
12221
12274
11889
12218
12484
12473
12506
12254
12194
12441
12064
12238
12220
12088
12257
11977
12107
12358
12018
12151
12370
12149
11993
12120
11971
12108
12003
12058
11982
12111
12141
12023
12258
12121
12137
12049
11949
11796
12048
11889
11960
12018
11782
11905
11760
11843
11945
11925
11923
11788
11784
11825
11776
11600
11773
11933
11709
11668
11861
11876
11623
11796
11713
11646
12092
11666
11701
11697
11725
11773
11778
11794
11630
11676
11636
11738
11407
11623
11859
11521
11546
11805
11615
11610
11426
11392
11638
11576
11415
11805
11495
11446
11634
11513
11498
11478
11421
11593
11667
11655
11446
11387
11383
11359
11530
11249
11566
11099
11430
11415
11490
11266
11497
11432
11446
11432
11526
11439
11300
11324
11608
11314
11391
11425
11231
11631
11390
11275
11427
11324
11529
11338
11228
11105
11197
11166
11265
11271
11388
11096
11228
11017
11403
11074
11107
11128
11165
11330
11141
11078
11118
11238
11138
11020
11202
11180
11017
10993
11086
11045
11060
10758
10878
11133
10999
11100
11104
11161
11015
10952
10980
11308
11081
10948
11059
10925
11070
11104
10818
10904
10905
11090
10959
10923
10895
10811
11048
10911
10966
10860
10958
10897
10958
10950
10898
10977
10769
10866
10860
10921
10975
10830
10752
10883
10824
10644
10731
10721
10787
10769
10709
10780
10758
10691
10711
10634
10827
10828
10863
10807
10654
10520
10772
10811
10361
10587
10832
10552
10672
10589
10673
10604
10677
10480
10573
10738
10705
10636
10481
10548
10630
10650
10493
10616
10437
10548
10521
10663
10640
10543
10400
10452
10469
10569
10393
10364
10384
10478
10542
10317
10434
10517
10464
10453
10200
10530
10463
10576
10438
10587
10269
10447
10566
10489
10382
10365
10306
10425
10629
10418
10470
10495
10161
10429
10289
10450
10493
10260
10187
10397
10189
10367
10333
10281
10526
10192
10275
10423
10303
10223
10244
10403
10267
10234
10209
10196
10382
10280
10340
10071
10291
10396
10271
10307
10227
10131
10346
10351
10130
10254
10077
10218
10270
10202
10221
10301
10206
10341
10208
10257
10099
10074
10119
10146
10181
10042
10237
10302
9973
10162
10197
10293
10025
10098
10099
10109
10215
10085
10258
10403
10072
10081
10130
10060
10156
10221
10073
10183
10100
10205
10037
10107
10232
10212
10327
10089
10064
10173
10168
10207
10097
10172
10117
10048
10159
10141
10149
10174
9971
10156
10278
10253
10340
10152
10330
10046
10276
10141
10288
10241
10218
10286
10223
10264
10259
10239
10319
10422
10201
10418
10350
10290
10379
10599
10705
10578
10515
10769
10723
10643
10637
10769
10863
10932
11152
11076
11101
11204
11327
11586
11504
11555
11796
11835
12039
12265
12417
12240
12424
12569
12730
12921
13015
12883
13076
13476
13558
13369
13628
14022
13852
13978
14173
14083
14248
14430
14478
14667
14557
14761
14835
14882
15030
15274
15025
15297
15634
15740
15582
15717
15771
16036
15949
16120
16439
16340
16305
16631
16869
16976
17072
17437
17514
17664
17821
17471
17397
17309
17328
16951
17030
16690
16419
16451
15972
16220
15537
15602
15527
14945
14977
15056
14729
14353
14325
14017
13891
13627
13288
13240
12648
12557
12444
12169
12184
11815
11584
11665
11294
11206
11078
11024
10738
10592
10527
10324
10115
10422
10147
10046
10024
10202
10323
9742
10111
9905
9909
9754
9770
9706
9859
9740
9731
9745
9786
9668
9629
9694
9745
9639
9679
9834
9683
9849
9803
9726
9836
9805
9993
9842
9909
9552
9763
9794
9676
9646
9783
9889
9796
9843
9772
9787
9684
9951
9716
9875
9783
9982
9755
9894
9966
9893
9960
9901
9883
9820
9956
9839
10040
9864
9883
9967
9848
10063
10116
10059
9826
9896
10091
10085
10157
9937
10007
9948
10048
9992
10110
10156
10052
10178
10141
10026
10135
10235
10152
10147
9931
10258
10162
10132
10073
10171
10251
10348
10297
9960
10249
10309
10344
10099
10262
10454
10154
10480
10228
10313
10344
10245
10298
10324
10208
10527
10455
10277
10473
10508
10547
10283
10195
10478
10396
10558
10595
10468
10528
10615
10477
10463
10710
10808
10690
10502
10548
10530
10808
10537
10666
10688
10565
10763
10633
10881
10645
10565
10855
10868
10825
10801
10697
10635
10827
10955
10597
10771
10796
10907
10823
10940
11052
10832
10948
10913
10770
10681
10886
10945
11001
10923
10910
11136
10894
11075
10980
10927
10706
11179
10950
11188
11047
11035
10832
11166
11027
11081
11067
11008
11018
11145
11171
11222
11059
11220
11216
11237
11363
11117
11317
11209
11113
11009
11162
11175
11277
11431
11480
11085
11390
11356
11310
11391
11577
11390
11378
11372
11370
11571
11386
11587
11583
11557
11497
11481
11379
11529
11659
11423
11562
11572
11427
11546
11612
11636
11586
11708
11577
11625
11494
11810
11463
11614
11553
11736
11578
11559
11663
11619
11718
11520
11660
11528
11783
11681
11837
11662
11682
11834
11701
11922
12029
11673
11686
11815
11804
11695
11864
11971
11919
11841
11737
11811
12039
11838
11910
11998
11818
11960
11955
11940
11903
11953
12022
12114
12062
12143
12024
11944
12133
12076
12148
11972
12035
11860
12128
11969
12132
11952
12081
12005
12150
11973
12013
12200
12157
12058
12075
12313
12128
12188
12067
12065
12087
12229
12265
12010
12230
12135
12208
12236
12331
12268
12245
12354
12220
12337
12327
12379
12199
12547
12383
12333
12343
12274
12339
12308
12276
12610
12339
12361
12452
12501
12578
12417
12421
12472
12398
12453
12628
12442
12581
12515
12539
12671
12272
12799
12603
12472
12518
12437
12532
12632
12621
12708
12548
12479
12772
12748
12832
12666
12686
12514
12659
12630
12596
12716
12637
12742
12561
12623
12740
12682
12846
12925
12933
12911
12942
12792
12886
12962
12870
12897
12871
12876
12803
12696
13067
12645
13015
13013
12876
12907
13008
13029
12896
12845
12934
12838
12913
12962
13019
12725
12795
12870
13078
13069
13120
13268
13089
13140
13210
13022
12977
13111
13074
12943
13190
13015
13432
13276
13172
12890
13389
13397
13247
13394
13438
13137
13639
13178
13478
13089
13413
13346
13379
13354
13301
13215
13331
13187
13259
13389
13335
13563
13520
13555
13511
13420
13346
13454
13618
13421
13523
13330
13557
13495
13686
13516
13534
13500
13652
13878
13794
13616
13688
13682
13719
13730
13666
13626
13857
13671
13964
13869
13867
13949
13796
13787
13904
13875
13985
14002
13799
14028
13890
14103
14014
13909
13795
14074
13952
14060
14032
13974
14090
13918
14076
14304
14182
14163
14094
14337
14316
14338
14291
14201
14332
14283
14515
14420
14396
14175
14288
14484
14204
14528
14585
14201
14545
14377
14597
14427
14526
14420
14522
14829
14602
14692
14547
14396
14809
14699
14910
14600
14788
14769
14751
14664
14802
14843
14463
14912
14895
14952
14864
14833
14972
15024
14758
14922
14894
14974
15112
15047
14867
15119
15025
14809
15186
15230
15150
15288
15115
15138
15066
15229
15180
15181
15088
15300
15177
15160
15143
15140
15247
15046
15423
15535
15253
14959
15267
15183
15379
15487
15464
15306
15409
15395
15338
15378
15158
15473
15551
15449
15365
15437
15459
15462
15827
15649
15751
15523
15529
15414
15503
15576
15637
15378
15576
15301
15562
15547
15723
15622
15746
15747
15849
15628
16004
15642
15794
15855
15759
15807
15861
15797
15982
16097
15798
16015
16199
15932
16131
15926
15941
16078
16098
16264
16054
16124
16357
16271
16322
16246
16358
16528
16522
16589
16244
16380
16648
16449
16622
16673
16459
16561
16681
16728
16675
16718
16588
16708
17036
16909
16924
16903
16913
17083
16994
16951
16755
17057
16952
17219
16912
17181
16826
17139
16938
17183
17053
16970
17218
16892
17046
17277
17006
17360
17298
17052
17193
16890
17050
17343
17242
17369
17157
17188
17249
17185
17151
17232
17079
17427
17265
17432
17270
17183
17095
17012
17074
17270
17341
17305
17163
17200
17591
17308
17326
17007
17205
17472
17424
17477
17413
17460
17419
17632
17489
17697
17537
17605
17680
17677
17678
17396
17413
17682
17823
17807
17387
17930
17735
17831
17870
17859
17872
17733
17765
18059
17850
18040
17981
17934
17819
17909
17936
18010
18208
18095
18017
18019
17791
18331
18073
17922
18071
17830
18051
18194
18011
17916
18453
18121
18215
18127
18093
17941
17842
18121
18034
17990
18095
17989
17660
17725
17795
17611
17669
17561
17544
17548
17506
17419
17245
17176
17085
16977
16922
17114
16799
16797
16988
16718
16467
16680
16498
16642
16325
16417
16442
16344
16475
16224
16261
16071
15993
16233
16106
15942
15960
16174
15966
15892
16191
15899
15932
15714
15840
15669
15948
15772
15718
15924
15840
15846
15919
15873
15559
15620
15598
15777
15726
15550
15560
15578
15581
15562
15690
15662
15577
15799
15769
15803
15432
15594
15474
15588
15530
15275
15620
15636
15461
15507
15246
15370
15391
15288
15585
15402
15522
15294
15332
15428
15366
15059
15382
15453
15406
15440
15327
15110
15323
15204
14971
15000
15134
15115
15397
15065
15230
15148
15274
15128
15097
15347
15227
15211
15063
15446
15058
15111
14914
14968
15179
15150
15059
14987
14866
15300
15172
14903
14994
15060
14900
15065
14940
14951
15332
14903
14890
15035
14894
15082
14987
15040
15102
14829
14975
14766
14734
15162
14887
15021
14967
15001
14776
14889
14708
14867
15163
14943
14533
14920
14658
14922
14901
14887
14892
14942
14733
14819
14865
14759
14742
14862
14929
14550
14847
14707
14799
14857
15012
14839
14798
14640
14498
14866
14759
14638
14609
14518
14564
14696
14639
14554
14653
14777
14612
14777
14584
14831
14646
14573
14576
14498
14745
14831
14499
14799
14877
14484
14449
14678
14799
14745
14624
14526
14411
14682
14671
14673
14609
14536
14534
14591
14402
14525
14564
14490
14435
14468
14630
14669
14648
14572
14437
14409
14672
14446
14372
14431
14457
14551
14380
14398
14561
14289
14480
14564
14564
14398
14557
14392
14563
14358
14318
14561
14187
14408
14718
14261
14477
14484
14543
14259
14310
14669
14492
14459
14399
14591
14442
14351
14142
14566
14505
14265
14412
14494
14267
14412
14240
14284
14326
14375
14394
14410
14502
14313
14240
14432
14012
14369
14375
14419
14162
14305
14383
14661
14409
14221
14155
14414
14131
14260
14214
14048
14445
14354
14046
14237
14344
14508
14185
14290
14255
14459
14179
14460
14204
14194
14291
14244
14296
14293
14345
14067
14196
14198
14418
14098
14292
14163
14036
14599
14309
14254
13993
14283
14122
14215
14200
14145
14131
14048
14452
14203
14258
14288
14012
14238
13939
14047
14202
14205
14153
14276
14160
14088
14183
14131
14112
14221
14291
14092
14168
13973
14102
14007
14102
14259
13971
14129
13964
14076
14109
14185
14134
14060
14304
14134
13940
14264
14295
14062
14014
14099
14032
13900
13997
14275
14046
14051
14208
13866
14008
14076
14051
13917
14052
13995
14022
13909
14009
14089
14032
13833
13766
13607
13936
13963
14001
13946
13874
13861
13856
13714
13762
13694
13801
13734
13898
13731
13542
13653
13834
13493
13834
13549
13773
13732
13671
13540
13515
13416
13550
13417
13376
13771
13409
13262
13478
13410
13278
13496
13347
13347
13491
13241
13475
13311
13262
13228
13209
13027
13095
13060
13069
13010
12864
12702
13026
12957
12850
12828
12826
12996
12934
12586
12698
12496
12557
12661
12598
12482
12616
12584
12558
12340
12285
12338
12276
12265
12233
12185
12248
12026
12329
11990
12098
11935
11822
11995
12003
11903
11745
11890
11625
11862
11773
11821
11696
11567
11534
11452
11704
11557
11438
11368
11450
11493
11459
11310
11284
11377
11263
11187
11439
11202
11566
11212
11139
11048
11342
11066
10997
11241
11111
10914
10947
10885
10967
11087
10845
10786
11028
10983
10777
10896
10682
10790
10867
10810
10705
10848
10693
10686
10779
10550
10734
10614
10601
10671
10554
10554
10529
10844
10623
10545
10569
10673
10443
10660
10489
10661
10511
10480
10538
10527
10251
10289
10372
10464
10244
10491
10534
10385
10393
10434
10441
10229
10273
10415
10439
10343
10638
10409
10296
10310
10411
10357
10404
10338
10355
10527
10306
10357
10262
10270
10338
10471
10710
10530
10561
10341
10627
10570
10611
10459
10522
10460
10464
10601
10655
10577
10653
10682
10459
10576
10846
10573
10675
10734
10750
10817
10770
10709
10896
10783
10646
10887
10770
10874
10658
10741
10744
10894
11102
10745
10858
10809
10882
10988
10786
10817
10697
10808
10725
10794
10894
10721
10821
10836
10849
10678
10730
10751
10422
10433
10558
10304
10546
10229
10226
10226
10105
10176
9926
10025
9938
10071
9997
9790
9746
9556
9882
9734
9579
9685
9660
9466
9500
9463
9360
9312
9459
9397
9386
9344
9441
9352
9184
9410
9243
9303
9197
9320
9245
9199
9171
9189
9096
9146
9096
9151
9092
8949
8983
9181
9095
9109
9064
9061
9052
9183
9032
8973
8969
9011
8989
9088
8893
8912
8906
8936
8969
8895
8758
8912
8922
8984
8760
8881
8696
8827
8820
8654
8831
8713
8763
8691
8846
8701
8828
8582
8791
8799
8759
8786
8666
8643
8752
8669
8673
8664
8803
8515
8629
8535
8735
8694
8457
8714
8459
8493
8570
8559
8426
8683
8576
8450
8478
8450
8215
8423
8397
8493
8484
8349
8416
8353
8315
8316
8455
8303
8427
8362
8419
8378
8338
8240
8349
8301
8348
8391
8366
8164
8280
8234
8116
8259
8350
8179
8294
8250
8320
8207
8314
8267
8099
8210
8228
8192
8291
8073
8142
8232
8113
8066
8129
8172
8023
8103
7971
8191
8192
8109
8168
8060
8162
8094
8122
8106
8067
8004
7892
8001
7993
8171
8059
8077
7835
7726
7875
7806
7854
8037
8005
8014
7873
7880
7971
7970
7926
7971
7923
7975
7957
7790
7764
7819
7927
7760
7893
8076
7928
7835
7851
7865
7847
7778
7750
7847
7731
7830
7831
7892
7727
7648
7778
7765
7842
7852
7772
7610
7746
7700
7877
7838
7680
7853
7877
7730
7683
7613
7679
7782
7693
7883
7818
7619
7558
7618
7603
7662
7658
7697
7693
7655
7500
7660
7748
7592
7721
7732
7637
7663
7658
7476
7691
7553
7338
7724
7570
7537
7603
7522
7558
7352
7556
7509
7478
7483
7529
7406
7359
7496
7607
7368
7551
7518
7412
7522
7519
7422
7573
7562
7721
7516
7310
7450
7415
7487
7471
7259
7290
7342
7414
7499
7511
7274
7366
7513
7280
7475
7410
7289
7303
7298
7512
7300
7319
7310
7331
7495
7200
7176
7326
7287
7348
7359
7421
7252
7218
7157
7211
7468
7251
7239
7372
7323
7285
7228
7238
7318
7092
7326
7122
7217
7217
7200
7226
7046
7116
7175
7033
7388
7245
7255
7085
7122
7088
7078
7322
7079
7084
7201
7121
7121
7112
7150
7208
7190
6967
7238
7131
7125
7094
7147
6895
7129
7038
7063
7127
7072
6901
6992
6979
7014
6989
6990
7131
7000
6886
7049
6948
7096
6864
7107
6996
7003
7018
7081
7007
6980
7135
7054
6970
6880
6892
7054
7025
6965
6970
7177
6956
7208
7074
6965
6838
6943
6882
6814
6856
7023
6937
7001
6778
6953
6875
6967
6851
7009
7001
6795
6905
6899
6932
6960
6937
6825
7006
6868
6837
6808
6904
6852
6942
6889
6978
6980
6937
6662
6793
6788
6915
6925
6725
6982
7051
6875
6728
6830
6918
6738
6844
6796
6917
6767
6812
6932
7058
7036
7091
7041
6950
7025
7294
7289
7402
7326
7473
7546
7594
7774
7910
7828
8317
8491
8453
8701
8866
8982
9204
9256
9477
9956
10082
10315
10583
10993
11185
11510
11642
12002
12319
12433
12646
12883
13236
13545
13745
14251
14366
14456
14823
15118
15385
15562
15845
16253
16293
16398
16822
16859
17042
17479
17737
18078
18165
18395
18592
18836
19341
19656
19771
19917
20338
20708
21198
21474
21756
21758
22432
22247
22336
22707
22684
22623
22572
22664
22039
21913
21718
21604
21195
20721
20263
19869
19541
18874
18206
17593
17404
16713
15930
15564
14937
14607
14090
13626
13322
12667
12198
11630
11227
10763
10321
9961
9916
9321
9118
8855
8473
8169
8002
7926
7684
7462
7352
7265
7082
6958
6753
6612
6591
6617
6442
6497
6264
6252
6313
6318
6167
6197
6234
6160
6182
6029
6171
6000
5903
6170
6016
6025
5917
6010
5949
6076
6003
5986
5928
5964
5971
5887
5920
6078
5890
5882
5878
6072
5935
5983
5956
5961
5947
5838
5883
5999
5894
5883
5848
5945
5895
5841
5810
5897
5992
5823
5900
5967
5926
5828
5908
5949
5864
5865
5876
5935
5866
5903
5909
5926
5883
5842
5936
5796
5895
5878
5902
5949
5828
5817
5764
5912
5957
5963
5876
5817
5870
5853
5884
5818
5891
5758
5853
5860
5930
5830
5899
5807
5858
5890
5760
5836
5921
5752
5943
5862
5864
5970
5869
5638
5800
5927
5855
5866
5847
5854
5805
5889
5777
5871
5832
5728
5779
5757
5881
5880
5770
5859
5829
5720
5892
5855
5705
5953
5982
5874
5829
5780
5877
5956
5949
5703
5932
5873
5770
5966
5792
5877
5884
6129
6096
6077
6206
6182
6311
6351
6499
6583
6821
6900
6880
7135
7232
7520
7930
8104
8262
8509
9023
9330
9728
10081
10269
10867
11386
11713
12178
12842
13515
13923
14732
15196
15588
16332
17014
17644
18278
19009
19591
20123
20848
21731
21942
22897
23589
24273
24863
25235
25963
26717
27162
27813
27973
29154
29564
30187
31050
31147
31666
32238
32879
33161
33928
34697
35364
36213
36729
37489
38289
39023
39586
40094
41243
41716
42570
42825
43193
43506
43572
43715
43537
43314
43505
42485
42121
40959
40579
40019
38871
37799
36616
35889
34862
33368
32371
30765
29776
28108
27113
25908
24598
23417
22294
20914
19932
18739
17625
16497
15900
14678
14150
13236
12394
11679
10954
10515
9671
9377
8821
8339
7936
7687
7363
7066
6717
6620
6312
6081
6077
5835
5716
5594
5402
5308
5313
5090
5064
4919
5027
4943
4831
4875
4966
4821
4774
4580
4735
4694
4802
4542
4737
4671
4642
4617
4678
4616
4554
4694
4571
4617
4526
4613
4503
4500
4574
4476
4507
4678
4514
4453
4547
4367
4599
4510
4531
4491
4481
4308
4503
4437
4478
4346
4438
4401
4484
4511
4334
4487
4531
4475
4444
4381
4513
4358
4355
4492
4464
4520
4343
4392
4374
4438
4378
4287
4388
4448
4285
4447
4406
4353
4393
4434
4289
4412
4380
4455
4442
4340
4288
4516
4273
4266
4387
4337
4284
4316
4282
4287
4414
4289
4317
4350
4233
4291
4216
4310
4479
4323
4318
4248
4293
4275
4369
4277
4209
4227
4305
4224
4306
4296
4324
4310
4204
4227
4327
4300
4225
4184
4361
4253
4230
4289
4139
4174
4266
4388
4341
4186
4198
4251
4234
4245
4238
4247
4266
4114
4239
4263
4157
4223
4266
4075
4255
4167
4245
4271
4228
4185
4227
4187
4240
4239
4154
4196
4078
4213
4173
4098
4113
4132
4317
4170
4211
4165
4139
4159
4202
4197
4178
4187
4179
4198
4142
4141
4074
4144
4272
4060
4060
4212
4162
4157
4105
4140
4143
4097
4222
4161
4146
4048
4134
4136
4217
4060
4110
4079
4157
4066
4157
4127
4049
4204
4026
4022
4080
4146
4034
4121
4086
4099
4085
4094
4105
4185
3989
3958
4042
4091
4162
4093
4033
3979
4204
4051
4080
4096
4203
4142
3970
4055
4105
4109
4131
4020
4098
4107
3996
4095
4025
4134
4020
4168
4104
3968
4027
3993
4068
4073
4139
3938
3935
4079
4085
3985
4040
4059
3897
4087
3992
4062
3896
3979
3979
4065
3963
4186
3974
3921
4038
4025
3967
4019
4094
3956
3985
4035
4098
3961
3838
3955
4003
4077
4038
4004
3876
3890
4108
4010
3981
3902
3985
3915
4016
3904
3950
4073
4058
4057
3981
4042
3908
3859
3958
4062
3943
4010
3956
3960
4007
4052
3994
3982
3887
3914
3939
4034
3876
3895
3997
4015
3907
3902
4028
4003
3944
3995
3876
4000
4018
3931
3978
4011
4033
3991
3915
4003
4021
4126
3943
4019
4021
3749
4087
4004
4043
3987
3934
3901
4081
4082
4054
3971
4054
4082
4118
4010
3904
4053
4083
3983
3984
4005
4121
4000
4052
4010
4046
3971
4051
4161
4080
4065
4064
4031
4069
4007
4138
4089
4214
4123
4143
4137
4086
4200
4034
4176
4159
4114
4164
4083
4107
4204
4170
4144
4362
4249
4338
4253
4208
4213
4278
4394
4458
4380
4480
4496
4521
4576
4640
4904
4724
4963
4997
5173
5252
5557
5849
6024
6214
6624
6924
7226
7671
8437
8783
9636
10126
10731
11567
12260
13218
14445
15585
16300
17608
18691
20157
21248
23061
24358
25956
27692
29219
31086
32817
34714
36298
38019
39988
41533
43472
45174
47720
49236
51376
53740
55435
56826
58982
60806
62899
64674
66361
68544
69589
71660
73380
74823
77048
78364
80353
82645
83771
85899
87017
89300
91574
93294
95183
97060
99144
101135
103064
105061
106887
107962
110547
111084
112008
112441
113164
113214
112712
112865
111147
110280
108696
106589
105068
102192
100443
96733
94299
90504
87815
84452
80581
77128
73165
70325
66447
62267
59675
55725
52468
48796
45728
42298
39894
36939
34124
31381
28833
26537
24483
22522
20836
18753
17211
15691
14565
13177
12063
11111
10120
9183
8457
7582
7145
6694
6064
5723
5290
4933
4556
4212
3962
3845
3483
3429
3211
3191
3109
2946
2809
2745
2637
2532
2489
2355
2375
2306
2152
2180
2113
2093
2101
2016
2008
2041
2033
1978
1910
1928
1969
1935
1847
1828
1871
1777
1789
1732
1774
1723
1710
1705
1779
1781
1719
1702
1731
1725
1737
1707
1619
1755
1682
1600
1649
1677
1699
1675
1628
1674
1637
1615
1644
1639
1667
1610
1579
1589
1619
1633
1614
1612
1529
1607
1618
1540
1597
1551
1520
1538
1509
1581
1523
1565
1570
1561
1551
1531
1574
1636
1545
1505
1510
1605
1520
1520
1544
1521
1494
1519
1531
1457
1426
1445
1489
1534
1557
1459
1462
1450
1455
1464
1504
1478
1439
1524
1455
1444
1496
1454
1402
1512
1475
1439
1487
1440
1446
1458
1482
1400
1425
1375
1443
1414
1418
1382
1482
1402
1493
1426
1448
1428
1498
1381
1379
1459
1475
1498
1414
1463
1438
1370
1439
1517
1517
1530
1513
1462
1497
1518
1598
1598
1641
1666
1796
1825
1791
1817
1916
1981
2099
2250
2206
2334
2479
2634
2764
2800
3031
3062
3361
3603
3657
3890
4074
4342
4545
4553
4769
5090
5273
5556
5949
5960
6337
6493
6739
7037
7314
7754
7912
8239
8455
8788
8920
9072
9255
9762
9966
10181
10268
10648
10917
11203
11219
11328
11772
11943
12166
12451
12620
12848
13411
13497
13808
13906
13974
14464
14879
15177
15232
15439
15450
15673
15740
15602
15892
15763
15696
15343
15288
15112
15009
14704
14103
13925
13607
13281
13054
12379
11961
11432
10937
10492
10140
9616
9006
8572
8123
7583
7437
6850
6338
6145
5679
5220
5077
4554
4341
4046
3687
3474
3184
3073
2803
2798
2588
2264
2274
2102
1998
1822
1725
1660
1587
1544
1422
1414
1405
1319
1252
1249
1207
1135
1170
1123
1139
1103
1073
1075
1105
997
1043
985
1032
963
1026
1012
999
939
1002
939
1016
922
948
943
921
929
938
932
913
947
961
956
902
903
956
891
913
929
919
906
906
932
910
901
871
869
867
907
936
869
879
877
884
917
838
864
882
883
851
831
871
881
944
874
811
871
867
868
896
872
878
897
847
841
816
803
869
822
851
835
789
816
883
891
828
838
838
829
793
817
867
870
846
874
823
837
820
797
795
841
891
881
834
880
771
783
829
838
797
853
828
819
824
773
786
806
785
807
761
850
783
824
788
838
796
808
768
774
784
736
819
834
755
838
814
760
794
796
759
777
771
762
797
804
780
803
783
724
748
701
780
741
770
801
764
792
782
802
781
748
706
793
801
792
832
787
776
717
726
725
738
750
755
772
736
778
727
791
725
728
753
747
749
739
721
724
734
756
777
726
748
711
731
750
680
730
749
690
740
733
750
733
738
740
760
786
749
759
706
750
711
750
722
745
753
693
716
742
702
701
755
734
718
737
707
659
742
665
710
701
745
698
672
668
711
690
681
685
682
698
715
701
687
710
740
727
731
674
708
680
712
698
669
750
710
674
694
674
700
706
683
686
719
663
697
733
712
658
680
690
727
688
681
655
690
672
677
680
677
668
673
668
752
679
711
710
727
750
665
665
715
686
627
697
688
670
679
670
668
694
616
658
671
675
661
672
696
704
691
715
642
668
676
732
645
674
692
697
676
668
644
726
657
671
664
698
664
651
676
666
684
636
662
704
709
666
640
626
645
749
629
665
684
679
640
724
677
678
677
663
677
669
685
627
637
696
671
698
671
675
669
681
659
674
635
652
636
640
680
635
669
675
689
738
642
641
663
669
628
670
662
666
638
643
653
644
612
639
633
647
661
648
655
663
636
640
661
683
623
668
685
646
640
642
645
695
650
598
640
598
658
658
612
635
644
616
649
647
665
615
637
632
640
666
667
646
653
666
651
662
629
673
670
635
666
658
718
674
660
630
668
698
686
657
651
671
676
682
651
651
646
613
697
686
697
673
727
716
726
759
699
694
695
696
698
711
739
709
774
710
762
713
761
810
759
675
721
698
718
752
780
727
738
695
782
717
782
759
734
718
724
762
774
786
743
733
781
746
802
747
754
755
737
705
699
708
666
692
689
640
597
682
643
664
599
636
654
618
624
609
619
619
619
608
630
581
672
589
565
592
608
566
583
561
577
559
594
536
589
580
547
536
558
531
559
553
556
544
531
548
544
568
511
587
541
557
540
523
537
525
574
535
561
568
522
563
526
565
547
528
547
564
563
565
527
567
557
508
538
555
553
532
535
514
534
564
562
554
542
522
543
569
557
534
516
536
546
521
548
494
517
508
530
544
507
551
512
546
518
487
562
504
544
557
564
514
512
519
586
503
497
526
562
511
508
542
510
530
549
540
524
541
511
500
506
513
504
519
566
550
508
548
514
534
513
502
535
494
509
516
517
515
525
495
543
500
490
498
498
504
491
529
506
504
495
550
487
514
453
533
564
520
496
511
483
475
595
497
486
460
464
480
511
500
557
491
491
506
495
534
480
482
488
467
508
525
508
552
488
508
516
512
494
535
489
517
485
487
510
519
496
543
477
497
468
504
496
496
468
474
492
477
490
519
515
474
534
496
547
510
474
443
468
436
491
517
491
472
526
459
475
490
495
498
519
469
470
526
462
492
488
464
453
500
497
508
436
541
500
482
476
464
482
477
487
452
506
472
485
480
519
463
488
517
475
471
486
476
537
499
507
502
521
458
449
425
453
497
489
476
447
471
466
489
459
452
521
464
496
459
463
473
465
456
419
472
475
412
467
464
464
471
428
430
451
497
461
419
450
422
458
469
432
492
490
494
488
482
436
420
445
487
448
480
439
461
458
463
437
450
449
451
439
441
454
417
471
482
419
452
404
465
455
435
445
497
440
432
438
428
457
462
414
465
487
497
448
451
419
448
436
450
442
461
424
409
447
451
422
453
436
427
451
439
439
449
469
465
416
417
451
446
415
456
429
420
473
417
437
435
452
407
442
394
444
438
415
458
394
430
414
448
469
452
442
432
425
444
412
416
420
398
425
433
404
412
469
450
414
427
417
426
428
456
457
434
393
452
410
435
422
435
453
420
404
418
453
430
415
448
389
407
426
383
438
408
413
406
414
415
386
408
420
412
427
422
408
433
380
404
384
437
418
403
438
384
412
422
443
388
449
406
433
437
366
435
395
397
423
414
432
410
424
421
406
388
427
385
408
401
453
401
400
400
402
401
379
380
416
425
423
445
416
406
391
421
475
401
445
387
426
387
421
413
442
374
391
408
400
435
404
395
381
427
371
402
399
374
396
380
432
424
406
426
390
379
386
384
422
417
408
416
413
392
413
391
403
388
377
393
386
372
415
401
379
398
399
418
376
362
354
370
383
386
364
381
440
437
394
398
380
391
411
408
377
387
394
402
430
414
378
412
383
407
412
395
379
376
398
370
398
391
404
391
389
426
386
360
344
417
376
387
393
385
367
378
394
377
383
336
374
364
387
343
407
391
375
351
373
385
363
351
409
378
386
359
377
367
398
335
386
399
390
343
382
358
380
342
353
372
353
387
390
360
373
349
339
373
355
391
395
365
337
353
359
364
346
361
361
391
350
346
384
360
358
357
332
371
368
366
389
359
347
346
360
329
379
381
354
366
387
364
372
389
366
332
391
338
388
373
333
375
365
348
353
375
334
337
367
352
356
347
333
356
355
368
379
347
363
347
349
361
373
357
384
363
366
358
380
355
355
333
379
349
341
339
362
386
343
342
354
360
332
322
409
349
322
342
360
343
340
361
336
334
327
348
343
325
316
346
361
349
332
333
351
357
345
331
345
310
323
357
400
328
344
330
348
334
348
322
345
326
349
308
343
331
344
370
331
325
345
292
330
330
332
351
318
324
340
349
322
307
324
349
345
295
356
306
300
332
331
345
328
325
335
309
329
339
303
300
318
330
309
283
333
342
324
314
309
305
298
301
327
340
320
268
326
340
338
330
338
272
316
325
305
291
309
310
323
325
316
288
309
340
295
312
315
317
310
296
300
297
274
281
285
304
320
328
339
279
310
304
301
327
312
295
296
300
294
326
283
319
315
267
282
299
323
307
281
289
303
276
316
344
321
285
296
287
301
334
303
296
297
315
294
299
296
280
301
252
288
277
301
284
291
273
268
284
281
306
291
276
288
303
286
302
256
289
273
280
283
274
269
293
286
298
271
291
275
284
263
300
264
275
261
292
278
277
276
273
286
266
265
303
292
273
286
257
275
282
322
301
307
283
276
277
261
287
287
282
284
274
281
278
279
276
291
308
272
257
289
257
276
268
303
265
257
250
281
288
258
272
276
263
311
277
244
216
280
293
272
243
273
270
253
259
274
273
261
265
269
291
254
248
242
287
255
304
258
277
261
261
262
282
252
272
271
255
241
301
284
248
289
256
251
254
265
249
263
257
253
265
267
254
242
263
273
257
267
264
261
254
269
246
246
263
277
254
251
280
265
261
266
255
247
241
241
244
249
239
268
246
276
260
226
265
248
251
258
243
250
260
216
258
254
268
242
238
242
260
243
226
251
269
253
253
245
254
256
258
241
219
264
251
244
240
260
263
253
279
282
247
244
251
243
257
245
249
233
236
244
251
236
248
267
250
230
250
244
241
233
251
255
252
251
249
217
263
244
278
260
284
265
247
223
243
236
251
239
236
262
229
212
253
272
248
264
246
237
262
264
249
243
220
264
242
209
282
234
244
233
245
219
220
227
236
231
235
231
218
249
229
245
208
244
250
229
224
204
218
245
222
229
239
224
206
229
222
269
215
197
239
225
216
218
218
216
220
247
210
254
237
226
230
228
211
216
229
228
224
234
235
231
208
223
198
214
238
204
213
218
230
203
208
202
238
210
190
222
223
232
219
213
226
222
240
210
219
239
208
225
213
191
216
190
228
209
225
196
214
200
232
205
227
181
230
222
210
201
210
223
240
211
227
203
191
207
219
189
179
211
206
213
181
245
218
217
207
211
209
207
206
187
229
176
212
210
191
218
202
181
232
202
193
181
198
189
226
192
203
191
207
212
217
214
199
223
211
200
215
207
215
203
181
217
192
192
203
192
242
190
208
199
160
209
187
193
178
219
205
186
185
204
196
196
218
174
202
207
202
178
190
216
198
202
194
193
184
209
181
197
194
193
205
215
207
202
214
197
216
189
213
200
215
187
185
199
188
177
215
194
207
188
190
183
187
201
188
184
184
180
199
176
210
185
179
211
167
174
170
213
187
199
176
183
188
199
158
198
193
200
194
168
182
178
192
182
192
187
177
187
180
202
208
176
159
196
172
189
171
181
186
204
198
171
192
187
196
188
193
179
182
179
167
152
184
193
205
168
185
206
182
190
184
182
182
184
190
183
191
196
175
180
205
192
175
168
214
184
186
194
188
187
182
185
178
200
173
183
182
175
164
164
180
192
174
172
196
211
174
173
180
172
170
181
201
165
159
177
172
173
189
179
191
184
202
170
164
181
180
197
189
180
168
190
182
177
168
160
155
180
170
163
165
194
171
165
157
154
162
180
187
188
185
184
160
160
174
173
169
199
175
165
163
163
160
153
164
172
157
147
182
154
179
139
161
180
173
150
143
158
146
179
166
196
170
182
141
159
158
191
170
155
142
166
167
163
162
182
158
151
148
152
135
138
151
159
143
132
144
166
154
169
169
139
157
166
176
155
179
158
142
162
154
174
172
164
156
170
144
140
146
152
158
171
174
149
157
143
169
146
150
151
150
154
173
150
163
147
157
152
151
148
149
161
175
161
162
149
152
157
170
161
123
157
146
144
155
153
130
154
141
147
156
140
161
146
151
156
147
131
169
151
137
149
143
139
170
168
147
149
154
182
155
168
171
144
137
139
142
155
137
154
172
168
145
152
151
133
150
141
155
151
160
153
172
157
166
168
143
165
159
148
162
161
154
174
143
160
135
127
156
152
137
147
153
149
140
152
172
127
150
146
137
157
134
160
158
153
145
166
159
150
148
171
132
167
180
150
168
190
161
166
159
167
169
163
135
158
146
161
135
156
175
200
167
140
167
153
169
149
158
160
164
169
162
153
178
167
161
146
141
170
181
159
158
139
166
175
168
159
145
138
149
160
136
138
136
130
156
153
153
147
162
122
145
147
148
140
132
152
141
146
169
160
149
152
144
136
129
147
142
136
146
140
141
152
143
135
132
143
127
150
108
142
138
127
132
134
127
122
120
122
142
108
129
138
140
132
125
148
125
139
149
130
118
140
119
133
139
123
114
123
118
133
126
156
129
131
119
107
114
132
135
145
110
149
129
125
133
140
117
114
128
109
117
158
134
109
124
134
135
131
130
129
154
116
139
149
140
142
109
129
132
127
119
122
122
121
134
134
144
103
133
144
135
141
118
131
116
136
131
138
144
140
128
126
140
112
102
132
122
133
111
122
139
140
128
137
116
117
142
137
121
158
126
124
134
134
126
114
143
145
111
119
126
145
104
133
128
126
119
130
124
121
124
145
130
125
126
113
121
154
135
118
123
145
130
120
124
113
136
110
117
127
124
138
151
136
141
125
132
114
149
150
125
128
131
122
126
132
148
123
155
116
138
122
139
141
139
138
125
143
124
157
147
143
127
139
126
113
119
126
147
124
130
113
129
142
130
125
117
133
139
133
131
96
144
134
129
107
123
110
126
121
130
119
123
106
117
114
114
107
117
121
104
112
106
109
98
112
105
118
118
118
101
91
127
127
115
111
127
101
97
130
93
102
95
99
126
114
120
105
110
104
84
110
112
98
99
111
100
100
105
99
95
97
108
98
111
94
117
101
97
111
88
118
110
105
112
107
100
111
115
118
98
114
106
116
119
109
100
93
94
118
104
103
93
115
98
120
109
104
109
110
107
100
107
109
108
102
101
103
106
104
97
110
107
108
98
123
116
89
115
115
89
92
103
102
110
117
99
110
127
100
127
93
114
104
101
98
111
116
107
107
116
100
101
118
106
101
119
102
105
106
114
117
105
119
119
105
104
106
95
111
105
111
129
97
94
97
101
121
84
107
113
97
109
93
105
129
103
114
111
94
100
117
103
100
111
115
114
112
97
100
126
113
108
109
95
92
144
114
108
125
109
97
99
107
117
92
121
133
132
118
119
130
118
121
130
126
111
121
121
125
134
95
116
132
125
131
135
123
131
146
148
139
129
138
132
115
129
133
129
135
138
144
134
111
128
142
131
122
143
128
145
136
112
146
121
139
102
140
119
121
127
113
123
127
135
116
126
115
131
135
115
126
127
128
118
105
110
126
120
115
117
105
98
109
103
111
102
86
78
85
103
103
86
95
86
81
83
69
88
86
78
92
75
89
63
79
78
86
76
74
76
93
58
67
74
73
73
63
53
60
73
78
57
71
77
77
83
69
69
79
76
60
54
65
80
65
70
78
63
68
75
75
62
79
62
75
67
70
69
77
69
70
76
70
70
64
62
90
63
70
76
56
76
58
69
63
85
61
78
68
60
55
87
62
65
56
86
71
59
69
77
68
61
89
77
72
70
66
62
70
74
65
62
76
76
73
65
71
47
73
63
60
66
59
61
71
75
77
90
60
73
82
78
87
76
63
69
76
69
76
78
64
62
55
77
80
68
54
71
66
69
62
64
78
54
72
71
68
56
68
75
76
68
53
62
62
66
64
65
72
61
68
61
54
78
67
71
81
84
83
67
71
73
55
64
68
69
66
80
62
75
70
62
81
62
60
74
57
73
59
73
67
60
54
66
66
67
66
61
65
65
68
72
64
66
68
78
73
66
67
71
76
69
64
63
49
71
62
83
69
68
71
68
79
69
65
51
62
64
81
77
78
75
72
70
59
50
69
79
72
66
77
92
57
83
76
62
67
57
67
62
65
78
70
68
71
78
66
65
66
67
67
64
75
57
70
56
78
63
63
81
65
66
73
63
72
70
62
73
73
67
63
50
72
62
64
49
61
72
86
46
56
65
67
57
72
63
85
64
71
58
57
67
71
50
71
64
58
50
64
50
51
62
68
57
68
51
67
68
52
72
64
65
56
67
66
71
53
58
50
79
72
71
64
63
57
56
58
63
49
57
69
73
70
60
65
65
60
73
73
68
62
62
57
52
54
73
81
74
59
83
59
68
74
70
61
60
68
63
72
66
60
58
55
57
59
75
68
56
63
70
48
65
71
65
58
60
60
69
61
54
70
64
62
40
49
69
63
73
69
59
76
61
65
74
77
67
67
63
65
66
60
76
70
73
71
73
78
70
66
70
91
68
73
81
57
76
89
81
68
68
67
61
73
75
67
75
75
83
80
63
79
92
74
87
71
87
60
84
63
80
63
74
80
76
81
65
62
78
81
59
84
89
88
64
81
85
83
79
86
84
95
77
76
85
74
80
82
83
85
85
76
93
93
94
94
97
83
96
119
100
96
73
88
94
111
114
104
105
105
92
86
108
99
107
118
99
91
99
116
101
87
84
102
97
105
95
93
102
89
85
113
87
109
83
115
83
82
115
80
72
108
94
86
95
87
86
75
77
90
88
78
78
74
66
65
77
76
77
62
55
67
63
65
60
51
55
55
44
49
37
43
44
39
34
39
29
43
46
34
39
30
36
32
33
29
25
32
28
24
28
38
30
27
24
24
34
20
25
29
23
34
25
23
20
36
26
37
20
26
16
31
27
29
23
37
22
29
23
21
21
29
18
20
27
33
25
26
32
26
23
27
23
27
15
25
20
34
23
19
27
20
21
30
32
22
28
30
24
25
32
23
24
17
29
23
20
22
27
16
33
26
28
33
24
18
20
31
29
27
24
30
30
28
21
35
27
28
28
27
36
20
38
17
19
30
25
31
29
18
20
35
25
27
29
27
20
20
21
22
23
32
29
24
25
26
23
28
21
30
19
25
30
25
15
28
29
20
21
26
19
30
40
31
28
26
28
24
32
33
28
23
37
29
28
29
27
24
21
25
27
26
18
24
27
41
24
28
18
25
17
25
25
23
36
32
27
22
38
19
36
33
32
23
25
27
26
26
35
29
16
24
23
26
23
27
34
26
24
29
28
27
31
28
33
33
39
29
34
36
28
24
22
27
31
39
31
38
41
36
45
44
23
32
39
38
26
31
31
34
33
39
31
40
35
28
25
37
26
29
40
37
23
33
22
26
30
22
35
34
34
34
31
28
30
25
30
15
29
13
32
26
26
28
27
19
20
37
27
26
22
34
20
19
21
17
17
17
21
25
26
8
18
14
22
18
15
13
15
12
17
13
15
11
15
13
14
12
16
14
13
29
11
13
12
15
13
8
16
9
18
11
10
18
16
13
14
13
10
14
14
21
9
13
11
11
12
11
9
10
8
12
17
9
7
11
15
14
11
16
12
11
11
18
15
10
16
21
15
11
15
11
11
14
11
19
15
20
13
19
18
11
11
12
15
11
10
8
16
8
12
11
16
16
14
10
19
15
6
12
17
12
13
7
15
9
15
9
10
16
10
12
13
10
20
17
13
8
10
8
9
12
11
11
12
23
9
18
14
13
17
10
13
12
17
13
7
17
14
15
19
6
8
18
15
14
15
5
12
14
8
18
13
11
10
11
12
12
9
15
10
13
12
9
13
6
11
9
5
13
9
13
13
9
16
9
14
10
12
25
7
11
10
10
13
12
8
12
8
9
18
14
14
11
12
12
7
14
9
9
15
17
17
9
15
15
6
10
13
13
14
5
13
11
9
20
10
16
13
14
12
16
7
8
12
10
9
15
16
19
13
13
8
13
20
13
15
17
8
6
17
17
11
10
14
14
14
13
12
19
16
16
9
17
16
15
16
19
11
14
11
22
16
11
13
8
12
12
12
13
16
9
17
9
11
16
10
12
16
15
11
9
14
16
11
16
6
12
15
10
13
11
14
14
12
18
14
12
16
13
14
13
15
12
15
8
13
8
15
11
11
8
8
10
10
9
14
7
11
10
8
6
14
12
8
7
8
9
11
9
6
18
9
12
9
10
7
10
10
11
8
17
6
12
12
10
14
14
10
16
5
10
8
15
10
17
12
10
9
12
7
5
13
12
7
9
12
9
8
6
3
7
11
8
7
12
4
5
14
9
14
8
7
12
8
7
11
13
13
9
9
8
10
7
9
9
13
11
11
13
4
10
9
6
4
16
13
11
15
10
12
10
10
11
10
5
6
5
10
10
9
8
11
4
17
12
12
9
16
12
12
14
19
4
10
16
9
8
10
7
6
11
9
9
7
7
12
15
13
11
9
10
9
7
7
5
5
9
8
18
11
14
10
8
14
10
8
4
10
13
11
14
7
17
6
9
6
7
11
12
11
8
9
7
12
8
6
10
9
11
8
7
13
17
14
16
13
8
12
11
9
10
13
10
8
10
10
8
6
10
10
8
9
10
9
6
9
15
7
3
14
14
12
9
11
10
14
9
13
14
8
13
10
9
10
8
7
12
16
5
14
15
13
13
13
9
17
11
9
8
13
13
20
10
10
15
12
8
11
16
10
11
8
13
6
10
8
9
9
8
6
12
11
13
10
13
11
7
10
19
6
7
12
8
7
10
9
10
9
5
7
16
13
6
8
9
10
10
9
6
13
9
10
7
12
6
12
9
9
4
13
8
9
9
13
10
18
11
2
2
7
9
7
11
9
6
7
4
10
7
9
9
9
6
8
5
8
2
5
10
8
6
11
7
10
8
6
12
14
8
10
2
6
12
11
11
7
10
11
7
9
5
12
10
7
10
4
4
4
5
5
7
7
13
12
7
7
8
10
8
8
5
6
11
5
9
6
8
12
5
6
5
7
7
9
6
8
5
11
7
4
7
9
7
8
9
8
16
11
5
7
10
9
4
9
10
5
6
8
6
11
11
5
8
10
7
6
8
8
10
6
6
8
11
5
9
16
7
11
11
7
16
6
6
10
10
4
11
5
5
3
7
4
9
7
4
5
10
7
12
6
7
6
13
11
6
4
8
6
9
7
5
8
7
8
8
5
7
7
8
8
8
9
11
6
7
8
13
4
12
6
11
4
10
10
9
4
10
7
6
8
6
5
4
11
6
10
9
7
9
12
9
9
8
8
9
5
11
9
7
4
4
6
6
11
5
10
9
11
6
9
7
4
5
7
5
5
4
9
7
10
6
3
8
6
10
6
6
4
12
9
3
6
6
15
12
10
7
8
11
4
11
6
12
8
6
6
4
6
8
9
6
8
6
6
7
6
7
5
3
9
6
10
8
7
10
3
8
6
7
8
8
9
17
7
2
11
7
3
8
2
5
5
4
5
6
9
5
5
8
7
2
9
10
11
4
6
6
9
14
10
3
7
9
10
5
8
6
5
8
6
4
9
10
4
11
6
10
11
5
6
4
5
8
7
10
9
1
9
5
6
5
12
5
8
7
4
5
5
10
10
4
5
7
2
11
5
8
5
11
4
8
7
3
4
4
3
10
7
13
4
9
3
11
6
11
7
5
8
9
8
8
11
7
6
5
5
10
11
6
8
10
8
12
6
8
7
5
9
8
11
7
10
12
9
7
7
6
4
9
9
6
8
7
5
6
6
12
5
3
2
9
7
5
6
8
10
6
8
7
3
0
4
2
10
5
1
6
7
7
5
4
10
6
12
6
9
10
7
7
10
7
7
9
4
8
10
14
2
1
6
6
4
5
4
6
10
4
5
6
5
4
4
8
4
5
7
4
7
7
8
7
4
6
9
6
6
9
7
5
10
2
7
6
12
7
5
8
2
7
6
5
2
3
7
8
8
5
8
7
7
5
5
6
3
5
8
9
6
5
5
5
3
11
4
7
6
5
3
9
8
5
6
4
6
5
5
6
7
10
11
5
8
2
5
5
4
1
7
7
2
7
7
4
4
4
6
8
8
3
7
2
6
3
4
5
2
5
4
5
5
6
6
4
6
5
4
6
6
6
6
10
6
10
6
4
1
3
7
5
4
9
6
4
9
7
7
5
7
6
6
9
10
9
8
3
6
7
7
8
5
5
4
5
2
3
5
8
6
8
13
2
9
7
5
6
11
10
8
8
7
6
6
8
6
5
6
10
6
4
4
4
9
4
9
7
4
3
8
12
7
8
11
9
8
7
4
5
4
10
3
7
7
6
7
7
4
3
8
6
3
8
3
7
4
5
7
4
2
5
5
7
5
12
6
9
6
3
3
5
7
4
7
4
11
3
6
6
5
4
9
4
6
3
11
5
6
5
3
5
6
10
8
7
5
5
3
10
5
3
4
5
4
6
4
3
3
2
4
6
5
6
4
7
8
3
7
4
4
4
7
5
3
9
2
6
4
6
6
12
8
4
5
6
5
8
4
9
10
9
5
6
7
7
5
3
9
4
2
1
5
6
4
7
3
3
1
6
4
4
4
6
4
4
5
10
7
2
3
6
1
4
9
2
5
3
1
7
6
5
8
4
4
7
5
3
5
4
7
4
1
4
1
4
3
4
10
5
2
4
6
3
7
5
5
4
8
4
3
8
4
5
5
9
5
8
9
11
4
7
9
5
4
4
6
3
4
2
5
3
5
4
9
4
6
3
6
7
3
4
7
6
5
2
5
9
3
6
5
6
4
3
4
5
4
4
7
4
6
4
8
6
3
4
5
7
7
5
7
9
3
5
4
2
2
7
3
3
3
5
6
7
3
4
2
3
1
3
2
5
2
10
3
3
5
5
8
8
14
1
4
1
6
5
4
6
4
5
5
9
8
3
2
1
5
5
1
4
3
3
5
4
3
6
7
1
8
8
4
6
4
5
7
2
9
3
6
4
7
4
5
7
6
5
6
3
7
5
7
4
12
1
8
4
2
2
6
5
5
8
3
4
1
6
9
4
3
7
7
2
3
4
5
6
3
7
4
4
5
4
5
5
5
7
8
6
7
3
5
3
6
5
8
7
3
12
4
7
3
4
4
4
5
4
4
6
5
2
6
7
6
9
2
4
4
10
6
6
3
2
4
5
4
3
8
5
6
11
4
11
4
4
3
3
3
5
5
6
5
3
3
6
5
6
4
1
7
7
9
13
5
5
3
4
9
3
7
6
2
4
6
9
8
5
3
6
4
4
5
2
5
4
10
14
9
8
9
5
7
9
5
9
8
5
7
8
8
9
6
5
6
10
6
7
7
10
3
16
8
11
5
8
18
3
6
4
11
10
11
10
10
8
11
11
9
10
11
10
9
5
7
3
8
14
8
15
6
11
6
9
15
5
4
3
7
9
12
9
7
11
7
6
7
6
7
5
4
4
6
8
6
7
9
3
6
8
4
2
5
7
4
2
6
3
5
8
3
3
4
1
8
4
6
6
5
2
1
4
2
7
7
5
2
5
6
4
3
5
6
6
4
6
3
1
4
4
4
5
2
8
3
5
2
3
6
4
5
3
3
7
6
5
8
3
6
2
3
2
3
6
7
3
6
3
4
4
5
6
6
4
5
5
2
1
2
7
4
5
1
3
4
3
6
7
6
5
4
4
5
4
4
5
1
8
6
4
3
10
5
4
6
10
4
4
9
5
4
6
6
5
3
7
5
1
9
3
7
7
4
3
6
2
7
3
8
4
4
3
3
7
6
3
4
7
7
5
5
6
3
7
4
6
2
2
7
6
4
7
7
4
2
3
3
2
5
7
3
6
9
5
3
2
0
1
7
2
4
5
7
1
5
3
3
5
5
1
8
2
4
1
10
8
7
7
5
8
5
3
6
1
6
6
5
1
7
5
9
7
4
4
6
5
4
5
6
2
7
2
6
3
5
4
3
5
4
9
2
5
5
1
5
5
1
6
6
3
5
5
3
6
4
1
2
3
6
3
6
8
3
3
3
3
3
4
3
3
3
3
4
6
4
2
3
6
3
4
9
4
2
3
5
5
2
5
10
4
4
5
6
3
3
2
2
1
2
4
2
4
2
4
5
6
2
2
6
2
2
3
4
3
4
4
4
8
8
5
7
1
2
5
4
4
3
4
4
4
5
7
9
5
5
5
5
4
2
3
6
7
6
3
3
3
4
2
5
4
2
8
6
6
3
6
6
6
3
7
4
2
4
5
3
3
5
2
2
5
4
5
4
8
3
6
1
0
4
7
2
5
6
3
5
3
5
3
1
2
1
8
4
4
3
2
3
5
8
4
9
2
7
1
3
7
2
5
2
1
7
4
4
2
3
2
2
4
3
5
2
4
3
1
5
5
2
2
3
3
3
0
6
1
7
2
2
6
4
6
1
5
5
4
7
4
5
6
3
5
6
2
4
5
1
2
3
2
4
1
3
6
4
5
6
1
6
4
8
4
3
3
3
3
4
9
4
3
3
3
6
2
2
4
4
6
5
5
5
6
6
7
6
6
8
6
2
5
0
2
8
5
4
5
5
2
10
6
4
4
6
8
4
2
3
3
6
8
3
6
3
6
10
6
5
6
4
2
4
6
4
6
6
8
4
7
7
8
7
4
8
5
6
7
7
7
6
4
7
6
7
6
4
5
4
5
6
7
8
4
5
11
9
9
2
9
8
7
6
5
8
8
9
4
4
2
10
7
8
6
2
5
4
7
9
5
7
8
5
7
3
5
6
7
5
4
7
3
5
4
4
5
6
8
6
3
2
4
1
4
6
5
6
1
3
2
3
4
5
3
5
5
4
1
3
2
4
5
7
4
2
2
5
4
3
5
4
3
2
4
3
6
2
4
7
3
5
4
0
6
3
4
1
5
5
1
3
3
7
5
1
9
6
2
4
2
3
5
3
5
4
5
3
3
6
7
5
7
2
3
7
3
2
3
5
6
3
3
1
3
3
3
2
5
1
3
7
2
2
4
2
7
6
0
5
3
3
4
3
6
5
4
5
2
4
4
1
2
1
3
1
3
2
4
6
1
3
4
4
5
3
4
2
3
4
1
4
4
5
7
1
3
5
4
4
3
4
2
4
1
1
1
5
7
6
2
2
6
3
3
2
3
6
3
3
3
4
6
2
5
2
4
5
7
2
2
4
5
7
4
1
0
3
5
2
2
4
5
6
0
3
3
4
4
7
4
6
3
5
3
2
1
1
1
1
0
4
4
2
5
4
6
3
3
3
2
2
1
3
2
7
5
3
2
4
5
1
3
5
7
1
0
2
1
1
3
7
0
3
5
5
5
3
1
6
4
1
4
3
3
3
0
1
3
6
2
7
2
1
6
2
1
2
3
2
3
4
2
3
1
4
3
5
2
1
2
2
3
5
3
5
3
3
3
3
5
3
4
3
4
1
3
4
4
5
2
3
6
3
4
5
3
1
2
3
5
5
5
2
2
4
3
3
3
3
6
5
1
7
3
2
4
2
5
1
6
5
1
2
4
0
1
1
7
3
6
4
5
2
3
4
1
3
3
1
6
1
2
6
1
3
4
2
5
4
4
6
1
1
2
4
4
8
5
2
0
5
3
3
3
1
1
4
0
3
4
3
0
5
4
5
7
1
3
2
2
4
5
2
5
4
3
3
4
2
1
2
3
3
4
3
4
5
5
5
5
3
2
1
2
4
5
2
1
4
6
2
4
3
1
4
4
4
3
0
4
4
2
1
5
7
7
2
3
4
4
2
0
1
2
5
3
2
5
3
5
1
1
2
2
1
1
4
2
2
4
5
5
1
4
1
5
1
6
1
2
6
4
3
3
3
1
1
3
4
3
4
4
3
1
3
3
1
3
2
3
2
4
5
2
5
2
1
2
5
3
3
7
8
2
3
3
3
2
7
3
4
0
7
3
1
5
4
2
2
1
6
0
6
4
1
3
5
2
1
2
2
4
5
6
5
3
0
1
2
3
4
3
3
1
1
4
1
2
5
4
0
2
3
3
2
4
5
3
1
5
5
1
4
3
4
0
2
3
2
4
2
4
5
4
0
1
1
1
2
3
3
2
3
2
1
2
3
4
5
2
6
1
5
2
1
2
3
2
1
2
8
2
1
2
0
2
2
4
4
1
2
2
2
3
3
5
2
3
3
1
4
1
1
1
2
1
1
3
2
2
2
3
3
3
8
1
0
2
7
4
3
2
5
3
3
1
5
2
2
2
5
3
1
5
3
5
4
0
3
3
0
3
1
4
3
2
3
2
4
5
2
3
5
2
4
4
1
2
2
1
2
3
7
2
3
2
0
4
6
3
2
0
2
1
4
2
1
2
1
6
3
1
6
5
4
2
3
2
3
3
3
4
4
4
1
3
3
2
3
2
1
1
2
5
2
2
1
4
4
1
3
4
0
1
1
1
0
3
2
3
3
3
2
3
2
4
2
3
0
1
4
3
4
3
2
3
4
4
5
1
1
2
0
4
3
4
5
4
3
6
3
2
2
4
1
0
3
3
0
1
5
1
2
2
4
3
3
3
1
2
0
2
2
5
3
4
1
3
0
4
6
1
2
2
2
5
1
1
2
4
4
2
3
4
1
6
3
0
0
6
2
3
3
3
2
1
2
2
3
2
3
2
2
1
4
3
5
2
2
5
4
2
0
1
2
5
0
3
4
5
1
3
2
5
2
1
2
4
4
1
4
3
1
3
0
8
1
3
4
3
3
4
3
1
1
7
3
2
3
1
5
1
1
1
3
2
5
3
0
0
3
3
1
3
5
4
2
2
3
2
4
1
3
2
4
3
2
2
1
1
1
0
5
3
1
3
5
0
0
5
2
6
6
4
8
3
3
8
1
3
3
3
2
2
2
3
1
5
1
3
4
2
4
9
4
2
4
4
3
4
3
4
4
4
4
3
2
6
4
3
4
5
3
1
1
2
5
7
3
1
3
4
3
2
1
6
2
1
4
2
2
1
3
5
2
3
3
2
1
3
5
0
1
7
2
4
0
3
2
1
1
0
2
3
6
4
2
3
3
4
4
4
3
2
1
2
1
2
5
1
1
5
3
4
4
2
5
2
3
1
2
1
2
2
3
2
1
3
3
3
3
1
2
4
3
4
5
3
2
4
3
1
4
4
3
4
2
1
4
0
3
1
2
0
2
6
3
0
0
4
4
2
3
5
2
5
1
6
6
0
3
0
0
2
2
2
3
1
4
2
2
1
2
3
2
2
2
2
2
2
3
0
5
2
3
4
3
2
4
3
2
2
1
1
1
1
5
3
0
2
1
2
0
2
1
5
2
4
2
0
4
3
4
3
4
1
2
4
2
2
1
2
4
3
1
1
5
2
2
3
0
3
2
2
4
4
4
3
0
0
1
2
2
2
2
3
2
5
7
2
3
1
0
2
2
1
3
2
2
1
1
1
0
4
1
1
2
4
1
3
1
5
0
5
2
3
4
1
3
3
4
5
3
2
1
1
4
2
1
1
0
3
3
2
7
1
2
1
4
1
2
4
4
4
3
0
1
1
3
4
2
5
1
1
2
4
2
5
2
3
2
4
1
1
1
1
2
1
5
4
2
3
3
4
1
2
1
3
1
2
2
5
5
0
0
2
1
2
6
2
1
1
4
2
1
3
2
3
5
2
2
6
1
5
2
4
1
2
3
3
4
0
3
4
7
2
3
3
2
0
3
3
1
1
4
4
3
2
3
1
2
1
4
3
4
2
1
3
2
2
0
2
2
3
1
4
1
4
2
1
4
1
0
7
6
6
1
2
1
2
6
4
3
2
3
2
2
1
3
5
2
1
2
2
2
5
4
2
3
2
3
3
1
3
1
2
2
3
1
1
4
0
3
0
4
2
4
1
2
0
2
1
3
3
2
4
1
1
2
3
1
2
1
1
6
1
3
5
2
4
0
3
2
2
0
2
3
4
3
2
6
4
4
2
2
2
5
2
1
4
1
1
0
2
1
5
0
1
1
0
2
8
2
3
1
2
0
6
2
4
2
1
2
3
2
3
1
3
1
3
0
3
0
3
2
0
1
2
0
4
3
3
1
5
4
3
3
2
2
1
1
2
1
1
6
1
3
3
3
3
0
3
2
3
4
5
2
3
5
2
3
1
2
3
1
3
2
3
2
3
0
3
4
3
3
4
0
5
3
2
5
4
3
3
3
6
4
2
7
4
4
5
3
0
2
2
2
9
9
3
1
2
1
7
3
4
5
4
5
7
4
3
4
3
6
2
6
6
5
3
5
6
5
6
7
3
9
2
10
2
4
4
8
1
6
5
5
5
4
7
3
7
3
3
7
3
10
3
8
5
4
3
4
5
7
4
2
3
3
2
5
3
1
5
2
0
4
1
2
2
3
3
0
4
4
1
4
3
5
0
1
2
4
3
4
4
0
3
3
1
4
1
1
3
3
5
4
2
6
3
1
2
1
2
2
0
2
1
4
1
4
4
4
3
3
1
5
3
1
0
1
2
0
0
1
4
0
3
1
4
4
2
4
7
0
2
1
2
0
3
2
2
3
3
3
2
2
1
4
1
3
0
1
3
0
4
1
2
4
4
3
4
3
4
4
4
2
3
3
1
1
3
3
0
1
4
3
1
2
4
2
2
1
3
3
2
0
3
4
1
2
1
1
3
4
3
3
4
0
3
1
2
0
3
1
3
3
0
1
2
2
3
0
3
1
2
2
6
2
1
3
1
2
2
6
3
4
7
4
1
1
0
5
3
3
2
0
4
2
2
3
4
4
0
2
2
2
5
2
3
3
1
2
1
4
3
2
7
3
1
1
2
2
3
1
2
2
1
2
2
2
2
3
4
1
3
4
0
5
3
5
0
1
2
3
2
0
3
5
3
2
5
0
2
3
2
3
3
2
1
1
0
3
0
3
4
3
2
3
3
4
2
2
5
2
3
4
5
3
3
2
3
3
1
3
2
1
2
3
3
2
2
2
3
4
3
2
1
1
4
1
2
1
3
1
4
4
4
0
0
2
3
1
0
2
1
4
2
1
5
3
1
0
4
3
2
3
2
4
2
2
2
3
1
2
4
2
4
4
7
4
4
1
4
5
5
4
1
2
1
1
4
3
3
5
1
1
2
3
1
3
4
0
5
2
4
1
4
1
1
2
1
1
3
3
5
5
1
3
1
1
3
3
4
1
1
5
5
3
4
2
1
2
4
1
3
2
2
9
3
2
3
3
3
1
2
3
3
3
0
1
0
8
2
4
2
2
2
3
2
4
1
0
4
2
3
3
1
4
0
2
4
1
1
0
3
2
1
4
0
1
4
3
4
0
3
1
4
1
1
2
6
3
5
2
4
2
3
3
2
4
1
2
2
2
5
1
3
3
2
2
1
3
0
2
1
3
3
3
5
2
1
3
0
3
2
4
5
0
0
2
0
1
1
3
2
5
4
6
2
4
1
2
4
3
0
1
4
2
0
4
8
3
1
5
3
2
2
1
4
0
3
2
3
3
1
3
2
4
2
3
1
4
3
4
1
5
4
5
2
2
1
0
0
2
3
0
3
1
4
2
4
2
1
2
1
3
1
2
0
1
1
1
3
2
3
3
3
2
5
3
3
1
1
3
1
1
1
2
3
3
3
2
2
2
1
2
2
1
2
2
4
0
2
2
1
3
3
5
2
1
1
2
2
2
4
2
1
2
0
1
3
3
2
0
3
3
3
4
0
3
2
1
1
0
7
1
3
0
2
1
0
3
1
1
5
1
2
1
1
2
1
4
4
5
1
5
1
1
2
3
3
3
2
1
0
2
2
0
1
4
0
2
1
1
0
3
1
2
1
2
3
0
2
2
1
3
0
0
1
0
2
1
5
4
0
1
1
1
2
3
4
0
2
3
1
0
3
0
1
3
3
2
5
1
1
1
1
1
5
2
1
3
3
4
1
3
2
1
3
1
2
1
0
4
5
3
2
6
1
2
1
3
1
2
3
2
2
2
1
4
4
6
4
3
1
3
2
1
3
2
0
4
2
2
0
0
4
2
4
2
2
2
0
1
2
1
4
1
6
1
5
1
2
4
3
3
4
2
2
2
6
3
1
2
2
2
4
2
2
4
0
0
1
2
4
2
4
2
3
2
3
2
2
2
1
2
2
1
2
1
3
1
3
3
1
1
3
1
2
4
0
1
5
3
1
4
2
3
1
6
1
2
2
1
2
1
3
4
2
3
0
1
2
3
1
1
1
2
4
2
3
3
1
4
2
4
2
2
3
6
2
3
4
4
4
0
5
4
3
6
3
1
2
3
3
2
1
3
4
4
2
4
3
5
0
3
1
1
1
1
3
1
4
1
1
2
1
3
1
5
4
2
2
3
1
5
2
1
1
2
2
3
0
2
1
2
5
2
0
1
1
2
0
5
2
3
4
2
2
3
2
5
3
4
4
2
3
0
3
3
5
1
2
1
1
4
1
2
6
4
0
2
3
2
4
3
3
0
2
0
5
4
1
3
2
4
1
2
1
3
1
1
2
3
0
1
1
2
1
2
5
5
4
3
5
3
5
3
2
3
3
1
1
4
3
3
2
1
4
2
1
2
4
2
3
3
1
3
2
2
1
1
2
0
2
3
1
3
5
1
2
3
3
2
2
4
0
4
2
3
2
0
4
1
1
2
3
5
1
2
1
2
2
1
4
3
0
3
1
1
1
0
1
6
1
4
1
3
5
3
2
2
1
3
2
2
1
2
3
3
3
4
4
1
2
2
2
3
0
5
4
3
2
2
2
3
2
3
3
0
2
3
3
1
1
1
0
0
2
1
1
0
2
2
0
1
3
5
4
4
6
3
2
1
4
3
4
2
1
5
3
2
1
1
2
1
3
3
1
2
2
1
3
5
4
1
3
2
2
2
3
5
3
2
1
1
4
1
1
0
1
2
0
2
1
3
3
2
4
6
3
2
6
2
2
1
5
2
1
1
1
1
1
1
4
5
2
5
5
3
0
3
5
5
4
2
1
2
5
2
1
4
2
4
2
3
2
4
1
1
4
3
5
3
3
1
5
8
5
2
4
3
5
3
0
1
2
1
3
5
1
2
6
2
7
4
6
2
1
2
3
3
1
2
3
1
4
1
0
2
2
1
0
0
5
1
1
0
2
2
2
1
2
1
3
1
4
2
3
1
3
2
2
2
3
2
0
3
2
3
0
6
1
3
1
6
0
3
5
2
2
2
3
1
3
2
0
1
1
4
4
3
4
2
4
2
1
1
3
1
1
1
0
2
1
2
3
1
0
1
2
2
2
4
1
0
0
1
1
2
1
3
2
3
3
5
3
4
1
0
0
0
2
2
2
0
6
3
1
1
4
5
4
0
1
1
1
4
4
3
1
0
2
0
1
1
1
2
1
1
1
2
1
1
4
1
1
1
4
3
0
1
2
0
1
2
1
0
2
2
3
1
0
0
0
2
2
0
2
1
2
2
2
1
3
6
5
2
4
1
2
2
2
2
2
1
1
3
2
1
4
2
1
0
2
1
0
1
0
1
0
4
3
3
1
1
1
2
0
0
1
2
1
3
0
2
1
3
0
1
3
3
0
3
2
3
1
5
0
3
1
3
0
5
4
0
1
2
2
3
1
3
3
1
0
3
2
0
2
0
1
0
1
1
4
0
2
0
1
2
0
1
0
4
3
1
0
5
0
0
0
1
4
4
1
1
0
0
1
1
1
3
1
3
2
3
1
0
1
0
1
2
0
1
2
1
1
3
3
2
2
2
1
1
3
0
3
2
4
1
0
1
1
0
3
1
2
2
2
2
2
0
1
1
1
0
3
1
2
1
1
2
2
1
0
0
1
3
1
0
0
0
5
3
1
4
1
3
3
1
1
0
0
0
0
1
0
1
2
1
0
1
1
1
3
2
1
3
1
1
3
1
1
3
1
3
3
2
0
1
0
1
5
1
1
2
1
0
1
3
1
2
4
1
1
0
1
0
1
1
1
0
1
0
5
1
3
3
1
1
1
2
1
0
4
2
0
0
3
3
2
1
2
1
1
1
0
1
2
2
0
1
3
1
2
2
0
0
2
0
2
2
0
3
3
2
0
1
3
2
3
2
2
1
2
3
1
0
1
1
2
2
0
2
1
1
2
0
2
1
0
1
1
0
1
1
1
3
0
2
2
0
1
0
3
2
2
2
2
1
1
5
2
0
0
1
3
1
0
1
2
2
1
1
4
1
1
0
1
3
2
3
2
2
0
0
1
1
0
0
1
2
0
2
1
1
3
0
0
2
2
2
3
1
4
2
0
0
2
0
1
2
1
0
3
0
1
2
1
0
1
1
2
2
0
1
0
3
6
0
4
1
1
0
1
2
0
0
1
1
0
1
0
1
3
4
2
1
2
2
0
1
1
1
2
1
3
1
0
2
2
0
1
2
0
4
1
1
1
2
1
1
2
2
3
0
3
0
4
1
1
2
2
1
2
0
1
1
0
0
1
1
0
0
2
2
2
1
2
0
0
1
3
0
0
1
2
0
2
1
0
1
2
0
1
2
2
2
3
0
2
2
1
1
3
0
0
0
1
1
1
2
1
0
1
3
0
3
2
2
0
1
0
3
1
3
3
1
3
2
1
0
2
1
0
1
0
1
1
1
1
1
0
1
1
0
2
0
1
1
2
1
1
1
1
1
2
0
1
3
2
2
1
2
2
0
0
2
1
0
2
0
1
0
0
1
1
2
2
1
1
0
0
0
0
0
1
0
0
1
5
2
0
3
2
1
0
0
2
0
1
1
3
1
0
3
0
0
2
1
2
1
0
1
1
0
1
2
0
2
2
1
0
0
3
1
3
2
1
0
1
0
0
0
3
0
2
0
0
1
0
3
2
2
1
1
1
0
0
1
0
0
0
4
0
3
1
1
1
3
2
2
1
1
1
0
0
0
1
1
0
1
0
2
3
2
0
1
0
0
2
0
0
2
1
0
1
1
0
1
0
1
2
1
2
1
0
2
0
3
0
1
1
0
0
1
0
3
1
1
1
2
1
1
1
1
1
3
1
2
2
2
1
1
1
1
1
0
0
1
1
3
0
3
2
1
0
1
0
1
4
2
1
1
0
1
0
0
1
2
1
1
1
1
3
0
1
2
0
1
0
2
1
1
1
2
0
3
3
2
1
1
3
0
0
0
0
0
1
3
3
1
2
3
2
1
2
1
0
1
1
0
0
2
1
2
4
0
1
1
0
1
1
2
1
2
0
0
4
1
1
0
2
0
0
0
0
4
0
1
0
0
0
3
2
1
1
1
1
1
1
1
0
0
1
1
0
2
1
1
0
0
1
0
0
1
1
1
0
1
1
2
1
0
1
1
0
2
1
1
2
1
1
1
0
0
0
0
1
1
0
1
0
0
2
2
1
0
1
1
1
2
0
1
0
1
1
1
1
1
1
3
1
2
1
1
1
2
1
1
0
3
0
0
1
0
2
2
0
3
2
0
0
2
1
1
0
2
0
0
2
1
1
1
1
2
2
0
1
1
0
0
3
2
1
0
1
1
0
0
0
2
0
1
1
2
1
2
0
1
0
1
1
0
0
1
0
2
0
2
2
0
2
3
0
1
1
0
2
0
2
2
0
0
0
1
0
0
2
0
1
2
0
0
0
0
0
0
0
0
1
0
0
1
0
0
1
0
2
2
1
2
1
0
1
0
2
0
2
1
2
2
2
1
3
2
3
0
2
0
1
2
0
1
2
2
0
3
0
0
1
1
0
1
0
0
0
1
1
0
1
0
1
0
0
1
1
3
1
0
0
2
2
1
0
0
0
2
0
0
2
3
2
2
0
1
0
0
3
1
0
1
1
1
1
0
0
3
3
0
1
1
1
1
1
1
0
2
0
1
2
2
1
0
2
0
1
1
0
0
1
1
3
3
1
1
1
1
1
2
0
1
0
2
0
1
0
1
0
2
1
1
0
1
0
1
1
0
0
1
1
0
0
0
1
2
1
1
0
0
0
1
0
1
1
2
1
1
0
1
1
0
1
1
1
2
0
2
0
0
1
2
1
2
1
0
0
0
0
0
1
0
1
0
0
0
1
0
1
0
0
0
0
0
1
0
1
1
1
2
1
2
0
0
1
2
0
0
0
0
1
1
3
0
1
0
0
0
1
0
2
1
1
0
0
1
2
2
1
2
0
3
0
0
3
2
2
0
0
1
0
0
2
1
1
2
0
0
2
2
1
1
0
1
2
0
0
1
1
0
4
1
1
2
2
2
2
1
0
0
0
2
0
0
3
1
1
1
0
2
1
1
1
1
1
3
0
2
0
0
1
3
2
2
1
2
2
0
0
0
1
1
1
3
1
0
0
1
1
1
2
1
0
1
1
2
1
2
1
1
0
1
1
2
1
1
1
0
1
1
1
0
2
1
1
3
1
0
0
2
2
2
1
3
0
0
2
0
1
2
1
1
1
1
1
0
0
1
2
0
1
0
0
2
2
1
2
1
3
0
1
0
1
0
1
2
0
0
1
1
1
2
2
2
1
2
5
1
1
0
0
1
2
0
1
1
1
1
1
0
2
0
0
1
0
0
0
1
1
0
1
0
1
2
1
0
0
0
1
1
2
0
2
0
2
0
1
1
3
0
1
1
1
2
1
1
1
1
0
1
0
1
1
2
3
1
0
4
1
0
0
0
1
2
0
0
0
1
0
1
0
1
3
0
0
0
0
1
0
2
0
0
0
0
0
2
0
1
1
0
1
0
1
0
2
2
0
0
2
0
1
0
2
0
0
1
2
1
0
1
0
0
1
1
1
2
0
0
3
1
0
0
0
2
1
1
1
1
0
0
2
0
0
3
0
2
0
1
1
1
2
0
2
0
2
1
0
1
2
2
0
2
1
1
4
1
1
0
0
2
1
1
3
1
1
0
0
0
1
0
0
1
1
0
2
0
0
2
2
0
0
0
1
2
3
2
1
1
0
0
1
1
1
2
1
0
1
1
0
2
0
0
1
0
0
0
1
1
0
0
2
1
1
1
1
1
2
2
0
2
2
0
0
3
1
2
1
0
1
0
0
0
0
2
4
3
1
0
1
0
1
0
0
1
1
2
0
0
1
2
0
0
1
1
1
1
1
0
0
1
0
1
2
1
0
2
0
0
1
1
2
0
0
1
1
2
1
3
1
1
2
1
1
0
0
0
0
2
0
1
1
1
1
0
0
2
0
1
0
0
0
0
0
0
0
2
2
1
0
0
1
2
0
0
0
0
2
0
0
0
0
0
2
0
1
0
0
1
0
0
0
1
0
2
0
0
0
4
0
0
0
0
1
1
1
1
0
0
0
0
0
0
1
0
0
0
1
1
0
1
0
0
0
0
1
2
0
0
0
0
0
0
0
1
0
1
0
3
0
1
4
0
0
0
0
1
1
0
0
0
2
0
0
0
0
0
0
0
0
0
1
0
1
0
1
1
1
3
0
3
0
0
0
0
1
0
1
0
0
1
0
0
0
0
1
1
1
1
1
1
0
0
0
0
2
1
1
0
0
3
1
2
0
0
0
0
0
1
2
0
0
0
0
0
0
0
1
0
0
1
1
2
1
0
0
0
0
1
0
0
0
0
0
0
2
2
0
2
0
1
0
0
0
0
0
0
1
1
0
1
1
1
1
0
2
0
1
0
1
0
2
0
1
0
1
0
1
1
0
0
0
0
0
1
0
1
0
0
0
2
0
3
0
0
0
0
0
2
0
0
0
0
2
1
1
0
0
2
0
0
0
0
2
2
1
2
0
0
0
0
0
1
1
0
1
1
0
0
0
1
1
1
0
1
0
1
1
0
1
1
0
2
0
0
0
1
1
0
0
1
0
0
1
1
1
1
1
0
2
1
1
2
0
0
1
0
0
0
3
1
1
1
0
0
0
0
0
0
0
1
1
2
0
1
1
0
0
1
2
0
1
1
1
2
1
1
1
0
0
0
0
0
0
1
1
0
0
1
1
0
2
0
0
0
1
0
1
0
0
0
0
3
0
0
2
1
1
0
1
3
1
0
2
1
1
1
1
0
0
1
0
0
4
1
0
0
1
2
0
2
2
2
2
0
0
0
3
2
1
0
1
0
0
2
1
2
1
0
1
1
1
1
4
1
1
0
3
2
0
3
3
3
0
3
3
1
5
2
3
6
3
3
1
6
5
5
7
4
6
6
5
8
4
6
9
5
3
5
3
4
10
7
9
8
10
9
3
9
7
12
2
9
4
5
7
4
10
4
12
1
12
8
7
12
9
12
10
9
7
9
17
6
5
12
7
8
10
8
9
15
8
8
3
10
13
7
12
11
7
5
3
10
3
5
9
7
9
2
4
4
5
7
3
5
6
7
1
5
5
4
2
3
3
1
6
1
0
5
2
7
2
6
1
3
4
4
5
1
3
3
3
5
1
2
1
0
3
4
3
1
1
2
0
2
3
0
2
1
2
3
1
4
4
0
0
1
0
2
0
0
0
1
1
0
1
0
1
0
2
0
0
1
2
1
1
0
0
0
2
0
0
0
1
0
1
0
0
0
0
1
2
0
0
1
1
0
0
1
0
1
2
1
1
1
1
0
0
0
0
1
1
0
1
1
1
0
0
3
0
1
1
0
2
0
1
0
0
0
0
0
0
0
1
1
0
0
0
1
1
2
0
1
0
1
0
0
1
1
2
0
0
0
1
1
0
1
0
0
1
1
1
1
0
1
0
1
2
0
0
1
2
0
0
0
1
0
2
0
0
0
0
1
1
0
1
0
0
0
0
1
0
1
1
1
0
1
0
1
2
0
1
0
1
0
1
1
0
0
0
1
0
1
0
0
0
1
1
0
0
1
0
1
0
0
0
1
0
0
0
0
1
1
1
1
0
0
1
0
1
0
0
1
1
1
0
0
0
0
1
0
1
0
0
0
0
0
0
0
0
1
0
0
0
1
1
0
1
0
0
2
0
1
0
0
1
1
1
1
0
0
0
0
0
2
0
1
0
0
2
0
1
1
0
0
0
0
0
1
0
1
0
0
0
1
0
1
0
0
1
0
1
0
0
0
1
0
1
0
0
0
0
0
0
1
0
2
0
1
0
1
0
1
0
1
0
2
0
1
0
0
0
2
0
0
0
0
0
1
1
0
0
1
1
0
2
1
0
1
2
1
0
0
0
0
0
0
1
1
0
0
1
1
0
0
0
0
0
0
0
1
0
0
1
0
0
0
0
1
0
0
0
0
0
1
1
1
0
0
0
0
1
1
0
0
1
0
0
0
0
0
1
0
0
0
0
2
0
0
0
1
1
0
1
0
0
0
0
0
1
0
0
0
2
1
1
0
0
0
2
1
1
1
1
1
1
0
1
0
0
0
1
1
0
1
0
2
1
0
0
1
2
1
0
0
0
1
0
0
1
0
0
0
0
0
0
0
0
0
0
1
0
0
1
0
2
0
2
1
0
0
0
3
0
0
1
0
0
2
0
0
0
1
0
0
0
2
1
1
0
1
0
3
0
0
1
0
1
1
0
0
1
0
0
1
0
0
0
0
1
0
1
1
1
0
1
0
1
1
1
0
1
1
0
0
0
0
0
0
0
1
0
0
0
1
0
0
0
0
1
0
1
0
1
0
0
1
1
0
0
0
0
0
0
1
1
0
0
0
0
0
0
1
0
1
0
0
0
0
0
0
2
0
0
0
0
0
1
1
2
0
0
1
1
0
1
1
0
0
0
1
1
1
0
1
0
0
1
1
0
0
0
0
0
1
0
0
0
1
0
0
1
2
1
0
2
0
0
0
0
1
0
0
0
2
2
1
0
0
1
0
0
0
0
0
1
1
0
0
0
0
1
0
0
0
1
2
0
1
1
1
1
0
1
1
1
0
0
0
0
0
0
0
0
1
2
0
2
0
1
0
1
0
1
1
0
0
0
0
0
1
1
2
1
0
0
1
0
1
1
0
0
0
0
0
0
2
1
0
0
2
0
2
0
0
1
1
0
1
1
0
1
0
0
0
0
0
0
0
0
0
0
0
0
0
1
0
0
0
0
0
0
0
0
0
0
0
0
0
2
0
0
1
0
0
1
0
0
1
0
0
0
1
1
0
0
0
1
0
0
1
0
0
0
0
0
0
0
0
1
0
0
1
0
0
0
0
1
0
0
2
2
1
0
0
0
0
0
0
0
0
0
1
1
0
0
0
0
0
0
0
0
0
0
2
0
0
2
2
1
0
1
0
0
1
0
1
0
0
0
0
0
0
1
0
0
0
1
0
0
0
0
1
0
0
0
1
0
0
1
1
0
0
0
0
0
1
0
0
0
0
0
0
0
0
0
1
0
0
0
1
0
0
2
0
1
0
0
0
1
0
2
1
0
0
0
0
1
0
0
0
0
0
0
0
0
1
0
0
1
0
1
0
0
0
0
0
0
0
0
0
1
1
2
0
0
0
0
0
0
0
0
0
0
0
0
0
0
0
0
0
0
0
0
0
0
0
0
0
0
0
0
0
0
0
0
0
0
0
0
0
0
0
0
0
0
0
0
0
0
0
0
0
0
0
0
0
0
0
0
0
0
0
0
0
0
0
0
0
0
0
0
0
0
0
0
0
0
0
0
0
0
0
0
0
0
0
0
0
0
0
0
0
0
0
0
0
0
0
0
0
0
0
0
0
0
0
0
0
0
0
0
0
0
0
0
0
0
0
0
0
0
0
0
0
0
0
0
0
0
0
0
0
0
0
0
0
0
0
0
0
0
0
0
0
0
0
0
0
0
0
0
0
0
0
0
0
0
0
0
0
0
0
0
0
0
0
0
0
0
0
0
0
0
0
0
0
0
0
0
0
0
0
0
0
0
0
0
0
0
0
0
0
0
0
0
0
0
0
0
0
0
0
0
0
0
0
0
0
0
0
0
0
0
0
0
0
0
0
0
0
0
0
0
0
0
0
0
0
0
0
0
0
0
0
0
0
0
0
0
0
0
0
0
0
0
0
0
0
0
0
0
0
0
0
0
0
0
0
0
