0
0
0
0
0
0
0
0
0
0
0
0
0
0
0
0
0
0
0
0
0
0
0
0
0
0
0
0
0
0
0
0
0
0
0
0
0
0
0
0
0
0
0
0
0
0
0
0
0
0
0
0
0
0
0
0
0
0
0
0
0
0
0
0
0
0
0
0
0
0
0
0
0
0
0
0
0
0
0
0
0
0
0
0
0
0
0
0
0
0
0
0
0
0
0
0
0
0
0
0
0
0
0
0
0
0
0
0
0
0
0
4
25
944
6625
12263
12200
10941
10368
10224
9974
10065
10146
10218
10355
10569
10751
10655
10933
11039
11229
11121
11149
11178
11270
11419
11367
11242
11318
11506
11221
11281
11118
11318
11218
10898
11045
10957
10949
10951
10633
10889
10940
10690
10721
10641
10613
10815
10484
10688
10438
10545
10470
10595
10383
10378
10307
10222
10335
10353
10236
10073
10155
10055
10048
10276
10170
10191
10027
10153
10007
10073
9759
10003
9899
10003
9751
9601
9755
9689
9824
9803
9629
9714
9631
9750
9699
9545
9623
9660
9640
9587
9518
9397
9626
9459
9598
9453
9514
9467
9511
9534
9476
9459
9206
9219
9639
9295
9399
9339
9358
9248
9250
9147
9313
9107
9276
9204
9286
9152
8917
9185
9012
9033
9135
9195
8987
8952
8848
9230
8974
8922
8899
8823
8786
8922
9047
8766
8927
8751
8827
8893
8979
8703
8808
8818
8750
8775
8820
8698
8688
8668
8707
8688
8689
8698
8651
8712
8669
8673
8626
8700
8737
8554
8637
8620
8546
8566
8538
8502
8603
8663
8639
8620
8568
8504
8474
8416
8423
8622
8448
8493
8412
8420
8509
8405
8524
8593
8428
8418
8378
8418
8363
8241
8279
8386
8170
8120
8458
8447
8382
8270
8278
8305
8199
8288
8270
8424
8236
8186
8073
8204
8352
8391
8308
8233
8253
8178
8133
8206
8177
8205
8282
8041
8115
8110
8237
8079
8013
8065
8242
8109
8085
8156
8278
8097
8191
8091
8137
8036
8004
8090
8029
8151
8107
7968
8065
7979
8148
7997
8063
7901
7925
8094
7872
7875
7908
7847
7997
8076
7843
7902
7878
7868
7965
7926
8001
7777
7927
7729
7911
7999
7911
7560
7920
7807
7870
8012
7813
7861
7825
7837
7828
7621
7684
7793
7890
7631
7743
7804
7784
7790
7859
7814
7778
7809
7724
7747
7578
7688
7679
7588
7803
7748
7755
7609
7817
7774
7690
7759
7768
7743
7768
7748
7550
7667
7632
7554
7700
7710
7527
7586
7684
7480
7704
7516
7573
7727
7499
7569
7581
7485
7581
7685
7564
7544
7523
7683
7583
7640
7597
7632
7438
7607
7528
7603
7656
7466
7430
7478
7510
7466
7318
7582
7356
7556
7473
7562
7462
7551
7439
7497
7465
7340
7523
7566
7462
7627
7508
7460
7373
7446
7402
7649
7372
7417
7505
7331
7329
7199
7258
7342
7408
7404
7397
7394
7375
7444
7317
7325
7343
7279
7420
7424
7437
7273
7380
7343
7293
7066
7318
7354
7386
7244
7450
7379
7328
7157
7334
7294
7352
7199
7343
7270
7337
7219
7274
7244
7302
7124
7135
7188
7343
7320
7183
7244
7030
7109
7326
7165
7272
7316
7243
7078
7155
7177
7217
7249
7260
7270
7111
7017
7276
7252
7225
7175
7189
7087
7243
7175
7082
7119
7078
7241
7261
7149
7074
7183
6960
7163
7154
7067
7036
7138
7200
7035
7095
7234
7083
7111
7110
7105
7140
7177
7009
7146
6901
6919
7204
7115
7104
6876
7073
6897
6899
6955
7173
7095
6988
6936
6965
6942
7058
7167
7116
7109
6958
6949
7043
7062
6863
6908
6981
7119
7019
7075
6991
6942
7161
7170
6957
6939
7068
7000
7070
6913
6969
6862
7059
6996
6933
6855
7119
6886
7216
6984
6974
6842
7036
6957
6999
6860
6987
6924
7003
6932
6877
7044
6884
6899
6936
6922
7054
7057
6807
6870
7060
6881
6852
7001
7111
6972
6898
6959
6956
6985
6866
6950
6958
7074
6869
6836
6996
6823
7038
7006
7023
6903
6954
6874
6922
7117
7084
6869
6819
7043
6893
6870
6897
7109
7031
7095
7010
7078
6966
6993
6900
7241
6909
7002
6949
6888
7082
6973
7009
7059
6925
6894
6887
7012
7027
6930
6863
7006
6821
6964
7004
6828
6969
7003
6819
6907
6969
6994
7034
7003
6912
6941
6976
6839
6733
6892
6997
6938
6847
6900
6834
6911
6882
6968
6991
6829
6947
6997
6797
6975
6763
6961
6937
6935
6866
6786
6821
7068
6944
6930
6899
7025
6907
6702
7011
6862
6985
6901
7058
6967
6785
6776
7000
7045
6894
6943
6934
6855
7042
6913
6917
7014
6981
7045
6936
7008
7051
7159
7042
6917
7055
7246
7182
7198
7008
7105
7252
7147
7139
7232
7157
7239
7364
7298
7310
7422
7343
7368
7402
7495
7506
7455
7439
7579
7585
7469
7537
7566
7776
7638
7705
7674
7681
7594
7502
7586
7600
7650
7702
7695
7456
7519
7750
7803
7560
7731
7877
7619
7599
7773
7664
7843
7898
7955
7757
7785
7956
7921
8053
8112
8334
8448
8531
8819
8763
8924
8876
8663
8663
8611
8397
8588
8410
8352
8097
8228
8112
8104
8014
7863
8001
7772
7836
7725
7548
7435
7509
7507
7306
7362
7301
7347
7387
7136
7231
7076
7087
7122
6968
6999
6843
6941
6777
6840
6849
6864
6965
6763
6840
6867
6663
6813
6868
6651
6789
6873
6809
6767
6817
6731
6717
6741
6617
6867
6671
6777
6573
6680
6751
6871
6811
6757
6858
6616
6856
6805
6685
6737
6722
6598
6754
6816
6768
6722
6884
6785
6816
6851
6765
6811
6905
6868
6739
6878
6753
6879
6828
6885
6907
6710
6836
6903
6843
7032
6891
6837
7023
6957
6971
6939
6915
6870
6976
6995
6921
7091
6999
6951
7043
6945
6998
6994
6996
6895
7005
6924
7145
6977
6981
7035
6946
6833
7093
7043
7068
7195
7037
6981
7022
7122
7226
7207
7242
6985
7004
7308
7149
7115
7171
7025
7130
7136
7278
7368
7210
7162
7295
7237
7340
7258
7185
7266
7227
7210
7182
7375
7334
7197
7281
7314
7345
7325
7363
7454
7291
7171
7290
7361
7476
7381
7383
7264
7384
7331
7451
7312
7466
7335
7450
7378
7406
7463
7451
7486
7519
7554
7577
7527
7698
7508
7559
7536
7684
7606
7413
7573
7485
7510
7587
7689
7662
7485
7606
7597
7646
7669
7732
7804
7675
7645
7496
7633
7577
7768
7626
7683
7819
7786
7859
7690
7684
7819
7650
7754
7784
7853
7836
7785
7925
7797
7932
7827
7872
7864
7905
7846
7792
7660
7907
7884
7869
7903
7904
8062
7871
7995
8055
8043
8118
7767
7991
8020
8020
8024
7980
8129
8019
7965
8079
8085
8013
8156
8128
8071
8009
7949
7985
8151
8169
8128
7891
8113
8190
7979
8028
8013
8130
8053
8092
8352
8207
8226
8122
8229
8168
8230
8327
8222
8218
8325
8223
8084
8072
8153
8257
8322
8420
8148
8310
8182
8275
8338
8225
8198
8351
8343
8253
8402
8330
8251
8621
8369
8337
8343
8413
8326
8377
8471
8419
8568
8420
8581
8476
8410
8573
8299
8560
8347
8349
8445
8416
8507
8508
8576
8399
8469
8478
8613
8355
8544
8658
8465
8698
8513
8539
8616
8431
8480
8527
8617
8598
8501
8584
8690
8634
8638
8521
8528
8618
8701
8482
8790
8671
8786
8681
8626
8708
8659
8731
8775
8642
8710
8494
8625
8581
8811
8891
8746
8957
8589
8691
8893
8616
8606
8776
8882
8823
8749
8985
8879
8902
8733
8928
8798
8760
8836
8829
8915
8789
8867
8940
8766
9031
8778
8941
8932
8896
8921
8856
8733
8975
8881
8920
8886
8957
9001
8847
8901
9107
8899
9017
9065
8965
8780
8904
8980
8984
8992
9128
9124
8992
9021
8964
8946
9072
9092
9200
9069
9022
8991
9043
9060
9142
9193
9094
9126
9219
9036
9144
9124
9114
9254
9093
9159
9021
8935
9074
9174
9184
9305
9206
9122
9199
9345
9185
9380
9341
9235
9278
9366
9232
9164
9282
9245
9397
9152
9205
9290
9247
9241
9410
9416
9379
9299
9191
9316
9256
9261
9583
9287
9287
9573
9472
9451
9286
9472
9387
9409
9435
9338
9339
9439
9443
9564
9343
9443
9442
9461
9542
9296
9409
9563
9566
9584
9508
9578
9686
9670
9402
9740
9447
9523
9668
9679
9672
9584
9701
9597
9613
9743
9615
9533
9659
9744
9725
9790
9842
9816
9799
9879
9806
9604
9991
9900
9805
9616
9764
9801
9887
9911
9745
9860
9921
9810
9895
9793
9745
10023
9920
10003
9787
9712
9966
9996
9857
10050
9991
9986
10101
9984
10123
9970
10013
9970
10024
10023
10235
10131
10029
10053
9951
10232
10061
10183
10083
10159
10148
10170
10257
10297
10286
10267
10366
10205
10094
10255
10258
10282
10151
10233
10418
10420
10361
10328
10319
10304
10314
10194
10337
10223
10274
10613
10468
10290
10493
10450
10565
10289
10443
10277
10166
10301
10379
10406
10629
10501
10557
10387
10394
10748
10558
10647
10600
10587
10678
10512
10684
10525
10741
10472
10433
10541
10694
10642
10476
10712
10718
10620
10725
10591
10548
10628
10572
10601
10840
10679
10763
10696
10527
10678
10682
10705
10596
10768
10868
10533
10900
10752
10885
10873
10688
10726
10896
10727
11071
11080
10774
11143
10952
10966
10845
11080
10809
10897
10798
11038
11039
10874
11178
10997
11017
11063
11205
10979
11023
10982
11208
11299
11404
11217
11242
11277
11214
11342
11232
11210
11398
11288
11102
11275
11422
11410
11498
11284
11295
11340
11435
11549
11479
11499
11469
11474
11385
11442
11553
11270
11517
11640
11535
11608
11490
11546
11556
11511
11723
11621
11553
11590
11821
11541
11599
11741
11533
11395
11779
11887
11614
11401
11828
11644
11675
11654
11780
11807
11603
11789
11727
12041
11839
11813
11783
11596
11790
11715
11756
11673
11827
11862
11883
12007
11822
11800
11745
11827
11813
11879
11775
11842
11881
12018
11724
11911
11921
11687
12047
11780
12073
11883
12025
11867
11752
11879
11882
11764
11892
11953
11857
11974
11834
11847
11961
12037
11885
11991
11940
11824
11785
11754
11807
11962
11952
11804
11883
11939
12119
11829
12138
11980
12059
12202
12247
12138
12189
12185
12162
12283
12264
12181
12216
12045
12031
12230
11933
11960
11770
11745
11755
11689
11763
11920
11561
11661
11398
11633
11644
11311
11648
11478
11513
11339
11457
11217
11113
11267
11155
11217
11144
11236
10968
11291
11289
11139
11184
11078
11045
10929
10784
11044
10956
11003
10927
10945
10900
10840
10893
10994
11009
10730
10847
10879
10863
10772
10739
10719
10770
11041
10706
10870
10772
10623
10752
10971
10762
10899
10673
10667
10830
10609
10877
10881
10728
10693
10825
10520
10523
10654
10683
10970
10591
10692
10786
10552
10786
10634
10646
10579
10726
10655
10432
10503
10775
10519
10516
10487
10493
10549
10475
10505
10412
10265
10257
10462
10598
10649
10622
10599
10453
10595
10272
10321
10422
10405
10271
10473
10496
10458
10263
10447
10496
10562
10444
10329
10432
10322
10446
10395
10219
10380
10338
10412
10267
10061
10304
10270
10178
10333
10565
10413
10046
10323
10253
10358
10214
10086
10071
10320
10214
10310
10191
10170
10378
10343
10345
10326
10246
10163
10273
10156
10102
10166
10094
10152
10196
10071
10152
10099
10134
10231
10140
10124
10212
10083
10118
10077
10049
9939
9966
10024
10089
10031
10159
10077
10023
10124
9936
10079
10062
9984
10169
10066
10120
9910
10026
9932
9991
10049
9975
10149
9972
10307
10215
10145
9778
9798
10022
9957
10033
10108
9964
9816
9982
10049
9968
9956
9877
9840
9818
9891
9863
9972
9872
9917
9958
9833
9643
9720
9955
10061
10233
9898
9873
9935
9799
10024
9920
9930
9924
9762
9886
9880
9825
9899
9963
9608
9722
9809
9824
10100
9871
9768
9720
9899
9664
9894
9801
9822
9775
9850
9675
9849
9792
9736
9732
9835
9745
9985
9771
9756
9752
9723
9624
9520
9624
9679
9681
9834
9774
9660
9549
9808
9684
9600
9724
9658
9600
9674
9625
9606
9667
9652
9775
9463
9451
9573
9628
9649
9605
9719
9679
9580
9506
9493
9565
9581
9532
9585
9524
9605
9659
9573
9492
9765
9733
9619
9536
9603
9414
9501
9479
9356
9480
9542
9485
9612
9555
9513
9519
9520
9520
9439
9477
9426
9486
9388
9393
9418
9278
9519
9532
9592
9553
9506
9483
9500
9531
9384
9425
9318
9426
9474
9264
9340
9346
9412
9504
9350
9435
9502
9413
9401
9458
9316
9361
9523
9281
9338
9488
9401
9361
9263
9291
9321
9321
9340
9258
9379
9320
9240
9273
9252
9219
9226
9061
9285
9161
9293
9245
9279
9193
9206
9074
9088
9164
9169
9079
9314
9135
9253
9147
9026
9086
9174
9193
9104
8953
9136
9243
9108
9033
9069
9011
8992
9079
8838
8915
9204
8980
9005
9049
9059
8931
8802
8945
8986
9025
8985
8777
9073
8774
8762
8955
8775
8737
8760
8806
8872
8935
8705
8847
8825
8780
8799
8631
8570
8711
8652
8633
8756
8619
8685
8737
8603
8721
8555
8542
8419
8408
8373
8394
8462
8450
8384
8273
8551
8255
8383
8295
8320
8337
8314
8191
8228
8202
8216
8159
8232
8263
8075
7954
8126
8055
8068
8078
7904
7836
8004
7983
7947
7939
7943
7813
8075
7803
7703
7842
7757
7771
7820
7768
7778
7680
7469
7681
7592
7721
7503
7568
7766
7518
7549
7452
7428
7401
7375
7508
7492
7369
7325
7450
7398
7312
7339
7353
7282
7355
7140
7418
7393
7331
7124
7333
7138
7278
7283
7184
7209
7134
7194
7334
7189
7053
7077
7201
7198
7096
7109
7092
7115
7023
7256
7199
7063
7020
6927
7161
7164
6882
7043
7069
6902
7019
6997
7014
6919
6960
6942
6818
6946
6955
7152
6921
6951
6984
6940
7048
6815
6910
6872
6839
7100
6825
6944
6980
6939
7072
6846
6808
6851
6906
6926
7029
6767
6927
6928
6798
6925
6856
7083
7000
6882
6886
6866
7066
6964
6828
6936
6987
6890
6981
6923
6883
6833
6942
6835
6890
7005
6804
7062
6862
6769
6939
6863
6905
7027
6867
6853
7061
6793
7091
6941
6912
6973
6872
6876
6893
7038
6988
6955
7017
7162
7297
7233
7228
7338
7140
7185
7227
7257
7098
7155
7084
7098
7120
6964
7015
6963
6761
6871
6833
6766
6781
6780
6641
6590
6673
6734
6638
6512
6661
6628
6417
6406
6434
6280
6505
6532
6341
6464
6410
6354
6255
6333
6330
6158
6169
6264
6260
6339
6246
6194
6157
6223
6174
6299
6180
6140
6199
6049
5975
6024
6053
6023
6075
6091
6077
6057
6043
6007
6068
6044
6077
6033
6049
6093
5877
5895
5883
6161
5869
6041
6054
6084
5895
6065
5934
5780
5887
5993
5903
5992
5775
5935
5956
5857
5832
5903
5851
5814
5702
6032
5885
5810
5808
5818
5800
5881
5767
5764
5865
5704
5758
5698
5751
5807
5624
5754
5787
5695
5662
5737
5719
5704
5632
5665
5618
5735
5596
5695
5601
5733
5694
5745
5688
5691
5743
5567
5696
5544
5683
5590
5555
5771
5631
5775
5591
5661
5680
5598
5616
5570
5714
5649
5609
5566
5688
5609
5476
5551
5562
5648
5527
5588
5644
5657
5534
5718
5508
5560
5558
5497
5526
5518
5553
5571
5500
5549
5412
5599
5454
5431
5480
5647
5456
5583
5496
5537
5386
5536
5458
5520
5449
5422
5372
5509
5473
5417
5375
5420
5422
5290
5275
5370
5332
5216
5440
5434
5347
5421
5551
5226
5335
5355
5320
5323
5298
5367
5259
5316
5310
5212
5399
5161
5305
5346
5388
5272
5330
5204
5342
5460
5259
5339
5204
5179
5136
5281
5236
5200
5367
5318
5268
5334
5173
5190
5200
5312
5232
5195
5223
5256
5255
5241
5294
5235
5233
5151
5274
5023
5162
5155
5140
5195
5125
5171
5157
5201
5071
5155
5070
5144
5262
5277
5049
5143
5131
5145
5030
5177
5070
5022
5057
4979
5043
5140
5175
5104
5085
5164
5154
4989
4886
4813
4975
5083
5071
5013
5001
5082
4987
5140
4951
5021
5059
5085
5082
4981
4997
5040
5083
5161
5042
5082
4893
4893
4963
5126
4954
5005
4992
4949
4964
4942
4986
4903
5023
4912
4977
4858
4933
5019
5020
4992
5090
5003
4812
4847
5040
5043
4922
4855
4910
4912
4922
4917
5020
4996
5026
4840
4872
4887
4931
4984
4998
5052
4857
4851
4891
4923
4867
4918
4826
4843
4929
4822
5011
4879
5007
4896
4857
4820
4764
4999
4950
4771
4844
4751
4765
4831
4794
4767
4812
4817
4751
4962
4941
4733
4876
4870
4874
4907
4918
4786
4827
4788
4847
4783
4771
4772
4800
4843
4835
4813
4792
4835
4851
4753
4857
4778
4818
4907
4735
4874
4823
4973
4744
4789
4760
4761
4740
4758
4789
4721
4730
4630
4778
4669
4644
4803
4694
4808
4657
4750
4643
4719
4608
4651
4778
4730
4724
4625
4744
4759
4718
4782
4602
4733
4805
4614
4730
4741
4697
4780
4663
4640
4728
4632
4722
4802
4717
4656
4593
4671
4716
4609
4737
4705
4695
4678
4724
4832
4854
4645
4746
4682
4779
4745
4771
4703
4825
4766
4869
4886
4922
4992
5115
5009
5185
5199
5406
5203
5386
5471
5517
5672
5765
5882
6011
6152
6296
6449
6482
6577
6736
6823
7014
7097
7247
7334
7570
7588
7716
7977
7964
8021
8217
8391
8548
8452
8475
8739
8633
8863
8894
8909
9160
9154
9240
9169
9324
9266
9329
9389
9477
9311
9591
9725
9871
9735
9757
9885
9982
10279
10272
10557
10744
11067
11205
11445
11874
12591
12882
13317
13558
14123
14399
14409
14872
14816
14828
14762
14752
14451
14025
13799
13336
13393
12951
12668
11921
11794
11393
11165
10738
10381
9967
9584
9146
8821
8413
8405
8091
7685
7438
7113
6824
6624
6480
6121
6072
5899
5564
5610
5356
5171
5081
4964
4827
4839
4753
4660
4511
4524
4487
4458
4359
4331
4244
4356
4071
4250
4279
4258
4122
4328
4145
4132
4060
4106
4214
4059
4089
4131
4128
4107
3936
4123
3991
4067
4099
4112
3979
4119
4109
4135
4015
3950
4094
4030
4095
4126
4093
4021
4071
4055
4081
4018
3996
3973
4070
3989
3967
3906
4072
4011
4025
4022
4057
4125
4018
4011
4066
3889
3982
4031
4069
3987
3981
3976
4154
3859
3949
3936
4076
4022
4013
3979
4139
3997
3934
4105
3957
3950
3991
4067
4105
3942
4092
4037
3878
3972
4118
3933
3940
3971
4033
4108
3927
4030
4071
4013
3978
3982
3972
3916
3999
4105
3984
3895
3935
4080
3965
3991
4026
4024
3984
3924
4045
3962
3900
3982
4109
4136
4013
4108
4025
4090
3964
4010
3988
4075
3966
4073
4126
3875
3927
4076
3942
3961
4142
4086
4071
3987
3984
3962
4121
4080
4059
4153
4128
4154
4244
4278
4298
4324
4360
4547
4621
4660
4842
4996
5221
5362
5393
5672
5931
5964
6106
6265
6643
6855
7239
7420
7783
7982
8260
8736
8791
9206
9364
9832
10248
10374
10613
11022
11322
11576
11943
12170
12206
12576
13007
13094
13478
13981
13922
13792
14232
14300
14614
14833
14996
15143
15400
15190
15301
15785
15725
15916
16132
16270
16381
16465
16936
16942
17120
17318
17881
18285
18795
19312
20148
20693
21523
22200
23352
24319
25285
25833
26483
27130
27870
28140
28013
28195
27869
27599
26933
26433
25775
25310
24185
23408
22741
22108
20894
19983
19437
18310
17582
16536
15697
15010
14134
13415
12601
12044
11111
10700
9939
9248
8900
8372
8067
7556
6984
6712
6318
6012
5715
5426
5109
4955
4787
4484
4412
4217
4071
3993
3847
3785
3598
3554
3487
3380
3341
3349
3301
3257
3173
3250
3175
3128
3218
3169
3042
3137
3083
3116
3045
3043
3108
3017
2942
3067
3021
3049
2924
2947
2957
3006
2906
3003
2954
2884
2981
2907
2947
2957
2960
2912
3003
2977
2966
2921
3032
2936
2981
2949
2867
2929
2930
2980
3017
2947
2844
2979
2927
2936
2990
2877
2848
2968
2943
2842
2878
2826
2917
2818
2986
2804
2905
2920
2826
2920
2866
2938
2894
2852
2888
2902
2943
2866
2945
2872
2781
2855
2816
2834
2912
2894
2853
2859
2872
2789
2962
2872
2950
2782
2895
2862
2777
2749
2796
2738
2891
2836
2834
2819
2824
2934
2894
2924
2889
2775
2767
2804
2813
2922
2849
2931
2875
2844
2885
2824
2755
2733
2832
2863
2924
2833
2819
2922
2869
2711
2873
2749
2772
2885
2842
2780
2886
2808
2843
2895
2789
2828
2878
2891
2817
2805
2790
2874
2893
2745
2809
2883
2795
2877
2843
2862
2751
2809
2798
2832
2750
2802
2837
2817
2730
2782
2771
2904
2807
2802
2741
2799
2853
2803
2793
2734
2701
2863
2649
2806
2787
2743
2761
2810
2764
2759
2765
2790
2828
2727
2854
2723
2765
2740
2797
2771
2709
2866
2912
2828
2830
2765
2844
2713
2733
2847
2723
2753
2816
2826
2732
2765
2783
2758
2794
2793
2764
2713
2666
2687
2800
2785
2725
2743
2838
2706
2762
2807
2822
2822
2841
2765
2767
2683
2695
2749
2676
2638
2722
2723
2820
2671
2780
2792
2848
2814
2762
2640
2791
2641
2780
2758
2808
2722
2844
2695
2808
2619
2746
2773
2724
2892
2657
2766
2716
2695
2647
2697
2683
2615
2751
2705
2729
2685
2675
2672
2693
2715
2849
2690
2760
2669
2711
2772
2758
2741
2807
2789
2839
2741
2865
2757
2705
2716
2698
2596
2784
2702
2763
2698
2625
2745
2807
2746
2692
2674
2636
2751
2741
2698
2736
2699
2772
2764
2637
2814
2842
2740
2750
2649
2702
2622
2692
2778
2710
2654
2649
2666
2669
2767
2742
2765
2689
2752
2652
2748
2822
2701
2716
2740
2700
2674
2774
2810
2640
2637
2729
2703
2648
2747
2730
2705
2697
2790
2812
2621
2671
2756
2787
2728
2753
2703
2757
2794
2745
2683
2729
2741
2694
2778
2749
2770
2679
2781
2727
2775
2832
2795
2735
2818
2853
2845
2814
2781
2771
2813
2732
2870
2809
2929
2809
2826
2771
2888
2883
2841
2888
2856
2919
2936
2894
2888
2916
2950
2942
2897
2939
2960
2938
3018
3162
3144
3275
3201
3212
3385
3501
3644
3699
3860
4167
4188
4477
4751
4990
5229
5552
6141
6478
6934
7421
7893
8532
9109
9815
10360
11099
11802
12679
13439
14275
14942
15859
16802
17724
18709
19681
20199
21348
22609
23089
24008
24729
25912
26642
27471
28493
29173
29752
30552
31636
32061
32687
33429
33889
34661
35310
35808
36425
36861
37242
37670
38416
38396
39039
39626
40440
40890
40843
42008
42618
43684
44050
44851
46643
47810
49153
50667
51812
54797
56123
58650
60891
63438
65255
67284
69078
70273
72127
71764
72087
72208
71358
70281
69232
67828
65931
64268
62537
59923
57381
55532
52504
50075
47988
45308
42475
40274
37745
35380
33381
30894
28907
26688
24465
22852
21168
19413
17540
16479
15030
13782
12560
11520
10328
9501
8510
7931
7079
6367
5924
5226
4860
4318
3972
3576
3451
3098
2856
2547
2348
2228
2010
1936
1813
1719
1558
1566
1413
1336
1232
1252
1163
1101
1106
1039
1091
1014
1003
1072
933
975
858
908
876
885
925
879
883
825
814
845
833
784
834
784
788
812
795
782
808
835
755
783
802
766
796
761
786
780
794
782
776
729
756
775
686
721
756
756
728
745
717
767
708
773
735
724
674
720
689
752
690
703
717
707
726
728
722
732
749
709
714
699
684
725
700
685
734
720
679
731
702
704
672
676
724
685
680
729
723
630
675
633
698
683
700
687
691
669
700
703
631
672
691
696
652
721
663
683
717
656
684
655
675
682
710
721
659
680
670
730
684
713
664
662
710
652
680
673
679
667
697
706
714
709
709
711
716
732
677
729
720
748
793
767
812
799
806
817
859
895
966
994
1011
1145
1144
1128
1207
1282
1352
1486
1483
1594
1684
1789
1836
1927
2138
2178
2269
2429
2568
2674
2778
2885
3167
3108
3226
3356
3412
3628
3688
3913
3988
4158
4241
4299
4392
4403
4609
4603
4767
4880
4998
4988
5245
5200
5310
5378
5463
5453
5551
5659
5673
5798
5868
5919
5872
6098
6009
6358
6452
6595
6788
6948
7060
7432
7709
7785
8128
8565
8694
8976
9135
9283
9641
9629
9726
9973
9946
9592
9670
9359
9112
9140
8544
8472
8165
7848
7550
7222
6947
6643
6212
5958
5709
5227
5072
4581
4298
4207
3867
3533
3215
2980
2783
2657
2561
2225
2077
1901
1840
1651
1462
1358
1272
1249
1138
1008
985
865
851
792
696
686
671
646
587
573
527
514
545
510
447
436
438
466
449
462
417
417
386
384
385
412
397
400
391
384
369
387
404
370
350
363
352
364
334
349
360
366
337
343
340
348
370
339
362
314
338
337
311
347
352
343
383
353
370
325
341
348
343
316
338
345
322
327
352
332
329
336
359
333
345
298
294
326
332
321
357
304
306
336
319
343
327
291
297
319
304
312
341
324
305
308
293
333
320
332
335
336
308
330
297
335
322
337
311
320
301
325
305
324
296
321
311
285
340
331
296
305
293
313
307
311
305
291
313
310
320
319
325
311
332
298
310
299
308
307
312
274
282
297
259
299
317
276
325
322
285
299
313
308
298
306
335
328
302
276
296
288
293
315
292
289
282
294
316
327
281
318
312
293
304
284
280
281
305
279
283
320
279
314
298
293
283
269
286
265
273
305
279
267
276
292
280
295
312
276
286
293
285
303
282
291
301
250
283
295
264
330
292
290
260
272
299
278
280
280
250
269
285
275
293
284
257
272
279
284
282
260
278
277
305
253
274
257
291
262
266
251
278
281
277
254
254
291
275
236
292
256
248
247
252
273
282
262
259
259
271
266
266
272
258
282
284
252
278
284
285
251
275
269
266
275
242
274
256
255
252
227
272
274
286
295
256
266
257
229
278
238
262
260
264
238
259
274
252
253
249
282
233
263
250
279
259
247
244
278
257
261
242
253
252
260
240
265
254
243
255
244
256
251
217
274
258
253
246
264
273
234
265
249
247
247
243
268
287
236
232
246
249
258
250
265
241
251
251
280
266
280
252
243
236
237
250
225
249
259
264
270
238
252
267
263
234
232
264
211
274
287
243
239
276
238
237
270
257
253
246
244
245
275
242
265
239
244
259
247
265
224
242
255
251
259
272
264
261
227
210
218
235
241
259
247
260
243
255
238
257
252
240
254
236
236
235
260
216
250
219
228
243
235
255
248
225
229
206
235
251
245
230
274
231
247
241
232
244
245
233
274
236
261
226
226
233
232
271
238
282
217
246
251
228
256
252
248
235
225
212
263
258
256
221
253
268
264
239
245
245
230
259
229
258
247
246
253
251
276
250
237
218
254
254
255
255
248
270
253
216
230
246
238
233
230
267
284
259
231
250
227
223
235
248
253
265
238
275
227
241
230
236
235
279
233
227
272
220
203
225
238
209
233
225
213
258
214
241
204
228
214
225
173
215
198
214
225
212
202
203
222
218
211
218
222
234
210
229
233
207
215
211
209
204
213
203
242
222
198
207
203
221
215
201
207
197
241
209
197
222
205
223
186
221
192
213
226
198
228
223
231
218
209
205
194
201
217
206
226
190
188
221
195
222
205
208
240
221
198
192
190
206
211
226
215
202
214
210
210
215
199
215
196
189
208
218
202
200
212
226
217
223
208
184
194
197
200
207
211
194
191
189
192
190
187
194
199
200
198
209
199
198
172
213
239
189
186
213
190
241
225
201
204
220
178
201
199
175
194
196
204
226
202
199
198
171
198
213
205
187
215
224
174
214
196
185
192
203
208
188
205
190
208
178
209
205
185
220
190
198
197
189
198
197
167
173
212
197
191
179
187
210
186
203
192
189
185
188
194
197
175
180
167
179
204
187
187
196
198
200
203
204
193
170
209
162
211
181
209
187
199
186
199
160
200
214
190
188
191
194
175
184
197
205
173
160
200
170
198
200
184
164
198
184
207
188
191
181
201
200
195
204
189
179
189
148
204
180
189
167
197
192
169
195
184
161
182
185
187
181
175
173
173
182
172
187
203
215
197
188
149
184
181
188
164
214
185
176
167
188
164
195
174
193
195
203
172
210
187
174
178
192
187
171
177
198
175
167
167
203
163
201
185
194
163
152
165
163
197
164
160
183
163
165
186
162
171
166
187
135
154
195
183
166
200
160
189
158
186
174
194
190
193
169
169
159
156
180
193
175
176
177
175
179
169
158
162
173
148
178
182
187
160
156
172
151
150
149
160
169
185
170
200
157
166
180
159
162
143
170
172
138
177
179
164
159
166
187
163
168
179
162
144
175
167
146
169
155
165
171
160
171
191
168
149
181
166
174
148
164
163
189
164
172
174
182
158
156
183
166
158
163
148
139
153
142
157
161
162
173
171
173
138
172
161
175
177
151
182
153
161
162
142
163
167
141
147
159
186
168
159
151
155
156
167
172
143
142
173
146
170
168
149
162
157
146
152
134
187
157
170
149
161
161
163
167
154
170
165
145
160
174
149
142
147
164
148
162
148
156
160
159
153
178
164
182
154
165
161
147
168
153
152
152
156
175
142
139
181
133
137
148
161
163
164
161
167
137
166
165
160
147
159
146
154
147
137
154
139
154
168
159
163
153
141
148
150
143
152
155
148
129
141
159
156
161
153
122
145
142
164
137
147
148
145
161
148
147
157
134
159
150
147
138
152
147
157
153
155
139
151
170
143
157
162
141
143
144
150
140
148
150
144
132
137
147
155
147
152
163
146
138
156
162
147
142
126
130
150
133
124
147
143
139
143
161
162
153
168
142
140
143
165
133
162
137
157
136
150
145
135
156
160
138
143
109
141
135
131
159
135
131
139
134
153
158
172
132
152
119
133
165
142
144
124
136
144
141
139
138
143
137
130
134
143
143
119
136
132
155
151
132
127
152
134
145
135
151
124
140
143
135
129
149
147
141
133
126
131
130
113
145
156
121
130
128
121
155
140
133
125
135
132
140
144
136
141
145
136
123
148
135
149
139
148
144
133
131
137
129
127
138
125
130
136
127
140
143
139
165
155
136
122
141
143
146
137
128
128
143
140
138
117
155
162
134
124
128
127
138
129
150
134
172
143
137
131
140
133
134
154
157
161
163
158
125
132
126
126
137
148
132
133
132
151
149
132
141
155
135
134
128
125
139
142
122
134
149
146
126
124
152
145
148
122
157
124
119
121
116
128
130
125
137
106
134
142
113
135
139
124
126
124
128
117
124
124
118
127
126
116
137
124
129
126
112
118
135
120
139
116
113
109
134
113
117
129
129
136
134
119
129
123
103
112
104
115
114
94
116
132
132
103
120
123
124
119
127
131
124
121
110
107
113
120
110
121
105
127
113
130
114
106
132
101
101
133
123
108
107
115
126
109
123
107
135
126
118
109
113
120
134
124
120
106
114
105
103
98
120
119
120
103
118
122
110
116
142
125
103
105
110
96
107
102
99
124
97
99
119
122
110
98
114
113
111
107
107
114
113
91
123
109
122
116
115
116
95
121
97
120
96
110
115
127
105
109
111
109
104
102
101
113
123
109
113
106
98
103
95
115
101
102
115
125
109
96
117
99
111
104
134
99
96
124
111
104
97
99
96
115
109
104
112
96
102
110
100
100
97
108
93
111
101
114
114
94
105
105
122
110
104
107
108
99
118
100
100
88
98
92
119
121
98
108
124
99
103
98
84
96
111
111
101
115
104
97
105
122
102
116
98
98
95
104
114
115
94
105
94
84
114
74
99
85
108
86
100
90
92
102
84
110
107
108
116
97
98
92
105
90
87
97
127
87
98
102
102
101
112
80
93
108
88
103
102
102
80
92
110
87
108
112
100
93
82
108
79
80
84
95
117
90
99
93
106
103
129
123
94
92
100
94
96
86
90
105
105
103
94
102
93
96
87
112
96
91
96
93
81
102
91
83
102
114
107
97
96
103
89
110
95
93
96
83
76
106
90
94
83
94
96
90
98
91
106
90
97
93
95
81
87
93
91
92
93
89
90
74
108
102
83
70
92
87
94
92
91
99
112
83
111
87
84
82
82
97
106
88
106
89
77
68
86
107
80
84
77
92
94
86
104
96
94
89
92
89
77
79
89
84
86
91
79
77
79
72
69
70
80
74
90
91
101
92
87
71
70
86
87
86
105
95
94
72
83
80
92
82
87
77
79
79
69
77
76
82
72
81
77
83
72
71
84
92
76
89
77
72
70
78
84
93
69
71
68
69
86
89
88
81
81
85
90
87
84
60
71
89
70
78
57
75
73
87
76
76
61
61
78
80
77
91
87
70
73
79
86
67
82
68
81
75
62
82
95
82
93
59
77
62
73
89
81
90
62
71
89
75
72
73
93
89
89
67
91
79
58
88
83
72
81
78
80
92
72
65
77
67
76
60
67
85
66
56
65
71
75
73
77
88
81
70
83
69
70
67
61
69
66
72
91
81
78
85
72
83
69
80
82
79
78
80
76
72
86
77
93
57
84
70
70
74
67
92
94
69
83
75
75
76
71
83
76
98
81
90
75
83
73
66
76
74
77
78
76
63
85
79
68
81
70
84
77
57
74
77
80
63
77
64
77
66
71
60
76
72
77
79
73
62
69
75
68
67
75
64
77
76
72
74
82
67
87
70
69
70
66
90
69
58
62
74
59
68
55
70
61
63
74
59
69
74
71
61
62
69
73
73
81
72
61
59
77
67
66
63
76
80
82
70
81
74
86
63
87
60
68
89
71
71
65
63
74
81
67
76
74
66
58
66
59
68
77
69
87
79
73
81
80
68
60
72
69
68
74
71
56
67
59
103
67
66
70
79
68
81
69
79
70
68
77
66
63
86
69
63
78
70
73
76
63
69
53
66
62
79
63
75
66
69
68
66
84
74
67
58
67
47
63
71
61
66
60
59
75
55
57
70
74
55
55
53
71
58
54
60
62
53
63
62
83
69
65
60
78
69
74
54
59
59
71
68
65
74
64
62
77
59
55
66
60
60
56
55
54
51
52
51
68
48
65
59
68
72
65
53
53
67
43
72
56
72
53
67
61
64
66
68
57
66
53
45
66
61
48
55
76
49
38
57
51
56
61
57
49
62
63
67
66
56
58
59
48
59
62
50
47
55
72
50
55
49
62
64
53
50
55
63
54
45
61
52
55
52
66
58
54
70
67
48
51
44
59
61
67
67
51
59
52
61
50
55
62
54
68
63
55
64
54
60
47
57
46
66
56
51
71
59
63
60
45
52
59
43
53
59
56
50
50
55
63
63
60
60
45
53
55
63
63
47
75
59
60
61
52
57
56
61
54
52
60
54
66
69
66
67
64
72
62
77
60
74
62
67
63
79
66
67
47
71
66
77
76
86
74
68
83
52
70
68
72
73
76
76
78
71
55
55
64
64
60
66
72
81
68
72
75
66
74
62
77
64
66
70
56
81
71
88
78
68
68
62
92
78
71
66
75
77
72
66
66
66
76
62
66
67
57
58
66
70
64
79
58
57
67
47
60
59
65
67
60
60
72
63
58
46
49
61
47
58
45
53
57
57
56
59
62
58
49
51
46
53
60
62
43
54
50
55
54
52
46
49
50
56
37
38
53
39
58
42
43
49
54
42
55
49
44
54
47
47
50
53
54
34
52
50
55
54
53
39
50
49
43
39
32
44
56
40
48
40
65
49
44
38
40
53
45
47
48
59
54
43
49
47
46
36
44
55
52
50
56
44
42
35
52
52
42
53
53
54
40
49
42
39
58
56
45
49
40
53
73
47
60
46
42
42
42
50
39
41
60
64
44
44
41
39
53
47
36
48
48
48
51
56
38
37
51
44
39
42
47
51
60
45
53
41
52
53
47
60
56
52
56
59
51
51
52
55
34
41
38
45
46
40
39
47
54
53
55
38
53
51
58
41
38
47
42
36
47
39
61
45
57
59
48
53
45
43
50
55
58
48
43
49
55
50
48
54
43
36
54
43
41
49
51
38
34
42
42
41
54
41
43
48
46
48
41
42
54
39
46
46
56
46
43
34
46
43
46
51
45
47
43
45
54
41
48
30
36
45
55
48
43
40
34
39
38
39
32
35
37
51
35
42
53
38
47
38
40
43
41
44
27
38
47
35
39
40
53
51
42
52
30
36
40
36
31
41
42
40
39
44
54
44
47
38
41
43
46
37
47
43
38
55
42
41
46
38
37
47
42
41
51
35
38
32
37
33
41
39
55
42
44
36
31
30
35
36
49
45
39
38
46
33
43
45
38
48
38
39
45
34
46
39
37
46
34
49
51
52
50
41
32
34
39
45
35
61
40
43
44
39
35
50
36
38
49
39
51
32
24
49
38
37
34
39
41
33
30
38
43
44
37
43
36
36
26
32
43
40
42
42
55
46
47
33
41
34
49
38
40
47
39
45
42
40
39
46
44
40
35
40
47
33
37
35
45
47
40
46
40
41
38
30
46
35
45
42
50
51
41
39
49
41
35
46
48
43
54
50
47
57
38
40
43
47
40
45
47
36
53
37
50
54
49
50
52
56
43
57
45
50
54
46
40
51
46
35
59
42
53
46
47
45
59
34
42
49
36
41
48
51
35
40
57
40
50
40
50
31
44
40
38
54
62
50
37
55
43
36
24
36
42
46
47
27
39
37
39
58
41
34
30
35
43
29
28
31
31
28
30
38
32
41
38
45
28
24
32
27
38
26
28
28
34
27
26
28
36
32
29
36
34
32
23
23
30
33
27
35
26
38
27
36
38
23
28
23
23
21
30
28
27
25
28
30
26
25
25
33
28
30
31
15
31
27
41
34
21
25
28
20
37
29
32
32
22
20
20
29
21
32
25
25
25
21
24
18
31
28
22
30
22
20
29
19
17
22
26
22
25
26
25
27
31
29
23
28
20
21
31
19
36
21
28
35
28
34
25
34
27
29
33
30
37
19
23
22
23
37
29
24
22
22
24
25
20
23
27
24
19
30
23
26
36
26
17
25
28
22
21
25
35
30
23
25
21
33
25
29
23
31
29
24
22
25
23
25
27
29
27
20
30
30
27
36
26
20
26
35
25
25
20
29
34
22
27
38
27
17
29
34
33
21
27
23
22
23
26
25
29
43
19
22
32
28
32
26
34
31
25
27
39
24
20
27
28
26
22
26
27
31
27
19
25
32
39
26
26
22
32
33
25
20
30
16
34
20
23
30
26
18
22
24
31
23
29
26
31
19
21
25
22
27
29
24
28
26
40
24
22
33
29
26
31
41
25
40
23
29
25
28
28
17
27
26
26
23
30
29
23
17
35
39
25
21
23
24
25
34
19
30
26
34
38
30
25
30
22
16
25
25
26
22
24
18
33
21
16
21
30
36
24
16
14
25
29
31
31
19
17
17
12
26
23
23
20
26
24
17
25
22
33
23
27
26
32
23
21
23
18
21
20
27
30
27
29
25
24
23
17
27
18
28
18
31
26
17
20
29
35
27
32
28
34
22
25
25
23
32
28
17
19
28
27
18
26
22
28
32
20
27
16
25
26
26
24
40
28
13
18
17
33
26
25
24
30
23
17
23
28
24
36
27
26
31
25
29
35
28
28
23
24
26
32
33
28
25
32
25
24
25
20
21
24
33
27
21
21
30
25
25
21
28
21
30
31
43
30
28
36
27
25
27
20
30
31
30
23
23
31
31
29
30
31
32
27
34
25
22
29
23
30
30
25
34
33
31
27
35
23
26
26
32
25
30
29
38
34
38
32
34
30
37
38
33
52
29
31
37
40
37
29
37
39
40
32
28
36
28
37
48
41
40
28
36
49
35
44
39
32
28
36
34
38
34
39
27
39
24
37
29
31
34
35
39
33
45
30
32
32
39
30
39
38
31
25
49
23
32
22
29
24
32
32
27
33
22
21
23
20
17
28
22
29
22
26
21
17
18
18
21
17
12
16
8
23
18
16
21
18
11
14
16
16
10
9
20
7
12
9
12
7
15
11
9
14
16
10
13
8
14
12
9
12
7
8
14
10
7
9
12
7
17
9
9
10
13
6
21
7
11
6
11
13
18
14
22
12
11
6
12
12
9
16
17
10
11
12
17
11
9
16
10
12
18
9
6
19
8
9
10
4
9
11
12
12
11
16
12
13
9
18
11
15
10
16
13
16
21
11
19
9
19
5
10
15
10
15
14
11
9
16
17
10
5
10
10
12
10
12
13
11
14
9
10
14
17
22
13
14
14
9
18
17
19
15
15
11
10
15
14
16
8
17
13
19
11
16
15
16
10
12
24
19
9
13
14
10
9
15
10
10
7
11
10
8
11
15
9
10
16
11
9
9
10
8
17
11
9
14
12
11
11
13
16
16
10
9
11
13
11
13
15
18
5
15
12
7
15
11
15
11
12
14
13
13
20
13
14
15
14
14
9
12
15
18
15
19
16
15
12
16
8
8
10
13
12
14
10
16
10
14
13
11
15
11
10
12
13
12
11
13
15
12
22
20
11
24
17
20
12
18
17
13
11
17
15
18
11
8
16
19
8
13
18
10
10
12
11
8
9
14
10
7
10
16
15
13
11
14
5
10
11
20
9
7
7
14
11
13
10
10
8
9
10
7
8
7
16
9
14
14
7
7
12
8
11
13
4
17
4
6
2
8
8
6
2
4
6
8
8
7
8
11
10
9
11
10
6
10
5
4
6
8
5
9
9
7
14
8
9
4
10
3
12
8
8
9
9
9
10
8
7
11
5
9
8
10
12
8
6
6
9
6
10
8
8
8
8
8
14
6
8
1
5
9
8
6
8
12
12
6
10
7
8
11
8
7
6
12
9
13
4
6
6
10
9
8
9
12
11
6
13
8
5
11
7
8
8
4
5
8
7
5
11
9
8
7
3
6
10
9
15
13
8
9
7
2
7
7
6
3
6
10
7
7
10
8
8
9
12
6
6
8
6
13
14
9
6
13
7
7
10
13
9
2
13
7
12
6
10
8
9
11
10
10
2
7
14
4
12
4
13
7
11
11
2
6
2
6
10
8
4
6
5
9
10
8
7
2
10
6
5
12
5
5
13
11
13
5
9
8
8
4
10
8
8
4
7
6
3
8
6
6
9
8
9
8
14
16
7
13
10
2
12
9
8
9
11
10
7
5
8
9
7
4
5
12
8
6
11
5
12
13
7
8
10
4
8
9
7
5
9
8
12
7
13
8
5
6
7
16
10
3
10
8
4
11
7
12
5
8
10
12
11
11
8
9
7
4
11
4
4
3
6
5
11
9
14
9
10
5
7
9
5
5
9
6
7
9
13
10
8
8
9
8
4
13
4
5
5
9
10
2
5
6
8
11
4
4
10
8
5
8
7
6
2
4
7
5
7
5
4
3
6
9
8
5
6
2
9
10
6
7
7
9
11
5
3
8
7
12
7
7
8
6
4
5
13
9
8
5
5
11
5
2
7
6
5
6
8
8
4
10
4
7
7
4
4
9
6
4
10
8
4
9
10
6
5
10
6
10
9
3
5
7
9
5
6
5
11
3
9
6
10
3
4
10
3
6
6
3
5
2
8
7
7
6
8
6
11
8
14
9
8
6
13
4
9
9
5
9
7
8
4
12
4
7
8
9
5
4
4
4
4
7
10
8
9
8
8
4
3
5
5
8
7
8
10
11
8
13
7
5
8
10
12
5
5
7
11
10
6
3
10
11
7
5
7
7
6
11
8
8
8
5
6
7
5
6
6
5
10
9
8
5
8
3
5
4
6
9
11
9
5
5
6
4
7
6
5
9
14
6
5
3
9
8
11
15
5
10
5
14
10
5
10
9
14
6
10
6
9
11
8
9
4
5
10
9
10
10
5
9
11
8
5
10
10
8
6
7
7
9
5
11
7
3
6
8
7
11
10
16
7
12
7
8
4
6
5
6
6
4
8
6
8
5
4
8
6
5
4
5
5
6
5
4
9
11
4
4
11
5
3
7
8
4
7
4
15
6
2
7
6
11
2
3
5
5
8
8
6
6
8
9
4
6
9
3
3
6
8
5
10
4
6
6
3
3
7
8
7
5
3
10
0
5
8
7
4
5
9
11
10
2
1
3
7
6
5
11
9
6
7
7
10
10
9
8
6
4
3
7
7
5
12
11
4
5
5
3
6
1
6
3
5
7
7
5
4
7
3
7
4
3
5
6
10
3
6
10
4
7
7
9
3
5
9
4
8
7
5
11
9
3
8
6
3
1
11
4
9
5
6
3
9
2
4
7
5
10
6
9
4
6
9
5
6
8
4
6
6
6
14
2
3
2
2
6
8
7
9
6
8
5
7
6
4
3
10
6
4
6
6
6
6
5
6
3
6
8
6
8
5
7
5
5
10
5
4
6
11
3
5
8
4
6
3
8
10
1
3
5
3
3
4
2
5
5
8
0
4
4
4
6
4
9
3
7
7
2
4
8
7
3
6
8
2
1
5
7
4
2
6
9
2
5
5
7
9
3
10
4
7
6
4
7
5
10
3
9
5
8
7
5
6
6
5
4
4
8
6
9
3
7
4
6
11
10
7
5
12
5
4
8
4
1
6
10
5
4
1
6
4
6
2
7
5
9
11
3
8
6
7
4
5
3
5
5
6
7
3
5
3
5
9
6
12
5
5
8
3
7
4
4
0
8
8
5
6
5
5
6
3
11
5
3
7
5
3
6
4
5
9
6
5
7
8
7
6
8
4
5
7
4
4
3
3
7
4
5
9
4
5
5
8
2
5
7
5
9
5
3
2
5
3
6
6
4
3
7
5
6
10
6
7
7
5
7
4
4
2
9
7
4
7
9
6
6
2
8
5
7
4
6
2
3
5
5
4
3
3
4
4
2
5
10
3
6
6
8
7
5
7
2
5
5
4
5
5
2
5
4
3
4
5
2
4
5
3
5
10
6
3
5
5
2
7
4
5
5
8
4
6
1
4
7
7
4
6
7
11
5
4
7
2
8
5
2
6
5
3
3
6
8
5
7
6
1
4
3
8
5
10
4
6
10
4
6
8
4
2
6
4
1
4
6
6
3
7
11
2
6
5
4
7
0
4
3
0
2
1
7
5
8
6
5
2
4
5
2
1
5
3
2
3
3
5
2
8
5
2
3
5
6
9
5
7
4
11
4
6
2
3
7
7
7
4
4
7
3
7
2
5
7
5
4
2
6
4
2
3
8
5
5
11
3
5
6
6
3
5
2
4
6
2
1
3
3
5
6
3
2
7
3
6
4
6
7
5
6
6
3
4
5
7
10
7
5
8
4
2
6
8
7
7
11
6
6
1
4
5
8
5
6
5
2
5
3
8
1
6
2
9
4
4
2
6
8
0
4
7
1
5
4
9
7
7
6
6
6
10
9
5
10
6
5
6
9
3
5
5
6
5
5
7
6
3
3
6
7
9
3
1
3
6
6
3
6
8
8
7
4
5
6
8
2
7
5
4
3
7
7
6
8
5
8
8
5
2
6
6
5
7
6
2
2
5
2
5
3
7
3
2
2
8
3
8
4
2
3
4
3
8
3
5
9
3
5
2
6
6
3
3
9
5
2
8
3
5
6
3
5
8
5
4
6
4
4
3
4
2
6
2
5
2
1
4
3
4
3
6
7
2
3
4
5
6
5
3
5
7
5
1
3
7
2
3
5
1
7
2
5
8
3
3
5
6
1
9
3
10
6
0
11
6
6
7
4
2
2
4
5
4
5
0
4
3
3
6
6
6
5
5
4
3
2
5
3
6
1
5
4
7
6
3
2
7
3
4
2
3
9
3
4
3
5
5
3
3
3
5
7
2
5
5
1
8
8
8
7
3
1
7
6
6
3
3
8
4
3
4
1
1
3
4
5
4
3
1
2
2
2
4
4
3
5
8
1
6
7
5
8
2
3
2
5
4
4
5
1
3
6
4
1
3
6
3
4
4
5
3
5
5
6
3
5
5
7
3
2
11
6
5
4
2
5
4
4
2
3
4
5
6
7
6
2
2
2
4
6
5
4
8
2
1
5
2
7
4
9
4
8
4
6
3
6
4
2
5
8
5
6
3
4
1
4
3
10
5
1
9
4
1
3
7
4
3
4
5
3
5
4
5
4
4
4
1
7
3
6
7
5
6
4
5
3
3
3
7
6
3
5
5
2
3
8
5
3
5
6
5
3
4
8
5
8
3
0
5
4
3
4
5
7
6
3
4
3
1
4
3
5
6
3
4
2
5
3
5
3
6
3
6
4
4
1
9
4
8
10
3
6
9
5
1
4
6
3
7
4
5
3
3
5
3
0
4
1
5
4
0
4
2
1
4
5
4
4
4
5
5
6
1
5
3
3
1
0
4
8
7
8
4
9
6
5
7
5
6
1
2
3
9
8
3
6
2
6
5
2
9
6
5
4
4
4
4
3
4
5
4
3
6
8
2
3
6
7
5
9
6
6
4
2
1
4
1
4
14
8
5
9
6
9
8
5
11
9
8
7
9
7
9
9
8
4
9
8
7
8
9
8
8
14
6
9
9
9
7
5
8
6
8
6
12
14
14
8
5
17
7
15
13
14
9
8
7
17
9
15
7
7
7
7
7
11
11
8
4
3
15
4
12
7
5
5
11
5
10
11
10
3
7
10
9
4
11
4
4
1
3
3
8
7
4
6
4
6
3
6
5
2
3
7
5
2
4
5
4
5
5
3
2
3
7
5
2
2
4
7
4
3
3
4
6
5
4
3
2
1
2
4
5
4
3
3
4
7
10
6
6
1
4
5
6
3
9
4
4
5
0
11
5
7
4
3
3
10
4
4
2
3
6
4
2
6
4
4
1
6
4
1
4
3
3
6
6
7
4
2
6
3
4
4
5
2
2
2
3
6
6
6
2
3
1
6
4
3
8
3
3
4
4
4
6
8
4
2
4
3
2
3
2
3
3
3
3
3
4
5
3
4
8
5
3
2
8
0
4
4
2
1
3
4
5
3
7
3
3
4
4
7
8
6
1
6
6
3
5
3
3
3
5
7
4
1
6
3
5
3
3
6
5
2
2
4
7
3
5
10
2
4
5
5
2
3
4
4
2
5
6
5
4
4
6
4
3
3
9
5
2
3
7
5
5
8
2
2
5
5
5
5
5
5
1
6
2
6
3
8
3
4
3
4
4
2
1
2
5
4
2
5
6
2
2
1
3
6
2
3
3
4
10
4
2
5
6
3
3
7
4
2
5
2
2
1
1
3
5
3
4
4
2
3
5
4
4
4
6
3
4
7
5
6
2
4
2
6
1
6
4
4
4
3
1
4
3
8
5
2
4
2
1
6
1
3
2
3
3
3
2
8
2
2
3
8
3
2
4
4
3
3
6
2
2
3
1
3
3
1
3
5
5
1
4
7
5
2
4
5
5
1
5
5
2
3
4
5
6
7
3
4
4
4
0
5
2
3
0
2
5
4
4
2
2
5
2
4
4
8
2
8
4
4
2
1
4
2
6
3
6
3
8
4
4
6
5
6
3
0
6
0
0
5
1
6
3
4
6
5
6
9
8
6
2
3
6
4
2
2
6
4
2
1
2
2
2
3
8
3
4
3
5
6
2
3
1
2
1
4
7
4
5
3
5
6
2
5
5
2
2
3
6
2
7
5
7
2
1
2
5
2
6
7
5
4
4
1
4
4
0
4
3
7
1
2
5
5
7
3
2
6
6
2
4
5
4
2
0
2
3
3
3
6
5
2
4
5
3
1
7
3
3
4
1
3
5
3
5
6
5
2
3
4
8
5
5
5
5
6
5
5
2
8
6
4
3
12
4
5
6
4
5
7
6
8
4
8
2
11
10
5
5
7
2
5
5
6
6
3
3
3
5
8
5
6
11
8
7
4
7
7
7
8
3
4
7
4
11
6
7
7
6
6
8
11
6
6
7
6
2
5
12
7
8
9
3
7
5
11
7
9
9
5
9
8
6
7
6
5
4
5
5
7
5
3
4
1
8
4
13
8
5
7
5
6
9
2
5
4
2
6
5
6
3
4
4
8
5
3
4
4
5
6
2
4
4
4
1
3
4
3
6
5
6
6
6
7
5
2
2
3
3
1
5
3
4
3
5
2
7
5
7
7
2
5
3
2
3
4
5
5
1
4
3
2
6
3
3
5
5
5
2
6
3
2
1
5
8
2
5
2
4
6
1
5
1
6
5
5
3
2
2
4
2
7
5
3
4
6
2
2
2
1
3
3
2
4
5
3
4
4
3
2
3
2
4
3
4
3
3
7
3
3
2
3
10
3
4
1
3
4
3
3
4
4
2
0
5
5
4
3
4
4
3
0
2
2
7
3
1
0
3
3
4
2
5
3
5
5
5
5
2
2
4
6
4
2
8
3
3
4
7
5
4
3
2
2
1
3
1
5
4
4
2
2
2
3
3
1
2
0
2
2
7
1
6
2
0
4
0
4
2
2
1
8
1
2
2
2
6
2
7
5
1
2
4
0
4
4
3
4
2
5
6
1
3
0
4
3
7
1
4
1
1
4
3
2
4
4
7
4
6
3
0
2
1
1
2
2
3
3
2
3
1
3
4
2
3
1
1
3
3
3
1
2
1
4
2
4
3
3
4
4
2
5
4
3
2
0
2
4
4
5
2
3
7
4
0
2
7
6
5
3
1
0
3
2
4
2
0
3
3
1
4
3
2
8
6
2
1
4
3
2
8
4
2
3
4
2
3
2
6
2
2
4
3
6
3
2
2
1
4
5
2
1
0
1
3
3
2
3
2
2
3
4
5
2
3
4
5
11
6
1
2
2
1
5
4
3
9
5
4
6
3
5
4
3
5
2
2
7
5
1
4
6
2
5
3
3
4
4
2
2
1
5
5
3
2
6
3
1
5
1
4
2
3
7
4
5
2
2
1
3
5
3
1
3
1
4
3
3
2
2
5
1
4
3
2
2
2
3
5
3
5
4
3
4
2
3
8
0
5
5
0
4
1
8
2
4
2
4
4
0
7
2
1
4
2
5
6
0
5
1
1
7
4
0
5
3
6
2
2
3
0
2
2
4
3
3
3
6
4
1
1
4
1
1
4
0
3
3
3
3
5
2
2
2
6
2
6
2
3
1
3
4
4
7
2
10
1
4
5
2
6
7
4
2
6
1
2
5
2
6
4
2
3
5
5
6
2
2
1
0
2
2
2
5
7
2
4
4
1
1
2
0
3
4
6
1
3
5
4
2
3
4
2
2
1
1
3
5
5
6
4
5
5
3
0
2
5
6
1
3
2
3
5
4
2
6
5
3
3
4
3
5
3
3
7
3
3
0
1
4
3
4
4
4
1
0
9
7
1
5
2
4
5
4
4
2
3
3
2
6
2
8
6
3
2
3
4
2
3
1
3
5
0
6
3
2
4
2
2
5
3
4
4
5
3
1
2
4
2
0
3
3
1
3
0
1
4
1
2
5
2
2
5
4
3
5
4
4
2
5
2
2
3
3
2
2
2
1
2
3
2
3
2
3
4
3
2
1
2
2
1
4
4
3
3
5
4
1
3
2
6
4
2
4
4
4
6
2
4
2
4
1
1
2
7
5
4
1
5
4
3
2
3
6
0
1
4
7
3
2
4
5
2
5
3
4
5
3
4
1
6
3
2
4
4
5
3
8
2
0
4
2
2
5
1
2
2
1
0
4
7
0
2
0
6
8
3
1
11
4
4
2
1
0
4
6
1
3
7
1
5
1
0
1
3
2
2
1
4
1
5
3
2
2
6
0
3
3
5
2
1
4
4
4
3
3
4
2
1
6
1
2
0
1
2
4
3
2
3
3
1
2
1
1
4
5
6
1
2
2
4
7
3
3
3
4
2
5
1
4
1
5
3
1
4
4
2
4
2
1
3
1
4
3
3
2
5
2
5
2
1
1
2
4
6
3
4
1
2
4
4
1
4
2
4
5
2
1
3
3
3
2
2
0
1
5
1
0
0
1
1
5
3
3
1
3
2
1
2
3
0
1
4
4
1
2
2
1
3
1
3
0
2
2
2
5
3
4
0
8
7
3
2
1
3
4
4
3
4
7
1
3
2
1
3
2
3
2
3
8
1
2
5
1
6
0
1
3
3
2
2
3
7
3
3
7
4
5
5
2
1
0
3
3
1
3
3
3
3
6
0
2
1
3
5
2
2
1
2
3
6
2
4
2
3
2
4
1
3
2
6
1
1
3
4
3
3
3
4
4
1
3
6
4
3
2
1
3
2
2
1
3
1
3
4
2
2
4
4
6
1
0
5
7
3
6
4
3
2
5
0
2
2
3
3
3
4
3
1
2
1
3
0
3
5
2
7
2
1
1
2
4
3
2
3
3
5
7
3
3
6
2
1
1
2
3
2
1
2
1
2
3
2
3
4
3
6
1
3
3
3
3
2
4
2
3
1
4
4
0
2
4
0
2
5
3
3
3
3
1
1
5
4
6
4
4
4
3
5
3
5
2
5
0
3
6
3
2
3
3
4
2
4
2
2
1
5
2
7
7
2
2
4
2
4
1
4
4
3
0
3
1
1
1
4
1
4
6
3
7
3
0
1
1
3
2
3
1
2
4
4
4
2
3
2
4
4
3
1
2
2
0
2
3
1
3
0
1
6
2
0
2
2
3
3
3
2
1
1
2
5
2
3
2
2
2
0
2
1
1
3
6
3
4
4
1
4
0
7
3
3
3
1
3
3
2
5
2
5
2
0
4
0
3
4
3
3
4
4
2
1
0
1
4
4
4
3
2
2
3
1
3
1
2
2
2
2
2
3
6
3
1
3
3
4
0
0
1
3
0
3
5
2
3
2
3
1
3
2
1
1
2
0
5
2
0
2
5
2
1
1
2
2
6
5
7
0
1
4
2
3
3
0
6
5
3
1
4
2
6
2
3
2
2
0
5
3
7
2
5
4
4
4
3
4
4
5
3
2
4
0
3
2
1
4
2
1
3
0
2
3
4
1
1
2
2
3
2
1
6
0
4
2
0
1
4
2
1
1
0
0
1
4
3
0
1
0
2
3
0
0
2
2
4
5
3
6
3
4
0
3
3
1
2
4
2
1
3
3
5
0
0
3
4
4
3
5
5
2
3
2
2
1
3
3
2
3
2
4
2
2
3
1
4
2
4
1
2
1
2
3
3
2
0
2
1
4
2
3
2
5
3
2
2
5
2
4
1
3
3
2
6
3
0
1
5
3
2
6
4
2
2
4
3
1
7
5
6
1
4
3
4
1
8
4
2
2
3
5
4
4
4
1
4
5
2
1
2
4
4
1
3
2
4
1
2
3
2
5
2
1
6
3
3
1
3
4
4
5
3
4
3
2
3
3
2
7
2
2
2
6
2
2
3
4
5
3
3
6
3
4
2
4
4
3
1
4
0
7
2
5
4
5
2
5
1
2
3
4
3
9
2
3
4
7
4
1
3
3
3
7
5
5
5
5
5
4
6
8
3
8
9
6
4
3
0
4
1
5
11
4
10
5
3
7
4
5
4
0
3
5
5
3
7
10
3
5
6
5
5
4
6
0
5
2
3
3
5
8
2
2
7
4
1
5
3
1
1
6
5
5
2
4
2
4
5
5
5
4
3
4
2
2
2
2
4
7
5
2
5
6
1
1
2
1
6
0
4
4
0
6
4
3
2
3
3
3
3
1
3
5
1
5
1
3
2
2
1
4
1
4
1
4
3
1
6
2
1
1
4
2
4
6
3
1
1
3
2
5
5
4
0
2
4
1
2
2
2
3
3
3
1
3
2
1
4
1
2
0
1
1
0
1
2
3
1
4
2
0
2
4
1
3
3
3
0
7
1
2
6
1
2
2
1
6
3
2
4
3
3
1
2
5
3
1
3
3
1
2
3
0
2
3
2
7
6
4
2
2
2
1
1
1
3
5
1
3
2
2
2
4
4
2
4
3
1
3
0
4
3
2
4
2
3
2
5
2
0
3
3
1
5
2
0
2
4
3
1
4
2
4
3
4
2
0
3
1
5
2
5
2
3
1
2
1
0
1
1
1
1
1
5
2
1
1
4
4
3
0
0
2
3
2
1
3
3
2
3
5
3
0
3
3
2
1
1
2
2
1
2
1
1
0
0
4
3
1
3
1
3
6
2
1
4
1
2
1
3
3
5
4
2
2
6
2
4
1
2
0
3
4
3
3
2
8
3
3
2
2
1
2
3
3
3
2
1
1
2
1
6
3
2
5
2
8
3
2
4
0
2
5
1
4
1
5
5
2
2
2
6
2
1
3
2
3
2
4
7
2
4
0
1
1
5
1
2
3
7
1
4
2
2
2
3
3
3
2
3
3
7
4
4
2
5
2
5
2
2
3
2
1
3
4
3
3
4
1
1
1
1
1
6
1
1
2
2
3
2
7
3
2
2
9
2
6
1
3
1
3
2
1
4
0
2
5
2
3
1
0
1
3
2
4
2
1
1
2
2
6
2
2
3
4
1
7
4
1
1
1
1
4
1
3
3
1
5
2
5
2
1
2
3
3
5
3
1
6
3
1
2
1
3
1
1
2
1
3
5
3
4
2
2
5
1
2
3
2
1
1
5
4
2
1
1
2
5
2
4
3
4
6
2
7
0
1
2
1
2
2
4
3
1
2
2
4
4
1
8
3
4
1
4
4
2
0
6
2
1
4
3
0
4
5
4
2
2
4
2
1
2
2
4
4
0
4
1
3
0
1
2
3
3
6
0
1
2
0
2
3
4
2
1
2
0
4
2
1
2
5
2
4
5
2
3
8
3
1
3
5
4
2
6
4
4
0
5
3
1
1
3
2
3
2
3
2
5
4
2
0
5
1
3
2
3
4
2
0
3
4
3
3
3
1
4
1
5
4
2
2
3
4
5
6
1
1
1
4
3
2
1
2
2
2
2
5
1
2
2
3
2
4
1
1
2
2
0
1
1
1
1
5
1
4
2
1
3
2
3
0
5
3
2
3
5
1
1
2
2
2
7
1
1
2
2
2
3
6
1
2
2
2
1
4
1
3
1
1
0
5
4
2
2
1
1
3
0
5
2
0
4
1
4
4
1
4
1
1
5
1
4
1
5
2
3
2
1
4
2
4
4
2
5
2
3
1
2
1
3
2
2
1
4
3
2
5
2
4
2
3
2
1
3
4
2
1
7
1
3
5
3
3
5
6
2
2
2
4
1
2
4
2
0
0
2
2
2
1
1
3
1
4
1
5
3
1
1
2
2
3
4
2
2
4
2
4
3
1
1
3
4
1
3
7
2
2
2
6
1
2
3
3
2
3
1
3
2
4
1
2
1
1
4
3
1
1
1
3
2
1
1
2
1
5
2
1
1
1
0
4
0
5
1
1
2
1
2
2
4
2
2
4
5
4
3
5
5
3
1
1
2
1
5
3
4
4
3
3
3
1
4
2
2
2
2
3
0
2
4
3
2
4
1
3
2
4
2
2
4
1
4
2
4
7
1
4
1
2
1
4
2
3
2
3
3
3
0
1
5
3
2
1
1
2
3
1
3
3
1
3
5
3
3
1
1
3
2
5
6
4
4
0
5
3
1
4
2
0
3
5
1
0
3
3
3
1
3
2
2
3
4
1
0
5
2
5
0
1
2
3
1
2
2
6
4
1
2
2
4
1
3
2
3
2
0
1
0
2
1
4
2
1
3
1
2
1
7
3
2
8
2
1
0
4
5
1
3
0
3
3
0
6
2
3
3
4
2
5
0
4
2
5
5
2
2
3
1
5
2
0
1
1
5
1
5
3
4
4
1
1
1
1
0
1
3
3
3
2
3
4
4
1
3
3
5
3
5
4
2
3
3
4
2
3
2
4
3
6
1
2
5
0
1
2
3
0
1
5
2
4
4
2
7
4
1
2
2
2
2
5
4
6
2
2
2
3
2
7
2
2
4
0
1
2
1
1
3
2
3
3
2
3
6
0
5
5
2
4
2
2
2
1
2
2
1
3
2
2
2
1
1
1
3
3
3
5
3
0
3
1
4
1
4
3
1
0
4
4
4
0
7
2
3
2
4
6
2
4
3
2
2
2
2
3
0
2
2
1
5
2
3
1
1
4
3
2
0
3
0
4
1
2
1
1
3
0
5
4
6
1
2
4
3
2
1
3
2
4
3
5
2
1
6
3
1
5
0
2
7
3
1
3
1
3
2
8
2
6
1
5
6
3
2
2
2
3
4
4
1
8
4
3
0
4
2
2
1
3
2
2
2
2
1
4
2
1
3
2
1
3
2
5
5
3
3
4
3
1
0
6
3
2
2
0
2
6
5
4
1
3
6
3
1
3
3
4
2
2
1
4
4
5
4
5
3
3
1
5
0
7
1
0
5
2
1
7
1
3
0
2
3
1
4
5
3
4
2
5
2
3
1
1
2
2
2
3
4
1
3
1
3
1
2
3
0
0
3
3
2
4
3
3
1
2
0
2
3
0
2
3
0
2
1
0
4
1
4
1
1
0
6
1
1
2
4
1
2
3
3
1
5
3
1
2
2
2
3
0
3
2
3
2
1
3
2
4
3
2
1
1
5
2
5
4
0
2
1
3
1
1
0
1
0
3
1
4
0
0
1
1
1
3
2
1
2
1
2
4
0
4
1
1
0
2
6
2
3
0
2
2
2
3
2
3
2
1
1
2
1
2
1
2
2
0
1
2
3
3
1
2
1
0
0
0
2
2
3
1
1
3
3
0
3
1
0
4
1
1
2
2
2
3
1
1
3
2
0
2
2
2
1
4
2
1
5
5
2
0
5
3
0
2
4
0
2
1
2
2
2
1
2
3
2
2
4
0
3
2
0
4
1
2
0
0
3
1
2
2
0
4
2
2
1
2
3
4
2
2
2
2
1
0
2
2
2
2
2
0
1
1
2
0
3
0
4
2
2
2
2
1
1
2
0
1
1
6
2
2
2
1
2
4
0
1
1
3
2
1
0
3
1
0
2
1
2
2
2
2
4
3
1
2
3
3
0
2
1
4
2
0
1
1
3
1
1
5
1
2
2
1
4
0
0
1
1
1
0
1
4
1
1
1
3
0
2
1
1
2
3
2
1
4
3
3
4
3
1
3
0
1
1
3
3
3
2
0
2
3
0
0
2
3
2
1
1
4
2
3
1
0
0
2
4
1
1
3
2
1
1
4
1
1
3
2
1
1
0
2
1
1
1
1
1
2
2
1
1
1
5
2
0
5
2
4
1
2
0
1
3
5
0
3
2
5
1
2
1
2
0
3
2
1
3
1
1
0
2
1
2
1
2
2
5
2
3
2
2
1
0
3
3
0
3
2
2
0
0
0
1
2
1
0
0
3
0
1
3
2
2
2
4
4
0
1
1
1
3
1
2
5
3
1
0
4
1
2
1
2
0
1
0
0
2
1
3
1
0
1
0
0
1
1
2
0
3
6
0
0
1
0
3
0
1
1
1
2
3
2
1
1
2
1
2
3
1
3
2
1
1
1
1
1
1
1
2
0
0
2
3
2
3
0
0
1
3
1
0
1
1
5
3
0
1
1
1
0
1
5
1
2
2
2
0
2
1
2
2
0
1
0
0
0
0
2
0
0
2
2
0
0
6
0
3
1
0
2
1
2
1
1
1
0
0
0
1
1
0
4
2
0
1
2
2
0
4
1
1
0
4
3
2
1
1
2
0
3
2
0
1
1
3
2
1
2
0
0
1
0
0
1
1
3
1
1
2
3
1
2
0
1
0
1
0
1
2
1
1
0
1
1
6
1
3
1
3
1
2
3
1
1
2
0
1
0
2
0
2
1
0
2
1
2
0
4
1
3
2
1
2
0
3
2
0
0
0
2
1
0
2
3
2
0
0
1
2
0
0
0
1
0
0
2
2
1
0
0
2
0
1
1
0
4
1
4
1
1
1
1
4
1
5
1
0
0
1
3
1
1
1
0
0
3
0
2
0
1
0
2
1
0
0
0
3
0
1
1
0
1
1
1
3
0
1
0
0
1
2
0
1
3
2
2
1
4
0
1
1
2
3
1
0
2
1
1
4
0
1
0
1
1
0
0
3
1
0
2
1
2
0
3
1
3
0
1
0
3
2
0
0
2
1
1
0
1
0
3
2
2
0
1
3
1
1
3
2
0
1
0
5
0
4
2
2
5
1
1
0
2
2
3
2
1
3
2
1
1
2
0
3
1
2
2
1
0
2
2
1
0
2
1
4
0
2
0
0
2
0
2
0
2
1
2
0
2
1
0
1
1
3
0
1
3
0
4
1
1
2
2
4
0
3
2
3
2
2
0
2
0
0
1
1
1
2
3
0
1
2
3
0
1
2
3
3
1
0
1
1
0
1
1
1
1
1
1
1
1
2
0
1
1
1
1
1
3
1
2
2
2
2
0
2
3
1
2
0
2
2
0
1
0
0
4
1
1
0
1
0
0
2
3
1
3
2
4
1
1
2
3
0
3
3
2
1
1
0
1
0
0
0
3
2
3
3
0
0
0
0
0
2
1
1
3
1
1
1
0
1
2
0
2
6
1
0
1
2
1
0
1
1
1
0
1
2
1
1
0
1
0
1
1
0
3
1
0
0
1
2
0
0
0
0
1
0
1
0
1
1
1
0
2
0
1
1
2
1
1
2
1
0
1
0
2
2
2
1
1
1
3
0
1
1
2
2
2
0
0
1
2
4
1
1
0
0
0
1
0
3
0
1
3
2
0
0
0
0
1
3
1
2
2
5
1
1
0
0
2
1
0
1
1
0
1
0
0
1
0
1
2
0
3
2
0
0
0
2
1
2
1
2
4
0
1
1
2
0
0
1
1
0
0
2
2
1
0
1
2
2
2
1
2
2
2
0
1
1
0
0
0
1
0
1
0
1
1
0
1
0
1
1
3
1
1
0
2
2
0
2
0
1
0
0
0
1
1
0
1
1
0
0
1
1
1
2
1
3
0
0
3
1
3
1
3
1
1
0
2
0
3
0
2
1
2
0
1
2
2
2
0
1
1
0
1
2
4
1
2
1
1
2
1
0
1
1
0
0
1
1
2
1
2
1
0
2
1
0
1
0
3
2
2
1
1
0
0
0
0
0
1
0
0
1
1
1
0
2
1
2
1
0
1
1
0
0
1
2
0
2
0
1
2
1
0
3
1
0
2
3
1
0
3
1
1
1
1
2
1
0
1
0
2
0
0
1
1
0
1
1
0
0
0
1
0
0
0
1
0
0
0
0
2
0
0
1
0
2
1
0
0
0
0
0
0
2
0
2
0
3
2
0
0
3
0
1
2
0
0
0
2
2
2
0
0
0
0
0
1
2
3
2
0
0
0
2
1
1
0
1
0
1
1
1
0
1
0
1
1
2
1
0
1
2
0
0
1
1
1
0
0
1
0
3
1
1
0
1
2
0
1
0
1
1
2
1
0
2
0
1
0
0
4
0
2
0
0
1
1
1
1
1
1
0
1
2
1
2
1
1
1
1
0
0
0
1
2
1
1
1
2
1
1
2
0
3
0
5
1
1
2
3
0
3
2
2
1
1
0
0
0
2
2
2
4
1
0
0
1
1
3
3
1
1
2
1
1
0
0
3
0
3
2
0
2
1
1
0
0
0
1
0
1
0
1
0
1
3
1
1
0
3
0
1
1
1
1
0
0
1
1
0
1
2
3
1
0
0
1
3
0
3
2
3
0
0
0
1
0
2
2
2
2
0
0
1
1
0
0
0
0
0
3
2
4
0
2
1
1
2
0
0
2
1
0
0
1
0
1
1
1
0
2
2
0
1
0
0
0
3
0
1
0
0
1
1
2
1
1
1
0
1
1
0
0
0
0
0
2
1
2
4
2
1
1
0
0
0
0
1
0
1
0
0
0
0
1
0
0
2
1
3
2
0
0
1
0
1
1
0
1
1
2
2
0
0
0
2
1
1
3
1
0
0
2
0
0
0
1
0
2
0
1
0
0
1
2
1
0
0
0
2
0
1
2
1
0
0
0
1
0
0
2
1
1
1
3
0
0
3
1
2
2
1
1
0
2
1
0
0
0
1
0
4
1
0
0
1
0
0
1
2
3
1
1
0
1
1
2
1
0
2
0
3
0
1
0
1
3
0
1
0
1
0
3
1
1
1
1
2
1
2
2
0
2
1
2
0
0
0
0
1
0
1
1
2
0
2
1
1
0
0
0
0
1
2
1
2
0
1
2
1
4
0
1
1
0
2
1
1
1
0
1
2
1
1
0
3
0
2
3
2
0
2
0
0
0
0
0
0
0
0
0
1
1
0
0
1
1
1
1
0
2
2
1
0
1
1
1
0
0
1
1
1
1
1
0
0
3
1
2
1
2
1
0
0
1
2
0
0
2
2
2
2
2
1
0
1
4
0
1
1
1
4
0
1
1
1
0
0
0
2
1
0
0
0
2
0
0
0
1
2
2
2
0
0
1
0
0
0
1
1
1
1
2
0
2
0
1
1
0
0
0
0
0
2
1
1
2
1
0
4
0
1
2
0
0
1
1
0
1
1
1
1
0
0
0
0
0
1
1
0
3
2
1
0
1
0
1
1
1
1
1
2
2
0
1
0
0
1
0
0
3
2
1
0
1
2
3
1
2
1
2
0
0
2
0
1
1
0
1
2
2
0
0
0
0
1
3
1
0
1
0
0
1
0
2
0
1
1
0
1
1
0
0
0
1
1
2
0
0
1
1
1
0
0
1
0
0
0
0
2
2
3
0
1
0
0
1
0
0
1
1
0
1
0
0
1
3
0
0
0
0
0
1
1
0
2
0
0
3
1
2
0
1
0
0
0
0
1
0
0
0
1
1
0
2
0
0
0
1
0
0
0
1
0
1
1
3
0
2
0
1
1
1
1
0
1
0
0
0
1
0
0
1
0
0
0
0
1
1
1
0
0
0
1
1
1
2
1
0
2
0
0
0
1
1
0
2
0
1
1
0
0
2
0
0
0
0
1
0
0
0
2
0
2
0
2
0
0
0
0
1
0
1
0
0
0
3
0
1
2
0
0
1
0
1
0
2
1
0
0
1
3
0
3
0
0
0
1
2
1
1
0
0
0
0
1
0
0
0
0
2
0
1
1
1
1
0
3
0
1
1
0
2
0
3
0
0
1
0
2
0
2
1
2
1
1
1
2
3
1
1
1
0
1
1
1
0
0
1
0
1
0
0
1
0
2
0
1
0
1
3
0
0
3
0
1
0
0
2
1
3
0
0
1
0
2
1
3
3
2
2
0
1
0
1
2
2
0
0
0
1
0
1
0
1
3
1
1
0
2
3
0
1
3
0
0
1
1
2
1
3
2
0
0
1
1
3
3
1
0
0
0
2
1
0
1
2
3
2
3
2
5
4
1
3
3
6
6
4
5
3
9
2
8
3
2
3
4
9
9
8
7
7
7
5
9
8
5
8
13
6
9
10
13
12
12
10
19
14
10
14
14
9
5
9
19
16
11
9
6
10
14
9
14
18
12
7
9
17
11
13
10
22
13
7
13
9
16
14
15
9
9
10
7
12
10
4
15
4
10
6
12
12
11
15
9
6
13
9
5
7
8
6
9
7
7
10
7
4
6
7
10
5
4
4
4
8
4
7
4
7
5
10
2
4
2
4
7
2
2
3
2
0
4
7
3
2
2
2
2
1
0
4
4
3
1
3
3
2
1
3
2
5
1
1
2
2
2
3
1
3
2
3
2
1
1
1
1
0
1
2
2
2
1
0
0
1
0
2
5
0
0
0
1
1
0
3
1
0
0
1
1
0
2
0
2
0
0
0
0
0
1
1
1
1
0
1
0
0
0
2
0
0
0
0
2
0
1
1
2
0
0
0
0
0
0
1
0
1
0
1
0
0
0
0
0
0
1
0
2
1
1
1
0
1
0
0
0
0
1
1
1
0
0
0
1
1
1
2
0
0
1
1
1
0
0
3
0
0
1
0
0
1
2
0
0
0
1
0
1
1
0
0
0
1
0
1
2
0
1
0
0
0
0
0
2
0
0
0
0
0
1
0
0
0
1
1
0
0
2
1
0
0
1
0
0
1
0
0
2
1
0
0
0
0
1
1
0
1
0
0
1
0
1
1
1
1
0
0
1
1
0
3
0
1
1
1
1
0
0
0
0
1
0
1
0
0
0
0
1
0
0
0
0
1
0
2
0
1
0
1
0
2
0
1
0
1
1
0
0
2
1
0
2
1
0
1
0
1
0
0
1
0
0
1
1
0
2
0
0
0
0
2
1
0
0
0
1
1
1
1
0
0
0
0
2
5
0
2
2
0
0
0
0
1
1
0
3
0
0
0
0
1
3
1
2
0
0
0
1
0
0
0
0
1
1
1
1
0
1
0
0
1
0
0
0
0
0
0
0
2
1
1
0
0
1
0
0
1
0
0
1
0
1
0
0
0
2
0
0
1
1
0
1
0
0
2
0
2
0
1
0
0
1
1
0
3
1
1
1
0
0
1
0
1
0
1
1
0
0
1
0
0
0
2
0
0
0
1
0
1
0
0
1
1
0
0
0
0
0
0
0
1
0
0
1
2
2
1
0
1
0
1
1
0
1
2
1
0
1
0
3
0
0
0
0
1
1
0
1
0
1
0
0
0
0
0
0
0
1
3
0
1
0
1
0
0
1
0
2
0
1
1
1
0
1
1
0
0
1
2
1
1
1
1
0
1
0
1
1
0
0
0
0
0
1
0
0
0
2
0
0
0
0
0
0
0
0
0
0
0
1
0
0
1
0
0
0
3
0
0
0
1
1
0
0
0
1
4
0
1
0
0
0
0
1
1
2
2
1
1
1
1
0
0
0
1
0
0
0
0
0
0
0
0
0
1
0
0
1
1
2
0
0
1
0
0
1
1
1
2
2
1
1
0
0
0
1
1
0
0
1
0
0
0
1
0
0
0
1
2
1
1
0
1
1
1
1
1
0
1
0
0
1
0
0
0
2
0
0
1
2
0
0
0
0
0
2
0
1
1
0
0
0
1
2
2
0
0
1
0
0
0
0
0
0
0
0
1
0
0
1
0
2
0
0
1
0
0
1
0
0
0
1
1
2
1
1
0
1
0
0
1
0
0
0
0
1
0
0
0
0
0
0
2
0
0
0
2
0
0
0
0
0
1
1
0
0
0
1
2
0
0
1
1
0
0
0
1
0
0
0
0
0
0
0
1
0
1
1
0
1
1
1
0
0
0
0
0
0
0
1
0
0
0
1
0
0
0
0
0
0
0
0
1
0
0
0
0
0
1
0
2
0
1
0
1
1
1
0
1
0
2
0
1
0
0
0
1
1
1
0
0
0
0
0
0
0
1
0
2
1
0
1
1
0
0
2
0
0
0
0
2
0
0
1
0
0
0
0
0
0
1
0
0
0
1
0
0
0
0
0
0
0
2
0
1
0
0
0
1
1
0
0
0
0
0
0
0
0
0
1
0
0
0
0
0
0
1
0
1
0
0
0
0
0
0
0
0
0
0
0
1
0
0
0
0
0
0
0
0
0
0
0
1
2
0
0
1
0
0
0
1
1
0
0
1
0
0
2
0
0
1
0
0
0
1
0
0
0
0
0
0
0
0
0
0
0
0
0
1
0
0
0
0
0
0
1
1
0
1
1
0
0
1
1
0
0
2
1
0
1
0
2
0
0
0
0
1
0
1
0
0
1
1
0
1
2
0
1
1
1
0
0
0
0
0
0
0
0
0
0
0
0
0
0
0
0
0
0
0
0
0
0
0
0
0
0
0
0
0
0
0
0
0
0
0
0
0
0
0
0
0
0
0
0
0
0
0
0
0
0
0
0
0
0
0
0
0
0
0
0
0
0
0
0
0
0
0
0
0
0
0
0
0
0
0
0
0
0
0
0
0
0
0
0
0
0
0
0
0
0
0
0
0
0
0
0
0
0
0
0
0
0
0
0
0
0
0
0
0
0
0
0
0
0
0
0
0
0
0
0
0
0
0
0
0
0
0
0
0
0
0
0
0
0
0
0
0
0
0
0
0
0
0
0
0
0
0
0
0
0
0
0
0
0
0
0
0
0
0
0
0
0
0
0
0
0
0
0
0
0
0
0
0
0
0
0
0
0
0
0
0
0
0
0
0
0
0
0
0
0
0
0
0
0
0
0
0
0
0
0
0
0
0
0
0
0
0
0
0
0
0
0
0
0
0
0
0
0
0
0
0
0
0
0
0
0
0
0
0
0
0
0
0
0
0
0
0
0
0
0
0
0
0
0
0
0
0
0
0
0
0
0
0
0
0
