0
0
0
0
0
0
0
0
0
0
0
0
0
0
0
0
0
0
0
0
0
0
0
0
0
0
0
0
0
0
0
0
0
0
0
0
0
0
0
0
0
0
0
0
0
0
0
0
0
0
0
0
0
0
0
0
0
0
0
0
0
0
0
0
0
0
0
0
0
0
0
0
0
0
0
0
0
0
0
0
0
0
0
0
0
0
0
0
0
0
0
0
0
0
0
0
0
0
0
0
0
0
0
0
0
0
0
0
0
0
4
7
47
1622
10954
20089
19814
17727
16838
16229
16329
16039
16466
16607
16777
17017
17126
17459
17820
17737
18257
18168
18316
18448
18619
18592
18478
18564
18313
18427
18555
18313
18368
18318
17954
18177
18033
18067
18057
17953
17675
17884
17678
17483
17531
17549
17385
17438
17515
17547
17116
17356
17345
17273
17184
17246
17061
16856
16909
17037
17119
16898
16902
17020
16938
16811
16721
16628
16743
16637
16594
16668
16323
16663
16219
16476
16567
16473
16304
16351
16339
16092
16275
16246
16232
16124
16073
16173
16133
16148
16042
15979
16044
16201
15977
16049
16042
15778
15709
15652
15761
15815
15624
15708
15692
15716
15518
15688
15727
15450
15742
15516
15476
15379
15175
15222
15590
15352
15179
15360
15288
15196
15255
15267
15235
15159
15183
15228
15117
15146
15129
15013
14856
15019
14948
15011
14924
14861
15001
14894
14893
14595
14798
14905
14780
14901
14773
14813
14809
14737
14856
14517
14587
14503
14646
14816
14575
14505
14601
14557
14500
14559
14335
14440
14602
14486
14599
14562
14190
14452
14440
14325
14168
14312
14493
14269
14396
14217
14278
14275
14225
14354
14286
14382
14131
14118
14215
14100
14134
14195
13975
14190
14125
13998
14110
14030
13801
13888
14142
13834
14055
13907
13779
13979
13730
13940
13786
13775
13783
13892
13917
13860
13746
13787
13801
13772
13666
13727
13778
13659
13669
13883
13843
13658
13318
13567
13635
13482
13683
13707
13580
13757
13516
13603
13510
13585
13549
13561
13655
13354
13408
13535
13325
13397
13413
13570
13711
13489
13535
13404
13370
13320
13532
13534
13394
13272
13427
13250
13320
13092
13333
13125
13246
13190
13361
13164
13345
13151
13267
13306
13143
13030
13046
12998
13041
13224
12999
12907
13124
13054
12914
12913
13180
12941
12912
12984
12948
12866
12869
13054
12924
12999
13020
13018
12932
12755
12865
12748
12763
12905
13066
12830
12692
12650
13034
12852
12897
12688
12805
12854
12732
12780
12787
12893
12631
12783
12763
12665
12678
12518
12800
12701
12486
12724
12690
12516
12524
12650
12690
12758
12517
12531
12667
12662
12543
12460
12651
12366
12563
12353
12449
12532
12578
12379
12558
12514
12290
12479
12697
12432
12273
12508
12576
12575
12548
12483
12356
12408
12400
12425
12514
12464
12274
12270
12409
12582
12270
12323
12275
12374
12323
12130
12441
12322
12247
12249
12432
12269
12127
12046
12093
12276
12050
12308
12281
12175
12147
12261
12048
12088
12318
12223
12094
11993
12060
12215
12101
12146
12090
11851
11984
11955
11886
11976
12077
12045
11995
12276
11934
11987
12200
11934
12191
11985
11927
11864
11940
12030
11990
11907
11914
11915
11826
11889
11822
11939
11802
12045
11973
11842
11968
11793
11856
11664
11907
11688
11895
11830
11883
11796
11751
11786
11833
11644
11606
11650
11869
11855
11694
11564
11818
11708
11875
11750
11773
11799
11629
11592
11836
11528
11657
11689
11583
11667
11561
11734
11543
11844
11508
11322
11514
11532
11480
11463
11514
11542
11571
11646
11502
11540
11596
11568
11634
11340
11580
11317
11524
11349
11426
11197
11238
11436
11339
11444
11305
11550
11480
11392
11184
11184
11185
11270
11346
11393
11384
11372
11245
11179
11452
11510
11142
11216
11306
11281
11241
11228
11519
11242
11280
11282
11235
11275
11244
11243
11187
11084
11102
11195
11071
11093
11219
11143
11220
11303
10874
11194
11177
11277
11247
10931
11066
11196
10993
11112
11098
11081
11210
11083
11120
11083
11038
11056
11125
11056
11041
10963
11048
11046
11017
11211
11172
10961
11048
11138
10984
11069
10997
11067
11028
11031
10848
10656
10733
10856
10994
10853
10846
10772
10911
10858
10778
10837
10819
10979
10868
10750
10868
10871
10713
10727
10873
10776
10702
10932
10747
10858
10765
10887
10696
10855
10754
10684
10880
11006
10892
10846
10882
10716
10713
10588
10751
10928
10813
10985
10883
10875
10764
10705
10928
10834
10489
10820
10795
10726
10626
10882
10651
10685
10950
10692
10839
10810
10810
10648
10786
10692
10848
10725
10731
10863
10779
10727
10587
10854
10968
10508
10685
10756
10796
11066
10737
10728
10674
10577
10707
10582
10743
10692
10735
10878
10940
10942
10874
10859
10890
10909
10786
10940
11054
10730
11133
10801
11037
10833
11023
11139
11120
11043
11039
11092
11227
11252
11459
11584
11477
11514
11620
11638
11798
11951
12143
12026
11924
12417
12432
12483
12681
12671
13015
13181
13261
13262
13435
13525
13619
13918
13876
13970
14476
14448
14576
14736
14600
14590
14935
15038
14961
15161
15529
15414
15373
15750
15713
15844
15886
16112
16294
16323
16513
16189
16544
16730
16806
16868
17012
16997
17150
17303
17604
17751
17782
17822
17888
18007
17931
18199
18133
17857
17788
17663
17439
17266
17216
16990
16902
16695
16533
16438
16287
16028
15765
15834
15272
15082
14859
14869
14662
14053
14171
13976
13485
13088
13122
13183
12822
12530
12518
12225
11957
11718
11765
11495
11308
11204
11274
11039
11184
10986
10691
10503
10550
10739
10580
10549
10399
10466
10434
10263
10479
10309
10274
10421
10423
10191
10215
10435
10426
10379
10374
10217
10138
10315
10374
10432
10455
10177
10416
10452
10213
10204
10166
10335
10294
10209
10251
10356
10472
10267
10539
10085
10380
10455
10296
10410
10201
10495
10255
10367
10457
10619
10276
10572
10315
10481
10618
10406
10415
10602
10502
10586
10174
10426
10502
10506
10576
10566
10544
10571
10567
10570
10554
10560
10646
10643
10689
10461
10531
10653
10458
10605
10718
10903
10545
10709
10682
10680
10821
10648
10670
10613
10726
10764
10911
10906
10736
10736
10797
10887
10842
10754
10818
10621
10787
10807
10847
10892
10945
10966
10977
10997
10908
10975
11013
10918
10745
11231
10887
10914
10995
10983
11224
11102
10948
11002
11155
11097
11090
11246
11206
11139
10957
11040
11225
11013
11246
11090
11395
11161
11530
11084
11372
11218
11370
11324
11232
11192
11189
11302
11394
11328
11176
11480
11317
11330
11273
11366
11416
11285
11469
11522
11391
11570
11253
11510
11522
11369
11557
11593
11350
11645
11532
11496
11513
11729
11637
11557
11797
11555
11809
11864
11686
11466
11719
12068
11944
11730
11719
11730
11622
11631
11759
11806
11698
11853
11761
11924
11970
11788
11864
11940
11767
11882
11867
11887
11604
11749
11658
11984
11795
11851
12008
12079
11979
11937
11878
12036
11959
12192
12241
12047
12076
12152
11817
11919
11952
12322
11899
12151
11979
12062
12484
12073
12278
12326
12174
12334
12233
12067
12196
12196
12118
12352
12155
12258
12305
12340
12292
12275
12257
12342
12339
12222
12363
12427
12505
12373
12438
12376
12600
12432
12481
12328
12613
12379
12297
12446
12676
12392
12588
12498
12450
12626
12594
12471
12609
12572
12528
12612
12881
12563
12543
12580
12624
12426
12593
12593
12690
12444
12594
12849
12509
12705
12503
12690
12776
12749
12642
12992
12766
12602
12843
12796
12828
12785
13128
12905
13033
13030
12842
12709
12806
12693
12969
12860
12833
12835
12856
12833
13236
13078
13014
13034
12862
13026
13028
12968
12919
13117
12903
12900
12997
13191
13121
13258
12785
13158
13014
13019
13155
13138
13176
13294
13141
12941
13016
13171
13054
13228
13172
13155
13380
13092
13254
13358
13362
13117
13374
13358
13403
13175
13324
13285
13172
13431
13460
13249
13378
13351
13296
13387
13235
13492
13332
13409
13326
13332
13594
13449
13440
13408
13491
13441
13526
13304
13310
13407
13533
13523
13586
13587
13607
13691
13729
13697
13618
13775
13619
13662
13590
13541
13669
13651
13537
13887
13628
13604
13628
13628
13624
13828
13912
13973
13941
13574
13653
13662
13749
13793
13567
13933
13866
13785
13895
14024
13936
13910
13999
13802
13839
14084
14088
14003
13998
13960
14088
14104
14199
14087
14056
14101
14053
14212
14238
14230
14247
14151
14141
14203
14202
14278
14123
13985
14106
14226
14294
13903
14457
14264
14272
14222
14359
14435
14162
14169
14317
14277
14358
14330
14459
14568
14356
14484
14622
14551
14688
14459
14588
14708
14594
14574
14591
14607
14367
14521
14487
14750
14577
14754
14805
14781
14893
14974
14815
14807
14903
14841
14981
14674
14895
14832
14859
15021
14986
14879
14926
15153
14984
15304
14986
14905
14891
15213
14810
14925
15258
15296
15288
15186
15299
15085
15443
15317
15372
15161
15215
15522
15254
15404
15107
15262
15486
15492
15346
15409
15568
15276
15539
15563
15747
15684
15659
15756
15621
15604
15504
15901
15595
15651
15638
15636
15777
15647
15841
15887
15865
15593
15794
15845
15736
15859
15772
16003
15881
16160
15905
15937
16126
15719
15938
15944
15778
16321
16167
16098
16108
15960
16334
16141
16051
15975
16372
16325
15939
16212
16289
16430
16209
16176
16173
16191
16569
16157
16019
16362
16111
16408
16249
16437
16248
16377
16447
16285
16796
16475
16554
16343
16670
16572
16509
16304
16424
16552
16461
16870
16685
16675
16454
16555
16412
16659
16637
16344
16913
16694
16749
16795
16997
16959
16476
16634
16666
16800
16924
16836
16933
17013
16829
17113
17177
16961
17089
17162
17006
17273
17159
17142
17251
17251
17407
17299
17518
17400
17442
17345
17533
17401
17526
17727
17570
17409
17538
17539
17659
17552
17648
17517
17857
17704
17772
17823
18027
17862
17964
18010
18004
18145
17993
17924
18090
18076
18336
18160
17979
18063
17904
18061
18098
18229
18274
18081
18358
18450
18010
18199
18224
18122
18205
18342
18280
18416
18242
18231
18272
18605
18480
18314
18341
18089
18340
18429
18530
18469
18592
18282
18266
17997
18433
18367
18563
18537
18397
18567
18301
18387
18453
18403
18410
18804
18282
18422
18579
18662
18779
18716
18689
18631
18857
18834
18799
18830
18823
18575
18834
18677
19133
18831
18984
18896
18941
19002
18949
19046
18853
18760
18892
18727
19117
19146
19210
18758
19169
19193
19222
19235
18956
19241
18994
19274
19438
19511
19362
19449
19536
19137
19301
19252
19452
19416
19388
19267
19427
19373
19339
19629
19346
19242
19072
19403
19303
19094
19152
19109
19130
19150
18861
18898
18910
18988
18460
18717
18708
18502
18437
18560
18247
18150
18358
18069
18165
17953
17911
17915
17699
17434
17698
17711
17535
17752
17136
17624
17286
17484
17227
17250
17195
17058
16990
17106
17166
17166
16854
16942
17035
16854
16970
16930
16842
16939
17164
16759
16775
16848
16608
16828
16961
16963
16636
16776
16531
16542
16641
16651
16635
16654
16864
16712
16450
16581
16587
16625
16377
16532
16495
16560
16510
16515
16424
16333
16827
16489
16179
16371
16428
16242
16407
16353
16275
16321
16263
16435
16217
16408
16519
16335
16317
16094
16293
16162
16182
16210
16148
15869
16444
16163
16158
16073
16061
15817
16279
15922
15859
16175
15962
16097
15953
15936
16292
16011
15874
15996
15962
15797
15952
16127
16111
15987
16046
15845
16041
16067
15993
15900
15922
15817
15920
16019
15959
15952
15664
15877
15867
16077
15894
15841
15786
15671
15818
15738
15808
16127
15732
15714
15953
15926
15788
15746
15916
16110
15991
15843
15805
15860
15925
15730
15637
15656
15586
15726
15806
15825
15588
15922
15712
15733
15758
15710
15649
15950
15456
15527
15655
15789
15845
15623
15591
15707
15954
15472
15514
15589
15452
15601
15603
15493
15637
15542
15523
15671
15879
15437
15847
15757
15585
15506
15444
15616
15534
15642
15683
15484
15522
15573
15499
15451
15522
15754
15532
15706
15525
15401
15242
15351
15595
15430
15539
15440
15499
15303
15630
15412
15474
15497
15758
15610
15372
15413
15743
15631
15335
15454
15680
15449
15428
15366
15495
15434
15505
15470
15227
15562
15343
15256
15334
15285
15373
15343
15280
15642
15269
15311
14963
15453
15446
15482
15370
15315
15239
15438
15445
15315
15285
15414
15519
15453
15421
15049
15133
15296
15363
15513
15514
15231
15472
15383
15277
15327
15376
15438
15349
15413
15350
15090
15473
15460
15132
15441
15047
15492
15252
15351
15410
15361
15540
15406
15394
15434
15240
15097
14941
15040
15211
15290
15215
15207
15346
15144
15245
15302
15501
15272
15251
15161
15200
15306
15253
15082
15308
15139
15098
15164
15471
15219
15175
15115
15221
15551
15230
15283
15226
15232
15268
15292
15380
15302
15185
15282
15113
15228
15216
15157
15079
15303
15120
15359
15041
15186
15103
14976
15395
15157
15149
15473
15109
15222
15228
15267
15421
15031
15074
15267
15037
15373
15093
15219
15087
15030
15326
15124
15124
15052
15074
15532
15131
15116
15077
15081
15118
15134
15038
15344
14950
15212
15000
15077
14990
15075
14982
15414
15076
15119
14922
14992
15086
15107
15259
15180
15245
15090
15183
14971
14935
14800
14838
14849
14878
14988
14964
14896
14929
14893
14853
14703
14688
14937
14960
14929
14656
14893
14920
14774
14729
14617
14710
14634
14761
14863
14511
14631
14460
14527
14555
14578
14470
14466
14266
14442
14583
14462
14361
14292
14114
14255
14284
14489
14290
14086
14067
14014
14215
13909
13928
14206
13895
13790
13887
13832
13730
13790
13810
13774
13464
13600
13827
13703
13836
13518
13613
13315
13323
13434
13269
13267
13170
13434
13000
13053
13310
13042
12981
13025
13062
12888
12788
12785
12841
12956
12759
12612
12762
12278
12690
12557
12607
12366
12487
12494
12529
12276
12656
12393
12523
12343
12171
12442
12278
12236
12018
12109
12163
12296
11830
12234
12034
11971
12088
11651
11968
11970
11844
11975
11963
11864
11704
12029
11645
11661
11879
11828
11470
11599
11818
11797
11766
11656
11725
11570
11682
11525
11482
11419
11498
11509
11556
11395
11476
11364
11425
11331
11573
11527
11537
11465
11203
11452
11289
11437
11358
11367
11273
11222
11299
11317
11130
11185
11234
11355
11438
11180
11177
11155
11325
11247
11244
11309
11349
11351
11186
11414
11316
11216
11231
11114
11491
11405
11486
11151
11285
11369
11398
11419
11436
11181
11401
11486
11403
11388
11356
11432
11502
11496
11532
11531
11607
11434
11731
11581
11606
11733
11540
11664
11666
11429
11561
11462
11673
11516
11648
11597
11809
11546
11600
11802
11608
11817
11795
11804
11681
11812
11727
12030
11920
11717
11984
11895
11807
12031
11728
11594
11714
11790
11658
11835
11742
11434
11703
11566
11484
11514
11480
11287
11251
11156
11145
11200
11028
10929
11144
10927
10811
10767
10883
10439
10562
10777
10660
10582
10518
10400
10657
10640
10247
10258
10136
10311
10081
10281
10184
10280
10254
10338
10139
10123
10219
10217
9881
10067
9964
10104
9988
10010
9956
10002
10108
9835
9946
9932
9862
9766
9987
10015
9835
9816
9797
9723
9825
9871
9710
9719
9928
10037
9769
9600
9816
9752
9698
9635
9647
9722
9699
9679
9684
9666
9682
9505
9680
9644
9672
9543
9498
9517
9365
9381
9332
9490
9404
9533
9495
9418
9410
9477
9611
9535
9461
9460
9420
9412
9250
9176
9185
9464
9367
9316
9310
9311
9162
9323
9210
9108
9332
9258
9187
9187
9144
9301
9236
9107
9214
9342
9206
9052
9287
9218
9083
9211
9056
9060
9229
8940
9079
9010
8985
9132
9004
9072
8991
9051
8999
8975
9057
8883
8870
8941
8844
8964
8925
8897
9038
8896
8777
8882
8848
8790
9039
8973
8868
8741
8871
8930
8877
8841
8949
8818
8782
8819
8772
8714
8800
8896
8702
8874
8773
8615
8855
8664
8583
8814
8705
8744
8829
8753
8710
8823
8725
8564
8686
8664
8728
8518
8758
8674
8743
8660
8709
8564
8570
8574
8643
8622
8497
8463
8530
8485
8633
8675
8460
8513
8389
8469
8603
8646
8606
8532
8660
8474
8521
8315
8415
8453
8380
8441
8352
8559
8628
8380
8333
8356
8449
8465
8664
8411
8520
8358
8223
8453
8388
8483
8424
8479
8431
8327
8365
8342
8423
8250
8271
8367
8437
8331
8271
8425
8410
8388
8122
8173
8128
8356
8129
8297
8432
8237
8299
8228
8223
8186
8268
8158
8165
8114
8201
8108
8221
8238
8432
8212
8161
8000
8118
8042
8009
7941
8046
8211
8169
8168
8144
8146
8110
8227
8120
7861
8106
8029
7960
8011
8076
7959
8008
8153
8160
8092
8110
8018
8206
7937
8039
7932
7867
7879
7795
7944
8018
7831
7972
8090
8105
7977
7844
7897
7898
7912
7841
7802
7936
7878
7906
7938
7802
8042
8045
7930
7758
7868
7999
7787
7971
7916
7938
7823
7977
7874
7983
7808
7724
7795
7786
7763
7805
7859
7733
7685
7890
7743
7820
7763
7719
7794
7693
7761
7661
7752
7617
7799
7779
7765
7844
7691
7689
7820
7817
7667
7655
7564
7724
7731
7598
7579
7614
7735
7760
7655
7640
7614
7535
7510
7618
7581
7784
7709
7593
7612
7654
7610
7499
7825
7667
7632
7421
7620
7625
7618
7389
7484
7558
7514
7447
7711
7521
7500
7453
7583
7599
7392
7511
7465
7548
7494
7441
7392
7551
7481
7529
7602
7518
7487
7614
7432
7585
7322
7593
7423
7502
7532
7484
7380
7625
7496
7453
7599
7392
7501
7387
7449
7442
7406
7342
7478
7385
7465
7474
7494
7589
7425
7251
7427
7518
7367
7453
7442
7357
7484
7592
7628
7503
7598
7686
7694
7766
7845
7842
7965
8064
8185
8255
8294
8557
8587
8658
8988
9082
9304
9327
9601
9771
10089
10387
10484
10901
11065
11545
11671
11873
12084
12344
12907
13203
13209
13879
14052
14241
14705
14857
15253
15494
15878
16163
16380
16812
16862
17298
17659
18032
18199
18704
18966
19155
19503
19757
20131
20200
20739
20818
21308
21272
21770
22371
22270
23035
23223
23392
23783
24119
24127
24425
24756
24881
24637
24727
24787
24463
24372
24779
23751
23539
23441
22935
22463
22374
21610
21214
20809
20085
19503
18941
18451
17948
17101
16423
15852
15384
15055
14404
14013
13134
12698
12364
11878
11500
11144
10598
10442
9878
9577
9263
8975
8948
8669
8327
8200
7912
7828
7633
7538
7585
7466
7333
7127
7275
7252
7044
6925
6760
6777
6896
6920
6833
6678
6646
6569
6662
6611
6502
6601
6602
6639
6556
6630
6486
6407
6560
6567
6571
6481
6513
6664
6539
6549
6461
6594
6633
6566
6516
6506
6559
6452
6448
6583
6327
6486
6548
6495
6446
6420
6570
6534
6336
6571
6521
6574
6601
6414
6450
6271
6473
6447
6456
6620
6330
6357
6234
6482
6431
6355
6462
6278
6396
6369
6443
6320
6406
6299
6332
6371
6503
6351
6322
6504
6397
6405
6414
6357
6480
6409
6286
6437
6384
6363
6318
6328
6483
6299
6347
6386
6422
6345
6379
6316
6438
6349
6299
6187
6435
6361
6321
6364
6283
6418
6479
6342
6322
6381
6447
6361
6285
6437
6370
6321
6252
6531
6540
6387
6279
6333
6226
6321
6303
6424
6429
6402
6362
6310
6462
6336
6487
6395
6332
6420
6490
6572
6352
6475
6684
6635
6623
6672
6694
6719
6764
6856
6948
7067
7295
7354
7527
7627
7919
8050
8256
8542
8937
9018
9467
9682
10279
10502
11208
11736
11870
12529
13147
13389
14410
15035
15243
16036
16704
17228
18167
18929
19459
20193
21299
21477
22673
23291
23948
24672
25573
26258
26871
27740
28643
29135
29873
30622
31233
31691
32553
33133
34045
34808
35428
36167
37503
37661
38529
38905
39990
40884
41670
42272
42983
44193
44212
44951
45833
46415
47328
47696
47673
47640
48240
47549
47698
47660
47085
46618
46124
45297
44542
43487
42594
41641
40278
38951
38019
36503
35496
33831
32329
31097
29804
28491
27092
25617
24175
23113
21688
20489
19317
18462
17467
16537
15588
14428
13760
13128
12353
11599
10777
10277
9824
9322
8923
8507
8034
8046
7589
7294
7116
6901
6731
6433
6349
6185
6084
6022
5965
5742
5617
5634
5698
5413
5466
5327
5521
5300
5273
5191
5247
5265
5312
5227
5195
5096
5260
5072
5091
5190
5190
5018
4999
5022
4879
5028
4969
5000
5034
5007
4811
4981
4879
4990
4979
4858
4910
4916
4781
5027
4843
4908
4955
4851
4945
4937
4899
5012
4887
4835
4903
4672
4958
4808
4955
4891
4812
4808
4796
4821
4841
4890
4853
4689
4904
4768
4798
4777
4811
4932
4699
4912
4755
4774
4714
4767
4826
4764
4780
4652
4810
4702
4672
4768
4873
4634
4731
4857
4739
4777
4786
4791
4676
4720
4679
4678
4743
4727
4675
4681
4684
4761
4730
4703
4839
4677
4700
4680
4707
4707
4663
4742
4726
4829
4708
4769
4722
4666
4592
4810
4672
4706
4846
4770
4623
4567
4658
4684
4659
4601
4731
4507
4788
4582
4567
4615
4442
4673
4708
4660
4558
4686
4678
4585
4632
4545
4674
4552
4613
4612
4549
4669
4684
4645
4614
4653
4729
4636
4633
4629
4625
4639
4529
4579
4530
4534
4551
4586
4505
4499
4492
4518
4508
4630
4629
4544
4548
4552
4502
4533
4478
4458
4555
4453
4498
4447
4569
4497
4470
4579
4496
4486
4473
4554
4459
4515
4519
4531
4441
4500
4589
4469
4483
4605
4433
4483
4568
4489
4542
4538
4504
4455
4532
4565
4529
4561
4512
4445
4491
4459
4550
4433
4425
4469
4356
4510
4410
4542
4436
4400
4444
4358
4448
4327
4432
4398
4515
4410
4369
4447
4365
4499
4509
4480
4361
4482
4506
4423
4461
4386
4393
4336
4402
4383
4514
4430
4354
4388
4404
4489
4377
4357
4304
4259
4376
4404
4396
4417
4558
4297
4423
4394
4340
4367
4530
4433
4375
4482
4291
4469
4317
4514
4417
4306
4456
4319
4438
4429
4456
4317
4503
4385
4396
4285
4353
4368
4419
4249
4317
4329
4431
4395
4408
4395
4395
4471
4337
4466
4442
4311
4358
4286
4357
4346
4432
4359
4438
4355
4303
4397
4430
4366
4460
4278
4319
4367
4305
4419
4347
4428
4335
4372
4313
4243
4358
4350
4393
4352
4325
4423
4354
4369
4428
4323
4286
4319
4523
4317
4398
4396
4347
4386
4434
4328
4346
4305
4435
4372
4417
4515
4405
4240
4318
4344
4406
4289
4343
4513
4403
4479
4414
4315
4401
4437
4381
4282
4412
4431
4422
4393
4429
4342
4456
4412
4332
4479
4486
4480
4524
4491
4489
4572
4488
4613
4556
4610
4664
4649
4581
4608
4712
4542
4662
4825
4756
4680
4757
4744
4853
4874
4969
5032
5102
4995
5272
5428
5497
5772
5730
5994
6230
6534
6760
7062
7437
7737
8208
8687
9129
9787
10390
11358
12032
12917
13801
14683
15862
17005
18246
19520
20778
22324
23627
25314
27105
28896
30730
32182
34545
35950
38264
40483
42525
44456
46509
48712
50650
52837
55426
57505
59516
61973
64045
66013
68279
70633
72223
74812
76789
79341
81468
84103
85224
87451
89791
91936
94006
95934
98323
100545
103076
104727
106590
108672
110532
113105
114936
117490
118522
120240
121485
122277
123535
123417
123890
123781
123477
122611
121777
120019
119118
116891
114525
112811
109431
106032
103294
99701
96565
93264
89467
85154
80888
77266
72670
69453
65294
61438
57807
54358
51126
47678
44467
40986
38401
35373
32603
30174
27585
25335
23535
21632
19648
18174
16703
15287
13764
12842
11755
10874
9824
9225
8398
7705
7308
6734
6369
5866
5593
5198
4856
4646
4292
4115
4023
3767
3647
3478
3411
3276
3199
3221
3011
2907
2815
2798
2654
2612
2498
2474
2560
2514
2495
2437
2438
2326
2307
2311
2261
2278
2214
2207
2110
2159
2121
2096
2144
2081
2122
2032
2158
2167
2046
2066
2090
2091
2023
2000
2011
2004
1961
1999
1936
2006
1977
1890
1923
1908
1934
1940
1931
1962
1995
1960
1987
1883
1887
1915
1875
1978
1807
1842
1854
1839
1803
1837
1899
1805
1741
1881
1843
1812
1811
1887
1899
1805
1838
1795
1767
1885
1805
1818
1779
1823
1828
1736
1755
1777
1830
1787
1830
1748
1740
1731
1769
1744
1750
1741
1833
1713
1719
1712
1748
1798
1657
1677
1718
1693
1671
1718
1705
1735
1754
1697
1692
1683
1646
1680
1725
1656
1649
1693
1614
1704
1737
1716
1695
1666
1596
1766
1675
1764
1730
1690
1709
1691
1685
1724
1721
1750
1738
1762
1650
1816
1684
1717
1743
1786
1892
1914
1866
1886
1944
2030
2028
2107
2180
2240
2325
2345
2411
2713
2751
2845
3032
3134
3318
3402
3547
3769
3888
4270
4397
4565
4793
4956
5167
5553
5735
6090
6280
6576
6886
7097
7341
7635
8093
8258
8442
8822
9196
9418
9712
10019
10262
10701
11070
11179
11512
11559
11904
12305
12727
12934
13274
13484
13630
14122
14380
14733
14807
15077
15567
15821
16138
16315
16540
16856
16889
17223
17373
17367
17348
17313
17183
17237
17167
17216
16786
16733
16370
16215
15629
15443
14954
14587
14071
13713
13113
12800
12242
11650
11203
10805
10215
9544
9236
8508
8163
7779
7257
6890
6447
6156
5616
5352
4961
4535
4331
4066
3810
3610
3375
3150
2851
2795
2636
2508
2384
2327
2130
2021
1914
1884
1768
1692
1683
1587
1559
1577
1446
1504
1382
1432
1413
1388
1284
1401
1291
1264
1306
1199
1263
1284
1218
1254
1163
1233
1142
1170
1161
1181
1187
1114
1168
1112
1199
1164
1143
1084
1109
1092
1143
1105
1091
1132
1070
1101
1074
1128
1080
1108
1087
1129
1039
1103
1101
1068
1092
1080
1078
1019
1067
1043
1046
1010
1044
1048
1013
1026
984
1018
1110
1091
997
996
1062
1054
1032
1113
1063
1041
1047
1039
1018
999
1074
1052
995
1027
1008
1056
1001
986
1013
1044
1022
1020
965
970
1011
980
981
1027
950
964
999
961
979
1007
1023
1003
1030
996
1049
985
1060
983
978
962
996
1008
1074
947
932
952
989
974
992
900
971
964
1001
989
947
1018
915
940
997
944
973
949
969
981
967
939
938
965
972
896
995
913
912
952
980
957
939
930
959
904
963
947
974
927
881
941
946
870
882
965
905
901
924
923
964
933
877
941
921
919
927
932
886
918
936
982
893
944
891
904
864
932
872
909
908
906
949
838
937
875
939
893
914
901
897
849
932
932
925
936
851
854
927
854
913
885
896
908
901
905
923
931
810
839
902
891
920
804
900
927
909
830
861
901
891
853
892
860
926
875
855
922
849
911
882
903
896
849
859
845
853
871
870
872
845
880
852
867
859
845
866
856
844
811
882
905
871
882
836
843
838
835
857
859
862
824
845
826
840
896
863
932
872
866
841
822
847
839
837
855
830
823
843
837
823
837
846
824
811
844
821
813
828
846
772
832
821
824
770
756
801
804
859
816
863
823
853
824
780
825
837
794
775
834
815
768
849
784
863
806
821
829
803
818
870
790
815
858
768
785
793
861
759
807
772
849
872
774
811
749
813
800
829
778
765
727
792
771
785
804
778
759
819
770
829
808
781
790
761
764
826
798
872
798
804
852
769
794
788
801
755
801
797
826
792
761
756
785
831
806
808
770
786
785
841
725
775
748
794
812
817
768
731
807
825
798
828
741
744
776
776
789
771
762
748
772
796
820
772
753
762
776
787
816
822
782
826
755
777
715
742
778
839
807
742
768
771
793
785
743
856
768
783
800
765
800
800
794
818
859
833
815
764
850
809
826
789
802
801
849
841
859
859
765
818
848
841
884
843
880
884
919
844
891
877
873
895
861
818
837
838
884
888
919
905
886
907
926
940
872
940
884
933
941
970
877
864
866
920
932
874
869
919
898
901
906
886
881
894
889
867
847
826
847
900
889
804
858
791
801
793
812
775
816
832
794
834
751
805
782
765
743
769
712
728
713
716
711
707
675
697
698
709
647
693
686
705
716
656
689
657
671
669
721
671
673
690
661
653
667
637
672
684
680
730
649
657
681
688
694
731
658
682
663
676
668
657
646
684
711
652
612
670
639
650
645
668
670
672
696
657
633
659
705
662
646
654
646
649
636
679
646
612
666
683
643
675
673
655
692
654
633
671
643
619
621
667
679
659
641
664
615
662
644
676
631
614
612
639
650
686
616
667
633
660
637
605
671
629
623
652
652
638
617
619
668
628
593
648
633
566
606
594
581
646
629
627
644
619
621
631
642
641
631
610
661
627
596
623
642
592
634
639
613
599
610
625
637
638
629
641
668
634
589
631
588
582
602
587
635
664
597
576
636
610
649
603
595
634
629
594
592
635
627
596
620
639
616
622
602
641
606
607
634
618
623
594
585
636
582
620
602
619
601
592
623
553
608
563
593
625
639
618
616
605
604
591
624
571
593
622
593
584
624
576
579
539
601
595
620
550
589
573
574
576
617
602
583
630
613
586
559
590
632
588
547
565
581
559
602
582
577
608
591
591
560
567
603
628
572
579
566
594
549
559
568
570
550
568
548
580
587
554
588
581
580
565
575
570
564
547
573
529
585
591
594
580
555
568
527
580
578
584
595
600
547
527
556
560
557
593
560
547
595
549
553
546
517
570
589
535
569
574
602
562
545
576
544
533
551
531
530
500
600
542
579
584
558
543
524
556
548
524
508
564
547
504
570
556
525
585
523
567
547
536
513
562
593
592
549
530
548
533
567
543
527
517
522
545
558
546
531
557
543
569
532
522
525
561
531
521
541
544
577
537
536
531
510
554
506
547
539
571
549
518
550
584
505
533
552
526
526
509
561
558
570
523
502
513
529
557
508
552
523
534
499
538
505
493
546
495
556
515
548
505
487
531
529
551
580
527
547
519
500
529
538
464
511
520
469
531
526
511
518
508
500
503
532
508
503
506
521
512
519
527
538
462
507
527
520
502
516
480
493
511
518
475
533
522
482
493
527
499
534
506
520
535
497
494
518
499
507
509
500
529
489
483
523
498
507
490
529
523
555
508
484
523
471
494
459
492
470
491
500
511
460
519
511
482
501
469
523
466
504
492
519
474
518
476
477
499
468
447
450
490
486
482
537
473
513
464
486
476
476
486
469
508
472
510
463
477
501
514
460
493
523
487
513
476
479
458
434
506
509
502
449
437
469
511
446
482
446
450
464
483
462
480
494
444
535
519
489
471
458
473
501
440
468
451
489
469
468
449
482
460
455
430
447
471
487
459
494
443
507
466
464
504
445
465
475
440
486
453
489
442
449
408
480
449
465
438
427
485
441
440
508
464
437
441
475
465
475
454
409
481
436
435
448
440
459
470
462
470
452
489
459
435
490
455
464
469
421
455
471
441
425
459
466
451
492
449
463
450
449
460
452
469
460
463
461
462
458
435
459
471
424
411
422
418
442
446
465
434
453
482
460
444
416
406
466
450
444
445
425
453
457
455
489
432
452
428
465
409
444
460
430
444
441
426
453
444
442
428
426
447
419
444
442
439
413
409
467
473
461
436
429
445
408
418
474
454
439
441
459
434
451
457
408
469
462
464
420
423
459
449
465
418
431
440
430
432
423
433
427
451
419
457
465
419
393
383
417
408
444
415
468
429
391
441
410
417
444
410
389
439
439
422
408
401
389
424
427
418
471
375
411
431
457
381
399
439
414
450
415
400
399
406
408
380
382
425
411
403
406
447
382
382
397
420
400
383
424
373
405
380
384
387
413
401
371
413
380
428
389
402
385
443
401
385
395
378
356
393
347
409
446
409
451
359
379
392
360
373
380
376
383
390
407
382
427
372
374
399
380
378
346
429
362
346
418
402
378
403
373
421
367
400
385
382
359
378
403
388
386
407
388
387
376
394
370
371
394
386
334
343
368
383
408
361
368
366
315
381
391
361
397
364
362
387
361
360
348
411
360
372
393
367
369
356
343
373
383
373
380
375
368
332
336
370
333
411
328
331
409
339
357
398
358
371
342
383
388
362
373
366
351
350
354
376
349
360
340
340
367
360
344
361
358
360
349
375
368
351
338
402
362
376
335
314
343
355
358
332
369
342
349
387
330
292
327
312
310
357
356
354
338
343
346
366
360
381
320
327
386
343
345
339
333
344
350
342
327
313
366
325
315
352
337
367
365
334
349
342
309
315
329
316
316
344
391
328
308
342
369
345
297
314
351
341
352
321
322
331
344
348
297
327
324
358
306
323
351
345
307
336
312
337
320
305
322
328
314
317
316
316
328
328
325
297
323
333
351
317
317
332
346
351
336
349
304
290
350
321
318
350
332
330
311
311
327
300
300
331
289
325
311
334
328
320
317
338
282
311
312
273
296
307
313
307
335
325
291
326
325
297
329
329
293
327
288
317
351
300
331
305
306
301
324
315
314
282
329
292
293
308
309
334
340
318
291
290
304
322
287
322
302
320
300
324
304
328
307
303
280
292
329
288
322
296
285
314
322
273
298
292
299
285
284
309
306
306
297
296
296
251
328
304
298
323
287
309
299
302
270
293
298
286
283
312
295
324
290
308
289
316
292
289
323
278
311
292
293
291
313
323
303
276
293
286
310
305
294
276
267
309
274
323
311
292
295
296
268
307
301
275
305
260
281
276
290
296
286
281
276
300
258
265
297
259
292
279
265
275
270
280
289
320
296
269
252
243
269
260
287
291
260
291
313
291
264
268
270
266
280
278
270
274
274
269
274
273
245
286
276
264
249
288
253
279
271
269
271
271
284
262
288
263
275
269
277
262
272
292
285
283
273
284
262
266
271
253
256
270
250
257
259
258
262
274
287
249
304
250
245
263
252
256
254
284
276
287
270
251
256
219
249
241
283
247
232
245
244
237
273
258
259
272
268
256
257
241
247
284
256
227
250
293
241
263
240
221
258
231
246
248
242
225
239
253
257
270
233
249
251
240
263
246
273
269
277
248
232
274
242
235
226
251
266
256
211
236
244
242
226
236
240
255
251
251
239
241
252
238
239
257
241
249
245
208
256
231
233
278
235
233
268
230
247
245
243
273
262
225
259
229
238
270
224
276
242
221
218
220
255
253
248
227
247
240
242
256
237
226
223
248
225
222
222
236
245
209
223
231
255
230
217
231
247
245
222
233
242
229
238
252
224
237
208
253
232
234
218
228
230
233
243
228
221
249
233
270
239
257
239
236
222
221
221
243
229
238
210
241
215
257
241
236
244
219
242
227
234
233
223
249
232
222
257
214
240
202
229
219
227
233
248
228
225
228
216
250
215
233
202
235
223
233
238
229
251
221
209
228
224
219
228
242
205
253
232
240
211
239
204
208
222
206
234
208
233
214
210
223
204
220
213
233
213
210
242
213
212
204
199
211
210
226
195
167
195
210
178
215
230
196
197
222
207
201
191
199
223
195
210
215
235
182
221
212
204
205
214
215
202
192
223
213
203
224
220
186
194
203
198
188
202
188
225
199
180
191
186
200
179
174
193
186
183
178
207
186
181
189
188
188
186
216
179
199
159
174
227
214
197
203
197
214
180
194
208
206
183
215
190
184
165
179
181
187
220
178
170
203
209
198
186
179
172
198
175
207
196
178
207
206
176
182
177
179
204
193
196
194
187
174
209
185
184
196
193
193
184
187
215
179
204
230
177
206
215
179
182
206
173
179
190
187
174
193
191
199
179
191
201
196
186
216
219
184
187
182
174
175
224
172
199
178
182
176
182
178
198
182
186
168
182
185
193
184
181
181
186
172
168
173
205
191
197
192
209
226
185
182
155
186
189
175
209
190
185
178
183
171
204
186
205
200
190
193
195
205
178
191
179
191
198
171
193
206
208
190
221
202
198
195
201
192
185
211
162
193
187
174
184
182
173
192
185
193
208
195
205
195
203
180
177
218
168
209
195
194
211
197
203
217
206
171
198
216
206
202
195
216
187
189
187
184
195
187
198
174
185
175
198
167
192
185
186
172
170
165
155
159
177
178
206
164
191
181
170
173
160
161
163
184
151
166
181
170
159
165
176
164
181
166
176
177
158
178
181
157
163
185
142
168
151
171
180
174
140
172
175
168
160
162
171
143
166
174
157
142
169
147
177
158
157
162
135
162
154
200
157
148
147
158
155
170
156
167
149
163
155
144
159
141
158
132
145
148
147
166
162
159
152
192
147
167
175
171
147
141
166
136
158
161
147
155
166
158
139
167
171
151
159
147
166
145
153
132
142
147
147
163
166
166
169
156
152
149
168
141
198
148
166
181
130
163
182
147
175
173
167
152
170
147
133
181
153
172
157
159
150
159
138
156
149
160
150
162
156
141
171
157
155
166
157
157
151
166
156
154
153
165
164
173
128
145
180
164
152
152
173
172
157
165
176
161
136
156
148
167
178
178
178
171
157
165
147
168
135
154
159
149
163
164
184
166
182
157
170
170
175
181
160
183
170
161
169
178
159
198
180
166
171
166
176
149
154
176
151
180
190
165
163
159
179
151
161
177
167
159
164
162
164
158
169
143
164
168
143
183
149
143
162
154
146
159
155
155
159
155
146
174
151
148
144
138
137
120
127
157
143
124
136
154
148
142
121
141
130
134
166
109
145
121
128
126
134
131
126
119
155
137
140
118
130
152
131
131
155
119
138
135
125
113
108
134
140
146
122
137
141
158
127
117
139
136
139
130
107
131
151
128
143
126
141
142
145
135
124
123
132
144
131
128
128
123
135
118
124
135
135
142
136
122
125
148
139
148
109
125
141
126
132
135
123
120
118
147
139
144
101
149
152
122
119
133
132
117
146
145
132
137
141
143
135
120
120
121
136
113
115
124
140
126
121
135
144
142
129
117
137
145
128
140
120
125
123
145
115
129
118
127
135
120
135
140
130
142
131
126
111
124
152
126
125
148
147
149
129
140
141
121
154
154
149
117
137
166
145
131
119
141
127
154
148
143
131
135
130
122
122
128
143
124
144
115
144
114
151
136
147
143
133
160
154
147
152
149
142
155
135
145
158
160
156
162
137
156
147
166
140
166
142
155
151
125
161
147
161
149
155
169
144
181
154
137
160
174
150
176
180
152
165
139
152
181
160
198
147
166
210
160
146
184
167
165
160
173
173
188
172
155
161
165
161
146
150
164
146
142
145
147
154
141
150
130
156
134
129
140
128
127
118
107
133
122
122
117
119
120
122
104
116
125
96
105
109
106
90
91
94
88
92
91
99
95
92
95
87
88
94
104
98
105
100
84
85
97
106
86
77
83
91
83
98
80
98
90
94
81
86
81
91
88
90
97
101
101
82
87
80
88
92
104
86
75
81
90
88
73
100
66
91
87
82
81
105
88
76
78
83
91
72
90
89
90
93
85
89
81
74
84
106
91
87
83
94
93
90
93
65
82
102
87
86
92
83
98
97
94
92
77
79
80
81
76
76
64
106
73
82
80
92
76
74
82
67
79
81
108
81
73
74
87
90
94
93
84
85
90
80
63
86
93
91
79
76
78
79
74
84
73
95
89
87
91
75
81
76
74
86
89
73
87
92
95
77
80
96
76
80
82
77
78
76
79
85
93
89
78
81
89
87
82
79
88
97
78
82
76
89
81
97
80
67
67
58
86
78
73
93
88
100
80
73
86
78
80
78
79
94
84
104
98
91
92
96
95
97
87
74
92
82
71
80
70
88
80
95
83
72
94
91
103
68
87
85
97
102
87
99
96
84
82
62
86
94
92
78
75
98
66
98
78
92
99
82
70
94
89
89
84
83
91
93
99
95
93
78
89
79
95
94
89
90
90
81
98
77
82
91
89
84
73
82
94
76
84
75
98
76
89
76
81
82
101
77
99
88
76
72
81
81
71
102
91
78
78
68
72
71
78
79
71
65
60
58
71
92
86
85
62
73
73
69
76
76
76
75
81
77
82
80
81
81
87
58
69
80
93
75
85
65
73
82
72
77
78
89
81
84
89
79
63
73
94
86
65
70
77
78
76
76
86
85
81
69
96
76
75
88
93
87
70
82
81
76
83
77
75
98
89
87
80
77
107
117
89
83
85
85
85
86
86
80
102
76
102
84
80
90
80
83
83
70
92
89
81
73
94
86
91
90
92
69
74
97
97
80
85
89
75
88
92
81
102
68
81
98
85
83
93
79
86
76
80
83
85
100
88
74
97
103
80
96
84
90
100
81
79
80
80
92
81
115
105
99
91
99
95
101
91
100
87
96
106
82
85
87
105
108
108
86
99
102
93
102
105
108
103
115
112
98
106
101
113
129
104
108
110
115
118
109
125
117
100
133
128
120
112
99
105
118
119
112
140
124
133
142
123
151
137
140
131
123
109
140
123
120
121
120
120
136
140
134
135
129
130
120
105
111
135
130
137
129
118
114
115
115
106
111
101
100
103
100
110
106
103
79
97
94
69
82
61
101
78
84
67
84
66
65
60
63
58
59
68
45
55
45
45
54
42
45
41
45
49
41
41
35
33
44
37
37
47
26
31
35
29
25
43
32
35
34
37
42
29
29
26
29
34
30
31
34
31
29
26
37
37
24
37
32
29
35
30
31
32
27
38
24
25
29
37
28
23
40
33
22
30
31
32
31
32
19
30
24
35
28
24
26
26
34
18
33
32
34
31
31
32
39
19
32
33
31
37
21
30
34
26
33
38
30
37
33
26
22
24
34
29
34
33
33
39
30
34
33
20
28
33
31
33
30
28
38
40
33
29
30
36
31
14
34
29
35
26
25
31
25
30
29
29
32
38
39
35
38
40
35
30
28
34
36
33
31
25
26
37
26
32
41
36
35
36
24
39
36
29
27
18
27
29
37
34
32
33
46
35
33
25
45
25
30
33
28
30
43
27
33
42
30
37
33
35
38
25
33
32
35
44
29
40
40
35
28
37
43
29
36
35
39
45
36
41
36
40
32
32
38
43
39
28
33
31
32
32
36
31
41
52
39
46
42
37
50
37
43
50
52
39
31
39
45
52
57
30
43
35
44
40
35
40
31
40
48
45
40
42
35
37
47
38
32
34
52
37
46
39
43
24
27
35
40
24
39
18
45
24
37
33
25
31
31
36
27
37
23
20
27
29
29
27
30
34
25
20
25
25
28
22
23
20
32
20
19
17
20
16
17
15
21
20
23
15
24
15
12
24
11
16
12
17
18
18
16
19
12
18
10
11
15
21
11
16
10
11
14
13
22
16
16
13
19
12
11
15
16
20
14
16
11
17
18
16
8
9
17
15
19
12
11
17
20
14
13
11
8
14
17
18
18
16
4
11
20
24
14
15
15
12
16
13
10
23
23
9
15
14
20
14
14
18
16
13
14
12
14
19
14
12
13
15
8
13
18
16
14
21
16
14
17
20
12
15
16
8
16
18
13
19
13
11
15
11
15
17
15
11
13
18
7
16
10
16
13
13
9
14
18
14
18
14
11
15
18
9
12
13
17
12
9
10
19
21
17
10
16
13
10
7
17
10
9
5
12
11
15
13
21
9
12
12
15
13
20
19
17
12
16
22
14
16
8
17
22
20
14
8
14
14
9
13
13
11
10
15
17
18
19
15
17
14
14
16
17
18
13
17
23
21
9
13
16
12
17
21
15
15
17
10
11
16
23
21
22
16
14
8
17
12
18
18
13
12
16
11
14
15
13
14
16
22
16
13
17
15
14
15
18
12
17
19
18
18
16
13
16
10
7
10
13
18
13
9
12
17
21
14
16
15
17
13
13
8
11
20
15
13
11
15
12
17
11
14
16
11
10
16
19
8
10
12
12
10
15
12
9
15
21
11
14
9
8
9
12
9
14
16
14
11
7
13
15
16
15
17
10
13
9
10
15
10
13
13
17
4
19
10
16
10
10
19
7
14
10
7
14
10
8
10
10
6
16
19
12
13
15
11
6
14
13
12
18
11
10
15
12
8
11
15
12
7
8
16
7
13
12
14
13
5
15
15
5
9
10
17
7
12
16
18
9
13
11
13
8
12
11
15
10
13
12
17
14
9
14
9
13
9
9
8
15
14
15
11
11
2
14
16
8
13
12
14
17
17
7
11
9
14
12
9
14
11
13
7
12
12
12
11
9
19
9
9
14
10
6
16
17
13
12
14
12
6
10
7
9
9
16
10
8
12
9
13
13
21
9
11
11
18
10
11
6
13
8
10
13
12
12
10
14
9
12
15
9
15
5
9
12
6
11
9
10
17
10
14
14
10
13
7
16
6
12
11
5
9
18
10
6
9
13
11
11
8
7
12
6
13
6
14
4
6
12
12
8
14
5
14
14
11
13
13
8
10
15
17
18
12
13
12
13
18
15
11
18
8
23
13
8
19
19
12
15
9
11
15
8
12
13
13
13
9
10
16
13
23
19
15
15
10
9
9
9
12
10
15
20
11
17
11
11
16
9
7
15
12
14
11
4
13
12
16
11
7
12
17
19
6
12
14
7
6
15
15
5
6
11
13
9
13
8
12
4
10
9
12
12
10
13
9
11
14
11
10
13
7
9
19
11
11
8
12
12
16
8
7
12
9
11
10
14
13
9
15
6
6
7
7
12
11
11
7
8
8
16
15
11
12
13
8
6
11
8
12
20
5
7
12
8
8
12
8
14
9
17
10
7
11
10
5
12
7
9
4
8
13
10
6
8
7
6
11
8
10
8
9
8
8
6
8
5
8
8
14
10
4
7
12
7
9
11
7
9
11
9
8
11
6
7
11
16
9
10
11
8
11
13
9
9
6
14
10
12
11
10
9
4
9
9
8
6
3
6
8
7
11
11
7
10
7
10
7
17
6
10
9
6
12
13
13
9
10
8
3
8
13
9
6
7
13
7
14
8
9
10
15
6
7
11
6
10
3
9
6
6
7
1
7
9
10
11
9
6
13
7
3
10
10
7
11
6
10
5
7
7
9
10
7
6
8
12
10
10
10
5
11
7
9
8
9
6
4
6
12
10
15
5
4
12
8
9
8
5
7
4
8
6
13
6
9
11
7
15
9
6
10
5
5
15
8
14
11
2
11
7
6
8
13
10
5
7
11
8
3
10
5
2
13
9
6
10
6
7
5
10
12
11
5
5
8
6
11
8
1
8
12
5
7
6
10
6
7
8
4
9
9
7
10
9
12
6
7
17
15
8
7
10
14
10
15
8
9
8
7
10
9
6
8
13
8
9
10
10
13
7
7
11
7
8
3
4
8
9
16
4
5
4
7
7
4
7
6
7
11
8
3
5
5
12
12
11
8
6
6
10
9
9
6
7
4
8
13
10
10
10
7
9
10
10
6
9
7
11
5
8
9
6
3
8
8
5
8
13
5
14
7
4
10
6
9
13
9
10
11
8
5
6
6
8
7
9
6
8
8
11
6
8
8
5
6
10
11
4
10
9
11
5
3
7
8
5
7
3
9
7
6
7
13
8
6
7
6
7
9
5
9
6
6
12
12
5
12
2
10
5
7
7
3
10
8
11
9
9
6
2
4
4
13
9
7
10
5
11
3
8
11
13
14
3
8
7
10
5
7
7
8
7
4
7
8
5
4
12
6
12
7
7
6
6
4
4
7
9
4
8
4
8
5
6
8
4
2
2
0
8
8
5
4
5
5
7
6
7
10
7
7
7
7
7
5
6
6
7
5
7
4
5
11
5
10
6
11
6
9
4
4
5
4
5
7
6
10
9
6
4
7
4
17
8
9
7
11
7
6
9
3
5
6
6
6
5
4
7
5
9
4
12
11
9
8
7
9
5
5
7
9
9
10
7
6
6
9
5
3
6
5
6
7
8
7
4
8
3
6
8
6
11
8
7
4
9
9
5
4
8
4
8
9
7
6
1
7
4
3
11
5
7
8
5
4
8
6
7
5
3
8
11
4
3
9
14
5
8
12
6
9
7
5
9
5
6
5
7
6
6
4
5
4
7
5
6
6
1
8
10
2
4
5
4
6
13
7
7
7
7
6
5
16
6
5
6
10
9
4
6
6
9
5
7
8
6
4
5
4
4
9
6
6
6
7
5
4
9
4
8
7
6
10
4
4
6
7
7
7
8
9
5
9
8
10
7
5
6
3
8
5
6
6
3
8
6
5
9
11
6
5
7
12
6
2
4
5
7
0
5
3
4
9
1
3
5
9
2
6
6
10
7
8
10
4
5
4
8
10
7
5
4
7
11
7
7
12
11
8
5
5
7
3
8
3
3
8
7
4
11
7
5
3
6
11
6
6
5
9
3
5
7
10
3
3
9
5
7
3
2
0
9
5
6
5
4
8
3
7
7
6
4
4
6
10
11
7
4
6
4
2
4
5
10
12
7
7
5
4
6
5
3
8
2
2
4
4
6
3
4
2
4
5
4
1
7
7
6
7
12
5
6
6
4
5
5
10
5
8
3
3
4
4
12
5
8
5
5
6
9
6
5
5
5
4
8
4
7
7
6
2
7
6
8
6
4
4
5
5
6
8
2
9
9
5
3
10
8
5
3
3
6
8
8
4
7
5
2
6
4
4
3
6
4
6
7
4
3
3
5
8
6
3
3
6
4
4
5
2
4
4
5
4
5
2
9
2
4
5
4
5
6
3
10
9
3
3
7
7
7
6
6
1
2
9
5
7
0
10
8
5
7
7
1
4
5
7
6
8
4
8
4
7
5
4
3
6
4
5
6
3
6
4
5
7
11
7
6
6
2
9
4
2
10
7
5
4
7
4
8
7
10
2
4
5
5
2
5
3
6
4
4
2
9
10
9
8
7
3
6
4
5
7
3
2
6
8
9
4
3
7
7
12
1
2
4
7
6
7
10
5
8
12
5
4
7
1
5
2
6
9
5
7
4
10
5
8
3
5
5
8
6
1
5
5
2
4
6
6
8
4
8
5
4
5
2
4
10
0
4
5
6
3
7
4
7
7
8
8
5
4
4
2
12
7
2
9
4
5
4
6
5
5
5
5
6
3
5
4
5
4
8
6
4
11
6
8
7
10
5
8
7
7
6
7
7
9
2
6
6
6
3
6
7
10
5
8
9
10
11
4
9
4
15
6
10
6
10
5
18
10
11
7
11
3
8
11
12
12
7
15
6
5
5
13
12
9
6
9
7
18
8
7
10
10
4
14
7
8
11
3
11
15
5
6
6
9
7
6
7
4
7
6
4
5
5
4
3
7
5
9
5
5
6
8
12
9
6
4
8
5
4
2
8
4
3
3
3
0
3
8
2
5
6
5
3
2
4
1
6
5
2
10
4
6
4
2
6
3
2
7
3
5
3
3
5
6
3
2
3
4
4
3
5
6
9
4
3
3
4
4
2
6
4
3
4
5
6
6
4
7
1
6
3
7
6
2
4
3
5
8
6
8
0
6
3
3
7
1
9
1
3
5
5
3
5
6
4
4
6
3
6
6
9
3
4
4
11
5
6
4
5
3
6
2
3
5
5
3
5
7
4
4
6
7
5
5
6
1
5
4
4
3
3
6
2
0
5
3
3
2
7
7
6
4
1
6
6
6
7
9
8
5
4
5
6
4
2
5
4
4
5
4
3
6
2
5
2
4
5
6
1
4
5
2
3
4
3
3
2
5
4
2
4
6
5
0
6
2
9
4
7
3
4
8
4
7
7
3
4
4
7
5
4
1
3
5
7
4
3
4
3
6
0
7
3
5
4
3
4
8
5
5
6
10
1
2
8
3
4
2
4
5
4
2
4
4
4
5
2
4
10
5
2
4
6
7
3
5
5
3
6
4
6
7
1
5
4
5
4
2
7
4
2
4
6
2
1
5
4
1
2
1
4
6
6
5
3
7
8
3
4
3
1
4
3
0
5
4
6
3
2
3
2
4
5
5
3
5
5
2
2
5
5
2
2
2
2
5
2
5
6
7
7
10
4
6
5
8
4
3
3
2
4
4
8
9
5
1
8
6
4
8
1
4
4
0
2
4
5
7
5
8
2
2
2
4
3
6
4
5
9
2
12
6
4
2
2
5
5
0
8
6
5
7
5
5
4
8
3
6
3
2
2
3
2
2
4
5
5
5
3
4
5
2
6
3
2
8
7
4
4
3
6
4
4
3
3
4
5
3
2
3
3
6
5
1
1
4
8
1
2
0
6
2
3
0
4
4
1
8
5
11
1
0
3
4
8
5
4
5
4
8
2
5
5
1
2
4
5
6
3
3
5
1
3
2
5
7
2
3
4
5
1
2
4
3
5
8
3
5
3
3
6
5
9
12
3
3
3
4
5
5
4
5
4
5
3
7
8
5
5
3
2
7
2
3
4
2
2
7
5
7
4
5
4
6
2
4
6
4
9
6
5
4
6
5
9
6
6
3
5
3
6
4
8
8
4
6
5
6
7
4
5
6
5
5
4
3
3
8
1
4
5
4
3
5
7
5
7
5
7
5
8
3
3
10
7
6
9
7
4
5
4
5
4
3
6
5
4
6
3
4
7
10
8
3
14
7
4
5
2
7
10
6
3
7
6
7
8
4
9
2
4
8
3
1
4
9
5
3
4
1
8
8
7
5
7
3
4
3
2
2
6
5
3
3
5
4
0
4
3
6
0
5
2
3
8
2
2
1
4
4
2
0
5
2
7
2
3
6
3
1
2
7
4
6
4
6
1
4
3
2
2
3
2
3
3
5
5
6
3
2
3
4
2
3
4
4
5
0
2
2
7
5
6
3
3
2
3
5
2
2
4
7
0
4
7
4
8
5
1
6
2
2
3
5
5
4
4
4
5
2
2
2
4
2
1
1
7
3
1
3
4
2
3
4
6
3
2
1
7
4
4
7
6
1
1
3
2
1
2
2
2
5
5
1
7
3
2
6
3
1
4
3
2
1
4
4
2
3
7
2
4
2
3
6
7
1
2
4
3
4
2
4
1
4
4
2
3
6
3
2
3
3
1
3
3
2
5
4
3
3
2
3
1
0
2
4
2
6
3
1
2
5
2
4
3
3
6
3
4
3
5
5
2
5
4
3
1
3
4
4
4
3
3
6
1
2
7
4
4
3
6
1
0
1
2
3
6
4
1
4
2
5
7
4
5
4
4
2
1
1
4
3
4
5
5
2
4
2
3
5
2
2
7
2
4
2
4
2
2
4
1
7
2
11
6
2
9
4
3
2
3
3
1
5
4
0
0
3
4
2
1
5
4
4
2
4
1
5
1
3
4
2
4
1
3
2
0
0
3
6
0
3
5
3
3
3
0
3
3
1
8
3
3
3
5
1
3
4
6
3
3
6
2
6
5
3
2
3
5
2
4
4
3
0
6
2
3
3
4
5
5
0
3
3
5
6
2
0
5
4
7
3
1
0
4
5
2
3
2
8
3
2
3
6
0
5
5
2
5
3
0
2
6
9
4
0
1
1
5
0
4
0
3
4
3
7
4
3
3
4
2
2
2
3
4
1
3
3
2
2
3
2
2
3
6
5
9
4
3
2
3
4
3
5
4
4
2
5
8
7
1
4
2
1
1
5
4
0
5
4
3
4
3
3
3
4
3
3
3
4
3
1
2
2
6
5
4
3
2
0
3
3
5
0
1
2
2
4
2
2
4
2
7
4
3
2
5
3
2
6
8
1
5
2
3
1
2
5
2
3
2
3
4
1
3
3
4
3
1
3
2
4
2
3
6
3
4
5
3
1
0
2
0
1
4
3
4
3
0
2
4
2
3
6
6
3
2
2
3
3
4
4
1
3
2
1
2
5
1
3
4
5
4
2
1
3
2
1
7
5
4
2
3
2
3
0
3
3
3
3
3
0
1
5
3
2
8
2
5
2
5
5
3
2
1
1
1
6
3
1
2
1
7
1
2
3
4
5
2
2
0
2
1
3
1
1
3
4
5
5
3
2
5
0
3
2
6
5
2
2
4
3
5
6
1
2
5
1
3
3
2
0
3
1
4
1
2
1
1
1
6
1
3
5
3
0
3
1
6
1
4
2
3
3
2
1
4
2
2
3
4
3
4
2
0
1
8
3
2
3
2
0
3
5
1
3
1
4
5
3
4
1
2
1
1
0
2
3
1
4
4
2
3
2
2
5
2
3
2
1
2
6
1
2
5
2
2
2
2
2
1
3
2
2
7
4
1
2
4
1
3
3
6
4
2
0
3
4
2
1
2
1
5
2
3
4
2
5
4
2
1
2
5
2
2
1
4
1
6
1
5
2
3
6
5
2
1
1
4
4
2
3
3
0
4
0
1
1
1
2
1
1
3
0
3
3
2
1
4
3
3
5
2
1
4
3
1
2
3
1
1
4
2
4
3
2
1
3
1
1
4
2
6
4
0
1
2
2
2
2
2
3
4
1
2
3
2
2
4
3
3
5
3
2
3
1
3
5
2
2
3
3
3
4
3
3
2
2
1
3
3
1
6
6
3
4
1
2
3
1
2
1
3
2
3
2
3
3
2
1
1
4
3
2
4
2
0
1
4
2
3
5
1
5
1
5
3
2
3
3
1
7
2
2
1
4
1
3
1
1
1
3
2
7
2
3
1
7
1
1
1
4
6
0
2
2
3
4
3
3
1
4
3
0
1
3
2
4
3
4
4
2
2
3
2
1
4
3
2
1
3
2
5
4
3
0
1
2
2
1
2
5
5
1
4
5
5
3
4
1
0
2
1
4
2
7
4
5
2
2
0
2
3
2
1
2
1
4
7
4
3
1
2
3
4
1
3
5
6
1
2
2
1
2
0
1
3
3
2
5
5
2
7
2
2
2
1
2
4
1
1
0
1
1
2
4
4
2
1
4
4
2
3
3
2
3
1
4
0
1
3
3
4
2
1
2
6
0
6
1
2
4
2
2
2
4
1
0
0
1
4
2
0
2
1
3
2
2
3
0
1
3
1
3
2
2
1
1
1
4
2
2
1
3
3
3
4
2
2
1
7
3
6
5
1
0
0
2
3
0
4
1
1
3
2
1
5
4
4
1
3
2
4
5
2
1
5
3
3
5
3
2
0
3
1
2
1
3
3
4
4
3
1
4
2
1
5
1
4
4
1
1
4
6
3
0
0
1
2
5
4
0
2
3
3
3
3
2
3
5
4
0
5
2
2
1
0
1
5
1
5
2
3
2
3
0
3
0
1
3
3
1
4
1
1
5
2
2
1
6
1
4
2
4
4
5
2
1
3
0
1
2
4
4
3
4
4
4
4
0
3
4
0
1
2
1
4
2
2
3
0
0
2
3
2
3
5
6
0
4
3
1
3
3
3
4
1
2
1
1
1
1
2
2
0
7
1
0
2
3
1
2
2
2
1
4
2
1
2
0
1
3
2
3
3
3
2
1
2
2
3
4
2
1
1
2
1
2
2
3
3
4
2
3
0
2
5
1
1
3
0
4
2
3
2
0
2
1
2
3
1
2
3
3
0
2
1
1
5
2
3
3
2
5
1
1
1
3
2
7
3
2
0
0
4
1
2
0
1
2
4
2
0
2
5
0
0
1
3
1
4
2
2
2
2
4
2
3
2
2
7
3
1
4
3
3
0
2
4
4
2
4
2
1
4
2
6
1
3
6
0
2
2
1
2
5
5
2
3
1
2
0
4
3
5
3
2
4
2
2
5
0
3
3
2
2
1
2
1
2
4
3
3
5
1
0
2
0
2
0
3
0
2
4
3
2
1
7
1
4
3
1
4
4
1
1
3
3
1
1
2
4
3
0
5
3
1
2
2
0
2
2
4
2
2
1
3
4
3
1
3
2
1
0
2
2
2
0
1
2
1
3
3
7
2
3
2
3
3
2
3
2
5
1
2
2
2
2
3
4
3
2
1
1
2
2
0
2
5
2
0
1
2
5
1
6
2
1
4
6
1
3
1
2
1
5
0
2
4
3
2
1
2
3
1
1
1
3
2
2
2
3
4
3
2
1
3
2
2
4
4
4
4
1
0
2
5
4
1
1
2
2
2
4
2
3
3
4
4
5
4
5
2
6
4
7
4
6
3
3
4
4
2
6
7
1
2
4
2
4
5
3
3
6
5
6
4
2
5
7
5
3
8
1
4
3
7
3
4
4
3
2
4
3
5
4
1
5
4
3
4
3
7
4
1
3
4
5
6
3
3
5
6
3
2
3
3
2
1
3
2
3
2
3
3
1
3
2
3
1
4
2
3
3
3
0
2
4
5
3
2
1
1
3
3
2
5
4
4
1
2
4
3
1
3
0
1
1
3
3
0
1
0
3
5
2
5
4
2
3
4
3
2
2
1
5
7
2
0
2
3
0
1
1
0
4
1
1
5
2
2
1
2
2
3
2
2
3
0
5
3
1
1
1
0
6
1
1
1
5
3
2
2
3
1
1
3
0
3
0
1
1
3
3
1
3
1
3
3
3
3
2
4
1
1
3
3
3
0
6
2
1
1
0
0
5
3
4
3
1
2
2
2
1
3
2
4
4
1
3
6
2
3
2
2
5
2
1
0
2
6
2
3
1
3
4
1
4
1
2
1
0
4
1
2
3
2
0
5
1
3
4
5
3
4
5
2
2
1
4
0
1
0
1
3
1
4
2
4
0
2
2
2
1
0
3
8
1
2
0
2
0
1
4
1
0
2
2
3
2
2
1
3
2
2
0
4
1
0
2
0
2
3
3
4
3
1
1
0
1
2
2
1
0
1
1
1
1
0
0
3
1
1
3
1
1
3
2
3
0
2
4
2
3
1
1
2
3
2
4
4
2
3
5
6
3
3
0
4
1
2
1
2
3
0
1
3
2
1
5
2
0
1
0
4
4
2
2
3
3
2
0
2
0
3
4
3
5
4
5
1
1
1
5
3
1
1
1
3
2
5
4
1
3
5
2
6
4
3
2
3
0
3
0
3
2
8
6
1
1
1
4
4
3
3
1
3
2
4
1
3
3
0
2
4
3
5
3
7
1
1
3
1
2
3
4
4
2
1
1
3
3
1
4
3
1
0
3
0
0
1
2
1
1
1
1
2
3
2
2
3
4
1
2
0
5
2
0
1
3
4
5
2
3
1
2
0
2
2
1
3
4
4
3
3
4
0
4
5
2
5
3
3
6
3
4
3
2
4
2
6
3
3
1
2
6
3
1
1
2
4
3
0
2
2
2
5
1
3
2
3
1
3
3
1
3
0
1
3
2
4
3
4
3
2
2
4
2
0
1
3
1
1
3
5
1
3
4
1
1
0
3
0
1
2
1
3
3
3
2
3
0
4
1
2
1
0
2
6
1
2
3
1
2
2
4
4
5
2
4
3
1
0
3
1
1
3
1
0
0
1
1
3
0
2
1
1
0
2
3
1
3
1
4
3
2
2
5
0
4
2
4
4
1
3
2
3
2
4
1
1
5
3
3
3
2
2
1
1
0
2
1
2
2
5
3
2
0
2
1
3
4
3
0
7
1
2
5
0
0
4
4
2
1
2
3
1
1
1
3
2
3
2
0
3
5
5
3
1
3
1
2
4
2
3
4
1
3
2
2
1
1
3
1
0
2
1
1
6
1
3
1
1
1
3
4
3
6
2
1
3
1
2
4
0
4
4
3
0
1
1
4
2
5
2
3
2
1
4
2
2
1
4
7
1
4
2
1
3
2
1
2
5
5
1
3
3
2
3
0
2
3
4
0
1
1
3
0
0
4
5
4
4
3
1
2
0
1
1
1
3
4
0
1
1
3
2
1
2
0
0
0
2
2
1
1
4
0
4
2
2
2
4
4
1
1
2
2
1
1
1
1
2
1
1
3
2
3
2
3
2
3
2
1
2
2
0
3
1
5
2
3
2
2
3
2
2
2
0
2
4
1
3
2
0
1
0
2
3
0
1
0
3
1
5
1
3
3
2
4
5
2
1
2
1
1
1
4
1
0
1
2
1
5
3
2
4
2
3
3
4
3
0
3
1
2
4
3
3
2
0
1
2
2
4
5
1
2
0
1
3
2
2
5
2
3
6
4
2
3
0
0
0
3
1
2
2
1
1
2
1
1
1
1
1
3
2
3
0
3
4
2
4
5
4
1
4
1
2
2
3
3
3
3
5
1
3
1
3
2
3
4
1
0
1
4
2
0
3
1
2
2
3
4
3
2
1
2
1
1
2
3
0
2
4
0
1
0
1
1
3
1
0
2
2
1
2
2
2
1
5
0
0
1
2
2
4
2
1
3
2
5
2
3
1
1
4
4
2
3
5
3
2
3
3
2
4
1
5
3
1
3
0
0
0
0
0
3
1
2
2
3
2
2
4
2
2
0
2
6
2
4
1
2
1
0
4
0
2
3
3
2
3
0
5
3
0
2
1
0
3
0
1
1
5
6
0
2
2
3
0
2
1
2
6
3
4
1
4
2
0
4
4
2
2
3
1
0
2
2
1
2
2
0
0
0
3
1
1
3
1
0
2
1
2
3
0
4
1
2
3
1
3
1
3
1
3
1
0
0
0
4
4
3
3
1
1
3
2
2
0
3
3
3
3
1
3
3
1
3
7
4
2
1
1
1
1
4
5
1
2
3
1
1
2
5
0
2
2
1
4
3
0
4
1
6
0
1
3
3
2
1
3
1
1
2
2
0
1
3
3
4
1
1
2
1
1
2
1
3
2
3
2
0
3
2
2
3
1
3
3
2
1
3
0
2
0
1
6
3
2
2
1
0
1
0
2
2
1
3
1
1
4
4
1
3
3
3
5
2
3
2
1
1
1
4
3
2
4
2
3
1
1
3
2
5
2
4
6
2
1
4
3
2
1
5
0
3
5
3
1
1
1
1
4
2
2
1
2
2
3
3
6
2
3
3
5
5
2
4
2
1
2
4
2
2
0
3
3
1
4
2
4
3
1
4
4
1
3
1
6
4
3
1
4
0
3
3
3
2
3
3
2
2
3
2
2
1
3
2
1
0
6
3
3
2
1
5
4
2
2
1
2
1
0
2
2
2
4
3
1
3
3
1
1
4
2
2
0
1
0
0
1
0
3
3
2
1
3
3
3
1
1
1
3
4
2
2
3
1
4
1
0
3
2
0
2
0
2
4
1
2
1
3
1
2
1
1
0
1
7
3
1
1
3
0
3
1
2
3
1
1
2
0
0
0
2
1
4
2
0
1
2
0
0
1
1
4
1
0
0
1
1
3
1
2
4
2
0
0
0
2
0
1
1
3
5
0
0
0
3
3
2
2
5
0
1
2
1
1
1
1
4
3
6
0
1
2
3
0
1
1
0
1
1
1
2
1
1
1
0
1
2
1
1
1
2
1
0
2
1
4
2
3
0
1
2
0
0
2
0
1
0
1
0
2
3
1
1
1
0
3
0
1
3
2
3
3
1
1
3
3
2
3
2
3
1
3
0
1
2
1
2
1
1
2
2
1
3
2
1
1
1
1
1
1
1
1
1
5
2
1
2
1
2
1
1
2
2
2
2
3
1
1
2
4
3
1
1
0
1
1
1
3
2
2
1
2
3
3
0
1
0
0
0
1
2
2
0
1
0
0
0
1
2
0
2
0
0
4
0
1
1
2
0
2
2
3
3
2
1
0
0
3
2
2
1
1
2
3
1
0
2
0
1
0
1
1
4
1
6
0
0
2
3
1
2
3
2
0
2
1
1
2
4
1
1
1
2
1
0
3
3
1
1
1
1
1
0
1
4
0
1
0
3
1
2
0
2
1
1
3
3
1
3
0
1
0
1
1
1
3
3
4
2
1
0
1
1
0
1
1
1
5
0
2
2
2
4
0
0
0
1
0
0
4
1
2
2
0
0
1
0
0
3
0
1
1
1
4
1
0
4
1
2
4
1
2
0
3
1
1
3
3
1
3
2
3
2
0
3
1
1
2
1
1
4
4
2
0
0
1
3
1
2
2
2
2
1
1
3
1
0
1
2
1
1
3
1
0
1
0
1
1
2
0
2
3
0
1
2
0
2
0
2
0
0
2
2
2
3
0
0
0
2
1
1
1
1
1
1
0
1
1
0
2
0
0
4
0
2
1
0
1
3
1
2
1
0
3
3
1
1
1
1
0
2
1
1
0
2
2
0
1
1
2
0
1
2
0
1
2
3
1
2
2
1
0
1
2
0
2
1
2
1
2
0
0
2
2
2
0
0
1
3
1
2
0
1
1
2
0
2
2
1
1
1
1
1
3
1
2
0
3
0
1
0
0
1
2
1
0
2
0
0
2
2
0
1
0
1
4
1
1
1
1
0
0
0
1
2
0
1
2
2
2
0
0
0
0
0
1
1
2
1
2
2
1
0
2
2
2
0
0
1
2
1
0
2
3
5
2
0
1
0
1
0
1
1
1
2
4
4
1
1
1
1
2
1
0
2
0
4
1
2
2
0
1
2
1
1
2
3
2
1
4
1
1
0
1
0
0
1
1
1
3
1
1
0
0
1
0
2
1
0
4
0
3
3
1
3
1
2
1
3
1
1
2
2
3
1
2
0
0
1
3
1
3
0
0
2
1
1
0
2
3
1
1
4
3
1
0
1
1
0
0
0
2
4
0
0
0
1
1
0
0
0
1
2
2
2
2
1
0
0
1
0
2
2
0
0
0
0
0
2
0
1
0
1
1
3
1
0
1
1
2
0
4
1
0
0
0
1
1
0
1
0
0
1
1
1
0
1
2
1
4
1
1
0
1
1
2
0
1
1
0
1
0
1
2
0
1
0
2
1
0
2
2
0
1
2
1
1
3
0
1
1
0
0
1
2
0
3
3
5
0
1
0
2
1
1
0
1
0
1
1
0
0
1
0
0
2
1
0
2
3
1
5
2
1
1
2
1
1
0
1
0
4
1
0
0
2
1
0
1
1
2
0
0
3
1
2
0
2
1
0
2
0
2
2
1
1
4
1
0
2
1
1
0
1
1
1
1
0
2
1
1
1
0
0
0
2
1
1
1
1
2
0
1
1
0
0
0
0
1
2
0
2
0
1
1
2
1
2
1
0
1
1
0
1
0
0
0
0
1
0
0
1
5
1
0
1
0
2
0
0
1
0
1
0
0
0
1
1
1
0
2
1
1
1
1
1
0
0
0
2
3
2
1
1
0
0
1
0
1
0
0
1
3
0
0
1
1
1
3
0
0
0
1
2
1
0
1
1
1
0
2
0
0
1
2
0
2
1
1
1
2
4
1
1
4
0
1
3
0
2
0
2
0
2
2
1
2
0
1
0
0
2
0
2
2
1
0
0
0
1
2
1
0
3
1
1
0
0
1
1
1
1
2
3
0
0
0
0
4
1
1
2
0
2
0
0
2
1
1
1
0
1
1
1
0
0
0
6
1
1
3
2
0
1
0
2
1
1
0
0
1
2
1
0
2
0
1
2
0
0
0
0
2
1
1
0
0
0
0
0
1
0
0
2
0
2
2
2
3
1
2
1
0
0
0
0
1
1
2
0
0
1
0
1
0
0
1
0
0
2
1
1
1
0
1
0
1
1
0
0
0
0
2
1
1
0
3
1
3
1
0
0
1
1
1
3
0
3
0
1
0
1
2
0
1
0
0
2
1
0
1
1
2
3
1
2
0
2
3
0
1
2
1
0
1
0
2
1
0
2
1
1
2
0
1
0
1
1
0
1
2
0
0
1
0
1
0
2
1
0
1
0
0
0
0
0
0
1
0
0
1
0
0
1
0
0
0
1
1
3
1
1
0
0
1
0
1
0
2
2
1
3
0
1
3
3
3
1
0
0
0
2
2
0
2
0
0
1
1
1
0
0
1
0
1
1
1
1
0
0
0
0
0
1
2
2
0
0
0
0
1
2
1
1
0
2
0
1
1
1
0
2
0
3
1
1
0
1
3
1
1
0
1
1
2
0
1
2
0
1
0
1
1
1
0
1
1
0
1
0
0
0
1
0
1
1
0
1
0
0
2
2
1
1
1
0
0
1
0
1
0
0
0
0
1
1
0
0
1
0
3
1
1
0
2
0
2
0
1
0
2
1
0
0
3
0
1
3
0
0
1
1
0
1
0
2
0
1
1
0
2
1
0
0
0
0
1
0
1
0
1
1
1
1
0
3
0
0
2
1
3
2
0
0
1
0
1
1
0
1
1
1
2
1
1
2
2
1
2
2
2
0
1
2
1
0
1
0
0
0
3
3
0
0
3
1
1
2
1
1
4
1
2
0
0
3
0
1
2
0
1
1
2
1
0
1
0
1
0
0
0
1
0
1
1
2
0
1
0
0
1
0
0
0
1
3
1
2
1
2
0
0
1
3
0
2
0
2
1
1
0
0
1
2
3
0
2
1
2
2
0
1
0
1
1
1
0
0
1
0
0
1
0
1
0
1
0
1
0
0
1
0
0
0
0
1
0
1
2
0
0
1
1
0
0
1
2
2
3
1
0
0
0
0
2
1
0
2
1
0
2
0
1
1
0
0
1
1
0
2
0
0
3
1
1
1
0
0
1
1
0
0
0
0
1
2
0
0
2
1
1
1
0
0
2
1
0
0
1
2
1
0
1
0
0
0
1
2
1
1
0
1
0
1
1
0
0
1
0
0
1
1
1
0
1
1
0
2
0
3
2
0
1
1
1
3
0
0
2
0
1
0
1
0
2
1
1
0
1
1
0
0
0
1
2
0
0
1
0
0
2
0
0
0
0
1
0
1
1
0
1
1
1
0
0
1
0
2
0
1
1
0
1
0
1
0
2
1
0
1
2
0
0
1
3
1
2
1
0
0
0
1
3
2
0
1
0
0
1
0
0
3
0
1
2
0
2
3
1
0
1
0
0
1
2
1
0
1
1
0
0
0
0
0
1
3
1
1
1
2
2
0
0
1
0
2
0
1
1
0
1
0
0
0
0
0
1
1
0
2
0
0
0
0
0
2
0
2
1
0
0
0
2
0
0
0
1
2
0
0
1
2
0
2
1
0
0
0
1
0
1
0
0
1
0
0
0
2
1
1
0
2
0
1
1
0
0
0
0
0
1
2
0
1
0
1
0
2
1
0
0
1
1
0
0
1
1
0
2
1
0
0
2
1
0
2
0
0
0
0
2
0
0
1
0
1
3
0
1
2
0
2
1
0
1
0
0
0
0
0
1
0
1
0
1
1
2
2
0
0
3
1
0
0
1
0
1
1
0
0
0
1
0
0
1
2
0
1
1
3
1
0
0
0
0
0
0
0
0
3
0
2
0
0
1
2
1
0
3
0
2
0
3
0
1
0
0
0
0
0
0
0
1
0
0
0
0
0
0
1
0
1
0
1
1
1
0
2
0
0
1
1
2
0
0
0
0
3
0
0
2
0
0
0
0
3
0
2
2
1
3
1
0
0
1
1
0
1
1
2
3
1
0
0
0
0
0
0
0
3
0
0
0
1
1
0
0
0
0
0
0
1
0
0
2
0
0
0
0
0
1
1
1
0
1
0
0
1
0
2
0
0
0
1
1
0
0
0
1
1
0
1
0
2
0
0
0
0
2
2
0
0
2
1
1
0
0
0
3
0
1
1
0
2
0
1
0
2
0
1
1
0
0
2
0
2
1
1
0
0
1
3
0
0
1
0
1
1
0
0
0
1
0
1
1
0
0
0
0
0
0
2
0
0
0
1
1
2
0
0
0
1
1
0
2
0
1
1
2
0
2
2
0
1
0
4
0
2
0
2
0
0
0
1
2
1
0
2
2
1
0
0
0
0
0
0
0
1
0
1
2
0
2
1
0
1
0
0
0
0
1
1
0
0
2
0
0
0
1
2
0
0
0
0
2
0
2
0
0
1
1
2
0
0
2
0
2
1
0
0
0
0
2
2
2
0
1
0
1
1
0
0
1
1
0
0
0
1
1
0
2
0
0
2
0
1
1
0
0
0
1
1
1
0
3
2
1
1
1
0
1
0
1
1
1
3
1
1
0
0
1
1
0
2
2
0
1
0
0
0
2
2
4
4
0
1
1
3
3
3
5
1
2
5
3
1
2
4
1
1
7
2
4
3
3
6
6
5
4
2
4
4
9
6
2
5
8
6
8
9
0
7
11
7
5
8
6
7
10
11
10
9
6
10
10
5
10
8
10
11
10
6
5
13
12
12
7
10
12
15
14
4
10
8
4
7
10
11
15
7
5
6
7
11
6
6
7
9
5
8
10
8
12
10
8
3
4
5
4
7
4
6
7
5
4
10
5
8
8
4
4
5
3
5
2
7
3
2
3
3
6
1
2
0
3
2
3
4
5
1
1
4
0
3
2
3
0
4
3
2
3
0
1
1
2
0
1
2
0
0
2
1
2
0
1
1
2
1
0
0
3
0
2
0
0
1
1
0
3
2
2
1
0
1
0
2
1
0
1
0
1
1
0
1
1
1
0
0
0
2
1
2
0
0
0
1
1
0
0
1
0
0
0
0
1
3
3
1
1
0
1
0
1
0
0
1
0
0
1
0
0
1
1
1
2
0
0
1
1
0
1
0
0
1
0
0
0
1
1
0
1
0
0
0
2
1
0
0
0
3
1
0
0
1
0
0
0
1
0
0
0
1
1
1
0
2
1
0
1
1
2
1
2
0
1
0
0
2
1
0
0
0
0
1
2
2
0
1
0
0
1
1
2
0
0
2
1
0
1
0
2
0
0
4
1
1
2
0
1
1
1
0
0
0
0
2
0
0
0
1
0
0
3
1
0
1
0
2
1
1
0
0
0
0
1
0
1
0
1
1
0
0
1
0
0
1
0
0
2
0
0
2
0
0
1
1
1
0
0
0
1
1
0
0
0
1
0
2
1
0
1
2
0
0
1
0
0
0
0
0
1
0
0
1
0
0
1
0
0
0
1
1
0
0
0
0
0
0
1
0
2
1
0
0
0
1
0
0
0
2
0
0
0
0
0
0
0
0
0
0
2
1
0
1
1
0
0
0
0
0
0
0
1
0
1
1
1
1
0
0
0
0
0
0
0
0
0
1
1
1
1
1
0
0
0
0
0
0
0
0
0
0
0
0
0
0
0
0
0
1
1
0
1
0
0
3
1
0
1
0
1
2
1
0
0
1
0
1
0
2
0
0
3
0
0
1
0
0
1
2
1
0
1
0
0
0
0
0
1
1
2
1
0
0
0
0
0
1
0
1
0
0
0
0
0
1
1
1
0
1
0
3
1
2
0
0
1
0
2
0
0
0
2
0
0
0
0
0
0
0
0
1
1
0
0
0
2
0
1
2
0
0
0
0
0
0
0
0
1
2
1
0
0
1
1
0
2
0
1
0
0
0
0
0
1
0
0
0
1
0
0
0
0
2
0
0
0
0
1
0
0
0
1
1
0
1
0
1
0
1
0
0
0
0
0
1
0
0
0
0
1
0
2
0
0
1
1
0
0
0
0
0
1
0
0
0
2
0
0
0
0
0
2
0
0
0
2
0
0
1
0
0
1
0
0
1
0
0
1
0
1
0
0
0
0
0
0
0
0
0
0
0
0
1
1
0
0
1
0
0
0
1
0
0
1
1
0
0
1
0
1
1
0
1
2
3
0
0
0
0
0
0
0
0
0
0
1
1
0
0
0
0
1
0
0
0
0
0
0
0
0
0
0
1
0
1
2
0
1
1
0
0
0
2
0
1
1
0
0
0
1
0
0
0
0
0
1
0
0
1
0
0
0
0
0
0
0
1
0
0
0
0
0
0
1
0
0
0
1
2
0
0
0
0
0
1
0
0
0
0
2
0
0
0
0
0
0
0
1
0
0
0
2
0
2
0
0
0
0
0
0
1
0
0
1
0
1
0
0
1
0
0
0
0
1
0
0
1
0
1
1
0
0
0
1
1
1
0
0
0
1
1
0
1
0
1
0
0
0
0
1
0
2
0
1
0
1
0
2
0
0
1
0
0
1
1
0
1
0
0
1
0
1
0
0
0
2
0
0
0
1
0
0
0
0
0
1
1
1
0
0
0
1
0
1
2
0
0
0
0
0
0
1
1
0
0
0
1
1
0
1
0
0
1
0
1
0
0
0
0
0
1
0
1
0
0
0
0
0
0
1
1
0
0
0
0
1
0
0
0
0
0
0
1
0
0
0
2
0
0
2
0
0
0
0
0
0
0
0
0
0
1
1
1
0
1
2
0
0
0
0
0
1
3
0
0
1
0
0
0
0
0
0
0
0
0
0
0
0
0
0
0
0
0
0
0
0
1
0
3
1
0
0
1
0
0
0
1
0
0
0
0
0
1
0
0
0
0
0
0
0
0
1
0
0
0
1
0
0
0
0
0
0
0
0
0
0
0
0
0
0
0
0
0
0
0
0
0
0
0
0
0
0
0
0
0
0
0
0
0
0
0
0
0
0
0
0
0
0
0
0
0
0
0
0
0
0
0
0
0
0
0
0
0
0
0
0
0
0
0
0
0
0
0
0
0
0
0
0
0
0
0
0
0
0
0
0
0
0
0
0
0
0
0
0
0
0
0
0
0
0
0
0
0
0
0
0
0
0
0
0
0
0
0
0
0
0
0
0
0
0
0
0
0
0
0
0
0
0
0
0
0
0
0
0
0
0
0
0
0
0
0
0
0
0
0
0
0
0
0
0
0
0
0
0
0
0
0
0
0
0
0
0
0
0
0
0
0
0
0
0
0
0
0
0
0
0
0
0
0
0
0
0
0
0
0
0
0
0
0
0
0
0
0
0
0
0
0
0
0
0
0
0
0
0
0
0
0
0
0
0
0
0
0
0
0
0
0
0
0
0
0
0
0
0
0
0
0
0
0
0
0
0
0
0
0
0
0
0
0
0
0
0
0
0
0
0
0
0
0
0
0
0
0
0
0
0
0
0
0
0
0
0
0
0
