0
0
0
0
0
0
0
0
0
0
0
0
0
0
0
0
0
0
0
0
0
0
0
0
0
0
0
0
0
0
0
0
0
0
0
0
0
0
0
0
0
0
0
0
0
0
0
0
0
0
0
0
0
0
0
0
0
0
0
0
0
0
0
0
0
0
0
0
0
0
0
0
0
0
0
0
0
0
0
0
0
0
0
0
0
0
0
0
0
0
0
0
0
0
0
0
0
0
0
0
0
0
0
0
0
0
0
0
0
0
0
1
10
746
5609
10903
10915
9878
9218
9095
8948
9201
9025
9158
9124
9479
9483
9530
9741
9952
10034
9998
9981
10156
10081
10159
9981
10138
10130
10173
10055
9850
9862
9853
10095
9837
9845
9850
9787
9854
9649
9844
9827
9625
9497
9468
9468
9564
9394
9418
9421
9377
9273
9438
9349
9394
9149
9326
9378
9069
9150
9232
9008
9166
9171
9121
8988
9111
8979
9017
8953
8879
8786
9009
9017
8871
8867
8880
8638
8707
8763
8878
8700
8782
8707
8787
8532
8601
8581
8622
8732
8546
8405
8599
8874
8559
8511
8481
8523
8584
8420
8385
8564
8542
8284
8365
8272
8272
8320
8450
8215
8432
8352
8136
8169
8208
8288
8165
8006
8187
8286
8191
8067
8200
8108
8196
8159
8176
8094
7900
8211
8110
8160
7966
7964
7972
8124
8135
8071
8081
7966
7891
7982
7865
7899
7771
7816
7968
8030
7982
8004
7722
7789
7745
7876
7738
7813
7857
7721
7833
7723
7929
7648
7578
7832
7749
7671
7746
7723
7554
7799
7803
7627
7706
7657
7637
7661
7464
7780
7754
7588
7565
7592
7684
7530
7509
7668
7490
7689
7580
7454
7622
7472
7656
7524
7457
7431
7527
7464
7383
7477
7374
7407
7455
7319
7564
7418
7429
7361
7371
7342
7451
7416
7512
7392
7375
7416
7447
7189
7226
7181
7298
7219
7125
7299
7176
7235
7199
7322
7260
7272
7311
7142
7228
7267
7121
7363
7292
7287
7339
7166
7188
7218
7235
7142
7055
7252
7188
7106
7229
7281
7070
7042
7013
7058
6996
7179
7112
7034
7091
7172
7125
7326
6984
7082
7013
7069
7178
7025
7100
7170
6986
7087
6933
7173
6989
7190
7026
7067
7032
6907
7020
6978
7067
6945
7112
7110
7037
6939
6980
6996
6985
7138
6822
6946
7022
6949
6867
6970
6898
6893
7133
6944
6841
6844
7005
6910
6874
6955
7016
6780
7077
6797
6803
6900
6899
6859
6776
6986
6766
6845
7060
6950
6774
6874
6931
6883
6948
6818
6923
6838
6689
6988
6774
6812
6653
6622
6741
6887
6723
6768
6760
6775
6742
6781
6766
6790
6766
6616
6676
6876
6667
6775
6709
6545
6658
6800
6850
6791
6703
6673
6738
6660
6736
6659
6721
6641
6618
6600
6703
6696
6768
6667
6718
6687
6773
6822
6568
6821
6770
6603
6608
6642
6644
6662
6525
6517
6702
6561
6509
6641
6723
6639
6649
6644
6637
6492
6688
6709
6640
6556
6525
6551
6539
6574
6532
6648
6562
6514
6455
6635
6565
6444
6496
6514
6487
6489
6390
6614
6534
6628
6564
6474
6538
6445
6524
6553
6324
6512
6558
6493
6317
6401
6509
6513
6518
6544
6586
6580
6516
6544
6408
6615
6448
6483
6557
6487
6462
6550
6506
6576
6391
6518
6408
6429
6486
6385
6235
6369
6364
6360
6450
6458
6231
6484
6360
6398
6472
6320
6468
6362
6308
6445
6302
6412
6342
6424
6412
6392
6324
6447
6349
6285
6381
6236
6315
6429
6507
6501
6429
6400
6389
6317
6355
6438
6336
6262
6526
6286
6495
6462
6219
6408
6303
6342
6321
6304
6344
6216
6177
6367
6255
6345
6293
6214
6271
6381
6323
6335
6522
6215
6173
6371
6250
6187
6356
6220
6354
6538
6321
6267
6247
6313
6327
6221
6121
6287
6264
6374
6267
6165
6358
6377
6293
6256
6394
6251
6386
6301
6207
6216
6175
6250
6429
6119
6342
6475
6241
6287
6334
6276
6344
6318
6297
6346
6425
6218
6213
6378
6270
6315
6242
6205
6354
6309
6220
6419
6240
6399
6146
6291
6432
6231
6185
6415
6319
6373
6355
6230
6351
6293
6284
6361
6291
6151
6310
6314
6196
6417
6341
6332
6262
6308
6312
6331
6331
6364
6318
6272
6362
6264
6304
6416
6232
6301
6303
6474
6423
6277
6378
6426
6425
6405
6319
6378
6317
6289
6242
6369
6204
6250
6397
6176
6113
6181
6396
6230
6255
6345
6259
6420
6315
6340
6386
6372
6304
6346
6318
6241
6104
6382
6253
6314
6261
6235
6386
6223
6172
6257
6320
6189
6393
6329
6226
6477
6397
6225
6260
6352
6372
6295
6389
6360
6363
6305
6351
6452
6425
6314
6388
6497
6325
6564
6550
6492
6331
6330
6510
6459
6489
6610
6501
6486
6596
6648
6497
6557
6596
6600
6660
6636
6689
6512
6621
6574
6697
6601
6662
6677
6780
6541
6600
6555
6523
6684
6583
6623
6695
6617
6571
6719
6558
6663
6814
6780
6579
6673
6702
6677
6748
6856
6870
6750
6629
6824
6903
7006
7159
7279
7357
7493
7416
7589
7463
7348
7258
7211
7102
7085
7132
6892
6874
6902
7029
6872
6861
6694
6913
6645
6678
6539
6519
6584
6437
6495
6388
6400
6435
6486
6244
6268
6374
6219
6175
6136
6216
6097
6263
6116
6247
6192
6086
6169
6192
6224
6165
5995
6059
6079
6165
6078
6175
6141
6070
6211
6141
6119
6092
6202
6205
6094
6031
6127
6061
6152
6158
6212
6063
6131
6109
6425
6088
6145
6282
6219
6150
6193
6310
6104
6243
6252
6061
6233
6178
6268
6381
6235
6329
6182
6147
6168
6225
6239
6304
6222
6339
6041
6200
6211
6390
6480
6354
6298
6325
6326
6259
6060
6232
6413
6276
6440
6552
6363
6373
6340
6384
6379
6324
6487
6422
6473
6353
6445
6374
6413
6318
6532
6499
6489
6463
6440
6425
6441
6355
6487
6490
6461
6404
6478
6473
6611
6414
6544
6481
6361
6474
6464
6632
6623
6520
6622
6597
6614
6492
6698
6614
6650
6764
6757
6601
6704
6560
6645
6592
6769
6678
6660
6565
6695
6768
6728
6772
6615
6654
6790
6741
6747
6696
6770
6765
6890
6969
6816
6958
6834
6881
6849
6883
6689
6799
6913
7021
6909
6789
6958
6935
6758
7067
6929
6944
6821
6788
7017
6987
7089
6866
7035
6934
7122
6944
7038
7073
6887
6875
6933
7098
7123
7017
7194
7156
6970
7116
7175
7222
7230
7311
7123
7137
7136
6956
7048
7152
6936
7188
7232
7190
7180
7350
7219
7026
7257
7118
7346
7202
7199
7362
7339
7106
7200
7322
7222
7230
7307
7210
7337
7306
7268
7170
7272
7220
7401
7304
7374
7303
7265
7480
7392
7242
7397
7248
7318
7305
7436
7290
7338
7374
7352
7356
7443
7394
7539
7369
7337
7384
7421
7386
7379
7449
7441
7496
7523
7501
7465
7475
7635
7470
7516
7422
7521
7514
7654
7658
7734
7621
7650
7335
7526
7446
7488
7541
7597
7578
7679
7696
7663
7562
7571
7690
7728
7583
7590
7764
7498
7529
7660
7682
7772
7691
7656
7814
7646
7619
7786
7679
7682
7653
7788
7572
7819
7780
7965
7860
7785
7904
7845
7785
7783
7970
7878
7729
7940
7863
7789
7830
7881
7735
7900
7899
7872
7784
7705
7828
7913
7919
7717
7905
7852
8062
7717
7942
7889
8018
7941
8016
7884
7991
7989
7869
8184
7917
7949
7936
7707
7876
7754
8103
7950
8034
8053
7876
7821
7966
8019
7983
8098
8183
8184
8092
8053
8015
8112
7931
8040
7968
8173
8028
8080
8088
8052
7959
8085
8162
8056
8093
8118
8095
8052
8185
8143
8145
8143
8190
8061
8203
8164
8253
8119
8239
8198
8162
8256
8222
8430
8274
8215
8317
8351
8320
8144
8193
8313
8276
8345
8315
8115
8406
8142
8464
8159
8342
8332
8366
8558
8250
8266
8336
8449
8119
8343
8400
8378
8434
8600
8210
8609
8258
8396
8348
8443
8394
8306
8367
8406
8419
8656
8614
8448
8675
8433
8461
8459
8432
8577
8462
8468
8559
8617
8516
8488
8733
8574
8456
8652
8570
8507
8646
8578
8644
8624
8644
8678
8595
8657
8556
8552
8603
8622
8619
8584
8498
8682
8714
8779
8579
8701
8692
8622
8767
8481
8782
8960
8696
8770
8743
8758
8809
8869
8530
8784
8605
8688
8725
8897
8759
8893
8830
8881
8866
8750
8798
8710
8996
9092
9040
8967
8881
8813
8769
8770
8952
8897
9037
8721
9004
8914
8983
9028
9166
9056
9042
9069
9136
8965
8937
8996
9078
9055
9101
9021
9206
9115
9277
9190
9239
9119
8973
9225
9037
9254
9205
9105
9269
9169
9046
9250
9029
9136
9329
9351
9147
9207
9372
9152
9318
9276
9480
9279
9175
9371
9410
9502
9289
9381
9453
9363
9328
9473
9521
9346
9364
9290
9328
9453
9450
9414
9447
9241
9308
9368
9532
9470
9376
9629
9674
9631
9384
9701
9383
9477
9605
9583
9561
9497
9745
9590
9619
9554
9389
9592
9499
9480
9557
9725
9649
9611
9767
9894
9671
9718
9584
9832
9632
9541
9601
9768
9590
9675
9655
9780
9694
9848
9846
9743
9701
9745
9629
9788
9827
9821
9817
9698
9667
9759
9704
9576
9669
9890
9767
9874
9868
9928
9753
9938
9966
9840
10016
9763
9957
10079
10010
9924
10038
10144
10240
10098
9961
9941
9996
10088
10156
10147
10215
10218
10324
10274
10162
10406
10339
10230
10070
10138
10315
10342
10259
10228
10565
10243
10292
10620
10421
10241
10363
10383
10456
10487
10361
10484
10533
10631
10369
10449
10712
10405
10581
10342
10433
10460
10221
10392
10349
10600
10483
10758
10568
10450
10721
10688
10565
10461
10424
10415
10595
10791
10762
10560
10559
10507
10697
10441
10675
10724
10664
10664
10438
10722
10688
10698
10759
10642
10580
10780
10732
10731
10801
10714
10752
10728
10646
10603
10863
10741
10826
10856
10946
10863
10815
10675
10722
10640
10738
10941
10704
10976
10804
10939
10718
10866
10746
10815
10977
10713
10804
10739
10768
10630
11013
10675
10774
10897
11035
10866
10658
10481
10705
10725
11005
10829
10714
10684
10992
10835
10548
10775
10773
10959
11054
11190
11145
11126
10943
11213
11114
11068
11118
11216
11028
11051
10945
10891
10983
10898
10678
10746
10735
10560
10585
10480
10534
10554
10473
10382
10448
10557
10534
10338
10218
10453
10379
10330
10226
10416
10167
10122
10125
9950
9880
10029
10199
9977
9968
10005
10052
9957
10171
9967
10042
9933
9904
9894
9994
9937
9801
9995
9883
9903
9736
9861
9873
9768
9758
9859
9784
9917
9774
9938
10021
9821
9816
9820
9774
9895
9850
9716
9708
9810
9687
9708
9623
9834
9697
9475
9650
9714
9736
9772
9580
9843
9568
9637
9679
9636
9593
9632
9554
9797
9547
9505
9734
9460
9675
9487
9674
9561
9581
9384
9612
9448
9389
9701
9355
9428
9593
9539
9613
9561
9560
9449
9600
9584
9504
9481
9466
9551
9471
9396
9620
9327
9418
9316
9391
9346
9359
9464
9573
9430
9368
9476
9301
9345
9246
9337
9265
9397
9368
9401
9502
9270
9278
9303
9283
9300
9319
9394
9173
9373
9203
9203
9239
9408
9205
9368
9143
9392
9316
9394
9341
9295
9465
9097
8940
9211
9084
9095
9131
9154
9284
9129
9050
9384
9175
9057
9182
9364
9239
9145
9026
9219
9306
9037
9177
9112
9067
9321
8998
8998
8968
9084
9080
9158
9136
9171
9114
9149
9107
9007
8937
9187
9107
9054
9128
8923
8986
9173
9010
9083
9171
9135
8895
8989
8941
9104
8877
9020
8933
9063
8946
9008
8957
9006
8824
8928
8796
9156
8876
8891
8988
9070
8945
8878
9021
9009
8932
8969
8931
8888
8741
9024
9031
9038
8832
8838
8962
9029
8921
8795
8904
9070
8864
8780
8889
8933
8958
8948
8899
9019
9104
8927
9009
8835
8834
8905
9016
8725
8819
8684
8825
8765
8834
8903
8828
8799
8767
8689
8645
8698
8668
8933
8725
8702
8725
8553
8870
8770
8688
8804
8661
8689
8673
8790
8735
8676
8607
8621
8742
8615
8594
8751
8726
8841
8794
8822
8650
8593
8562
8750
8745
8645
8693
8590
8618
8706
8698
8525
8586
8705
8555
8662
8612
8692
8641
8563
8629
8429
8593
8641
8570
8435
8533
8739
8608
8673
8609
8656
8445
8530
8611
8511
8658
8514
8494
8515
8535
8588
8725
8581
8587
8561
8398
8388
8478
8410
8388
8503
8395
8527
8388
8325
8482
8496
8504
8224
8329
8398
8510
8612
8479
8370
8569
8305
8366
8367
8263
8538
8293
8253
8287
8292
8374
8363
8399
8451
8558
8250
8313
8312
8384
8271
8295
8244
8316
8366
8415
8292
8119
8181
8365
8422
8248
8221
8090
8111
8115
8231
8202
8124
8064
8148
8244
8008
8104
8182
8077
8139
8136
8118
8332
8090
8262
8166
8302
8114
7945
8033
8140
8083
8075
8057
8000
8001
7917
7860
7943
7895
7848
7995
7925
7776
8046
7730
7729
7839
7737
7808
7832
7824
7794
7542
7735
7583
7797
7751
7518
7501
7693
7579
7607
7541
7641
7545
7615
7594
7428
7402
7501
7535
7344
7475
7330
7410
7423
7294
7462
7200
7323
7189
7327
7196
7271
7060
7152
7173
7275
7068
7105
7220
7060
7079
7135
6875
6991
7030
7027
7033
7019
6982
7067
6934
7066
6923
7015
6739
6684
6663
6661
6789
6987
6823
6798
6814
6742
6590
6815
6869
6767
6709
6661
6801
6613
6626
6728
6537
6524
6654
6629
6558
6509
6550
6502
6348
6524
6678
6624
6573
6501
6530
6358
6555
6504
6543
6352
6451
6486
6500
6524
6405
6303
6452
6435
6454
6367
6460
6484
6223
6357
6338
6433
6381
6374
6379
6226
6276
6243
6394
6230
6416
6200
6386
6247
6303
6241
6257
6338
6275
6277
6252
6284
6163
6375
6318
6317
6308
6329
6319
6149
6308
6337
6229
6126
6149
6122
6329
6212
6033
6315
6162
6367
6202
6160
6340
6331
6252
6311
6206
6254
6383
6306
6256
6319
6341
6214
6261
6245
6141
6259
6346
6257
6417
6302
6260
6074
6124
6265
6413
6270
6214
6237
6140
6295
6330
6282
6307
6371
6253
6242
6407
6421
6431
6485
6491
6319
6390
6394
6434
6456
6402
6379
6515
6402
6325
6271
6177
6144
6194
6146
6097
6254
6093
6157
6005
6069
6096
5986
5822
5940
5881
5893
5954
5792
5728
5948
5802
5795
5750
5812
5683
5698
5812
5650
5692
5504
5619
5548
5586
5688
5549
5498
5446
5531
5607
5521
5686
5576
5618
5535
5610
5493
5508
5555
5554
5514
5534
5490
5496
5486
5406
5567
5459
5533
5517
5459
5530
5345
5494
5524
5526
5329
5343
5493
5375
5573
5412
5284
5296
5317
5461
5277
5266
5401
5458
5519
5457
5349
5225
5389
5386
5299
5188
5164
5253
5146
5194
5178
5354
5296
5144
5283
5299
5282
5220
5265
5333
5331
5219
5184
5243
5106
5165
5327
5242
5221
5218
5128
5245
5184
5168
5247
5086
5207
5200
5132
5221
5218
5107
5033
5218
5139
5078
5172
5257
5099
5172
5196
5159
5015
5054
5071
5109
5191
5179
4971
5131
5081
5116
5005
5118
5063
5106
5102
5061
5062
5095
5058
5025
5000
5009
5137
5140
4965
4947
5154
4902
4957
5019
5062
4978
4964
5033
5019
5025
4945
4944
4929
5013
5005
4955
4964
4957
4949
5003
4973
5075
4921
4898
4926
4912
4902
4902
4854
4843
4920
4956
4892
4970
4904
4801
4932
4908
4837
4899
4838
4825
4843
5004
4915
4950
4890
4875
4799
4744
4773
4873
4793
4819
4909
4763
4868
4781
4878
4772
4799
4722
4732
4788
4654
4748
4712
4706
4684
4713
4842
4783
4757
4818
4769
4644
4739
4770
4798
4816
4791
4738
4803
4758
4660
4761
4773
4747
4621
4602
4860
4750
4684
4717
4725
4646
4680
4623
4642
4699
4699
4771
4749
4755
4621
4645
4630
4674
4682
4621
4640
4573
4636
4529
4633
4629
4698
4636
4579
4676
4594
4467
4623
4579
4538
4592
4603
4547
4736
4529
4506
4604
4566
4596
4514
4580
4560
4524
4595
4472
4557
4602
4557
4596
4645
4553
4406
4582
4563
4554
4586
4666
4486
4516
4670
4636
4549
4538
4551
4473
4584
4493
4526
4445
4407
4517
4479
4462
4535
4568
4490
4650
4451
4468
4554
4475
4612
4458
4289
4524
4429
4462
4414
4655
4526
4380
4480
4428
4394
4394
4403
4460
4421
4501
4283
4424
4356
4412
4611
4520
4401
4464
4353
4544
4394
4461
4438
4343
4485
4408
4264
4454
4453
4328
4430
4295
4431
4367
4453
4404
4314
4461
4348
4337
4350
4313
4406
4392
4258
4460
4443
4390
4352
4401
4455
4364
4442
4372
4390
4254
4419
4397
4340
4320
4415
4430
4402
4316
4357
4425
4297
4360
4371
4300
4471
4244
4269
4220
4291
4398
4245
4255
4469
4350
4268
4273
4354
4355
4351
4320
4342
4346
4379
4338
4360
4315
4271
4311
4276
4300
4230
4166
4322
4293
4325
4444
4334
4260
4242
4234
4227
4325
4338
4300
4247
4410
4301
4295
4413
4374
4291
4333
4323
4421
4483
4393
4507
4470
4632
4601
4736
4720
4763
4779
4902
4960
5053
5150
5294
5348
5416
5536
5559
5618
5832
5861
6003
6184
6315
6286
6629
6429
6817
6633
6870
6942
7018
7129
7143
7378
7284
7568
7403
7718
7743
7613
7753
7716
7896
7885
7892
7886
8120
8093
7956
8055
8236
8090
8239
8086
8138
8238
8373
8521
8294
8400
8562
8788
8825
8866
9095
9527
9689
9955
10245
10859
11430
11328
12341
12441
12911
13228
13642
13542
13516
13711
13481
13360
12797
12681
12547
12116
11975
11390
10985
10739
10356
9993
9785
9549
8947
8730
8326
7856
7886
7447
7309
7036
6633
6446
6151
6109
5745
5625
5386
5385
5123
5059
4912
4831
4717
4567
4537
4472
4398
4194
4126
4244
4031
4059
4058
3957
3886
3854
3984
3973
3825
3850
3886
3883
3867
3743
3812
3814
3717
3771
3782
3701
3705
3724
3728
3721
3817
3697
3797
3662
3717
3740
3768
3656
3664
3866
3768
3691
3796
3746
3689
3692
3688
3685
3733
3675
3640
3646
3684
3774
3677
3631
3708
3810
3693
3677
3704
3673
3658
3667
3687
3654
3722
3699
3648
3669
3650
3677
3672
3694
3636
3801
3575
3654
3713
3692
3552
3774
3636
3608
3667
3597
3670
3667
3675
3763
3620
3769
3712
3718
3633
3661
3648
3664
3730
3511
3666
3686
3642
3681
3674
3734
3634
3706
3597
3681
3728
3677
3693
3660
3680
3706
3694
3637
3556
3583
3729
3730
3685
3563
3600
3717
3697
3627
3791
3758
3725
3712
3657
3727
3538
3726
3722
3799
3554
3799
3616
3667
3632
3726
3674
3721
3761
3753
3767
3743
3808
3820
3787
3986
3954
4056
4035
4121
4110
4196
4396
4415
4518
4905
4949
4968
5133
5137
5634
5868
6010
6132
6270
6512
6815
7085
7374
7665
7842
8231
8372
8613
8863
9049
9153
9622
9816
10142
10379
10377
10641
10850
11082
11232
11575
11548
11822
12134
12233
12101
12190
12447
12719
12943
13005
12803
13127
13179
13250
13041
13261
13420
13550
13456
13910
13821
14135
14106
14324
14467
14727
15187
15471
16064
16639
17362
18213
18943
20084
20918
22164
22941
23894
24689
25002
25549
25736
26127
25701
25401
25077
24506
24101
23254
22549
21485
20669
19914
19232
18552
17427
16703
15982
15063
14323
13600
12896
12110
11475
10712
10278
9683
8784
8605
8079
7775
7055
6825
6287
6033
5754
5488
5080
4908
4779
4480
4177
3990
3878
3777
3683
3656
3441
3469
3383
3253
3223
3118
3047
3075
2950
2988
2906
2890
2813
2903
2862
2879
2887
2805
2781
2748
2771
2683
2773
2721
2669
2788
2709
2760
2827
2850
2767
2736
2690
2635
2835
2701
2679
2751
2766
2675
2643
2730
2665
2743
2687
2641
2660
2621
2741
2654
2724
2656
2768
2631
2627
2769
2752
2740
2534
2766
2662
2638
2645
2726
2637
2607
2646
2680
2615
2730
2687
2776
2655
2644
2608
2650
2599
2701
2673
2630
2695
2626
2629
2609
2623
2678
2587
2637
2633
2669
2617
2715
2675
2631
2706
2623
2547
2648
2598
2557
2625
2632
2614
2677
2758
2602
2608
2524
2551
2678
2602
2588
2662
2624
2591
2654
2626
2617
2681
2623
2591
2600
2614
2528
2648
2654
2624
2498
2658
2555
2550
2539
2666
2606
2546
2632
2668
2561
2627
2535
2556
2468
2613
2632
2596
2575
2544
2568
2546
2654
2564
2548
2520
2516
2612
2616
2530
2649
2601
2566
2545
2534
2588
2592
2571
2559
2593
2563
2546
2672
2593
2560
2553
2616
2541
2600
2556
2411
2543
2626
2564
2572
2571
2533
2478
2669
2525
2586
2557
2625
2607
2595
2624
2542
2553
2556
2505
2537
2619
2465
2519
2547
2485
2527
2457
2517
2437
2537
2475
2510
2534
2496
2475
2574
2595
2571
2484
2540
2612
2530
2537
2597
2468
2604
2576
2539
2519
2433
2449
2545
2580
2503
2515
2619
2550
2513
2485
2560
2416
2499
2466
2496
2491
2488
2391
2500
2544
2533
2540
2530
2606
2581
2532
2591
2527
2552
2515
2600
2534
2481
2471
2458
2530
2576
2523
2525
2468
2475
2495
2465
2536
2484
2467
2511
2506
2487
2523
2497
2504
2552
2527
2503
2492
2536
2484
2521
2462
2475
2509
2483
2512
2479
2585
2457
2526
2531
2546
2443
2549
2522
2505
2540
2560
2534
2499
2492
2555
2460
2526
2506
2585
2525
2574
2474
2385
2473
2467
2471
2484
2535
2470
2505
2449
2431
2559
2487
2453
2478
2512
2499
2514
2558
2484
2453
2423
2527
2419
2461
2523
2503
2511
2487
2478
2573
2572
2474
2468
2536
2404
2450
2508
2463
2466
2522
2546
2526
2548
2569
2545
2503
2527
2523
2475
2528
2507
2471
2531
2602
2505
2490
2430
2549
2579
2632
2519
2526
2605
2533
2488
2523
2581
2633
2485
2399
2636
2497
2622
2590
2616
2669
2518
2609
2647
2542
2524
2580
2636
2688
2615
2630
2597
2632
2660
2704
2631
2622
2754
2827
2649
2744
2726
2760
2757
2910
2878
2841
2954
2944
2933
3019
3114
3208
3308
3376
3608
3771
3889
4153
4411
4729
4935
5220
5694
6164
6526
7012
7603
7954
8581
9220
9811
10428
10951
11664
12440
13223
13865
14337
15278
16095
16898
17775
18374
19375
19868
20630
21521
22028
22817
23574
23937
24648
25577
25896
26439
27476
27801
28190
28449
28768
29414
29846
30196
30800
30984
31429
31628
32178
32219
32394
32852
32716
33472
33544
33991
34004
34882
35829
36591
37376
37844
39340
40473
41779
43584
45568
47817
50065
52062
54692
57212
59732
61596
63017
65019
66334
66736
66313
66141
65196
64522
63130
61372
59083
57383
55414
53228
50669
48467
46311
43803
41553
38965
36777
34625
32277
30112
27935
26134
24001
22655
20383
19006
17535
16085
14990
13639
12287
11326
10382
9297
8557
7673
7100
6484
5767
5259
4730
4119
3925
3590
3278
2889
2688
2453
2242
2184
1910
1866
1765
1591
1471
1446
1282
1228
1212
1145
1077
1037
1011
975
953
880
901
804
844
810
822
781
814
810
752
769
757
764
676
722
748
719
735
708
702
651
718
696
671
683
658
650
686
643
658
633
645
674
677
650
653
615
642
682
663
616
609
622
609
716
630
640
653
604
637
664
633
611
638
620
601
604
625
637
614
600
651
610
664
562
621
555
586
630
601
616
626
648
556
607
646
607
574
611
575
591
592
608
572
572
619
600
583
612
616
634
593
553
585
569
606
558
570
606
590
611
543
635
581
525
555
595
596
557
605
591
578
583
574
637
592
586
622
622
623
550
614
599
589
610
593
561
590
631
632
579
600
617
626
607
629
669
674
666
679
719
716
761
771
780
837
878
931
1012
960
1070
1094
1184
1217
1345
1390
1445
1569
1632
1711
1806
2028
2021
2118
2162
2359
2369
2514
2611
2724
2817
2898
3016
3145
3178
3316
3325
3492
3678
3664
3729
3791
4015
3991
3941
4095
4262
4301
4303
4226
4350
4477
4517
4494
4578
4651
4624
4770
4611
4758
4799
4941
4987
5123
5028
5121
5296
5449
5612
5822
5866
6166
6303
6735
7007
7276
7575
7828
8170
8375
8589
8930
8925
8929
8904
9030
8798
8643
8493
8298
7993
7690
7505
7242
6981
6349
6324
6041
5776
5385
5100
4820
4523
4184
4037
3766
3392
3178
2963
2748
2626
2376
2125
2067
1850
1756
1554
1402
1398
1205
1155
1012
967
898
854
835
759
699
666
600
584
554
521
509
475
443
403
423
385
405
389
418
357
385
366
359
329
329
320
339
283
336
294
295
316
312
286
311
284
285
290
258
279
289
299
299
321
282
278
308
264
310
297
286
289
297
275
323
295
282
262
266
290
271
272
268
296
246
268
257
259
278
264
293
258
281
272
245
283
256
258
265
267
294
258
273
249
262
294
257
255
259
267
270
244
264
310
270
276
239
292
267
254
247
262
264
271
249
263
250
246
243
239
271
263
260
249
250
255
242
258
281
239
287
246
265
240
243
256
266
277
277
266
242
244
239
251
232
274
242
251
231
236
279
223
242
236
225
232
242
251
227
248
247
251
230
212
214
232
237
256
253
234
253
250
218
250
259
264
253
250
252
219
229
253
247
232
249
218
237
216
222
251
234
215
215
216
203
234
237
228
219
221
239
233
215
251
217
242
213
235
213
228
237
211
212
244
192
213
242
205
242
206
227
233
224
249
221
243
246
228
205
241
234
224
219
233
214
234
201
208
218
204
207
208
233
250
244
226
218
240
193
230
275
219
242
219
210
208
236
215
217
214
204
201
257
228
193
189
217
208
227
199
226
222
224
241
221
223
213
232
206
230
246
220
205
212
204
208
210
232
192
226
212
235
216
176
236
224
195
210
223
238
211
210
202
248
207
216
202
193
208
213
225
225
222
231
237
199
226
219
194
215
208
236
214
217
216
228
241
203
216
209
218
205
209
218
185
228
212
224
198
248
200
224
213
214
204
209
182
183
207
209
181
203
211
200
239
218
217
173
208
249
191
220
214
207
190
193
203
182
224
195
193
220
221
201
205
213
196
205
200
198
191
202
227
202
198
212
201
197
211
199
166
168
185
186
199
190
226
209
190
200
208
206
215
184
224
218
194
198
192
211
208
214
199
216
173
197
188
192
217
217
172
203
201
173
200
207
210
176
190
192
194
199
169
197
222
215
213
196
228
218
161
181
201
198
192
207
215
200
189
222
202
175
219
197
178
194
198
204
207
197
202
195
179
194
214
209
207
184
214
205
199
204
201
196
196
166
198
190
176
167
203
208
208
190
175
200
195
200
194
183
191
187
183
190
209
212
172
219
174
174
180
198
212
172
220
240
195
201
213
233
196
188
198
186
214
195
178
183
225
186
193
206
188
183
200
197
217
189
196
193
197
174
184
175
171
188
156
207
200
154
175
202
165
185
195
174
201
154
173
176
190
179
170
176
177
168
147
165
181
169
169
159
158
200
185
182
163
172
184
192
188
176
157
183
154
192
169
182
188
157
171
148
154
164
167
194
188
164
154
153
170
160
172
191
174
162
167
189
176
177
145
179
158
169
159
169
155
166
178
156
173
184
158
165
165
161
152
162
160
173
167
186
157
183
181
157
179
171
185
145
166
181
179
154
168
181
174
180
164
179
160
171
173
159
154
178
177
158
189
150
160
155
183
170
172
187
174
163
189
155
140
185
172
161
173
175
161
177
152
148
160
164
169
175
166
135
158
168
178
162
173
164
184
157
180
178
162
149
141
167
154
150
172
165
166
168
167
178
152
164
170
182
141
149
153
157
169
159
158
150
151
152
166
161
162
187
170
153
154
149
157
166
153
122
153
170
165
147
177
173
168
149
157
175
153
156
161
142
153
159
163
144
165
179
137
125
155
148
158
140
148
159
148
148
176
142
131
198
168
143
140
138
167
151
146
146
165
157
147
143
146
149
170
148
152
153
135
142
156
152
157
146
164
164
171
159
158
160
140
138
162
147
152
169
164
144
150
151
150
147
123
187
146
142
130
142
136
126
153
152
140
163
180
136
160
144
135
150
153
147
142
149
160
149
138
136
137
154
137
160
146
141
174
152
143
148
137
166
142
144
144
145
158
140
130
140
183
144
121
139
151
121
156
173
131
127
143
139
139
151
152
152
140
133
138
133
146
116
173
155
137
148
142
141
147
137
123
119
141
119
135
159
157
142
168
157
142
165
120
144
143
119
148
141
133
123
135
129
151
107
136
137
139
124
127
148
141
148
142
139
159
148
138
144
145
110
132
137
135
136
126
164
127
141
157
152
142
126
160
159
144
157
140
131
138
128
145
128
115
126
141
137
136
119
133
125
152
129
124
150
143
133
116
131
116
131
122
128
109
137
109
122
118
145
129
115
141
159
144
144
143
155
102
135
121
138
125
118
165
133
138
118
134
123
126
127
140
125
102
134
126
141
146
124
125
112
120
139
126
150
119
113
133
137
138
139
147
136
139
133
113
123
116
133
149
138
131
152
109
104
127
134
117
133
136
125
134
115
139
129
140
133
129
131
143
138
138
118
93
151
119
112
141
113
111
126
116
123
120
112
126
127
134
109
143
124
128
120
156
124
128
118
137
121
127
120
141
116
120
123
119
109
118
123
127
111
127
130
134
121
128
106
135
105
127
131
124
104
115
119
127
141
118
121
124
130
130
122
127
142
99
128
128
111
121
140
119
108
132
119
117
110
99
135
106
111
97
121
115
126
117
131
125
122
135
120
136
106
125
119
122
113
129
117
125
105
114
106
130
117
100
106
110
105
119
107
113
108
114
144
129
100
115
100
100
126
119
133
103
108
113
102
108
111
107
106
102
107
118
110
114
114
113
117
113
105
118
118
126
115
123
117
126
119
106
131
102
106
114
110
112
104
111
99
115
106
107
99
105
141
124
132
118
121
104
102
89
114
131
115
98
108
112
110
133
129
103
123
116
133
120
108
109
108
120
132
103
151
117
124
110
106
105
117
130
112
114
107
119
104
121
108
96
109
126
99
109
101
107
110
95
105
120
111
96
107
110
99
129
118
126
101
146
122
119
119
111
103
118
106
119
122
135
108
143
136
132
117
133
103
104
106
133
108
135
113
121
104
103
116
122
120
107
127
127
111
113
120
111
130
113
117
104
94
103
110
92
125
119
114
115
105
111
111
121
129
106
108
110
108
104
100
100
100
103
93
94
99
106
99
96
99
98
100
97
87
96
99
99
117
90
88
102
91
114
123
108
107
104
78
101
77
97
100
94
76
87
92
90
100
89
87
97
87
94
97
95
89
113
106
121
109
85
101
85
85
91
89
109
85
92
93
82
91
80
104
101
108
87
101
93
100
95
84
94
104
93
98
100
91
81
92
91
82
88
96
73
94
97
78
76
85
83
102
101
72
91
93
92
75
100
97
96
80
97
88
103
85
86
105
79
94
81
94
99
73
81
85
98
108
83
100
88
95
78
77
95
95
81
97
77
85
92
90
87
91
107
84
97
98
100
104
100
88
98
96
91
89
103
96
74
99
72
79
87
86
69
90
93
87
89
91
91
96
81
74
82
87
79
84
99
97
89
67
90
81
89
89
78
90
88
92
86
94
87
95
87
93
70
84
73
101
100
94
74
77
68
82
91
84
82
80
72
67
94
99
80
93
84
75
65
103
99
91
73
86
73
77
79
97
78
96
77
78
90
90
72
72
70
83
72
82
93
96
85
95
94
83
79
91
86
74
93
64
72
74
78
81
83
69
73
73
86
94
77
84
80
69
76
86
87
83
75
74
76
87
83
86
77
78
90
76
81
81
73
81
73
79
79
62
79
80
77
89
80
72
70
86
72
83
73
86
83
80
84
76
81
72
73
80
80
79
92
56
72
80
84
79
88
90
72
73
64
85
85
70
87
81
90
81
98
61
74
76
60
70
85
81
84
78
77
80
60
73
71
72
89
94
76
80
71
84
71
63
76
74
84
90
90
74
53
70
75
73
81
76
85
79
87
76
91
61
82
64
59
73
63
72
75
52
73
77
77
75
79
85
91
67
84
79
62
79
61
77
56
64
75
66
67
83
52
74
58
60
63
74
86
68
75
63
58
54
48
86
80
75
80
65
66
74
57
56
65
55
82
69
71
67
66
64
75
69
77
61
70
74
70
82
86
63
72
65
78
72
74
80
65
58
72
66
73
67
87
63
70
50
63
87
68
68
64
55
76
69
63
48
59
72
65
74
81
63
74
65
60
64
76
63
74
66
66
70
67
79
67
79
70
62
55
73
68
70
66
54
66
65
63
74
56
69
69
63
74
58
58
68
66
53
64
69
71
78
81
50
66
43
68
75
70
70
61
61
62
56
59
61
59
65
60
51
54
64
62
62
67
70
61
54
64
71
58
64
69
68
60
67
73
68
56
61
67
64
65
65
67
59
56
61
43
52
50
82
54
69
72
61
62
46
65
64
66
73
65
56
75
69
60
60
60
59
67
55
68
74
67
59
49
60
67
77
70
64
54
53
63
73
72
55
62
66
71
64
56
57
62
45
55
71
57
54
54
59
54
48
68
57
68
63
63
61
57
52
81
58
60
56
65
59
57
56
57
50
72
63
65
61
67
61
54
63
70
72
53
49
47
64
54
50
55
51
54
55
59
57
68
41
72
59
56
44
74
63
58
58
50
51
58
62
66
65
76
74
61
52
49
70
61
59
63
59
65
66
73
60
51
55
70
57
67
65
54
62
68
69
60
75
74
42
75
50
60
47
35
49
73
79
68
76
55
71
63
60
50
60
66
50
74
66
69
52
78
62
51
62
60
49
74
62
59
66
56
73
61
61
55
52
47
64
61
61
56
49
65
69
53
65
51
57
56
69
48
61
49
62
43
63
51
50
47
45
53
52
57
48
57
47
51
69
33
49
47
57
53
62
48
48
47
43
40
59
42
61
62
41
55
49
60
44
41
42
50
46
41
52
34
40
50
56
56
49
44
52
55
46
43
47
65
47
52
46
55
42
48
44
45
51
62
52
54
38
48
67
43
51
52
47
49
51
47
34
41
41
50
47
40
41
44
54
41
54
59
54
43
56
40
42
45
51
54
56
46
51
46
50
46
51
45
48
33
51
46
66
56
55
42
34
45
56
60
53
42
35
45
48
47
37
54
46
63
49
38
60
61
46
49
45
37
55
38
40
40
48
44
45
44
53
51
56
57
43
53
33
45
37
51
47
45
60
47
59
47
37
47
36
46
61
53
50
50
57
45
60
39
56
50
40
66
51
55
54
45
72
56
71
61
45
67
44
63
62
65
54
52
55
30
51
40
74
51
55
45
49
59
57
61
60
51
48
51
65
60
54
67
39
66
59
75
51
59
63
71
53
50
58
55
56
62
63
63
52
76
40
58
54
68
44
73
60
59
69
47
70
76
64
61
48
52
74
70
80
62
67
50
54
74
79
71
56
60
65
57
60
50
47
66
50
46
48
68
51
39
61
50
54
50
38
36
46
42
63
47
60
46
34
36
53
40
52
44
30
53
54
41
38
43
37
44
42
50
38
39
48
40
43
44
58
30
43
49
44
32
38
45
43
51
45
43
46
37
34
45
43
33
35
39
35
41
37
44
50
41
45
36
40
26
43
47
33
47
38
53
40
49
35
41
35
46
34
34
40
37
44
52
41
45
41
42
37
45
31
43
45
34
41
55
33
42
45
49
38
45
39
32
40
46
31
44
29
40
32
43
29
42
30
36
42
42
55
52
38
47
47
41
38
40
41
38
41
36
47
44
42
44
43
52
52
40
31
38
40
48
39
35
37
48
42
56
33
37
31
40
25
43
40
45
45
33
45
33
42
38
31
40
32
44
45
44
29
42
43
48
46
48
40
42
22
44
41
38
36
42
33
30
31
43
36
38
30
46
48
58
41
45
30
36
47
49
40
34
35
39
37
31
29
53
51
55
38
40
43
44
43
45
44
32
33
41
36
36
43
31
36
34
35
44
25
40
42
34
34
30
44
32
36
34
37
30
39
27
30
34
30
40
31
32
36
55
23
39
29
40
35
42
40
36
42
22
26
35
27
32
23
34
31
25
30
38
27
29
36
40
39
31
50
40
33
25
41
29
47
25
43
38
35
39
36
31
32
24
33
27
30
38
38
38
37
35
37
25
37
30
44
38
39
31
34
36
26
41
34
25
39
24
28
27
35
37
29
43
32
33
23
29
29
27
25
50
40
32
26
29
37
37
41
28
44
42
26
35
28
26
39
29
34
33
30
37
27
43
33
36
29
29
32
40
28
31
30
41
30
42
39
32
22
32
34
23
42
35
21
27
23
37
32
29
34
25
33
27
33
30
33
28
33
45
45
32
30
28
38
25
28
30
40
30
27
34
32
42
35
26
35
29
39
33
39
36
30
30
37
33
53
32
24
35
39
30
37
33
35
27
32
27
30
47
23
44
41
36
38
39
34
41
33
37
35
40
34
25
44
25
39
34
44
21
29
39
50
32
34
33
33
31
43
38
36
32
39
35
41
39
25
35
41
48
50
45
40
49
48
39
43
29
33
31
39
31
32
45
33
38
37
42
38
38
39
38
43
37
39
32
34
39
34
40
37
35
32
32
31
41
34
37
34
33
43
30
36
30
37
33
25
31
32
26
20
33
25
23
31
16
28
23
24
22
25
28
21
30
42
34
20
24
23
32
19
21
19
31
22
25
24
16
22
11
18
22
27
24
22
30
28
25
28
21
28
26
31
20
22
23
24
23
22
38
30
26
28
27
25
34
24
24
26
29
26
34
34
21
17
24
16
13
22
17
24
25
17
26
24
20
30
25
29
24
31
21
22
18
29
17
31
18
20
23
22
20
17
23
17
20
29
21
25
19
23
25
32
23
25
24
16
26
19
19
18
17
19
24
30
19
29
34
20
27
20
22
18
15
16
24
26
19
28
26
20
32
20
25
32
26
25
15
20
20
35
16
35
26
20
21
18
18
19
19
16
23
24
19
23
15
16
19
18
20
23
24
18
23
22
19
25
20
14
21
22
20
29
19
22
28
13
18
31
25
28
19
18
34
19
19
19
25
26
15
26
20
30
22
24
18
27
25
20
25
16
28
31
31
26
30
17
21
17
21
17
25
20
17
15
25
15
32
24
18
19
15
20
15
22
22
22
23
20
38
23
23
22
21
20
20
28
17
13
17
24
24
28
27
25
16
16
22
20
14
32
27
26
24
27
26
18
23
26
26
22
23
22
22
28
21
22
22
20
23
21
22
17
21
21
18
20
18
29
18
21
16
21
23
22
26
24
22
26
21
21
23
22
22
19
16
23
19
23
31
18
18
16
30
24
22
23
30
27
19
17
21
19
14
18
22
24
22
20
20
13
14
18
16
26
22
17
27
23
31
26
27
21
21
16
17
19
21
17
16
22
24
14
13
30
25
23
28
27
21
26
23
17
17
22
21
23
21
18
22
15
21
23
21
17
18
21
18
23
16
25
20
22
20
20
30
23
17
15
20
17
16
18
18
20
22
20
17
25
26
24
33
21
26
16
26
24
17
19
14
22
27
27
26
26
16
25
19
25
24
31
18
17
23
27
26
21
12
22
23
23
15
26
22
16
23
31
18
21
15
25
30
19
18
18
19
19
31
18
34
16
27
19
36
22
22
21
28
27
28
29
28
21
26
33
25
26
23
20
25
23
19
25
24
22
31
25
23
31
21
25
32
33
28
24
31
30
30
25
24
29
28
20
27
31
22
29
36
19
28
20
31
26
25
40
31
27
43
29
16
29
21
37
23
25
31
24
35
30
24
17
36
18
22
19
27
34
23
31
28
26
30
29
30
24
29
21
30
24
38
27
27
24
24
26
20
29
24
22
23
28
16
16
23
30
18
14
12
13
10
20
10
14
19
15
8
12
10
6
17
9
14
16
12
5
11
13
11
12
10
15
15
13
9
13
12
12
12
11
10
13
13
7
10
10
15
17
10
6
9
9
8
9
9
5
10
7
15
12
13
6
11
12
8
13
10
5
8
10
12
10
16
18
10
13
13
10
11
8
18
16
15
15
21
16
5
10
19
10
8
10
7
14
10
15
15
9
10
9
17
14
12
12
5
13
14
12
15
10
10
9
11
18
12
15
8
9
8
14
12
11
7
13
12
10
10
10
9
8
7
9
7
16
11
15
14
18
13
8
19
17
7
11
16
18
19
10
12
17
13
15
13
16
10
12
8
13
11
17
9
17
8
10
9
8
16
7
25
16
7
13
10
6
9
9
7
9
13
10
14
11
17
9
6
13
8
11
12
10
12
16
13
11
9
6
14
11
9
19
14
9
11
7
8
17
15
15
9
18
20
15
7
9
9
10
15
4
14
14
10
12
12
12
9
10
17
12
14
11
9
8
13
11
13
14
9
10
12
14
6
15
5
10
15
7
13
8
6
16
15
16
17
16
19
9
11
9
13
8
14
13
13
18
11
12
13
8
14
12
10
17
16
6
11
10
6
9
14
9
7
11
13
5
13
18
14
8
16
5
10
5
6
9
11
8
7
10
6
10
10
11
8
9
11
7
9
11
8
9
6
7
10
15
7
7
6
8
5
11
10
4
6
11
3
7
5
9
8
8
10
7
6
9
2
7
4
11
12
5
10
10
6
5
9
11
5
9
8
4
5
8
9
7
4
7
9
10
5
10
7
6
4
6
8
5
9
6
8
4
6
10
6
6
8
7
9
5
4
8
4
6
8
6
9
7
11
9
10
9
11
5
5
13
5
11
10
4
8
10
6
4
9
7
6
5
4
7
7
5
3
6
5
8
8
7
6
9
14
5
11
11
9
10
12
7
8
5
5
12
11
6
6
6
10
7
9
6
7
9
11
8
4
3
10
9
6
15
12
8
9
9
6
7
7
8
7
6
10
5
8
5
4
8
7
3
4
7
5
11
9
13
7
12
10
5
10
9
9
4
3
7
3
11
8
8
6
10
3
4
5
6
5
6
8
10
11
8
6
5
8
11
6
5
14
8
5
10
6
8
13
9
10
5
10
3
5
3
7
8
11
15
9
6
4
7
7
11
5
6
11
10
12
10
6
6
10
3
7
13
8
7
9
14
12
8
8
8
10
10
8
4
7
12
5
9
10
12
9
3
11
7
7
7
14
10
8
10
10
5
6
8
3
7
8
7
9
14
8
7
8
12
9
14
7
11
5
4
12
7
9
12
5
10
9
9
4
7
9
7
6
11
9
8
8
6
5
8
14
9
7
13
7
10
5
4
12
8
6
5
12
7
7
8
7
5
11
6
4
9
12
6
11
12
5
14
4
8
10
6
8
7
8
8
8
6
4
9
9
4
11
3
6
7
7
4
6
9
5
8
8
7
6
7
7
6
5
4
6
5
10
9
8
7
8
9
7
5
7
6
7
6
2
10
4
4
4
6
10
8
5
5
5
6
4
9
6
3
7
12
14
3
7
3
4
6
7
6
3
8
5
5
4
8
5
5
2
7
6
9
8
5
11
4
4
4
7
6
8
5
7
8
10
5
5
5
2
5
8
5
8
9
5
4
9
13
5
8
5
10
8
9
2
9
9
11
5
4
6
7
9
7
6
3
7
4
3
6
7
15
7
6
3
10
4
4
5
7
6
7
2
5
8
7
7
4
7
2
5
12
6
5
11
6
8
5
5
7
3
10
6
2
3
5
5
6
7
9
7
5
7
4
4
5
9
8
7
7
13
9
7
9
6
10
9
12
9
7
3
7
8
6
5
7
11
14
8
6
5
4
4
9
5
10
7
7
4
5
10
6
10
9
11
4
8
7
4
8
4
8
13
9
8
3
6
8
11
4
7
5
8
6
6
10
8
9
3
4
5
7
6
4
8
6
2
7
3
5
4
5
8
9
5
6
10
12
6
4
3
9
9
8
4
7
5
4
6
7
9
2
6
3
3
6
7
8
8
9
4
4
5
4
9
4
4
8
2
6
5
5
7
9
4
7
3
8
7
6
4
4
5
4
5
9
7
6
4
8
5
3
7
4
5
7
11
2
5
7
2
5
3
14
3
5
9
9
5
4
7
6
5
8
7
6
5
6
6
6
7
4
11
10
2
4
7
6
6
9
6
7
5
6
5
5
7
5
5
4
2
11
7
9
6
5
9
3
7
5
4
6
4
7
5
5
6
10
3
5
1
2
10
2
2
5
9
8
5
2
6
6
7
5
5
2
9
7
7
5
9
6
5
3
7
5
5
6
2
5
7
2
2
6
8
6
8
10
8
6
8
5
7
6
6
4
3
9
6
3
4
8
6
3
6
4
4
5
10
3
7
7
12
5
3
5
6
8
3
6
7
8
7
8
6
8
9
9
5
4
8
6
7
9
4
6
11
7
4
3
7
5
5
3
3
6
3
3
4
7
6
4
5
8
6
4
5
2
9
7
1
1
8
4
10
2
9
4
7
3
7
5
7
2
7
5
5
8
7
3
7
7
7
3
8
6
4
7
11
4
3
5
5
2
4
5
6
5
8
5
6
3
5
5
7
4
4
6
3
6
2
7
6
7
7
6
7
6
5
3
1
8
5
5
5
10
2
6
7
6
5
3
5
8
7
5
4
1
1
4
8
4
6
9
3
6
5
4
8
1
8
4
6
8
3
5
8
5
7
4
3
7
4
3
5
11
5
4
6
12
7
8
5
2
7
5
5
11
6
8
3
8
3
9
1
4
5
6
10
5
7
3
6
5
7
5
6
4
7
2
4
4
2
8
9
8
3
4
8
10
10
8
7
4
7
5
6
8
4
7
4
8
4
5
7
10
8
9
6
5
5
9
7
4
6
7
2
3
7
5
4
2
4
5
3
0
10
3
5
4
4
9
2
8
6
2
8
2
6
7
4
5
4
6
11
9
1
6
3
6
2
7
7
5
3
7
8
5
7
6
4
2
5
7
4
0
5
8
5
3
8
7
6
6
8
7
7
3
4
9
5
6
4
7
3
6
1
1
6
4
4
8
7
6
6
2
4
7
9
2
10
6
4
4
5
6
3
8
2
4
6
4
6
3
5
8
7
7
6
2
8
7
6
4
7
5
2
3
4
5
3
3
4
6
3
6
9
7
5
7
3
7
5
5
3
3
7
7
4
3
6
2
6
6
5
3
7
3
8
7
4
2
9
4
6
7
5
6
5
4
6
8
6
4
9
2
4
3
5
4
4
4
9
5
2
5
10
10
8
2
4
4
4
7
5
4
6
4
8
4
6
7
8
8
5
2
2
3
4
4
5
4
5
4
7
6
4
6
3
4
5
9
7
3
6
6
5
2
6
2
6
6
3
6
10
6
4
4
4
6
6
6
7
6
6
7
7
4
5
4
4
2
9
5
10
1
4
4
3
5
2
8
5
6
4
5
3
6
2
3
6
4
4
11
3
6
3
7
6
6
2
1
5
9
4
4
2
9
4
4
8
7
2
2
4
7
6
5
1
3
1
5
5
11
2
5
2
2
6
9
6
4
4
9
1
5
7
3
3
7
5
3
3
6
4
0
1
5
3
4
7
4
5
5
4
6
4
4
8
3
7
4
5
5
6
3
8
5
5
7
1
5
3
4
6
1
3
4
3
3
4
1
5
6
3
3
2
2
2
6
5
7
7
3
4
2
4
2
5
13
7
4
4
7
7
5
4
4
4
5
6
5
2
6
3
5
4
5
3
3
4
2
6
4
3
3
4
3
5
4
2
4
10
4
2
5
7
6
7
2
11
5
5
12
4
1
5
4
6
4
2
4
1
4
6
5
2
5
5
4
3
4
4
5
5
6
6
1
5
5
4
10
5
3
3
8
5
6
6
5
4
6
3
2
4
8
5
2
3
6
5
6
4
4
3
4
2
7
2
5
4
4
4
4
3
3
4
8
6
7
2
3
1
5
1
9
2
7
7
6
6
1
5
2
6
4
7
2
9
3
8
5
2
6
2
3
5
3
4
5
3
7
4
1
1
9
5
3
6
5
8
2
6
3
1
6
3
4
6
3
4
6
5
7
7
7
4
2
3
4
6
5
3
6
3
3
8
6
9
9
6
4
4
1
3
7
5
2
3
4
6
2
8
4
5
6
6
4
2
4
0
4
6
6
5
6
5
0
8
6
3
1
8
8
6
1
5
6
5
2
5
5
2
3
4
3
5
5
4
9
4
4
5
2
2
4
4
4
5
3
4
5
4
4
1
7
3
9
2
5
7
8
3
5
5
3
7
7
5
4
5
4
3
7
5
4
2
3
4
7
5
4
3
6
5
2
6
3
0
2
4
4
5
3
6
5
4
4
3
4
7
4
2
2
2
3
4
3
4
7
2
2
4
4
5
6
4
4
5
4
5
5
7
2
3
3
5
5
4
4
8
4
4
6
4
8
3
6
7
6
4
3
10
11
7
6
11
6
7
10
7
8
11
6
9
8
4
10
7
5
10
13
5
12
10
10
5
11
4
7
6
14
6
9
9
17
12
10
8
9
13
6
11
5
16
8
7
12
8
10
8
13
9
10
9
8
4
10
5
5
7
8
10
6
8
9
7
12
10
7
11
8
6
7
6
9
7
6
9
4
6
7
7
6
6
6
6
9
4
5
3
4
5
6
11
4
3
3
7
4
3
1
5
3
6
5
3
3
5
5
5
5
6
7
1
3
6
0
4
4
5
3
2
2
4
6
1
7
4
0
3
4
7
8
5
1
7
2
4
2
5
0
1
5
5
0
4
4
1
6
5
6
3
6
5
5
7
4
5
2
2
4
4
12
2
5
3
7
5
5
6
3
4
3
4
3
3
3
4
4
5
5
3
4
3
2
4
1
1
4
8
3
2
8
6
3
3
2
5
5
3
2
2
5
5
3
5
5
8
7
4
1
3
2
2
8
5
3
5
2
5
7
2
3
5
5
3
4
3
4
4
5
4
5
4
4
1
3
5
4
7
5
2
6
3
6
2
4
4
6
4
7
4
8
5
2
5
5
4
9
3
4
6
6
4
4
6
5
3
5
0
6
7
5
5
3
3
0
5
6
5
2
7
3
3
5
3
4
2
4
10
4
9
3
3
4
2
7
2
3
3
5
7
4
7
6
6
7
4
4
4
6
4
4
3
4
5
3
4
5
5
2
3
5
5
2
2
8
1
5
4
2
1
2
5
6
5
2
3
3
2
6
3
4
3
6
2
6
4
2
1
5
3
5
3
2
2
4
6
3
1
4
1
4
4
2
5
7
3
7
5
3
3
6
6
5
3
3
1
2
5
4
5
3
2
3
10
1
3
2
4
5
5
2
4
2
4
3
2
4
6
2
8
5
2
3
2
5
6
3
6
7
5
1
1
3
4
4
4
4
1
2
3
3
4
2
2
1
2
4
8
2
3
6
5
3
4
4
5
5
5
1
7
5
8
3
5
6
3
4
6
2
5
4
5
2
2
9
8
2
5
4
4
5
3
2
7
7
0
1
2
5
4
4
3
7
4
6
1
0
5
4
6
6
4
4
3
9
8
4
4
1
7
1
1
2
4
1
5
2
1
4
4
3
7
1
3
2
3
3
5
3
2
4
1
5
6
3
4
3
6
4
3
4
2
5
4
4
7
3
5
7
3
7
7
2
3
3
2
6
1
6
2
2
6
4
4
3
3
5
3
2
1
5
2
7
8
3
7
1
4
4
4
3
6
7
6
4
5
4
6
1
3
3
7
3
4
6
7
6
4
5
6
5
6
4
2
6
7
5
6
10
5
4
6
8
4
9
6
5
3
9
5
3
3
5
3
7
7
6
3
6
2
9
4
7
7
3
5
4
3
6
9
4
9
12
7
5
8
6
4
11
5
8
7
3
8
3
6
5
8
5
6
8
2
6
7
2
8
7
10
7
4
7
3
8
8
6
4
3
3
6
5
5
5
5
6
6
9
3
4
8
6
5
6
9
2
4
1
5
8
4
5
5
5
5
6
3
5
6
4
3
4
2
5
3
7
3
4
1
6
5
2
7
3
4
2
3
4
3
3
5
2
3
7
7
4
2
2
7
4
2
1
5
0
5
3
3
2
7
1
2
6
5
5
4
3
3
9
4
1
4
5
6
3
7
4
4
3
1
4
2
1
3
1
5
5
4
5
4
3
3
4
2
1
2
6
3
6
3
6
2
2
4
4
1
5
5
5
3
4
4
1
4
3
5
2
5
3
1
4
1
5
4
6
2
2
2
3
3
5
6
3
4
4
5
6
5
3
3
2
4
6
4
4
3
4
3
3
3
3
1
2
2
2
4
4
6
5
4
1
2
4
2
4
3
7
7
2
1
6
4
4
0
1
4
4
2
1
4
4
3
3
0
3
11
1
2
2
5
2
3
7
3
3
2
5
2
2
5
1
3
4
5
3
1
4
5
2
4
2
4
5
4
4
5
1
2
2
3
5
2
7
4
5
4
2
6
6
2
6
1
3
1
3
2
2
3
5
2
4
4
2
3
4
8
4
3
3
2
6
4
3
4
3
3
5
4
0
4
3
3
3
2
1
3
5
0
3
4
5
3
4
4
3
1
3
3
6
7
3
2
2
6
5
2
2
3
2
6
3
7
2
4
2
3
4
4
1
8
4
5
3
5
4
6
4
3
4
3
6
3
3
4
3
4
3
1
4
6
1
4
2
3
4
2
1
1
4
2
3
7
6
1
2
6
4
3
5
3
1
1
3
5
3
6
4
1
3
5
3
7
3
1
4
3
3
3
6
6
3
6
1
5
4
4
2
3
2
1
1
3
2
3
5
2
3
3
8
5
3
3
5
1
3
4
4
3
2
0
3
3
2
5
3
2
3
6
2
3
6
1
2
3
2
2
2
0
1
1
4
0
5
2
9
4
3
2
3
0
3
4
4
2
3
3
4
3
0
4
7
2
3
4
2
3
4
3
1
2
1
3
3
2
4
6
5
5
2
2
0
1
1
2
4
1
5
2
3
2
2
1
4
1
3
6
1
6
5
4
2
1
5
6
3
2
1
1
0
2
6
4
5
4
0
8
4
4
4
2
4
2
3
1
3
1
2
1
6
2
4
2
6
3
2
0
5
2
3
3
2
3
3
2
1
2
4
4
2
4
2
2
5
3
2
3
1
0
5
2
9
3
2
4
1
5
1
2
5
5
6
3
2
5
4
3
3
6
1
2
4
1
0
3
5
2
2
5
2
1
3
1
3
2
4
4
3
2
3
3
3
2
1
1
1
6
3
4
1
4
7
5
6
5
2
4
5
2
6
4
5
3
3
4
2
3
1
1
4
2
3
3
1
1
3
1
1
3
4
1
1
1
4
4
3
3
7
3
2
5
3
3
4
2
5
2
4
5
2
0
3
5
1
4
5
5
4
8
5
5
2
0
2
1
1
5
4
2
1
2
2
5
5
2
7
5
1
1
5
1
4
3
5
6
2
4
5
3
6
3
2
2
2
1
2
2
3
3
5
2
1
1
2
3
4
0
3
3
2
1
1
4
2
4
2
3
2
6
4
2
2
0
1
1
3
0
2
3
3
3
4
7
2
2
4
2
4
4
6
3
3
6
3
5
4
2
4
4
6
2
4
2
6
1
1
5
6
5
3
4
1
3
5
5
0
2
0
1
6
7
4
5
4
3
1
4
0
7
4
4
4
7
3
6
3
3
2
6
1
3
2
3
4
7
2
7
4
5
3
2
2
4
2
1
2
2
1
1
3
2
4
2
1
4
5
2
1
6
5
3
2
0
2
4
7
5
3
3
3
2
1
1
3
3
6
3
2
0
1
5
5
2
2
0
3
4
4
3
2
3
2
5
3
1
5
4
4
3
4
3
2
5
5
2
4
3
5
3
4
4
1
3
1
2
4
4
3
7
3
3
4
0
5
4
4
2
4
5
2
3
4
4
5
3
1
2
1
4
4
5
0
4
2
2
5
7
4
1
4
4
1
5
2
4
4
2
2
1
3
2
2
1
4
2
1
3
2
1
4
2
3
4
3
2
4
1
2
1
2
1
4
2
0
1
3
4
4
3
2
2
4
1
5
2
7
2
2
1
1
4
3
2
3
4
7
6
1
2
2
5
3
4
8
4
6
2
1
6
2
2
4
9
1
7
1
2
4
3
2
3
0
2
1
3
1
3
4
1
3
5
4
5
4
5
1
3
2
0
3
1
4
1
3
5
7
8
1
2
3
1
3
1
0
2
3
5
3
3
3
3
4
2
0
2
0
4
2
1
4
5
4
2
3
4
0
3
1
2
1
2
2
6
5
0
0
2
4
4
1
5
3
3
3
2
1
2
3
5
2
5
5
4
2
5
4
2
2
2
1
4
2
3
4
2
2
3
3
3
3
2
0
4
2
4
3
5
5
3
3
3
1
5
1
0
3
4
4
1
5
0
2
4
4
6
2
2
7
2
6
1
2
2
2
3
6
2
1
3
2
4
4
3
4
1
2
3
2
1
1
6
1
4
0
3
3
2
3
3
1
4
1
3
6
5
2
3
3
4
0
4
0
3
1
2
3
2
1
2
3
5
6
3
3
2
5
6
2
5
3
5
8
4
2
3
2
5
2
3
3
2
3
0
0
3
3
5
5
2
1
1
3
1
2
1
1
3
3
2
4
2
3
3
3
5
1
2
3
0
2
3
3
4
1
3
6
2
4
4
5
1
2
2
1
4
2
2
3
7
2
3
3
0
3
3
4
2
3
1
3
4
4
4
1
4
2
6
2
6
5
4
5
6
4
5
3
2
3
6
0
7
2
2
4
1
6
4
3
3
2
4
2
2
5
3
1
3
2
4
1
2
4
1
4
2
3
5
2
3
2
2
3
3
3
2
3
2
5
3
4
1
2
2
5
2
5
3
4
3
4
4
2
1
1
3
3
3
4
5
2
1
1
2
2
3
2
3
5
2
3
4
4
4
2
5
2
1
3
2
6
5
3
1
6
1
5
2
2
1
2
3
3
3
2
1
3
3
4
0
0
3
0
2
1
4
0
1
4
1
1
3
4
2
3
4
5
3
3
3
4
5
5
2
2
3
2
2
2
2
2
4
1
0
1
2
1
7
1
3
0
3
4
4
2
3
2
3
2
6
7
2
1
1
2
2
5
3
3
1
4
4
5
3
1
0
5
3
1
5
4
1
3
3
1
5
3
4
3
4
1
7
3
2
2
4
2
2
3
2
5
2
3
2
3
3
3
3
4
5
2
3
0
3
2
3
1
3
5
3
2
4
3
3
1
3
2
3
4
4
1
3
3
2
2
2
3
2
3
2
9
3
0
1
7
3
3
5
2
4
8
2
3
3
3
5
5
3
2
7
3
1
3
5
6
5
11
2
2
4
1
5
6
4
5
0
9
3
6
9
6
6
3
3
3
8
3
3
2
5
5
8
7
4
1
5
5
10
4
6
8
3
3
11
9
4
11
2
5
5
5
5
6
5
5
5
5
6
4
4
3
8
7
7
8
2
4
7
6
9
4
4
5
4
5
2
3
5
1
5
4
2
5
3
3
4
4
0
5
2
4
9
5
5
5
2
5
5
4
5
2
2
9
3
2
2
2
7
3
5
1
2
2
0
3
2
5
5
1
2
4
2
1
9
2
5
3
3
2
3
4
1
3
1
2
3
3
1
6
4
4
7
3
1
4
1
5
3
4
1
2
1
1
4
4
0
3
1
4
4
2
0
4
3
3
2
2
1
4
5
4
2
3
3
3
1
3
2
4
2
5
0
3
2
1
5
2
3
2
1
3
1
2
3
3
0
8
0
1
3
1
2
2
3
3
2
2
2
5
3
3
2
4
4
2
2
4
2
3
5
4
3
0
3
1
1
4
2
5
5
2
3
0
2
4
2
0
2
4
1
5
2
5
1
1
4
4
1
3
4
3
0
2
5
5
2
1
4
3
3
3
6
2
2
3
4
0
2
2
4
5
3
3
3
1
1
1
3
2
2
3
5
4
1
2
5
3
1
4
5
1
3
1
0
6
2
0
4
0
1
1
0
1
2
5
4
5
2
3
4
2
3
2
2
3
3
1
3
8
3
2
3
3
1
5
2
2
2
2
4
4
0
6
4
4
4
3
4
0
5
4
2
3
0
3
3
4
0
3
2
2
1
2
4
1
6
2
8
3
5
3
2
4
2
4
3
2
4
5
2
3
3
3
6
2
2
3
1
3
6
1
4
2
2
4
6
1
3
1
7
1
3
1
2
3
2
1
2
6
4
5
4
3
2
3
1
0
1
1
5
2
4
0
2
3
2
3
2
0
3
2
2
1
5
3
0
4
5
0
1
0
3
5
2
4
1
2
4
2
1
2
4
1
2
4
3
1
2
3
5
2
3
3
2
4
1
2
1
2
4
4
3
4
1
4
0
2
3
3
4
4
3
1
3
4
2
4
3
3
2
1
7
7
1
3
5
4
3
0
5
3
2
3
2
3
0
4
2
3
5
0
1
2
2
3
2
2
2
4
1
4
5
0
3
2
2
3
2
2
2
3
1
3
2
2
4
2
4
4
2
1
2
5
3
4
5
2
4
3
1
0
4
7
2
4
4
1
0
4
2
3
0
1
4
3
6
4
5
4
1
2
3
2
4
1
0
3
2
0
1
2
2
4
3
1
2
6
3
2
5
2
8
4
3
1
2
9
2
4
2
3
3
4
3
0
3
3
3
3
2
1
2
2
1
1
0
5
6
3
1
1
3
1
3
5
2
5
2
1
1
3
0
5
5
3
2
1
0
1
2
1
0
4
2
4
3
1
2
3
2
1
2
2
3
2
0
0
0
3
2
2
3
2
1
2
2
2
4
0
4
5
3
2
3
2
3
2
2
2
3
3
2
3
1
3
2
3
3
1
2
1
4
2
1
4
4
2
3
2
3
5
2
0
4
4
1
7
2
2
3
2
3
0
4
3
5
0
1
2
2
1
1
3
2
3
3
4
2
3
1
2
1
5
1
4
0
1
3
3
1
5
3
6
2
3
5
1
1
1
1
0
4
2
1
0
2
1
3
1
6
3
3
1
2
4
6
3
1
3
3
2
2
2
1
3
4
1
6
5
1
1
5
2
5
3
0
2
3
2
3
2
0
5
1
3
2
3
3
3
4
1
1
2
3
6
3
2
3
5
3
3
4
0
4
2
3
2
3
2
1
1
3
3
5
1
4
4
0
1
4
3
3
0
2
1
1
4
1
2
2
4
6
3
4
3
3
1
2
4
1
2
3
0
1
1
4
4
1
4
2
2
3
1
0
3
3
3
4
2
4
4
1
1
1
2
3
2
3
3
2
3
3
0
1
3
2
1
3
3
5
1
5
1
4
1
3
2
2
2
4
4
3
2
3
5
0
4
5
3
3
4
3
6
3
2
4
5
1
2
5
2
2
2
4
4
2
2
1
2
1
4
1
4
1
5
2
4
2
1
4
2
0
4
2
3
3
3
2
2
6
5
3
1
5
3
3
2
3
2
3
3
1
1
4
1
8
2
1
3
4
4
4
1
3
4
7
2
4
6
0
1
3
3
3
4
1
0
6
2
3
5
2
2
9
0
1
2
2
3
3
1
2
2
3
1
1
5
3
2
3
4
0
3
1
4
1
5
1
3
3
1
2
2
3
3
3
0
2
2
0
2
2
3
1
3
1
4
0
1
6
1
4
2
4
2
2
0
3
4
4
1
5
3
2
1
2
1
3
0
2
2
1
5
4
3
2
0
2
3
2
4
2
2
1
0
1
2
1
0
1
5
5
1
5
2
4
5
2
3
1
2
3
3
2
2
0
3
2
4
2
7
1
2
5
1
4
1
3
5
2
0
3
1
6
4
0
1
2
3
4
2
1
2
2
3
1
1
4
1
2
3
5
1
4
1
4
0
2
3
3
1
6
1
3
2
4
4
4
3
1
1
4
1
1
3
6
1
2
2
3
2
1
3
4
4
3
0
3
4
1
3
4
1
1
3
2
5
1
4
2
7
2
3
4
1
2
4
3
2
3
3
0
1
1
3
2
3
4
0
1
0
1
3
1
1
3
1
1
1
3
4
3
2
1
8
3
1
1
4
2
3
3
3
2
3
2
1
4
2
1
2
5
2
2
2
1
4
4
4
3
6
3
1
3
1
2
6
6
3
2
7
1
1
5
5
5
4
6
3
3
1
3
4
3
1
2
1
2
1
4
3
4
3
4
2
5
2
4
3
5
1
2
4
4
3
6
3
4
4
4
3
5
4
4
1
0
1
0
2
6
4
3
3
2
1
3
2
3
4
2
2
4
1
2
1
2
4
2
2
3
2
2
2
2
3
2
1
5
1
3
3
4
4
3
1
0
1
5
0
2
2
2
0
1
7
2
3
3
2
1
1
4
1
5
3
2
0
3
3
2
0
2
2
5
3
4
3
3
3
0
3
5
0
1
3
2
1
6
2
1
1
6
4
0
2
3
1
3
1
2
1
4
2
0
2
3
6
2
2
1
4
4
0
2
0
1
1
3
1
2
1
0
2
2
3
3
3
0
3
2
2
3
1
3
3
3
3
2
1
4
3
2
2
3
1
0
0
1
0
1
2
1
0
2
3
1
1
2
1
3
0
2
0
1
4
0
5
3
4
0
2
1
1
3
0
1
2
1
2
1
1
2
3
2
3
2
2
3
2
3
2
2
2
5
1
2
1
2
2
1
1
2
4
2
2
1
4
3
4
0
3
2
1
2
1
0
4
1
2
2
1
2
0
2
1
2
0
3
1
1
0
1
5
4
2
1
0
2
2
1
0
4
1
5
0
1
1
3
4
4
1
1
2
2
2
3
3
1
0
0
2
0
1
2
3
0
1
1
1
2
0
6
1
3
0
2
1
2
3
2
3
3
3
3
2
1
3
1
1
2
1
1
3
1
2
1
0
1
2
3
2
2
2
2
4
0
1
2
0
2
1
1
2
4
5
1
4
3
1
0
3
0
1
3
2
0
1
0
2
4
4
4
5
2
2
2
2
1
1
5
3
1
2
1
1
5
1
3
3
2
1
1
0
0
2
3
2
1
4
1
2
1
6
1
0
2
4
1
0
0
0
6
2
0
2
2
1
5
2
2
1
1
2
2
2
1
0
3
1
1
2
1
1
3
2
2
1
4
1
4
1
0
4
2
0
1
3
0
1
2
2
3
2
5
2
2
0
1
4
1
5
0
2
4
2
1
0
0
4
5
2
3
5
1
4
0
3
2
2
3
0
0
1
1
2
0
2
1
1
1
2
3
2
1
2
2
1
1
2
0
2
4
2
1
0
2
2
1
1
4
2
2
1
4
2
3
0
0
3
2
0
2
0
3
1
2
2
3
2
3
2
0
0
1
2
1
2
3
0
2
3
1
0
2
0
2
2
0
3
1
0
0
2
2
3
1
6
3
0
1
1
2
3
1
1
1
0
4
3
2
0
4
2
0
3
1
4
2
0
2
2
1
1
2
1
0
2
4
2
1
2
1
2
0
2
1
1
4
1
0
1
3
0
2
2
3
1
1
1
2
1
2
1
1
1
1
2
1
1
0
0
6
1
2
1
2
2
0
3
1
2
0
2
0
0
1
1
0
2
0
1
0
1
1
2
2
5
0
1
1
1
1
1
0
0
2
1
2
0
2
2
1
3
1
1
2
1
1
0
2
1
0
2
1
0
0
3
3
2
1
1
3
0
2
1
0
1
2
1
3
1
0
3
2
1
1
1
1
3
0
1
1
3
1
1
0
1
3
1
1
2
1
1
1
2
2
0
1
2
0
1
0
1
3
2
1
1
3
0
0
2
2
2
2
1
2
2
0
0
0
1
2
3
1
1
2
2
1
2
1
3
5
4
2
1
0
2
1
0
0
1
2
1
1
1
1
0
2
0
1
1
1
2
0
2
4
0
4
1
1
1
2
4
1
1
2
2
2
0
0
2
2
2
0
0
0
1
4
1
2
3
0
1
1
0
2
1
0
1
0
4
1
1
2
1
2
1
2
0
1
1
2
2
0
1
1
0
1
0
1
0
3
2
1
0
4
3
4
1
1
1
2
2
0
4
3
0
1
2
0
2
2
2
2
4
0
1
3
3
0
0
1
2
3
2
1
4
1
1
0
0
5
1
0
0
2
0
1
1
2
1
0
2
1
1
4
0
1
1
1
2
0
0
1
0
0
4
1
2
0
1
2
0
3
0
3
1
5
2
0
0
1
1
1
0
2
1
1
1
1
1
0
1
0
2
3
1
1
2
2
0
1
1
2
2
0
0
2
3
0
0
0
1
2
2
0
4
1
4
0
4
0
1
1
0
0
1
3
1
0
1
2
3
0
0
2
2
1
0
2
1
1
1
1
1
1
0
1
1
0
1
1
0
0
0
1
1
2
0
1
1
3
0
3
2
1
1
1
1
0
0
1
1
1
2
2
1
2
0
1
1
2
1
2
1
1
1
3
0
3
1
4
3
1
0
2
1
1
0
0
3
0
1
0
2
0
2
2
1
1
1
0
0
2
1
1
1
3
2
2
0
0
0
2
3
2
0
2
0
3
0
2
2
0
0
3
1
2
1
2
3
0
0
3
2
1
0
1
3
0
0
1
0
1
1
0
2
3
1
2
2
1
0
2
1
1
2
0
1
1
0
2
2
0
0
0
3
2
0
0
1
0
0
0
1
0
2
0
2
1
0
1
2
2
1
2
2
0
2
1
2
0
1
2
0
1
2
1
2
1
0
2
4
1
0
3
2
1
1
2
0
2
1
0
0
1
1
1
1
0
2
2
1
0
0
1
2
0
0
2
1
1
1
1
2
0
1
0
2
0
0
1
2
2
2
1
0
2
1
1
0
0
1
3
1
1
1
1
1
0
2
1
1
0
1
0
1
0
0
2
0
1
1
0
2
0
5
4
2
1
0
1
1
4
3
1
0
1
1
2
3
1
1
0
2
0
1
0
1
2
0
0
2
1
4
1
0
0
1
1
2
0
2
1
2
2
0
1
0
1
2
0
1
0
0
0
1
1
1
0
3
1
0
0
0
0
1
3
0
0
0
0
3
1
2
1
0
0
1
0
0
2
1
0
0
1
0
0
3
0
0
0
2
2
1
1
1
0
3
1
0
1
2
1
2
1
0
0
1
1
2
1
2
0
3
0
2
2
1
1
0
1
1
0
1
0
0
0
1
0
1
0
1
0
0
0
0
0
2
2
0
0
3
1
1
1
0
2
1
1
0
2
2
1
2
0
2
1
2
0
0
0
2
0
2
2
2
0
1
2
3
1
4
2
0
0
1
0
0
0
1
3
0
0
1
2
2
1
3
0
0
0
1
1
1
1
1
1
2
1
2
0
1
3
0
0
2
1
3
0
0
2
0
3
0
1
1
3
1
1
2
0
0
1
2
2
2
0
2
1
2
1
0
2
0
1
3
3
0
1
0
1
1
0
2
2
1
4
3
0
0
2
1
2
0
1
1
1
1
0
1
6
1
1
2
0
1
0
0
1
1
0
1
2
1
0
0
2
0
0
2
1
2
1
2
1
1
2
0
2
2
3
0
2
1
2
0
0
1
0
2
0
0
1
2
0
2
0
4
1
1
3
1
2
3
0
2
1
0
0
2
1
2
2
0
0
0
0
2
3
0
0
1
3
3
1
1
3
1
2
3
1
2
1
0
2
0
1
0
3
2
0
2
0
0
1
0
1
1
2
0
1
2
2
1
0
3
1
1
1
2
0
2
1
0
0
0
1
1
1
3
0
1
1
2
0
1
3
1
1
0
3
0
1
0
0
0
2
0
0
1
2
1
3
1
0
2
0
0
2
0
1
1
2
2
0
2
0
0
0
0
1
2
1
2
1
1
1
1
2
3
0
2
2
0
2
2
2
1
1
2
1
1
1
0
2
1
1
1
0
0
1
4
1
0
3
2
1
4
1
0
2
1
3
1
0
1
1
1
0
1
1
0
1
1
0
2
2
3
0
0
0
2
0
0
0
1
3
2
2
2
1
0
2
0
0
2
0
1
3
2
1
1
2
1
1
1
0
1
2
0
1
1
2
2
0
0
1
1
1
1
3
0
1
2
1
2
1
1
2
1
1
0
0
0
0
2
3
0
0
1
0
1
2
5
2
0
1
0
1
1
1
2
1
1
1
1
2
0
1
0
0
1
1
1
0
3
1
0
1
3
0
1
2
1
0
1
0
1
2
2
3
0
0
1
2
0
2
2
0
2
0
1
1
1
0
0
1
1
1
2
1
1
1
0
1
2
1
3
0
1
0
0
0
1
0
0
3
1
1
1
0
0
2
0
3
1
0
4
1
0
1
1
0
1
0
0
1
0
3
0
1
3
0
2
1
0
1
0
1
0
1
0
0
1
2
0
0
0
0
0
1
2
0
1
1
0
0
1
2
1
2
0
0
5
0
0
1
2
0
0
1
0
0
1
0
0
0
0
0
1
1
3
1
1
0
0
0
0
2
0
1
0
0
0
0
1
2
3
3
0
1
1
1
1
0
0
2
0
0
1
1
0
0
0
0
2
2
2
1
2
2
0
0
0
1
3
0
0
1
1
0
0
1
1
1
3
0
0
0
4
0
1
0
1
3
1
0
0
3
0
2
0
2
0
3
0
0
0
2
2
0
0
1
0
0
2
0
0
0
0
0
0
1
1
1
2
1
1
1
1
1
1
2
2
0
1
0
1
1
2
1
0
1
0
1
2
1
0
0
0
0
1
2
0
3
1
1
2
2
3
0
0
2
0
3
0
1
0
2
1
0
0
1
1
0
1
1
0
0
1
0
1
1
1
4
1
0
0
2
4
1
1
1
0
2
0
0
1
0
1
2
0
2
1
0
1
0
1
0
1
1
0
0
0
1
1
0
1
1
0
0
2
0
0
1
0
1
0
0
2
1
0
1
1
0
2
0
4
0
2
0
0
2
0
1
1
0
0
1
1
0
0
2
1
0
0
1
0
1
0
1
0
0
3
0
0
1
1
0
2
2
1
1
3
0
1
0
1
1
2
1
2
1
0
3
0
0
5
1
0
0
0
0
0
3
0
0
0
0
1
0
0
0
3
1
1
0
1
1
0
1
0
0
0
1
0
2
0
0
2
1
2
0
0
2
0
2
0
0
0
2
0
0
1
0
3
2
1
2
0
0
0
1
0
2
2
0
1
1
0
0
0
0
0
0
2
1
0
0
2
0
0
1
0
2
1
3
2
0
1
1
3
2
1
2
0
2
3
0
2
2
2
2
0
3
3
3
0
1
2
1
1
0
5
3
1
1
4
4
2
1
1
2
3
7
5
2
3
6
6
4
5
5
3
7
7
8
5
3
4
4
9
6
3
5
2
5
7
5
5
5
9
14
3
7
9
8
6
8
7
11
7
9
11
10
14
18
11
14
17
13
9
10
8
15
10
14
19
7
9
17
17
15
16
7
10
11
10
17
14
11
15
13
15
9
11
12
10
15
6
13
11
14
10
8
9
8
10
10
10
11
5
7
8
8
5
8
4
5
7
8
7
6
5
6
3
2
5
3
3
8
2
7
6
4
2
4
4
10
3
5
5
2
1
3
2
6
1
2
5
7
3
4
4
5
5
2
2
2
1
1
3
3
3
2
0
2
0
1
2
1
0
2
1
0
2
0
1
1
1
2
0
1
2
2
1
1
2
1
1
0
3
2
1
2
2
2
0
0
0
0
2
0
0
1
0
0
1
0
1
1
0
0
2
1
1
1
0
0
1
0
3
1
2
0
0
0
0
4
1
2
0
0
3
0
0
1
1
3
0
0
0
1
1
0
0
0
0
0
0
0
1
0
1
0
0
0
0
0
2
2
1
0
1
3
2
2
0
0
0
0
0
0
0
0
0
0
0
1
0
0
0
1
0
0
1
0
0
1
0
0
0
1
0
0
0
0
0
0
1
1
0
0
0
0
1
1
1
1
1
3
1
1
2
0
3
0
0
1
1
1
0
1
0
0
0
1
0
0
1
2
0
1
0
0
0
0
2
1
2
1
1
2
0
0
0
0
0
1
0
0
0
0
1
1
0
0
1
1
1
2
0
1
1
1
0
1
2
1
1
1
1
0
0
0
0
1
0
1
1
0
0
0
1
0
0
1
0
0
0
1
1
0
0
0
2
3
1
0
0
0
1
0
3
0
1
1
0
0
0
2
0
0
0
3
2
1
0
0
0
1
0
1
0
0
0
0
1
1
1
0
0
0
0
0
0
0
1
1
0
0
1
1
1
1
0
1
0
0
1
3
0
2
1
0
0
2
2
1
0
0
1
0
1
0
1
0
1
0
0
0
0
2
0
0
1
1
0
1
0
0
0
1
0
0
1
0
0
1
2
0
0
0
0
1
1
0
0
1
1
0
0
2
0
0
0
1
0
0
0
0
3
1
1
0
0
0
0
0
1
0
0
0
1
0
0
2
0
1
1
1
5
2
2
1
0
0
1
0
0
0
3
0
0
0
0
2
0
2
1
0
1
0
0
0
0
1
2
1
2
0
0
0
0
0
0
0
1
1
0
1
0
0
2
1
0
1
0
3
1
0
1
0
0
1
0
0
1
0
1
0
1
1
0
0
1
0
1
0
0
2
0
0
0
0
1
3
0
0
2
0
0
0
1
1
0
1
1
1
1
0
2
1
0
0
0
1
0
2
1
3
1
1
0
2
0
1
0
1
0
0
0
0
1
1
1
0
1
0
0
0
0
1
0
1
0
0
0
1
0
0
0
1
1
0
1
0
1
0
1
0
0
0
1
0
1
1
0
1
0
1
2
1
2
1
0
2
0
0
0
0
0
1
1
2
0
1
1
0
0
0
0
0
1
0
1
0
0
0
1
1
2
1
1
0
2
1
1
0
0
0
0
2
1
1
0
1
0
1
2
1
0
0
0
1
0
0
0
2
2
1
0
2
0
0
0
1
0
1
0
0
0
0
0
0
0
0
0
0
0
2
1
0
0
0
2
0
2
0
0
0
0
1
1
0
1
1
1
0
0
1
0
0
0
2
0
0
1
1
0
0
0
0
0
0
0
0
1
0
3
2
0
0
0
0
0
1
0
0
0
0
2
0
0
0
0
2
0
1
2
0
0
0
0
1
1
0
1
0
0
1
0
0
0
0
0
1
0
1
3
0
1
2
0
1
0
1
1
0
0
1
0
0
3
0
0
0
0
0
0
0
0
1
0
0
0
0
0
0
1
0
1
0
0
2
0
0
2
0
1
0
0
1
0
0
2
1
0
1
0
1
2
2
0
1
0
0
0
1
0
1
0
0
0
0
0
0
2
0
0
0
2
0
0
1
0
0
2
0
1
2
0
0
1
2
0
0
1
1
0
1
0
0
1
0
2
0
0
0
0
0
0
2
0
0
0
0
0
0
1
0
0
0
0
1
1
0
1
0
2
1
2
0
0
2
1
0
1
1
0
1
0
0
0
0
1
2
0
0
0
0
0
0
3
0
0
2
1
0
0
0
0
2
0
1
0
0
0
0
0
0
0
0
0
1
0
1
0
0
1
1
0
1
1
2
0
3
0
1
1
1
0
1
0
0
1
0
0
0
2
0
0
0
2
0
0
0
0
1
0
0
0
0
0
1
0
0
0
0
0
0
1
0
1
0
0
2
0
0
1
0
0
0
0
0
0
0
0
0
0
0
0
0
0
0
0
0
0
0
0
0
0
0
0
0
0
0
0
0
0
0
0
0
0
0
0
0
0
0
0
0
0
0
0
0
0
0
0
0
0
0
0
0
0
0
0
0
0
0
0
0
0
0
0
0
0
0
0
0
0
0
0
0
0
0
0
0
0
0
0
0
0
0
0
0
0
0
0
0
0
0
0
0
0
0
0
0
0
0
0
0
0
0
0
0
0
0
0
0
0
0
0
0
0
0
0
0
0
0
0
0
0
0
0
0
0
0
0
0
0
0
0
0
0
0
0
0
0
0
0
0
0
0
0
0
0
0
0
0
0
0
0
0
0
0
0
0
0
0
0
0
0
0
0
0
0
0
0
0
0
0
0
0
0
0
0
0
0
0
0
0
0
0
0
0
0
0
0
0
0
0
0
0
0
0
0
0
0
0
0
0
0
0
0
0
0
0
0
0
0
0
0
0
0
0
0
0
0
0
0
0
0
0
0
0
0
0
0
0
0
0
0
0
0
0
0
0
0
0
0
0
0
0
0
0
0
0
0
0
0
0
0
0
0
0
