0
0
0
0
0
0
0
0
0
0
0
0
0
0
0
0
0
0
0
0
0
0
0
0
0
0
0
0
0
0
0
0
0
0
0
0
0
0
0
0
0
0
0
0
0
0
0
0
0
0
0
0
0
0
0
0
0
0
0
0
0
0
0
0
0
0
0
0
0
0
0
0
0
0
0
0
0
0
0
0
0
0
0
0
0
0
0
0
0
0
0
0
0
0
0
0
0
0
0
0
0
0
0
0
0
0
0
0
0
0
0
0
0
0
0
0
0
0
0
0
0
0
0
0
0
0
0
0
0
0
0
0
0
0
0
0
0
0
0
0
0
0
0
0
0
0
0
0
0
0
0
0
0
0
0
0
0
0
0
0
0
0
0
0
0
0
0
0
0
0
0
0
0
0
0
0
0
0
0
0
0
0
0
0
0
0
0
0
0
0
0
0
0
0
0
0
0
0
0
0
0
0
0
0
0
0
0
0
0
0
0
0
0
0
3
14
106
279
370
383
393
359
379
391
367
361
392
412
394
389
380
368
366
398
385
406
362
393
389
393
389
377
375
390
384
374
392
364
384
327
388
389
402
403
379
370
388
381
399
363
392
403
398
395
398
373
384
415
382
387
402
389
406
405
379
379
373
346
374
367
379
448
426
402
405
392
445
398
437
401
441
442
420
430
442
471
461
431
437
451
465
475
479
438
463
460
476
464
457
487
462
507
424
511
506
489
464
469
502
505
504
513
464
470
513
499
496
481
470
517
521
510
509
514
531
510
493
539
513
517
518
486
554
519
520
523
529
537
541
490
517
509
518
514
534
563
488
527
539
519
536
506
534
510
543
493
538
516
505
528
497
494
521
569
493
529
535
497
515
524
549
512
469
518
489
543
483
496
515
547
536
506
486
557
481
494
572
533
541
547
495
501
499
533
520
507
486
499
507
501
525
491
480
553
525
507
514
563
524
529
546
504
515
524
517
511
533
505
478
515
499
530
544
499
484
534
505
519
535
495
523
525
526
525
517
515
495
517
509
527
484
495
549
478
485
503
517
505
522
506
474
520
526
516
502
513
527
561
484
506
482
500
477
497
476
504
495
480
497
533
536
516
489
502
499
499
566
530
500
485
518
499
537
515
511
499
496
531
478
499
495
507
532
450
503
518
530
479
473
515
491
486
492
532
516
476
532
483
510
500
475
515
524
473
488
480
514
474
500
482
485
484
499
502
526
510
487
470
498
484
490
457
551
466
522
430
491
453
454
505
472
486
504
435
420
522
471
529
489
492
481
484
514
459
477
514
445
465
530
449
487
512
487
523
447
523
471
499
494
512
485
482
475
500
453
505
488
510
456
454
479
504
456
498
487
508
454
475
458
418
471
455
484
511
489
458
473
494
450
468
511
479
447
454
498
507
492
436
481
439
436
481
447
488
484
471
494
463
481
505
475
477
481
507
485
465
465
446
463
486
464
496
460
509
426
483
479
441
448
491
432
466
466
477
465
490
511
471
471
474
469
469
475
457
481
439
465
501
484
462
434
464
466
483
464
475
426
461
468
443
485
511
448
430
453
466
481
498
473
464
500
454
471
492
446
461
473
468
459
470
463
470
464
462
467
486
448
413
455
477
464
456
468
412
455
458
468
445
447
456
473
471
466
461
468
455
428
446
475
438
475
457
464
430
421
474
423
474
457
430
496
454
419
465
456
441
452
484
394
464
424
448
453
482
438
432
450
483
447
470
467
465
464
415
476
470
464
482
424
506
462
451
477
476
469
483
427
430
460
455
470
425
454
508
467
505
513
501
464
519
475
497
477
464
494
501
447
522
468
480
510
521
496
464
579
577
567
562
534
606
598
596
596
596
618
615
588
591
665
625
646
669
705
685
707
693
644
698
674
673
769
719
701
709
677
730
686
671
732
667
701
642
658
706
676
685
645
628
655
569
618
558
633
622
618
588
584
626
602
510
511
517
549
537
509
590
565
510
518
533
499
497
502
518
511
496
475
501
488
493
460
498
482
475
439
451
469
442
466
463
448
504
485
439
439
500
475
465
456
485
463
448
489
492
464
474
463
465
447
450
457
432
422
438
464
499
455
450
459
477
465
488
438
456
466
454
447
471
458
472
442
459
477
449
413
449
464
444
450
470
479
456
436
459
446
460
442
444
472
473
478
487
458
467
461
486
514
482
465
417
480
411
456
442
486
462
441
423
472
457
485
470
431
471
488
422
460
467
480
485
454
468
465
498
450
456
445
483
471
476
458
448
486
448
473
474
491
468
454
440
505
466
471
460
463
494
455
474
492
443
461
492
472
460
459
481
459
499
449
529
498
472
456
460
490
430
492
532
494
505
438
437
491
473
466
463
473
494
459
492
491
490
542
509
501
499
533
491
492
466
518
493
485
462
476
504
471
494
482
513
536
503
496
523
492
482
504
493
505
466
501
507
492
502
510
522
494
490
496
495
521
521
560
503
509
525
460
500
488
530
493
491
570
582
512
491
490
489
522
489
496
503
463
486
487
543
492
540
551
517
509
512
536
462
522
485
525
473
539
475
490
533
505
527
527
493
526
553
545
525
488
528
546
512
535
494
498
501
487
531
536
505
507
549
516
512
534
543
509
538
482
531
523
539
446
510
520
501
508
502
543
566
503
555
528
508
548
539
555
587
496
507
537
499
521
546
527
572
484
499
536
554
541
551
545
525
549
530
545
502
537
533
561
561
558
522
556
469
551
563
529
546
507
541
539
534
577
572
555
570
566
522
548
559
523
587
548
536
575
565
542
507
535
563
553
527
568
576
588
592
542
551
544
559
549
528
561
534
558
547
543
568
575
536
535
565
525
572
538
577
524
548
520
544
589
552
548
563
592
632
581
577
530
530
556
569
582
565
569
591
528
587
577
571
556
557
563
590
583
587
584
537
547
546
540
514
596
567
583
571
552
527
603
570
573
560
577
608
565
588
542
610
573
598
567
616
560
562
602
574
553
581
536
587
563
625
556
575
604
622
560
559
555
591
556
587
588
552
588
577
569
560
560
589
552
591
597
582
647
553
617
538
581
589
593
585
608
591
588
602
582
626
582
599
585
565
622
590
597
633
627
570
578
576
589
589
633
557
607
611
601
621
597
575
601
581
575
629
566
549
599
659
600
582
608
594
620
613
621
581
614
623
625
622
616
604
589
611
644
643
616
626
621
636
644
620
659
623
575
592
577
627
628
632
623
638
606
674
567
588
596
608
652
679
628
588
674
630
676
638
667
634
657
653
639
672
655
647
667
627
656
643
705
660
616
652
648
662
663
659
689
654
698
648
654
659
656
683
684
669
685
664
648
690
642
718
675
691
735
669
717
636
757
704
671
727
653
665
669
669
657
664
654
658
648
693
677
694
681
650
679
701
700
701
676
681
675
639
680
680
706
643
641
698
680
689
626
707
643
692
639
679
631
662
651
670
657
698
639
697
658
633
645
656
667
692
697
594
658
664
677
710
648
679
690
669
742
698
685
660
628
725
705
642
670
679
689
648
656
691
671
749
652
681
694
666
676
665
702
702
670
721
669
636
702
657
655
710
716
690
654
669
656
652
661
626
717
679
696
733
696
720
676
708
665
680
664
713
702
710
656
683
690
712
673
687
664
710
729
690
707
707
660
804
686
683
687
656
721
749
703
715
678
698
657
694
713
674
637
704
734
706
762
670
749
762
727
710
695
728
759
730
674
754
725
705
713
742
688
815
781
781
736
728
731
771
777
785
775
798
732
851
787
776
765
751
795
768
837
774
789
745
766
771
813
782
755
811
755
750
793
789
754
801
744
721
786
749
736
742
737
803
748
695
746
753
756
738
721
765
736
748
762
717
728
731
714
728
687
706
651
691
686
719
662
671
710
684
701
672
742
697
679
723
654
669
785
676
711
665
673
706
691
668
639
682
717
655
651
690
699
694
683
717
644
719
698
684
637
681
735
674
684
665
703
690
653
699
682
655
673
724
663
685
679
694
668
686
652
674
694
670
720
669
718
650
707
688
652
687
683
720
659
663
675
650
712
690
660
636
699
641
646
681
671
671
701
683
627
664
646
727
667
708
705
678
668
635
673
652
694
694
685
688
674
662
689
662
674
703
650
684
654
693
671
685
682
625
654
643
696
648
685
672
634
640
716
676
652
640
685
624
685
685
658
645
673
719
688
740
622
731
669
730
649
620
668
697
666
662
672
685
655
667
696
672
717
649
659
698
679
712
690
671
676
696
690
728
673
695
660
638
743
685
659
700
642
675
716
707
658
631
724
736
690
659
667
678
656
707
674
714
731
669
704
708
682
748
667
709
720
650
668
744
679
679
686
648
692
634
649
690
719
660
669
727
694
644
727
686
641
677
698
635
702
689
685
671
724
716
684
705
717
680
676
708
734
684
701
701
660
707
648
677
677
691
693
658
716
687
664
664
690
698
692
717
695
742
694
738
674
665
696
694
693
715
650
691
686
643
687
710
683
641
645
649
656
714
706
665
700
697
718
716
708
701
657
666
634
664
686
686
646
646
700
719
678
772
718
686
721
672
731
690
714
671
686
677
684
740
659
748
669
731
672
687
709
687
692
716
664
686
710
733
684
750
636
709
709
648
703
713
749
687
712
700
682
670
683
661
693
697
736
685
739
652
710
674
684
714
684
703
654
687
730
732
697
675
715
702
674
728
721
674
697
713
708
678
667
739
688
660
710
685
677
749
694
758
685
662
694
758
649
686
692
653
733
670
695
658
696
730
703
669
697
704
691
733
677
668
733
725
712
696
696
725
654
674
667
684
704
684
676
675
678
683
643
707
670
669
656
627
679
700
661
697
684
687
670
716
704
625
670
666
695
669
683
661
653
624
661
692
678
645
628
698
648
664
648
674
649
662
674
642
624
656
687
649
665
627
657
573
687
623
674
623
623
638
612
634
579
640
625
631
587
583
630
579
574
581
620
611
585
550
595
573
605
571
560
617
586
573
619
576
611
574
569
570
564
632
578
591
579
584
522
609
606
567
566
535
573
574
558
555
601
533
582
580
568
551
602
606
543
563
591
561
571
528
573
559
553
578
577
587
519
536
585
584
558
533
570
559
569
569
545
580
545
553
554
581
531
562
575
546
552
564
532
536
520
505
559
535
546
575
541
556
522
564
562
540
515
572
547
510
565
549
554
603
566
544
534
542
518
537
535
538
576
554
545
544
572
595
590
606
541
557
584
542
538
584
577
585
580
601
626
579
616
593
601
581
609
598
572
572
640
535
554
597
609
569
579
554
592
610
563
572
572
575
567
576
551
580
541
558
537
536
583
557
524
538
524
543
525
566
503
520
563
500
534
514
527
467
540
514
561
529
524
529
532
485
499
492
528
502
535
543
493
493
515
490
485
529
510
518
473
463
476
480
508
484
503
500
499
499
495
501
503
530
470
499
497
495
495
520
468
475
498
513
491
486
449
478
481
463
502
510
483
496
489
490
458
455
477
473
469
544
514
506
502
462
495
498
470
495
474
466
459
443
450
485
476
451
474
439
500
482
501
459
501
459
489
463
466
482
480
479
449
448
441
461
475
476
498
468
486
493
448
454
426
487
471
454
454
450
428
504
439
442
463
484
470
465
441
430
465
468
470
499
467
428
475
452
491
467
508
455
497
425
458
469
475
453
442
432
482
441
459
455
456
445
459
474
435
439
486
432
445
397
433
425
454
439
456
437
461
487
456
454
430
404
451
468
435
442
470
477
431
465
454
449
447
462
449
419
486
459
475
431
439
436
459
398
456
464
433
487
428
422
475
454
496
485
431
429
440
413
458
416
476
439
462
430
422
443
436
474
400
432
441
462
467
465
454
440
422
443
482
450
465
458
450
401
465
440
433
447
442
427
435
410
424
437
427
404
466
432
443
420
429
421
432
428
417
453
411
444
461
436
460
409
453
448
417
416
429
415
450
410
411
408
428
441
412
418
446
468
401
438
466
411
434
424
425
432
418
406
426
451
438
408
472
456
424
445
403
431
422
409
436
455
405
395
419
448
396
441
438
403
423
439
427
398
402
415
429
406
464
450
390
416
454
425
452
481
439
423
418
434
452
410
422
418
409
445
421
433
387
407
413
383
418
408
454
464
396
414
391
417
395
428
408
428
434
388
391
430
434
387
410
449
421
398
439
396
399
412
413
400
405
455
427
382
397
416
426
418
423
402
428
384
448
433
438
434
419
408
411
434
409
383
419
412
397
427
397
379
437
392
412
424
406
381
424
401
430
381
393
418
395
408
427
426
410
413
428
416
383
419
419
396
392
432
391
360
407
403
410
417
434
400
400
439
395
393
441
434
433
407
423
363
426
444
383
397
413
430
423
435
391
342
407
383
416
406
436
438
397
419
413
412
425
363
357
421
432
390
419
415
412
416
428
453
464
467
422
447
459
446
449
515
528
495
548
564
590
619
639
585
645
658
728
706
762
811
840
848
881
919
937
970
1050
1018
1086
1106
1175
1160
1161
1212
1260
1251
1194
1223
1224
1287
1223
1311
1281
1284
1299
1295
1305
1265
1225
1283
1299
1270
1317
1179
1175
1193
1150
1109
1109
1026
1011
1036
986
930
966
922
915
902
874
838
825
756
788
763
737
721
687
684
644
673
649
619
605
554
629
561
579
573
575
557
523
529
521
503
432
451
452
472
464
457
448
464
455
427
416
460
439
431
417
397
414
402
384
415
393
373
361
401
353
412
391
395
368
377
369
346
389
374
388
376
397
382
386
377
363
364
388
358
358
404
377
357
370
308
374
342
356
345
400
359
365
348
353
401
341
383
376
350
331
372
383
361
339
379
338
384
371
379
350
339
382
354
364
380
339
356
386
352
327
349
348
365
377
347
337
353
352
370
363
371
355
366
326
389
337
346
333
393
336
354
318
368
355
384
374
358
370
353
359
359
346
337
365
363
361
349
359
377
370
353
337
357
364
337
376
368
379
360
321
390
363
384
395
365
340
377
398
337
404
361
342
364
365
397
364
344
332
371
361
343
374
365
366
359
375
359
337
353
367
345
351
388
358
397
407
386
431
387
378
405
386
359
432
473
496
478
471
514
561
616
586
619
653
656
752
835
848
864
972
994
1056
1083
1187
1289
1364
1406
1466
1573
1609
1678
1713
1864
1851
1947
2016
2128
2194
2201
2299
2279
2265
2393
2342
2308
2544
2451
2463
2502
2455
2461
2454
2520
2477
2454
2313
2321
2406
2353
2281
2330
2157
2183
2036
2030
1982
1976
1864
1943
1866
1711
1705
1691
1605
1584
1488
1434
1378
1327
1250
1201
1165
1138
1095
1074
1030
983
978
919
903
847
835
735
781
757
751
667
686
638
588
588
568
592
561
542
534
493
513
460
437
468
427
441
438
427
410
367
389
371
390
387
348
328
353
335
318
290
322
319
315
314
282
337
325
292
303
320
301
331
283
262
273
309
305
338
292
253
270
313
270
300
324
277
277
268
313
308
276
272
288
262
306
293
281
278
275
275
269
291
269
280
313
252
277
279
238
300
282
296
297
291
272
286
286
289
277
296
257
264
281
302
285
264
265
274
267
285
255
244
270
270
259
265
262
274
283
284
258
275
263
267
282
274
244
260
267
257
284
256
270
267
259
250
258
260
280
277
273
267
278
284
272
255
266
247
245
257
258
258
249
271
332
279
282
263
264
274
284
265
284
277
292
288
216
253
265
267
256
258
285
291
262
289
259
246
256
255
273
295
267
288
257
243
281
251
259
265
252
248
248
292
238
240
262
311
265
244
283
238
264
267
274
227
264
251
294
260
270
251
266
267
274
255
294
239
267
221
274
268
263
250
259
253
262
281
254
267
263
241
246
235
280
250
263
304
278
278
261
243
269
257
267
270
245
259
278
251
270
269
269
267
279
268
257
284
271
293
281
259
257
279
288
260
268
232
275
249
262
248
266
276
242
259
262
248
237
272
268
234
248
268
257
285
272
231
279
229
250
262
275
260
261
262
247
258
270
297
274
274
266
265
238
295
270
284
275
241
275
240
271
263
250
264
267
279
233
251
275
270
233
269
252
259
271
234
253
272
262
246
239
242
241
280
295
248
246
251
266
249
261
229
274
251
258
279
248
248
265
234
289
261
234
258
246
262
262
262
252
259
278
268
278
237
283
249
282
263
272
245
284
257
273
246
255
272
260
250
264
270
233
252
256
254
273
262
277
251
261
227
253
246
267
282
253
242
279
271
284
250
293
268
255
258
247
265
277
229
231
243
228
268
262
268
267
277
252
262
252
264
265
252
246
287
298
297
292
292
257
269
262
273
255
280
278
301
287
268
283
273
276
276
278
273
310
294
274
318
311
318
312
304
320
310
296
337
335
352
365
346
374
384
413
447
465
482
547
538
577
685
759
777
861
901
1023
1030
1195
1320
1359
1524
1638
1813
2051
2181
2369
2483
2634
2891
3176
3204
3475
3693
3814
4134
4248
4492
4683
4787
4960
5228
5428
5592
5792
5873
5903
6043
6133
6399
6440
6406
6474
6549
6688
6608
6502
6512
6590
6428
6462
6433
6228
6264
6263
6098
5891
5704
5546
5533
5467
5294
5015
4935
4770
4715
4389
4387
4163
3986
3887
3747
3597
3417
3370
3153
3042
2910
2704
2570
2412
2421
2217
2163
2153
1969
1897
1782
1676
1636
1515
1422
1301
1252
1215
1181
1156
1021
986
943
868
839
793
692
653
692
608
607
565
522
490
488
442
431
409
383
344
373
317
331
313
301
272
247
275
241
243
215
191
205
179
185
172
182
183
174
161
164
167
151
147
162
143
164
133
123
149
106
117
100
125
112
126
97
121
105
113
127
110
103
121
109
105
114
115
98
118
98
118
122
110
107
128
96
107
91
118
106
95
109
89
104
98
106
116
113
106
109
104
93
89
93
86
85
98
97
101
110
102
94
102
87
102
100
88
90
92
104
113
102
100
88
88
91
76
105
95
90
92
75
94
111
97
97
84
78
95
89
87
111
92
88
78
85
96
91
82
91
95
90
82
105
99
91
82
86
87
89
91
90
78
89
89
81
91
91
88
88
99
113
85
103
90
87
93
103
76
111
92
96
91
92
79
102
80
90
103
95
104
101
106
106
119
92
119
124
118
95
121
153
149
162
151
143
162
199
187
203
224
241
223
290
303
325
328
339
371
440
423
471
462
535
520
596
549
625
631
690
676
700
707
753
796
779
858
835
888
881
920
875
892
929
941
918
954
912
941
957
850
933
897
887
854
896
829
869
818
882
788
793
812
726
743
732
671
670
651
612
581
615
549
598
511
560
488
475
446
419
428
394
388
394
365
342
340
298
302
273
274
256
248
251
252
217
212
225
182
177
150
176
152
172
138
143
127
135
123
122
130
108
123
112
105
118
97
113
80
104
86
87
80
84
74
82
77
78
58
75
60
64
68
72
82
61
71
54
62
66
62
65
57
72
60
64
71
41
55
50
65
50
64
58
48
65
69
59
50
49
62
47
45
61
67
52
59
61
58
49
66
47
42
50
59
48
60
60
60
62
61
51
71
58
55
58
48
50
63
75
48
59
55
54
55
54
66
49
68
40
56
52
46
50
58
45
50
51
64
48
62
50
39
40
64
40
53
48
57
53
62
52
43
52
52
49
63
49
62
42
59
55
49
48
57
53
52
44
56
53
51
59
51
47
46
57
47
45
64
52
38
59
53
61
49
60
66
46
62
40
54
47
57
43
48
58
51
61
47
47
39
49
54
47
42
61
46
48
44
51
54
45
44
36
39
41
51
50
54
35
63
43
55
48
49
56
41
48
43
54
36
45
45
61
50
49
46
48
62
48
53
50
52
41
37
51
49
39
59
51
44
51
47
46
54
48
48
45
44
60
63
51
41
38
45
53
49
44
48
36
44
47
45
52
51
45
44
31
50
58
55
32
37
37
47
43
44
57
52
47
51
43
42
41
53
56
38
38
40
43
49
46
52
48
38
43
41
44
43
48
59
62
45
48
61
51
49
46
39
41
65
41
50
54
51
37
42
45
45
37
45
41
39
41
37
39
42
44
35
50
61
40
48
54
35
48
48
39
39
44
40
42
47
39
42
37
45
43
43
42
47
50
37
56
58
40
44
45
39
45
43
54
41
48
37
26
44
42
41
41
43
35
41
36
48
38
46
37
48
46
47
47
37
36
31
46
39
35
56
51
50
55
45
45
44
30
43
45
70
37
46
40
29
47
32
46
45
44
43
48
44
35
43
47
42
44
50
41
41
37
37
42
39
40
41
42
50
39
39
42
51
50
31
48
44
43
34
33
52
41
51
45
35
40
42
59
34
45
45
47
43
54
40
32
40
39
34
45
46
38
35
27
37
42
57
40
28
37
45
42
36
43
45
56
31
42
42
43
44
40
47
39
45
52
41
41
34
34
41
43
46
57
45
35
42
38
48
39
38
40
48
43
52
46
41
45
41
44
49
55
37
42
44
43
44
49
41
49
56
46
42
41
51
32
37
49
45
54
56
45
34
45
42
40
47
49
41
26
40
43
43
47
35
50
37
34
41
35
43
47
37
41
51
37
29
36
41
48
40
38
44
30
34
36
42
44
41
44
34
34
38
42
41
30
32
34
45
52
39
44
45
32
32
32
35
42
32
31
47
38
37
30
43
51
32
33
37
38
36
43
38
32
45
39
38
45
34
28
42
47
40
32
38
37
37
37
47
33
41
43
44
30
32
33
38
42
49
28
31
35
39
35
34
33
33
31
31
50
42
39
38
37
28
30
46
41
32
41
30
31
31
35
38
23
28
33
38
32
36
33
34
36
36
45
40
39
22
33
28
30
42
39
43
29
39
42
26
40
35
25
39
31
28
44
39
37
24
34
39
36
28
37
43
36
31
44
39
31
31
32
47
24
41
38
30
16
39
32
34
39
29
40
31
32
39
36
43
36
37
29
29
31
37
32
30
34
30
38
40
27
30
35
28
40
26
37
28
38
41
41
36
29
42
31
37
23
38
37
35
34
22
26
32
35
33
30
33
39
36
36
42
33
27
32
27
36
27
41
36
29
33
38
30
30
34
37
29
32
26
30
26
31
44
30
34
25
26
34
32
38
37
29
34
36
37
33
29
26
28
32
32
32
33
24
29
38
44
28
31
26
26
39
38
33
33
35
36
29
34
37
38
33
21
28
34
37
41
27
25
25
36
36
26
25
31
44
25
39
37
31
30
33
31
29
35
31
40
33
30
27
30
23
23
24
32
31
25
32
22
37
34
35
34
40
28
25
30
24
37
36
24
28
34
31
28
41
28
42
30
28
24
33
22
33
29
37
32
21
26
31
32
28
22
29
29
30
31
31
27
24
24
32
30
40
30
36
38
31
43
34
24
30
25
34
31
28
35
32
24
38
32
26
34
38
22
30
32
34
31
36
31
27
23
27
40
30
27
36
28
37
38
29
32
30
29
31
26
19
34
20
24
32
28
33
30
32
33
21
35
32
18
25
27
39
23
26
31
37
33
38
29
29
33
27
27
27
31
35
31
29
26
36
43
23
35
21
33
32
29
31
38
38
34
29
25
19
27
24
27
19
21
25
28
27
25
28
28
34
25
31
29
20
19
22
34
18
33
35
29
25
28
36
24
24
30
26
35
30
23
23
28
21
27
29
25
32
32
30
23
31
29
28
26
29
30
31
25
27
27
28
29
30
33
33
35
34
26
31
26
35
26
27
34
30
21
19
22
30
23
22
34
36
21
28
18
24
22
21
31
22
25
34
37
23
30
20
32
33
29
27
24
31
26
26
31
27
34
32
26
28
25
23
32
27
22
22
36
21
25
30
33
24
36
42
25
17
24
34
13
19
32
24
21
27
34
23
17
21
17
30
31
32
17
38
24
23
40
26
26
27
19
27
30
23
36
33
25
41
32
26
26
27
33
19
24
25
41
22
29
33
34
30
21
21
32
20
24
24
22
25
20
22
21
24
19
17
24
27
27
23
29
24
30
38
21
20
26
26
25
25
26
23
29
29
24
25
26
23
12
22
27
32
29
34
23
25
21
27
33
26
27
24
22
29
24
24
19
21
29
27
26
36
30
20
31
18
28
30
34
13
29
34
15
20
25
25
19
20
25
21
31
29
19
20
22
15
27
22
19
28
24
19
28
20
17
28
29
16
25
26
17
15
30
24
25
35
26
15
23
19
20
15
22
18
31
29
18
13
22
22
27
25
29
19
23
27
19
20
20
18
23
23
29
26
29
25
18
24
27
25
26
27
22
21
17
20
19
20
26
13
25
28
25
16
29
24
23
22
17
20
22
30
32
24
22
20
26
30
26
22
27
25
26
34
24
15
23
22
19
25
31
32
28
24
21
25
24
26
22
21
24
25
27
18
20
21
19
29
20
17
26
22
15
16
20
30
16
20
35
32
17
20
24
23
27
25
28
21
32
20
27
24
17
25
25
22
26
19
23
23
30
29
16
20
29
21
22
13
17
24
32
15
21
26
20
16
21
15
26
22
27
19
25
10
17
20
20
19
30
23
24
15
10
24
21
20
23
29
26
26
23
22
26
25
20
22
20
29
14
18
23
24
23
17
26
16
16
12
24
31
32
14
21
22
16
15
25
30
20
22
21
20
21
19
18
18
15
14
20
26
21
17
18
13
19
27
19
14
23
16
22
27
22
20
31
26
19
17
22
19
14
11
26
25
28
28
12
23
10
17
18
20
22
14
15
16
21
18
20
22
17
27
20
18
15
26
26
21
24
22
22
16
19
18
19
22
16
23
12
24
20
24
19
31
23
12
21
30
18
18
20
18
13
24
16
15
20
21
22
18
23
22
19
15
30
19
17
18
19
17
19
18
20
25
15
19
22
18
17
21
23
21
18
16
20
19
16
19
12
23
23
18
22
28
14
21
14
26
16
19
20
18
21
18
16
26
16
25
25
26
21
16
21
14
18
13
22
30
12
24
17
17
26
24
11
16
15
16
17
20
22
22
15
17
19
14
19
17
14
12
14
20
13
20
15
16
16
19
24
17
19
22
17
21
18
19
17
23
19
19
17
22
20
19
13
24
21
18
20
17
21
13
18
17
22
25
14
15
23
22
21
22
14
14
20
20
25
22
29
22
20
19
27
12
22
21
19
17
18
19
16
14
21
15
10
18
16
20
14
16
23
18
13
10
14
19
22
13
14
15
11
18
14
15
16
19
17
15
17
13
22
18
32
16
25
15
18
17
17
13
14
22
19
25
17
16
19
21
25
24
19
13
18
15
20
19
19
12
14
17
9
17
13
18
20
13
19
26
18
14
19
23
12
11
16
15
17
14
13
19
16
22
12
20
21
13
14
17
20
18
16
19
14
16
18
18
11
16
14
16
22
22
14
14
13
13
9
17
10
16
12
15
19
10
13
18
16
13
19
14
11
16
13
20
16
16
23
17
23
19
26
20
14
15
10
9
14
18
20
12
12
10
12
16
20
16
16
16
14
15
18
14
14
14
14
14
17
14
21
16
15
16
7
23
20
14
13
14
18
13
13
12
22
13
12
21
16
11
11
14
15
8
14
17
11
16
12
20
13
23
15
11
15
6
14
7
19
22
13
13
19
24
11
18
11
10
13
13
11
13
17
18
15
12
17
13
20
16
9
9
13
14
8
19
10
10
16
11
7
10
16
12
16
11
12
11
19
8
15
8
15
10
14
22
24
12
14
16
10
18
14
9
17
11
15
18
15
13
12
10
16
19
12
12
12
12
13
18
13
20
16
20
14
10
10
16
14
8
14
14
13
14
18
12
6
21
9
18
13
12
16
19
14
12
15
14
13
19
17
16
14
14
21
10
10
12
14
11
18
10
13
14
15
16
15
14
11
21
15
18
17
14
14
10
18
9
16
16
20
13
12
15
17
21
16
15
13
26
19
15
15
12
15
12
24
17
11
14
12
12
15
15
14
11
16
18
17
11
9
18
12
13
7
11
10
10
10
16
11
15
10
12
9
10
12
9
15
15
15
19
12
16
15
12
10
14
17
15
15
15
13
9
14
14
15
12
20
11
15
11
14
16
17
11
16
16
19
14
18
20
12
9
14
11
11
10
10
10
16
15
10
16
8
7
12
12
10
10
15
14
13
13
16
10
12
5
14
10
15
15
10
16
12
13
7
12
12
12
13
9
14
10
8
11
16
15
15
14
8
20
13
12
14
14
11
11
11
19
8
10
12
11
12
8
13
12
10
5
16
12
9
11
14
18
10
13
16
15
11
18
16
12
14
12
14
12
11
10
16
24
10
10
16
7
7
18
19
12
9
15
9
16
12
11
11
11
15
11
14
13
7
16
11
13
16
18
11
10
11
11
7
10
10
12
6
9
15
16
10
11
13
19
9
9
20
15
8
17
13
15
9
12
11
15
11
10
12
10
14
12
5
9
12
16
13
12
12
12
15
21
10
14
7
9
15
21
12
8
15
13
14
13
10
12
19
7
19
7
17
15
11
17
5
13
12
11
23
15
10
14
18
14
13
10
16
15
13
15
13
13
13
13
11
20
12
9
16
8
10
11
14
16
10
13
12
11
18
14
17
11
15
10
15
14
16
14
12
13
9
11
12
13
7
8
9
7
11
12
13
14
12
10
9
6
17
11
10
10
10
9
7
10
8
10
10
12
11
8
10
13
11
9
9
10
10
7
14
12
13
13
12
11
7
4
10
12
16
9
5
11
12
13
10
9
11
9
13
14
13
11
9
9
9
14
8
8
19
9
10
11
13
10
10
15
12
8
12
13
8
8
9
8
9
8
10
6
6
14
13
10
6
7
9
9
6
14
18
10
10
11
14
10
10
10
12
13
7
8
17
8
11
9
5
15
8
8
10
7
16
7
3
16
12
12
10
12
5
13
6
12
17
9
11
12
9
10
7
9
12
10
23
9
12
15
9
10
6
8
14
11
15
8
8
9
13
9
11
15
12
14
13
13
10
8
12
6
8
10
8
14
6
8
13
10
3
8
12
11
2
14
12
3
10
8
8
7
17
14
11
5
8
7
11
11
14
10
4
7
10
10
4
15
12
5
21
9
10
8
10
14
5
7
9
11
9
9
9
9
6
10
7
4
13
9
15
17
11
9
9
16
14
5
16
11
12
14
9
11
9
10
7
5
10
5
9
11
7
16
8
6
7
6
10
9
8
9
12
11
12
13
10
9
9
18
13
14
5
9
10
10
4
8
5
8
8
12
19
8
12
7
11
7
12
10
6
9
12
12
8
11
6
9
11
15
8
9
8
12
8
8
5
11
10
8
2
9
10
8
5
11
7
6
12
11
9
10
5
7
11
6
8
10
9
8
15
10
9
10
5
3
12
9
8
7
4
13
7
16
6
13
5
8
11
11
13
9
5
10
10
11
5
7
8
12
8
5
8
13
17
8
5
9
4
5
3
8
5
8
11
11
6
3
6
8
12
7
10
7
9
8
4
8
7
8
8
15
15
9
9
8
10
8
11
12
7
15
14
12
8
8
3
7
5
8
7
7
11
14
4
9
7
6
9
8
15
9
6
15
7
7
7
8
12
7
9
12
14
15
6
9
17
10
9
4
10
13
16
13
8
8
15
3
10
6
11
8
14
8
8
10
13
13
8
9
9
5
9
6
10
4
8
7
14
6
11
13
8
9
7
9
10
6
15
14
6
11
6
9
11
13
6
6
9
16
7
9
4
12
12
6
15
10
11
12
8
10
10
10
10
19
6
10
7
6
8
8
14
13
13
16
10
10
9
7
12
8
16
7
10
10
2
13
6
4
8
10
10
5
10
6
14
4
5
5
10
9
7
4
5
3
9
6
6
5
6
4
6
9
12
6
1
6
7
4
7
6
11
7
6
2
8
10
6
5
6
6
3
9
4
3
8
6
6
5
7
3
6
8
7
4
4
2
8
9
4
9
2
10
8
4
1
6
4
4
4
4
9
3
4
6
2
3
4
2
8
3
4
10
7
5
4
6
5
6
1
5
8
4
6
5
3
4
7
3
7
6
1
8
7
7
4
6
2
6
5
4
6
1
6
5
9
9
5
3
9
11
3
5
8
2
2
5
5
4
3
1
3
3
3
4
4
8
5
3
3
3
2
6
5
6
4
4
1
5
3
1
2
6
9
9
3
6
5
10
3
5
6
7
7
4
4
7
8
6
5
7
8
12
10
6
8
9
7
7
1
3
7
3
11
6
8
4
5
5
6
2
6
2
3
4
5
4
4
5
6
6
6
3
10
3
6
4
9
5
7
5
1
5
7
3
8
11
8
4
8
2
4
8
6
8
4
5
7
6
6
4
3
5
3
7
7
4
1
4
4
12
5
6
2
7
11
7
8
5
4
9
6
6
6
4
6
7
4
7
6
5
4
7
7
6
3
6
5
2
3
8
8
4
4
4
6
2
7
9
4
3
5
5
11
3
4
4
4
6
8
2
5
7
11
5
3
5
8
8
6
7
3
9
5
7
7
7
2
6
4
4
2
5
7
5
5
13
5
4
2
6
11
1
6
4
6
3
5
5
4
1
5
4
4
4
4
9
10
3
7
7
6
4
0
2
6
9
3
6
7
2
5
1
5
5
5
3
3
3
6
5
3
4
6
10
10
4
3
3
3
7
2
5
5
7
8
10
5
2
4
7
4
9
5
2
2
4
4
3
10
7
3
4
3
6
5
6
5
6
7
8
6
4
3
3
5
2
5
6
2
5
6
2
3
7
5
11
7
5
5
3
5
4
9
7
8
8
2
4
9
5
6
5
5
5
10
4
5
8
4
3
1
5
10
5
4
10
3
11
3
9
10
10
3
6
6
5
4
8
9
11
8
2
7
12
5
3
10
10
6
3
7
3
7
8
6
7
8
11
8
10
5
6
7
10
6
8
6
5
9
8
10
7
6
4
9
5
7
11
8
7
5
5
7
9
8
2
12
5
14
11
1
10
4
11
18
10
7
11
5
7
8
3
5
6
10
13
8
9
7
4
6
7
9
9
10
9
7
2
9
3
6
5
1
5
3
10
4
11
4
6
6
7
1
3
6
3
6
5
6
2
3
3
0
6
4
3
4
3
7
3
1
1
3
6
2
4
1
5
2
2
3
6
2
3
2
1
1
3
0
0
5
5
0
1
3
0
2
1
4
1
0
3
2
2
4
0
5
1
1
4
1
1
1
2
2
3
2
1
3
1
2
0
0
0
2
3
2
3
4
3
1
0
1
1
1
3
2
2
2
1
4
2
2
0
0
3
2
2
3
2
1
5
4
2
3
2
0
3
2
1
3
1
4
2
2
3
3
1
2
2
4
1
3
2
1
2
1
1
2
2
5
3
2
2
0
3
2
1
0
4
3
0
0
1
1
0
0
3
2
5
5
2
0
1
2
0
0
2
4
1
4
3
2
7
2
3
2
1
2
2
3
0
5
3
4
2
2
1
1
1
5
1
0
1
3
4
5
2
1
1
4
7
3
3
5
0
3
3
3
4
2
3
5
1
2
0
5
3
2
0
0
1
4
3
2
0
0
5
2
0
3
2
4
2
1
0
2
7
0
2
1
3
4
3
4
4
2
3
2
3
1
1
2
2
2
2
2
1
4
1
3
2
3
6
1
4
7
2
1
3
3
1
3
2
3
2
6
4
3
1
1
4
1
3
1
1
1
3
0
2
2
2
2
0
3
0
2
4
3
2
1
2
1
0
2
2
0
3
0
3
0
2
2
0
1
1
3
1
2
2
2
0
2
1
0
1
1
0
0
0
4
0
0
3
0
1
0
1
4
1
1
3
2
0
0
1
3
3
0
3
0
0
1
1
3
0
2
0
0
3
0
0
1
1
0
2
1
1
1
0
0
2
1
1
3
3
0
1
0
0
0
1
0
1
0
3
3
3
3
4
0
2
0
0
1
0
1
0
2
1
1
0
0
2
3
1
0
2
1
3
0
1
0
0
0
1
1
1
2
1
3
1
1
3
2
1
1
1
1
0
1
2
3
2
3
2
1
1
1
0
2
1
0
0
0
0
1
0
2
1
1
3
0
0
0
1
1
0
1
0
0
1
0
1
1
2
0
1
1
1
2
1
4
1
6
0
3
0
3
4
2
0
1
0
0
0
1
1
2
0
1
3
1
2
0
2
3
0
0
1
3
1
0
0
2
1
1
1
1
1
0
1
2
1
0
1
3
1
2
1
1
0
3
2
1
1
4
0
2
2
0
1
1
3
1
0
2
1
3
1
1
1
0
0
1
1
0
1
2
1
1
1
2
3
0
0
1
0
2
0
3
1
2
0
0
2
0
1
0
2
2
0
0
1
0
2
2
2
2
0
0
1
1
0
0
1
0
1
0
0
4
2
1
1
1
2
0
1
1
1
1
0
2
0
2
1
1
2
4
2
0
1
4
0
0
0
0
1
2
0
1
0
2
1
1
2
4
2
0
2
0
1
2
5
1
0
1
1
2
0
1
2
1
1
2
1
2
3
1
1
2
2
1
1
1
0
1
0
0
1
2
1
0
3
0
2
1
2
3
2
0
1
0
2
1
0
2
0
2
0
1
1
0
1
1
0
2
1
1
1
1
1
1
1
1
0
0
0
0
0
1
0
0
2
2
1
1
1
2
0
0
0
0
1
0
0
0
2
0
0
2
2
0
1
1
1
0
0
0
2
1
2
2
1
2
0
0
0
0
0
0
0
0
1
2
0
1
2
1
0
1
1
1
1
1
1
0
1
0
2
2
1
3
0
1
1
2
1
1
0
0
0
0
0
0
1
2
0
1
3
0
1
1
1
2
0
1
1
1
0
0
0
1
2
0
2
0
1
2
3
2
0
1
1
1
1
0
3
0
0
2
2
3
1
3
1
0
0
0
0
0
0
1
1
0
0
0
1
1
3
2
0
1
0
1
0
0
1
0
0
0
0
0
0
0
0
0
1
3
1
0
0
0
0
1
4
0
1
3
0
1
0
4
1
0
1
0
1
2
0
0
4
1
0
1
1
0
0
1
1
2
0
0
0
1
0
0
3
1
0
0
0
2
1
2
2
1
0
0
0
2
3
1
0
0
0
0
0
1
2
0
0
0
0
1
0
3
1
1
0
1
1
1
1
1
0
0
1
1
1
1
1
0
2
1
0
0
0
0
2
0
1
0
0
1
3
0
0
0
1
1
1
1
0
1
1
1
0
0
1
0
1
3
0
0
0
0
0
1
0
1
0
0
0
0
0
0
0
3
1
0
0
0
0
2
0
1
0
0
0
0
0
2
0
1
1
0
1
2
1
2
1
0
1
0
0
1
0
3
1
0
0
1
0
2
0
1
0
1
0
2
0
0
1
1
1
1
2
0
0
2
0
0
0
3
2
0
1
0
2
1
1
0
0
1
0
1
0
1
1
0
1
1
1
1
1
0
0
2
0
2
0
2
0
1
1
4
1
1
1
0
0
0
0
0
0
1
0
1
0
1
1
2
1
2
0
0
0
0
0
1
0
0
0
0
0
1
0
2
0
0
0
0
0
1
0
1
0
1
0
1
0
1
0
0
0
0
2
1
1
1
0
0
0
1
1
0
0
0
0
0
0
1
2
2
0
0
0
0
1
0
0
2
1
0
1
1
2
0
2
0
0
0
0
1
1
1
0
2
0
2
0
1
0
0
0
0
1
1
1
2
0
1
1
1
2
1
3
0
2
0
1
1
1
0
0
0
1
2
0
0
0
1
2
0
0
1
0
1
1
2
0
1
0
2
0
0
0
1
0
1
0
0
0
1
1
1
0
0
0
0
0
1
1
0
1
0
0
0
1
3
1
1
0
0
1
1
1
1
2
0
0
1
0
0
0
0
1
1
0
0
1
0
0
1
2
0
0
0
2
2
1
1
0
0
1
1
0
0
0
1
2
1
0
0
0
0
0
0
0
0
0
1
0
2
0
2
0
0
1
0
0
2
0
1
0
1
0
0
1
0
2
0
0
0
0
1
1
0
0
1
1
2
0
2
1
0
1
0
2
0
0
1
1
0
1
1
1
0
0
3
0
0
0
0
1
2
1
1
1
0
0
0
1
1
0
2
1
0
0
1
0
0
0
0
0
0
0
1
0
0
1
1
1
0
1
1
0
3
0
0
0
2
1
1
0
0
2
1
1
1
0
0
1
0
3
2
0
1
1
0
0
0
0
1
0
0
0
0
0
0
0
0
1
0
1
1
0
1
1
0
0
2
0
0
0
0
0
0
2
1
0
2
2
2
2
0
1
0
0
2
0
1
4
1
1
0
2
0
1
0
0
1
1
1
0
1
0
0
1
1
2
1
0
3
1
0
1
0
0
0
2
0
0
0
0
0
0
0
2
1
0
0
1
0
0
1
0
0
0
1
1
0
0
1
0
0
0
0
1
1
2
0
1
0
0
2
2
0
0
2
0
1
0
0
0
1
1
0
0
0
1
1
1
0
0
0
0
0
0
0
1
1
0
0
1
1
0
0
0
3
0
3
1
0
0
1
1
0
0
1
0
0
1
0
0
1
0
2
1
0
1
0
0
1
1
0
1
0
1
0
1
2
0
3
0
0
0
0
0
1
0
0
0
0
1
1
1
0
0
0
0
0
1
0
0
1
2
0
1
2
0
0
0
0
1
0
0
0
0
1
1
0
1
0
0
0
1
0
0
1
0
1
1
0
1
0
0
0
1
0
2
0
1
0
1
0
2
0
0
0
0
3
0
1
0
0
0
0
3
0
0
0
0
1
1
0
1
0
1
0
2
0
0
2
1
1
1
1
2
2
1
0
0
0
0
0
1
1
2
0
1
0
1
1
3
0
0
2
0
0
0
0
0
1
0
0
2
1
0
1
1
1
0
1
0
0
1
0
0
0
1
0
3
0
0
0
1
1
0
1
0
0
1
1
0
2
0
0
1
0
0
0
1
0
1
0
0
1
0
0
0
0
0
1
1
1
0
0
2
0
0
0
1
0
0
0
0
0
0
1
0
0
1
0
0
0
0
0
1
0
1
1
0
2
1
0
1
1
0
0
0
0
1
0
0
0
1
0
0
0
0
0
0
1
0
0
0
0
1
1
1
0
0
0
0
1
0
0
1
0
0
1
3
1
0
0
0
0
1
2
0
0
1
0
0
0
3
0
1
1
2
0
0
0
0
3
1
1
0
0
3
0
1
0
0
0
0
0
0
1
0
2
0
0
0
0
0
0
0
0
0
0
0
1
1
0
0
1
0
0
0
0
0
1
0
0
1
0
0
1
0
1
0
0
0
0
2
0
0
0
1
0
0
0
0
0
0
0
0
0
2
1
0
0
3
0
0
2
1
2
2
1
1
1
0
1
0
1
0
0
1
0
0
0
0
0
0
1
0
0
0
0
0
0
0
0
2
0
2
0
0
3
0
1
0
0
1
1
0
0
0
1
0
0
0
0
0
1
0
0
0
0
1
0
0
1
0
0
0
1
0
2
0
1
0
0
0
0
1
0
0
2
0
0
0
0
0
0
1
0
0
0
1
1
0
0
0
1
1
0
0
0
1
0
1
0
0
0
2
0
1
0
0
0
0
0
1
0
0
0
0
1
1
1
0
0
2
2
1
1
0
0
0
0
0
0
1
1
0
0
1
0
0
1
0
1
0
0
0
0
0
1
4
1
0
1
1
1
2
0
0
1
1
1
0
1
2
0
0
0
0
1
0
0
0
0
0
0
0
0
0
0
2
0
0
3
1
1
0
1
0
1
3
0
0
2
0
1
0
0
0
0
0
1
0
0
0
0
0
2
1
0
2
0
0
0
0
0
0
0
0
0
1
1
0
0
0
0
1
0
0
0
0
1
1
0
1
1
1
0
0
1
1
0
0
0
0
0
1
1
0
0
0
0
0
0
2
0
0
0
0
0
1
2
0
0
0
0
0
0
0
1
0
0
0
0
0
0
0
0
0
1
0
0
0
2
0
0
0
0
0
1
1
0
0
2
0
1
1
0
1
0
0
1
0
0
0
2
0
1
1
0
1
0
0
1
0
0
0
0
0
1
1
0
1
2
2
0
0
0
1
0
1
0
1
0
2
0
1
0
0
0
0
1
0
1
0
1
1
0
0
0
0
1
1
1
0
1
0
0
1
2
1
0
0
2
0
0
0
0
0
1
0
0
0
0
2
0
0
2
0
0
0
0
1
0
0
0
0
0
1
0
0
0
0
1
1
1
0
0
0
1
0
1
1
0
1
1
1
0
0
0
0
1
0
0
0
0
0
0
0
1
0
0
0
0
0
2
1
0
0
0
0
0
0
0
1
1
0
0
0
0
1
0
0
0
0
2
0
0
1
2
0
1
0
1
0
1
2
1
0
0
0
0
1
1
0
0
0
0
1
1
1
1
0
0
0
0
0
0
0
0
1
1
1
0
0
0
1
0
0
0
1
0
0
0
0
1
0
0
0
0
1
0
1
1
1
1
0
1
1
0
0
0
3
2
0
0
0
0
1
0
0
0
0
0
0
0
0
0
0
0
1
1
0
0
0
1
0
1
1
1
0
0
2
1
1
0
1
1
1
1
0
1
0
0
1
0
0
1
0
0
0
1
1
0
2
1
0
0
0
1
0
2
0
0
1
2
0
0
0
0
0
0
2
1
0
0
0
1
0
1
1
0
0
1
0
0
0
1
0
0
1
1
0
0
0
0
0
1
0
1
0
2
0
0
0
0
0
0
1
1
0
0
0
0
0
0
0
0
1
0
0
0
0
1
0
0
0
0
0
0
0
0
1
0
0
0
0
0
0
0
1
1
0
0
0
0
0
1
0
0
1
0
1
0
0
0
0
1
0
1
0
0
1
2
0
0
0
0
1
0
0
0
0
0
1
0
0
0
0
0
0
0
0
0
0
0
0
1
0
0
0
0
0
0
0
0
1
1
0
1
0
2
1
0
0
0
0
0
0
1
0
0
2
0
1
0
1
2
0
0
0
0
3
2
1
0
0
1
3
1
0
1
1
0
1
1
0
0
2
0
0
0
1
0
1
0
1
1
0
0
0
0
2
1
0
0
0
0
1
0
0
0
2
0
1
0
0
0
1
1
0
0
0
0
0
0
0
0
0
0
0
0
1
0
0
0
1
0
0
0
1
0
1
0
0
1
0
0
0
0
0
0
0
0
0
0
0
0
0
1
1
0
0
0
1
0
0
0
1
0
1
1
0
0
1
0
0
0
0
0
1
0
0
0
0
1
0
1
0
0
0
0
1
0
0
0
1
0
1
0
0
0
0
1
1
1
0
0
0
0
0
0
1
0
0
0
0
0
0
0
0
1
1
1
0
0
0
0
0
0
1
0
0
0
0
0
0
0
0
0
0
1
0
0
0
0
0
0
0
0
0
0
0
0
0
1
1
0
0
1
0
0
1
0
1
1
0
0
0
0
0
0
0
0
0
0
0
1
0
0
0
1
0
1
0
0
0
0
0
0
0
0
1
0
0
0
1
0
1
0
1
1
0
0
0
1
0
0
1
1
0
0
1
0
0
0
1
1
0
0
0
0
0
0
1
1
0
0
0
1
1
0
0
1
0
0
1
0
1
0
1
0
0
0
1
1
0
0
0
0
0
0
0
0
0
0
0
0
0
1
0
0
1
0
1
0
0
0
0
0
1
1
0
0
0
0
0
1
0
1
0
0
0
0
0
1
1
0
0
0
0
0
1
0
0
0
1
1
0
0
0
0
0
0
0
0
0
0
0
0
0
0
0
0
0
3
0
0
0
0
1
0
0
1
1
0
0
0
0
0
0
0
0
1
1
0
1
0
0
0
1
0
0
0
1
1
0
1
1
0
1
0
2
0
0
0
0
0
0
0
0
0
2
0
0
0
0
2
0
0
0
0
0
0
0
0
1
0
1
1
0
0
0
1
0
1
2
2
0
0
0
0
0
0
0
0
0
2
0
0
0
1
0
0
2
0
0
1
0
1
0
0
0
0
0
0
0
0
0
0
0
0
0
0
0
0
0
0
0
0
0
0
0
0
0
0
0
0
0
0
0
0
0
1
0
0
1
0
0
1
0
0
0
0
0
0
0
1
0
0
1
0
0
1
0
0
0
0
0
0
0
0
0
0
0
0
0
0
0
0
0
0
1
0
0
0
0
0
0
0
0
2
0
0
2
1
0
0
1
0
0
0
0
0
0
0
0
0
1
0
0
0
0
0
1
0
0
0
0
0
0
0
0
0
0
0
1
0
1
0
0
0
0
0
0
0
0
0
0
0
0
0
0
1
0
0
0
0
0
0
1
0
1
1
2
0
0
0
0
1
0
0
0
1
1
1
1
1
0
1
0
0
0
1
1
1
1
0
0
0
0
0
0
0
0
0
0
0
0
0
0
0
0
0
1
1
0
1
0
0
1
0
0
0
1
0
1
0
0
1
0
0
0
1
0
0
0
0
0
0
0
1
0
0
0
1
0
0
0
0
0
1
0
1
0
0
0
0
0
0
0
0
0
0
0
0
0
0
0
0
0
0
0
1
0
0
0
0
1
0
0
0
0
0
1
0
0
1
0
0
0
0
1
1
0
0
0
0
1
0
0
0
0
0
0
0
0
2
0
0
1
0
0
0
0
0
1
1
0
1
0
0
0
0
2
0
0
0
0
0
0
0
0
0
0
0
0
0
1
0
1
0
0
1
0
0
0
0
0
0
0
0
2
0
1
0
1
0
0
1
1
0
0
0
1
2
0
0
0
0
0
0
0
1
1
0
0
0
0
1
0
1
0
0
0
0
0
0
0
0
0
0
0
0
0
0
0
0
0
0
0
0
0
0
0
1
0
0
0
0
0
1
0
0
0
1
0
0
0
1
0
0
0
0
0
0
0
0
0
0
0
0
0
0
0
0
0
0
0
0
1
0
0
0
0
0
0
1
0
0
0
0
0
0
0
0
0
0
0
0
0
0
0
0
0
1
0
0
0
0
0
0
1
1
0
1
0
0
0
0
1
2
0
1
0
0
0
1
0
0
0
0
0
0
0
1
0
0
1
1
0
0
0
0
2
0
0
0
0
0
0
0
1
0
0
0
0
0
0
2
0
0
0
0
0
0
0
0
0
0
2
0
0
0
0
0
1
0
0
0
1
1
0
2
0
0
0
0
0
0
0
0
0
0
1
0
0
0
0
0
0
0
0
0
0
0
0
1
0
0
0
0
0
0
1
0
0
0
1
0
0
0
0
0
0
0
0
0
0
0
0
0
0
2
0
1
0
0
0
1
0
0
0
0
0
0
0
1
0
1
0
0
1
2
0
0
0
0
0
0
0
0
2
0
1
0
0
0
0
0
0
1
0
0
0
0
0
0
0
0
0
0
0
0
1
0
1
0
0
0
0
0
1
0
0
1
0
0
0
0
0
1
0
0
0
0
0
1
0
1
0
2
0
1
1
1
1
0
2
0
0
0
0
0
0
0
1
0
0
0
1
0
0
0
0
1
0
1
1
0
1
0
0
0
0
0
0
0
0
0
0
0
0
1
0
0
0
0
1
0
0
0
0
0
0
0
0
0
0
0
0
0
0
0
0
1
0
0
0
0
0
0
0
0
0
0
0
0
0
1
0
0
0
0
0
0
0
0
2
0
0
0
1
1
1
0
0
0
0
0
0
0
0
0
1
1
0
0
1
0
0
1
0
0
0
0
1
0
0
0
0
0
0
0
0
0
0
1
0
0
0
0
0
0
0
0
0
0
0
0
0
0
0
0
0
0
0
0
0
0
0
1
0
0
0
0
0
0
0
0
0
1
0
0
0
0
0
0
1
0
0
0
0
0
0
0
0
0
0
0
0
0
0
0
0
0
0
0
0
0
0
0
0
1
0
0
0
0
0
0
0
0
0
0
0
0
0
0
0
0
0
0
0
2
0
0
0
0
0
0
0
0
0
0
0
1
0
0
0
1
0
0
0
0
0
0
0
0
1
0
0
0
0
1
0
0
0
1
1
0
0
0
0
0
0
0
0
1
2
1
1
0
0
0
0
0
0
0
1
0
0
0
0
0
1
0
0
0
1
0
0
0
0
0
0
0
0
0
0
0
0
0
1
0
0
0
0
1
0
0
0
0
0
0
0
2
0
2
0
0
0
0
0
0
0
1
0
0
0
0
0
1
0
0
0
0
1
0
2
0
1
0
1
2
0
0
0
0
0
0
0
0
0
0
1
0
0
0
0
0
0
0
0
0
0
1
0
0
0
0
0
0
0
1
1
0
1
0
0
0
2
0
0
1
0
0
0
0
0
0
0
0
1
0
0
0
0
0
0
0
0
0
1
0
0
0
0
0
0
0
1
0
0
0
0
0
0
1
0
1
0
0
1
0
0
1
1
0
0
0
0
0
0
0
0
0
2
0
0
0
0
0
0
0
1
0
0
0
0
1
0
0
0
0
0
0
1
1
0
0
0
0
1
0
0
0
1
0
0
0
2
0
0
0
1
0
0
0
0
0
0
0
0
0
1
0
0
0
0
0
0
0
0
0
0
0
0
0
0
0
0
0
0
0
0
0
1
0
0
0
2
1
0
1
1
0
0
0
1
0
0
0
0
0
0
0
0
0
0
0
0
1
2
0
0
0
0
0
1
0
1
0
1
0
0
1
1
0
1
2
1
0
0
1
0
0
0
1
0
0
1
1
0
1
0
2
0
0
1
0
0
0
1
1
0
0
0
0
0
0
1
0
0
0
0
0
0
0
0
0
0
0
0
0
1
1
0
1
0
0
0
0
0
0
0
0
0
0
0
0
0
0
1
0
0
1
0
0
1
2
0
0
0
0
0
0
1
0
0
0
0
0
0
0
0
0
0
0
1
0
0
0
0
0
0
0
0
1
1
0
0
0
0
1
0
0
1
0
1
4
0
0
0
0
0
1
0
0
0
1
0
0
1
0
0
1
0
0
0
0
0
0
0
0
1
0
0
0
0
0
1
0
0
0
0
0
2
0
0
0
1
0
0
0
0
0
0
0
0
0
1
1
0
1
0
0
0
0
1
0
0
0
0
0
1
0
0
0
0
0
0
0
0
0
0
0
0
1
0
0
0
0
0
2
0
0
0
0
0
0
0
0
0
0
1
0
0
0
1
0
0
0
0
1
0
0
0
0
0
0
0
0
0
0
0
0
0
0
3
0
0
0
0
0
0
4
0
0
0
0
0
0
1
0
1
0
1
1
0
0
0
1
0
0
0
0
0
1
0
0
1
0
0
0
0
1
1
1
0
0
0
0
1
0
1
0
0
0
0
0
0
0
0
1
1
0
1
0
0
0
0
2
0
0
0
0
0
1
0
0
0
0
0
0
0
0
0
0
0
0
0
0
0
1
0
1
0
0
1
0
0
0
1
0
0
1
0
0
0
1
0
0
0
0
0
0
0
1
0
0
0
1
0
0
1
0
0
1
0
0
0
0
1
1
0
0
0
0
0
1
0
1
1
0
0
0
0
0
0
0
0
0
0
0
0
1
0
0
0
0
0
0
0
0
0
0
0
1
0
0
0
0
0
0
1
0
0
0
0
0
0
0
0
1
2
0
1
0
0
0
0
0
0
0
0
0
0
0
0
1
0
0
1
1
0
0
1
1
0
1
0
0
0
0
0
0
0
0
0
1
0
0
0
0
1
0
0
0
0
0
0
0
1
0
0
0
0
0
0
0
0
0
0
1
1
0
0
0
0
0
0
0
0
0
0
1
1
0
0
0
1
0
0
0
0
0
0
2
1
0
1
1
0
1
0
0
0
0
0
1
0
1
0
0
0
1
0
0
0
0
0
0
1
0
1
0
0
0
0
1
0
0
0
0
0
0
0
0
0
1
0
0
1
1
1
0
0
0
0
0
0
0
0
0
0
0
1
1
0
0
0
0
0
0
0
1
0
0
1
0
0
1
0
0
0
0
0
1
0
0
0
0
1
0
0
0
0
0
0
0
2
0
0
0
0
0
0
0
0
1
2
0
0
1
0
1
0
0
0
0
1
0
2
0
0
1
0
1
0
1
1
1
1
0
0
0
0
0
0
0
0
0
1
0
0
0
1
0
0
0
0
0
1
1
0
0
1
0
0
0
0
0
0
0
0
0
0
0
0
0
0
0
0
1
0
0
0
0
0
0
1
0
0
0
0
0
1
1
0
0
0
1
0
0
0
0
0
1
1
0
0
0
1
0
0
0
0
0
1
0
0
0
0
0
0
0
0
0
0
0
0
0
1
0
0
0
1
0
0
2
0
0
0
1
1
0
0
1
1
0
0
0
1
0
0
0
0
1
0
0
0
0
0
0
0
0
0
0
0
0
0
2
1
0
0
1
0
0
0
0
1
0
0
0
1
0
0
0
0
0
0
0
1
2
0
1
1
0
0
0
1
0
0
0
0
0
0
0
0
0
0
1
0
0
0
0
1
0
0
0
0
0
0
0
1
0
0
0
0
0
0
0
0
1
0
0
0
1
0
0
0
1
1
0
0
2
0
0
0
0
1
0
1
0
0
0
0
1
0
0
0
0
0
0
0
0
0
0
0
2
0
0
2
0
2
0
1
2
1
0
0
1
2
2
1
1
2
0
4
6
0
1
1
0
2
0
3
4
1
3
1
2
2
1
6
3
8
3
7
8
7
3
4
5
6
9
5
7
8
12
9
10
9
7
15
11
7
7
2
8
4
3
4
15
9
6
10
9
4
3
6
3
5
3
3
4
4
4
5
4
3
5
2
4
2
3
1
1
2
0
4
1
3
2
0
1
2
0
0
2
1
1
1
2
1
2
2
1
0
4
2
3
1
0
2
4
1
1
1
1
1
1
4
0
0
3
2
2
0
1
3
2
3
4
1
3
1
1
2
0
1
1
0
1
3
3
2
2
3
1
2
0
0
3
2
0
1
1
2
0
3
6
1
1
3
2
2
1
2
1
3
2
3
1
0
6
2
4
1
1
0
1
3
0
1
2
0
0
2
3
0
0
2
2
2
0
3
2
2
0
2
1
2
1
0
2
1
1
1
0
1
2
1
1
2
0
1
0
0
0
3
0
0
1
1
2
0
0
1
1
0
0
0
1
1
3
1
1
1
4
0
0
2
1
1
2
0
1
2
1
2
3
0
0
2
2
2
1
1
0
2
1
0
0
2
2
0
1
0
1
1
2
0
0
0
2
3
1
0
0
4
1
1
1
1
2
3
2
1
0
2
2
3
3
0
0
1
1
1
0
0
1
2
1
0
0
0
2
0
2
3
0
1
1
1
2
0
0
1
1
1
1
2
2
0
3
2
1
1
1
0
2
1
2
0
0
1
3
2
2
0
1
0
0
1
0
1
1
1
1
0
1
0
1
0
1
2
1
0
0
0
2
0
1
0
3
0
0
0
3
1
2
1
2
0
0
1
3
2
2
2
2
5
0
1
1
1
1
0
0
1
3
0
1
2
1
2
0
3
0
0
1
1
0
3
0
0
0
1
1
0
0
5
1
1
1
0
1
0
0
0
0
0
2
1
1
0
0
0
0
0
1
1
2
2
4
2
1
1
1
4
1
1
2
1
0
0
1
2
1
1
1
1
0
1
2
1
0
1
1
0
2
1
0
0
1
0
0
3
3
4
2
2
2
0
2
1
1
3
1
2
0
1
1
1
5
0
3
2
0
2
1
1
0
0
1
0
2
2
1
1
1
0
2
1
3
1
1
2
3
0
4
1
1
0
2
0
1
0
1
1
1
1
4
1
3
1
2
2
2
3
2
3
0
0
0
2
3
2
1
1
1
3
0
0
1
2
1
0
0
1
0
0
2
1
1
0
2
1
1
1
0
4
2
0
1
0
0
1
0
2
1
1
0
0
1
0
0
1
0
2
2
1
1
0
0
0
2
1
1
1
3
3
4
5
1
3
1
1
3
1
0
1
1
3
2
0
2
2
1
3
0
3
1
2
0
2
0
3
1
1
3
4
4
3
2
3
0
3
1
0
1
0
3
1
2
3
1
1
1
1
0
0
1
1
2
2
2
1
2
0
1
2
1
0
1
1
1
1
0
2
4
0
0
0
0
1
2
1
1
0
2
1
1
0
2
0
1
0
2
2
1
2
0
3
4
1
3
2
2
2
0
4
1
2
2
1
3
0
1
0
3
0
2
1
3
2
1
3
4
0
1
0
1
2
1
0
4
2
0
2
0
1
1
1
2
1
1
2
1
1
3
2
1
2
1
5
2
4
3
3
0
2
3
4
0
4
0
0
3
1
1
0
0
0
2
2
1
2
5
4
0
2
3
4
0
2
1
1
1
1
1
3
2
3
2
2
1
0
4
0
0
1
0
1
3
2
3
4
2
3
4
4
0
0
1
3
1
2
2
1
2
1
0
1
2
3
0
1
0
1
2
3
4
2
0
4
3
1
2
5
1
0
1
5
0
2
2
3
0
0
0
3
1
4
1
3
3
1
3
0
5
2
2
0
2
1
1
2
2
1
1
0
0
3
1
2
1
0
1
0
3
0
1
2
1
3
0
4
2
3
1
1
3
2
5
3
2
6
3
3
2
5
0
5
2
2
1
2
0
0
1
1
5
2
2
2
0
0
4
1
3
1
1
1
1
0
1
0
2
0
1
1
2
4
2
4
3
1
3
2
0
0
3
2
1
5
2
2
1
2
0
3
2
2
3
4
2
1
1
2
3
3
2
0
4
1
0
2
4
1
2
0
3
2
1
1
3
1
2
1
2
2
2
2
1
3
1
3
1
3
1
1
2
2
0
1
1
0
2
1
4
0
5
2
5
0
0
1
1
2
1
0
1
2
1
0
1
0
1
2
0
2
3
1
1
2
1
2
2
0
2
4
3
2
3
1
2
3
1
2
1
2
1
2
0
2
1
2
1
2
1
3
4
1
2
3
2
4
2
1
1
0
2
0
0
3
2
4
0
3
1
3
2
2
6
0
0
2
1
2
1
0
1
4
3
0
1
1
3
2
2
3
1
3
2
0
0
2
2
0
2
2
2
0
2
2
3
2
1
0
0
2
4
3
0
0
1
0
4
1
1
2
1
1
1
2
0
0
0
4
2
1
1
1
0
1
0
1
2
0
2
2
1
1
2
3
2
1
2
1
1
0
2
1
3
0
1
3
1
3
1
4
5
4
3
2
1
1
4
2
3
3
1
1
0
1
2
2
3
2
3
3
3
1
0
3
2
0
3
2
0
1
1
0
1
1
1
3
1
1
1
2
1
1
1
2
0
0
0
0
2
1
1
1
0
2
3
0
4
2
3
3
3
3
3
3
2
1
4
2
0
1
0
3
2
2
0
4
2
2
2
3
3
2
1
5
2
6
0
2
3
5
0
4
4
1
2
3
0
2
3
1
2
2
0
4
1
2
2
2
1
3
2
2
1
1
1
1
1
1
1
2
4
1
1
0
1
1
4
3
3
0
5
1
3
1
0
0
1
1
4
0
3
0
0
1
1
1
3
7
2
2
5
3
1
3
1
2
2
1
2
1
0
0
3
1
1
2
3
3
0
3
1
1
1
1
2
0
1
2
2
0
3
2
2
1
1
2
4
0
1
1
3
0
2
1
0
1
3
0
2
1
2
1
3
2
2
5
1
2
4
3
0
0
0
0
1
0
3
0
1
3
1
1
5
3
1
2
1
2
3
1
2
2
2
1
2
1
0
2
0
2
2
3
2
0
0
3
1
2
0
1
5
0
3
2
2
1
1
2
0
2
2
1
1
1
1
1
2
1
2
4
3
1
1
3
0
1
2
1
0
5
2
3
3
2
1
1
3
3
0
1
1
6
1
1
1
2
0
3
4
2
0
1
3
1
5
0
0
0
3
3
4
2
3
4
1
2
1
3
2
3
2
1
4
0
0
3
3
2
0
1
3
2
3
1
3
1
1
1
0
2
3
1
1
1
3
2
0
0
1
1
2
4
0
2
1
4
2
1
2
3
2
1
1
3
5
4
2
0
0
2
0
0
2
2
2
2
2
0
2
0
4
0
0
3
5
0
2
4
0
1
3
2
0
3
2
2
1
1
2
1
1
0
3
2
0
2
2
0
1
5
1
1
1
2
4
2
2
1
2
2
0
1
2
0
1
4
0
3
0
1
1
2
1
1
1
1
3
2
2
0
2
1
2
1
3
1
4
2
1
1
2
3
0
2
3
3
1
1
1
3
1
1
0
3
1
2
0
3
2
0
1
1
2
1
2
0
1
4
2
0
2
1
2
2
0
0
2
1
2
4
1
4
0
3
1
1
2
2
1
4
4
4
1
1
4
2
2
1
1
1
1
1
1
1
3
3
2
1
1
1
4
2
1
1
1
1
2
1
2
1
3
1
0
2
2
3
3
5
2
1
0
1
1
1
1
0
0
2
0
2
4
1
4
2
2
5
2
0
2
2
1
1
2
0
1
3
4
0
3
4
1
2
4
0
3
3
1
1
1
3
1
2
2
3
3
1
1
0
3
0
0
1
1
4
1
0
0
1
0
2
2
1
2
0
0
1
0
0
0
1
0
0
3
0
2
1
1
2
3
1
3
0
1
1
0
2
3
0
5
0
3
2
1
1
3
1
1
1
0
1
0
2
2
2
0
3
2
4
2
1
2
1
0
0
0
2
1
1
1
1
1
2
2
3
0
2
1
1
1
0
2
3
0
2
3
3
2
0
5
0
3
0
2
2
3
0
3
1
0
2
2
4
2
0
2
3
1
0
4
1
3
1
0
1
1
1
3
1
2
2
3
2
1
1
2
1
1
3
2
0
1
0
0
1
1
2
2
0
1
1
3
1
0
1
1
2
0
0
4
1
2
1
2
3
0
2
2
2
2
1
1
3
2
2
0
3
1
2
2
3
3
0
2
1
1
2
1
3
0
1
0
1
1
0
1
0
2
3
2
2
1
2
2
1
0
3
0
1
1
1
1
2
2
1
5
0
2
5
0
1
2
0
4
0
0
0
1
2
1
2
0
0
1
4
2
0
1
0
0
0
1
1
1
3
1
3
1
0
0
0
0
1
1
1
1
0
3
1
2
3
1
3
0
2
1
0
0
0
0
4
0
1
2
1
0
1
1
1
0
2
2
3
0
1
0
2
1
1
2
2
2
0
0
1
1
0
3
2
0
0
0
2
3
1
3
0
1
4
3
0
2
1
0
1
0
1
2
0
2
2
1
0
0
1
1
1
2
3
1
1
3
0
2
3
1
4
4
0
2
1
3
0
1
0
1
0
0
1
2
0
0
0
2
0
3
1
2
1
2
1
0
1
1
1
1
2
2
1
1
0
2
1
0
0
0
1
0
2
3
0
2
0
3
2
3
2
0
3
0
1
1
1
2
3
1
0
1
2
0
1
1
1
0
2
1
0
1
2
1
1
2
1
1
0
0
3
2
0
1
0
2
0
0
1
1
3
0
1
2
2
4
0
4
1
1
1
2
3
0
0
0
3
1
1
1
0
1
1
1
1
0
2
5
1
1
1
0
1
1
2
1
2
3
1
1
0
1
1
0
1
0
4
0
0
1
1
1
1
1
1
2
0
1
1
0
0
1
2
1
1
0
1
0
0
0
2
2
0
2
3
2
3
1
3
2
0
1
3
1
2
1
2
4
1
1
1
2
0
2
0
0
1
3
1
0
0
0
1
1
1
2
2
2
1
0
0
2
1
0
2
0
0
0
1
0
0
0
1
1
0
0
1
1
1
1
1
1
4
0
0
0
1
1
2
0
3
0
1
2
2
1
1
1
0
0
1
2
1
2
1
0
0
1
3
3
1
1
0
1
3
0
0
0
0
0
0
1
0
1
1
0
0
0
0
0
0
1
0
2
0
0
0
0
2
0
2
0
0
1
1
0
4
0
0
0
2
1
0
1
2
0
2
0
0
0
2
1
0
1
1
1
0
0
0
0
1
1
1
0
2
2
0
0
0
2
1
1
0
1
0
1
1
1
1
0
0
0
1
2
1
1
0
0
1
1
0
0
0
3
0
3
1
0
1
0
1
0
1
0
0
0
0
0
1
1
0
1
0
1
0
0
0
1
0
1
0
0
1
0
0
0
0
1
4
1
1
2
1
1
0
1
0
0
1
0
1
1
0
1
0
0
0
1
0
1
1
2
1
0
0
3
2
0
1
0
1
0
0
0
2
0
1
1
0
0
1
2
0
1
0
1
0
0
0
0
0
1
0
0
1
0
1
0
1
2
1
1
0
2
1
0
2
0
0
1
0
1
0
1
0
0
1
0
0
1
0
1
1
1
1
0
0
0
1
0
0
0
0
1
0
0
1
1
2
0
1
0
2
0
1
1
1
0
1
0
1
0
0
0
3
0
0
1
1
0
0
0
0
0
0
1
0
0
1
0
0
1
2
0
0
0
1
0
2
0
0
1
1
0
1
0
0
0
0
0
1
0
1
2
2
0
2
0
1
0
0
2
0
0
1
1
1
0
1
0
1
0
1
1
0
1
0
0
1
1
0
1
1
0
0
0
2
0
0
0
0
0
0
0
0
1
1
1
4
0
0
1
0
1
0
3
1
1
1
0
2
0
0
0
1
1
6
0
0
2
3
1
0
1
0
1
2
1
3
2
3
4
2
3
4
3
1
2
2
3
0
1
2
1
0
2
1
0
3
1
1
0
4
3
1
1
2
1
1
1
0
2
1
1
1
2
3
1
1
2
1
1
2
0
1
2
1
1
0
1
0
3
2
0
2
0
2
2
0
1
2
1
0
2
1
1
0
1
1
2
0
1
0
0
1
0
2
0
0
0
0
1
0
1
1
1
0
1
0
1
0
0
1
1
0
1
0
0
0
0
1
0
0
0
0
2
1
1
0
0
0
1
1
1
0
0
0
0
1
1
0
0
0
0
0
1
0
0
0
2
0
0
0
0
1
0
0
1
0
0
0
1
0
1
0
0
0
0
0
0
1
0
0
0
0
0
0
0
1
0
0
0
0
0
0
0
0
1
0
0
1
0
0
1
1
0
1
0
1
0
0
0
0
0
1
0
0
1
0
1
1
0
0
0
1
1
0
0
1
0
0
0
0
0
0
0
0
0
0
0
0
1
1
1
0
1
0
1
0
0
1
1
1
1
2
1
0
0
1
0
1
0
0
0
0
2
0
1
0
0
0
0
0
0
0
0
0
0
1
0
1
0
0
1
0
1
0
0
0
0
0
0
0
1
1
0
0
0
1
0
0
0
1
0
1
0
0
1
2
0
0
0
0
1
1
1
0
2
0
0
0
1
0
0
0
1
1
0
0
0
0
0
0
1
0
0
1
0
1
0
0
1
0
0
0
0
0
0
1
1
0
0
0
0
0
0
0
0
1
0
0
0
0
0
0
0
1
0
1
0
1
1
0
0
0
1
0
0
0
0
0
0
0
1
0
0
1
1
0
0
0
0
0
0
0
0
0
0
0
0
0
0
1
0
0
1
0
0
1
0
0
0
0
0
0
0
0
1
0
0
0
0
0
0
0
1
1
0
0
0
0
0
0
0
0
0
1
0
1
1
0
0
0
1
0
0
1
1
0
0
1
0
1
0
0
0
0
2
0
1
1
0
1
1
0
2
1
1
0
0
1
1
1
0
0
0
0
1
0
0
1
1
0
0
0
0
1
0
0
1
0
0
0
0
1
0
0
1
0
0
0
0
1
1
0
0
0
1
0
0
0
1
0
0
0
0
0
0
0
0
0
0
0
1
0
0
0
0
1
1
0
1
0
0
0
0
0
0
0
0
0
0
0
0
0
0
0
0
0
0
0
0
1
1
1
0
0
0
1
0
0
1
0
0
0
0
0
0
0
0
0
2
0
0
0
1
0
0
0
0
0
2
0
1
0
2
0
0
0
2
0
0
0
0
0
1
1
0
0
0
1
0
0
0
1
0
0
0
0
0
0
0
0
0
1
1
1
0
0
0
0
0
1
0
2
0
1
0
1
0
0
1
1
0
0
2
0
0
1
1
0
0
0
0
0
0
0
0
0
0
0
0
0
0
0
0
2
0
0
0
1
1
0
0
0
0
0
0
0
0
1
1
0
0
1
0
1
0
0
0
2
0
0
0
0
1
0
0
0
0
0
0
0
0
0
0
0
0
0
0
0
0
0
0
0
0
0
0
1
0
0
0
0
0
0
1
0
0
0
0
0
0
0
0
0
0
0
0
0
0
0
0
0
0
0
0
0
0
0
0
1
0
0
0
0
0
0
0
1
1
1
0
2
0
0
0
0
0
0
1
0
1
0
0
0
1
0
1
0
0
1
1
0
1
0
1
1
0
0
0
0
0
0
0
0
0
1
1
0
0
1
0
0
0
1
0
0
0
1
0
0
0
0
0
0
0
1
0
1
0
0
0
0
0
0
0
0
0
0
0
0
1
0
0
0
0
2
0
1
1
0
0
0
0
0
0
0
0
0
1
0
0
1
0
0
1
1
0
0
0
0
0
0
0
0
1
0
0
0
0
0
0
0
0
0
3
0
1
0
0
0
0
0
0
0
0
0
0
0
0
0
0
0
0
0
0
0
0
0
0
2
1
0
0
2
1
0
0
0
0
0
0
0
0
0
0
0
0
0
0
0
0
1
0
0
0
0
0
0
0
0
1
1
0
0
1
0
0
0
1
0
1
0
0
0
0
0
0
1
0
0
0
0
0
0
0
0
0
1
1
1
0
0
0
0
0
0
0
0
0
0
0
0
0
0
0
1
0
0
0
1
0
0
0
0
0
0
1
0
0
0
0
0
0
0
1
0
0
0
0
0
0
0
0
0
0
0
0
0
0
0
0
0
0
0
0
0
0
0
0
0
0
0
0
0
0
0
0
0
0
0
0
0
0
0
0
0
0
0
0
0
0
0
0
0
0
0
0
0
0
0
0
0
0
0
0
0
0
0
0
0
0
0
0
0
0
0
0
0
0
0
0
0
0
0
0
0
0
0
0
0
0
0
0
0
0
0
0
0
0
0
0
0
0
0
0
0
0
0
0
0
0
0
0
0
0
0
0
0
0
0
0
0
0
0
0
0
0
0
0
0
0
0
0
0
0
0
0
0
0
0
0
0
0
0
0
0
0
0
0
0
0
0
0
0
0
0
0
0
0
0
0
0
0
0
0
0
0
0
0
0
0
0
0
0
0
0
0
0
0
0
0
0
0
0
0
0
0
0
0
0
0
0
0
0
0
0
0
0
0
0
0
0
0
0
0
0
0
0
0
0
0
0
0
0
0
0
0
0
0
0
0
0
0
0
0
0
0
0
0
0
0
0
0
0
0
0
0
0
0
0
0
0
0
0
0
0
0
0
0
0
0
0
0
0
0
0
0
0
0
0
0
0
0
0
0
0
0
0
