const Int_t proChannels = 20;


Int_t Channelpro[proChannels] = {
  150,151,148,149,146,147,144,145,
  152,153,
  120,121,118,119,116,117,114,115,112,113
};

string DetectorNamepro[proChannels]={
  "B8619","B8619","B8717","B8717","PONaMa2","PONaMa2","PONaMa1","PONaMa1",
  "B8461","B8461",
  "B8607","B8607","B8456","B8456","B8621","B8621","B8466","B8466","B8473","B8473"
};

Int_t GoodBadpro[proChannels] = {
  0,0,1,1,1,1,1,1,
  1,1,
  1,1,1,1,0,0,1,1,1,1
};

Double_t PulserCalpro[proChannels] = {
  0,0,1427,1427,1446,1446,1440,1440,
  1446,1446,
  0,0,1430,1430,0,0,1449,1449,288,288
};

Double_t Pulserpro[proChannels] = {
  0, 0, 3492.5, 1047.5, 3463.5, 1031.5, 3654.5, 534.5, 
  3410.5, 1019.5,
  0,0, 3589.5, 1070.5, 0, 0, 3470.5, 1022.5, 721.5, 381.5,
};
const Int_t kChannels = 58;

//DS0
Int_t GoodBad0[kChannels] = {
  1,1,1,1,1,1,1,1,
  0,0,1,1,1,1,0,0,
  0,0,0,0,0,0,1,1,
  1,1,1,1,1,1,1,1,1,1,
  1,1,1,1,0,0,1,1,
  0,0,1,1,1,1,0,0,
  1,1,1,1,1,1,0,0
};
//Mod1
Int_t OrtecBeGe1[kChannels] = {
  1,1,1,1,1,1,1,1,
  0,0,1,1,1,1,1,1,
  0,0,1,1,1,1,1,1,
  0,0,0,0,0,0,0,0,0,0,
  0,0,1,1,1,1,1,1,
  1,1,1,1,1,1,1,1,
  0,0,1,1,1,1,1,1
};

//Pulser[trapE] in DS0 (<run3464)
Double_t Pulser01[kChannels] = {
  0, 0, 4757.5, 1410.5, 4620.5, 1371.5, 4564.5, 1345.5,
  0, 0, 2100.5, 627.5,  431.5,  127.5,  0, 0,
  0, 0, 0, 0, 2095.5, 617.5, 2117.5, 630.5,
  4674.5, 1372.5, 405.5, 120.5, 0, 0, 2139.5, 639.5, 4574.5, 1376.5,
  4473.5, 1343.5, 2060.5, 306.5, 2099.5, 615.5, 2106.5, 626.5,
  4564.5, 1380.5, 4547.5, 1348.5, 1078.5, 316.5, 0, 0,
  4472.5, 1326.5, 4491.5, 1324.5, 4555.5, 1359.5, 0, 0
};

//Pulser[trapECal] in DS0 (<run3464)
Double_t PulserCal01[kChannels] = {
  0., 0., 1799.5, 1798.5, 1843.5, 1843.5, 1856.5, 1855.5,
  0, 0, 844.5, 843.5, 171.5, 172.5, 0, 0,
  0, 0, 0, 0, 845.5, 844.5, 862.5, 861.5,
  1784.5, 1784.5, 154.5, 154.5, 0., 0., 813.5, 812.5, 1768.5, 1768.5,
  1829.5, 1830.5, 824.5, 822.5, 850.5, 849.5, 847.5, 847.5,
  1869.5, 1868.5, 1854.5, 1854.5, 0., 0., 0, 0,
  1847.5, 1847.5, 1837.5, 1836.5, 1834.5, 1834.5, 0.,0.
};

//Pulser[trapE] in DS0 (>run3464)
Double_t Pulser02[kChannels] = {
  109.5, 33.5, 1691.5, 501.5, 1600.5, 474.5, 1571.5, 463.5,
  0, 0, 1592.5, 475.5, 1599.5, 471.5, 0, 0,
  0, 0, 0, 0, 1609.5, 475.5, 1568.5, 467.5,
  1675.5, 492.5, 439.5, 131.5, 0, 0, 1671.5, 499.5, 1647.5, 495.5,
  1564.5, 469.5, 1595.5, 237.5, 1581.5, 465.5, 1587.5, 472.5,
  1564.5, 473.5, 1569.5, 465.5, 532.5, 155.5, 0, 0,
  1548.5, 459.5, 1563.5, 461.5, 1589.5, 474.5, 0, 0
};

//Pulser[trapECal] in DS0 (>run3464)
Double_t PulserCal02[kChannels] = {
  44.5, 44.5, 639.5, 639.5, 638.5, 638.5, 639.5, 639.5,
  0, 0, 639.5, 640.5, 638.5, 637.5, 0., 0.,
  0, 0, 0, 0, 648.5, 649.5, 638.5, 638.5,
  639.5, 639.5, 167.5, 167.5, 0, 0, 635.5, 635.5, 636.5, 636.5,
  639.5, 640.5, 638.5, 637.5, 640.5, 641.5, 639.5, 639.5,
  640.5, 641.5, 639.5, 640.5, 679.5, 681.5, 0, 0,
  639.5, 640.5, 640.5, 641.5, 639.5, 639.5, 0, 0,
};
//DS1
//Good Channel List
Int_t GoodBad1[kChannels] = {
  0,0,1,0,1,1,1,1,
  1,1,1,1,1,1,0,0,
  0,0,1,1,1,1,1,1,
  0,0,0,0,0,0,0,0,0,0,
  0,0,0,0,1,1,0,0,
  1,1,0,0,1,1,1,1,
  1,1,1,1,1,0,1,1
};

//DS2
Int_t GoodBad2[kChannels] = {
  0,0,1,0,1,1,1,1,
  1,1,1,1,1,1,0,0,
  0,0,1,1,1,1,1,1,
  0,0,0,0,0,0,0,0,0,0,
  0,0,0,0,1,1,0,0,
  1,1,0,0,1,1,1,1,
  1,1,1,1,1,0,1,1
};

//DS3
Int_t GoodBad3[kChannels] = {
  0,0,1,0,1,1,1,1,
  1,1,1,1,1,1,0,0,
  0,0,1,1,1,1,1,1,
  1,1,1,1,1,1,1,1,1,1,
  0,0,1,1,1,1,0,0,
  1,1,0,0,1,1,1,1,
  1,1,1,1,1,0,1,1
};



Double_t Pulser1[kChannels] = {
  /*
  0., 0., 1666.5, 502.5, 159.5, 47.5, 1592.5, 474.5,
  80.5, 24.5, 1611.5, 479.5, 1682.5, 496.5, 0., 0.,
  1621.5, 476.5, 1636.5, 488.5, 1685.5, 495.5, 1643.5, 493.5,
  1588.5, 464.5, 155.5, 47.5, 1661.5, 492.5, 1651.5, 488.5, 0., 0.,
  0., 0., 1588.5, 474.5, 1568.5, 462.5, 0., 0.,
  1597.5, 478.5, 0., 0., 1566.5, 464.5, 1621.5, 480.5,
  1601.5, 479.5, 1622.5, 483.5, 1594.5, 477.5, 62.5, 18.5
   */

  0, 0, 1685.5, 502.5, 434.5, 130, 1572.5, 467.5,
  228.5, 68.5, 1594.5, 474.5, 1593.5, 470.5, 0, 0,
  1586.5, 466.5, 1555.5, 464.5, 1589.5, 467.5, 1558.5, 467.5,
  1658.5, 484.5, 440.5, 132.5, 1580.5, 468.5, 1699.5, 502.5, 0,0,
  0, 0, 1610.5, 480.5, 1580.5, 466.5, 0, 0,
  1552.5, 465.5, 0, 0, 1573.5, 466.5, 1570.5, 465.5,
  1547.5, 456.5, 1581.5, 470.5, 1599.5, 477.5, 1535.5, 466.5
};


Double_t PulserCal1[kChannels] = {
  0, 0, 640.5, 640.5,  63.5,  63.5, 639.5, 639.5,
  639.5, 640.5, 639.5, 639.5, 639.5, 639.5, 0, 0,
  639.5, 639.5, 639.5, 639.5, 639.5, 639.5, 639.5, 640.5,
  639.5, 640.5, 61.5, 61.5, 0, 0, 0, 0., 0., 0.,
  0, 0, 640.5, 639.5, 643.5, 643.5, 0, 0,
  639.5, 640.5, 0, 0, 638.5, 638.5, 646.5, 646.5,
  639.5, 639.5, 639.5, 638.5, 644.5, 644.5, 639.5, 639.5,
};


Double_t DetLength[kChannels] = {
  30.8, 30.8, 51,   51,   42,   42,   49.7, 49.7, 
  30,   30,   44.2, 44.2, 34.2, 34.2, 48.2, 48.2, 
  30,   30,   47.6, 47.6, 49.1, 49.1, 47.5, 47.5, 
  30,   30,   30,   30,   30,   30,   30,   30,   30, 30, 
  30,   30,   44.4, 44.4, 34,   34,   52.6, 52.6, 
  41.1, 41.1, 34.2, 34.2, 39.2, 39.2, 39.7, 39.7, 
  30,   30,   39.4, 39.4, 39.6, 39.6, 52.5, 52.5
};
//DS4
Int_t GoodBad4[kChannels] = {
  1,1,1,1,1,1,1,1,
  1,1,1,1,1,1,0,0,0,0,
  1,1,1,1,0,0,
  1,1,1,1,0,0,1,1,0,0,
  1,1,0,0,1,1,1,1,
  1,1,1,1,0,0,0,0,
  0,0,1,1,1,1,1,1 
};

//Mod2
Int_t OrtecBeGe2[kChannels] = {
  0,0,1,1,1,1,1,1,
  0,0,0,0,0,0,0,0,0,0,
  1,1,1,1,1,1,
  0,0,0,0,0,0,0,0,0,0,
  0,0,1,1,1,1,1,1,
  1,1,1,1,1,1,1,1,
  0,0,1,1,1,1,0,0
};

//Pulser[trapE] in Mod2
Double_t Pulser4[kChannels] = {
  1567.5, 459.5, 1574.5, 468.5, 1593.5, 472.5, 1614.5, 475.5, 
  945.5, 280.5, 1571.5, 473.5, 409.5, 121.5 , 0, 0, 0, 0, 
  1557.5, 465.5, 1575.5, 473.5, 0, 0,
  1509.5, 448.5, 671.8, 200.5, 0, 0, 1581.5, 469.5, 0, 0, 
  1569.5, 470.5, 0, 0, 1564.5, 473.5, 1577.5, 463.5, 
  1544.5, 462.5, 1617.5, 471.5, 0, 0, 0, 0, 
  0, 0, 1563.5, 464.5, 1600.5, 474.5, 1594.5, 473.5
};

//Pulser[trapECal] in Mod2
Double_t PulserCal4[kChannels] = {
  0, 0, 640.5, 640.5,  63.5,  63.5, 639.5, 639.5,
  639.5, 640.5, 639.5, 639.5, 639.5, 639.5, 0, 0,
  639.5, 639.5, 639.5, 639.5, 639.5, 639.5, 639.5, 640.5,
  639.5, 640.5, 61.5, 61.5, 0, 0, 0, 0., 0., 0.,
  0, 0, 640.5, 639.5, 643.5, 643.5, 0, 0,
  639.5, 640.5, 0, 0, 638.5, 638.5, 646.5, 646.5,
  639.5, 639.5, 639.5, 638.5, 644.5, 644.5, 639.5, 639.5,
};


/*
Int_t GoodBad3[kChannels] = {
  0,0,1,1,1,1,1,1,
  1,1,1,1,1,1,0,0,
  1,1,1,1,1,1,1,1,
  0,0,1,1,0,0,0,0,0,0,
  0,0,0,0,1,1,0,0,
  1,1,0,0,1,1,1,1,
  1,1,1,1,1,1,1,1
};
*/

//DS5
//Mod1
Int_t GoodBad51[kChannels] = {
  0,0,1,1,1,1,1,1,
  0,0,1,1,1,1,0,0,
  0,0,1,1,1,1,1,1,
  1,1,1,1,1,1,1,1,1,1,
  0,0,1,1,1,1,0,0,
  1,1,0,0,1,1,1,1,
  1,1,1,1,1,1,1,1
};
//Mod2
Int_t GoodBad52[kChannels] = {
  1,1,1,1,1,1,1,1,
  1,1,1,1,1,1,0,0,0,0,
  1,1,1,1,0,0,
  1,1,1,1,0,0,1,1,0,0,
  1,1,0,0,1,1,1,1,
  1,1,1,1,0,0,0,0,
  0,0,0,0,1,1,1,1
};
//Pulser[trapE] in Mod1
Double_t Pulser51[kChannels] = {
  0, 0, 1677.5, 497.5, 429.5, 127.5, 1548.5, 459.5, 
  229.5, 68.5, 1594.5, 474.5, 1593.5, 470.5, 0, 0, 
  1586.5, 466.5, 1555.5, 464.5, 1589.5, 467.5, 1574.5, 465.5, 
  1657.5, 484.5, 440.5, 132.5, 1580.5, 468.5, 1698.5, 502.5, 0, 0, 
  0, 0, 1617.5, 481.5, 1559.5, 473.5, 0, 0, 
  1552.5, 465.5, 0, 0, 1573.5, 466.5, 1570.5, 465.5, 
  1573.5, 461.5, 1574.5, 469.5, 1593.5, 476.5, 1555.5, 459.5, 
};

//Pulser[trapE] in Mod2
Double_t Pulser52[kChannels] = {
  1561.5, 462.5, 1588.5, 466.5, 1593.5, 472.5, 1322.5, 395.5, 
  751.5, 222.5, 1595.5, 466.5, 409.5, 121.5, 0, 0, 0, 0, 
  1453.5, 435.5, 1422., 427.5, 0, 0, 
  1323.5, 393.5, 0., 0., 0, 0, 1582.5, 468.5, 0, 0, 
  1570.5, 470.5, 0, 0, 1564.5, 473.5, 1600.5, 468.5, 
  1545.5, 463.5, 1619.5, 472.5, 0, 0, 0, 0, 
  0, 0, 0, 0, 1599.5, 474.5, 1595.5, 473.5,
};

//Pulser[trapECal] in Mod1
Double_t PulserCal51[kChannels] = {
  0, 0, 640.5, 640.5,  63.5,  63.5, 639.5, 639.5,
  639.5, 640.5, 639.5, 639.5, 639.5, 639.5, 0, 0,
  639.5, 639.5, 639.5, 639.5, 639.5, 639.5, 639.5, 640.5,
  639.5, 640.5, 61.5, 61.5, 0, 0, 0, 0., 0., 0.,
  0, 0, 640.5, 639.5, 643.5, 643.5, 0, 0,
  639.5, 640.5, 0, 0, 638.5, 638.5, 646.5, 646.5,
  639.5, 639.5, 639.5, 638.5, 644.5, 644.5, 639.5, 639.5,
};

//Pulser[trapECal] in Mod2
Double_t PulserCal52[kChannels] = {
  0, 0, 640.5, 640.5,  63.5,  63.5, 639.5, 639.5,
  639.5, 640.5, 639.5, 639.5, 639.5, 639.5, 0, 0,
  639.5, 639.5, 639.5, 639.5, 639.5, 639.5, 639.5, 640.5,
  639.5, 640.5, 61.5, 61.5, 0, 0, 0, 0., 0., 0.,
  0, 0, 640.5, 639.5, 643.5, 643.5, 0, 0,
  639.5, 640.5, 0, 0, 638.5, 638.5, 646.5, 646.5,
  639.5, 639.5, 639.5, 638.5, 644.5, 644.5, 639.5, 639.5,
};

