7279 60 576 65.0227413646272
7279 90 600 75.3379065961525
7279 100 576 67.7146192153699
7279 180 598 65.6076462159821
7279 187 600 58.0547993479593
7279 207 594 61.7187547906897
7279 267 576 63.2918674196073
7279 317 626 61.755336769101
7279 333 576 62.4037809101512
7279 361 594 57.3287978108484
7279 365 696 72.6295534688944
7279 405 576 63.5972717441177
7279 440 674 64.1832921110221
7279 458 576 60.4894667631138
7279 488 696 72.5645821456473
7279 504 644 66.0611356175798
7279 518 692 62.2372380808411
7279 605 644 57.5037296960786
7279 695 688 69.4143524205928
7279 706 576 66.8293418859997
7279 720 626 76.3447366567732
7279 781 696 66.8954757017134
7279 802 690 68.5184016681985
7279 853 674 72.9856329919305
7279 911 646 62.0922158351539
7279 966 598 67.0048046900895
7279 988 626 73.7697871575109
7279 1078 608 69.7635683361082
7279 1115 662 65.0357116653551
7279 1139 594 66.3844633788361
7279 1164 624 75.7089678153748
7279 1254 696 58.6034563349445
7279 1282 610 60.8299546977395
7279 1364 674 68.908600458968
7279 1402 642 69.3434032683611
7279 1428 598 68.2049484337405
7279 1573 674 65.6393026526383
7279 1636 598 69.3958453199756
7279 1692 640 74.5945082244322
7279 1743 644 59.8396196024145
7279 1765 642 72.7444902853054
7279 1836 576 63.8763342985108
7279 1933 600 71.5817573632087
7279 1938 646 70.1047098130253
7279 1992 576 68.0158882682901
7279 2036 692 61.2142345470524
7279 2168 688 61.7886854419996
7279 2214 696 58.2612710294097
7279 2224 592 71.9530938172651
7279 2264 598 63.9928136360872
7279 2300 664 69.170584504978
7279 2333 598 74.3025331547774
7279 2334 642 60.4726443705622
7279 2367 626 57.9273500390182
7279 2427 600 75.0777726826107
7279 2428 662 57.4350901094877
7279 2471 600 75.2438522269621
7279 2510 600 75.5462843959895
7279 2568 610 67.0473059216184
7279 2617 610 65.2627359632999
7279 2618 644 59.4990933089109
7279 2672 696 68.2183581749513
7279 2707 662 68.0742534677358
7279 2720 662 66.693899948665
7279 2805 642 65.1207829823203
7279 2806 610 64.4981634319378
7279 2813 642 66.1632806493424
7279 2891 664 71.4973733137131
7279 2961 662 57.1617071008968
7279 3035 688 61.6153574686096
7279 3074 598 75.0621550817408
7279 3131 598 72.8204461947817
7279 3138 624 61.0584446220668
7279 3171 624 65.005654357157
7279 3252 624 64.8714850042916
7279 3336 576 67.0826295023012
7279 3337 674 67.7590466088828
7279 3349 626 67.5949479678252
7279 3351 674 64.8792410912376
7279 3506 598 71.7189051004711
7279 3522 688 72.8147529027504
7279 3535 690 60.265207920756
7279 3591 688 59.6666342933385
7279 3612 640 60.6650500812926
7279 3628 624 65.6877228708261
7279 3712 576 62.0050520117213
7279 3736 696 67.427977288386
7279 3757 600 70.0457024451173
7279 3791 600 72.0910931331628
7279 3805 674 71.6700692965803
7279 3830 690 58.4559909612384
7279 3894 664 75.535586880591
7279 3927 576 60.1093188497715
7279 3975 690 59.8251046727946
7279 4145 626 65.1135064124618
7279 4181 610 58.8500624320086
7279 4186 646 62.3821266646398
7279 4192 662 65.4659974248676
7279 4273 598 61.7723414805393
7279 4325 598 74.0938725000538
7279 4423 626 72.8818254856748
7279 4480 644 75.3618501358842
7279 4511 626 71.9086521366485
7279 4512 642 73.6465377251922
7279 4579 640 60.2035533868653
7279 4625 576 72.6995660966113
7279 4743 600 61.7840534509554
7279 4746 598 67.9812646315823
7279 4793 674 57.8108580884976
7279 4794 598 63.4494916271237
7279 4797 644 61.2564672800791
7279 4806 644 71.7527478746793
7279 4831 600 59.7313839195203
7279 4847 624 72.8625594303053
7279 4859 692 58.5098009810107
7279 4861 624 67.3717479876819
7279 4862 662 76.6830094695741
7279 4991 696 71.4429615876784
7279 4997 642 61.1072704336976
7279 5032 626 59.9028154710301
7279 5103 692 73.6237813691542
7279 5134 646 62.3699475949251
7279 5168 692 67.0670181891741
7279 5374 624 61.1456995332586
7279 5408 594 64.7306362718628
7279 5443 674 76.6178495837084
7279 5445 610 67.7434244026996
7279 5457 608 61.7299705755459
7279 5468 644 67.5430275772438
7279 5485 674 62.0569671238021
7279 5564 626 63.6201124678261
7279 5601 644 59.0427339047403
7279 5604 624 60.629838775307
7279 5605 624 74.9834601787489
7279 5616 592 70.0824339744504
7279 5719 624 61.8806973072578
7279 5741 600 62.7200283776826
7279 5777 662 68.5102692260418
7279 5779 642 57.4808639711119
7279 5799 624 74.9947211402941
7279 5815 576 70.2127894036955
7279 5826 696 65.4280045736992
7279 5865 646 66.8385539399231
7279 5888 644 74.0428107146666
7279 5919 576 67.2792451181385
7279 5940 626 62.7653261166752
7279 6003 692 70.3220865360806
7279 6007 600 58.6707793047244
7279 6012 594 57.0325104475798
7279 6049 662 63.8860636907176
7279 6085 696 74.3478599834157
7279 6103 662 70.6299190076026
7279 6118 688 70.8987174813655
7279 6138 662 69.5246010772098
7279 6167 598 65.300797266115
7279 6182 594 70.478417979053
7279 6250 664 64.0511943171736
7279 6268 644 69.7802219966933
7279 6313 610 71.6564936292254
7279 6323 690 68.2848342435282
7279 6345 642 58.5966269768735
7279 6384 576 69.3229224347158
7279 6530 662 70.3448873190002
7279 6552 576 71.0125017991625
7279 6634 696 65.8120527804676
7279 6689 692 68.0878202610156
7279 6706 640 57.4302567765383
7279 6719 642 57.2617913744742
7279 6749 644 69.8054929408177
7279 6779 662 58.0657068561512
7279 6832 576 56.9761310788901
7279 6968 576 57.7011349589346
7279 7019 598 72.1703294094823
7279 7043 608 66.9955376954033
7279 7057 624 58.1587203911359
7279 7134 624 65.0580733306178
7279 7137 642 74.0431492142933
7279 7159 576 63.3032130277844
7279 7170 642 71.4320017293874
7279 7214 644 57.6533114701234
7279 7217 576 59.1765425256561
7279 7254 592 64.1417759728869
7279 7283 594 60.4114371242007
7279 7305 696 64.9814954801873
7279 7314 692 65.6069868956854
7279 7332 692 61.7137559517703
7279 7391 688 70.5834637331249
7279 7430 642 69.9696643835898
7279 7457 576 70.2824546926113
7279 7466 598 70.7225792631648
7279 7488 608 56.8264005487854
7279 7497 662 73.538161329462
7279 7506 576 71.2934151828854
7279 7509 594 59.132816996057
7279 7523 674 61.8188937847962
7279 7532 642 57.2003888998417
7279 7539 598 69.9231834104676
7279 7541 674 70.5646073372833
7279 7545 598 62.2614455806824
7279 7622 642 69.2755169242046
7279 7632 642 57.9256157522998
7279 7645 598 59.7218058958036
7279 7675 598 73.6946030315848
7279 7699 664 73.907869769498
7279 7739 696 74.0283802917347
7279 7757 646 58.4716268936117
7279 7906 624 61.3067661097841
7279 7918 662 70.4631553685775
7279 7925 626 63.6574970383316
7279 7956 692 61.5326094323715
7279 7958 690 73.9536615427696
7279 8003 644 70.7614562099514
7279 8007 696 72.635995447389
7279 8043 576 71.2533278514218
7279 8052 662 67.9138038075983
7279 8115 594 68.1857058827853
7279 8128 696 67.8068565360311
7279 8132 600 59.8639066808477
7279 8145 626 58.7989075121693
7279 8161 626 74.3021300885563
7279 8165 592 66.3833285838623
7279 8194 640 75.0844849806067
7279 8284 626 67.8427266706357
7279 8327 600 70.9311491025936
7279 8396 642 72.2176454895146
7279 8405 644 74.0177959836473
7279 8421 674 64.6464326898015
7279 8433 576 71.8546216084679
7279 8471 664 68.8696774961265
7279 8500 624 60.7616789968423
7279 8520 624 74.2452016897856
7279 8556 624 72.2066784075325
7279 8613 646 72.6704268696797
7279 8640 576 69.3033766084616
7279 8670 600 62.0419671432587
7279 8731 688 70.446092803481
7279 8770 608 56.9339734529463
7279 8771 664 63.7813239686176
7279 8784 696 76.3792181417647
7279 8789 644 58.800311627008
7279 8833 626 73.3772255750735
7279 8887 598 57.7764890887677
7279 8920 624 72.9398725731263
7279 8927 626 61.8766556180092
7279 8959 642 72.3597828879345
7279 8959 674 60.8584844674043
7279 8974 688 70.185183511147
7279 9033 576 64.2275281374062
7279 9088 600 72.3246996192799
7279 9121 626 64.8508726784941
7279 9172 624 57.2453982783143
7279 9193 642 72.0061137288537
7279 9215 610 67.6536696594802
7279 9232 674 57.778553625016
7279 9286 688 76.2870030777965
7279 9311 646 59.6679676051039
7279 9367 624 63.1761369954423
7279 9386 674 59.978568495135
7279 9412 646 76.1043336056504
7279 9422 576 75.1193777434298
7279 9429 644 74.6068035108882
7279 9439 598 58.7606152103374
7279 9447 646 60.1894459915573
7279 9554 624 74.2929998498597
7279 9584 662 75.8325054581225
7279 9632 576 72.139414865839
7279 9634 662 57.0386131400446
7279 9637 610 57.2229727497107
7279 9675 626 68.0072380062575
7279 9682 626 66.6809998655188
7279 9697 664 68.3132059686502
7279 9708 592 57.2147319810204
7279 9740 642 76.0481030341826
7279 9774 598 62.7808066880062
7279 9793 674 69.9205824893894
7279 9830 674 61.3492202906159
7279 9833 600 63.2184269883689
7279 9865 640 66.6385356066788
7279 9911 646 57.9388731276307
7279 9921 624 63.3361675069962
7279 9951 662 65.523245090791
7279 9953 642 61.9756595310753
7279 10031 646 76.5672410238474
7279 10050 674 58.8324038925562
7279 10054 662 62.5368175100438
7279 10061 674 59.2439541895663
7279 10101 576 75.331960276301
7279 10101 674 63.3943553603927
7279 10232 598 65.0645024090821
7279 10237 696 64.4971836234644
7279 10257 600 64.2949487601387
7279 10260 610 74.5978232015409
7279 10261 598 66.1178168523631
7279 10284 624 76.4458926529753
7279 10309 662 57.3859298959805
7279 10315 646 68.157275959197
7279 10393 600 64.8797119351334
7279 10444 696 59.8673441992658
7279 10447 688 76.395487725152
7279 10455 644 57.9913206163363
7279 10544 662 66.8630585344019
7279 10548 610 62.3720951527632
7279 10613 644 57.6137869626999
7279 10779 626 64.3645553637115
7279 10788 644 59.9590581212379
7279 10805 642 70.9251095722406
7279 10814 644 65.8213739894018
7279 10834 692 76.4318802212933
7279 10855 624 76.1746379678173
7279 10895 624 71.9612874156083
7279 10904 642 72.635131888204
7279 10993 624 64.5222605837692
7279 11020 674 59.1480935413499
7279 11024 664 70.6888498265058
7279 11027 640 69.7516405318921
7279 11058 598 74.920426361957
7279 11058 608 68.6978396744063
7279 11087 624 63.8090734563162
7279 11117 626 67.6953785601939
7279 11154 610 62.4577664476392
7279 11194 664 58.1832383584545
7279 11253 690 58.4371465920065
7279 11255 624 71.5031043756706
7279 11320 662 70.5416915309993
7279 11364 664 75.951178036357
7279 11373 576 62.8821841086632
7279 11382 594 74.585483890205
7279 11392 576 67.8534238557201
7279 11424 608 71.1779125683116
7279 11462 594 61.4354356285904
7279 11463 674 67.7541526929707
7279 11512 594 64.7328632063134
7279 11558 696 73.2423421439791
7279 11577 642 61.5707983866571
7279 11616 692 58.9578660982532
7279 11664 674 75.0553288627074
7279 11664 690 67.0363958601548
7279 11672 592 67.6543758985152
7279 11715 608 59.0118860617822
7279 11781 594 65.163132872889
7279 11782 594 75.2653716509053
7279 11788 576 58.8762505168159
7279 11818 626 67.1487352503852
7279 11842 674 63.3149323947246
7279 11917 688 57.4824408421558
7279 11937 592 75.4057378968781
7279 11945 674 66.0283880459227
7279 11983 644 73.7335575573302
7279 11989 644 76.0074911851189
7279 12009 646 66.0440453179867
7279 12036 644 67.8407636573733
7279 12051 662 73.5667236181288
7279 12074 644 70.7739082807029
7279 12118 576 59.9668348071561
7279 12151 644 65.9246075724565
7279 12359 662 76.2043606762859
7279 12416 690 60.0294898170446
7279 12500 600 69.5411212790976
7279 12510 592 69.9474077489683
7279 12652 600 74.0082896082353
7279 12794 624 75.7773832364373
7279 12795 646 60.958952568374
7279 12811 598 64.1824525369801
7279 12837 696 61.6492371454278
7279 12869 624 60.9743710102288
7279 12875 674 63.9656108500567
7279 12931 690 67.9447608736099
7279 12933 640 65.9079671462571
7279 12962 662 66.1385072775532
7279 13011 664 65.097736073378
7279 13018 626 69.1344012046794
7279 13028 696 63.9967152432238
7279 13046 576 58.8479778986841
7279 13077 576 71.6422134684407
7279 13124 576 69.5046833396714
7279 13134 642 65.2863045574821
7279 13141 692 70.9381957936814
7279 13154 692 68.0152772805176
7279 13289 624 72.1008663968453
7279 13291 696 70.1000072118121
7279 13325 690 69.77814536222
7279 13393 594 63.5885461649362
7279 13432 600 76.6170741052826
7279 13453 640 60.5122187811998
7279 13489 592 63.7411370986406
7279 13511 642 58.6433548960403
7279 13511 644 69.2306764139721
7279 13539 690 75.9686796066959
7279 13572 674 67.0933396472444
7279 13593 644 75.1599547253024
7279 13617 640 60.6087309588977
7279 13666 624 71.591079152285
7279 13692 640 62.5691582591215
7279 13826 696 74.316762584027
7279 13874 664 73.7942968346501
7279 13877 662 75.1009454733478
7279 13884 600 69.1809215303769
7279 13901 600 64.6638133136196
7279 13905 624 76.1920125296831
7279 13906 690 67.1821813596708
7279 13920 646 67.5956309537774
7279 13931 600 76.2289487900552
7279 13986 696 74.9954759688053
7279 14037 642 75.1614349124671
7279 14113 608 57.1353074948047
7279 14122 610 71.4771895143599
7279 14136 624 71.7361663277804
7279 14144 640 69.9048947129478
7279 14153 664 63.5059940480072
7279 14197 594 57.8755682147117
7279 14208 646 62.7771959479505
7279 14209 642 60.6857667455101
7279 14215 664 57.649547197982
7279 14233 598 76.0514950368661
7279 14368 594 68.7942695379395
7279 14460 626 71.1858365317962
7279 14499 610 68.5893483379485
7279 14533 576 69.3987644641456
7279 14539 644 75.26391217867
7279 14542 594 59.784299055293
7279 14602 690 72.5311104818239
7279 14617 598 68.4911286914299
7279 14622 664 63.9003803744162
7279 14628 576 74.6360767464151
7279 14673 576 58.6353454715731
7279 14686 594 65.0352029181533
7279 14759 594 69.5161593788413
7279 14781 598 60.335344950073
7279 14830 644 60.5529102418651
7279 14858 644 61.5536065989962
7279 14907 646 66.1578384050439
7279 14970 594 60.3600685774711
7279 15185 598 57.3255353906016
7279 15226 626 59.84340797065
7279 15254 626 68.6902343053996
7279 15257 662 71.0489847555779
7279 15261 644 58.8057969452866
7279 15286 576 72.7107027435004
7279 15332 646 62.839819078779
7279 15352 610 63.0129708203497
7279 15424 644 61.7903082600076
7279 15445 642 58.8980278090309
7279 15445 644 75.3726335038866
7279 15455 696 65.1251870650138
7279 15527 624 63.6304061598659
7279 15536 576 64.0465805567631
7279 15582 610 60.9252616727
7279 15628 624 62.3854630590188
7279 15631 674 57.3874119202886
7279 15666 624 68.0371683494092
7279 15685 594 66.4435346253108
7279 15711 600 64.8088042823855
7279 15811 664 72.6452213814806
7279 15815 644 71.1257199680468
7279 15818 600 75.8336871553828
7279 15828 644 57.2473810937412
7279 15869 594 56.9242013324232
7279 15899 644 65.7767740059367
7279 15949 608 65.9952390128637
7279 15960 598 63.4833099126829
7279 15972 690 59.2725926719966
7279 15990 624 75.3725961418511
7279 16018 664 59.1081607573016
7279 16048 600 61.9601727146192
7279 16049 626 61.4213801324474
7279 16121 600 63.7518299567611
7279 16180 640 62.7929890030373
7279 16196 610 60.1449330841016
7279 16212 640 76.4824104610077
7279 16215 688 57.4682761529637
7279 16269 690 67.2822621554119
7279 16282 624 57.3902550828664
7279 16299 642 58.9100481263986
7279 16329 642 58.3853308512084
7279 16333 576 65.292563948641
7279 16345 644 76.1427174437137
7279 16389 688 75.4119346112091
7279 16403 624 57.1309991547165
7279 16443 688 67.5148980591257
7279 16495 608 60.1670639607021
7279 16514 624 61.5573148944067
7279 16566 600 62.7629786632769
7279 16627 690 59.6726323172521
7279 16650 642 70.4126683776335
7279 16696 644 71.8588489614789
7279 16748 626 69.8523724403663
7279 16754 688 62.6611661134081
7279 16762 690 70.4734761170619
7279 16822 662 64.6299170105234
7279 16833 642 72.9871443405516
7279 16886 662 63.2914469918962
7279 16932 690 71.9185530190013
7279 16958 690 73.8217878605623
7279 17001 674 64.5616188757664
7279 17079 594 73.8132351505725
7279 17093 610 65.0960440024902
7279 17146 644 58.9046400109453
7279 17147 696 62.2875955958419
7279 17217 642 75.2949939702626
7279 17228 674 69.4765959879428
7279 17254 624 67.2671733319376
7279 17311 624 76.5416863621959
7279 17326 688 67.4222338330611
7279 17348 642 65.0605654765032
7279 17434 608 74.1402989229101
7279 17451 600 57.9902496677957
7279 17509 626 70.2307517537785
7279 17510 664 61.4133717275908
7279 17514 626 57.6740074463918
7279 17546 594 74.4857682758054
7279 17556 664 58.3683701437426
7279 17566 598 60.3102248064354
7279 17569 576 60.0712652881086
7279 17626 644 70.4390889365734
7279 17631 696 62.1285727591983
7279 17633 598 59.9059761026584
7279 17718 640 72.2268076136539
7279 17722 610 71.6621866362038
7279 17740 690 64.8044269820979
7279 17751 688 70.441042198266
7279 17752 600 58.2500867645248
7279 17796 674 75.7476813566146
7279 17856 576 70.4650661766688
7279 17886 624 58.9523748636695
7279 17923 664 65.7492180453408
7279 17989 624 65.0500246796761
7279 18002 610 73.492160165627
7279 18024 696 72.2435814823064
7279 18031 626 72.2002779729977
7279 18042 624 64.0703824681177
7279 18094 624 70.6779283823219
7279 18108 674 62.9867543477619
7279 18119 662 71.9604770765527
7279 18227 640 60.3720829336077
7279 18251 600 70.1471479744374
7279 18258 640 71.4648606273346
7279 18278 576 66.1853500227116
7279 18353 662 76.1440530144264
7279 18393 610 66.0489831893127
7279 18395 640 64.7025225764447
7279 18418 576 66.7658623707555
7279 18426 644 68.4582595170045
7279 18512 642 60.1416165572968
7279 18540 662 69.7465513627342
7279 18558 598 74.0969994896103
7279 18594 642 66.2798198717187
7279 18714 642 57.5643524231747
7279 18736 688 75.6621694094924
7279 18753 594 67.2426427241795
7279 18780 662 75.6413049071914
7279 18786 674 73.7198392104291
7279 18814 664 76.0095023251817
7279 18905 688 75.3025634232719
7279 18927 598 65.9435347661564
7279 18938 674 62.3879920839878
7279 19039 642 75.351546796157
7279 19093 600 66.7888100224781
7279 19095 674 71.8831708333836
7279 19108 696 64.1841507835611
7279 19121 608 70.5379817628364
7279 19257 662 69.6505337886339
7279 19266 640 62.6186945885128
7279 19308 626 58.5547467014971
7279 19400 690 66.4185235001209
7279 19415 642 70.9523882205604
7279 19417 644 72.4722975140267
7279 19421 646 59.5114241207248
7279 19456 646 64.6876526219975
7279 19484 662 67.2565266498259
7279 19486 640 66.2261116656548
7279 19515 608 62.3317395743565
7279 19574 600 65.7277826671217
7279 19606 690 61.3031831913855
7279 19678 608 75.0467724805469
7279 19680 598 76.2624016703275
7279 19684 626 61.5169883545075
7279 19735 662 73.7662884331162
7279 19750 576 67.3875890837595
7279 19804 576 73.580230848735
7279 19823 600 62.5826148608356
7279 19835 674 58.8257315247178
7279 19905 674 59.668504901041
7279 19943 646 75.522079640389
7279 19954 594 73.7545385390541
7279 19966 690 70.717667877995
7279 19987 592 67.2030384140915
7279 20017 696 64.5836203347705
7279 20022 626 72.3094031528814
7279 20023 688 72.7540471651488
7279 20042 608 70.8777949275307
7279 20048 640 67.0937399440778
7279 20064 692 65.3223625478192
7279 20175 624 70.783775532163
7279 20180 600 59.7436822232199
7279 20229 692 68.9814347148036
7279 20230 640 60.0214543403448
7279 20240 662 67.3020417583999
7279 20304 608 57.2741537407284
7279 20308 600 64.0634845624882
7279 20309 674 75.8396220908721
7279 20311 626 58.9550858453721
7279 20319 688 66.0879842535839
7279 20341 644 67.9026542695557
7279 20347 646 73.5610306927028
7279 20414 626 64.5481223530474
7279 20439 576 63.3557140246203
7279 20443 690 59.7003759280767
7279 20456 608 63.1724297727579
7279 20478 646 69.7316821528372
7279 20495 594 64.5507755543455
7279 20499 644 71.3365168910579
7279 20501 626 75.9704098635812
7279 20512 664 64.7690913307892
7279 20515 640 73.7353855270258
7279 20527 624 66.4065197224186
7279 20530 624 64.7565065135106
7279 20588 624 68.6847037961154
7279 20644 674 58.4474222284563
7279 20665 598 64.6479364190384
7279 20736 610 62.7395771897388
7279 20741 690 75.3642569874349
7279 20745 662 71.4710559903191
7279 20804 600 64.8755733988224
7279 20826 626 58.0218648214646
7279 20838 664 74.6268002820545
7279 20854 674 64.006197425612
7279 20881 690 64.4775275847613
7279 20912 592 67.2092166636253
7279 20933 644 59.9797596420279
7279 20981 576 72.5932957015563
7279 21059 644 71.6239949165561
7279 21084 642 73.8284895708835
7279 21088 576 58.6461161909404
7279 21099 662 61.1893149842016
7279 21130 598 58.049827272432
7279 21134 690 75.9219319567005
7279 21176 598 67.7279769281293
7279 21207 608 58.9672628540321
7279 21231 646 61.5594815674776
7279 21283 640 69.1891753073206
7279 21377 644 63.705249967569
7279 21406 594 70.941796259569
7279 21424 662 59.5337067805782
7279 21457 662 67.4727351758075
7279 21459 608 69.0113883784787
7279 21460 642 71.8681691650558
7279 21497 642 73.8849046557341
7279 21543 600 73.4981513999637
7279 21551 624 61.1489408683462
7279 21553 692 74.4186026094175
7279 21580 598 76.6811464279016
7279 21596 674 76.4893095738488
7279 21606 674 70.9950888130579
7279 21662 624 69.6162674573888
7279 21705 674 69.5475574616336
7279 21728 610 74.4657281141124
7279 21837 674 69.969828439451
7279 21847 640 73.9326767906736
7279 21861 626 73.5029741887425
7279 21881 610 68.5341051405426
7279 21953 662 70.3728723484868
7279 22051 592 63.8233953998121
7279 22071 662 74.568414118519
7279 22092 594 69.8506064236501
7279 22127 690 62.2449261526449
7279 22128 696 61.5542454256435
7279 22163 592 60.5219564464733
7279 22178 690 70.0069296893269
7279 22210 640 75.4740125879244
7279 22211 690 71.8607815133853
7279 22231 610 69.2696746836561
7279 22259 662 61.477604273141
7279 22320 624 61.0167131643428
7279 22328 592 57.1638220796252
7279 22349 598 63.0825853639383
7279 22362 576 64.5924523909559
7279 22438 644 72.8457837769654
7279 22459 674 67.0729710945994
7279 22484 692 73.5516185905783
7279 22492 600 75.6311214358785
7279 22641 690 63.4728537352933
7279 22662 576 58.6755495962129
7279 22773 662 64.1647352718263
7279 22815 624 61.4318354979638
7279 22840 640 58.4981737439899
7279 22879 690 67.5978422494419
7279 22901 576 64.3430647184789
7279 22911 646 73.5961907383227
7279 22949 640 58.6076804547468
7279 22974 624 64.6095086528989
7279 23010 642 65.510443100027
7279 23014 688 69.2578478344818
7279 23074 644 59.8896772343602
7279 23081 594 73.7028869912626
7279 23104 592 64.0359778284635
7279 23135 598 75.1912930029784
7279 23168 624 73.6011624624127
7279 23184 600 69.2370184956861
7279 23252 662 70.5251656013095
7279 23253 662 73.2962942257479
7279 23278 662 60.4050518101605
7279 23308 624 59.5304897659971
7279 23334 688 63.9731557176073
7279 23409 624 73.0144494487345
7279 23553 664 69.9012730853882
7279 23604 592 70.9407377708113
7279 23639 600 61.2063499682894
7279 23640 644 59.8752372011079
7279 23684 640 61.983276034146
7279 23692 642 73.6643762208826
7279 23694 674 76.2793698608601
7279 23738 664 71.2920129318562
7279 23763 608 72.0784367320606
7279 23782 610 76.0414572487781
7279 23850 690 57.6911757230949
7279 23906 646 59.4320204764156
7279 23940 644 64.6610991073539
7279 23990 594 70.0209774256418
7279 24017 642 58.6138090838038
7279 24053 576 64.4133861551835
7279 24053 644 68.1133378344773
7279 24094 642 75.7651145999639
7279 24136 624 65.4215300614526
7279 24167 662 65.4048760835514
7279 24169 598 68.1027360437548
7279 24206 696 59.1842732705539
7279 24215 690 74.7691078401798
7279 24219 624 73.2835206225397
7279 24220 696 73.9729683701732
7279 24223 576 72.0158059101326
7279 24353 608 57.6359142429337
7279 24364 598 76.0314190112005
7279 24379 608 60.5545567128333
7279 24421 624 69.3616126538251
7279 24463 598 57.4635050006389
7279 24486 608 73.1050229583
7279 24504 646 66.9985920056642
7279 24525 600 72.6458667129828
7279 24550 674 63.3481320797719
7279 24607 644 74.940435918889
7279 24608 646 73.8399010984213
7279 24619 594 74.124661493695
7279 24748 690 62.2167003781519
7279 24751 696 71.5056160336546
7279 24756 662 62.1699048216227
7279 24763 692 62.8231734190543
7279 24786 690 61.3364067228963
7279 24804 608 72.8545903512525
7279 24842 644 66.1811711920685
7279 24851 600 58.8200104849945
7279 24992 642 74.1022218651676
7279 25025 624 66.5978282765279
7279 25033 598 73.2023283248763
7279 25035 576 66.2406250994279
7279 25044 674 72.2232412787805
7279 25045 674 61.1288673845257
7279 25071 690 60.0109550841152
7279 25105 624 63.8964246759342
7279 25185 576 59.1867520697225
7279 25229 600 69.4011957157962
7279 25241 696 63.7474078628091
7279 25293 626 60.2144076380544
7279 25321 662 75.9473889218872
7279 25372 600 62.358690613776
7279 25423 592 63.9358478561453
7279 25426 610 75.3049311621843
7279 25427 642 76.0211167739552
7279 25459 664 60.9906641594078
7279 25497 646 60.4526800050778
7279 25552 624 58.9497855420202
7279 25558 642 74.8041103731858
7279 25660 592 73.5406712500595
7279 25701 624 68.8823773182816
7279 25710 664 62.4287430576661
7279 25758 598 74.8444794340846
7279 25765 626 69.3186427742048
7279 25812 610 63.9028526827058
7279 25823 640 73.385342575789
7279 25858 592 71.8127791032823
7279 25873 690 62.5926717591347
7279 25914 598 59.142732023413
7279 25986 626 75.5232979860383
7279 25996 624 64.8169878163317
7279 26034 688 69.370008371412
7279 26043 696 72.5673380592305
7279 26071 644 62.4543127871581
7279 26087 624 76.3049460748742
7279 26121 696 63.6498765437559
7279 26133 592 67.5366578730392
7279 26148 626 71.8325253130091
7279 26212 576 61.80493852121
7279 26221 592 74.7412192347316
7279 26227 626 69.7885845926768
7279 26244 662 66.7228950225765
7279 26291 662 59.6224473515511
7279 26310 576 65.5403597262276
7279 26311 624 73.4580218697167
7279 26338 646 57.5962031667524
7279 26395 692 63.1152515684896
7279 26405 664 60.1522626827423
7279 26417 662 66.6619958348812
7279 26449 662 67.622392809413
7279 26475 576 60.1518442827062
7279 26509 696 61.253956172547
7279 26519 690 58.1812665358018
7279 26603 644 63.6997923360427
7279 26627 644 60.5611220391069
7279 26649 624 65.8439929076975
7279 26676 624 69.8351840069009
7279 26741 664 68.4830421437028
7279 26839 642 69.9033101320024
7279 26934 576 65.9540690283401
7279 26948 598 72.0350567856395
7279 26952 696 75.1452860545905
7279 27029 662 56.8637669991926
7279 27037 640 61.8611858537248
7279 27099 674 75.5883340640313
7279 27113 598 72.4321319888216
7279 27162 626 67.9866371492094
7279 27233 600 75.8684259080278
7279 27288 598 65.9497619837315
7279 27343 576 68.2388497784481
7279 27381 674 74.6408115457929
7279 27389 576 57.4565099422744
7279 27405 688 71.4780350499562
7279 27463 692 67.5721041842283
7279 27481 576 67.3215891236856
7279 27520 600 68.2010760568316
7279 27542 576 70.018492291967
7279 27568 624 61.0742776503314
7279 27613 598 67.2396926986889
7279 27670 646 69.2785604520518
7279 27675 624 57.2657565162825
7279 27708 662 75.8059375120927
7279 27718 626 73.3596983613791
7279 27853 640 62.1389639899802
7279 27902 594 56.883259092953
7279 27911 664 66.9960144014812
7279 27959 594 67.9131199549186
7279 28009 662 70.6019711103004
7279 28044 640 76.1832355887886
7279 28068 608 71.1554924712542
7279 28069 696 63.0101982130313
7279 28076 642 57.9708477554185
7279 28129 646 60.7540069021429
7279 28253 624 65.1744305498339
7279 28320 576 67.1553727682142
7279 28361 642 58.5735053391655
7279 28384 626 59.9247465585987
7279 28445 576 68.3327428428651
7279 28476 696 59.5254907180207
7279 28478 600 75.3509529488138
7279 28493 644 59.0160583165688
7279 28512 642 63.8831774837051
7279 28517 646 60.8822143143061
7279 28552 598 68.2676266817738
7279 28608 646 60.21987650833
7279 28619 692 69.9972150402944
7279 28658 624 58.9668715633482
7279 28711 642 61.5218348299498
7279 28742 576 61.0159050853089
7279 28832 598 64.7680340434832
7279 28838 608 73.3695409510862
7279 28843 594 62.0138377086462
7279 28862 662 62.1684381267844
7279 28934 664 69.9522210034342
7279 28990 640 70.9342371386879
7279 29004 610 70.69586924574
7279 29008 642 60.2516909574829
7279 29026 674 61.9500677946175
7279 29081 576 63.52763745011
7279 29108 610 68.8208408366093
7279 29118 696 62.0212907662479
7279 29144 600 71.9484041258693
7279 29149 576 75.735333190154
7279 29192 662 64.0724412025684
7279 29237 624 66.0621570115552
7279 29283 662 60.5028995094578
7279 29361 624 73.4974684897858
7279 29369 640 71.7756168880646
7279 29407 692 66.944699813614
7279 29420 674 62.9740105460521
7279 29589 674 61.5686602887874
7279 29733 598 65.4753331211895
7279 29897 674 59.2104410349171
7279 29977 608 74.2198787037266
7279 29988 688 60.3289924654597
7279 30034 640 64.6782400767895
7279 30058 662 67.564909123814
7279 30080 642 67.7833959131875
7279 30110 662 59.6938211858811
7279 30133 690 61.1836293332387
7279 30144 594 73.2842394932042
7279 30147 610 72.25229291294
7279 30187 600 64.9505903717501
7279 30215 664 72.9610205221909
7279 30252 688 58.688133799849
7279 30275 690 66.8805143194543
7279 30301 576 67.9214321395288
7279 30336 640 62.949438196591
7279 30392 674 70.2836981467028
7279 30450 664 67.9632195338165
7279 30455 600 62.4440132754639
7279 30486 696 73.3640687333625
7279 30501 688 69.0828274951069
7279 30558 600 64.6655558038096
7279 30565 598 68.6407121452792
7279 30582 576 76.6299268678521
7279 30603 624 58.2646689118044
7279 30622 626 63.7611278960463
7279 30626 664 75.6214274846424
7279 30631 690 69.224598926782
7279 30633 608 61.1004128197888
7279 30671 624 74.3945197054203
7279 30675 624 73.7728844840581
7279 30690 640 68.6612567125097
7279 30745 626 75.8024029272518
7279 30793 664 62.1431582841057
7279 30836 600 63.9442190764125
7279 30843 696 61.5461944221457
7279 30862 600 71.6157284933579
7279 30879 646 63.3647010796762
7279 30900 608 61.0233173976067
7279 30904 692 69.1080763852566
7279 30950 640 69.941567413923
7279 30986 610 64.4061137135087
7279 31016 646 76.4563600989408
7279 31076 624 62.8625492256776
7279 31109 688 66.4215941061182
7279 31151 626 60.8827111394139
7279 31229 576 76.3621583886967
7279 31234 608 60.839918396803
7279 31313 696 62.013209663865
7279 31357 696 57.327596659711
7279 31361 664 62.9614574298189
7279 31395 608 74.1312148014871
7279 31426 664 66.8635180215327
7279 31518 644 60.5098393263395
7279 31541 696 75.3760009921788
7279 31572 692 67.5962480505109
7279 31597 610 58.0635915418222
7279 31600 624 69.366492466422
7279 31625 594 69.7272814524075
7279 31671 642 71.9325737177038
7279 31713 646 62.9177256276776
7279 31762 600 69.0855980213159
7279 31775 624 67.1641608543512
7279 31803 626 63.2489523362017
7279 31830 594 70.6876445634233
7279 31843 692 67.6073576372893
7279 31870 592 61.0857147629553
7279 31982 626 62.8692757177908
7279 32080 624 74.3717887761841
7279 32086 624 62.5520359318417
7279 32155 624 75.2808044623028
7279 32197 674 57.0954366517043
7279 32220 688 72.6632763618078
7279 32228 626 75.7172958656185
7279 32243 594 73.2767373235141
7279 32389 624 68.0620410160839
7279 32431 646 63.5998650265343
7279 32455 576 75.3986343843616
7279 32461 592 58.7461701948136
7279 32469 608 59.1081340122869
7279 32498 626 65.0853233433419
7279 32504 688 61.7953963052791
7279 32537 692 63.6648423036312
7279 32539 626 65.6574772422236
7279 32563 600 72.1478381044137
7279 32575 644 65.1153836056621
7279 32581 644 56.9864459162081
7279 32634 664 73.0727971499881
7279 32687 592 68.0259410508597
7279 32706 624 60.2725686444186
7279 32711 594 73.1034392263557
7279 32734 696 58.2450124141798
7279 32745 608 65.9289408832361
7279 32757 642 69.3321509349281
7279 32819 608 76.3587007191271
7279 32876 626 76.3683132285562
7279 32922 644 59.2015180002269
7279 32945 598 57.4573031558973
7279 33005 640 73.9965213742019
7279 33039 696 71.9450325724377
7279 33040 674 73.7275646308558
7279 33104 594 75.0389901612875
7279 33124 642 73.8410233445995
7279 33182 688 71.9716147235632
7279 33221 642 68.7396897969193
7279 33227 640 66.1701303715473
7279 33236 664 66.4393489803638
7279 33237 690 65.3926814379863
7279 33240 640 59.5054998073061
7279 33252 664 64.6592796842482
7279 33257 646 61.2395251173068
7279 33271 626 62.6044429830663
7279 33364 598 56.8252187111262
7279 33567 662 74.363849341196
7279 33622 594 56.714482473577
7279 33669 598 58.8422336005877
7279 33714 576 69.8126642501177
7279 33739 642 56.7474272775559
7279 33769 594 61.0320079624944
7279 33791 598 69.9196940472634
7279 33813 598 58.6286829560588
7279 33831 640 73.5743824449223
7279 33883 610 61.6826867826369
7279 33948 626 63.388589657796
7279 33985 624 61.7402076891258
7279 34073 626 62.1024006464246
7279 34191 644 75.7677020561342
7279 34218 600 76.5320146250477
7279 34267 644 62.7005416772071
7279 34462 692 71.9874011778666
7279 34464 696 69.6722312528177
7279 34491 690 56.9098519031392
7279 34538 594 69.404959945647
7279 34562 610 74.7601123145903
7279 34575 626 64.9568170812104
7279 34596 610 66.3789922408559
7279 34610 626 70.971531118451
7279 34651 646 62.9166235812828
7279 34683 696 60.7872798141273
7279 34742 592 62.4875528099784
7279 34758 598 73.0827942273285
7279 34777 696 63.6293776299861
7279 34842 674 59.9556171139479
7279 34860 600 71.3208117846293
7279 34868 642 67.6825709025223
7279 34988 640 71.7245611462394
7279 35021 664 66.8220309743757
7279 35099 598 74.4566801800059
7279 35111 642 75.7201357043952
7279 35141 688 72.3673091380639
7279 35157 600 76.177237060278
7279 35235 598 72.9229384472574
7279 35248 662 69.5275687730398
7279 35252 598 74.6044356062039
7279 35263 642 66.8327553079825
7279 35279 674 70.956748164708
7279 35320 644 74.5653785466876
7279 35364 598 70.1251631714268
7279 35457 662 72.3669220770742
7279 35464 598 66.1306987287471
7279 35468 576 72.2246615726337
7279 35475 626 58.3076411971577
7279 35505 662 61.2834040985611
7279 35520 610 74.3439871836215
7279 35547 696 64.1596080627772
7279 35591 610 60.4329711488394
7279 35729 642 75.7771178750212
7279 35747 644 71.7532221833003
7279 35752 690 57.931712762182
7279 35773 674 61.9640956903053
7279 35831 598 76.4408619362217
7279 35842 674 70.5667647428363
7279 35926 608 57.8083304333683
7279 36002 594 62.9145607831875
7279 36008 576 64.3184067325811
7279 36016 664 58.0631889902956
7279 36022 674 58.1213704017164
7279 36107 664 72.4219095861931
7279 36108 690 60.5405190077122
7279 36117 696 72.4412922448748
7279 36119 576 60.1004834392454
7279 36218 662 74.6619192372786
7279 36272 600 58.3637168832726
7279 36338 696 59.1371553231297
7279 36378 576 67.1913749430121
7279 36380 576 60.7896079526809
7279 36490 662 67.2592931959736
7279 36514 592 75.1220024200731
7279 36634 594 74.7730255647358
7279 36638 696 73.6996283592813
7279 36698 600 61.889288750989
7279 36713 610 65.8094433284506
7279 36732 594 60.0043404950814
7279 36763 644 66.7566574827733
7279 36769 624 66.113377035049
7279 36824 610 69.7975054051077
7279 36830 624 62.2228914548802
7279 36855 664 74.2063885487154
7279 36868 646 58.857489141647
7279 36870 642 59.2700587576876
7279 36884 640 64.6484643031377
7279 36933 696 73.8378457895466
7279 36946 598 58.2719852701521
7279 36955 608 74.7744558825814
7279 36979 690 73.0982574559466
7279 37036 664 68.3832568027563
7279 37103 644 73.4703687974065
7279 37113 594 56.7786714581996
7279 37132 624 76.01914429164
7279 37285 600 75.8248767625929
7279 37311 642 71.8218770360719
7279 37331 598 71.7809096350047
7279 37345 594 65.3626301487988
7279 37362 626 62.7824036756661
7279 37380 642 61.7397850101636
7279 37428 608 68.8865253380928
7279 37446 688 72.4506333489508
7279 37505 576 67.5632511323546
7279 37602 662 69.8621701869012
7279 37619 626 64.4994986845385
7279 37636 662 74.8371350884026
7279 37665 576 73.8329138309983
7279 37710 592 61.3713058659107
7279 37719 646 58.2985854228814
7279 37736 644 58.8417589621218
7279 37764 696 75.1654194558247
7279 37782 674 63.1846065766234
7279 37790 592 59.5282058099907
7279 37811 644 74.2466275344497
7279 37825 642 60.8912829550338
7279 37902 642 62.7291295834501
7279 37911 644 62.8092575096083
7279 37933 576 57.3589747123885
7279 37946 642 75.1937215412737
7279 37955 598 76.0796271846646
7279 38009 662 58.0893025596214
7279 38043 674 67.3998577369255
7279 38076 610 70.6993589962569
7279 38179 610 70.7883814268834
7279 38273 576 61.0009272641929
7279 38292 576 59.2002921793924
7279 38294 600 67.0271342092803
7279 38297 690 57.4557267081519
7279 38309 610 65.0456809779599
7279 38320 696 58.3695614920766
7279 38322 624 63.7675705116515
7279 38323 626 56.9299671103086
7279 38375 664 61.8377634703309
7279 38376 598 61.5569211646339
7279 38436 662 68.6305701179879
7279 38449 646 61.7284487084817
7279 38516 692 61.9372671061229
7279 38542 662 71.0816605882671
7279 38560 688 65.1073799231084
7279 38574 640 63.490859758813
7279 38717 640 72.9721977571779
7279 38724 608 67.4449781412227
7279 38866 688 63.9406029704706
7279 38930 644 56.7631354141287
7279 38967 624 68.3231642539557
7279 38975 662 76.3197458937314
7279 38996 592 68.9389307802554
7279 39049 664 72.5929963568442
7279 39067 600 75.7932938325686
7279 39095 600 61.5690697733939
7279 39146 674 74.0612870387175
7279 39147 608 75.374302697592
7279 39174 640 57.219664558166
7279 39178 594 68.2429756588412
7279 39269 662 66.3701268497381
7279 39270 662 63.0992756836471
7279 39276 640 62.758466998443
7279 39294 644 70.8146323555626
7279 39295 624 58.7214254236017
7279 39311 662 74.9303937952745
7279 39314 626 69.4627916744749
7279 39330 624 70.6361305712843
7279 39346 664 72.0899510093786
7279 39413 642 57.9076044367514
7279 39482 600 67.3317232683928
7279 39496 642 65.9353607001151
7279 39548 624 73.6079297388897
7279 39570 696 74.0166703941788
7279 39572 662 60.5699904537652
7279 39631 642 63.9586219026594
7279 39733 642 61.8520467619597
7279 39784 624 70.3828681358877
7279 39790 576 65.544796172586
7279 39831 608 56.7056389740511
7279 39883 646 73.3459613828064
7279 39889 626 58.8645337941219
7279 39903 688 70.6395309971201
7279 39914 642 68.1283168676377
7279 39940 664 68.7338259597896
7279 39946 662 58.4707689942461
7279 39980 690 69.6274997347504
7279 40013 610 71.5027518088814
7279 40016 626 67.34948296221
7279 40056 624 66.5257374551735
7279 40092 594 60.1857182290601
7279 40095 662 69.1020989812258
7279 40143 600 76.1679266728599
7279 40166 646 75.0620696985581
7279 40179 644 73.1454538359674
7279 40192 592 74.3584821616088
7279 40242 592 64.146078159357
7279 40245 626 61.7981965995802
7279 40321 640 57.6674964982946
7279 40350 688 63.1322730729306
7279 40357 626 70.7968505946668
7279 40463 644 74.842851997733
7279 40497 576 74.1173587315914
7279 40513 690 65.1581933829819
7279 40523 674 67.3474730614391
7279 40541 662 76.4375772114075
7279 40559 592 69.8836249142388
7279 40561 594 58.2787597055396
7279 40592 594 67.420063044627
7279 40674 646 59.7117864981723
7279 40781 598 57.8522783535081
7279 40828 688 71.6761003206581
7279 40837 576 57.2426251261153
7279 40868 674 56.9221760293992
7279 40885 642 71.0649951981143
7279 40904 640 64.8780583872596
7279 40983 594 62.9477436466899
7279 41013 598 60.3101645699777
7279 41073 664 61.4589237024438
7279 41086 624 68.0575110741351
7279 41126 690 73.4881813023339
7279 41177 576 68.9561035592526
7279 41182 674 67.6497129696758
7279 41202 594 74.2855540434923
7279 41284 690 69.1511673827352
7279 41326 688 69.0361269200435
7279 41456 598 72.2952573026084
7279 41465 690 71.8179574604881
7279 41513 664 60.5074931053559
7279 41543 594 59.4910284029826
7279 41558 598 58.8454068038556
7279 41559 644 62.4186967086827
7279 41584 576 58.9026634830681
7279 41587 576 69.8044419584836
7279 41688 690 58.7651389660974
7279 41754 664 70.076961717037
7279 41861 692 57.2992434254397
7279 41885 688 61.3950251009513
7279 41932 576 65.3113650811891
7279 41966 610 65.0688018346575
7279 42026 594 68.673952550645
7279 42032 664 67.3607840835991
7279 42033 664 76.136534368711
7279 42041 624 59.0847681978608
7279 42047 662 61.88476373246
7279 42096 674 65.9126141153614
7279 42105 624 59.4330415463548
7279 42116 662 75.8448911538234
7279 42202 624 73.3994629285446
7279 42249 600 66.2504888473999
7279 42276 674 66.6994654026958
7279 42312 610 59.5412387102086
7279 42329 576 72.5640552756813
7279 42485 674 65.2553096089283
7279 42494 664 74.9636576853024
7279 42502 688 75.3819561013442
7279 42612 644 73.2304374791083
7279 42705 600 74.6717073020935
7279 42718 696 68.3990501462839
7279 42748 600 58.0123166228752
7279 42753 642 67.5550323858234
7279 42838 576 57.7446773842775
7279 42845 646 64.5914781084497
7279 42847 696 64.5284056675329
7279 42863 662 73.6367120338674
7279 42888 662 73.2356753357621
7279 42889 598 57.4033115105431
7279 42964 626 60.566040051587
7279 43014 640 76.4712093762444
7279 43050 608 57.1761918189049
7279 43057 696 60.0122304757889
7279 43170 696 70.0204690074475
7279 43239 640 72.9875618165979
7279 43240 594 63.3827129912236
7279 43264 646 68.4424105682718
7279 43272 598 59.293902975069
7279 43273 576 73.5849136198437
7279 43339 610 68.5522006753588
7279 43348 662 61.7149043229393
7279 43433 640 76.3309175506817
7279 43446 642 65.0234395029041
7279 43451 610 58.9083010077149
7279 43474 696 74.0008560765306
7279 43525 608 72.0713471718894
7279 43528 696 73.7488332793953
7279 43535 600 67.6966616715128
7279 43540 608 66.5870518065477
7279 43556 598 62.2481639754807
7279 43596 610 67.4177862336784
7279 43676 610 72.1303123456827
7279 43860 592 66.7661002934825
7279 43869 608 64.4468107446542
7279 43972 624 65.4505926515201
7279 43981 662 72.4406207455551
7279 44014 624 65.9885737096302
7279 44035 690 74.5726922063217
7279 44072 598 57.5084486933452
7279 44143 690 64.9197897873125
7279 44164 640 57.5373365597695
7279 44197 624 58.1292199227315
7279 44198 688 76.0657603659104
7279 44204 696 71.4403498822591
7279 44210 692 65.899129321201
7279 44232 626 75.7921686324404
7279 44356 608 59.6875009906648
7279 44404 644 74.3954725195206
7279 44449 692 67.373579852884
7279 44472 626 58.8387992651539
7279 44476 600 68.8905654060126
7279 44490 644 64.9067152361441
7279 44500 674 65.2993565728769
7279 44516 626 63.2258563630045
7279 44526 690 75.2905299629665
7279 44575 688 64.9342184946517
7279 44623 600 57.9556918351155
7279 44624 688 67.3917905729613
7279 44631 674 57.1067561026675
7279 44664 674 64.4955150136464
7279 44673 644 72.4287721055004
7279 44681 594 76.1238061033583
7279 44724 608 73.8449803693757
7279 44745 696 65.1593435402593
7279 44762 662 67.5355114655274
7279 44796 688 63.4824136954285
7279 44875 642 57.3017451478077
7279 44895 664 67.6622378489243
7279 44986 662 73.2650004460541
7279 44987 610 63.8051142695012
7279 45086 600 58.6570436513728
7279 45112 642 59.3883355845956
7279 45125 692 72.0466575432026
7279 45152 642 76.6611616385486
7279 45199 594 58.1937039771387
7279 45202 644 64.2125796705975
7279 45257 576 73.993221836757
7279 45260 644 76.2438269854086
7279 45284 608 70.6422831993631
7279 45305 646 70.4748356699215
7279 45367 642 70.2062041225745
7279 45369 608 68.1168329208088
7279 45394 696 71.6142240124562
7279 45406 610 64.0466356660051
7279 45431 576 76.0960527355575
7279 45521 662 63.5569755137771
7279 45524 646 68.7377382315296
7279 45559 696 72.4282264316532
7279 45563 696 74.3104956022538
7279 45653 690 65.7488298656997
7279 45722 624 58.5783474717308
7279 45762 640 59.9404853673683
7279 45837 610 64.091227539476
7279 45895 646 66.3953578808661
7279 45947 594 76.5267627015443
7279 45958 690 76.3600954374375
7279 46005 644 76.6492698265729
7279 46113 690 60.2183033288724
7279 46158 598 68.9655649834286
7279 46167 640 65.2933820217524
7279 46209 598 66.8387248798928
7279 46239 674 63.3576797156581
7279 46249 688 67.4446829907495
7279 46267 646 70.0101090030958
7279 46269 662 58.0101949941169
7279 46318 674 74.3665472509507
7279 46339 608 57.2673190202165
7279 46345 624 74.6477483444111
7279 46374 592 61.9098242607453
7279 46388 664 63.7728248173053
7279 46393 664 75.7568843447432
7279 46396 688 64.5184145147191
7279 46439 626 56.9269462374483
7279 46535 696 76.5918255776959
7279 46541 690 61.0870112996494
7279 46608 692 71.5517605243911
7279 46643 696 69.8644445382726
7279 46658 576 73.6942324378397
7279 46670 576 60.0064214997381
7279 46681 600 57.8607696360003
7279 46714 662 73.4130676776222
7279 46734 576 70.6227985834445
7279 46765 608 73.2237488595475
7279 46780 626 66.8748875552208
7279 46782 598 65.8639489431271
7279 46821 594 58.1287474928185
7279 46835 688 58.7795509174834
7279 46856 642 57.0153981919332
7279 46901 690 66.2526856876897
7279 46910 690 70.5626188079329
7279 47028 690 75.2799241702121
7279 47040 662 56.9182194097771
7279 47085 688 64.5108803593458
7279 47113 674 70.2509930187882
7279 47142 594 71.6350052067591
7279 47173 594 64.4753638571573
7279 47199 600 65.2493427928178
7279 47202 688 72.0546482429206
7279 47220 690 70.3318913722278
7279 47227 644 75.4529433418239
7279 47254 674 69.620622378817
7279 47272 690 68.5770083998609
7279 47299 690 69.7720740061155
7279 47313 626 62.7354452452429
7279 47322 610 72.6803864513845
7279 47343 600 59.7479149428287
7279 47442 624 66.3042849516058
7279 47485 626 70.3870518353232
7279 47491 576 72.4211653220465
7279 47551 642 57.6635823294008
7279 47578 688 71.4000328695949
7279 47605 688 57.8194223823698
7279 47672 662 64.4835664436748
7279 47675 692 60.5223250454272
7279 47678 692 72.8625837494143
7279 47700 600 71.6859529806622
7279 47716 624 57.6210896152941
7279 47743 598 66.2678368499479
7279 47754 608 74.2041113927597
7279 47788 688 59.052119934492
7279 47933 664 76.1454061172187
7279 48101 674 66.9950714167703
7279 48120 696 61.8377336208478
7279 48121 576 75.8100258002777
7279 48133 662 70.3958945476905
7279 48235 692 60.5555837075529
7279 48288 600 57.1851940160612
7279 48296 674 59.4696254795547
7279 48303 598 70.8162992738856
7279 48318 598 74.5316021191481
7279 48339 592 56.7909242683181
7279 48353 576 70.9587499792885
7279 48357 646 61.6172780548302
7279 48367 626 65.7938241326144
7279 48408 624 68.4218816485743
7279 48447 598 70.0298120485782
7279 48492 662 61.7398761909093
7279 48505 610 68.966992612574
7279 48572 662 71.1703073054137
7279 48608 688 68.0614698886503
7279 48676 690 62.4139825583562
7279 48685 592 68.2398445303725
7279 48695 640 60.8256494491822
7279 48707 662 69.9579921550043
7279 48749 662 64.8459190153704
7279 48793 626 70.3587153069631
7279 48797 600 67.7443516974179
7279 48847 662 76.0592133852039
7279 48889 690 59.6137530743749
7279 48918 576 76.507520563569
7279 48926 598 57.7970059860619
7279 49017 690 67.6865194592757
7279 49034 674 75.3735223041385
7279 49193 644 67.613005769847
7279 49207 626 71.4061434438109
7279 49223 608 72.1568670168707
7279 49230 646 68.4873271401975
7279 49278 644 57.4222606367248
7279 49316 642 66.3726948244637
7279 49343 674 67.7180470627212
7279 49370 664 59.4165292848251
7279 49373 594 60.7680628432395
7279 49401 688 59.0629782635053
7279 49439 594 61.9821666672698
7279 49472 696 58.7147317885097
7279 49476 690 60.5434660806929
7279 49477 644 73.2729264373813
7279 49509 600 75.4231329927651
7279 49513 688 70.2852095546007
7279 49533 642 65.0591147906633
7279 49548 662 63.7946278966101
7279 49577 662 69.9944104461796
7279 49618 662 59.0995516817793
7279 49637 576 69.6448965116796
7279 49665 646 63.6254848131872
7279 49669 696 62.9929987756249
7279 49701 646 62.0886533138167
7279 49719 662 75.8889565262502
7279 49722 624 65.6755170884848
7279 49739 642 58.2341138735894
7279 49747 576 56.8116933930811
7279 49799 662 69.2391378648025
7279 49806 626 71.2538693176008
7279 49853 594 73.3645296418721
7279 49872 598 67.4668546036974
7279 49879 624 76.6533933717233
7279 49959 674 74.4698466796653
7279 49972 640 76.4695562594002
7279 50035 688 57.6989465473408
7279 50054 576 70.4839185284983
7279 50105 692 62.129731407948
7279 50142 662 69.0493250098793
7279 50153 662 60.8034743151819
7279 50198 594 58.3182976096502
7279 50229 690 67.4019214204268
7279 50260 642 75.958811984144
7279 50260 674 68.9089074446903
7279 50283 600 62.1863685122978
7279 50294 690 64.094503253137
7279 50335 646 66.1220327609624
7279 50337 626 71.2700857665897
7279 50357 688 61.3605604699299
7279 50362 642 60.7706991035817
7279 50451 690 57.0068898361897
7279 50487 662 70.8808336616658
7279 50530 594 64.8381434873748
7279 50546 646 71.1760241912762
7279 50552 642 67.4038651375917
7279 50604 664 61.4748939626144
7279 50619 598 64.3686481404164
7279 50621 594 61.7728558136454
7279 50634 600 62.2544015641492
7279 50644 696 64.9373133059441
7279 50646 690 59.4562448624777
7279 50647 600 71.8730485873699
7279 50686 644 62.127985068742
7279 50704 626 74.0237789421136
7279 50705 642 58.0240323764967
7279 50742 626 60.2946928695049
7279 50797 624 61.0751735007213
7279 50813 646 56.9537730854674
7279 50813 688 58.0870846609198
7279 50902 662 59.9411889543886
7279 50939 674 59.4686121786258
7279 50968 598 66.5087596712401
7279 50999 664 62.9514407246493
7279 51050 608 58.2391541960748
7279 51063 662 69.0553569095577
7279 51095 576 66.1672651139064
7279 51123 624 57.3643667389816
7279 51163 576 61.0400771377232
7279 51177 610 69.8792462367388
7279 51186 674 61.3940064830716
7279 51266 598 66.9730046004147
7279 51285 688 67.4404035744589
7279 51287 624 72.9040191255386
7279 51335 592 65.8610811019294
7279 51375 626 72.2830274634655
7279 51381 600 68.996017307991
7279 51393 644 62.1627443997826
7279 51453 696 68.6785712169809
7279 51477 608 59.8734937057918
7279 51513 576 67.9736074519825
7279 51551 644 66.0021959435985
7279 51579 608 74.8062885838185
7279 51632 674 64.6543753789147
7279 51727 662 76.6705231907353
7279 51742 600 65.4923963212248
7279 51765 664 58.9025602038027
7279 51778 624 70.7658079353073
7279 51802 662 68.1543174495784
7279 51825 624 74.2889130732669
7279 51864 598 58.9665563037424
7279 51870 662 57.7760075699409
7279 51998 664 58.7003112657831
7279 52033 624 63.1148280045464
7279 52114 624 73.258831741817
7279 52119 598 74.6686122522884
7279 52139 664 70.4669908326499
7279 52192 646 67.9595309302235
7279 52236 600 74.1360748000422
7279 52265 692 62.0510356271305
7279 52302 576 75.0526830143868
7279 52329 646 72.4082575610671
7279 52356 626 62.0256055240199
7279 52473 626 75.7458086085892
7279 52555 644 66.8133059579122
7279 52562 626 68.6612584282588
7279 52566 626 66.0638263887688
7279 52587 592 64.8091328403069
7279 52673 576 74.4232817153127
7279 52958 674 67.9568635359793
7279 52965 594 71.2865140819502
7279 52974 696 60.9962826464402
7279 53023 608 68.5351758421877
7279 53028 690 74.5992808079835
7279 53035 610 63.4616169073941
7279 53076 640 57.5574225563585
7279 53131 642 64.5782332938973
7279 53144 664 65.2738504019936
7279 53230 642 75.1135553725964
7279 53270 642 61.5869439181459
7279 53332 624 60.6770264216048
7279 53366 598 66.6517354217048
7279 53410 626 73.9979370679762
7279 53439 600 65.5014150550897
7279 53441 594 57.6934919511886
7279 53450 688 59.4224674898543
7279 53455 642 63.0456938734989
7279 53459 600 76.5586538058282
7279 53508 610 69.9254659634333
7279 53513 664 74.0053023191449
7279 53573 624 58.4057389293749
7279 53592 688 58.4689478182422
7279 53665 690 59.5294708943036
7279 53703 642 62.6658666619271
7279 53732 674 67.2002555650422
7279 53742 608 69.8461394965804
7279 53751 594 66.6810532342541
7279 53764 594 75.1743306443145
7279 53836 662 68.6042145877934
7279 53841 594 72.4952056682493
7279 53845 690 65.5832645740682
7279 53857 646 71.0518558714921
7279 53889 626 60.7446217616176
7279 53954 662 67.0100391792054
7279 54202 688 58.432026255318
7279 54308 642 64.296520752492
7279 54353 576 63.7708126189383
7279 54462 626 65.9354102374128
7279 54505 642 57.3300593222442
7279 54509 640 69.7517836694462
7279 54545 662 72.0265022701906
7279 54550 608 74.8919541111962
7279 54562 644 66.9058792585895
7279 54578 692 64.6090548044866
7279 54633 624 67.5859634674162
7279 54701 696 76.3251755807243
7279 54712 626 74.3324038737446
7279 54781 690 59.7531085332268
7279 54790 600 69.0581048555055
7279 54805 642 76.4345580974051
7279 54819 626 69.0718506656431
7279 54832 690 69.5600322822326
7279 54864 576 60.7595666961347
7279 54910 674 72.9379429046071
7279 54921 626 70.3351795585296
7279 54932 662 64.4529221028283
7279 54941 646 65.194763884074
7279 55064 664 64.1342582913936
7279 55162 688 74.4792451973605
7279 55197 690 67.6974179191937
7279 55207 662 69.4018018177785
7279 55208 642 62.5999460545066
7279 55220 624 69.1549775784407
7279 55235 644 62.7931603045024
7279 55242 576 73.3791681245599
7279 55276 640 56.7473852507472
7279 55299 692 69.1086223996414
7279 55307 624 69.0919070760926
7279 55318 642 58.3909637375832
7279 55417 662 62.2947923448083
7279 55439 592 63.1873188968412
7279 55487 626 72.9503323864952
7279 55491 642 67.5453733811294
7279 55568 576 76.473154228679
7279 55581 594 71.916638547897
7279 55583 624 61.5611811179984
7279 55683 662 60.8333696315206
7279 55704 662 62.6050866768733
7279 55720 690 61.5272689600867
7279 55730 690 72.5160521043768
7279 55744 626 73.0897022872481
7279 55786 688 74.2135191501508
7279 55790 642 69.4162881329862
7279 55838 662 70.5711442634952
7279 55846 696 61.2166089665853
7279 55877 624 68.2866692795504
7279 55881 692 64.3303233730145
7279 55883 626 59.7360720487158
7279 55889 690 58.8286687103964
7279 56008 576 59.738664998304
7279 56066 642 71.171391610673
7279 56106 624 65.3000716355428
7279 56127 626 69.2207647327971
7279 56140 626 75.8966651285288
7279 56207 640 75.0140064553099
7279 56219 662 57.2857518439654
7279 56231 592 60.6534329901512
7279 56237 610 66.4786372977571
7279 56278 688 61.9463954276132
7279 56293 624 66.7686920601228
7279 56354 664 68.4002736482652
7279 56366 594 72.2003770153343
7279 56489 610 68.0754589244335
7279 56500 610 71.6604537819574
7279 56613 576 72.8572268039444
7279 56632 674 73.2342315048774
7279 56650 594 57.1028803022393
7279 56658 644 74.7271603849036
7279 56713 576 72.8487612344382
7279 56903 662 58.1957949361487
7279 56981 626 66.9303190776088
7279 56990 624 69.9135028124561
7279 56991 598 62.3737525139455
7279 57001 692 69.7405264949288
7279 57023 624 75.5758056967751
7279 57053 610 61.4816373889661
7279 57056 688 70.2481489665265
7279 57061 662 58.8885844939432
7279 57088 600 59.6598728532694
7279 57117 674 76.4143906148884
7279 57139 626 76.3288785321208
7279 57150 642 61.3299069679826
7279 57175 576 59.3030890678324
7279 57201 576 65.5394448491248
7279 57220 576 63.3320184163564
7279 57330 598 70.5525819336346
7279 57336 674 62.2187419261541
7279 57345 598 59.0568655025758
7279 57404 598 70.3248945798559
7279 57408 626 67.6017584718479
7279 57417 626 67.2054926701897
7279 57418 664 56.9184740728949
7279 57463 690 74.3426603969275
7279 57473 642 74.3865911474679
7279 57560 646 67.0944851252074
7279 57564 626 67.2194258471002
7279 57591 674 66.5980654980034
7279 57613 600 68.4868878567149
7279 57710 644 75.396245538564
7279 57770 600 72.9282949066377
7279 57771 644 66.1471474190324
7279 57776 576 57.9731699803495
7279 57796 598 70.7152600420081
7279 57822 674 60.9585393832586
7279 57844 642 72.1321747479536
7279 57895 640 65.7483118090636
7279 58015 642 72.6134777953876
7279 58177 626 61.5891757800671
7279 58188 594 67.6714738885859
7279 58211 610 69.7037697172708
7279 58231 690 65.0334822944708
7279 58257 674 69.5153869640162
7279 58258 644 61.4531034791034
7279 58313 662 60.3751896408824
7279 58338 642 71.3056825541906
7279 58418 696 72.7716488272776
7279 58433 600 57.3980238516622
7279 58437 688 62.5536787491536
7279 58448 592 69.0242780615893
7279 58510 690 61.0832737509044
7279 58537 600 57.6302177947437
7279 58556 610 62.2298121563425
7279 58578 644 56.9265849338088
7279 58612 608 63.4550811998458
7279 58665 624 76.3002118508149
7279 58684 646 70.0904621107383
7279 58719 674 71.7452691659408
7279 58752 576 58.8016428720113
7279 58786 624 68.8509150316319
7279 58846 626 68.3574159939816
7279 58891 664 74.3361168527277
7279 58906 600 66.3446567807301
7279 58913 608 65.9204604924451
7279 58923 640 65.4476219245961
7279 59012 626 67.9580563821934
7279 59120 662 71.0355684872626
7279 59205 674 69.1278168526057
7279 59259 608 63.976393473056
7279 59301 696 75.1317033890874
7279 59330 642 60.2438816152318
7279 59347 624 57.092253513107
7279 59442 640 59.6906949761137
7279 59449 624 65.2742818593287
7279 59540 696 65.9242103030871
7279 59646 626 74.4209501393351
7279 59650 592 62.5044912184099
7279 59659 594 66.7318369429954
7279 59674 696 67.1304724385748
7279 59706 664 59.0754090168243
7279 59709 662 65.530241237895
7279 59804 576 64.9523754386762
7279 59815 646 67.9481962037417
7279 59837 644 65.4175994828066
7279 59861 646 58.229760714769
7279 59868 624 58.8136785942565
7279 59881 608 76.6473898650415
7279 59927 664 66.001537622652
7279 59977 688 71.8696150994592
7279 60002 624 64.3317847128772
7279 60083 626 68.3935452513214
7279 60088 642 70.0681770791439
7279 60134 608 57.9002526513046
7279 60171 688 74.4877427541874
7279 60187 598 70.1945888312786
7279 60201 594 57.276474655207
7279 60226 696 74.7612482805029
7279 60367 626 61.269773952441
7279 60378 598 58.0207603409946
7279 60420 592 59.3729665506737
7279 60464 594 74.1500833652368
7279 60468 600 59.9037072768305
7279 60481 576 65.8810842436478
7279 60627 626 72.6833951720904
7279 60643 626 62.6119226089685
7279 60666 644 71.3511923508074
7279 60700 610 65.1021914393797
7279 60702 594 68.0639167908638
7279 60738 644 73.0943371761788
7279 60778 626 66.7923510391403
7279 60781 692 69.4527051317823
7279 60805 664 57.5815341792895
7279 60874 600 66.3088852665301
7279 60898 692 63.5072128895886
7279 60915 646 76.5567245658827
7279 60968 598 60.7658216772601
7279 60970 592 75.2342577822624
7279 60974 644 68.3440513802284
7279 60980 592 70.9664080145749
7279 60986 646 67.026450548571
7279 60987 594 72.5736503270217
7279 61033 600 69.8720879235071
7279 61049 626 73.6777301001005
7279 61052 662 59.4973609342731
7279 61055 576 66.5690210047407
7279 61064 662 69.418402115578
7279 61086 642 67.564554862111
7279 61136 644 70.1648978055105
7279 61152 598 57.6703406706827
7279 61189 642 63.5825072979047
7279 61193 600 62.6449161656047
7279 61244 626 60.0708892251663
7279 61332 692 73.0480613231994
7279 61339 688 62.3006176843556
7279 61444 662 69.7663757290846
7279 61540 688 70.5332384983041
7279 61570 642 60.1918238853921
7279 61597 600 70.4753088711705
7279 61621 662 73.5898880840639
7279 61634 624 66.3498433440704
7279 61638 674 60.1777228059325
7279 61705 600 73.2914868075445
7279 61708 576 60.4659111833638
7279 61720 598 76.5659704606344
7279 61730 594 74.568621125091
7279 61760 598 56.7797185080853
7279 61784 662 71.3413161765518
7279 61881 624 60.1817295405117
7279 61896 640 72.0844339163101
7279 61989 688 71.2429139872262
7279 61990 646 66.8416883101593
7279 62066 688 76.3654523861996
7279 62093 674 65.7715878938361
7279 62102 594 63.1451824501894
7279 62139 594 69.1859723831393
7279 62146 644 73.9159367072249
7279 62228 644 57.4685980661287
7279 62230 646 73.9337470490209
7279 62274 696 66.7190603001941
7279 62296 664 58.2733473513138
7279 62300 624 72.1638322527181
7279 62356 626 70.1140679094816
7279 62359 592 57.31630370367
7279 62412 692 59.0538939257058
7279 62472 594 76.307552894184
7279 62488 600 73.4119174088164
7279 62562 626 62.0729436964062
7279 62568 626 73.68823365332
7279 62585 576 66.6166344914157
7279 62623 626 68.9987863702796
7279 62670 642 72.3745589799185
7279 62700 674 56.7425681813359
7279 62784 664 71.8786833562345
7279 62787 644 66.7556602298785
7279 62817 662 76.2928282246068
7279 62832 576 63.0931909498989
7279 62875 600 73.1639424162701
7279 62878 690 59.4792088891379
7279 62882 608 64.2853164372587
7279 62914 690 65.1154638256422
7279 62929 696 71.4095601851235
7279 62937 624 72.8082986954483
7279 62943 644 62.1212879419913
7279 62950 690 74.9227686636904
7279 62966 646 75.4075500509068
7279 62979 690 67.2954353520193
7279 63036 646 59.9349226268261
7279 63048 642 68.0469783726914
7279 63052 688 69.7547813664801
7279 63159 624 75.3885218296689
7279 63171 644 70.0319851595878
7279 63217 688 58.7363666490604
7279 63247 690 64.2539655231231
7279 63359 640 63.3218313147357
7279 63377 626 66.1000218906119
7279 63391 626 65.62147807967
7279 63429 644 74.6345476751374
7279 63434 642 73.8131411376725
7279 63472 640 64.347911668617
7279 63475 696 61.4138598234651
7279 63507 600 60.8948240604314
7279 63546 600 66.6559823186286
7279 63557 594 66.4776443800385
7279 63582 688 69.51331893273
7279 63583 696 69.2034983681392
7279 63587 692 69.1637493585927
7279 63634 600 66.9620130954865
7279 63653 576 69.5466643120078
7279 63700 640 65.2050571582351
7279 63711 592 65.3876864056636
7279 63715 662 61.7884059274158
7279 63869 644 63.0492935203181
7279 63928 642 64.7765920468179
7279 63939 664 64.6176970259208
7279 63954 664 69.3457968350993
7279 64032 662 67.1538314588328
7279 64079 594 63.3343105804485
7279 64093 642 66.6502784002958
7279 64144 600 70.1556789025982
7279 64186 674 57.1049944090042
7279 64244 600 62.6485433598858
7279 64251 626 71.6702148387362
7279 64257 642 65.4315816515141
7279 64293 688 65.452860997833
7279 64312 598 57.5395459050495
7279 64320 646 70.965827534873
7279 64321 576 75.492386245546
7279 64349 626 75.6484875271813
7279 64419 662 56.7611090369717
7279 64446 674 61.4919266214526
7279 64487 642 58.5504483874194
7279 64496 594 63.6345691949428
7279 64538 600 58.0698941895616
7279 64566 646 75.8896029181857
7279 64577 576 75.7297778555519
7279 64616 642 76.6402372434703
7279 64638 664 60.9877018529504
7279 64662 624 69.2869192636253
7279 64669 642 65.4892887723605
7279 64715 690 59.4993667888687
7279 64727 600 72.8396282987753
7279 64733 642 62.3155995101816
7279 64779 640 62.0866204253009
7279 64845 624 68.2364073592869
7279 64845 626 57.8274525312921
7279 64854 592 66.1070834455355
7279 64885 624 74.5578200686487
7279 64905 598 61.9084095724537
7279 64906 576 69.8281161674145
7279 64930 594 57.6438444538018
7279 64931 626 57.6362338014201
7279 64967 600 59.3024016018907
7279 64983 662 59.8933966166488
7279 64999 594 58.3292071308817
7279 65018 626 75.5435696185217
7279 65067 662 61.3871138002721
7279 65070 696 58.2976617448657
7279 65100 624 74.8010448982631
7279 65105 608 66.4120670895599
7279 65150 594 67.5015555136737
7279 65163 598 62.8090109317013
7279 65175 664 73.2506847976391
7279 65195 642 63.07295371556
7279 65198 624 73.4654255601117
7279 65220 626 69.4670859330868
7279 65271 610 65.6111177102589
7279 65307 664 69.9098941780721
7279 65316 576 62.6517654460055
7279 65473 600 61.1202161059829
7279 65479 662 69.9603490937629
7279 65494 598 74.6312884443966
7279 65573 594 57.4575812626647
7279 65630 696 58.6962833611084
7279 65636 594 62.4159734776359
7279 65657 624 68.4270792472017
7279 65663 644 68.1171651346137
7279 65715 626 64.3447904654381
7279 65729 690 63.8901968582423
7279 65735 642 59.1083360419521
7279 65772 640 62.7810800045028
7279 65815 610 73.1295924346819
7279 65870 626 71.5024301262321
7279 65880 626 60.6601766822555
7279 65931 642 64.4596277330917
7279 65934 674 59.539843633879
7279 65995 688 60.7269307931281
7279 66042 594 66.6381818801303
7279 66090 642 72.3666676793172
7279 66104 644 64.4031536861443
7279 66149 674 62.3793058742095
7279 66180 576 66.6106978878489
7279 66190 696 65.190192086655
7279 66204 608 76.5617814279156
7279 66221 594 62.8852291471602
7279 66249 624 71.3550821525599
7279 66258 644 57.1784580395639
7279 66286 598 65.0614378703246
7279 66310 690 67.9740902852966
7279 66341 598 58.7612368558992
7279 66349 696 74.0840806525793
7279 66367 690 65.5026170248968
7279 66369 624 72.2109232652311
7279 66393 690 69.6149847605601
7279 66431 662 68.7312719988688
7279 66483 688 70.8182396008252
7279 66506 644 60.5210661551773
7279 66506 674 75.6173593831918
7279 66517 692 68.6271664166323
7279 66557 576 63.1749439022431
7279 66578 624 63.0026137964203
7279 66653 642 63.6125336515576
7279 66661 624 63.331875675879
7279 66684 662 74.5639388908782
7279 66700 576 63.870730310185
7279 66714 624 60.5790981901298
7279 66722 674 63.7149021166852
7279 66784 688 64.0627533785262
7279 66815 592 60.3709649849701
7279 66817 624 72.6499601598756
7279 66823 598 59.5871761957484
7279 66826 646 61.5964596331193
7279 66841 690 73.718409957826
7279 66871 594 59.8608646632296
7279 66872 626 75.9869087169961
7279 66875 662 74.4476291528936
7279 66936 576 73.0231726405809
7279 66947 640 62.8010755324932
7279 66948 690 74.2413141104967
7279 66962 576 60.0736367696885
7279 67031 674 73.5724282016817
7279 67062 696 71.4079086881584
7279 67121 674 64.0685813677428
7279 67205 662 70.5076891133503
7279 67248 594 73.9969964692344
7279 67330 690 64.8065966509273
7279 67345 592 73.3993027324272
7279 67352 664 74.4943909322619
7279 67407 674 69.63027939528
7279 67414 576 69.8237570309501
7279 67485 662 63.6203937414739
7279 67547 690 72.3343771190325
7279 67558 662 75.185789299554
7279 67563 646 57.0366946005465
7279 67569 696 75.5236566017627
7279 67580 610 59.0255162320381
7279 67625 662 64.6526158275827
7279 67686 592 76.4280991043587
7279 67688 644 61.4872788207304
7279 67723 640 57.2215377709259
7279 67734 646 69.4165694308452
7279 67770 626 73.7518036335231
7279 67773 624 69.2001353459795
7279 67803 600 68.7941189444109
7279 67893 610 73.1456983338071
7279 67938 624 71.1967237834364
7279 67953 598 72.3630596099198
7279 67973 662 72.608449027834
7279 68021 624 72.215850880427
7279 68024 610 59.7436463734756
7279 68039 576 60.506233658189
7279 68095 674 56.9870207780547
7279 68132 598 63.6202805821819
7279 68181 674 57.574674351393
7279 68197 600 63.4162010521032
7279 68239 624 75.5946017794132
7279 68291 598 70.6052346291787
7279 68330 662 67.1765562871875
7279 68335 576 70.2236775327172
7279 68339 644 61.5408710238414
7279 68383 690 57.8127170884313
7279 68394 674 57.8221463843334
7279 68397 696 59.5750236658822
7279 68405 674 71.8849460075773
7279 68429 646 76.117161516661
7279 68478 626 71.7401952403412
7279 68521 696 66.7395387867757
7279 68576 610 69.2611779904259
7279 68592 662 76.0529461795708
7279 68613 662 60.8312484868984
7279 68663 600 70.0320444438109
7279 68704 642 64.7718120610302
7279 68731 646 64.5071245006617
7279 68733 644 67.641405249147
7279 68826 674 64.7597445707854
7279 68840 600 61.3715815697061
7279 68862 644 75.9715308096504
7279 68928 642 66.5537978829205
7279 68996 592 69.3474261458226
7279 69014 600 68.5537453221768
7279 69045 690 58.8462701596986
7279 69047 664 60.7226959825847
7279 69074 598 70.1071240313811
7279 69083 644 67.7949423791349
7279 69115 662 60.3163306485317
7279 69117 644 75.1493004553037
7279 69157 592 62.673090829736
7279 69165 642 74.8224272307603
7279 69219 696 66.5094610193782
7279 69223 664 69.3867748994334
7279 69237 610 62.7450279061501
7279 69322 598 68.0467730563615
7279 69327 600 74.2514426996768
7279 69366 664 70.116488393499
7279 69414 624 58.3675261671017
7279 69434 642 65.0970346554868
7279 69451 608 74.8737017005822
7279 69499 690 75.5347129709158
7279 69517 674 58.827258800357
7279 69571 626 62.635873289385
7279 69629 626 74.5635005621507
7279 69654 598 67.7398867069647
7279 69678 662 59.4777132188823
7279 69797 690 65.2461641553436
7279 69806 644 74.9236265135802
7279 69810 690 74.5889336882248
7279 69902 674 75.3103675411847
7279 69919 594 65.7169825274841
7279 69929 624 74.7066882404998
7279 69968 594 61.9332555703213
7279 70063 626 67.2507077732044
7279 70100 662 69.7627807940857
7279 70141 662 58.5769010749643
7279 70143 626 68.530273337158
7279 70163 600 59.1177435472093
7279 70214 644 71.0979718644987
7279 70237 610 69.5637306561106
7279 70280 640 64.42022388545
7279 70286 696 69.6785704212562
7279 70356 600 68.4043202542832
7279 70408 644 76.549760470729
7279 70429 692 71.7588673251679
7279 70434 662 68.44455266441
7279 70436 624 72.0504912264896
7279 70474 626 69.222896229209
7279 70487 598 72.3377394490401
7279 70498 624 58.247082507277
7279 70582 642 61.7487402761072
7279 70603 644 76.3820401036644
7279 70623 662 75.4083960568072
7279 70687 608 58.0327394490022
7279 70710 598 59.3009412536653
7279 70875 610 60.05755420972
7279 70889 692 57.8817575542472
7279 70915 600 63.6089348079118
7279 70940 662 70.2525374611731
7279 70953 576 67.6614430364045
7279 70965 624 72.74470770876
7279 71079 696 64.7491486240104
7279 71096 642 57.2156883086916
7279 71144 640 61.8922931327634
7279 71205 640 63.9697145149982
7279 71210 674 63.4060685392368
7279 71356 592 57.5113268469214
7279 71384 662 65.6627964782538
7279 71421 696 71.7242500980201
7279 71439 646 62.5115997906522
7279 71478 626 73.9354036015099
7279 71488 662 62.7327132575898
7279 71552 640 57.4816429827014
7279 71605 674 65.2213999541788
7279 71650 644 71.1363802010267
7279 71658 696 76.0977316972176
7279 71666 598 72.812675619229
7279 71701 664 72.0333946739176
7279 71717 626 73.1655268755019
7279 71721 624 73.7929445409697
7279 71727 626 67.7855249672819
7279 71766 674 58.4361056201062
7279 71774 664 58.5246177804139
7279 71811 662 60.5822545600395
7279 71811 664 68.6307876074558
7279 71813 598 57.2916526873516
7279 71825 600 75.536356883667
7279 71856 626 70.5474465583142
7279 71939 664 64.6241373785879
7279 71945 610 74.2730094847481
7279 71983 662 70.1666349201348
7279 71985 598 70.5041842649236
7279 72004 576 64.3305089808611
7279 72066 688 61.0492073029676
7279 72092 664 71.6516923817556
7279 72143 690 72.8320266214215
7279 72259 626 57.8569625424524
7279 72259 642 66.3470110779204
7279 72285 640 64.4357165460424
7279 72347 624 58.1309924436587
7279 72364 600 70.8513429114049
7279 72422 692 76.6400736545938
7279 72427 692 66.1748777452461
7279 72494 576 66.137813202018
7279 72502 626 61.4411863431248
7279 72525 646 73.872060416261
7279 72536 664 61.8475237966339
7279 72669 594 57.4316243889753
7279 72686 644 67.4244728016152
7279 72735 662 74.1756879023158
7279 72742 696 65.86463829852
7279 72750 642 69.2743132782667
7279 72777 626 65.6803312878873
7279 72836 600 62.355473911592
7279 72837 662 73.3780001334726
7279 72876 696 66.4063846844954
7279 72954 608 61.7746814326808
7279 72958 592 73.5411939678285
7279 72962 608 70.9601979679409
7279 72976 610 76.5368578440858
7279 72992 646 75.0120480558219
7279 73022 610 62.3688957979484
7279 73032 696 68.0102203763677
7279 73044 598 63.2405955802325
7279 73058 598 57.7372741472302
7279 73065 594 62.6513113256298
7279 73076 608 66.6197942467167
7279 73105 626 70.356218074618
7279 73218 624 71.3412080948345
7279 73273 624 71.965513776522
7279 73288 624 68.4913200499092
7279 73291 626 68.6519563075158
7279 73309 640 65.0260496227614
7279 73369 626 57.4995937108549
7279 73371 688 66.3996082301741
7279 73378 646 76.1684682882732
7279 73411 576 76.147903226587
7279 73434 610 69.1769908624908
7279 73462 688 75.4668831063674
7279 73553 600 64.9619347541489
7279 73643 642 75.5566597832314
7279 73717 640 69.1274846091
7279 73744 610 66.5947104715254
7279 73860 688 58.79236457227
7279 73865 600 70.5086833852232
7279 73876 664 75.0761323819664
7279 73887 624 75.9357225259567
7279 73998 626 59.4712147635128
7279 74043 608 58.8922726677004
7279 74049 626 63.9079174453199
7279 74085 608 73.8213120860606
7279 74100 592 60.7524726086926
7279 74131 608 72.1378928062169
7279 74251 624 63.0565631602553
7279 74276 626 69.6239974291518
7279 74347 642 71.5933302743053
7279 74399 688 72.9678070497854
7279 74402 626 57.7391408715954
7279 74403 600 61.9764377648946
7279 74428 626 57.1329714223173
7279 74461 642 58.470595381013
7279 74480 642 71.9496638763434
7279 74502 646 64.2362693401239
7279 74511 642 64.3171636445597
7279 74550 594 57.3584344834159
7279 74558 624 59.6067023798915
7279 74584 644 66.4973357918394
7279 74631 692 59.4164047177313
7279 74648 594 72.4352148344307
7279 74687 576 69.0803210603449
7279 74711 600 72.7389531697015
7279 74723 592 63.2217728305754
7279 74725 664 64.6799494895961
7279 74758 626 57.0107529159339
7279 74763 600 69.1959798669013
7279 74794 664 70.9180695583096
7279 74809 690 74.7343779762868
7279 74820 626 68.5602029886376
7279 74860 600 64.4853294108604
7279 74873 594 64.5616482833898
7279 74942 662 70.0986192393619
7279 74966 674 75.9266612763091
7279 75003 640 73.3608954975047
7279 75021 594 72.980224446706
7279 75093 644 65.9549828254883
7279 75176 624 74.1281563397322
7279 75180 594 56.7172714371484
7279 75194 662 57.7031008891415
7279 75206 608 68.632293713295
7279 75227 692 59.7155825160506
7279 75270 674 67.3094554109105
7279 75274 642 70.5559365084506
7279 75281 644 56.8935503211347
7279 75299 576 75.4040082342189
7279 75306 646 73.6077130146764
7279 75309 674 68.2018199949337
7279 75347 644 57.8249229313091
7279 75405 640 68.6012853265974
7279 75422 610 75.6435702166309
7279 75448 640 76.4472508941687
7279 75460 626 68.1874390699751
7279 75468 662 66.9580735438824
7279 75516 600 62.0649490623343
7279 75535 626 57.3057507898749
7279 75540 594 57.6358919620028
7279 75630 664 73.5118458297151
7279 75734 644 73.4434922178938
7279 75752 642 73.3863055101567
7279 75764 600 60.2800840622661
7279 75769 576 60.6441625843618
7279 75786 662 71.2401708044334
7279 75801 576 62.1481594728417
7279 75813 598 57.1792229721096
7279 75858 662 59.9873625869062
7279 75862 640 68.2255949666458
7279 75867 692 67.1029166965084
7279 75915 690 57.383231762553
7279 75937 594 67.2421678727213
7279 75992 674 72.4719511859791
7279 76034 600 65.83180294644
7279 76074 662 67.8427087539815
7279 76079 640 66.6743985923518
7279 76156 644 63.1191387019675
7279 76193 640 71.3945725748011
7279 76204 626 62.5159762609151
7279 76214 664 70.6016726753713
7279 76222 610 69.1995600072715
7279 76225 674 56.9178834265116
7279 76330 610 76.5997094909063
7279 76354 690 65.712022406718
7279 76362 576 57.5262526258211
7279 76383 690 62.2427847451946
7279 76391 608 68.9715948048844
7279 76440 690 73.4418067745697
7279 76451 576 74.3389911253407
7279 76521 644 66.9082173198314
7279 76521 646 65.2176256843733
7279 76529 642 65.4785622797878
7279 76555 662 66.6604052167878
7279 76575 600 59.1952362827125
7279 76700 600 66.4502621035385
7279 76712 688 64.3682375911492
7279 76730 662 61.8623055228022
7279 76760 600 66.6440129080975
7279 76808 674 71.641087782726
7279 76848 674 58.1350881430422
7279 76882 642 72.6209237297315
7279 76886 646 73.5331450902758
7279 76893 688 61.0476169775918
7279 76963 690 68.3823379351791
7279 77012 642 64.1249463002541
7279 77056 640 61.0131859128205
7279 77090 642 57.7438632922609
7279 77120 576 69.3333369743782
7279 77177 598 72.2887889622303
7279 77199 594 64.5777393217093
7279 77305 624 72.8183449202036
7279 77316 598 72.8212969485837
7279 77337 688 70.886475151547
7279 77351 642 68.1009501978374
7279 77375 642 67.4450752496591
7279 77406 608 57.1785731977024
7279 77457 646 67.0431928273601
7279 77471 600 63.6196897154626
7279 77480 642 68.6116031513092
7279 77529 696 69.8000948431544
7279 77613 576 73.8417142335329
7279 77649 642 75.4883635725892
7279 77677 688 62.9717801798633
7279 77702 594 74.2516479105043
7279 77726 600 63.4831328826724
7279 77760 662 75.8831939230228
7279 77781 610 65.8536127186436
7279 77787 598 73.7758943417276
7279 77794 594 69.8042173770233
7279 77798 674 68.6982313610919
7279 77816 624 65.6020794702687
7279 77898 626 58.858013401386
7279 77918 608 74.7101511384357
7279 77955 626 63.6133139005425
7279 77964 690 67.5538567027768
7279 77994 688 59.1007720927297
7279 78006 664 68.6304852240883
7279 78022 674 75.5668931202325
7279 78056 598 75.8235833376524
7279 78057 662 73.5734582777815
7279 78079 674 64.1641280774435
7279 78126 640 69.8198017867648
7279 78127 626 76.5125300375492
7279 78148 664 75.5701769182204
7279 78185 690 69.4440729945165
7279 78194 688 68.8903476908938
7279 78221 598 59.8134343616159
7279 78233 690 74.6654762116757
7279 78294 598 61.9762678466383
7279 78296 688 65.5813631390771
7279 78344 642 70.0169706842965
7279 78415 644 62.1674463781832
7279 78438 600 68.3112430246006
7279 78512 624 69.5281628714326
7279 78537 642 62.6134816565927
7279 78539 600 70.2046717217184
7279 78585 696 67.2549351476754
7279 78588 662 57.6383169170246
7279 78638 664 66.8078766749291
7279 78656 624 60.2132416994671
7279 78687 626 58.4039467726388
7279 78733 594 71.5888240597959
7279 78752 674 57.19129132102
7279 78774 598 64.4514518038021
7279 78832 576 71.7249101573491
7279 78900 626 67.0156324584773
7279 78904 626 74.6436576711679
7279 78965 600 59.2204949389721
7279 78980 594 69.2669727153691
7279 78989 600 57.7198429285431
7279 79015 624 61.3592489793241
7279 79015 696 63.7048498076593
7279 79054 600 74.7705683172713
7279 79133 662 71.3054692764412
7279 79156 696 58.2726215864452
7279 79260 576 67.0298125258927
7279 79282 640 73.5367044322904
7279 79305 626 75.0158354385251
7279 79352 624 65.7741735464678
7279 79369 598 71.5319172183027
7279 79419 642 65.7207311134972
7279 79448 662 69.4244986265771
7279 79451 626 73.3983761017477
7279 79454 600 69.9145288232226
7279 79564 644 68.9631267720977
7279 79620 692 73.3113818747499
7279 79644 624 66.8228826355923
7279 79675 646 61.2421691418916
7279 79721 598 59.815778996587
7279 79727 598 59.4917193943551
7279 79753 692 60.6172492406003
7279 79794 692 75.1769467670655
7279 79800 624 74.4189842844626
7279 79893 674 74.6906133282995
7279 79898 674 67.4388795185442
7279 79907 608 59.4750745094451
7279 79991 646 60.6207028355649
7279 80055 598 66.8622150475453
7279 80070 662 74.8168668736842
7279 80154 600 70.723885143988
7279 80188 600 58.6609322267831
7279 80220 696 70.2908028796852
7279 80230 626 63.3617064282696
7279 80305 600 60.7784969222338
7279 80404 674 68.052731614098
7279 80449 674 73.0302250785412
7279 80479 690 70.1768344082266
7279 80492 674 65.1834451219073
7279 80542 662 67.9233520211471
7279 80585 646 67.7863727436528
7279 80589 598 66.6904650846219
7279 80596 594 65.6091866313518
7279 80615 674 75.4416680073382
7279 80621 674 61.4304336168334
7279 80691 674 71.6660163811523
7279 80737 600 72.9893346750766
7279 80768 644 65.9961277227307
7279 80803 662 73.7735131519303
7279 80813 696 67.6470586764404
7279 80829 576 61.7217788835627
7279 80840 662 72.0664708622638
7279 80853 690 65.7982621781134
7279 80867 594 74.8581658502355
7279 80961 642 64.700566203077
7279 80968 642 71.9841425458933
7279 81000 662 64.0448285959508
7279 81075 600 60.3365096478962
7279 81166 592 76.6613214050946
7279 81181 642 65.8028649515805
7279 81201 690 66.5792437644536
7279 81212 576 59.0366689047757
7279 81247 624 62.8157568750069
7279 81262 644 64.5793486619822
7279 81349 624 59.4547342816857
7279 81353 600 56.8048159870724
7279 81381 600 66.8475985300406
7279 81385 594 65.7537613684408
7279 81393 664 71.7128320042566
7279 81458 642 74.0292656171248
7279 81517 624 71.1278970786522
7279 81525 610 73.1962273316629
7279 81529 576 69.3210881560932
7279 81689 644 64.5319255642805
7279 81716 664 68.1087579247504
7279 81723 624 59.8661045344525
7279 81765 624 67.3010813874845
7279 81772 662 56.7785211937822
7279 81831 688 76.1628027905417
7279 81843 644 62.5276603831711
7279 81865 594 60.1374910580009
7279 81881 598 69.9504992435531
7279 81883 642 61.430114504018
7279 81897 642 58.9325796271413
7279 81923 592 64.6847708427136
7279 81940 692 74.1840912298701
7279 81967 626 57.1951510221364
7279 82039 576 74.9664139087464
7279 82067 600 70.7466596700582
7279 82112 610 67.1447446460551
7279 82124 608 75.34848629498
7279 82136 594 73.0415456921977
7279 82159 642 56.7976434174967
7279 82253 598 62.7737860781518
7279 82299 664 61.8116898861885
7279 82312 576 65.2175659875201
7279 82360 644 74.7408230474374
7279 82413 688 60.3217668715109
7279 82508 594 76.3788800067895
7279 82525 624 64.5351033318575
7279 82533 642 59.799237881998
7279 82545 664 67.9716319620204
7279 82568 690 68.6051621770917
7279 82591 594 62.5097678642949
7279 82599 692 66.7141107281005
7279 82611 644 65.2901574801848
7279 82635 626 76.2663184031942
7279 82739 662 60.3015899271931
7279 82753 692 62.136988569036
7279 82768 600 57.3375414655903
7279 82770 600 66.5926270960797
7279 82771 594 62.260392391844
7279 82785 598 73.3755082545914
7279 82824 576 73.6481946279607
7279 82838 696 75.241276464226
7279 82903 690 57.6314442313806
7279 82988 594 64.881649922143
7279 83026 576 63.9416776789756
7279 83079 598 62.8357257383597
7279 83118 624 58.664143500012
7279 83127 576 62.0201704971855
7279 83177 592 64.8271265913114
7279 83227 626 75.863369377754
7279 83260 674 63.6177270253942
7279 83279 598 66.6430793401094
7279 83384 642 59.6990334305552
7279 83449 690 66.4145800489618
7279 83452 600 64.8335619094556
7279 83469 690 70.9909780061737
7279 83711 610 63.7841621314144
7279 83714 674 57.7369744424455
7279 83838 674 74.5006896192365
7279 83847 592 69.8727325482861
7279 83857 598 58.7834213843687
7279 83870 642 70.4612659076157
7279 84004 576 58.0117519215509
7279 84019 644 71.7331165032128
7279 84073 674 57.550065959525
7279 84139 576 63.6735976306691
7279 84145 626 72.5532125524112
7279 84146 674 61.9456064182565
7279 84147 690 66.693750600482
7279 84169 640 71.1743873417447
7279 84182 624 56.7097633851391
7279 84220 640 61.5849823677571
7279 84225 600 59.55488397035
7279 84246 662 57.9962412599122
7279 84287 640 58.7424621176976
7279 84353 576 57.8218068877306
7279 84362 690 61.4414905223947
7279 84371 624 74.534550770449
7279 84392 600 63.32237330137
7279 84424 598 64.8066669888836
7279 84447 674 60.3361307318827
7279 84458 664 61.7738422845821
7279 84493 626 57.5361730718906
7279 84495 576 69.1051963651739
7279 84516 642 65.7598936721083
7279 84530 692 60.3801903993527
7279 84536 626 59.5320449333081
7279 84582 674 58.3767560086321
7279 84594 688 56.7529724735031
7279 84609 642 73.5246357020084
7279 84680 688 57.5408220434953
7279 84688 664 57.5011197515968
7279 84700 576 62.8282208285896
7279 84713 626 73.3882065489995
7279 84730 626 67.1561443770828
7279 84763 690 67.7228004838084
7279 84772 576 59.0639370673043
7279 84787 576 68.6489493893485
7279 84815 690 72.3257941838924
7279 84958 626 69.2157280886503
7279 84970 662 70.3543211124055
7279 84990 576 70.870335320688
7279 85048 642 64.3614164465839
7279 85050 626 76.5938962369771
7279 85130 624 64.9934244076784
7279 85133 640 68.3885223753439
7279 85137 626 70.0555578336974
7279 85183 662 60.5320559304811
7279 85249 600 76.2520983828214
7279 85277 624 75.6280348623016
7279 85288 690 61.6805366051347
7279 85314 644 63.0529033296861
7279 85415 696 66.532651641772
7279 85515 598 74.0374528230158
7279 85590 600 63.5770489626701
7279 85635 626 65.8529039072371
7279 85646 626 71.6460041165533
7279 85648 690 64.0922477474989
7279 85689 592 68.1946329737687
7279 85722 662 69.6134300279965
7279 85747 692 74.7534532445776
7279 85794 642 68.2034055199567
7279 85836 594 60.0706124038261
7279 85838 642 62.2875722230938
7279 85854 624 60.5946913795069
7279 85859 576 74.6723482456575
7279 85861 624 66.2597001923911
7279 85913 576 67.0632921329033
7279 85921 626 58.2291971295475
7279 85945 690 64.8691023590235
7279 85994 624 69.2305549364546
7279 86022 624 58.8305388350072
7279 86031 626 71.73591949675
7279 86043 696 66.8477350588906
7279 86072 594 70.1149654948485
7279 86081 624 58.3101696860901
7279 86103 600 69.6356746591676
7279 86121 664 63.4550068164974
7279 86122 626 76.1424035931076
7279 86136 594 63.2377240694751
7279 86157 600 75.4676501677822
7279 86298 608 58.4694128620306
7279 86331 662 73.7966041137509
7279 86335 594 57.5323204383099
7279 86348 690 69.7622729841472
7279 86383 662 63.3499336541036
7279 86389 624 67.0929328347245
7279 86423 626 69.2305053306944
7279 86472 674 74.7343414555211
7279 86504 576 61.3590308363518
7279 86592 624 60.56486385098
7279 86594 662 74.9577098314785
7279 86597 688 74.173207003052
7279 86603 626 60.7994293493987
7279 86637 664 58.9614117507785
7279 86646 664 71.4255008075208
7279 86799 610 60.5347640246054
7279 86800 598 57.6013231538638
7279 86821 674 70.9173561973011
7279 86828 598 61.5419513539822
7279 86886 674 63.3367767499495
7279 86934 610 76.5144091636854
7279 86954 598 68.4195526593948
7279 86995 576 67.3604099943916
7279 87022 690 75.5522942837484
7279 87055 626 58.5574049013639
7279 87075 600 64.0525805106607
7279 87081 644 68.7290358733782
7279 87089 576 60.1352846680694
7279 87103 624 75.4094949065569
7279 87110 642 74.1656615212062
7279 87136 598 64.9562527260846
7279 87145 576 67.6413308260013
7279 87188 594 59.2507345144599
7279 87235 674 67.7325774034512
7279 87247 626 57.109012095896
7279 87262 642 73.7328254687716
7279 87273 640 63.7653746872862
7279 87282 664 68.6354922732702
7279 87293 674 63.0697363309466
7279 87304 608 63.8285612734322
7279 87333 664 76.0126795484964
7279 87351 674 74.6428987071843
7279 87351 690 71.0832119410201
7279 87383 642 74.4510776586459
7279 87389 642 61.6924263240892
7279 87428 594 74.2374023458924
7279 87435 674 57.6814201928856
7279 87509 664 58.5041810089725
7279 87528 674 67.3119054905807
7279 87612 690 65.0406324426698
7279 87619 600 67.3004472437548
7279 87670 640 58.3517915512555
7279 87707 600 64.3205576387033
7279 87719 664 70.9518954914062
7279 87720 624 69.9143593634805
7279 87723 592 76.6302261060495
7279 87724 644 59.6670159814771
7279 87772 696 66.455105878335
7279 87860 626 59.0780269997579
7279 87869 600 65.5998575359867
7279 87886 690 69.0284656805547
7279 87893 610 75.5294814830593
7279 87899 600 71.6066086923401
7279 87901 600 63.5370430336722
7279 87906 594 74.0158888667385
7279 87931 688 57.5623452163934
7279 87942 688 70.2624052720595
7279 87960 662 60.0291935335767
7279 87973 608 73.298833909031
7279 88019 664 73.0732050717721
7279 88058 662 76.0319904184156
7279 88094 690 56.9250125294764
7279 88123 696 57.6396490844584
7279 88169 576 72.5350343819901
7279 88176 642 75.6940904645494
7279 88206 696 72.8574663434022
7279 88236 598 75.5143917061055
7279 88255 662 69.2064648064709
7279 88271 664 72.800940193483
7279 88332 690 68.3075462075805
7279 88335 674 61.239235434805
7279 88350 592 63.6347761981543
7279 88423 664 58.5086953900861
7279 88461 608 63.232776690296
7279 88466 642 64.3738330731271
7279 88494 696 61.8896782696447
7279 88500 592 60.6931667932395
7279 88506 608 70.4482756559004
7279 88537 662 58.0007441361819
7279 88661 598 76.6788091901548
7279 88723 642 61.7224243866305
7279 88752 626 59.4003530267034
7279 88858 624 65.5076541539754
7279 88867 662 57.6802163850161
7279 88918 626 61.3763135230962
7279 89080 646 58.8545166481874
7279 89132 674 60.8117865244562
7279 89157 626 71.6496671744568
7279 89173 610 65.4557233108319
7279 89175 624 62.1102265718681
7279 89191 646 62.9970019165999
7279 89263 624 68.8546775310965
7279 89346 642 58.9816705036225
7279 89348 610 58.0080565564311
7279 89352 674 62.5386634052054
7279 89400 696 70.234419820252
7279 89409 692 65.1221474143804
7279 89434 692 60.4063585154111
7279 89442 626 74.0340474634656
7279 89445 640 71.4448363441053
7279 89453 662 70.8203951105828
7279 89489 688 75.8776533158081
7279 89490 600 66.8129124278176
7279 89495 576 67.359295219719
7279 89512 598 74.1152665578971
7279 89522 696 72.9582157332187
7279 89614 594 58.6879527704973
7279 89617 624 73.8582752111656
7279 89621 626 65.0026141470371
7279 89627 624 68.9302562082119
7279 89697 600 56.8147256510237
7279 89713 688 64.0556513596457
7279 89730 600 72.294232833946
7279 89815 610 68.3025323125677
7279 89834 624 61.5047291935313
