2580  2580   
2582  2612  
2614  2629   
2644  2649   
2658  2673  
2689  2715  
2717  2750  
2751  2784  
2785  2820  
2821  2855  
2856  2890  
2891  2907   
2909  2920  
3137  3166  
3167  3196  
3197  3226  
3227  3256  
3257  3271   
3293  3310  
3311  3340  
3341  3370  
3371  3400  
3401  3432  
3461  3462   
3464  3500   
3464  3580  
3501  3530  
3531  3560  
3561  3580   
3596  3610  
3611  3645  
4034  4035   
4038  4040   
4045  4074  
4075  4104  
4105  4134  
4239  4245   
4248  4254   
4256  4268  
4270  4271   
4273  4283  
4285  4311  
4313  4318   
4320  4320   
4322  4326   
4328  4336  
4338  4361  
4363  4382  
4384  4401  
4403  4428  
4436  4454  
4457  4489  
4491  4493   
4497  4503   
4505  4518  
4549  4590  
4591  4624  
4625  4654  
4655  4684  
4685  4714  
4715  4744  
4745  4777  
4789  4797   
4800  4831  
4854  4872  
4874  4883   
4885  4907  
4938  4960  
4962  4968   
4970  4980  
5007  5038  
5040  5061  
5090  5118  
5125  5154  
5155  5184  
5185  5224  
5225  5252  
5277  5300  
5301  5330  
5372  5393   
5405  5414  
5449  5479  
5480  5501   
5525  5527   
5531  5534  
5555  5589  
5591  5608  
5610  5639  
5640  5669  
5670  5699  
5700  5729  
5730  5751   
5753  5764  
5766  5795  
5796  5822  
5826  5850  
5889  5890   
5894  5902  
6553  6577   
6775  6775  
6776  6809  
6811  6830  
6834  6853  
6887  6903   
6957  6963
