60000802 60000823
60000827 60000828
60000830 60000830
60000847 60000847
60000850 60000851
60000854 60000855
60000858 60000862
60000868 60000897
60000898 60000922
60000928 60000943
60000953 60000953
60000970 60001000
60001001 60001011
60001013 60001013
60001033 60001062
60001063 60001086
60001088 60001093
60001094 60001124
60001125 60001129
60001163 60001181
60001183 60001185
60001187 60001205
60001308 60001319
60001330 60001350
60001379 60001382
60001384 60001414
60001415 60001441
60001463 60001489
60001491 60001507
60001523 60001542
60001547 60001576
60001594 60001624
60001625 60001655
60001656 60001686
60001687 60001714
60001734 60001754
60001756 60001786
60001787 60001817
60001818 60001848
60001849 60001853
60001874 60001888
