9422 9440
9471 9487
9492 9492
9536 9565
9638 9648
9650 9668
9674 9676
9678 9678
9711 9727
9763 9780
9815 9821
9823 9832
9848 9849
9851 9854
9856 9912
9928 9928
9952 9966
10019 10035
10074 10090
10114 10125
10129 10149
10150 10171
10173 10203
10204 10231
10262 10278
10298 10299
10301 10301
10304 10308
10312 10342
10344 10350
10378 10394
10552 10558
10608 10648
10651 10677
10679 10717
10745 10761
10788 10803
10830 10845
10963 10976
11002 11008
11010 11019
11046 11066
11083 11113
11114 11144
11145 11175
11176 11200
11350 11350
11403 11410
11414 11417
11419 11426
11428 11432
11434 11444
11446 11451
11453 11453
11455 11458
11466 11476
11477 11483
12445 12445
12466 12467
12477 12483
12486 12493
12521 12550
12551 12580
12607 12625
12636 12647
12652 12653
12664 12675
12677 12724
12735 12765
12766 12798
12816 12816
12819 12819
12821 12821
12823 12824
12827 12831
12833 12838
12842 12842
12843 12861
12875 12875
13000 13028
13029 13053
13055 13056
13066 13072
13074 13074
13076 13092
13094 13096
13100 13115
13117 13119
13123 13137
13148 13150
13154 13156
13186 13189
13191 13211
13212 13242
13243 13275
13276 13287
13304 13304
13306 13311
13313 13325
13326 13350
13362 13368
13369 13383
13395 13411
13519 13548
13699 13704
13715 13719
14010 14040
14041 14041
14342 14372
14386 14387
