45000509 45000524
45000527 45000534
45000536 45000600
45000950 45001100
45001458 45001571
45001597 45001790
45001792 45001801
45001803 45001808
45001810 45001810
45001812 45001821
45002191 45002290
45002293 45002315
45002318 45002318
45002322 45002415
45002419 45002441
45002443 45002449
45002462 45002478
45002492 45002602
45002604 45002749
45002754 45002768
45002816 45002838
45002841 45002841
45002850 45002902
45002904 45002988
45003002 45003117
45003121 45003121
45003125 45003126
45003130 45003130
45003132 45003132
45003134 45003135
45003138 45003138
45003141 45003141
45003144 45003144
45003146 45003146
45003149 45003149
45003152 45003152
45003154 45003160
45003162 45003231
45003234 45003234
45003236 45003495
45003497 45003510
45003512 45003513
45003515 45003549
45003551 45003553
45003555 45003724
45003726 45003729
45003731 45003734
45003736 45003740
45003742 45003746
45003749 45003749
45003751 45003753
45003755 45003755
45003757 45003775
45003778 45003778
45003780 45003780
45003783 45003783
45003786 45003786
45003789 45003789
45003792 45003792
45003799 45003799
45003802 45003830
45003847 45003869
45003871 45003916
45003918 45004083
45004085 45004133
45004135 45004136
45004179 45004251
45004254 45004266
45004268 45004285
45004287 45004297
45004303 45004304
45004306 45004306
45004308 45004312
45004316 45004316
45004318 45004342
45004347 45004357
45004359 45004388
45004393 45004395
45004401 45004401
45004414 45004418
45004420 45004420
45004423 45004423
45004428 45004428
45004433 45004450
45004454 45004454
45004458 45004458
45004460 45004461
45004465 45004495
45004508 45004651
45004653 45004679
45004681 45004681
45004685 45004689
45004692 45004709
45004711 45004712
45004714 45004789
45004793 45004793
45004797 45004840
45004846 45004846
45004854 45004854
45004864 45004864
45004870 45004870
45004874 45004874
45004884 45004906
45004909 45004909
45004949 45004949
45005071 45005083
45005088 45005215
45005222 45005338
45005340 45005536
45006002 45006049
45006051 45006309
45006316 45006390
45006392 45006398
45006428 45006435
45006437 45006525
45006527 45006582
45006585 45006605
45006607 45006609
45006613 45006618
45006620 45006637
45006639 45006642
45006646 45006655
45006658 45006677
