18623 18626
18628 18629
18645 18652
18654 18685
18686 18703
18707 18707
18738 18738
18752 18752
18761 18783
18803 18834
18835 18838
18844 18844
18883 18914
18915 18918
18920 18951
18952 18957
19240 19240
19264 19280
19304 19318
19320 19351
19352 19383
19384 19415
19416 19425
19428 19430
19436 19445
19481 19496
19502 19515
19613 19644
19645 19676
19677 19678
19696 19697
19707 19722
19733 19747
19771 19773
19775 19801
19806 19806
19832 19860
19862 19893
19894 19899
19901 19907
19968 19998
19999 19999
20020 20040
20074 20105
20106 20130
20132 20134
20136 20167
20168 20199
20218 20237
20239 20270
20271 20286
20311 20316
20319 20332
20334 20365
20366 20375
20377 20397
20398 20415
20417 20445
20483 20487
20489 20491
20494 20509
20522 20537
20611 20629
20635 20635
20639 20639
20643 20643
20685 20691
20755 20756
20758 20786
20787 20795
20797 20828
20829 20860
20861 20876
20877 20882
20884 20915
20916 20927
20929 20957
20964 20995
20996 21012
21014 21045
21046 21058
21060 21091
21092 21104
21106 21136
21148 21150
21157 21167
21169 21178
21201 21201
21217 21248
21249 21278
21280 21311
21312 21343
21344 21375
21376 21407
21408 21435
21452 21453
21469 21500
21501 21532
21533 21564
21565 21585
21587 21587
21595 21614
21617 21618
21622 21628
21630 21661
21662 21674
21691 21692
21694 21705
21747 21776
21778 21800
21833 21837
21839 21853
21856 21857
21862 21879
21891 21908
21921 21937
21940 21940
21953 21968
22001 22032
22033 22064
22065 22095
22097 22100
22102 22122
22127 22142
22147 22171
22173 22176
22180 22213
22214 22247
22248 22250
22266 22280
22304 22304
22316 22333
22340 22356
22369 22392
22400 22428
22430 22463
22464 22488
22490 22512
22636 22650
22652 22653
22655 22670
22673 22674
22678 22711
22712 22742
22744 22750
22753 22755
22760 22763
22765 22777
22814 22815
22817 22834
22838 22838
22840 22840
22853 22853
22867 22867
22876 22909
22910 22943
22944 22946
22952 22952
22954 22954
22959 22982
22984 22986
22993 22997
23085 23101
23111 23144
23145 23175
23211 23212
23218 23232
23246 23260
23262 23262
23282 23306
23308 23334
23338 23370
23372 23405
23406 23433
23440 23458
23461 23462
23469 23480
23511 23513
23520 23521
23525 23542
23548 23548
23551 23584
23585 23618
23619 23642
23645 23668
23675 23690
23704 23715
23718 23719
23721 23721
23725 23758
23759 23792
23793 23826
23827 23849
23851 23867
23869 23881
23939 23940
23942 23958
