9034 9044 8722 9085
9086 9092 9086 9117
9118 9144 9118 9256
9257 9271 9257 9347
9348 9368 9348 9406
9407 9420 9407 9452
9453 9467 9453 9496
9497 9504 9497 9520
9521 9535 9521 9698
9699 9707 9699 9737
9738 9758 9738 9787
9788 9812 9788 9937
9938 9950 9938 9997
9998 10014 9998 10038
10039 10072 10039 10092
10093 10112 10093 10239
10240 10260 10240 10357
10358 10368 10358 10401
10402 10420 10402 10496
10497 10505 10497 10528
10529 10545 10529 10720
10721 10735 10721 10766
10767 10783 10767 10809
10810 10824 10810 10846
10847 10861 10847 10942
10943 10956 10943 10982
10983 10996 10983 11028
11029 11042 11029 11067
11068 11081 11068 11214
11215 11223 11215 11306
11307 11321 11307 11339
11340 11347 11340 11488
11489 11496 11489 11506
11507 11527 11507 11798
11799 11808 11799 11966
12502 12509 12502 12626
12627 12634 12627 12655
12656 12662 12656 12725
12726 12733 12726 12799
12800 12808 12800 12863
12864 12873 12864 12885
12886 12910 12886 12968
12969 12998 12969 13057
13058 13064 13058 13138
13139 13146 13139 13352
13353 13360 13353 13384
13385 13392 13385 13419
13420 13427 13420 13549
13550 13556 13550 13689
13690 13697 13690 13705
13706 13713 13706 13739
13740 13747 13740 13772
13773 13780 13773 13904
13905 13912 13905 13953
13954 13965 13954 13986
13987 13994 13987 14092
14093 14100 14093 14148
14149 14156 14149 14179
14180 14188 14180 14273
14274 14282 14274 14316
14317 14325 14317 14375
14376 14384 14376 14507
