2361 2367 2337 2440
2441 2461 2441 2525
2526 2546 2526 2570
2571 2579 2571 2629
2630 2643 2630 2649
2650 2657 2650 2673
2674 2681 2674 2930
2931 2974 2931 3056
3057 3077 3057 3129
3130 3136 3130 3272
3273 3280 3273 3280
3281 3292 3281 3432
3433 3460 3433 3645
3646 3664 3646 3687
3688 3708 3688 3982
3983 4003 3983 4134
4135 4170 4135 4519
4520 4546 4520 4831
4832 4853 4832 4907
4908 4937 4908 4981
4982 5006 4982 5061
5062 5089 5062 5252
5253 5276 5253 5330
5331 5368 5331 5414
5415 5448 5415 5501
5502 5524 5502 5850
5851 5871 5851 5910
5911 5921 5911 5993
5994 6014 5994 6168
6169 6189 6169 6317
6318 6330 6318 6352
6353 6365 6353 6544
6545 6552 6545 6577
6578 6598 6578 6753
6754 6774 6754 6853
6854 6886 6854 6903
6904 6925 6904 7274
7275 7295 7275 7614
7615 7635 7615 8183
