6779 14413 664 66.2182923860509 2333.87303666 14411 662 738.721292704695 2333.78870255
6779 14413 664 66.2182923860509 2333.87303666 14411 664 325.745725945143 2333.78870255
6779 14413 664 66.2182923860509 2333.87303666 14410 624 644.738651690874 2333.62745415
6779 14413 664 66.2182923860509 2333.87303666 14347 624 644.845396342562 2325.29396867
6779 14413 664 66.2182923860509 2333.87303666 14297 624 644.869704828978 2316.96094513
6779 14413 664 66.2182923860509 2333.87303666 14241 624 644.953615841017 2308.62754224
6779 14413 664 66.2182923860509 2333.87303666 14194 624 644.818394070173 2300.29393574
6779 14413 664 66.2182923860509 2333.87303666 14139 624 644.651304576108 2291.96065858
6779 14413 664 66.2182923860509 2333.87303666 14088 624 644.483186686014 2283.62717324
6779 14413 664 66.2182923860509 2333.87303666 14033 624 644.939569745748 2275.29379684
6779 14413 664 66.2182923860509 2333.87303666 13976 624 644.868311109748 2266.96027803
6779 14413 664 66.2182923860509 2333.87303666 13924 624 644.796025727012 2258.62672481
6779 14413 664 66.2182923860509 2333.87303666 13869 624 644.584569268106 2250.29324024
6779 14413 664 66.2182923860509 2333.87303666 13819 624 644.640931849792 2241.95986234
6779 14413 664 66.2182923860509 2333.87303666 13773 624 645.007365148571 2233.62648178
