7277 25 592 65.4696425600079
7277 34 610 72.6696682236407
7277 110 610 64.7986654254126
7277 127 600 61.2616359229685
7277 148 598 69.0477705819822
7277 200 624 74.666396155745
7277 208 626 61.8497826921266
7277 265 600 72.7988405814781
7277 277 662 76.5684095981011
7277 299 598 57.9930983758272
7277 337 610 71.2658535578516
7277 351 640 61.4493047242937
7277 399 646 71.3855610825653
7277 478 624 65.5730452183246
7277 482 688 57.9442593843128
7277 484 692 57.9300794540666
7277 509 626 60.6167699927762
7277 588 640 61.9003081533011
7277 595 644 72.4009438880631
7277 685 594 69.4036502572147
7277 779 576 67.1841004529745
7277 781 674 67.4611959206223
7277 807 664 72.3751738931782
7277 939 662 60.116802942835
7277 941 690 68.1742121784809
7277 977 626 62.7462713035076
7277 986 690 65.1534359724065
7277 1012 688 57.9374251737794
7277 1055 576 73.0380313641217
7277 1091 696 63.1798502891983
7277 1099 640 69.8328298874203
7277 1144 598 70.8925998271316
7277 1175 600 56.7802970472944
7277 1276 626 58.5221923089689
7277 1311 626 60.1051456390641
7277 1319 696 75.7887698369274
7277 1397 642 69.1294207778992
7277 1409 664 57.4168279247447
7277 1416 626 63.1575608619227
7277 1482 640 56.7656967893899
7277 1528 626 76.0092118359272
7277 1529 626 63.1973942736016
7277 1558 576 57.5910800011094
7277 1586 688 69.9718078197349
7277 1589 688 69.4878586133887
7277 1608 646 72.0977303106945
7277 1618 600 63.0119292959315
7277 1639 642 75.1103456320561
7277 1651 576 62.4852282833447
7277 1654 690 76.0790536884255
7277 1664 626 69.2792520887413
7277 1667 608 72.7523232223459
7277 1676 598 63.5737530946856
7277 1682 576 70.3241098516573
7277 1733 688 59.4189269650618
7277 1734 576 59.7753133325406
7277 1765 642 70.5532696585831
7277 1776 664 59.8055727600347
7277 1781 692 76.224863698328
7277 1792 640 72.5699072568855
7277 1837 642 75.873889488328
7277 1861 696 65.2331554715973
7277 1890 640 70.8999931738971
7277 1896 598 76.6054357765511
7277 1903 690 72.28472213713
7277 1934 696 60.2309316404575
7277 1963 576 60.407861265327
7277 1968 664 67.1180687193453
7277 2081 692 72.7488178274316
7277 2095 690 68.5143397772839
7277 2104 690 73.9456987583665
7277 2169 600 61.0190607078081
7277 2178 644 73.5660981429138
7277 2181 624 64.0593780148356
7277 2238 642 65.6427422857713
7277 2257 688 59.9075669026799
7277 2278 696 62.4194382672475
7277 2282 576 75.6059947891928
7277 2290 576 74.3505647146426
7277 2298 696 66.9780284894653
7277 2312 610 70.1585410772478
7277 2399 624 60.0664661430452
7277 2444 600 74.2436795033684
7277 2472 662 60.0002395210859
7277 2508 600 70.2392345850449
7277 2550 662 71.665511731179
7277 2627 608 63.0820731725562
7277 2643 696 71.1110885056997
7277 2645 662 67.4281827895907
7277 2701 674 61.2112642727066
7277 2715 624 68.6310925477779
7277 2734 662 73.5938899510711
7277 2749 624 69.5137588679913
7277 2787 598 73.404228966375
7277 2858 674 65.5823779846402
7277 2908 690 71.5192056380807
7277 2909 626 59.9432096847225
7277 2912 688 75.8310302198859
7277 2924 644 58.7787542296418
7277 2935 688 69.006186884434
7277 2959 598 61.2768100809971
7277 3002 598 57.8878865236421
7277 3044 624 65.6998512839062
7277 3091 626 63.5243672368265
7277 3092 594 69.1434065633889
7277 3097 610 64.6049788507854
7277 3098 662 76.2777091969381
7277 3101 594 59.5813377893325
7277 3115 600 60.3184935352347
7277 3116 644 76.467098624244
7277 3119 696 67.7083362580747
7277 3147 624 58.3469727453412
7277 3157 688 67.1751357090284
7277 3184 576 73.6661327081305
7277 3191 644 65.9230439014409
7277 3218 598 74.0229698769905
7277 3222 598 72.1227928410151
7277 3347 696 59.8890392548219
7277 3451 624 61.329240951835
7277 3538 674 66.1593967112535
7277 3582 646 68.9789591023117
7277 3638 642 68.26792255723
7277 3686 690 69.1094445887568
7277 3695 576 71.7201550613211
7277 3698 598 69.0894668236397
7277 3700 696 71.0503654622808
7277 3767 624 57.9700269413251
7277 3803 598 59.7208331375434
7277 3846 692 62.1525958388306
7277 3847 644 75.2043143124943
7277 3860 610 70.7763422769275
7277 4000 662 63.0637950733505
7277 4001 626 69.8102241663856
7277 4055 662 70.3445477811756
7277 4094 690 74.7995673399244
7277 4114 674 63.1781724325741
7277 4205 610 65.9440884575484
7277 4236 642 60.2869536436236
7277 4236 688 70.3645402683766
7277 4299 624 63.0501299543668
7277 4330 576 74.0841708308492
7277 4391 664 64.5209693158612
7277 4402 624 60.7298902675046
7277 4427 644 59.8100623096143
7277 4442 688 72.9449960397207
7277 4495 662 70.5179912952371
7277 4501 610 71.7803864262787
7277 4671 644 67.37809562658
7277 4717 610 70.6297111188866
7277 4726 624 75.9079538190533
7277 4767 642 60.3861464562378
7277 4784 592 66.6098398704341
7277 4816 600 57.7239778224758
7277 4838 598 58.5756350985769
7277 4859 610 65.6385177457309
7277 4892 642 65.6633512328176
7277 4913 688 72.2500428001448
7277 4920 646 63.2538596304404
7277 4971 624 71.4934933291129
7277 5070 690 57.0963871182656
7277 5086 696 74.5402973285068
7277 5132 576 75.557524761602
7277 5164 664 57.0326043115835
7277 5169 690 71.4379272831443
7277 5206 644 57.7320819699918
7277 5233 644 63.801996050043
7277 5349 642 74.8907719385754
7277 5414 646 75.1759534710321
7277 5479 626 57.9782432898583
7277 5523 576 70.1420894022404
7277 5557 674 59.687134643329
7277 5565 592 58.6597050103643
7277 5625 624 66.3388783282806
7277 5656 644 72.1152805266368
7277 5701 576 73.54025588676
7277 5725 642 58.8414736474792
7277 5772 624 75.1542490592302
7277 5788 576 61.687454585544
7277 5801 624 65.4623089133723
7277 5891 598 69.1320024442485
7277 5898 640 70.6126097703492
7277 5939 594 63.3102272882032
7277 5955 592 67.3357935278442
7277 5963 576 58.8626975604233
7277 5979 598 65.8977059539713
7277 5985 626 68.8970071231067
7277 5994 642 65.5567455989872
7277 6108 674 68.4408925083436
7277 6109 644 64.1807106319512
7277 6131 644 75.6236748854726
7277 6136 594 65.0292257993145
7277 6151 644 67.1771819230212
7277 6205 662 57.9199500729694
7277 6284 598 62.160964038661
7277 6392 600 60.565386073418
7277 6404 690 67.4107306190676
7277 6419 626 64.0277875471458
7277 6434 626 57.9158515127335
7277 6522 624 66.6211311364997
7277 6525 644 57.113385394938
7277 6537 626 58.8482088870397
7277 6586 662 57.0714161363098
7277 6653 662 59.8344454060864
7277 6665 688 74.095771847289
7277 6721 608 64.4324769329939
7277 6761 594 70.6221095027658
7277 6777 664 72.4290282834049
7277 6798 624 76.5287102881679
7277 6818 690 70.7214344332459
7277 6855 642 64.659710240108
7277 6895 646 59.7691217913929
7277 6916 598 65.5255583220899
7277 7017 576 70.6059738850981
7277 7020 610 67.0388905681268
7277 7085 600 60.9213759594663
7277 7170 690 62.8672527635051
7277 7235 624 70.7076859215485
7277 7271 598 59.2565036930906
7277 7341 600 63.3014960697335
7277 7353 664 71.0857194922714
7277 7404 664 67.9406749863743
7277 7446 626 71.0486815498124
7277 7470 644 67.3170318150086
7277 7486 608 58.7140070130278
7277 7492 644 65.3099681128695
7277 7495 610 70.8091673937976
7277 7499 688 73.453299797047
7277 7499 696 66.2090815752069
7277 7508 576 63.7878398979394
7277 7517 690 66.8088088742068
7277 7553 600 68.869050903787
7277 7559 662 75.719419132671
7277 7594 642 73.8588814463945
7277 7599 674 61.9473478381162
7277 7603 600 69.9599573596961
7277 7639 690 73.6838588299318
7277 7647 598 67.1839866290214
7277 7671 646 64.9234010054232
7277 7710 600 69.3193701047983
7277 7789 674 57.3892634442432
7277 7826 644 62.0246447155966
7277 7829 642 67.7909567097241
7277 7842 662 68.5417365023518
7277 7857 624 60.0931294018923
7277 7889 644 71.7805168710154
7277 7897 576 56.7372156665589
7277 7910 598 60.9649233863886
7277 7983 600 72.5774794057588
7277 8032 674 58.7795451259898
7277 8072 608 75.4431834531593
7277 8080 610 61.2315349418444
7277 8105 610 61.6587520954116
7277 8109 688 59.1965083666835
7277 8119 576 58.0351768732829
7277 8150 610 58.0276937359231
7277 8226 640 68.929820328896
7277 8239 688 73.1622267011114
7277 8305 644 63.8330092770211
7277 8308 644 75.5887089730068
7277 8326 696 65.4057936057061
7277 8335 624 74.5845532257291
7277 8382 690 72.2524310085321
7277 8466 642 64.9030483454338
7277 8502 696 69.8910181233554
7277 8509 598 59.936866351904
7277 8526 674 61.1868963305525
7277 8561 626 61.7258970607717
7277 8751 624 68.3447609644833
7277 8775 592 61.3110320586677
7277 8837 594 73.6101204646297
7277 8842 674 67.7489176114093
7277 8881 644 70.2022848367644
7277 8908 642 61.6997548291241
7277 8912 662 72.4330590216839
7277 8944 600 56.7860536844237
7277 8993 662 58.1067174666576
7277 9025 600 71.5391583514378
7277 9041 624 65.7463296669091
7277 9048 610 73.7459391739996
7277 9062 664 72.4173504100292
7277 9075 598 66.5709657878914
7277 9155 598 75.5139938439577
7277 9241 600 75.0337162473037
7277 9405 644 72.8828086547697
7277 9438 696 63.2394192150676
7277 9457 626 76.5401471026805
7277 9557 664 69.0886351810257
7277 9578 626 63.067865206493
7277 9579 690 73.8013975350545
7277 9593 600 71.6377575732214
7277 9662 598 70.5104960591711
7277 9708 642 58.5056567384147
7277 9759 690 65.1096100591199
7277 9776 626 61.1966819152445
7277 9825 640 60.3354121788301
7277 9848 624 56.820472081713
7277 9856 644 72.4574656261221
7277 9906 674 73.4890474320535
7277 9944 642 58.0747244727654
7277 9980 692 58.2632967559671
7277 9988 600 71.8246519230178
7277 10002 592 75.8623563661408
7277 10051 594 72.3810273779041
7277 10068 600 58.990226232698
7277 10094 626 72.6459495988541
7277 10143 594 62.2702549249018
7277 10149 642 65.1746393223668
7277 10185 608 70.658079496588
7277 10203 600 65.2062609273531
7277 10217 642 72.1930356108416
7277 10232 626 60.4565332243693
7277 10245 674 57.0060951004604
7277 10258 592 60.1726727911969
7277 10263 598 75.2689902223493
7277 10267 662 68.8549915378809
7277 10289 674 69.500695466123
7277 10376 692 75.0343201661478
7277 10461 626 58.2740346604428
7277 10465 608 70.4758198849469
7277 10468 626 64.9239376848784
7277 10473 674 60.1725096781374
7277 10548 690 73.9026869424147
7277 10572 644 72.0584071938953
7277 10647 664 71.6231649510895
7277 10650 674 67.3097994524672
7277 10661 674 58.0875353586052
7277 10696 688 74.3343935899591
7277 10704 642 70.3379927790547
7277 10706 674 59.6855535266995
7277 10715 662 70.8566857548717
7277 10741 646 64.3146453173471
7277 10749 576 64.915812658444
7277 10771 576 67.1751210508543
7277 10787 646 67.613867129329
7277 10802 624 67.3720257237679
7277 10852 598 61.2830234735787
7277 10859 692 62.9251716716935
7277 10861 610 63.6663628891528
7277 10870 626 70.8439290877706
7277 10871 646 65.1596268962285
7277 10940 674 70.3995993610912
7277 10962 688 73.6726462158299
7277 10963 594 62.9084510784822
7277 11037 576 70.5706591886698
7277 11107 662 64.7464760491111
7277 11115 608 71.7062202649245
7277 11138 662 70.3548319040594
7277 11179 600 65.1789531351972
7277 11217 594 58.8423290933413
7277 11226 624 67.7630039997908
7277 11245 674 75.6810993377477
7277 11275 608 75.4878208733721
7277 11311 692 63.0617423212236
7277 11331 642 58.6359630603023
7277 11342 608 59.7535292729161
7277 11345 610 76.3661076363873
7277 11351 626 61.4003254533096
7277 11411 594 61.6545437180294
7277 11441 576 61.5965082597295
7277 11518 608 74.3916606098164
7277 11532 696 66.7303369058124
7277 11553 598 74.0405938256963
7277 11557 626 58.8571082306889
7277 11560 610 65.2538619575066
7277 11707 626 61.682044189659
7277 11712 690 63.8961988143296
7277 11731 594 67.7377520416972
7277 11738 600 66.9622535940949
7277 11810 696 66.3278967020164
7277 11825 608 72.043332714026
7277 11831 692 60.248417956953
7277 11855 642 64.8650716587946
7277 11874 640 76.630840331571
7277 11897 696 59.5857875811144
7277 11898 696 62.4487255107621
7277 11935 576 69.3389173730415
7277 12001 646 68.8886937550362
7277 12023 598 72.7982790886851
7277 12103 624 67.8459223037
7277 12289 624 65.8362080292097
7277 12328 600 64.5212801354538
7277 12348 640 69.8202371393642
7277 12405 598 66.8447623786249
7277 12411 662 76.0555568885206
7277 12442 690 76.1912050255077
7277 12475 674 60.5954949844517
7277 12488 626 67.3741970853706
7277 12585 646 57.790201828447
7277 12663 690 75.177062922407
7277 12671 692 66.2742136455226
7277 12684 626 60.3766012469443
7277 12743 662 67.6286150007804
7277 12755 690 76.5305657481182
7277 12791 640 70.5408951807138
7277 12821 576 75.0400455027759
7277 12843 640 71.6935296404951
7277 12853 690 74.5117600924613
7277 12858 692 58.6413688208639
7277 12860 644 67.2374830860064
7277 12956 600 68.4383066710401
7277 13054 690 60.8663054447505
7277 13123 674 68.2695977321734
7277 13126 674 72.7570518155087
7277 13129 644 60.7583474237297
7277 13146 610 61.4725637670611
7277 13183 690 62.1874886783076
7277 13188 674 72.6289100782089
7277 13194 644 67.9956872452195
7277 13238 696 63.4639181664629
7277 13246 646 64.803269106927
7277 13248 600 69.6871848247247
7277 13274 662 57.0890275576597
7277 13328 598 61.4544892551712
7277 13330 646 62.6468041843175
7277 13337 598 60.6796477323592
7277 13344 600 69.5409663465414
7277 13360 626 57.0454218789981
7277 13376 644 57.4779624885996
7277 13392 624 66.0227848985792
7277 13410 600 73.0942745834668
7277 13420 642 63.1453143036222
7277 13470 662 70.31981210718
7277 13472 692 58.0968923030947
7277 13517 576 71.3800442763168
7277 13523 626 61.9148225300915
7277 13539 674 64.4807081476727
7277 13632 696 66.9946549551741
7277 13741 688 66.2390841541196
7277 13747 642 68.3292979974585
7277 13825 696 70.870600560286
7277 13874 640 65.5171593377056
7277 13953 594 70.7546778016814
7277 13959 598 65.7282222800043
7277 13973 664 58.8092854367979
7277 14002 594 58.4597760185272
7277 14025 608 57.7273060919422
7277 14039 642 61.1297259418295
7277 14074 642 64.0282813347108
7277 14086 674 74.6749848979377
7277 14150 642 73.7566307870914
7277 14274 576 60.8327248236487
7277 14310 646 64.5873340994651
7277 14315 610 57.3997284351816
7277 14341 594 63.1548898114504
7277 14376 624 58.0590189086399
7277 14384 576 61.9621052918149
7277 14502 642 64.1629108264926
7277 14545 576 74.3068863151823
7277 14553 690 70.5174493237222
7277 14576 600 66.5563797254049
7277 14621 674 74.3270746516443
7277 14694 592 69.0011823022774
7277 14711 642 72.884953016972
7277 14746 576 66.9333804720214
7277 14766 610 58.6649170021243
7277 14780 674 69.2719330798204
7277 14828 674 69.2232048567385
7277 14860 610 74.906909285464
7277 14910 674 69.8156482698994
7277 14931 626 71.9476313226631
7277 14949 600 72.9404582254378
7277 14962 592 68.6549899627832
7277 14964 624 69.5055491344181
7277 15002 600 60.419732854186
7277 15012 644 63.7460868335722
7277 15067 662 57.2982012298769
7277 15092 696 74.4595220522966
7277 15190 640 73.356890855934
7277 15200 664 62.0112374937245
7277 15209 688 64.0265878761573
7277 15210 592 60.5348165452317
7277 15216 674 70.5971279986062
7277 15265 692 65.4848847613169
7277 15301 626 59.1669223287097
7277 15342 644 66.341818939269
7277 15422 608 72.6076290083316
7277 15423 640 59.3517759628212
7277 15458 690 74.0888630002267
7277 15475 690 73.0961517505704
7277 15522 610 64.9598587898647
7277 15547 664 73.5295585502899
7277 15552 688 57.3701124806135
7277 15572 642 67.3535469282643
7277 15576 690 70.5876728832828
7277 15618 642 73.4367602722484
7277 15679 688 75.4674569640369
7277 15696 576 74.4804134632552
7277 15721 626 74.67541210038
7277 15735 644 62.3392907972994
7277 15774 598 64.8544452838173
7277 15843 646 59.3926140452131
7277 15856 646 60.2021983396919
7277 15906 592 69.2185957331799
7277 15966 576 57.69095950907
7277 15975 692 62.7812348403954
7277 16029 642 62.049304196821
7277 16031 674 70.4828746738151
7277 16047 600 61.020108264582
7277 16116 644 62.7114512427278
7277 16191 662 73.7586083446918
7277 16209 576 66.6597948231068
7277 16210 626 73.9291699608259
7277 16308 674 70.2080524474086
7277 16415 610 59.0043919761604
7277 16429 692 68.5996981148329
7277 16528 696 57.8756259357246
7277 16532 642 63.8567647389157
7277 16582 664 71.4401801944777
7277 16636 642 66.9739280153109
7277 16646 642 75.0902389577837
7277 16659 664 74.1201658945125
7277 16712 642 62.5253163081458
7277 16744 600 66.8517753136907
7277 16755 608 62.3389183712013
7277 16790 642 57.2871920566563
7277 16845 600 69.0209939353028
7277 16852 576 76.6096748387883
7277 16874 600 64.9933821476667
7277 16995 626 66.8987440212492
7277 16998 610 61.4693683292681
7277 17093 674 68.88768618537
7277 17099 600 71.9650737832995
7277 17187 664 66.2946620448875
7277 17220 576 73.9468336516663
7277 17236 642 60.4399253776827
7277 17246 626 75.0736991177829
7277 17248 662 68.8658638849209
7277 17269 598 61.4188054029171
7277 17305 610 66.2338535503126
7277 17315 662 63.2516247313761
7277 17321 690 71.9891428213089
7277 17375 608 75.278639423029
7277 17384 688 72.586331865671
7277 17417 664 59.0480612139603
7277 17466 674 67.5969275871909
7277 17482 576 71.2702598318199
7277 17486 624 59.9126047779277
7277 17488 642 59.7943249578736
7277 17497 600 72.3945624502631
7277 17596 624 63.0198754079417
7277 17647 610 72.1976094095829
7277 17661 640 59.7919787190951
7277 17695 576 74.0668658563156
7277 17713 576 62.5514725133393
7277 17728 626 72.3979566184498
7277 17752 600 71.4780472311617
7277 17768 624 59.9583910662342
7277 17769 626 59.3270847894732
7277 17776 576 69.2040208341552
7277 17849 662 66.3126733171297
7277 17859 594 70.1969158619767
7277 17866 610 68.189745887553
7277 17875 696 65.2460129174236
7277 17883 688 61.4733614680507
7277 17886 696 63.4273704948947
7277 17889 626 62.3949861835469
7277 17892 688 64.7306189675509
7277 17895 646 72.3179465099079
7277 17940 674 66.0473678187385
7277 18015 696 61.8268211012265
7277 18028 644 74.1125682162618
7277 18033 600 70.3482979845472
7277 18059 624 66.7675526936987
7277 18067 662 75.0553284950632
7277 18079 644 72.260891191191
7277 18084 598 57.3327028333405
7277 18108 674 56.7494737798807
7277 18144 688 75.8591101493775
7277 18169 688 57.6327682757873
7277 18212 674 73.7167907791225
7277 18400 624 62.059803215502
7277 18431 662 73.2733255253945
7277 18498 624 75.4825981177773
7277 18535 624 66.9474479199304
7277 18540 642 60.7720188019363
7277 18545 626 62.6974279778923
7277 18585 664 62.8910644367004
7277 18618 624 72.4332087892365
7277 18622 594 60.2046685892546
7277 18684 626 71.2208920140741
7277 18692 600 57.2315172878153
7277 18773 688 71.6989471120433
7277 18793 610 59.4280511578321
7277 18863 642 75.8950526474039
7277 18894 626 72.3812023010834
7277 18897 642 65.5474680284938
7277 18931 626 73.3706513264979
7277 18999 642 70.5183203291556
7277 19018 594 64.9481432853223
7277 19023 644 60.1548769160248
7277 19034 696 73.1341667851912
7277 19056 626 67.5650339255208
7277 19065 674 69.2107506041621
7277 19071 624 57.6807300748113
7277 19143 608 64.2836611295475
7277 19284 608 67.0829707528049
7277 19314 610 61.4905609853302
7277 19319 594 67.6148451295832
7277 19335 696 71.5095357006181
7277 19344 624 75.4756443032165
7277 19381 674 60.2597383538055
7277 19417 644 70.3513600643835
7277 19447 674 61.0616407524242
7277 19624 662 57.433224470013
7277 19633 662 70.6186792476521
7277 19707 688 58.0294150708121
7277 19720 674 62.0318772548433
7277 19732 664 56.7553432824373
7277 19741 608 70.6548542961137
7277 19818 674 75.4354038786047
7277 19842 642 73.6444753799843
7277 19850 594 73.9765569335545
7277 19858 600 70.2867398725896
7277 19863 696 62.9656857814312
7277 19875 624 75.0680245665631
7277 19908 608 59.1274762838461
7277 19973 640 66.8176994326313
7277 19975 600 66.2897322617691
7277 20005 640 61.1237046916319
7277 20014 674 59.9623617609602
7277 20049 576 61.1590242907456
7277 20108 662 68.2065982482366
7277 20262 642 72.9599235427332
7277 20383 626 57.0159438109498
7277 20427 592 66.199185938516
7277 20453 600 75.7675292312628
7277 20536 662 74.3844938070148
7277 20543 576 60.4904554235926
7277 20560 598 58.5133005047129
7277 20591 688 68.287923562393
7277 20604 610 75.8435000621966
7277 20648 600 56.9116232148825
7277 20669 696 62.2404735737446
7277 20702 626 69.2263491136668
7277 20732 674 73.5574698662021
7277 20750 610 63.6278356398533
7277 20795 624 61.5388873570932
7277 20819 624 63.6470213656326
7277 20830 576 60.4257460797247
7277 20837 640 58.4546075333382
7277 20845 598 58.6679612781454
7277 20936 690 60.9971488627584
7277 20949 626 69.0805151623106
7277 20973 674 70.5032079213305
7277 20987 642 63.9241036092317
7277 20988 692 67.8233382680248
7277 20994 610 73.3340935682523
7277 21045 600 69.5364569038538
7277 21118 600 70.5769196387516
7277 21186 610 74.2429906335873
7277 21216 690 71.3829460292553
7277 21229 692 62.1222476662532
7277 21235 594 59.3350917846224
7277 21244 594 75.9639966507289
7277 21271 608 65.1277447371933
7277 21302 646 70.6405572012037
7277 21347 576 72.6044924169634
7277 21374 662 66.7979304106338
7277 21426 624 59.5403682459001
7277 21434 608 65.5916835491783
7277 21504 646 58.3335805930575
7277 21555 674 62.9207015123255
7277 21557 600 69.7636918768158
7277 21558 600 67.8226028589238
7277 21567 644 67.6923900751874
7277 21621 644 58.0630638804843
7277 21621 690 71.7701182645264
7277 21643 610 61.8570772311709
7277 21693 662 67.7169941487978
7277 21729 674 60.3537185364361
7277 21797 624 60.1803820652755
7277 21800 626 62.7706536041918
7277 21804 646 68.6936070985465
7277 21862 576 66.5328642557345
7277 21880 674 62.0464442844202
7277 21984 646 74.7786668587233
7277 22038 624 75.09162664569
7277 22047 608 74.3789311318378
7277 22048 690 73.9062432160541
7277 22050 624 56.7906556152969
7277 22052 626 75.9291788480254
7277 22090 598 58.6014647960219
7277 22101 600 62.7655730876296
7277 22126 626 68.8872577128159
7277 22216 646 68.523280981358
7277 22268 662 75.0900762466872
7277 22314 690 68.7418411462071
7277 22316 664 67.4591977894917
7277 22343 696 75.3583125185042
7277 22362 600 73.0582331968671
7277 22424 644 68.8804048272072
7277 22433 664 67.9865422232356
7277 22479 610 62.8496403152171
7277 22509 688 71.9228492191342
7277 22563 688 57.9086588828968
7277 22614 646 61.7469860355166
7277 22637 608 60.9835770010479
7277 22645 598 73.0571339529977
7277 22699 624 70.1894584265702
7277 22707 624 62.2639012040679
7277 22769 696 59.1154657379231
7277 22805 626 73.6637543944136
7277 22845 576 74.9875839721376
7277 22884 624 65.5441369744721
7277 22953 646 60.4498236370651
7277 23012 624 59.8658307838682
7277 23049 664 61.9024428201684
7277 23087 598 75.4533492053395
7277 23098 600 74.0856837843478
7277 23199 598 70.5489651810446
7277 23207 594 59.3833916268579
7277 23238 610 73.8685548877554
7277 23272 626 75.5676025415192
7277 23275 642 60.9887158726637
7277 23328 600 71.9013972975445
7277 23378 646 73.8900746525601
7277 23418 624 72.921704256205
7277 23451 594 69.9244852500061
7277 23452 644 68.578507369697
7277 23499 696 64.9059511807926
7277 23558 608 71.0920711850391
7277 23569 626 64.3440907971052
7277 23587 692 60.8931850444817
7277 23607 674 57.4565005214906
7277 23630 624 60.7611088964471
7277 23657 626 68.8452503796732
7277 23704 600 75.4613391335989
7277 23728 624 59.5356117768494
7277 23765 662 66.8089592815907
7277 23788 664 73.7820389180624
7277 23833 644 63.7868559045114
7277 23962 644 76.2736984964252
7277 23997 646 61.6767614208306
7277 24005 624 75.158569637125
7277 24094 688 70.8533035155092
7277 24133 626 73.9157998223188
7277 24157 690 76.5029235138761
7277 24250 690 68.3232396125098
7277 24261 664 58.3154626355472
7277 24279 608 74.1737906268414
7277 24295 624 59.9255599571314
7277 24328 608 75.1626748083142
7277 24339 646 60.436271740833
7277 24357 644 72.9344661198011
7277 24376 644 70.3534732741631
7277 24423 688 58.1076893662194
7277 24471 688 72.1557048204962
7277 24502 624 71.5318608378051
7277 24545 642 73.2852043937276
7277 24559 608 75.7717486016825
7277 24581 662 58.2565975879433
7277 24632 688 59.9962159705724
7277 24651 642 63.8660591432563
7277 24686 674 74.723948567186
7277 24745 644 60.204256014502
7277 24788 624 64.4474021820368
7277 24946 644 70.0508284729745
7277 24971 610 60.0425467961146
7277 25000 662 75.9720585263596
7277 25045 674 70.9459060292623
7277 25051 662 57.0660673992512
7277 25059 626 65.8008296730891
7277 25087 662 70.0269458456968
7277 25158 626 63.79164424216
7277 25165 644 66.3259916106404
7277 25215 642 71.4611917175253
7277 25230 696 58.9334113780585
7277 25247 592 74.0518634570619
7277 25268 688 57.1005032472821
7277 25357 662 60.4512572360782
7277 25375 696 58.2742196638537
7277 25381 576 73.9657613890134
7277 25406 626 60.7445889646595
7277 25413 626 57.2086030844566
7277 25447 664 61.0714024251978
7277 25474 644 75.9771639359137
7277 25477 644 60.3238971760794
7277 25507 642 64.7338043813131
7277 25523 644 62.995544588931
7277 25582 662 63.1080828800643
7277 25612 624 65.3860438507575
7277 25629 664 64.7550831013859
7277 25657 576 69.3344011348043
7277 25661 624 75.1392662873151
7277 25738 696 61.5425548914455
7277 25739 690 70.8166959275171
7277 25741 646 59.6724189452051
7277 25767 646 60.5877720993021
7277 25772 662 61.5678895219052
7277 25793 674 70.8329883951269
7277 25808 642 67.2341353020622
7277 25849 674 63.593587991473
7277 25938 610 66.1635829282171
7277 25939 662 60.5411085343565
7277 25957 688 67.914634230479
7277 25964 692 69.8919771928678
7277 26062 642 62.3814800241685
7277 26065 644 65.0503318352048
7277 26099 644 67.5235923749391
7277 26116 662 68.656915646228
7277 26143 646 63.2351301703433
7277 26160 690 68.3505789174059
7277 26181 576 60.1808273037987
7277 26191 644 65.6138863760846
7277 26281 662 58.5011147330837
7277 26284 610 76.0638925671404
7277 26326 598 60.925756008878
7277 26497 610 68.309173549415
7277 26510 662 64.6559452260167
7277 26564 690 64.645392711659
7277 26585 594 74.2644570374686
7277 26595 598 65.6454376104763
7277 26595 608 75.6582131797664
7277 26608 594 72.139692514892
7277 26610 626 59.2975523228263
7277 26635 644 68.4313242586463
7277 26674 692 68.1670389949352
7277 26717 600 73.6123807483985
7277 26721 662 58.0942941782759
7277 26739 598 75.3189318132824
7277 26774 626 72.0999039922354
7277 26805 674 58.7396544979158
7277 26850 644 59.7962198149259
7277 26861 600 64.3192476447475
7277 26931 692 58.2830123826436
7277 26975 592 60.3445637660125
7277 26984 696 69.7264118635814
7277 27007 662 60.5823266464457
7277 27065 592 72.1419492260346
7277 27118 594 75.9622736726986
7277 27210 640 70.0461030827028
7277 27218 624 69.9798322638141
7277 27236 598 72.804445188151
7277 27289 642 57.9634048947014
7277 27306 598 59.5138753188009
7277 27342 646 62.4948077182416
7277 27372 688 76.5635033679002
7277 27393 674 57.947288583058
7277 27435 644 58.35189223659
7277 27437 608 68.6267014594617
7277 27493 576 65.3758847666462
7277 27509 642 59.7934453814337
7277 27636 598 70.5916933362531
7277 27664 610 60.4114933518775
7277 27673 642 58.995462738168
7277 27686 608 70.4445160263634
7277 27714 646 56.9389630212855
7277 27772 642 70.2236580401741
7277 27781 624 64.9389069312131
7277 27822 646 73.6222854926664
7277 27842 642 66.2854680496518
7277 27847 674 66.4860153805822
7277 27858 626 66.7005151492234
7277 27932 626 63.4094842138223
7277 27949 642 70.7030108522713
7277 27950 688 67.0769409501045
7277 28001 664 74.1778773404608
7277 28053 600 76.3762950498937
7277 28070 600 64.7971909536249
7277 28137 674 58.0047763747307
7277 28146 692 69.0773420496412
7277 28160 664 62.8247669298573
7277 28219 608 73.1191103210564
7277 28221 662 69.4451957851241
7277 28231 594 64.251173209567
7277 28258 624 61.8933516498482
7277 28310 692 65.7142714890794
7277 28333 674 75.283244025129
7277 28362 664 70.180301201251
7277 28405 600 61.8003043852538
7277 28420 576 73.5263784023724
7277 28483 662 63.9658920343368
7277 28494 576 66.7395728254123
7277 28553 610 65.9692588483414
7277 28554 592 62.9415339053891
7277 28572 662 75.5519101969136
7277 28639 626 67.9333365372087
7277 28655 642 72.3624038471812
7277 28674 674 61.8499070344638
7277 28674 690 57.6076469635787
7277 28717 576 59.387799122169
7277 28722 640 73.4053924610097
7277 28762 644 59.1532556518911
7277 28774 696 56.8035865048854
7277 28809 598 72.087278683848
7277 28852 690 72.9668118887488
7277 28892 598 61.0685739879849
7277 28894 664 70.4360876106825
7277 28985 640 57.0458809675308
7277 29000 688 61.3257551008663
7277 29007 646 73.3080475834607
7277 29051 576 69.0573352296084
7277 29108 690 70.5895306480436
7277 29163 610 57.2501268628403
7277 29169 642 75.355594165573
7277 29226 610 73.588720291749
7277 29236 608 63.9905155646505
7277 29260 690 74.9351798228358
7277 29279 644 57.1814588961931
7277 29289 662 76.3140852528707
7277 29367 624 73.6397802807202
7277 29378 598 72.8934566406201
7277 29379 644 60.4327432638126
7277 29385 640 76.6827860305095
7277 29402 688 73.9893917085322
7277 29433 600 59.215874488312
7277 29440 664 69.8407446860979
7277 29494 646 73.6593674657555
7277 29496 644 68.9454177584414
7277 29510 690 68.4274455026137
7277 29512 642 70.5137395259318
7277 29581 600 61.7143169965814
7277 29605 646 75.9318189273374
7277 29616 662 59.9389918675392
7277 29624 696 69.0519464312397
7277 29650 662 71.8065656177253
7277 29659 662 58.7345140821671
7277 29715 600 74.2468543564193
7277 29750 594 66.7431546706129
7277 29754 690 70.0164369088518
7277 29777 598 72.1966750729747
7277 29783 626 59.9297926199609
7277 29804 664 75.5947840354455
7277 29810 688 61.309330103573
7277 29864 644 62.6151674988421
7277 29904 644 74.4582137089648
7277 30011 592 67.9721015676472
7277 30140 600 67.411266112945
7277 30167 644 59.2299174366819
7277 30167 664 66.4999060541811
7277 30173 644 61.184884097631
7277 30202 642 63.383725186818
7277 30260 600 61.4003177754246
7277 30294 576 70.0853018632287
7277 30347 674 63.6628332803406
7277 30406 646 76.1972849151943
7277 30433 644 58.3891756695038
7277 30448 690 68.4469001694357
7277 30571 600 61.2274550535096
7277 30579 690 64.8150174038323
7277 30698 642 70.5889070350492
7277 30700 624 68.5796336924149
7277 30813 640 73.1689707486096
7277 30832 692 75.450897035485
7277 30837 644 69.7330898165955
7277 30853 674 76.5118812344495
7277 30918 608 73.0619028825918
7277 30980 692 74.8252988167423
7277 31002 662 58.0897476949041
7277 31049 626 75.464103563015
7277 31092 600 60.7018983846302
7277 31149 642 63.6466852531423
7277 31179 644 58.237366612413
7277 31192 696 62.0149757312936
7277 31208 642 59.0570863310243
7277 31258 696 73.6231345003088
7277 31265 594 61.4932555555387
7277 31272 594 58.3848398805159
7277 31322 576 58.6130134233522
7277 31353 662 59.7525409979153
7277 31365 646 59.8614733487067
7277 31376 644 58.2204723493063
7277 31420 664 76.4454960823053
7277 31437 664 73.9871856364095
7277 31439 644 64.4837824206368
7277 31440 688 76.2548542376704
7277 31454 624 62.6501021341674
7277 31468 664 70.1881531075571
7277 31497 646 74.1540644078336
7277 31531 624 64.0884528743389
7277 31575 662 59.5226526974441
7277 31583 644 70.534062870178
7277 31664 692 59.041181535022
7277 31833 624 65.2258360450555
7277 31853 644 72.2974652970611
7277 31904 662 68.3392808515274
7277 31910 600 58.5203974350155
7277 31927 626 76.4536235530501
7277 31946 624 67.6597747807923
7277 31957 690 63.8499231506726
7277 31970 598 56.8144307027468
7277 31972 624 66.0734251750007
7277 32003 674 66.1626506250993
7277 32008 600 58.8875452530422
7277 32036 642 66.6663433139746
7277 32087 642 66.0887269785275
7277 32099 626 61.6767241543062
7277 32192 592 66.1292812576985
7277 32211 598 61.4918445075092
7277 32216 594 75.4034618375149
7277 32229 664 62.1700591312245
7277 32232 576 58.0651877497528
7277 32250 664 76.4943434755742
7277 32272 690 60.4620774449187
7277 32339 624 64.7623451102558
7277 32344 626 69.0739551337256
7277 32381 644 66.0282829249649
7277 32393 594 69.3649667889292
7277 32456 598 57.2033722634651
7277 32460 592 65.57634820197
7277 32463 598 58.8822355874324
7277 32476 576 69.8619243427723
7277 32480 608 64.7364737696389
7277 32637 664 68.970155060692
7277 32701 646 65.4502914179272
7277 32742 600 69.9805438036773
7277 32804 576 63.3748743530412
7277 32812 696 65.7868049419349
7277 32909 640 72.7864654941028
7277 32915 600 64.9812016644953
7277 32915 662 71.1068741874074
7277 32989 646 69.7341357027161
7277 33008 646 60.3693394953848
7277 33019 674 64.3437531261509
7277 33029 626 76.521447452688
7277 33033 688 71.4155362048296
7277 33051 644 73.8665410030843
7277 33058 644 75.5379363920137
7277 33096 646 57.1278555217545
7277 33121 626 57.0182371128108
7277 33135 600 57.5102443279756
7277 33136 696 73.9107564797294
7277 33140 598 69.7288919130152
7277 33245 576 61.0671655671662
7277 33257 664 75.6547064937125
7277 33282 644 61.664721060626
7277 33352 640 72.3784921253119
7277 33360 598 59.4009619881182
7277 33366 626 62.8783730667563
7277 33378 690 63.1079444078439
7277 33378 692 64.11559351808
7277 33396 644 62.4686302137031
7277 33439 664 60.8091054794412
7277 33453 696 75.7766454199837
7277 33467 642 58.5633906463914
7277 33505 598 68.3667233650934
7277 33507 662 62.9368712849784
7277 33508 690 67.6773685068972
7277 33512 692 58.2254254716463
7277 33551 642 57.1644447072051
7277 33569 662 63.028843997124
7277 33590 674 73.230832912818
7277 33618 576 62.1416515077423
7277 33625 576 60.9264280004085
7277 33689 646 73.9358916085623
7277 33709 674 72.433373229188
7277 33715 598 58.7057390310627
7277 33763 674 62.6811058174203
7277 33846 644 73.7745727543388
7277 33847 696 74.7890836721079
7277 33848 696 67.9432051285211
7277 33877 600 71.8585730649866
7277 33889 624 65.3333277887086
7277 33936 644 58.1380652734538
7277 33955 692 62.6106665160258
7277 33979 624 68.6833060634448
7277 33985 692 62.9232988935218
7277 34050 626 68.1179076517076
7277 34100 576 68.9706232366711
7277 34106 624 64.0006080107159
7277 34119 690 72.9358317853364
7277 34196 624 61.9852093258537
7277 34222 688 62.7533369253443
7277 34248 640 64.6711145511089
7277 34251 696 57.4882019179561
7277 34295 674 64.6537058874234
7277 34314 626 72.9388531210945
7277 34323 688 64.7245261607783
7277 34384 692 59.6826143730394
7277 34436 598 62.5212655086245
7277 34446 692 62.9152736136881
7277 34455 688 61.2345263703829
7277 34485 692 69.0235648324579
7277 34539 624 63.0460052888019
7277 34635 674 68.2111862273569
7277 34686 696 60.8885264756095
7277 34800 610 75.7019476696539
7277 34828 696 62.0666291098689
7277 34893 626 74.2787935034405
7277 34982 646 71.2267672585439
7277 34986 600 66.804936004413
7277 35002 624 70.1129868565459
7277 35072 644 60.737620140237
7277 35095 624 72.7309384079146
7277 35231 610 75.8022266682502
7277 35245 610 68.4280414681807
7277 35249 576 60.4163160424586
7277 35285 624 70.1152604908818
7277 35366 624 75.7342156361505
7277 35390 624 76.6570691099003
7277 35451 690 64.0132323829222
7277 35453 600 72.5446571870919
7277 35467 644 70.0434466789344
7277 35485 642 57.0912471225714
7277 35506 674 59.1890574251345
7277 35513 594 61.0766922234126
7277 35522 624 62.0476207474728
7277 35583 610 64.4151270546303
7277 35602 592 65.6204044013451
7277 35631 642 66.4983548471425
7277 35655 626 64.5340587714423
7277 35716 576 70.8655990775663
7277 35724 642 67.5086739544938
7277 35783 624 60.7936042051242
7277 35810 662 64.0343834366341
7277 35882 696 72.5651202574139
7277 35888 646 57.9806366574131
7277 35889 594 63.5353450511486
7277 35918 688 61.1338049235433
7277 35919 696 72.8318470114695
7277 36006 664 76.1081242193665
7277 36007 646 64.5247924705164
7277 36045 576 70.7597888214218
7277 36073 674 66.357551604636
7277 36086 598 69.4163262548691
7277 36118 594 71.9943169708694
7277 36136 688 65.6113884103588
7277 36150 608 60.1803576325795
7277 36177 674 64.4168513990223
7277 36186 610 67.9169594263161
7277 36212 610 59.5947178075664
7277 36236 642 67.5485545309136
7277 36275 644 59.1180134279983
7277 36411 594 60.181390311747
7277 36440 626 65.3810333307868
7277 36459 600 67.7759016104843
7277 36642 624 60.9136477693142
7277 36715 626 75.9048170884083
7277 36748 664 73.1771511613958
7277 36811 662 66.1455063421874
7277 36839 664 76.0223299974899
7277 36923 626 70.9648247474697
7277 36950 642 71.2324628010726
7277 36951 626 70.0855679331955
7277 36957 624 67.5881589503931
7277 36985 674 61.8452861507392
7277 37021 624 64.0482351912988
7277 37029 576 68.0905717620205
7277 37030 626 66.5884816484933
7277 37074 674 70.5573678196866
7277 37094 690 65.1398102325064
7277 37098 696 74.2195576665925
7277 37135 688 68.1672917581143
7277 37182 624 60.9790580175324
7277 37205 624 76.2702639663285
7277 37225 646 61.4856486823273
7277 37266 592 68.9005385859662
7277 37290 688 68.1845103179101
7277 37324 608 69.173415708447
7277 37379 624 64.6213645473999
7277 37386 664 75.2289601842191
7277 37444 674 63.6690605712577
7277 37478 594 72.4924676885005
7277 37528 594 72.3867427814598
7277 37531 610 57.9795052867926
7277 37575 626 69.0289767356281
7277 37592 598 70.5216686141115
7277 37598 688 75.5598144902922
7277 37631 642 73.6160543530449
7277 37671 662 72.0796418461366
7277 37706 594 69.3590466729297
7277 37777 662 66.1684421718395
7277 37785 696 63.7323401017304
7277 37794 642 75.0575226698632
7277 37815 624 71.0305436150044
7277 37821 624 72.1234818740771
7277 37830 642 68.6431954378662
7277 37897 594 62.3645510601379
7277 37935 610 74.5444166740227
7277 37951 576 68.3623884700684
7277 37966 646 72.0085235158503
7277 38024 594 75.7125585223497
7277 38041 600 57.8172494691465
7277 38044 674 72.0432039222348
7277 38070 662 59.2742249547666
7277 38086 624 64.5014653446183
7277 38089 688 67.7917610981233
7277 38113 662 76.2116402478992
7277 38174 692 71.3747653132225
7277 38180 642 64.1855568564595
7277 38216 626 66.9327190783828
7277 38226 690 66.5285810514959
7277 38264 644 65.491404234934
7277 38336 576 60.5344551511323
7277 38339 594 62.2988588584185
7277 38362 576 59.5726715811854
7277 38380 644 62.1446068424497
7277 38383 624 61.7206079352245
7277 38400 598 66.892466668403
7277 38425 642 58.0364458017929
7277 38453 576 63.4342510727571
7277 38488 576 72.1255498622684
7277 38503 664 72.3548643711693
7277 38536 664 72.2940856370379
7277 38591 576 68.4852195248981
7277 38623 664 63.6277368488931
7277 38624 662 61.6954877898916
7277 38629 598 67.5344261713375
7277 38679 610 68.0717800381565
7277 38716 642 76.4368161322565
7277 38771 662 62.0730981776179
7277 38812 640 56.9237232229016
7277 38908 608 68.5928935986831
7277 38950 642 59.0164167483832
7277 39006 600 67.6825128630884
7277 39027 662 72.4328523397321
7277 39043 576 57.5280969467346
7277 39087 662 58.4164972016802
7277 39130 576 71.4668007858107
7277 39181 600 60.3223013543177
7277 39231 642 69.0444818196468
7277 39298 610 70.955831024323
7277 39302 624 61.1562582750361
7277 39381 598 71.2267083772895
7277 39600 662 61.9559928748292
7277 39607 690 65.7322521262181
7277 39661 626 67.3948549998483
7277 39665 598 58.0490429840569
7277 39747 690 61.6408979643084
7277 39782 644 58.1289437119315
7277 39790 624 64.9960676229533
7277 39806 644 76.1133842371862
7277 39863 688 60.8212804913165
7277 39870 674 64.67056462624
7277 39871 592 61.3380263260726
7277 39979 688 70.9661769738221
7277 39995 644 69.3212047708191
7277 40073 646 72.8693730166509
7277 40179 662 72.8401308863288
7277 40192 626 57.2633982667675
7277 40279 608 73.7436637802376
7277 40290 664 66.5883905977336
7277 40293 692 60.6235386914
7277 40345 690 75.5272047967175
7277 40366 592 64.1545364501831
7277 40413 624 74.5092880751939
7277 40468 692 60.1625167888627
7277 40479 696 65.0350346109892
7277 40585 664 75.6986921024037
7277 40604 644 76.6651830659738
7277 40641 624 58.1310047839735
7277 40654 690 65.9073865498734
7277 40659 674 74.6414351352867
7277 40681 608 74.3255540871009
7277 40691 674 64.7218268885233
7277 40752 610 69.9668215265639
7277 40759 626 61.9685876278813
7277 40832 640 58.877737451151
7277 40848 662 67.2210070078617
7277 40863 624 76.1980524064985
7277 40880 696 70.5955918225224
7277 40936 646 59.6282693522588
7277 40958 600 66.3517201571733
7277 40981 662 75.6004004826064
7277 41049 642 61.3830133940051
7277 41066 608 62.879305818921
7277 41090 692 71.7064634403611
7277 41141 610 62.9805533011414
7277 41184 692 70.2338333020676
7277 41216 592 69.7697365265419
7277 41234 690 75.3059654551013
7277 41322 592 64.7979250826974
7277 41366 692 73.9042938077654
7277 41438 640 57.2188161606856
7277 41513 608 63.6196747796999
7277 41517 674 68.5080475491774
7277 41625 696 67.9421511098995
7277 41642 594 63.5413408796799
7277 41651 688 70.7941591607317
7277 41681 690 57.0103893444549
7277 41822 594 74.0772709164331
7277 41849 688 67.5370236728502
7277 41880 642 61.2041074281749
7277 41886 688 71.542116868232
7277 41888 674 76.5136720523868
7277 41916 624 57.872314471801
7277 41926 692 68.2559048370536
7277 41929 624 62.8616533828272
7277 41935 642 71.6762222690244
7277 41946 644 70.195096238882
7277 41986 692 69.1865004295462
7277 42038 626 72.9791490572648
7277 42042 600 75.9372487727985
7277 42107 600 72.838046852975
7277 42111 600 61.3974033883266
7277 42164 664 75.6137706672548
7277 42206 674 62.7348201450017
7277 42220 624 70.1536813041906
7277 42286 600 57.198419017895
7277 42291 624 67.4313690044981
7277 42337 692 63.5400538381323
7277 42418 688 68.4071435021765
7277 42419 696 63.7013253289229
7277 42500 600 66.991134669006
7277 42525 624 73.3869283325949
7277 42578 662 71.0686397856842
7277 42608 690 72.28287086491
7277 42657 644 64.4841257260165
7277 42694 598 71.4535856504426
7277 42717 594 64.2720138173615
7277 42753 674 63.4986540723558
7277 42764 594 71.811274363256
7277 42769 662 60.8734103337669
7277 42789 662 56.7882243341716
7277 42812 674 58.181653450251
7277 42830 696 73.1600369561295
7277 42849 598 68.972110270501
7277 42860 646 57.3999049222075
7277 42903 644 57.463604816908
7277 42912 696 76.283150761621
7277 42923 664 71.7232797542492
7277 42930 592 62.2805303059575
7277 42947 626 72.5866716573789
7277 42948 696 58.979207409394
7277 42952 642 72.4482460344355
7277 42982 644 69.1048772146937
7277 42986 662 57.6831541076746
7277 43009 644 70.810181931769
7277 43073 592 70.233195509959
7277 43112 662 60.8480838614316
7277 43158 598 60.0682046909101
7277 43163 594 70.8918470903685
7277 43177 662 62.2726716514778
7277 43208 690 63.8715528907401
7277 43278 640 76.6785597585936
7277 43306 592 75.6569098279921
7277 43448 674 75.4273743595407
7277 43473 576 61.5685002960718
7277 43476 690 73.3665528345727
7277 43537 594 66.9470539785282
7277 43545 674 59.9077103019665
7277 43596 624 69.9033482665133
7277 43613 664 63.2763986876307
7277 43614 662 70.7992049369575
7277 43637 594 76.4426415696703
7277 43657 690 62.4771075712621
7277 43676 688 71.8982550485112
7277 43726 696 57.8594374134502
7277 43742 576 71.6434642548393
7277 43790 692 69.8194099667167
7277 43833 688 67.6067621769456
7277 43841 674 68.0318301168906
7277 43866 642 74.5092618559268
7277 43901 594 58.7151433882789
7277 43911 624 69.7049772108022
7277 43942 642 60.6442859066957
7277 43991 624 62.1753681329632
7277 44049 594 67.4471469029844
7277 44051 594 73.5934890433834
7277 44055 646 59.7590517953322
7277 44062 598 56.9544137467604
7277 44064 600 60.9146242632939
7277 44139 662 73.6279425239978
7277 44144 600 63.141562862698
7277 44190 576 66.3816357523619
7277 44280 688 75.1730861628065
7277 44285 664 75.0245158559013
7277 44351 688 75.9497590135515
7277 44363 598 68.7024846974199
7277 44524 576 60.2616540624707
7277 44533 696 73.2042102085455
7277 44556 592 69.3910161396107
7277 44610 640 68.6994656828707
7277 44629 592 67.6134652731502
7277 44646 576 63.3120642675569
7277 44689 646 60.9006569867329
7277 44701 662 62.2430706712855
7277 44735 600 61.672716139677
7277 44781 644 63.3112795213395
7277 44784 626 73.4613362262961
7277 44789 692 68.9860667002644
7277 44811 598 68.8584386761604
7277 44823 576 59.7387442170071
7277 44834 674 75.7682552376024
7277 44854 576 71.1143004379229
7277 44892 600 75.7196355296906
7277 44946 662 64.6909263560103
7277 44979 600 62.2495705080989
7277 45042 608 67.8427877704362
7277 45085 644 66.8997510329918
7277 45144 696 65.3785410802355
7277 45177 576 56.9331780121319
7277 45193 594 74.0365487089337
7277 45200 692 75.9990499941219
7277 45258 664 62.9963497476022
7277 45286 598 66.1331156937504
7277 45302 624 73.7282162092135
7277 45308 692 76.1448676493107
7277 45330 674 69.6034627069472
7277 45340 692 68.7455806869417
7277 45390 664 67.6136448260102
7277 45392 592 60.452473428132
7277 45448 690 70.5407801540769
7277 45507 576 60.8346196388949
7277 45508 608 57.9010103887085
7277 45523 592 63.879919661954
7277 45528 664 64.9149528156057
7277 45634 688 66.52492939668
7277 45644 576 72.5589242767855
7277 45668 644 70.1620912191965
7277 45686 600 64.0429472091763
7277 45721 646 68.0755801933171
7277 45731 594 70.5438158683594
7277 45734 592 75.5015667024448
7277 45739 608 63.6837929564752
7277 45749 626 61.282726686365
7277 45756 664 68.2375682409711
7277 45761 696 67.4148708633655
7277 45764 624 62.6194221483907
7277 45766 624 65.0836025023167
7277 45784 626 69.0314730828611
7277 45822 600 56.7383664027572
7277 45829 688 72.8088555513158
7277 45830 626 65.9240789958212
7277 45831 600 72.7850772849184
7277 45838 640 75.037947390791
7277 45843 624 67.9425153583611
7277 45863 598 75.0042778957212
7277 45877 598 72.0741424349613
7277 45893 598 62.7517905921095
7277 45912 598 60.3058840000956
7277 45916 646 67.5968128908235
7277 45931 690 63.1340932208539
7277 45939 626 63.3423603836631
7277 45977 600 65.9597099015962
7277 46016 646 58.8183895550335
7277 46098 640 72.5946979382097
7277 46103 696 75.2369503196996
7277 46125 624 68.1137825591463
7277 46182 664 72.1584779832647
7277 46212 642 69.1891707135482
7277 46230 692 67.4470120034648
7277 46256 624 70.9947561718065
7277 46257 644 67.8760717089678
7277 46268 608 71.506275610872
7277 46308 626 72.9962673185431
7277 46317 598 65.0303396658369
7277 46320 626 74.8829746222943
7277 46424 624 62.9549485545712
7277 46434 626 67.3388455426241
7277 46448 626 63.6159246644451
7277 46461 594 56.9094898787312
7277 46465 626 58.6576789584158
7277 46494 600 74.4039236744786
7277 46532 664 59.9283455418106
7277 46557 640 57.3942284526664
7277 46595 640 72.8512502371142
7277 46648 592 72.4788565497508
7277 46649 598 68.8589074888131
7277 46656 644 71.7844555449508
7277 46677 674 58.4322409714434
7277 46732 594 68.5153431223809
7277 47092 626 64.4955851030904
7277 47122 608 59.4494363031566
7277 47137 696 64.7814219598405
7277 47140 640 70.6047865978036
7277 47142 624 68.6755518358108
7277 47180 642 70.0099493811035
7277 47215 626 66.2403170216573
7277 47216 594 65.552297023159
7277 47240 696 75.5078898704717
7277 47249 592 56.8060799283867
7277 47261 624 64.7855276493452
7277 47263 598 65.3866083370633
7277 47342 598 58.0765037861636
7277 47390 598 64.8265287792035
7277 47415 664 58.4310264920542
7277 47419 646 66.7745203622901
7277 47461 608 71.0110498741412
7277 47496 576 64.9075641499999
7277 47517 688 73.9345018733542
7277 47534 640 76.5289477285751
7277 47542 662 60.5976986607593
7277 47568 610 66.6032757745716
7277 47622 696 57.8275444823856
7277 47667 674 61.3537172640264
7277 47678 592 74.1861467587583
7277 47681 664 68.8029009789096
7277 47691 600 69.3499955498626
7277 47709 646 57.7268454043316
7277 47732 642 58.731239840265
7277 47854 674 66.4660860077323
7277 47865 594 63.4763263170646
7277 47938 644 72.0606219091147
7277 47978 640 74.7395049479666
7277 48025 624 64.9876978231298
7277 48095 674 67.403179063651
7277 48100 594 69.8032006466115
7277 48127 600 76.5787338149163
7277 48146 696 71.6635849604164
7277 48273 674 67.0481569927913
7277 48279 662 63.1679739204028
7277 48317 594 65.9187721011677
7277 48336 696 68.2756719683275
7277 48337 674 62.1018488284016
7277 48375 642 65.7898851216542
7277 48394 662 64.6363834942119
7277 48436 598 74.0149675629186
7277 48486 624 69.0499190464477
7277 48522 640 74.8882615048858
7277 48539 696 62.0356415877807
7277 48612 674 66.6418030744647
7277 48643 688 64.9189077841658
7277 48670 644 70.0627187946614
7277 48697 626 58.4084022755113
7277 48733 608 69.9007492820289
7277 48735 690 59.997997711141
7277 48776 674 70.5392069007426
7277 48810 674 64.9394426664454
7277 48873 662 58.2053482487087
7277 49088 624 70.8579872556881
7277 49102 664 65.0679456078287
7277 49108 690 75.3533723144449
7277 49147 598 58.3229121972707
7277 49177 626 75.0665862807009
7277 49177 674 56.811070698033
7277 49183 592 62.1196035370893
7277 49184 592 72.3851443192375
7277 49204 640 64.1659218971378
7277 49213 662 67.7827785261087
7277 49249 642 66.1787512934863
7277 49295 592 71.8780143142129
7277 49299 690 58.9199500986313
7277 49317 662 73.6353958072221
7277 49327 688 74.3361763280348
7277 49328 644 62.7482056700395
7277 49367 592 58.0831060127964
7277 49416 642 69.0896329822683
7277 49417 594 60.1660016443179
7277 49439 576 74.9802631841096
7277 49508 598 67.6270727805582
7277 49518 646 59.387018675306
7277 49541 646 73.6333433142136
7277 49545 644 63.5143035175018
7277 49558 576 72.9621912104263
7277 49600 674 65.8094603730535
7277 49634 642 70.6953419140989
7277 49657 664 76.2210860400948
7277 49683 626 59.5729713163285
7277 49686 576 60.2345935404214
7277 49694 662 56.7683716304474
7277 49715 642 76.1310929538307
7277 49825 610 70.0910470350547
7277 49844 664 70.8616781620971
7277 49889 646 70.0634454186512
7277 49946 608 57.6796917013894
7277 49964 610 65.2326088587362
7277 49965 644 58.5069947362714
7277 49991 598 70.4074646359619
7277 50052 624 62.4558775210085
7277 50053 690 63.1535038325707
7277 50103 610 67.9756194325752
7277 50110 674 59.7578468507933
7277 50120 600 70.5582980434179
7277 50136 600 63.8977146641161
7277 50206 624 75.6036676043149
7277 50238 696 59.2116560797281
7277 50267 664 61.3842671027373
7277 50295 662 69.1193345142583
7277 50336 598 73.6871453892152
7277 50362 624 66.4280950347406
7277 50386 692 59.4535931613562
7277 50397 608 66.4397011192104
7277 50449 696 76.1626216433554
7277 50496 610 67.0172366113679
7277 50515 690 61.6052459990082
7277 50522 592 73.6223589794347
7277 50529 642 57.5813202227987
7277 50600 642 59.511758604466
7277 50607 674 60.6586182869981
7277 50632 576 59.5650279375271
7277 50634 664 64.3585079018966
7277 50670 576 71.6172623406941
7277 50702 642 59.1151312005859
7277 50754 664 62.0276488475988
7277 50805 598 58.5466884671158
7277 50819 576 70.4707186298183
7277 50907 688 67.0673056986689
7277 50931 674 66.113437903193
7277 50946 640 59.5290817718245
7277 50956 600 73.6140921747386
7277 50974 696 57.7829129563865
7277 51079 664 71.1363636118744
7277 51115 662 56.759985902032
7277 51140 646 73.0375235065447
7277 51180 608 57.6890947256286
7277 51216 642 70.8117138858929
7277 51255 576 67.1722484497731
7277 51256 692 58.1270768624828
7277 51306 662 60.6780217750417
7277 51315 600 63.9104901021719
7277 51323 674 66.2556274536924
7277 51390 644 71.7333916597881
7277 51403 624 62.8024887372045
7277 51427 642 69.0567117344628
7277 51452 576 73.3193921607689
7277 51487 696 63.3930701919427
7277 51542 576 67.1276192140071
7277 51563 624 73.4932063754625
7277 51585 576 69.2886734154827
7277 51671 690 73.9576488796233
7277 51681 696 68.6826124409309
7277 51687 576 64.2541786761902
7277 51699 626 70.1636187872316
7277 51703 640 74.7046780642345
7277 51761 690 59.8975020881303
7277 51838 576 66.78302009505
7277 51895 688 70.5688701448001
7277 51912 646 71.7972559490855
7277 51913 674 66.0340233899891
7277 51959 608 58.9592980459671
7277 52044 576 74.7921907238292
7277 52080 600 60.2663286433492
7277 52115 692 64.7626210043738
7277 52131 662 62.0904247619205
7277 52158 688 70.5237435891294
7277 52180 644 59.9596517040976
7277 52194 594 61.0662953485492
7277 52207 594 56.7623026109147
7277 52226 598 60.997817775915
7277 52275 662 65.861551659027
7277 52314 600 62.6191160473382
7277 52335 624 74.6683957918936
7277 52374 690 75.2845919516573
7277 52404 626 59.9394701199066
7277 52503 674 58.2318185269018
7277 52511 664 56.7593824320808
7277 52525 600 74.5974592401491
7277 52527 642 61.4380036335416
7277 52531 608 65.3850113001056
7277 52575 600 61.9767325151121
7277 52629 576 66.4957373646956
7277 52699 600 74.493534276083
7277 52709 696 57.4243600570253
7277 52712 610 75.1659633694032
7277 52727 644 60.5536286106219
7277 52775 662 70.3605224882891
7277 52789 626 70.0783216478832
7277 52794 688 57.0789967072607
7277 52822 640 71.6031693666956
7277 52860 626 66.6221936026613
7277 52867 696 70.3500055093036
7277 52875 624 63.5594776909644
7277 52909 646 73.3813239631979
7277 52919 600 70.4942377842809
7277 52934 646 67.4943773052733
7277 52988 688 68.8254956681276
7277 53004 662 67.9811129770911
7277 53063 646 57.7473309132469
7277 53086 696 67.23433723086
7277 53103 598 64.8091128786351
7277 53106 640 61.5595849822333
7277 53146 664 66.4438844856375
7277 53352 664 71.0639091710088
7277 53395 688 75.6203615865981
7277 53451 662 60.4871858925532
7277 53474 662 72.5218811939745
7277 53493 696 72.5423975908308
7277 53501 576 66.3580511798286
7277 53592 664 74.008069290339
7277 53612 626 66.1368325753239
7277 53628 696 70.3216801438253
7277 53670 642 70.1440891560352
7277 53689 644 60.6225557314209
7277 53741 674 58.0645990855961
7277 53760 608 71.7983013809503
7277 53798 626 69.545061622065
7277 53810 640 75.7340578127361
7277 53817 598 67.1501448825005
7277 53836 642 61.128219830697
7277 53845 662 71.139352161722
7277 53848 594 59.948125568319
7277 53870 576 58.6585933981993
7277 53933 626 70.9255289181032
7277 53936 608 68.2687516135163
7277 54041 662 61.6578632232284
7277 54046 640 60.2166711295396
7277 54063 642 57.1449130482028
7277 54079 626 70.6958174175494
7277 54174 690 63.7657271824179
7277 54176 644 69.379486573888
7277 54209 690 67.0133221435271
7277 54241 642 70.8535979465259
7277 54244 594 62.7348699298933
7277 54310 674 72.5390695737845
7277 54343 624 64.6153540871301
7277 54404 642 72.3236119439562
7277 54470 644 67.7087232810645
7277 54474 608 76.027616637271
7277 54477 642 63.5365315592961
7277 54514 646 66.9299359163663
7277 54537 692 59.5930387571052
7277 54683 674 72.5371223190505
7277 54714 608 58.7902267453829
7277 54717 642 57.3466940815987
7277 54722 624 75.5998285673086
7277 54724 594 76.5891888070138
7277 54724 600 66.8601288529511
7277 54725 644 57.4322671491955
7277 54812 644 63.9022462354919
7277 54855 696 73.4080467604375
7277 54886 576 61.8570999249816
7277 54918 608 66.1841166563179
7277 54923 662 75.1142671145954
7277 54976 626 66.8732221336446
7277 55004 640 59.1729973951228
7277 55050 598 64.7643604628638
7277 55055 662 67.8660493047328
7277 55073 662 61.152725438989
7277 55078 662 66.1943365066143
7277 55118 690 62.7409825021781
7277 55177 690 66.8826778656382
7277 55281 576 70.04961892764
7277 55332 692 64.523841459375
7277 55373 642 72.7447888003945
7277 55421 600 72.426842844046
7277 55422 674 60.4161882775894
7277 55455 600 73.5824617630887
7277 55460 696 65.4062531428527
7277 55524 692 66.6043550501843
7277 55602 640 76.6741260022596
7277 55619 600 67.0463530811731
7277 55634 594 73.3943088385766
7277 55711 624 74.0596001910117
7277 55723 646 73.9245012629251
7277 55724 692 57.3773332066144
7277 55734 598 61.7171167142772
7277 55825 664 73.7632125447543
7277 55826 644 59.4088935044008
7277 55834 662 64.3385147644907
7277 55843 624 73.9963816614796
7277 55867 664 70.2791543071712
7277 55916 688 71.9522032777495
7277 55936 626 73.7466655351558
7277 56069 644 62.6218728978532
7277 56103 674 57.3915842838052
7277 56185 688 59.1276269317645
7277 56190 624 75.716070605986
7277 56197 624 68.5055201849587
7277 56198 576 64.3412851715026
7277 56279 690 71.3178611925834
7277 56345 598 69.9476390834731
7277 56349 662 68.7541993110331
7277 56383 642 72.6965743889478
7277 56405 624 70.6599359639255
7277 56433 592 71.2951325027446
7277 56455 608 64.6161101812184
7277 56475 624 74.3842244438576
7277 56483 610 67.1346758133243
7277 56615 624 72.8118584466438
7277 56650 690 64.5828661384761
7277 56660 576 62.0226439588836
7277 56665 662 61.4513670114977
7277 56677 626 58.4306271225254
7277 56684 610 62.0986719368609
7277 56693 598 63.6760218205569
7277 56768 662 71.091508934201
7277 56796 608 67.7396650188145
7277 56807 662 74.113714762976
7277 56868 600 62.8921417049991
7277 56882 642 67.9925477779926
7277 56897 600 71.7585812823838
7277 57006 576 73.0211913109243
7277 57046 642 67.089620691417
7277 57092 642 70.387599073571
7277 57115 600 58.8871250358068
7277 57137 674 74.048358506586
7277 57193 610 65.0142632864451
7277 57193 688 65.1481929142395
7277 57219 662 76.1834158347958
7277 57225 644 67.7865717836996
7277 57254 646 57.84679861102
7277 57258 600 63.3067034830596
7277 57304 624 70.6433847652871
7277 57383 624 60.4155536443248
7277 57408 626 65.5088716160896
7277 57428 664 72.6642914186727
7277 57472 594 62.6357353887931
7277 57485 598 61.370202392502
7277 57514 624 75.7696407678944
7277 57537 642 63.1331725720478
7277 57561 594 68.6853614072842
7277 57578 598 60.7100609580468
7277 57648 642 64.2184854560232
7277 57663 576 63.6286219511818
7277 57718 662 68.7258411380308
7277 57743 610 73.9818284457854
7277 57751 610 62.6006510854647
7277 57793 608 59.8953712524026
7277 57967 600 76.444379443176
7277 58162 600 71.4563668118873
7277 58196 624 68.2767155509837
7277 58216 690 58.7561663909756
7277 58239 624 64.8298458420626
7277 58253 626 67.8691533030772
7277 58374 696 63.1654499052854
7277 58419 642 66.9110964303616
7277 58494 576 72.6956545737431
7277 58508 664 60.9514920639787
7277 58541 624 59.7043596237016
7277 58550 642 58.5795231436085
7277 58597 642 66.5527053010789
7277 58614 662 70.4677586069303
7277 58645 662 75.9301764873137
7277 58656 646 64.027165713425
7277 58674 674 64.857594066874
7277 58739 644 69.9557874122506
7277 58833 696 74.816861475072
7277 58872 600 60.7362835006899
7277 58876 626 76.5160480934037
7277 58878 626 59.8539715789559
7277 58887 662 61.8184322231871
7277 58888 688 58.1389230706283
7277 58920 696 64.7668336085668
7277 58941 646 67.038235641156
7277 58950 662 69.0362408465427
7277 58952 644 64.56014924896
7277 59008 600 62.5631994464657
7277 59012 696 65.1064220318423
7277 59037 646 59.3747198328786
7277 59051 610 61.5888320771496
7277 59062 640 73.2866356014058
7277 59073 644 58.4954935816595
7277 59098 664 71.5867951255671
7277 59098 690 64.0717112851134
7277 59111 644 63.0670250330224
7277 59127 642 58.9542109181769
7277 59133 608 71.9143335040892
7277 59138 664 74.9981825933725
7277 59150 594 62.8336859112471
7277 59196 688 57.6427751665835
7277 59209 576 71.3534128339087
7277 59235 600 63.705099803698
7277 59305 576 70.3922722197768
7277 59401 696 63.8039693134197
7277 59468 674 68.7922174848105
7277 59481 610 74.5978894455617
7277 59554 688 57.5747022218426
7277 59579 662 61.2684559836816
7277 59590 608 64.3760331619778
7277 59636 624 62.6245994113928
7277 59686 626 76.6692125085844
7277 59686 662 60.8813190883226
7277 59695 642 65.6738497554597
7277 59743 610 71.6503858600348
7277 59770 600 66.3694201839907
7277 59783 598 70.931144065452
7277 59795 692 76.0587098043498
7277 59837 624 66.3951180216682
7277 59874 640 64.32451161626
7277 59902 626 70.1187788084617
7277 59982 690 68.1669269356704
7277 60034 594 76.3017325242669
7277 60058 662 70.8781491698446
7277 60080 662 69.4704689497151
7277 60139 576 68.6351996824299
7277 60175 598 62.7663008298518
7277 60202 626 61.5539930184967
7277 60217 610 67.2928819003542
7277 60218 644 60.7963795583065
7277 60236 626 74.8506187873447
7277 60268 642 68.4247175204665
7277 60287 646 69.019741489486
7277 60336 688 64.6882469707533
7277 60364 674 57.23950582194
7277 60492 674 62.2505212957975
7277 60561 662 76.6059738821074
7277 60602 576 74.3167701590283
7277 60658 598 72.8274470683584
7277 60708 624 75.2676303397342
7277 60758 598 57.4594580613161
7277 60811 592 76.5510713885777
7277 60870 664 71.4642150008347
7277 60885 624 66.4059521699744
7277 60905 674 60.4783686075304
7277 60991 624 64.8439255745848
7277 61010 576 65.8779732321153
7277 61024 642 57.8216797490037
7277 61041 626 61.0651453982915
7277 61074 674 76.3370640866551
7277 61149 592 73.7188001031595
7277 61182 576 58.3957892844252
7277 61268 688 59.3996289902663
7277 61272 624 66.7248881304056
7277 61292 598 74.6475744446744
7277 61324 576 59.6758480094496
7277 61377 598 65.4844414630801
7277 61393 646 61.4448700180513
7277 61403 644 64.9926213155211
7277 61437 576 69.4730992258091
7277 61441 624 71.1883835457441
7277 61508 600 66.0505087710986
7277 61526 576 72.79197718669
7277 61541 624 70.0442382276142
7277 61551 644 60.8087000401245
7277 61556 576 70.2854395716004
7277 61580 626 64.3699938347649
7277 61615 662 64.2966959707887
7277 61664 688 60.2957788158683
7277 61667 576 66.1374582965823
7277 61684 626 64.4468617614951
7277 61783 688 69.8706985332416
7277 61803 664 61.2364102368871
7277 61875 626 71.5783397635317
7277 61893 662 60.7777036255778
7277 61897 600 65.9617501191953
7277 61899 626 76.3703922777304
7277 61954 576 73.6861899423254
7277 61964 696 57.3418880555404
7277 61969 674 69.5587822846691
7277 61972 692 72.3792880000837
7277 62071 600 66.236592576076
7277 62100 646 68.3761574417429
7277 62105 692 58.8683225846444
7277 62107 610 65.8434626402433
7277 62142 594 74.6047396745471
7277 62143 664 66.8964521536227
7277 62164 608 65.507370305271
7277 62167 696 67.2980041094351
7277 62231 688 73.5699390490245
7277 62250 642 74.8762443130078
7277 62312 598 71.9874602175046
7277 62394 642 59.8739160024736
7277 62431 576 67.1609363942565
7277 62446 662 61.0697649544522
7277 62448 624 73.8368389420028
7277 62490 600 74.1383368346175
7277 62565 624 60.2632094024145
7277 62578 688 66.150389802914
7277 62581 608 74.1523934977251
7277 62717 644 63.5740279746084
7277 62725 692 69.8538459077974
7277 62731 598 71.6031562856222
7277 62755 674 58.2030403060083
7277 62819 646 68.951917398365
7277 62820 664 74.8069828906018
7277 62851 662 65.6660465714355
7277 62857 576 70.103348087465
7277 62889 692 61.5550241444895
7277 62907 662 74.4305385414514
7277 62909 624 74.6456166821493
7277 62945 624 73.1961690744982
7277 62953 594 75.9819212910755
7277 63088 626 58.0128575761906
7277 63151 576 74.4430385485374
7277 63258 692 66.0902630516931
7277 63300 646 72.488035330152
7277 63303 644 64.751613041332
7277 63480 610 72.7756624778784
7277 63516 644 68.6975074046323
7277 63551 696 61.6462214046333
7277 63583 664 69.8184572356382
7277 63583 692 75.6097916186918
7277 63586 640 60.555918559165
7277 63597 610 66.1372323673991
7277 63607 598 76.467929994395
7277 63649 696 75.8310730449956
7277 63660 690 57.4933462622083
7277 63662 674 62.5575158695912
7277 63699 626 66.9712945987615
7277 63705 576 61.6740119912399
7277 63726 624 66.5453882434154
7277 63791 626 74.9945298276222
7277 63836 608 74.4380570898895
7277 63840 662 60.8301965331169
7277 63853 696 76.2662491770592
7277 63875 610 69.1048000236251
7277 63906 674 63.1336816971069
7277 63910 662 74.7067686293415
7277 63925 690 74.2254507312912
7277 63950 692 59.3279263702961
7277 63953 646 58.4878356781876
7277 64096 690 62.4223545389213
7277 64190 674 59.6101882588903
7277 64248 626 76.2863215845639
7277 64266 646 56.8212031951359
7277 64275 662 57.8364821174613
7277 64335 688 70.5219855994722
7277 64360 696 74.8607527651627
7277 64433 646 68.9483818292511
7277 64446 608 69.5411208538025
7277 64468 688 76.6670439902535
7277 64482 664 71.8302082339735
7277 64511 576 60.1563008804893
7277 64520 576 57.3890385227152
7277 64587 592 64.3043929960383
7277 64588 592 66.4911981421901
7277 64590 576 73.3737580940781
7277 64630 608 64.8730971181634
7277 64637 626 69.3071313513283
7277 64659 626 62.9334759546995
7277 64675 644 64.6026439722554
7277 64735 576 75.1600396362909
7277 64741 640 76.4456835064265
7277 64799 662 60.089405527805
7277 64830 690 69.9053012497601
7277 64850 600 59.426041614568
7277 64932 662 74.947437725731
7277 65002 626 62.7948069297676
7277 65012 690 62.3847037461193
7277 65016 600 58.1729185329487
7277 65026 664 61.5029193250763
7277 65095 642 71.9874828691457
7277 65110 626 66.3339265571476
7277 65129 626 57.9312900733176
7277 65156 600 76.3577993610435
7277 65196 600 73.1511858018737
7277 65208 576 66.9049414558346
7277 65233 576 75.3475661861939
7277 65273 640 74.0282259409972
7277 65287 642 61.6051339138577
7277 65298 688 69.6308631783182
7277 65323 594 63.8121326697261
7277 65338 626 76.3443391911448
7277 65361 674 71.92175631328
7277 65411 664 60.505307825772
7277 65466 624 59.9851027707686
7277 65540 592 71.8967271460997
7277 65546 598 65.7787331987042
7277 65551 662 63.4495824920448
7277 65554 664 62.8168858897059
7277 65576 598 60.2146655873595
7277 65612 644 61.2038969221594
7277 65672 688 71.9241740989416
7277 65695 642 56.8184882524459
7277 65710 640 57.3530280491425
7277 65752 598 57.38688647067
7277 65758 642 60.6563880112141
7277 65760 642 61.4630290591888
7277 65775 598 76.6866452946345
7277 65781 662 75.5871049871861
7277 65799 600 61.5188020025493
7277 65836 690 62.9315205685344
7277 65882 674 59.4864757711169
7277 65897 644 66.5288177100524
7277 65897 690 64.379596935471
7277 65928 626 64.6037483784536
7277 65933 592 61.0734709610321
7277 65955 608 57.506758931287
7277 65983 598 70.8706478843911
7277 66000 608 75.4408892367138
7277 66015 696 66.9190109772552
7277 66030 608 70.2867995046342
7277 66138 674 66.2857202289195
7277 66250 662 66.4489034924229
7277 66300 690 71.2099937924913
7277 66358 690 68.4652019512851
7277 66404 626 65.8162695098993
7277 66437 626 76.2255918707968
7277 66459 594 66.6156149999428
7277 66486 598 59.8353252094871
7277 66516 594 71.3468854933533
7277 66545 624 72.014726486626
7277 66571 608 65.3790324820304
7277 66601 576 58.7197749315675
7277 66644 646 74.7883364489502
7277 66673 644 62.9674520821515
7277 66687 674 71.531681866171
7277 66688 692 63.6091443985381
7277 66776 692 73.3059797362287
7277 66778 598 76.4564569113339
7277 66843 594 61.3593904790489
7277 66848 644 61.6459565545608
7277 66906 576 76.2549807386669
7277 66929 624 60.0789621838344
7277 66972 600 61.1408030160408
7277 67020 624 74.6472580806693
7277 67105 640 69.2626919297868
7277 67202 608 73.4590709955825
7277 67219 646 66.0713966857898
7277 67327 646 62.047832841984
7277 67475 644 57.4500103820236
7277 67510 674 68.512308787433
7277 67621 594 59.4746060992456
7277 67702 610 70.493234072924
7277 67788 690 67.9205796570926
7277 67838 688 72.2316846343067
7277 67861 664 64.9596745596612
7277 67912 600 58.5163123121101
7277 67961 690 74.2947528899435
7277 67966 608 60.6068204219223
7277 67971 624 70.8964123389481
7277 67988 576 61.186152839007
7277 68028 690 70.4699970524175
7277 68180 608 62.3557705913547
7277 68186 640 74.1062946006639
7277 68225 662 75.816601143707
7277 68227 644 60.9763653743237
7277 68252 662 71.7940398171098
7277 68282 626 59.9418369609479
7277 68288 608 75.1653759581351
7277 68325 646 71.338646976241
7277 68333 610 62.7985667472716
7277 68335 624 65.8129848877054
7277 68338 664 59.6892334303081
7277 68371 664 71.0624058629616
7277 68513 690 56.7338315473299
7277 68577 692 64.883894576782
7277 68587 576 69.3520999961632
7277 68629 598 64.3469738642799
7277 68658 598 73.3831542668218
7277 68669 674 62.4256871871818
7277 68687 692 59.5802860720226
7277 68826 688 59.6010155430466
7277 68838 642 60.7944948227624
7277 68839 626 56.9801125582125
7277 68854 662 62.925172947443
7277 69057 662 65.6561786360537
7277 69085 592 73.8771639051695
7277 69093 640 75.7620309571754
7277 69097 624 68.3857665794249
7277 69188 696 73.5734010550549
7277 69232 688 75.6429088446526
7277 69271 624 71.5037623669834
7277 69279 600 66.185786366796
7277 69323 642 75.7102846768866
7277 69353 594 65.8147452186271
7277 69379 624 70.7081360767413
7277 69388 626 60.2625078586191
7277 69409 576 58.0866922828625
7277 69547 592 71.3721211633731
7277 69562 594 61.0492327415462
7277 69584 598 74.0437765960602
7277 69600 626 65.7699378997921
7277 69620 674 69.7789162035025
7277 69691 600 75.3556952040778
7277 69743 576 63.9469899176784
7277 69761 642 76.3115132925353
7277 69766 610 59.4228970197799
7277 69790 664 67.6196290982868
7277 69897 610 68.9203431290813
7277 69998 640 74.6683914557952
7277 70026 646 61.9359884707639
7277 70064 688 68.939196973462
7277 70121 644 70.317474360298
7277 70122 644 67.6970239813407
7277 70164 674 74.865559396087
7277 70177 642 57.7509111002118
7277 70209 642 76.4700307037562
7277 70230 690 66.3741392224516
7277 70247 626 65.098385698132
7277 70324 608 64.3023650234475
7277 70331 664 57.5678275091063
7277 70332 674 64.4613356723733
7277 70434 690 66.6893915050924
7277 70457 640 70.5283556444976
7277 70466 690 73.1472376696104
7277 70484 688 64.1387282177499
7277 70504 592 66.4458919254454
7277 70639 690 59.2884896526699
7277 70644 688 74.8199319895881
7277 70669 600 69.0398525702359
7277 70671 598 66.8558133036996
7277 70681 608 69.1742134636997
7277 70686 640 69.5466267972845
7277 70707 696 74.9174793849871
7277 70734 642 62.2429756807208
7277 70771 640 63.6233689624145
7277 70802 642 75.3418416742392
7277 70814 664 65.9691204923528
7277 70872 624 72.66725624122
7277 70891 644 74.9349731358541
7277 70932 664 60.0915128262008
7277 70962 600 72.7756279877919
7277 71022 688 73.879439125897
7277 71043 640 61.644050065815
7277 71058 662 66.8685278659022
7277 71078 592 76.3618410329069
7277 71164 690 67.8041263307434
7277 71178 644 67.1867210300436
7277 71182 662 63.8320327203282
7277 71192 690 73.823060943667
7277 71216 600 74.9781559166693
7277 71264 600 69.6713456421394
7277 71318 626 58.9978515284595
7277 71355 598 58.7770572159497
7277 71381 696 67.1941560478206
7277 71396 690 71.7980147672451
7277 71473 644 75.446063208804
7277 71485 576 62.7657285038601
7277 71606 576 68.2489439762532
7277 71632 598 74.4095406784059
7277 71643 576 66.1002123568537
7277 71674 600 72.3125911928524
7277 71697 576 73.2361808743763
7277 71709 692 67.5645988090404
7277 71771 642 76.4158573860257
7277 71779 642 73.9080047935867
7277 71786 644 59.9950836789134
7277 71790 610 58.3285797348859
7277 71891 662 71.8106737895689
7277 71919 692 74.0213744744703
7277 71982 626 62.2401070517352
7277 71998 688 70.9255395578139
7277 72056 626 65.3040036301474
7277 72074 690 58.6590086111887
7277 72101 594 67.8461145781438
7277 72131 662 73.3203443757372
7277 72149 640 58.4799402725505
7277 72157 690 71.1761254532146
7277 72205 600 73.8075604027393
7277 72255 690 75.1939125114139
7277 72266 600 72.7214931737472
7277 72298 688 68.2633942050891
7277 72351 626 56.9157742508106
7277 72369 692 74.0494687970025
7277 72426 662 75.7944494652334
7277 72489 674 66.2437928500515
7277 72494 624 59.0085124165252
7277 72584 626 67.7679066153367
7277 72589 688 73.3361927215109
7277 72706 576 70.7781053188944
7277 72723 662 76.3399429721788
7277 72750 640 72.7646554715741
7277 72774 598 66.3302401181363
7277 72785 640 63.842317229391
7277 72796 592 56.9566922796972
7277 72806 674 73.4261925077683
7277 72857 674 64.6255062833196
7277 72861 626 66.2125514916407
7277 72896 644 57.1365638474291
7277 72928 690 59.2657792700448
7277 72948 592 70.1210589055716
7277 73059 696 73.8191638692484
7277 73082 690 74.703371779086
7277 73111 610 63.5533713702576
7277 73149 674 69.5868552547048
7277 73169 690 62.0424016030022
7277 73282 688 67.8940340290448
7277 73297 576 58.7392410999874
7277 73323 624 61.8579888916617
7277 73337 674 74.0328578332408
7277 73431 594 62.2268086478326
7277 73446 594 66.4363064930083
7277 73513 662 62.1404426170494
7277 73519 600 68.1349336568153
7277 73520 696 73.3093101445521
7277 73616 690 69.53003595523
7277 73629 662 58.6185659674862
7277 73654 624 76.2737412513291
7277 73664 688 72.5265771381696
7277 73668 598 72.9417712001315
7277 73692 624 59.2668072886711
7277 73702 576 76.5343238834781
7277 73848 576 57.2905766895426
7277 73924 594 74.9635280265702
7277 73928 640 62.4472942714465
7277 73992 664 57.6540537060164
7277 73994 576 58.6271847252105
7277 73999 644 69.0798675044262
7277 74042 600 73.3364729857992
7277 74092 692 72.1006137171951
7277 74098 646 69.330339460244
7277 74174 598 64.019953799951
7277 74183 600 65.5861620254297
7277 74217 592 65.9932697907474
7277 74270 688 56.9193303731041
7277 74344 674 75.8173495039611
7277 74348 674 66.0644612320267
7277 74375 646 67.3626740601773
7277 74456 626 67.0087833890806
7277 74484 640 71.1091523037413
7277 74577 576 65.1010818330693
7277 74598 690 65.1283343406969
7277 74625 662 69.6831847941312
7277 74628 592 64.5060555187531
7277 74702 642 65.1185358765115
7277 74719 626 56.8354490602073
7277 74726 644 61.0382699668863
7277 74733 674 57.2618420176053
7277 74742 664 75.3958517892594
7277 74746 598 76.2118851390178
7277 74798 646 58.0686880690451
7277 74808 598 59.4325128884091
7277 74825 608 76.1288878009617
7277 74838 626 67.3243017649453
7277 74887 674 73.168003591594
7277 74923 696 66.8744618973917
7277 74980 662 69.7097145003971
7277 75070 696 59.661359809787
7277 75162 624 60.6571916426488
7277 75240 644 74.0780704603164
7277 75246 640 72.0248922160882
7277 75253 696 62.8533766167242
7277 75254 576 66.9561154974489
7277 75276 610 64.4689097676303
7277 75385 690 74.627777150204
7277 75391 624 58.6564672704323
7277 75392 642 67.1623256469194
7277 75426 594 64.7736239046866
7277 75448 600 70.0130441613393
7277 75526 600 74.4465966656537
7277 75539 626 72.0927703318411
7277 75542 624 61.4034241665642
7277 75586 642 60.0956539502403
7277 75675 600 74.510718386789
7277 75718 600 74.2821449348516
7277 75725 576 60.3368231207761
7277 75764 600 58.4206555012861
7277 75781 594 62.3903152922325
7277 75810 674 61.0201153110388
7277 75838 688 64.4839060327063
7277 75853 594 66.2401051354742
7277 75862 600 69.7031392339505
7277 75876 598 75.7501900802958
7277 75918 592 58.3255970824003
7277 75936 598 68.0959394404816
7277 75944 690 68.4040528400107
7277 75946 692 73.3834784293331
7277 76005 598 67.5792309683171
7277 76057 642 72.3841413707549
7277 76140 644 70.6720531086426
7277 76166 644 57.6529823429614
7277 76187 576 62.1078904524796
7277 76246 646 67.0909454328277
7277 76249 594 63.7305167295191
7277 76254 662 65.682437716727
7277 76438 688 60.7788130453284
7277 76457 626 57.8126079322691
7277 76495 692 60.7625348166263
7277 76511 664 68.1801002041987
7277 76570 600 68.2355509293852
7277 76580 674 75.899490466701
7277 76624 624 61.1826221785081
7277 76645 674 59.9057243028401
7277 76674 626 61.9275202384089
7277 76684 640 71.1804772060678
7277 76699 576 69.1836723324869
7277 76704 576 72.0222687097909
7277 76723 624 71.5753985624917
7277 76767 600 66.6638145132851
7277 76867 688 64.3133194261251
7277 76893 696 73.8719119866356
7277 76976 626 64.1741447838809
7277 77083 664 73.7627684558677
7277 77121 662 73.0976282436337
7277 77124 674 76.481522825646
7277 77160 664 62.166667863005
7277 77191 576 68.6634215880233
7277 77202 688 72.8764549272526
7277 77211 662 76.2610990523859
7277 77260 646 68.2958881452663
7277 77319 688 60.8944352010202
7277 77322 624 68.1884541982788
7277 77387 646 58.7690661371965
7277 77403 626 76.4694402883026
7277 77403 642 64.9148268470828
7277 77493 610 62.0512779215687
7277 77586 624 66.7604584258679
7277 77610 688 65.0582133127124
7277 77614 600 65.9562830621309
7277 77615 624 74.0949799937142
7277 77624 674 64.1460222323591
7277 77702 576 68.6746899645507
7277 77749 610 73.1133637834761
7277 77782 624 68.1822920835554
7277 77799 576 64.6509616558179
7277 77835 576 58.0102354300902
7277 77839 592 63.7587656008514
7277 77870 642 73.3769799097406
7277 77910 576 62.6246127501641
7277 77945 608 75.9656791270488
7277 77963 624 69.174606949661
7277 77963 696 66.5034605581557
7277 77987 576 56.8000339891329
7277 78003 646 75.7345384976544
7277 78016 610 69.3393388572442
7277 78065 642 58.5785093932554
7277 78097 640 72.0210107967842
7277 78109 644 59.6197460858443
7277 78179 626 75.2375306271543
7277 78211 696 63.0747706363946
7277 78311 696 64.2047700041628
7277 78342 696 61.1172212174813
7277 78345 644 73.0400684867504
7277 78366 640 74.7663861805432
7277 78372 576 71.3175060138204
7277 78400 624 61.5082753680184
7277 78432 624 56.9627359878415
7277 78445 662 61.9180466113413
7277 78446 594 61.856582631515
7277 78446 600 68.3025423147619
7277 78475 662 58.770523257736
7277 78480 644 62.3606348273461
7277 78505 600 74.5796602477824
7277 78519 646 59.4906214946666
7277 78581 688 60.506033390975
7277 78631 624 75.178609461474
7277 78662 576 60.4095707261964
7277 78713 664 64.2076086676583
7277 78751 626 57.540927152643
7277 78767 664 58.5180494819723
7277 78805 576 67.9861581856855
7277 78810 662 69.4550335349893
7277 78857 592 64.8629748041532
7277 78860 664 64.2727871868285
7277 78880 640 57.4901140167839
7277 78887 644 73.2499251752929
7277 78936 626 58.8616932989787
7277 78955 642 60.9239382630655
7277 78960 600 75.7761616405833
7277 78964 610 73.7663075636914
7277 78977 690 60.0931653339182
7277 78989 646 70.9696094286615
7277 79008 624 61.8482570153273
7277 79014 600 75.9131908116929
7277 79065 662 74.2441586548052
7277 79077 642 70.0422141840211
7277 79181 662 67.2980252090304
7277 79216 626 56.9127710716568
7277 79226 600 60.7094377637713
7277 79303 600 62.7662204951051
7277 79323 626 62.1027311602661
7277 79361 598 71.7547698801808
7277 79375 626 62.3145430920114
7277 79390 696 67.7326214205639
7277 79438 610 72.8646548036089
7277 79440 662 60.3564257924336
7277 79465 674 62.7434569251534
7277 79471 664 73.6084701670281
7277 79510 610 68.4168296952614
7277 79518 594 59.2277436525841
7277 79531 600 71.5612897473981
7277 79545 662 57.4642745095816
7277 79581 644 71.3805740095137
7277 79586 600 68.6403872285237
7277 79597 646 60.0316561414485
7277 79719 688 70.4979578116526
7277 79729 626 58.9758241666934
7277 79756 646 66.9748920566795
7277 79769 646 74.5618130562534
7277 79787 646 66.1176224763828
7277 79855 646 72.1549361841027
7277 79859 664 60.7517322887914
7277 79883 644 66.8407645849699
7277 79889 642 59.6133487636038
7277 79896 626 74.2551858209728
7277 79921 674 65.3312323417472
7277 80068 624 61.6674249778362
7277 80098 688 70.2614636767172
7277 80128 690 67.1971469913884
7277 80187 644 56.9761251308994
7277 80209 594 56.8024815137375
7277 80220 644 70.1135818082426
7277 80225 600 73.6393172903319
7277 80280 642 66.9820367870558
7277 80319 644 61.5853425183807
7277 80338 642 61.1547720796049
7277 80348 576 71.6032793395419
7277 80402 690 67.162952050767
7277 80404 662 72.0198346927048
7277 80429 662 70.8736609088323
7277 80507 600 65.0986965702376
7277 80541 600 60.0548399677709
7277 80616 642 65.8498842991079
7277 80666 688 68.0143187047339
7277 80668 594 62.4162895492569
7277 80671 576 68.2388188553032
7277 80677 624 72.4575209873885
7277 80686 644 73.6717543347121
7277 80702 664 74.4132923154209
7277 80704 674 59.5375373989449
7277 80760 662 61.4985911575136
7277 80783 592 67.4622842371583
7277 80885 662 62.2366058236621
7277 80892 624 74.0225727389856
