7570 28 594 58.5667167480508
7570 397 626 74.8488144999745
7570 417 576 60.7768839268418
7570 433 600 57.0759832491636
7570 529 592 73.7188007773596
7570 797 598 60.9561011539883
7570 827 624 63.119830689533
7570 906 626 68.7045243641662
7570 1502 624 57.4808441667698
7570 1635 696 60.1994286765647
7570 1784 600 66.4952713532762
7570 1872 624 59.3770287367632
7570 1880 642 69.9029274358842
7570 1898 674 70.456101612858
7570 1902 664 73.1050617605862
7570 2016 594 64.8167899352941
7570 2297 608 72.8600210233789
7570 2496 642 71.5421783755276
7570 3022 696 57.036833823926
7570 3030 642 56.7133804724051
7570 3101 576 73.8326722843293
7570 3133 640 72.2861761788286
7570 3266 576 61.9896428844894
7570 3410 664 74.4135436642133
7570 3495 690 60.7241818002007
7570 3848 674 67.1725338094852
7570 3911 600 60.2193640180993
7570 3961 644 62.9113719825196
7570 3972 674 72.81561413901
7570 4033 608 72.123569367342
7570 4151 610 56.9652250098236
7570 4412 696 60.1321278981803
7570 4531 642 69.0851971652387
7570 4532 624 66.1825442772515
7570 4700 640 57.2983406145307
7570 4848 600 63.0554872858584
7570 4939 610 66.1813618612121
7570 5002 594 56.7951890613357
7570 5037 640 63.5773959427604
7570 5152 594 66.8764599458752
7570 5373 692 61.8595549555966
7570 5483 594 73.7596168866632
7570 5533 592 61.2784836174624
7570 5632 610 69.9104185985774
7570 5802 608 58.1465614125746
7570 5850 644 66.2252982058685
7570 6221 592 73.8062303512491
7570 6247 594 69.4190088124899
7570 6310 624 67.0224953461746
7570 6533 600 62.884892445727
7570 6719 624 69.8310087225664
7570 7034 624 57.3072860563147
7570 7129 608 73.9291396215412
7570 7254 696 73.3149709202176
7570 7329 644 72.3655840417231
7570 7330 598 59.9853168959502
7570 7382 674 61.7628754914608
7570 7743 594 62.5207339494083
7570 7792 576 66.7147402551121
7570 7961 592 71.3557747180295
7570 7972 608 66.1984233289551
7570 8360 624 72.7366774868045
7570 8432 592 68.0853203610617
7570 8546 594 61.7629396780436
7570 8607 626 65.5198516251821
7570 8745 692 57.495372413446
7570 9005 594 62.4847852851307
7570 9513 644 64.5507250021301
7570 9625 592 59.3046598934464
7570 9755 642 74.1085133453368
7570 10233 576 71.1444828351459
7570 10329 640 70.4839824326481
7570 10517 608 67.8233183742483
7570 10644 642 75.5394203783743
7570 10709 642 60.6933690740011
7570 10829 644 72.8862372459463
7570 10870 674 60.9934801785626
7570 10933 644 64.8335034216402
7570 11033 644 67.0810950319195
7570 11065 626 59.7239825624858
7570 11179 644 61.4424275029705
7570 11186 610 66.3047569422459
7570 11241 608 73.6377794743827
7570 11542 626 58.9289232839218
7570 11576 610 61.7693724768336
7570 11610 644 75.9326746745019
7570 11802 624 67.6338053165411
7570 11851 600 61.2591443365879
7570 11907 594 72.4974022130435
7570 12116 640 64.0381488766526
7570 12169 664 59.2193643902989
7570 12256 608 74.626387926133
7570 12349 696 72.2379946142782
7570 12454 626 56.7597806521893
7570 12461 674 67.3920674500017
7570 12469 600 59.3844291389872
7570 12610 696 75.3031945366592
7570 12641 600 67.4141049742227
7570 12943 664 76.5492846815119
7570 13060 576 74.3581540293315
7570 13354 608 70.5737223155652
7570 13406 674 59.5111601866982
7570 13535 674 74.31887833573
7570 13977 598 62.6764791525544
7570 14030 576 66.7320539935678
7570 14126 610 63.825044782909
7570 14342 644 71.3193503718966
7570 14493 610 68.2552872283559
7570 14829 696 71.9142764283933
7570 14849 674 65.8118349822554
7570 14850 626 68.8061746987636
7570 15107 576 74.9075164426458
7570 15164 642 65.7185203543533
7570 15293 644 71.095376683537
7570 15305 642 66.6955870786959
7570 15393 644 58.9487667945292
7570 15688 674 74.2227675551677
7570 16005 600 74.3826468918859
7570 16110 642 57.5179134509359
7570 16110 692 71.6730244720498
7570 16238 626 66.4888511337562
7570 16246 598 58.4333704279463
7570 16247 610 75.9194337159649
7570 16247 640 73.9507867500152
7570 16287 598 65.486154854656
7570 16329 640 68.919638797064
7570 16439 626 75.9589258703636
7570 16590 598 63.0961063370415
7570 16734 644 69.5365564534489
7570 17226 592 67.1725978772511
7570 17270 594 64.2016603542923
7570 17398 644 60.209188259139
7570 17522 696 57.6857411284832
7570 17671 624 60.9040723998742
7570 17780 598 67.056327346442
7570 17865 576 75.7948171898688
7570 18098 608 73.1912514692384
7570 18291 640 64.5295304609655
7570 18396 598 72.5758968640081
7570 18522 664 72.6529102639979
7570 18533 598 74.209940351234
7570 18571 600 63.8052606084328
7570 18594 642 67.9034324248692
7570 18695 594 71.2765182552463
7570 18786 674 60.340129374529
7570 18992 592 74.233612483164
7570 19089 626 73.8106316778354
7570 19093 600 75.2973327534694
7570 19251 624 71.5009560561537
7570 19306 624 74.0392616034803
7570 19464 576 64.0547899043329
7570 19592 600 58.6560357689409
7570 19830 600 63.8089041616729
7570 19843 696 58.0517791601936
7570 19999 626 68.6849404276037
7570 20009 642 60.5697655118483
7570 20027 626 64.0780428110125
7570 20073 642 68.6570008216445
7570 20155 674 63.4506676930049
7570 20308 642 75.3716972619188
7570 20314 690 74.2854323478253
7570 20682 696 65.5277358894766
7570 20749 644 58.2746769916804
7570 21047 664 63.4618961117222
7570 21071 690 64.8084913481519
7570 21189 576 66.3374556494894
7570 21200 624 67.6175189023232
7570 21578 642 73.171483664993
7570 21681 690 67.6288603423224
7570 21741 610 68.398139174603
7570 22185 644 63.318229190147
7570 22466 664 72.3877797666895
7570 22556 642 72.2469723622994
7570 22719 592 64.447808325739
7570 22986 600 67.7977412917451
7570 23093 624 72.6499016239662
7570 23259 592 72.6323116479731
7570 23605 624 74.3928004832674
7570 23684 600 73.8901964687433
7570 23787 690 56.7589233269239
7570 24086 642 63.6222891123783
7570 24239 592 64.3253340236451
7570 24324 576 63.0328673007823
7570 24534 692 59.4624049080978
7570 24544 674 67.7479824680533
7570 24920 696 65.7507825615663
7570 25005 626 60.9387086759488
7570 25053 576 70.2196694450422
7570 25187 600 65.1119409463166
7570 25291 644 67.0175233788331
7570 25372 624 74.2512292393853
7570 25407 644 61.6237754524967
7570 25480 642 59.9335687963635
7570 25605 690 63.5603649231643
7570 25784 692 73.2858591957871
7570 25823 642 68.7082724994699
7570 26092 674 59.3848698350538
7570 26148 608 57.3329562035922
7570 26224 664 67.6340839043102
7570 26323 598 60.5206735800011
7570 26422 598 64.4857929176241
7570 26423 594 65.6573402522596
7570 26423 600 71.5548426971463
7570 26620 642 73.0045311253954
7570 26636 624 70.0915464407669
7570 26693 608 67.9480907112366
7570 26702 664 71.2161298376502
7570 27088 674 57.3663159004927
7570 27107 594 76.2095189885536
7570 27355 598 59.7544750926499
7570 27482 696 74.8424677037859
7570 28334 594 58.9715760454378
7570 28395 640 56.9778861555461
7570 28430 576 70.441002958127
7570 28447 624 61.8266111328504
7570 28802 600 71.8526894596932
7570 28873 664 59.9476910715519
7570 28912 626 75.6925067532725
7570 29018 592 62.0154186566169
7570 29054 664 69.675875751491
7570 29065 642 59.4912660076457
7570 29215 608 62.6076612354382
7570 29258 664 69.8366146718804
7570 29732 592 62.3283123862257
7570 29819 644 57.5485681132429
7570 29896 610 60.3233126029666
7570 30036 642 67.2751941877503
7570 30185 600 64.4431940949447
7570 30195 624 58.3100020382814
7570 30485 696 64.5230098703027
7570 30568 692 72.4443283792394
7570 30570 610 61.8971117864894
7570 30657 644 71.2002224987442
7570 30752 626 76.1688462141363
7570 30959 626 69.2536680181401
7570 31248 690 58.0937140133674
7570 31313 690 58.8295934559551
7570 31320 600 64.2343837482245
7570 31349 690 58.4668550639284
7570 31714 624 62.9537703417029
7570 32010 598 56.8859743702797
7570 32083 608 68.6675147457438
7570 32154 608 59.3672370630601
7570 32186 690 60.57325642758
7570 32191 624 68.6056253671449
7570 32221 624 75.6043170539185
7570 32247 696 61.5746632806827
7570 32408 674 75.5422111364899
7570 32491 600 68.8330937967886
7570 32559 692 62.9840095160827
7570 32609 576 62.8322616252669
7570 32644 664 63.0181842266937
7570 33124 594 71.9240921415031
7570 33168 674 59.59102560899
7570 33352 576 65.6918541304704
7570 33699 642 68.5870341814841
7570 34214 610 65.2306972854136
7570 34374 690 72.7814628900062
7570 34394 600 73.3887567206266
7570 34504 594 70.7854219950774
7570 34506 674 68.5684924802413
7570 34655 610 74.2260958750528
7570 34775 690 59.2269007389409
7570 34807 576 60.8149510195633
7570 35078 594 60.6379003720762
7570 35435 642 62.896907074144
7570 35436 642 63.4954702338558
7570 35610 624 57.0181527737146
7570 35840 644 57.1022077157394
7570 36015 610 67.570398296251
7570 36041 594 73.2185671313686
7570 36085 696 62.6268881960601
7570 36281 642 64.6170384605884
7570 36778 690 65.4854109173424
7570 36962 626 68.1719396331731
7570 36978 600 66.505840300465
7570 36997 576 75.6757343329104
7570 37009 674 58.5421188858727
7570 37076 624 65.3892294424063
7570 37113 696 61.6829040933109
7570 37137 592 58.4246548453711
7570 37331 592 57.6321977712198
7570 37546 598 64.5184222242133
7570 37730 642 75.7469285817063
7570 37757 626 68.3514287853659
7570 38300 642 60.3289000802535
7570 38325 592 73.7382900149302
7570 38573 674 58.6721202993241
7570 38622 598 58.2597430857228
7570 38742 626 74.7900469281559
7570 39006 608 56.9260400756776
7570 39156 644 63.3665221867179
7570 39181 576 62.6595635944781
7570 39408 624 75.9318710520314
7570 39845 600 63.8717896373503
7570 39877 576 58.8593155541026
7570 39898 592 72.1429567706076
7570 39935 624 57.1855283843445
7570 40009 674 75.1247841457311
7570 40089 664 63.3232241674154
7570 40163 642 59.8681634108753
7570 40215 642 59.0601132384337
7570 40248 642 68.2613867127558
7570 40320 626 72.5344317758612
7570 40330 626 64.054179556935
7570 40494 594 64.0066080519804
7570 40596 642 63.2868130009177
7570 40751 696 70.2402027549539
7570 41000 600 68.9147267730003
7570 41081 594 59.4011545504462
7570 41152 592 72.1755106411356
7570 41199 674 72.1168489548597
7570 41263 696 62.0385704806881
7570 41473 642 60.7971319055589
7570 41479 690 72.4342627326125
7570 41875 690 63.466039788532
7570 42004 592 74.568304600623
7570 42083 592 65.429389802998
7570 42121 576 69.0345174531122
7570 42290 642 61.9854277214739
7570 42437 600 74.5350540016079
7570 42517 674 59.0044185551426
7570 42529 598 68.3394223652886
7570 42612 640 57.3964273331879
7570 42811 690 63.3871188582057
7570 42934 664 76.0431313392327
7570 43263 600 59.9169284697697
7570 43280 594 60.821895131464
7570 43384 598 69.9336342492552
7570 43451 696 57.5333772511869
7570 43583 608 71.4966032055148
7570 43747 594 75.2147053974007
7570 43785 598 70.4020081996097
7570 43792 642 61.4171494373744
7570 43904 624 57.6464204384688
7570 44115 592 70.0927409365558
7570 44139 664 65.1399592570058
7570 44420 592 74.722603085426
7570 44633 664 68.1692032628466
7570 44864 674 64.4043303267509
7570 45266 600 71.7222232469191
7570 45352 608 72.7860755231499
7570 45416 664 76.1723761164775
7570 45456 674 66.0277756252122
7570 45496 598 60.6592620889233
7570 45585 610 72.1537610748657
7570 45803 600 67.4442335758671
7570 46025 696 60.8159284002593
7570 46066 692 67.4056804087859
7570 46211 626 68.2337416856113
7570 46288 640 64.6416158410042
7570 46441 664 57.4016196565203
7570 46496 576 68.7632094954486
7570 46496 592 75.2148734242731
7570 46507 598 69.0893190784668
7570 46533 600 66.030633384551
7570 46548 642 74.590650922544
7570 46707 674 69.7836540163606
7570 46709 576 74.558572917876
7570 46773 624 74.3749281061883
7570 46787 674 72.0269604018053
7570 46821 674 61.5149058758929
7570 46823 576 58.0379290963757
7570 46878 592 63.6500497440804
7570 46901 624 65.20836982532
7570 46950 674 75.1265407374575
7570 47050 626 63.1052217122
7570 47176 598 63.5584063785353
7570 47548 576 70.794743869077
7570 47704 600 58.5843423710676
7570 47709 674 59.6440227844176
7570 47730 644 76.4301848406781
7570 47739 626 57.7265738386848
7570 47762 592 58.2000006898898
7570 47882 692 73.0400483623324
7570 48014 674 76.3835228151713
7570 48128 674 66.4050415276153
7570 48295 594 61.5298233721132
7570 48320 644 65.0880190431821
7570 48470 674 68.7634045537569
7570 48472 600 62.1772201385916
7570 48483 594 58.1029492345261
7570 48733 664 74.4073748197619
7570 48748 664 65.852922575141
7570 49130 600 62.0117273775237
7570 49180 664 66.6728310738142
7570 49264 690 57.0081904312739
7570 49347 608 63.4601739183365
7570 49366 674 63.5163684657566
7570 49420 626 74.1935195581652
7570 49515 594 65.6324061808059
7570 49552 592 74.5718767031541
7570 49583 690 61.7476485625662
7570 49619 600 68.9193609635804
7570 49773 640 76.0883592630658
7570 49806 598 70.06735210744
7570 50349 598 62.6201334955196
7570 50421 594 75.3435343459611
7570 50491 690 73.7633509736987
7570 50526 626 60.9349748813169
7570 50595 642 69.1636567871231
7570 50819 576 61.0623884983871
7570 51156 608 69.7349541019941
7570 51642 624 71.0930294230501
7570 51642 664 58.5907317068991
7570 51798 594 59.5759932897692
7570 51819 644 70.6563550978096
7570 51825 642 62.9001509229495
7570 51900 674 74.202660580582
7570 51966 624 74.8674053810151
7570 52366 644 73.6398446673969
7570 52401 664 60.5045585820665
7570 52724 624 58.4258884580207
7570 52837 642 61.9306713145092
7570 53012 626 68.4450550636047
7570 53035 696 76.6740692147957
7570 53038 576 63.3977076800835
7570 53040 674 76.2851319488117
7570 53089 626 66.8556023025755
7570 53272 642 75.1869665905483
7570 53566 642 68.5179781328277
7570 53749 626 65.0262558356931
7570 53788 644 63.1207779702637
7570 54146 624 76.1159508521264
7570 54230 690 73.7807689854707
7570 54516 664 69.0793580511729
7570 54673 600 57.9674590703373
7570 54799 626 56.948807315516
7570 54814 674 69.2604952606644
7570 54866 594 68.5112596690011
7570 55131 626 68.0883006569284
7570 55220 608 68.9877801848012
7570 55269 598 76.0562027772552
7570 55320 600 63.8131842938738
7570 55443 600 63.7507081320613
7570 55820 642 60.1922113932818
7570 55890 600 69.4709162061564
7570 55903 594 67.48771867899
7570 55928 696 58.4763518980545
7570 56012 640 70.5390243875334
7570 56380 644 67.1704396221821
7570 56455 608 57.2216890457767
7570 56529 624 59.526690342881
7570 56542 690 66.1533910241424
7570 56576 674 57.6416692077659
7570 56625 576 57.1824298478406
7570 56698 598 58.6676716615542
7570 56927 608 75.7773119897933
7570 57004 624 56.7719810026648
7570 57035 576 72.3181628771257
7570 57039 690 68.992912380213
7570 57195 644 68.5227038715409
7570 57232 664 71.4270974889579
7570 57243 640 56.9582815332179
7570 57260 692 60.1186792478636
7570 57308 690 63.8384968842868
7570 57533 674 56.7766839284521
7570 57575 576 62.7554741596042
7570 57640 674 67.3564718400078
7570 57725 576 56.9461357628916
7570 57808 692 57.407557144228
7570 57811 600 57.6307830443724
7570 57845 640 69.9830322567918
7570 57957 692 69.9237352119865
7570 58128 690 72.6148412419169
7570 58496 594 57.850308648124
7570 58682 610 63.7832863602611
7570 58953 692 66.0639790944961
7570 59021 644 75.0993682423481
7570 59067 644 68.0690484224906
7570 59070 690 58.3534372915589
7570 59185 642 64.4614055715371
7570 59208 576 64.4572060480717
7570 59362 598 70.8695611733895
7570 59405 642 60.3731846312121
7570 59477 576 68.6478144444872
7570 59525 674 71.1454855755181
7570 59649 626 76.109140865774
7570 59861 626 65.7798277866896
7570 60208 600 66.6387033612472
7570 60328 624 72.0094309720329
7570 60469 576 75.6701591790357
7570 60521 576 76.5115441011186
7570 60530 642 76.1822347722335
7570 60582 624 57.4953860513245
7570 60723 598 58.6745531349543
7570 60750 594 61.2734956032098
7570 60757 674 64.3836354370172
7570 60785 664 58.7038476531956
7570 60787 600 68.772972786472
7570 60917 576 67.5260106929308
7570 60921 640 75.1980238616491
7570 61348 674 60.5908671436218
7570 61430 624 69.642001051935
7570 61781 664 70.1820277684488
7570 61846 592 63.499820620605
7570 61864 576 56.85149352126
7570 61956 600 62.8532748919306
7570 61965 644 69.4863896249247
7570 62028 626 76.1737553087309
7570 62168 594 73.2203593149418
7570 62272 664 73.2383570013952
7570 62315 626 75.2359236342731
7570 62351 626 58.6175364203587
7570 62367 690 74.2534753612019
7570 62444 664 71.9008890760709
7570 62488 674 75.1998949775987
7570 62704 598 57.0403076668427
7570 62790 640 70.817631035767
7570 63030 576 63.8523240320836
7570 63045 690 68.1035625816986
7570 63053 692 59.6465621983119
7570 63124 624 57.2876412097582
7570 63298 624 58.1220573123752
7570 63368 692 62.132745851661
7570 63455 594 65.9521632181897
7570 63484 576 57.61026084237
7570 63729 576 56.9136769722771
7570 63729 608 63.5296490300477
7570 63810 600 64.4083789009272
7570 63827 626 74.2670734580813
7570 63918 626 60.4314024866326
7570 63940 664 64.1949926190841
7570 63944 674 69.1361654431183
7570 64864 624 63.2390617198688
7570 64881 576 59.6690350564495
7570 64915 626 74.2831118677381
7570 64961 608 67.0132869214456
7570 65042 692 70.6058822177557
7570 65175 592 58.5136614028133
7570 65271 692 62.1039232863861
7570 65350 642 61.9291808421018
7570 65433 610 72.2590972296398
7570 65519 696 69.029086593843
7570 65551 592 61.8519527709557
7570 65634 690 72.1252481388168
7570 65722 576 67.2815940942536
7570 65869 640 69.7612282664073
7570 66029 600 76.2172785013769
7570 66049 600 59.7089152244862
7570 66078 600 66.559480790785
7570 66110 626 70.7126675635799
7570 66119 576 61.6848053320077
7570 66148 642 68.0833111729975
7570 66212 592 70.3758468569544
7570 66265 592 76.1099972018117
7570 66269 692 71.7471151467475
7570 66288 598 71.1129166860503
7570 66634 600 62.8472513282228
7570 66646 600 65.5890748423151
7570 66663 664 59.5633532249506
7570 66857 644 65.2081800014548
7570 67088 642 64.7894470071421
7570 67155 690 64.1294175912297
7570 67188 674 62.5792501218444
7570 67221 600 74.9586525711433
7570 67538 598 56.8390414743291
7570 67601 600 59.49847666508
7570 67819 642 70.3925608687054
7570 67844 624 57.8033637865435
7570 67933 600 56.7544609466011
7570 68026 610 68.9128596808583
7570 68249 594 68.4332158740561
7570 68294 692 76.1387500886958
7570 68319 608 69.7074529161984
7570 68551 644 60.9135990194532
7570 68744 576 73.2173094601852
7570 68790 644 73.853092398998
7570 68795 674 64.9483280211605
7570 68842 576 70.6675906569412
7570 68860 626 71.8185166842417
7570 68866 646 72.5995333062069
7570 68929 626 58.6072899212787
7570 68940 674 64.0304055914862
7570 68965 664 74.2361672533368
7570 69102 626 64.7939689148815
7570 69108 642 75.4485821740252
7570 69133 696 75.9764331283029
7570 69527 626 67.9656757778534
7570 69575 674 69.1073378615397
7570 70064 624 64.172049096555
7570 70097 640 69.7924906342519
7570 70099 576 72.8456395143969
7570 70129 624 59.8509921220528
7570 70131 576 67.3754596034022
7570 70177 674 72.4690959251337
7570 70252 576 71.0103099619672
7570 70284 576 61.9387041014125
7570 70294 594 60.3320129961699
7570 70360 600 62.6013776421422
7570 70437 664 57.5182408587961
7570 70482 624 73.6278134110577
7570 70571 598 62.7311553840077
7570 70578 626 67.9015263588762
7570 70659 624 69.1224235220285
7570 70666 624 72.4437799626246
7570 70816 592 73.8697702945543
7570 70867 644 74.3275080248709
7570 70893 644 65.5680033083191
7570 70919 664 68.1695768792538
7570 71168 592 71.4560824268907
7570 71171 624 71.619493002127
7570 71172 600 62.865008110956
7570 71444 626 76.1878126422614
7570 71537 690 67.4555784748167
7570 71714 624 58.9003713979562
7570 71778 674 75.6386189843068
7570 71823 642 65.2584198528258
7570 72215 594 68.6265601099576
7570 72224 644 70.0702133735747
7570 72450 598 61.6342373065089
7570 72711 626 68.7019019289339
7570 72718 644 67.1394248194424
7570 72814 598 57.5145924070259
7570 72893 642 68.8757164238338
7570 72901 608 70.3986750869535
7570 73663 600 69.2104825092725
7570 73668 600 65.3537036781379
7570 73903 594 60.7540638069602
7570 73918 690 59.5766803400733
7570 74132 592 66.3156224360958
7570 74184 624 75.1912187006129
7570 74336 626 64.40022969553
7570 74408 626 69.1349976675734
7570 74410 674 65.3290035870426
7570 74892 644 68.8521467471468
7570 75089 610 75.0496791801435
7570 75325 626 72.7053695784259
7570 75520 594 60.6042093669698
7570 75604 644 60.2522035875623
7570 75612 626 66.8049570972583
7570 75747 610 62.4010485329523
7570 75815 576 63.3610539480793
7570 75851 624 68.7346826727432
7570 75947 674 68.4054949628083
7570 75991 626 67.6421977929035
7570 76265 664 73.4750578283566
7570 76416 608 63.1776905681693
7570 76419 642 57.354386231528
7570 76510 610 56.9488872376737
7570 76540 598 60.0754932062463
7570 76543 576 67.8040057042431
7570 76615 674 74.6455907377217
7570 76885 598 64.0703992631985
7570 76957 594 69.3455276844741
7570 77005 692 57.6729460368949
7570 77139 674 76.284704963642
7570 77251 674 57.5050558254836
7570 77275 576 63.5384527686203
7570 77353 608 58.8921493073884
7570 77354 594 67.5798432635985
7570 77432 608 66.6336756929244
7570 77437 592 62.1936292649987
7570 77688 642 74.3625780059057
7570 77727 576 70.7259255158403
7570 77983 696 76.0774456406159
7570 78064 642 76.0969476887595
7570 78096 690 65.071888154857
7570 78174 692 64.831067392532
7570 78285 690 63.2008957939049
7570 78299 696 62.1366691701671
7570 78417 610 74.1318070638195
7570 78728 624 71.7181119080317
7570 78852 626 71.9009360542356
7570 78905 608 60.1588476100919
7570 79186 598 74.7870796573754
7570 79323 610 74.937571986944
7570 79431 592 63.7977079425582
7570 79765 626 59.3840089339253
7570 79772 610 71.612655146605
7570 80019 600 59.5776090613559
7570 80055 644 61.0927806549427
7570 80163 644 58.1541547113436
7570 80164 626 72.7472197650176
7570 80408 626 60.4433846957032
7570 80563 640 75.0625252418772
7570 80813 644 74.266942268075
7570 80838 624 76.6274516360451
7570 81025 594 62.9506576444992
7570 81063 626 65.9887132909593
7570 81495 624 76.2771266750615
7570 81643 644 71.2730033561466
7570 81715 640 67.6960850629642
7570 81884 642 64.9835032854312
7570 81940 594 73.7415086719549
7570 82018 626 68.574013341511
7570 82194 640 71.5519054463437
7570 82599 576 68.8492626395131
7570 82996 640 66.6091672856795
7570 83000 624 68.0608714984751
7570 83102 600 67.3772435858399
7570 83203 600 70.0228907694479
7570 83268 674 67.6810140162903
7570 83307 598 68.5503095196593
7570 83627 624 66.2909268564607
7570 83665 692 57.164539629912
7570 83704 674 64.1665649966307
7570 83720 610 60.1659381440757
7570 83761 610 59.833868870003
7570 83824 624 71.568005470651
7570 84069 600 57.0438400557533
7570 84076 626 63.7131303545227
7570 84142 664 72.3332730275743
7570 84277 610 75.6053906212526
7570 84280 624 75.82518166731
7570 84363 642 58.1296496713902
7570 84433 674 58.9222437520154
7570 84868 594 66.8917693398416
7570 84938 608 74.3194713219164
7570 85009 594 70.6885598390776
7570 85087 690 70.6768863128604
7570 85095 626 64.3483141741366
7570 85150 674 61.2386188638457
7570 85372 610 58.6863954027591
7570 85464 600 74.3984095587098
7570 85585 642 56.7714031975102
7570 85934 600 75.5022668278443
7570 85962 600 70.3878346328555
7570 86088 610 65.3446444532787
7570 86733 624 57.8690641726086
7570 86780 644 68.2998324589487
7570 86832 576 65.486528778748
7570 87002 598 71.2984636157754
7570 87134 644 76.6349713961037
7570 87211 608 71.655636671864
7570 87349 696 62.1375197741364
7570 87382 600 65.9673514453122
7570 87711 644 60.1081437396926
7570 87785 644 63.474633621412
7570 87868 640 66.041891332659
7570 87899 690 68.1335570629263
7570 87934 608 73.7109171183592
7570 88118 600 68.4758785052909
7570 88211 576 76.6844706831163
7570 88241 626 58.493133315061
7570 88754 674 70.9391163003617
7570 88805 626 65.432036027359
7570 88952 600 73.0435416273603
7570 89040 608 66.1316035871591
7570 89153 644 61.8455565673043
7570 89204 624 66.3530461098288
7570 89307 598 61.9765636386544
7570 89405 674 65.0895069304955
7570 89553 594 69.762680404487
7570 89557 644 72.351216354031
7570 90198 600 58.7060342600082
7570 90203 598 72.791866074008
7570 90203 692 75.0246091350659
7570 90523 624 62.0156496356974
7570 90580 690 67.8649183091913
7570 91373 690 75.570824432722
7570 91636 674 65.0161555738684
7570 91678 598 70.7323793410866
7570 91734 640 61.9890619684049
7570 91937 642 62.3974364036431
7570 91957 692 73.1213384470491
7570 92122 594 56.8130535119278
7570 92182 600 66.3147813912966
7570 92319 626 74.4574674518737
7570 92352 594 57.5881240930569
7570 92384 640 62.1864989030933
7570 92802 610 63.0863890161929
7570 93099 644 61.5023252964092
7570 93215 600 62.7469115545398
7570 93417 576 57.0633498749783
7570 93622 598 60.0292557311381
7570 93626 690 62.0977753788862
7570 93955 644 74.919904507924
7570 94217 624 62.7636041950146
7570 94315 692 65.7429976784173
7570 94324 696 70.448618377614
7570 94394 640 57.4026426135073
7570 94748 600 65.3538017446743
7570 94805 608 57.6606126239423
7570 94839 692 67.9416555738355
7570 94849 576 58.0016020360319
7570 94854 610 63.9342867323014
7570 95010 642 69.6302672978297
7570 95038 690 75.4185242164864
7570 95060 674 73.5806516466532
7570 95093 576 65.8677558611476
7570 95320 692 57.6344371861805
7570 95361 576 73.1953628128759
7570 95687 608 58.4921152536918
7570 96006 624 75.2225814077184
7570 96008 664 64.6715451177603
7570 96254 608 73.4232062287412
7570 96710 644 63.5539980272442
7570 96916 624 60.198991653269
7570 97332 644 61.6393022649458
7570 97618 600 56.8135872653249
7570 97840 674 69.8136443279954
7570 97876 642 74.3617521520921
7570 98023 576 64.3841409182416
7570 98448 690 65.7582298094138
7570 98485 624 69.5156567486028
7570 98540 598 61.7969734365285
7570 98601 674 64.7945122289249
7570 98633 644 57.8805818241998
7570 98894 664 69.28995665924
7570 99310 608 74.1192586834155
7570 99384 626 75.9571234300887
7570 99391 626 72.3745180926732
7570 99416 624 68.8338145514818
7570 99733 690 71.8366251737529
7570 99818 696 63.6571821912094
7570 99991 664 58.8562696429247
7570 100065 642 57.6661438117789
7570 100122 690 66.0942777339642
7570 100251 624 70.8329844416607
7570 100332 624 73.7285497955997
7570 100362 640 74.3376780013535
7570 100480 690 63.3472141708775
7570 100809 576 74.3041449486391
7570 100834 598 59.8548964360275
7570 100888 642 62.9220485320022
7570 101041 600 61.2151868914539
7570 101194 644 71.2742580647838
7570 101399 594 62.7459440830438
7570 101470 598 73.376913784195
7570 101524 576 66.3777003336385
7570 101706 674 74.4243044269667
7570 101730 598 66.8602098832133
7570 101769 576 73.4215938900328
7570 102206 642 71.2942368494897
7570 102251 642 75.8042125862686
7570 102454 626 74.4826084691234
7570 102520 608 59.4769663332626
7570 102545 664 72.7794099599615
7570 102717 608 62.5924291155345
7570 103170 644 73.0747696452289
7570 103283 600 63.0301109322144
7570 103331 624 63.1933535851856
7570 103408 576 70.2168944870279
7570 103449 610 65.6621893476787
7570 103566 608 60.1845631840097
7570 103669 674 68.6853870740311
7570 103709 610 72.2067784597472
7570 103789 624 60.9165098057962
7570 103886 642 63.5846725208403
7570 103996 594 57.4038107457959
7570 104054 576 69.4714560846423
7570 104223 594 68.4972314200501
7570 104280 600 61.7789229835789
7570 104403 624 75.5389557494702
7570 104456 664 70.65209542342
7570 104525 640 58.6209278297877
7570 104640 644 72.7314711415816
7570 105051 576 60.70079156954
7570 105277 592 72.659451583988
7570 105356 674 68.8478545841702
7570 106110 600 59.6451766596334
7570 106125 674 75.2635901195598
7570 106856 642 69.5980655459433
7570 106883 624 74.3924746120413
7570 106948 626 67.0625847250409
7570 106963 576 57.2195380896339
7570 107134 600 72.3565899427629
7570 107137 594 72.5090185217013
7570 107243 644 60.0959783742686
7570 107247 610 63.8181571780517
7570 107327 594 69.5618962110221
7570 107572 626 59.1831190533352
7570 107581 644 60.4004928822256
7570 107584 642 76.4543542910561
7570 107719 594 69.3122567789489
7570 107797 626 67.8410407585778
7570 107871 592 72.0253894288643
7570 107942 626 73.275509921247
7570 108100 674 57.0183269681494
7570 108127 664 72.3715026572888
7570 108309 664 69.310849057807
7570 108445 642 67.4786895168601
7570 108742 624 59.5536160575859
7570 108743 592 70.3537293373324
7570 108743 640 72.2096814446072
7570 108853 600 73.641305932791
7570 108943 642 64.7224284845682
7570 109036 696 66.8727126999703
7570 109066 692 60.5744985519652
7570 109222 642 62.4980918539185
7570 109413 594 66.4932297716555
7570 109420 664 64.1563692262988
7570 109561 600 74.4820630167748
7570 109821 642 60.4136485236565
7570 110112 644 74.5889987626119
7570 110169 696 76.4042124168809
7570 110221 610 73.8835979815566
7570 110648 674 76.319338934526
7570 110780 690 73.4748417485997
7570 111032 664 75.9792054377707
7570 111412 598 75.0509081917634
7570 111608 696 60.4489754722586
7570 111611 600 70.053412722656
7570 111644 640 59.5039952254078
7570 111674 598 63.0542100228108
7570 111712 598 67.9144238604679
7570 112067 608 58.5713869748055
7570 112211 576 61.2811976157838
7570 112225 626 74.4197249289669
7570 112632 674 58.2288708838984
7570 112690 640 70.0826017015033
7570 112743 600 69.0015259605094
7570 112761 644 61.6699736711221
7570 112875 594 64.1929974206935
7570 112983 626 59.5186705636699
7570 113022 692 73.7212497065956
7570 113195 664 57.2516291993003
7570 113463 690 72.079349874306
7570 113728 626 67.6707938964456
7570 113755 644 66.242860681622
7570 113851 696 73.0281426583283
7570 113972 674 57.5081574385634
7570 114369 610 71.2427846489982
7570 114438 640 61.1706672204108
7570 114451 644 71.9609174758202
7570 114536 690 63.6777370035884
7570 114663 642 69.1964520142481
7570 114690 674 74.814598097141
7570 114729 674 75.1239024912686
7570 114851 690 76.4983785774657
7570 114933 610 63.7107558027254
7570 115119 576 75.3776122050642
7570 115130 624 75.4361894267665
7570 115203 624 74.7846651031886
7570 115319 598 71.3841681346807
7570 115347 640 70.966152173137
7570 115559 598 57.2603779255355
7570 115578 674 75.9722087598575
7570 115730 594 68.9189658805306
7570 115734 642 65.8880391540558
7570 115766 644 58.0579008681271
7570 115814 644 76.1256315673995
7570 115892 610 72.3866516688843
7570 116361 598 73.2733194151683
7570 116630 608 65.396256660186
7570 116725 592 68.5931787639094
7570 116769 696 66.6605720344243
7570 116783 594 72.3516321821246
7570 116989 642 76.5271204918789
7570 117053 696 70.6938844941603
7570 117115 642 65.1194148373763
7570 117158 642 70.1790434772323
7570 117378 600 73.4775722978927
7570 117386 608 72.377169363767
7570 117687 644 69.1821117923191
7570 117851 674 62.8057843504679
7570 117882 626 61.4641253481945
7570 117886 674 74.1016462082537
7570 117933 592 61.8885144601818
7570 117988 600 65.5024478644451
7570 118154 690 73.1107538329482
7570 118223 624 63.0329606286715
7570 118431 642 70.3520270985715
7570 118607 674 75.5434454390323
7570 118698 600 74.1055352998453
7570 118728 600 72.2952066710315
7570 118769 642 69.4058823397826
7570 119339 642 67.089205920107
7570 119448 644 68.8860794923704
7570 119765 674 70.0211645073515
7570 119807 640 64.4334533832538
7570 119983 594 63.5413464946462
7570 120008 626 73.5322253138261
7570 120053 644 74.1499017409644
7570 120137 600 71.1576694218539
7570 120195 608 59.7017926637189
7570 120259 674 69.7559281614366
7570 120266 624 69.2444810618407
7570 120268 642 73.3188082505526
7570 120341 640 74.9387705524237
7570 120342 664 67.1108127695059
7570 120380 624 71.524152824847
7570 120425 576 57.1994834555735
7570 120498 600 58.9978147237585
7570 120523 664 59.3857168676187
7570 121028 598 64.4793809254874
7570 121065 624 61.8507535636156
7570 121171 674 75.6269798566722
7570 121181 640 73.222990042661
7570 121310 690 60.9918220054778
7570 121336 598 76.6757154618758
7570 121434 592 68.2853592214197
7570 121783 696 66.657760373971
7570 121803 674 66.8999823829498
7570 121808 644 57.6746641291811
7570 122111 674 75.8689514750232
7570 122216 626 73.8705191041426
7570 122242 608 74.3490552001146
7570 122266 640 74.9059535370972
7570 122272 608 64.4028068692348
7570 122533 640 57.4679209684156
7570 122552 592 74.4739608707057
7570 122901 598 66.6320013652977
7570 122985 624 59.9452934882798
7570 123040 610 73.0761626078838
7570 123041 690 74.3995724661202
7570 123119 626 57.546067876002
7570 123144 696 62.8905492435945
7570 123301 664 70.6254156022829
7570 123549 664 56.7296065514613
7570 123631 608 71.4151381498558
7570 123652 690 63.7443637483778
7570 123734 600 72.9656632450577
7570 124122 608 70.933949811304
7570 124517 592 71.7182137752978
7570 124685 626 62.3779657344443
7570 124705 626 66.8044157070238
7570 124789 608 64.0172368384026
7570 124802 692 61.1437922823212
7570 125224 624 74.9778950488142
7570 125742 642 69.8127925301056
7570 125984 576 61.3289441718144
7570 126023 664 73.5387402637067
7570 126068 576 57.1580976394618
7570 126114 592 64.337918019849
7570 126393 594 74.4225761570367
7570 126604 594 69.9749852634693
7570 126667 592 66.9019492465676
7570 126782 696 67.2735899299835
7570 126840 690 59.8775241131248
7570 127183 624 64.9052476066861
7570 127262 674 60.026491814467
7570 127270 642 65.4218872022547
7570 127358 598 73.940729125426
7570 127359 644 75.4588505332836
7570 127385 696 58.9345522543887
7570 127533 624 64.956353763456
7570 127570 690 62.8514623331752
7570 127616 624 58.3680909977135
7570 127743 624 63.4659624504348
7570 127835 692 67.8891769909936
7570 127869 642 68.1966726462034
7570 127954 626 70.6263425171527
7570 128079 642 72.2860060907509
7570 128093 674 57.0316648223952
7570 128171 600 73.2098102642571
7570 128374 674 68.8093850810903
7570 128384 608 70.7250684965468
7570 128491 624 60.75618774676
7570 128648 624 73.4224253326033
7570 128696 600 73.5288384728188
7570 128706 598 67.3895564275222
7570 128900 664 75.8363111864501
7570 129031 576 72.2485737000299
7570 129068 594 58.0978144113972
7570 129299 626 57.6077676387683
7570 129432 608 63.9491437473092
7570 129467 624 67.6861734465558
7570 129557 674 63.4348768944061
7570 129630 576 70.8209769677271
7570 129649 600 65.6860790760914
7570 129775 664 61.3166503894677
7570 129911 642 56.8538740796044
7570 130151 644 59.3170440091147
7570 130158 674 62.5443642002948
7570 130453 624 67.7153951181465
7570 131092 644 62.2294776542384
7570 131118 610 73.4298977044703
7570 131355 696 65.9414293717037
7570 131564 610 68.5244963517926
7570 131694 610 65.3143345124816
7570 131698 624 63.5345395510673
7570 131846 626 75.5855315034096
7570 131859 640 71.3910661041654
7570 131923 664 76.1898717399353
7570 131947 642 59.602701339656
7570 131983 624 64.6171064082831
7570 132022 690 62.480283305729
7570 132365 594 63.1386393470093
7570 132399 674 65.8973288079434
7570 132408 600 65.0587110171135
7570 132542 598 60.7601222354351
7570 132606 674 58.8429224809358
7570 132688 600 66.6693955078539
7570 132697 600 58.9851598729448
7570 132878 610 60.7628873049745
7570 133063 598 74.7062212664447
7570 133065 674 60.4308181452889
7570 133155 626 68.475470809304
7570 133242 576 58.0730402216466
7570 133749 640 57.735622425763
7570 133763 598 61.5075070787387
7570 134210 600 74.9373080044258
7570 134252 626 72.4562877919648
7570 134275 674 72.7445964784863
7570 134279 608 63.9209978379812
7570 134334 600 69.2084773542641
7570 134546 576 62.9913944928788
7570 134599 576 62.6730435798194
7570 134724 644 62.1110567411926
7570 134836 600 57.1130317350194
7570 134952 642 71.7797933369546
7570 135197 576 71.1103505465195
7570 135315 626 75.2434149952959
7570 135855 626 60.7115706853831
7570 136129 594 63.0074083882126
7570 136375 610 60.07094648837
7570 136376 576 71.1503566642834
7570 136464 594 60.163887935967
7570 136523 610 76.523928233884
7570 136529 626 62.2520028458788
7570 136534 576 58.2745964875199
7570 136688 598 58.186877386998
7570 136932 642 59.0884890381771
7570 136935 626 66.2683624995462
7570 137076 598 75.6336703900094
7570 137216 598 64.7093400720999
7570 137241 594 68.719498829251
7570 137605 624 68.7009212490597
7570 137848 608 57.0352996218053
7570 138018 600 58.8173282169968
7570 138106 642 74.3786451626884
7570 138198 626 62.6681999642597
7570 138241 690 65.7795939003046
7570 138276 664 73.9997218505231
7570 138528 624 73.3000326466041
7570 138648 600 68.9003591600202
7570 138906 696 59.7904029769037
7570 139013 598 59.9552521754361
7570 139141 642 64.2709748253022
7570 139175 576 73.9148259402125
7570 139622 600 65.2611025877463
7570 139712 600 60.0883689943638
7570 139947 592 63.6960919323629
7570 139948 626 69.2390904414039
7570 139985 664 76.1024378286193
7570 140061 624 69.8399454486273
7570 140093 644 66.3958283040521
7570 140204 642 58.0210464259204
7570 140293 608 68.2187859620318
7570 140511 690 59.4389841413091
7570 140856 626 57.6904957572801
7570 140893 640 70.7248503018678
7570 140954 674 59.0347926709698
7570 141096 624 63.8654586770432
7570 141254 674 63.3547418058648
7570 141368 600 58.3884638445829
7570 141620 608 72.789292049335
7570 141776 642 63.1159991635192
7570 141826 644 66.3425756960904
7570 141882 664 72.1317126060496
7570 141932 598 67.1239761712742
7570 142050 696 70.4667582605186
7570 142238 624 56.8992337499569
7570 142710 592 75.6286862442087
7570 142735 598 73.1966576367402
7570 142801 664 64.9074032393518
7570 142883 690 62.0877467784078
7570 143058 640 60.7098562962833
7570 143541 642 74.6986850015813
7570 143661 640 63.5399347218995
7570 143811 626 58.7664554433368
7570 143840 696 67.7111841513252
7570 143974 664 69.4097762151235
7570 144002 696 65.70626520331
7570 144136 696 65.0278504612662
7570 144187 674 73.7286006304626
7570 144286 696 74.9006927376875
7570 144378 594 71.1126013788495
7570 144525 600 67.8964556022226
7570 144650 576 74.0810072020031
7570 144740 624 72.648108890459
7570 144794 626 60.5542152006031
7570 145058 608 73.6658629037385
7570 145244 598 58.25316777982
7570 145259 642 69.6075612731723
7570 145270 626 75.4889136714847
7570 145455 626 69.9218398479764
7570 145714 600 74.085815667771
7570 145789 594 76.3827963248358
7570 145969 624 73.4406019674189
7570 146078 644 57.4641375334762
7570 146213 642 69.706376895665
7570 146251 664 72.7016372660509
7570 146326 690 69.2236755663534
7570 146363 576 57.287646737982
7570 146478 600 70.8541523602065
7570 146721 690 65.7903792607479
7570 146830 626 71.211257946259
7570 146851 610 76.1079449669722
7570 146960 594 63.1404131781283
7570 147238 600 67.6178388263739
7570 147900 592 73.197488964523
7570 147905 576 73.398100439408
7570 147909 624 63.3660616961139
7570 148231 608 66.6432477128913
7570 148372 576 64.989270106676
7570 148624 594 74.9239298330634
7570 148951 592 71.430535963107
7570 149128 624 75.937460500763
7570 149171 576 56.827878229689
7570 149204 626 69.8006226413845
7570 149431 690 75.80940787915
7570 149433 664 64.1374831788416
7570 149618 674 71.5015931968206
7570 149624 600 72.1658624004106
7570 149636 644 69.3757625203992
7570 149883 644 75.9647762550122
7570 149932 644 73.2184440198587
7570 149991 626 66.9789110617961
7570 150061 624 57.4915601472907
7570 150372 600 62.9584118449586
7570 150400 592 57.3675866151984
7570 150731 696 66.8577517634295
7570 151063 608 65.2361532263086
7570 151093 624 58.6784049560799
7570 151170 598 61.7587259602284
7570 151309 576 75.0985380559476
7570 151524 592 69.0089202442587
7570 151543 624 60.9976947012995
7570 151699 576 72.8144319700011
7570 152069 692 73.0495067282515
7570 152327 664 59.0630152615795
7570 152544 664 67.1993469451105
7570 152766 608 57.1371248446454
7570 152835 642 66.4240454225778
7570 152840 674 72.4399176196589
7570 153121 624 68.957467947669
7570 153625 692 76.0870802491081
7570 153746 696 58.5765824599113
7570 153894 626 68.1569886380428
7570 153951 626 76.310802237788
7570 154041 664 66.1330363655039
7570 154096 642 75.2924617338592
7570 154210 624 71.2102999559621
7570 154217 674 76.2655605545213
7570 154270 576 71.8634105498699
7570 154395 640 60.4792115444897
7570 154454 664 59.3642162127407
7570 154640 600 75.8536342606069
7570 155034 674 72.2281142442074
7570 155052 624 63.6860013889388
7570 155138 690 70.7169450179181
7570 155383 600 67.3546376888542
7570 155466 576 71.6082285668757
7570 155915 600 70.7426874782773
7570 156080 600 63.4882182915635
7570 156206 594 66.7823092986928
7570 156245 644 62.0316982863599
7570 156318 624 71.8338518256534
7570 156363 576 69.4822675563616
7570 156565 664 63.946906227723
7570 156819 626 67.0903259254655
7570 156823 592 72.803461701503
7570 156922 696 64.4459472477367
7570 157044 600 60.7905859455897
7570 157075 576 71.9469249966927
7570 157078 644 60.83457714647
7570 157162 626 66.6318407158201
7570 157198 608 74.7373701565392
7570 157317 644 59.7216061608174
7570 157325 610 58.4081501144867
7570 157558 664 64.0314892606272
7570 158087 642 68.7496394095607
7570 158156 576 67.5875537848123
7570 158438 626 71.9743712558779
7570 158478 624 63.523622470293
7570 158880 626 60.6557586994364
7570 158901 626 64.6323339211594
7570 158922 644 58.1302375617877
7570 158926 624 60.9756205633506
7570 159116 576 56.9512911049263
7570 159171 576 64.734452094381
7570 159247 610 73.8900630626506
7570 159418 624 61.3613069971045
7570 159547 664 69.1247208371232
7570 159667 626 69.0941963775502
7570 159952 642 65.6810469657951
7570 160333 674 68.5415493173846
7570 160354 664 74.4795083968348
7570 160378 690 63.6808965552742
7570 160431 598 66.9535414070307
7570 160461 576 75.0090238649367
7570 160529 674 58.8459067136725
7570 160609 696 61.7724743381272
7570 160628 598 69.717358556476
7570 160677 600 73.3340652582147
7570 161162 674 75.3052014835437
7570 161492 624 75.7321637871077
7570 161597 608 66.0688993945568
7570 161833 674 56.7246285625638
7570 161871 624 67.8242170339133
7570 161923 624 67.1157400391876
7570 161937 600 71.2484125190423
7570 162088 690 63.5741439548244
7570 162133 674 66.196959592843
7570 162307 576 60.0292592849668
7570 162699 644 58.7536883518385
7570 162755 598 75.5172965571765
7570 162884 598 73.5762303739923
7570 162977 592 65.8519120113486
7570 163083 674 62.6648446207274
7570 163116 624 67.4983136632126
7570 163420 576 68.1568278631289
7570 163728 598 73.9101329716044
7570 163852 674 75.7729436455041
7570 164138 642 58.1414802806006
7570 164162 642 67.4484202975558
7570 164629 642 71.8300238053869
7570 164692 692 74.3756582281593
7570 164813 690 62.8817035798853
7570 165048 598 60.5355053694194
7570 165055 674 59.5408135879032
7570 165080 624 71.9043179989559
7570 165129 594 64.3964576092467
7570 165170 610 60.6016108353348
7570 165187 626 65.6032501334027
7570 165277 608 68.9223049244042
7570 165354 600 61.4487367696511
7570 165376 598 62.2000612696268
7570 165379 664 64.3703017316372
7570 165425 626 68.5737949249399
7570 165643 626 68.0137088915988
7570 165652 600 72.7169729493385
7570 165847 626 58.8358581410807
7570 166137 608 69.3535555850319
7570 166154 642 67.2967778543864
7570 166158 624 57.8105120854285
7570 166258 626 68.1282669803069
7570 166264 674 76.1948917508635
7570 166288 626 75.3293088768419
7570 166375 600 69.030959635917
7570 166378 674 74.5967690956112
7570 166381 696 56.9218785214659
7570 166461 592 64.6047992343413
7570 166795 642 73.8745578487372
7570 166922 696 59.119568510947
7570 167030 624 73.5593343807017
7570 167052 592 60.1706772444731
7570 167203 674 58.7520486090825
7570 167284 598 68.4172487066968
7570 167356 598 71.334118652609
7570 167363 598 75.5838461814933
7570 167710 696 72.5706490439532
7570 167722 592 61.6907346979749
7570 167950 594 69.1887952936544
7570 168054 674 73.2331269702172
7570 168208 598 58.8658524236894
7570 168435 644 59.0666763047844
7570 168457 610 75.3004006586208
7570 168570 644 71.7626564672724
7570 168657 664 66.7986903017465
7570 168692 576 62.9099544315655
7570 168926 610 61.3800537194009
7570 169159 576 67.2477812119362
7570 169209 644 71.2146135295255
7570 169477 624 75.3324483581679
7570 169489 624 62.9989611318033
7570 169530 598 65.2210998963824
7570 169741 598 74.3869934481895
7570 169820 642 60.7958164386123
7570 169852 598 67.1260530311423
7570 169960 664 64.4756949692527
7570 170030 600 69.9285902877138
7570 170232 640 58.9717066187465
7570 170340 624 75.6507128646374
7570 170485 626 64.4478975459108
7570 170515 640 70.5090121337695
7570 170584 594 76.2080953346764
7570 170586 674 76.5865206439053
7570 170605 624 61.7942418513877
7570 170608 600 69.6391466419781
7570 170776 640 63.3948676767753
7570 170798 624 62.9282617631653
7570 170856 644 68.6105025966035
7570 171046 644 58.2428916387349
7570 171155 600 57.1526271764825
7570 171238 594 73.1735818257256
7570 171298 642 63.6878957038892
7570 171339 644 74.6343029630962
7570 171369 598 74.241195035037
7570 171507 598 65.1760656422051
7570 171635 696 62.4490520094141
7570 171681 642 56.8285058177917
7570 171800 626 72.8787084909291
7570 171829 642 67.1866344198046
7570 172126 642 69.3881343336175
7570 172306 696 75.4265982074052
7570 172313 592 65.0461878703865
7570 172489 626 57.4334734407785
7570 172509 576 69.6704215593606
7570 172580 598 69.1589361827221
7570 172691 644 62.3938058291885
7570 172711 598 58.1686900004178
7570 172808 610 70.5393932433489
7570 172914 642 73.900847863197
7570 173049 624 67.9528520414508
7570 173175 608 63.967704047774
7570 173217 608 64.7267138673223
7570 173230 696 59.3378574861098
7570 173239 690 64.9948332590463
7570 173484 644 68.5237419885383
7570 173521 600 67.6153458915203
7570 173685 600 68.7639668522049
7570 173827 594 71.7172077569583
7570 173880 600 69.1756197810244
7570 173908 690 63.8704694917386
7570 173912 592 58.957769047542
7570 174103 608 66.9875515540375
7570 174166 690 56.8342190211887
7570 174368 644 67.2452309802697
7570 174395 600 61.5137796812492
7570 174490 696 71.9039043319267
7570 174736 624 60.7471485702927
7570 174800 608 73.6891077634698
7570 174828 576 76.2940882509161
7570 174828 642 66.1871494318785
7570 174851 674 68.0189994781948
7570 174892 696 69.6854174708118
7570 174971 642 63.3845875225416
7570 175331 644 61.3216598101383
7570 175411 600 67.8123070386023
7570 175451 608 61.4893093548768
7570 175537 642 76.1670194607466
7570 175640 674 74.6448225854516
7570 175669 576 64.8763526267624
7570 175706 642 64.1718385661264
7570 175749 626 71.206758090547
7570 175832 674 69.779830604402
7570 175930 594 66.0553166971018
7570 175968 576 59.0150652851767
7570 176325 594 61.3452562786089
7570 176325 696 67.0231940081056
7570 176497 674 58.6072408265454
7570 176556 674 60.7482507690273
7570 176599 674 73.6959490717772
7570 176642 664 62.6189169788719
7570 177277 608 70.6431123606606
7570 177747 576 65.3647212291308
7570 177806 576 63.2207965033609
7570 177836 664 66.8182244500663
7570 178017 610 71.1809248759003
7570 178024 598 57.412118202228
7570 178086 624 70.2696469497089
7570 178087 598 74.0095783563652
7570 178185 692 73.6379324072003
7570 178320 640 63.2924414834274
7570 178584 610 57.1341453786727
7570 178788 664 67.4179682335686
7570 178881 594 59.5825395918335
7570 178891 598 59.4515508315398
7570 178981 592 64.5988415009273
7570 179061 592 73.5149348677887
7570 179216 674 63.4041049870454
7570 179382 598 73.2657442680775
7570 179601 640 68.7670504946473
7570 179618 624 63.9458441957709
7570 179690 642 65.8459100373171
7570 179705 592 64.7897646440055
7570 180021 644 65.8082265900102
7570 180191 594 74.3333912236058
7570 180233 594 69.8148533552439
7570 180272 600 63.6468926780858
7570 180275 598 65.8247849572739
7570 180349 644 62.3209869253646
7570 180488 640 71.4011121839698
7570 180535 592 63.7740847155966
7570 180673 642 60.8976944212087
7570 181049 598 65.3916210815741
7570 181062 600 60.572263530721
7570 181125 690 58.8809529063137
7570 181267 594 58.0451482537334
7570 181396 594 76.3570212198774
7570 181486 576 75.6814560763354
7570 181729 696 58.9325661268315
7570 181987 608 58.5792317958547
7570 182024 696 66.8479441196807
7570 182046 592 61.7662392437991
7570 182092 598 57.9683755315946
7570 182151 626 58.8576927678487
7570 182309 600 64.4522047727538
7570 182450 576 75.2885201950198
7570 182857 624 60.5238030085041
7570 182895 644 73.7059995532548
7570 182920 608 65.8617926779948
7570 183046 696 65.0602141210893
7570 183110 640 75.1757495745272
7570 183241 624 59.89852723343
7570 183313 642 64.4867227393371
7570 183467 690 56.9615790878873
7570 183582 696 57.4110939303047
7570 184007 600 61.7096779562909
7570 184040 644 57.104742627673
7570 184162 598 69.6776588643758
7570 184396 690 61.3961516490847
7570 184460 642 75.7781994376438
7570 184552 644 72.3642577768428
7570 184764 608 57.9513195278416
7570 184885 626 76.1949502307429
7570 184889 594 62.9487547299397
7570 184924 626 59.77073914846
7570 184971 626 64.0557778315872
7570 185043 664 69.1671223235995
7570 185149 644 72.7690565517702
7570 185156 610 74.3137695272918
7570 185262 576 72.9992297711194
7570 185448 576 65.6170924272206
7570 185497 642 57.2243396392704
7570 185599 664 73.0150424714407
7570 185675 642 64.591605067945
7570 185935 610 73.2177140585919
7570 185977 576 62.3126735745354
7570 186005 644 66.9970512822815
7570 186008 692 71.1400893408955
7570 186013 598 75.4945607733779
7570 186099 592 69.8162705464487
7570 186181 696 60.3125393659747
7570 186239 624 73.3205627550485
7570 186254 600 69.3073729363312
7570 186282 640 68.882406010732
7570 186567 642 65.7636369675971
7570 186626 626 66.4749365647358
7570 186860 624 59.2484454632684
7570 187067 600 71.4582923170561
7570 187245 626 64.1871383367997
7570 187322 624 71.2550076628457
7570 187363 600 76.3850748054153
7570 187521 664 73.0319975097137
7570 187578 640 67.2411431656493
7570 187701 696 65.9122716888255
7570 187717 624 60.5246598189167
7570 188320 690 58.4339466463743
7570 188345 640 66.698891251638
7570 188356 592 76.1975844312567
7570 188397 598 63.8038209128624
7570 188399 690 72.4468749058816
7570 188540 576 64.7866208466884
7570 188619 576 68.6980818186
7570 188702 576 71.6382319902509
7570 188762 690 75.8851745776812
7570 189204 664 76.0374631241607
7570 189363 600 74.0202210623779
7570 189367 608 73.5943909834532
7570 189470 576 76.2300622399733
7570 189471 644 63.627504148703
7570 189556 690 61.4169984431913
7570 189591 594 71.8225187443457
7570 189594 626 73.193124254027
7570 189689 624 59.7267415052975
7570 189897 594 66.3866693387357
7570 190198 624 74.0684290787444
7570 190423 664 75.3183608999616
7570 190427 624 73.6026112198839
7570 190491 594 60.6479307270992
7570 190568 664 66.1272615302484
7570 190582 626 63.0348551410979
7570 190643 624 58.3959106085167
7570 190657 610 62.4465580789367
7570 190800 696 70.5413489846671
7570 190829 692 68.1804074267166
7570 190953 690 71.602962809574
7570 191224 644 65.1412011252148
7570 191244 696 61.6930579915011
7570 191353 644 65.7554937782827
7570 191433 626 65.9732250085559
7570 191508 674 67.834668320058
7570 191541 608 60.1050324207813
7570 191610 642 63.204111463706
7570 191750 664 61.6155309678664
7570 192002 690 59.6386298669841
7570 192041 610 65.8860829593904
7570 192096 644 74.543239173891
7570 192352 608 57.305081301514
7570 192440 626 62.1085486866425
7570 192544 626 71.4157790872901
7570 192782 598 60.5033228853707
7570 192834 626 60.1388486282202
7570 192911 644 59.1443674773069
7570 193045 598 68.8698508151965
7570 193061 594 72.3874633360727
7570 193160 640 57.9649218443872
7570 193316 592 57.590820299218
7570 193356 610 76.1687702727564
7570 193372 624 73.7312800040428
7570 193472 594 69.8604434801284
7570 193758 642 57.6762033346629
7570 193900 642 69.661912109648
7570 194020 664 57.5405943812481
7570 194051 626 66.7669043273673
7570 194200 576 67.5449711063609
7570 194211 626 65.2973992801185
7570 194256 598 69.3947109661806
7570 194419 608 61.1475980579312
7570 194426 610 71.0720331742731
7570 194441 642 63.7291327014891
7570 194753 576 62.447642454078
7570 195050 696 71.4915617025164
7570 195122 608 72.6427775280785
7570 195270 690 56.8311373876648
7570 195300 692 68.0003736680103
7570 195319 592 70.2533152921587
7570 195368 642 73.6776452967446
7570 195402 692 73.1837744689787
7570 195416 690 63.8001318640253
7570 195419 664 69.3579528467013
7570 195499 692 74.8407904325817
7570 195664 592 73.3836160621092
7570 195702 598 68.0109878443743
7570 195730 576 65.5515732042135
7570 195742 690 72.4924973509025
7570 195748 600 66.139582247286
7570 195752 576 57.2993732320881
7570 195905 594 62.3886077512015
7570 196082 576 70.0483043539058
7570 196147 624 60.7034674908276
7570 196286 692 65.4988679305294
7570 196335 674 57.2921843411582
7570 196522 690 72.0122286955832
7570 196559 576 59.4995572972692
7570 196765 610 65.5468412664652
7570 196901 576 61.9562719206737
7570 197071 642 61.4848305205154
7570 197397 594 64.4489489661508
7570 197432 576 68.9354648961266
7570 197453 626 76.4744512492012
7570 197460 642 59.1735974413754
7570 197506 576 75.9103748348032
7570 197546 664 65.3256495466274
7570 197765 626 75.7023926344121
7570 197895 626 75.4264788863775
7570 197899 626 63.5963481353712
7570 197964 644 70.3416909600002
7570 198021 664 76.5499265015743
7570 198080 592 73.0708114789977
7570 198214 692 71.6958789918026
7570 198292 576 76.298660221405
7570 198354 626 66.1477247285314
7570 198359 610 68.4254606897977
7570 198402 626 62.247068358234
7570 198409 640 66.668915974943
7570 198480 624 75.599068234291
7570 198492 592 74.0722495001894
7570 198588 644 70.3141639154765
7570 198675 644 72.482806963369
7570 198699 576 73.8871086607498
7570 198708 600 73.4234673113693
7570 198823 644 60.8274858492081
7570 198895 644 59.8706397500285
7570 198949 696 72.5734182028353
7570 199039 696 72.6031186345145
7570 199046 592 74.887487086919
7570 199066 664 62.015997770591
7570 199116 644 63.3562150362456
7570 199146 610 66.3205864141627
7570 199174 598 69.7496287483117
7570 199205 624 70.9897330575205
7570 199235 644 57.3873806083557
7570 199491 624 63.2884906550838
7570 199583 644 69.4635892289578
7570 199599 594 75.8775727975639
7570 199660 598 72.9367479247971
7570 199666 600 60.275420461428
7570 199710 626 59.9844285017293
7570 199710 692 59.9847074100343
7570 199758 576 72.7469760446776
7570 199894 624 64.437067868502
7570 200109 674 60.8422159012653
7570 200276 576 65.096102355785
7570 200412 600 67.4407711759893
7570 200530 598 73.4798340611613
7570 200543 592 70.3526170477196
7570 200708 690 62.0928933587021
7570 200712 610 74.7538621595152
7570 200748 626 70.6097842617353
7570 200816 610 62.0096361100295
7570 200977 674 75.791756878033
7570 201056 576 63.8671262952061
7570 201379 576 59.4816814565807
7570 201498 608 65.4857512866206
7570 201513 692 69.9679470849983
7570 201607 576 63.5514941095235
7570 201639 592 65.2525248889431
7570 201881 664 58.8245545476411
7570 201988 690 61.6735604739744
7570 202154 692 61.5691277989124
7570 202271 598 67.0247173509969
7570 202298 642 66.0625400736308
7570 202598 624 65.520489789585
7570 202661 600 74.9464793750531
7570 202733 598 60.9883041217564
7570 202782 594 64.7728512990104
7570 202888 696 67.9003115821416
7570 202948 644 72.7469670699315
7570 202977 642 58.2447312981176
7570 203095 592 64.3692569430353
7570 203159 664 66.5171310475401
7570 203317 664 75.2851996378541
7570 203362 640 69.66957039738
7570 203676 626 64.9153686612575
7570 203694 576 74.9527373310551
7570 203770 626 63.0825920237167
7570 203849 600 63.4983970467635
7570 204072 664 72.1154648600806
7570 204074 690 73.9381850402107
7570 204202 692 76.011825495372
7570 204300 592 68.6873337021876
7570 204399 696 69.2049500001581
7570 204433 644 71.0615734348918
7570 204438 576 71.5376150655101
7570 204481 576 72.0079374771209
7570 204536 610 74.6820702303595
7570 204662 608 65.5764179923965
7570 204720 608 71.9557266738459
7570 204871 576 72.7748605986512
7570 204925 594 66.0337966369145
7570 204938 592 69.2714574824202
7570 204967 690 69.0045690728978
7570 205127 644 70.6132215126157
7570 205259 674 65.3311950032117
7570 205339 664 68.6351484837202
7570 205490 692 74.5533490046082
7570 205534 598 60.068669019331
7570 205675 600 73.9193066295484
7570 205699 600 69.1574026757793
7570 205716 696 66.1516650217006
7570 205826 624 70.6563269865374
7570 205932 640 62.7993833362079
7570 205935 626 73.1080628835043
7570 206248 624 59.1617652118661
7570 206309 626 63.222990091679
7570 206316 592 69.310726861386
7570 206325 642 61.1636632677224
7570 206402 624 68.7915926803156
7570 206486 608 61.6049621852191
7570 206598 626 75.3657545358041
7570 206848 690 64.9216035360242
7570 206862 696 58.3811355048167
7570 207106 594 69.109340268208
7570 207379 664 64.4254235419111
7570 207487 626 74.135253256911
7570 207530 644 56.9342445445071
7570 207545 674 60.2348401252155
7570 207657 600 72.7199365283869
7570 207669 576 72.4312644165452
7570 207669 594 76.5148319544691
7570 208092 664 57.3799320876413
7570 208124 692 64.7165171574795
7570 208309 664 59.2339509438673
7570 208377 690 59.1930890953008
7570 208408 664 67.0119257866428
7570 208523 576 58.2282401411751
7570 208927 576 63.0103382149092
7570 208965 696 65.6622810608094
7570 209205 626 71.1807806686628
7570 209272 696 74.4686837684397
7570 209277 692 74.1144071998984
7570 209317 624 65.8458897796578
7570 209341 674 69.9821842876001
7570 209402 594 59.8692136751429
7570 209508 664 67.0075848173213
7570 209519 664 74.9209393342845
7570 209651 600 75.585822187075
7570 209732 624 57.5724971016118
7570 209738 608 75.6142293815185
7570 209873 696 69.6056790380757
7570 209904 644 63.1886439544959
7570 209938 642 62.9967704931335
7570 210093 692 59.9459245478703
7570 210181 644 60.6504837545359
7570 210302 624 62.1672281137575
7570 210383 674 72.105499318921
7570 210576 642 65.3969082693671
7570 210674 642 60.8528661181227
7570 210847 608 61.3980887829225
7570 210858 608 74.1973114371195
7570 210933 692 73.2864488739705
7570 211224 624 63.1755445294364
7570 211228 600 58.208071762047
7570 211229 594 71.2320672162193
7570 211244 576 67.7165007317811
7570 211366 640 60.4660248095722
7570 211462 674 61.9596108855809
7570 211578 696 67.605446381521
7570 211600 600 73.5796982364518
7570 211626 608 71.0627267945555
7570 211635 576 62.9794915223132
7570 211662 626 68.1029293565845
7570 211677 598 68.9885756370315
7570 211757 642 64.9554607521142
7570 211790 576 69.8716499405081
7570 212201 642 65.9197132089051
7570 212344 624 61.1057199327972
7570 212353 674 75.5226969908218
7570 212398 640 63.1684135784476
7570 212472 576 59.4425955881614
7570 212587 610 63.400827171407
7570 212902 592 57.7078647939076
7570 212958 576 58.6528012795401
7570 213016 644 64.2994431803395
7570 213294 640 72.5196806819152
7570 213297 644 76.4422650921285
7570 213344 624 58.6088900727766
7570 213501 690 59.7386258228378
7570 213640 664 58.5920330074388
7570 213806 598 63.2013500416226
7570 213807 600 70.4053310696332
7570 213905 644 68.2214336971614
7570 213910 600 70.0433973309657
7570 213988 594 67.4593167916548
7570 214221 640 75.6679427863826
7570 214250 624 64.6599958588742
7570 214326 600 70.6076520889077
7570 214698 690 62.4869779713355
7570 214718 664 58.2331928170076
7570 214742 642 74.8294247780483
7570 214778 624 70.0319225187076
7570 214843 594 69.9204956034146
7570 214991 696 62.5609697374752
7570 215460 592 59.5349865956518
7570 215488 600 58.6626578964615
7570 215525 576 72.5975454414826
7570 215613 600 59.3514352549765
7570 215720 624 61.8635166451078
7570 215737 598 75.2608429494252
7570 215885 594 68.7144449802427
7570 215912 576 56.8063405770133
7570 216083 608 72.546760380798
7570 216216 576 65.9280836815775
7570 216218 610 66.5750243059157
7570 216618 696 57.9529735640727
7570 216713 640 75.5325321182088
7570 216742 576 61.2461509576508
7570 216770 674 73.2466912852222
7570 216818 644 66.4121496298241
7570 216831 594 69.5403236995047
7570 216949 644 67.2147688216201
7570 216972 674 66.4913132672031
7570 217056 608 74.2806452038239
7570 217704 600 63.5286170999089
7570 217831 576 72.9912333319555
7570 217991 664 59.0469466120053
7570 218325 608 76.3540703311771
7570 218562 696 58.2212269484791
7570 218765 600 75.5423075150226
7570 218784 610 73.6582323905271
7570 218872 610 64.5186816748727
7570 219045 674 70.641659812029
7570 219054 576 71.6637247196162
7570 219150 644 59.633193311586
7570 219251 624 70.6184376234997
7570 219302 674 61.6519635786158
7570 219386 696 74.0875281877019
7570 219404 674 69.9458540079961
7570 219421 644 69.5785196032068
7570 219533 624 65.7880687238038
7570 219641 600 68.5925195145684
7570 219645 674 68.2319873052065
7570 220023 600 65.7588743873931
7570 220140 674 74.7753090519724
7570 220613 674 66.0050672626647
7570 220702 624 62.120050147734
7570 220851 592 76.3501079801451
7570 221014 624 60.9832649684934
7570 221095 626 66.5559819690068
7570 221451 576 59.0430273521642
7570 221473 608 67.1156972690934
7570 221568 624 61.9465091657955
7570 221792 664 60.8474522133186
7570 221878 576 65.5417957645795
7570 221946 624 65.9165319292135
7570 221955 598 64.8684560948139
7570 222006 644 69.1407638030768
7570 222138 624 65.1053432661183
7570 222274 664 75.4725817893454
7570 222359 624 64.2216037695763
7570 222524 594 69.6319088776872
7570 222690 594 58.0994261937786
7570 222770 598 73.09009234145
7570 222806 594 76.4726373658798
7570 222810 664 64.9187882567842
7570 223106 576 59.5062988439545
7570 223162 594 68.9363430277251
7570 223284 626 59.4880133966622
7570 223299 576 69.5872276272397
7570 223324 664 72.0463564771497
7570 223450 664 66.977464844775
7570 223465 576 70.2321080144913
7570 223581 640 69.8085537285675
7570 223668 576 62.626084515855
7570 224019 690 65.204801854374
7570 224374 624 67.4246872371032
7570 224539 626 76.2479142285349
7570 224611 674 65.0657235362286
7570 224727 690 73.4956690507922
7570 224737 598 62.5018711790231
7570 224884 594 70.6640035398524
7570 224977 644 60.1226662813776
7570 225073 600 63.5127602382376
7570 225116 610 65.4212795550613
7570 225118 576 57.4534963691679
7570 225142 624 75.2303050632623
7570 225589 674 57.5592215391176
7570 225694 626 68.3340083962964
7570 225947 674 66.3470452858106
7570 226035 608 58.4301901180717
7570 226056 594 57.0304709311266
7570 226243 598 62.5162781963092
7570 226278 642 73.2566509398592
7570 226419 640 60.906984090366
7570 226562 626 70.4496385643337
7570 226581 664 67.7969804775297
7570 226584 600 71.1737563592629
7570 226728 600 62.9940435631478
7570 226887 624 67.3079309359879
7570 227156 624 76.5456642648418
7570 227175 598 57.8920178229636
7570 227180 610 63.7318049742135
7570 227292 644 68.9042616935061
7570 227319 610 67.8681628543271
7570 227333 690 72.4795247623775
7570 227417 600 63.8261496652615
7570 227492 600 59.0094459527898
7570 227591 598 59.8720033166664
7570 227765 644 75.3283069761576
7570 227780 624 75.0063100267094
7570 227948 664 64.2001098396276
7570 228093 610 58.5378557715565
7570 228380 696 64.4413831392354
7570 228401 608 64.9222865122878
7570 228624 576 71.9734505389427
7570 228696 644 58.6546868994
7570 228696 690 71.5449813873235
7570 228699 608 68.1959688063567
7570 228727 690 67.5170914739871
7570 228816 610 58.7081418933297
7570 228863 624 67.2681797199303
7570 229088 594 66.5959796920053
7570 229258 626 75.0337354862346
7570 229278 598 62.1799709635058
7570 229340 592 68.2809685652915
7570 229423 576 64.3519716096722
7570 229450 624 60.2408151003893
7570 229774 624 70.7402138677218
7570 230193 642 58.8563463852119
7570 230249 690 58.6084640892812
7570 230304 674 70.8277378230206
7570 230366 626 58.8161016031048
7570 230470 608 69.591728200191
7570 230875 576 72.4537196437265
7570 230925 674 58.1989578473225
7570 230983 592 59.56394442583
7570 231290 598 62.5056250208637
7570 231301 624 65.9839355372956
7570 231560 598 72.9015670257109
7570 231667 674 57.6609392909071
7570 232023 674 59.4073875893878
7570 232032 600 58.3272584894103
7570 232165 696 63.564795897664
7570 232176 644 70.860117768411
7570 232416 674 68.9604014273255
7570 232675 624 66.0360207125924
7570 232692 642 69.3073002014458
7570 232697 594 69.2409776359502
7570 232758 664 76.5170307133373
7570 232813 664 71.9760567203404
7570 232829 626 58.5201634887648
7570 232856 690 56.8446804864181
7570 232865 642 63.1693580825792
7570 232892 624 57.1166994477248
7570 233510 610 58.3821526866194
7570 233522 576 66.2631315654869
7570 233723 664 65.3549075822002
7570 233724 598 65.4768933775631
7570 233887 610 76.3466332034489
7570 234003 576 61.4960387316527
7570 234072 674 66.781836355363
7570 234082 608 71.9422122516392
7570 234095 608 61.1458224432562
7570 234110 642 58.0581277258186
7570 234333 642 59.3218623945774
7570 234334 690 60.114297785064
7570 234418 674 70.5480913757874
7570 234490 674 68.835062290055
7570 234625 624 66.4664008366819
7570 235102 600 72.9813273808133
7570 235361 598 61.4730472945894
7570 235472 640 70.8216280417011
7570 235483 592 61.6528979284853
7570 235638 592 60.2507378500106
7570 235735 624 63.2513710266965
7570 235938 674 68.5995729997248
7570 236365 576 70.3580653752977
7570 236421 592 69.7196705922026
7570 236433 642 65.003778480381
7570 236826 696 59.423329050593
7570 236886 626 68.9942370801794
7570 237000 608 75.0629155450256
7570 237254 674 67.6540979837622
7570 237386 594 71.6043766725068
7570 237420 626 73.24291472919
7570 237435 594 69.814599393008
7570 237440 640 75.2026437033426
7570 237640 664 72.338815626771
7570 237665 598 74.3068100029748
7570 237953 690 72.478335778019
7570 238142 696 66.9022013849529
7570 238189 626 62.5306962041007
7570 238441 624 67.6609441396
7570 238462 576 70.0353209618632
7570 238592 624 72.2349236558703
7570 238610 592 72.4646812666256
7570 238664 610 68.7879451100147
7570 238835 600 61.189612290349
7570 239057 674 67.6037913881035
7570 239334 640 69.9603491200237
7570 239465 608 57.1694920885567
7570 239532 644 58.6427084502289
7570 239610 600 61.1026899999696
7570 239832 598 62.859618686803
7570 239882 598 60.5568854243687
7570 240028 692 72.4250446900938
7570 240190 642 68.4459428571079
7570 240296 608 61.7233249356958
7570 240367 598 64.778365372137
7570 240379 624 69.501153322392
7570 240721 626 68.7183414637733
7570 240781 598 73.1109091665664
7570 240802 626 66.6413883447777
7570 240812 610 65.3823153440688
7570 240835 624 65.889242411792
7570 240853 576 62.8552576845502
7570 240867 624 56.9964859226425
7570 240967 690 74.306911717779
7570 241055 624 75.463405448585
7570 241311 594 66.1114553042229
7570 241365 624 70.014287106442
7570 241428 626 72.9717294985604
7570 241471 624 60.2003959513671
7570 241569 600 76.6818252878165
7570 241594 640 62.5805863983399
7570 241731 644 57.9284703869028
7570 241858 600 66.9422435524774
7570 241872 576 68.8993730211736
7570 241882 592 69.4739936285551
7570 241928 644 63.5980196193511
7570 241950 626 72.2632694488936
7570 241996 610 56.7145080357508
7570 242295 644 61.9742447359579
7570 242498 626 69.6172795781381
7570 242999 644 73.6774363303922
7570 243054 594 74.4816186061208
7570 243122 598 61.5371484456957
7570 243221 690 67.8364638068408
7570 243404 664 61.5888630848321
7570 243620 592 62.62565358253
7570 243631 674 61.9857117056371
7570 243732 576 76.2383358756997
7570 243797 696 59.6798996390819
7570 244199 598 76.5055743224467
7570 244376 644 72.9488965260234
7570 244633 608 70.0321115394129
7570 244640 626 64.6078361811897
7570 244842 664 72.1342609312018
7570 244957 626 59.1335058605853
7570 244974 674 72.9613185838424
7570 245032 610 74.4136969054991
7570 245381 674 73.731193015882
7570 245445 576 58.8253339214853
7570 245678 600 63.7739855346384
7570 245706 608 71.651637460441
7570 245953 624 69.1780373081079
7570 245972 644 64.7101615211079
7570 246064 624 74.6883446544325
7570 246064 626 66.0065260347736
7570 246110 610 72.289629597505
7570 246439 608 64.5101850307608
7570 246559 624 70.7084519359075
7570 246567 626 66.7667165042216
7570 246644 598 74.085797175949
7570 246813 626 74.5964080842015
7570 246817 624 58.9373423218442
7570 246909 594 66.1702031978834
7570 246948 608 68.8315003446774
7570 246964 644 75.4019919634815
7570 247145 576 61.1027160708055
7570 247154 592 57.2498463058375
7570 247398 600 59.9800988659796
7570 247442 598 58.4107637532333
7570 247504 600 71.8869338228443
7570 247753 644 75.6410056227242
7570 248076 692 59.3554254540747
7570 248094 640 58.8188117274957
7570 248602 600 75.1311041138648
7570 248771 594 65.5176210162908
7570 248871 598 73.2955723697837
7570 249051 624 61.6946453628633
7570 249159 624 63.2185593481081
7570 249163 644 76.6051148044361
7570 249240 576 67.5997254242892
7570 249294 610 74.8515722146313
7570 249310 690 71.0436898742456
7570 249321 608 57.3489195101902
7570 249454 594 71.5058868680135
7570 249638 624 71.3096842723544
7570 249806 624 58.218695229858
7570 249904 576 67.6822038661547
7570 249919 626 69.3745182292711
7570 250091 642 60.0291949976938
7570 250251 594 62.1336127134482
7570 250676 576 63.3764552709159
7570 250698 674 70.8893392989283
7570 251038 696 56.8052705405732
7570 251039 610 58.6897215917737
7570 251296 692 64.69663706285
7570 251658 592 66.7829585428007
7570 251854 600 70.2670726570707
7570 251924 690 75.0226009121737
7570 252011 594 75.035355568951
7570 252063 642 62.3463455237007
7570 252293 640 59.3258808558069
7570 252389 598 73.3611007203621
7570 252665 608 61.2379862411386
7570 252765 674 69.5507660556064
7570 252902 624 66.2901331895684
7570 253157 624 63.7648618621086
7570 253171 576 69.9797976338651
7570 253173 674 61.9600173925035
7570 253189 598 57.9434278244571
7570 253219 696 60.2859629486146
7570 253245 610 57.8139285130164
7570 253389 644 64.6069917552693
7570 253438 644 63.629111218127
7570 253792 610 70.6697090671309
7570 254077 576 72.4347859621728
7570 254363 696 65.022419899294
7570 254379 576 56.8989917825536
7570 254416 642 63.5486017898016
7570 254449 600 56.7109790684989
7570 254497 642 65.2046722417363
7570 254695 600 68.9558230644187
7570 254766 600 57.0787193150396
7570 254790 610 71.5808505402051
7570 255058 644 56.9760674335056
7570 255167 608 63.9271622441617
7570 255569 696 61.2343226100962
7570 255804 576 70.061461411031
7570 255934 642 71.8546710124337
7570 255952 642 73.4030898864269
7570 256090 626 76.616962699986
7570 256182 664 65.2279999683217
7570 256183 626 62.1120479921775
7570 256331 692 59.5091919995651
7570 256573 692 71.2368409906014
7570 256653 690 73.4547008177872
7570 256722 664 74.2320501480391
7570 256798 644 62.544904482821
7570 256809 626 68.1943644223059
7570 256834 690 71.9895479516036
7570 256898 594 57.6894093608127
7570 257190 594 70.5329403617562
7570 257192 608 70.2150704093783
7570 257216 626 71.7730608899199
7570 257317 642 57.5301117345885
7570 257498 594 69.348919220985
7570 257545 696 60.2690235856294
7570 258297 674 76.5154080055258
7570 258370 626 65.6068275337756
7570 258449 576 62.965191045772
7570 258474 644 75.650150021973
7570 258633 644 76.2343695784983
7570 258638 592 60.3645004048798
7570 258947 624 63.0503162273821
7570 258950 608 57.0267682780889
7570 258961 644 58.9386303640052
7570 258981 592 76.4390813694377
7570 259067 598 60.3555984648135
7570 259134 642 76.1997204926148
7570 259228 674 60.7193831064151
7570 259309 644 63.0091912198221
7570 259343 626 62.3965534726996
7570 259397 624 67.1459544103845
7570 259499 576 74.2685910720059
7570 259612 626 66.5517871890296
7570 259699 592 59.6462549685825
7570 259727 626 76.3444600903989
7570 259737 624 61.609711674322
7570 259761 640 72.6150698576713
7570 260143 626 72.6250548409754
7570 260201 610 66.3021350431701
7570 260281 642 64.5412019966494
7570 260415 664 73.1183199766987
7570 260667 644 64.3097860796466
7570 260714 664 76.0673968946771
7570 261298 664 62.2470804876377
7570 261483 640 63.4758415232904
7570 261721 600 71.8093211559989
7570 261877 600 68.9978825648519
7570 262036 592 61.8967496554333
7570 262065 592 59.2915676135205
7570 262074 696 61.8989014917895
7570 262246 592 70.6948554299574
7570 262246 594 60.3416127915982
7570 262271 576 60.2294456695093
7570 262319 610 65.6687819528213
7570 262372 594 68.3854221150424
7570 262375 642 65.6422592814857
7570 262423 600 59.436965278771
7570 262424 608 68.1881176223371
7570 262426 626 64.2116967829514
7570 262700 624 75.8074088992747
7570 262911 664 70.6462708364082
7570 263144 674 57.0907818252154
7570 263199 608 68.810568344516
7570 263495 624 56.7623600511915
7570 263525 594 57.9936311688266
7570 263604 690 58.2453083383971
7570 263688 576 63.2320270545821
7570 263934 640 68.4722831842051
7570 264186 642 69.2548052962833
7570 264410 692 73.2049747213331
7570 264470 640 66.6810693574446
7570 264472 626 66.6627095274873
7570 264488 624 70.6178775215242
7570 264719 674 72.1143196787474
7570 264761 644 74.9706059443849
7570 265005 600 64.1929829081118
7570 265021 690 58.0270408782919
7570 265025 644 74.3073071881004
7570 265052 626 63.3403823769108
7570 265328 608 65.3005955918198
7570 265542 696 73.9460759607302
7570 265665 690 60.4787321726132
7570 265889 600 57.0112607437119
7570 266136 576 66.158527192737
7570 266414 640 70.2495226401244
7570 266455 600 72.8388359866813
7570 266606 592 57.4867803547705
7570 266739 610 56.9131742840905
7570 266773 626 66.9633126583771
7570 267160 598 59.7433126086634
7570 267195 600 64.4902239916068
7570 267224 674 76.4815666957924
7570 267264 690 66.392130096378
7570 267374 610 59.4115716085455
7570 267608 598 70.44133756136
7570 267643 598 61.228927227804
7570 267869 600 58.0782286816004
7570 268115 674 61.8071985800644
7570 268304 626 71.1444478990081
7570 268755 600 59.9508747947286
7570 268911 690 75.36326012685
7570 269181 610 71.7742237428826
7570 269225 692 64.6946294976952
7570 269286 664 60.3555005883223
7570 269387 690 66.2911885147462
7570 269429 594 68.2745218539343
7570 269501 576 70.8969161599883
7570 269527 640 60.9283580938671
7570 269614 696 70.2286813634204
7570 269638 576 60.3073344053577
7570 269971 692 66.5721408165491
7570 270276 696 67.7226675461019
7570 270402 598 61.6768735455418
7570 270432 594 58.6016224834174
7570 270476 592 66.4151406331778
7570 270616 664 62.9843950543351
7570 270769 576 68.55126436302
7570 270995 624 65.908242904947
7570 271170 624 73.7262411468814
7570 271251 692 61.7057207124133
7570 271479 598 67.8465517894249
7570 271681 696 58.7200461280799
7570 271793 642 72.8956384553427
7570 271857 576 65.1200618943938
7570 271993 594 63.670270601005
7570 272033 600 69.1053836943813
7570 272071 626 58.79789013834
7570 272179 610 63.4930937602321
7570 272565 624 65.175773160516
7570 272635 600 59.7115267842114
7570 272663 696 63.3137452516064
7570 272725 642 72.1967190701112
7570 272855 674 66.9824229913493
7570 272900 610 66.1370558353483
7570 273038 576 61.1947281283819
7570 273102 674 74.0367816583586
7570 273129 576 66.6395230461797
7570 273203 624 71.1905674786952
7570 273267 640 64.8475204986329
7570 273586 592 68.5050632131273
7570 273722 624 75.6434910557007
7570 273750 640 56.9035388524281
7570 273784 608 66.717542157673
7570 273886 600 59.6322706864195
7570 273989 592 74.1540127475771
7570 274383 592 56.7587508870491
7570 274445 642 62.3406754942553
7570 274454 576 72.6164965639621
7570 274501 592 73.1539826304321
7570 274522 598 67.8442106096881
7570 274530 594 74.6836440238924
7570 274592 644 58.398538496958
7570 274672 626 57.3044460511708
7570 275212 696 66.5243755031318
7570 275223 644 58.1970675125918
7570 275264 664 69.8500619831473
7570 275397 642 62.9955765893385
7570 275432 594 65.0317649387667
7570 275618 608 59.7970272258754
7570 275854 608 74.3560104393921
7570 276240 610 57.3494012023773
7570 276242 690 65.9977493912695
7570 276363 640 68.6214772587575
7570 276416 598 74.3785380283789
7570 276502 696 56.9062912055846
7570 276731 610 70.2803408333979
7570 276936 690 75.5325069494011
7570 277045 696 64.6535250455403
7570 277213 600 70.1239120223572
7570 277284 598 62.6455984271832
7570 277362 576 74.3790828544665
7570 277478 624 61.0051991129347
7570 277664 624 71.7293544372963
7570 278040 644 58.0800566698085
7570 278130 644 67.1509564516881
7570 278324 674 58.1067103511076
7570 278388 576 58.8439489413063
7570 278462 598 59.4486472686512
7570 278671 594 67.615186015122
7570 278764 598 57.634693021837
7570 278837 626 61.419509742122
7570 278979 598 58.0480954704712
7570 279001 576 73.6527730190646
7570 279306 626 75.1527400831431
7570 279407 598 65.7803599821509
7570 279452 610 57.9504556525141
7570 279562 642 67.4827293941562
7570 279612 598 58.2030158834
7570 279663 608 58.2642791664015
7570 279689 600 68.1056120999736
7570 279781 624 61.7177481140142
7570 279945 642 65.2594370698864
7570 279979 624 68.0934606762103
7570 280012 644 66.1418932617461
7570 280033 642 75.0871337259105
7570 280383 642 63.3905562896617
7570 280411 576 58.6834796004853
7570 280489 594 66.3389121562348
7570 280529 626 67.8284389289863
7570 280550 594 61.8936410656143
7570 280673 608 74.393231390022
7570 280874 610 56.7432128142689
7570 280902 600 65.910047706572
7570 281343 600 66.5978069926584
7570 281406 600 66.8509119375041
7570 281728 598 72.6105114607438
7570 281737 674 59.8195753396103
7570 281934 696 74.6875015270998
7570 281996 674 58.6672646911671
7570 282109 662 57.819371938059
7570 282249 674 63.7634636572699
7570 282269 640 75.6631231038817
7570 282288 598 74.4053891223244
7570 282349 600 64.8622184280234
7570 282387 624 68.7924609888669
7570 282437 664 59.4714653797731
7570 282826 624 71.0340432934693
7570 282826 626 56.7578956747481
7570 283429 674 72.0301158462379
7570 283631 642 68.6770509502516
7570 283733 674 74.645913406875
7570 284091 664 64.2357928335197
7570 284428 576 75.3640866117143
7570 284585 610 61.1974931700832
7570 284981 576 70.6200508689318
7570 285077 690 65.3349316563275
7570 285243 598 59.0877698649498
7570 285587 644 62.4663120049014
7570 285590 644 70.8649567650506
7570 285679 626 60.9763189941688
7570 286071 642 66.6305692760012
7570 286638 608 59.8983610695039
7570 286821 692 62.7991657902237
7570 286831 642 57.6019613964978
7570 287191 640 75.9668388517721
7570 287327 608 60.3401856021326
7570 287862 598 66.7578446251698
7570 287969 626 60.6029574028497
7570 288051 626 56.8922805336601
7570 288101 642 67.6495616074506
7570 288139 600 59.5246327196334
7570 288339 626 59.3504776917157
7570 288478 600 75.321913282358
7570 288519 664 59.6933721493546
7570 288772 674 73.4379222640932
7570 288823 598 61.7373214846027
7570 288868 600 66.3071272976732
7570 289108 642 59.6842888483795
7570 289232 626 76.5216683865962
7570 289485 624 67.2529579575653
7570 289647 642 59.4433276537886
7570 289778 600 74.2158282282269
7570 289892 690 70.6642572402527
7570 290012 592 57.4491588686586
7570 290063 600 68.7808309780875
7570 290102 626 66.0735105209719
7570 290160 642 66.5977752533015
7570 290441 608 61.8318430463484
7570 290466 592 63.4284744777224
7570 290628 598 69.1215503241141
7570 290787 600 60.9598524663073
7570 291405 598 60.531874292697
7570 291464 594 67.2202575186823
7570 291540 674 76.2120057012375
7570 291608 690 67.7396937650968
7570 291869 640 73.2363226382132
7570 292145 642 72.4927338636861
7570 292312 608 57.0277817016101
7570 292339 674 60.3476392795693
7570 292536 642 68.5204119570219
7570 292622 626 76.0521947337761
7570 292687 624 66.5557645077706
7570 292799 664 74.1082299530602
7570 292830 598 60.5846071880245
7570 293080 664 61.3040267069631
7570 293392 576 67.1707699648415
7570 293437 624 72.2978537777162
7570 293467 642 64.311308686087
7570 293508 674 69.2292753772572
7570 293617 626 67.3488333967053
7570 293711 692 72.0964351695867
7570 294008 626 64.7585799391533
7570 294117 624 65.2778356231816
7570 294149 624 72.2225606937219
7570 294222 598 70.9697747107479
7570 294236 640 61.1340350294732
7570 294432 644 57.984838152128
7570 294718 624 68.2703222078653
7570 294822 610 66.1068107123148
7570 294848 624 59.3442853406255
7570 294886 598 60.1063765864951
7570 294889 644 71.5006892658637
7570 295043 576 74.834569717673
7570 295214 608 74.7414315066339
7570 295484 626 67.3133563457106
7570 295552 598 67.1175620030637
7570 295554 594 70.9515650325325
7570 295564 644 72.5393284872204
7570 296057 594 66.4472843299148
7570 296185 640 57.9051585915122
7570 296272 598 61.5892243448838
7570 296352 598 62.5636538427639
7570 296846 598 67.5282815424436
7570 297081 644 63.1613596418425
7570 297447 598 61.1924160424549
7570 297869 696 73.8631856341308
7570 297885 674 57.3174085491144
7570 297948 644 61.2666210007685
7570 297982 624 67.4271450317708
7570 298127 696 60.9586335118531
7570 298314 576 56.9674029106092
7570 298346 642 73.2192033862678
7570 298352 664 69.4628310633306
7570 298472 696 76.0542937001991
7570 298537 624 74.4410913560535
7570 298545 674 57.2732059300912
7570 298728 642 69.931590594182
7570 298777 600 64.419172818931
7570 298807 640 59.1692733388959
7570 298854 690 67.5112036375859
7570 298875 640 67.1304735162386
7570 298924 692 64.3094186255559
7570 299175 626 59.0535593835665
7570 299200 664 66.1989698688407
7570 299335 610 72.471356849753
7570 299425 600 76.530848190997
7570 299474 626 62.3287367153244
7570 299662 690 60.6194931655009
7570 299798 592 64.2911103834437
7570 299840 600 65.2153226538234
7570 300102 642 72.3914445335009
7570 300188 696 59.0221521484484
7570 300198 626 74.3729435919732
7570 300753 592 75.342874755578
7570 300828 674 75.9532251339682
7570 300884 626 66.1669196040346
7570 301003 642 71.4367798893078
7570 301011 608 74.6987932516216
7570 301111 624 62.8926935099456
7570 301134 674 56.9151388164691
7570 301200 598 61.6343048178229
7570 301444 594 65.429720367435
7570 301449 610 74.8643864696194
7570 301579 696 67.9654755967672
7570 301694 576 66.0428899630801
7570 301759 576 67.5845180224789
7570 301799 644 61.8860849658372
7570 301998 624 75.8517158574507
7570 302111 608 65.6837347577416
7570 302199 576 58.6008782295405
7570 302260 594 67.9446415131468
7570 302505 626 72.4480182373788
7570 302722 610 57.4505605456421
7570 302798 644 60.8207128405085
7570 302911 674 70.0437320951377
7570 302971 644 71.7908239332498
7570 303055 696 58.2364680464299
7570 303060 576 72.8588789065586
7570 303470 576 73.5715999779718
7570 303687 640 74.8862291219797
7570 303984 576 70.0674066343362
7570 304120 626 72.3532713028508
7570 304180 642 75.9839480054742
7570 304296 576 74.7201605440894
7570 304417 624 75.3057493134484
7570 304530 600 76.1128185426345
7570 304584 640 62.1454329415886
7570 304697 644 67.8496548345814
7570 304788 640 60.2777691594968
7570 304928 674 60.5476925060592
7570 305206 626 72.067937805536
7570 305414 594 74.3727781773003
7570 305711 626 67.3968255799266
7570 306061 608 75.4770061172584
7570 306169 642 74.18535935786
7570 306203 624 63.7038877244969
7570 306272 626 74.5626317669734
7570 306366 608 69.5666339449663
7570 306466 642 66.8062574371541
7570 306597 624 64.2285348665693
7570 306928 644 76.4525158003559
7570 307056 642 71.1415533195892
7570 307125 610 60.0143888252866
7570 307155 674 63.1010812065144
7570 307231 598 75.5946949543183
7570 307446 626 57.2475228321717
7570 307450 626 57.4153550900988
7570 307669 664 65.4480156881834
7570 307791 594 56.7317354009562
7570 307895 624 75.6484836086255
7570 307950 608 68.6929292237091
7570 308105 644 71.7624414126629
7570 308291 608 57.4244439411918
7570 308300 696 74.4060529773333
7570 308345 598 65.6019487562743
7570 308407 664 57.5538516943681
7570 308757 674 66.100778074888
7570 308788 696 63.2264570129175
7570 308888 696 66.8462333414834
7570 309000 624 63.5088437338381
7570 309210 674 56.7637833933462
7570 309211 624 72.4963973622858
7570 309212 600 68.1680986701855
7570 309255 664 73.8001389736277
7570 309448 576 58.0358749700682
7570 309566 696 68.1166685222271
7570 309788 610 73.0026456943033
7570 310026 598 73.3601150459739
7570 310054 640 72.0709366663738
7570 310454 696 68.5684336749946
7570 310632 626 69.3296464573234
7570 310671 600 59.4122352536261
7570 310701 644 70.4089115003047
7570 310751 690 65.6724181983834
7570 310784 664 70.1398054725888
7570 310841 696 76.2645678504327
7570 310925 576 69.8621546409832
7570 310928 690 74.9818304450767
7570 311198 624 65.4603269926357
7570 311363 600 74.0771177709558
7570 311499 644 58.1102837982591
7570 311769 576 74.6823975536605
7570 311937 608 71.9564201684732
7570 311945 664 75.7569935719898
7570 312406 594 58.8084205710684
7570 312847 696 62.1223799773776
7570 312944 608 59.169834654176
7570 312988 600 70.5894425245352
7570 313155 626 75.113569477221
7570 313186 576 72.3744700188741
7570 313205 696 75.7465373033595
7570 313209 626 75.0497788888235
7570 313408 592 67.2139223468239
7570 313442 640 61.7318509067229
7570 313465 642 65.8404905013015
7570 313556 626 72.2114940020302
7570 314007 598 69.3643069913297
7570 314042 592 66.6460314967602
7570 314293 610 74.1437675505873
7570 314358 576 61.6686755773919
7570 314519 642 64.9595012119389
7570 314527 640 68.6580750799035
7570 314631 644 74.6045797206382
7570 314856 592 57.1726721538094
7570 314858 598 74.3946778478293
7570 314941 642 68.6918026788012
7570 315021 664 66.5267335984855
7570 315302 624 74.9906647088876
7570 315374 600 66.02134371602
7570 315384 644 68.4424865438845
7570 315745 598 75.6044396249576
7570 315785 600 59.8166234225545
7570 315806 642 58.0441880798767
7570 316157 594 57.4270523655236
7570 316337 644 74.7273189897463
7570 316412 690 71.0340648008799
7570 316416 674 66.370857178555
7570 316436 592 66.6719841883979
7570 316546 624 63.5883438529337
7570 316848 674 75.6834532167642
7570 316910 626 75.1746204233548
7570 317196 696 65.9292215260044
7570 317256 600 68.8416082297592
7570 317708 600 61.4247437635718
7570 318050 696 57.7913375730123
7570 318238 576 74.2113390126177
7570 318334 664 62.1794267943948
7570 318397 624 61.7575902300843
7570 318479 640 75.059587304817
7570 318508 674 69.1741999787494
7570 318512 642 62.3973078630232
7570 318694 696 58.5016302808232
7570 318776 626 73.7599456950213
7570 318871 624 71.3717662532815
7570 318912 690 59.2236013427835
7570 318998 664 71.7317074199643
7570 319087 674 65.894843601572
7570 319137 642 57.1202389742879
7570 319182 624 63.8696735787045
7570 319238 642 71.7751345686402
7570 319291 594 58.9957711545567
7570 319307 696 63.2468993367309
7570 319363 626 66.3791021694104
7570 319592 594 73.5625386270446
7570 319672 690 62.5955421970758
7570 319991 592 74.0995563225573
7570 320058 594 76.6132678903027
7570 320162 598 59.1913504241234
7570 320178 642 57.7352695747905
7570 320357 608 61.5469612216321
7570 320562 576 63.790388088436
7570 320646 642 71.0546071536419
7570 320996 690 68.6288149102863
7570 321042 600 63.1221188505089
7570 321179 642 56.8248095023905
7570 321185 608 74.9802938141892
7570 321291 610 72.2639223828238
7570 321500 608 74.0619411364916
7570 321573 690 72.0396303683945
7570 321588 600 68.7658439933328
7570 321657 610 63.2811176802273
7570 321776 598 75.1953078223497
7570 321826 598 67.0741208470215
7570 321836 640 59.134933068923
7570 321888 674 64.2047229388101
7570 322280 598 68.3647017731696
7570 322377 626 70.4395194076463
7570 322412 576 72.4571489530437
7570 322566 594 63.2494020096454
7570 323011 626 63.9610204188951
7570 323413 626 75.6074640889284
7570 323449 626 61.6777298984395
7570 323564 696 73.9909030375536
7570 323687 626 73.6617542019441
7570 323925 674 73.7355841193252
7570 323965 576 75.9387827910691
7570 324043 624 70.5308022674176
7570 324044 598 62.5552641765277
7570 324062 594 72.9109744659809
7570 324152 598 76.5483569108852
7570 324327 576 57.6036107197693
7570 324379 592 63.9367578554223
7570 324525 674 75.874447516698
7570 324613 626 61.9965038374459
7570 324796 690 61.8003683938064
7570 324830 598 60.2692194976338
7570 324861 642 58.7348439510881
7570 325168 690 65.5342273638501
7570 325768 608 73.053471303934
7570 325812 594 63.8116218249957
7570 326047 594 60.7519174372288
7570 326158 600 73.9154255862021
7570 326179 690 62.5274313069542
7570 326353 598 68.9602906069381
7570 326498 576 59.7752339102442
7570 326548 600 58.4149730654704
7570 326622 674 63.5515242691943
7570 326674 610 60.8065156313888
7570 326760 598 56.9690396624718
7570 326872 600 74.9886477489148
7570 326950 644 73.8558449238884
7570 326997 598 63.864460469566
7570 327172 598 73.1466589093318
7570 327203 608 73.6987710019154
7570 327316 610 58.9069840490675
7570 327453 594 58.7859360593048
7570 327474 696 71.5100976943748
7570 327478 598 62.8660813462199
7570 327480 594 66.3270368324849
7570 327838 624 60.0053584797025
7570 328035 640 68.4010807974493
7570 328116 690 65.8959667153893
7570 328189 674 69.0744849804284
7570 328323 642 75.6571189984405
7570 328445 664 60.9537036433819
7570 328471 608 65.2167754027831
7570 328581 696 59.8707105358193
7570 328869 696 67.1436637743651
7570 328949 600 64.6706220821695
7570 329023 624 71.3825582113527
7570 329332 690 59.9759698747017
7570 329339 576 65.6220385741041
7570 329393 664 71.3981344863321
7570 329500 624 67.0153269047144
7570 329723 644 61.4552430290965
7570 329767 664 73.8513590540964
7570 329870 696 71.6084360341527
7570 329968 576 72.4141912950278
7570 329982 664 66.4940992150442
7570 330096 608 63.0603912218462
7570 330263 640 76.5630688090618
7570 330316 640 59.1203818731701
7570 330364 624 71.9607362882965
7570 330443 576 63.769542960258
7570 330687 610 57.3455537209601
7570 330934 626 69.402678075545
7570 330990 594 67.3627301261584
7570 331007 592 56.8371663892969
7570 331007 594 61.0160242971379
7570 331074 600 67.4728373835969
7570 331347 594 58.9644143732114
7570 331388 664 68.2618837686319
7570 331465 608 74.2592511617663
7570 331564 642 71.8843738256745
7570 331568 576 66.9851999270895
7570 331635 624 57.4539263030988
7570 331742 642 62.7057928397994
7570 331886 626 76.3055660561583
7570 331925 576 71.4366677412494
7570 331966 610 69.0036559603153
7570 332734 624 64.9242757717135
7570 332842 576 58.9460324812188
7570 332922 664 58.6029422932763
7570 332923 624 73.0198683788056
7570 332938 644 60.6014839680074
7570 332969 644 62.2661673554345
7570 333013 608 76.4755369636665
7570 333091 690 60.2078217041782
7570 333487 642 65.0452401124822
7570 333523 576 68.6473043398872
7570 333551 576 57.8957725347009
7570 333747 624 74.4241234639588
7570 333895 594 69.4781792815941
7570 334104 594 74.8328384629586
7570 334206 592 68.5632224715768
7570 334242 576 62.6377987428456
7570 334265 600 60.5000147355765
7570 334439 626 67.4802108056798
7570 334558 674 73.0448134723731
7570 334721 626 69.7523005548664
7570 334881 642 69.970825939444
7570 335196 626 75.1625334216823
7570 335349 692 64.3034157409413
7570 335429 674 69.8283765229038
7570 335994 600 60.9132991601356
7570 336052 600 70.2713552959788
7570 336224 644 70.5249124757647
7570 336368 624 58.9553589765263
7570 336423 690 66.475472336853
7570 336429 624 71.2019187736552
7570 336491 600 71.0323314533135
7570 336660 598 75.4167817043884
7570 336703 610 68.6805760776611
7570 336717 610 72.789106605282
7570 336824 626 72.8826531566293
7570 337064 576 60.3604236292584
7570 337556 592 60.3721445417864
7570 337675 626 74.8643780259069
7570 337757 674 59.6801474616165
7570 337768 610 66.3036762482877
7570 337935 600 73.7256808140358
7570 338001 674 59.1761991599205
7570 338210 626 61.5982085605516
7570 338541 664 57.2884905512166
7570 338543 696 74.1720722658571
7570 338660 644 75.6190678549175
7570 338772 626 61.3963515731921
7570 338814 624 75.0832784003698
7570 338881 644 74.2118758777041
7570 339066 626 76.4464161784727
7570 339129 592 64.4510734135073
7570 339164 594 56.8806946530344
7570 339255 600 68.2637104031962
7570 339476 608 76.4998261210944
7570 339907 598 60.2377136397831
7570 339962 576 73.9474537901505
7570 340442 576 68.4060659384297
7570 340533 674 72.1571275656651
7570 340915 610 71.3889825845075
7570 341147 600 69.7609942948013
7570 341181 674 66.252682924438
7570 341249 696 65.1058566291632
7570 341338 692 65.8342678364105
7570 341438 600 70.403154171334
7570 341547 594 67.1020652169124
7570 341696 576 63.5249228085687
7570 341737 576 74.4281434055628
7570 342023 624 66.9744833062455
7570 342133 624 75.7790258038099
7570 342433 576 65.3943098237924
7570 342458 576 60.9394952733407
7570 342474 674 58.3235647224595
7570 342699 626 72.6009265617496
7570 342872 674 60.764612333225
7570 343198 598 69.5225631715238
7570 343303 626 59.495275636308
7570 343437 640 73.5696604339708
7570 343438 624 66.9082990201343
7570 343458 600 62.5967300706871
7570 343533 600 69.5148322252018
7570 343592 692 68.3857876540819
7570 343802 690 61.1483572637728
7570 343967 624 61.5559919251252
7570 343973 674 58.9598687018456
7570 344279 640 60.262905038748
7570 344376 696 74.7988735888098
7570 344403 600 73.0119303658589
7570 344419 642 65.3295766339058
7570 344435 642 67.5615443966049
7570 344493 576 59.1697274825488
7570 344567 664 71.9316774584018
7570 344595 690 64.1729393866115
7570 344644 626 57.8792713548069
7570 344646 624 73.1635004515253
7570 344712 598 59.1888787674112
7570 344715 624 58.1406931813768
7570 344805 644 61.9882343896241
7570 344884 592 66.9141135723739
7570 345048 598 65.0234118070579
7570 345048 608 71.9869253183553
7570 345125 692 60.3157731575767
7570 345224 692 62.7129624074649
7570 345234 576 73.0207013686026
7570 345313 642 63.7605034581509
7570 345314 608 71.2719407918218
7570 345512 644 60.4418468548678
7570 345514 624 68.4933338342932
7570 345581 664 72.381073750299
7570 345591 644 60.6375213545872
7570 345754 626 57.8711803993313
7570 345782 674 60.4704171214325
7570 346063 610 68.6952257260457
7570 346252 674 68.4131104023383
7570 346315 608 64.1761272811799
7570 346341 692 65.8158849086741
7570 346522 598 76.1283965370261
7570 346720 690 60.9177452650457
7570 346861 576 64.3389601091542
7570 347183 592 57.2734181472532
7570 347327 608 76.159619741139
7570 347349 610 67.8716065302907
7570 347380 598 68.9051091946226
7570 347386 674 68.9138011013231
7570 347511 592 62.5051936404185
7570 347523 674 65.9805901414152
7570 347615 674 65.2122844430383
7570 347674 626 70.6675720593502
7570 347736 594 72.9821872994231
7570 347867 642 72.1534874068564
7570 347902 640 70.1496851044682
7570 347983 624 74.949629307639
7570 348080 696 68.6096380892273
7570 348206 576 64.5804714461937
7570 348274 608 69.5131344927091
7570 348294 608 70.4552841945291
7570 348418 592 76.6613596722498
7570 348778 690 66.5509559817892
7570 348793 644 60.4830082353778
7570 348975 608 76.3750444343206
7570 348995 642 65.706026422122
7570 349017 642 69.3278148596837
7570 349099 640 74.108923908153
7570 349415 674 60.0430232542378
7570 349511 598 58.2798956774548
7570 349550 576 75.2039617552588
7570 349671 624 61.5667289156445
7570 350066 600 62.8270822374061
7570 350412 624 69.1439556730568
7570 350839 598 72.2550398188538
7570 350881 600 63.6273841946767
7570 350884 690 74.2533419212387
7570 351092 600 64.0249056287137
7570 351194 626 58.7398790804126
7570 351220 594 57.8530808208089
7570 351229 642 58.5439922743529
7570 351275 626 62.8496183138415
7570 351275 664 63.2988062916467
7570 351648 644 62.7314588398574
7570 351944 640 61.0707171576139
7570 351988 690 71.8464169210286
