7280 25 576 68.203340265677
7280 84 610 59.7541484050283
7280 103 626 58.0122578880476
7280 107 640 57.112182344096
7280 125 598 67.9073246333399
7280 137 600 64.2107477094837
7280 192 626 76.1582120231073
7280 231 662 61.7173485762434
7280 316 642 61.9784209211462
7280 370 598 61.1557990795354
7280 379 662 64.9019994165295
7280 418 640 76.4115580800416
7280 460 624 73.7299437646355
7280 471 624 56.8806769051007
7280 501 662 73.2998367694649
7280 520 610 61.9396610480653
7280 562 600 60.5123503384129
7280 638 642 69.647035414877
7280 643 690 69.071092972165
7280 661 664 65.2708169032774
7280 781 600 74.2672444772411
7280 865 624 73.8191151923659
7280 903 576 64.3420845126281
7280 933 624 57.0199517402505
7280 962 690 60.3257628592755
7280 978 626 59.9785509596687
7280 995 610 67.9473902216305
7280 1044 646 65.1193372777398
7280 1046 688 67.9445050808967
7280 1047 662 68.536146981542
7280 1065 624 76.0874669485221
7280 1067 696 60.5911276194444
7280 1100 640 65.0830304417307
7280 1127 576 61.2940732579747
7280 1133 696 62.2481782505957
7280 1139 594 58.5894936573142
7280 1151 624 62.9438642502392
7280 1204 664 72.6881620515992
7280 1268 624 62.4801091372994
7280 1330 592 60.7168429619308
7280 1332 646 69.7456932057754
7280 1385 598 69.4171070104986
7280 1450 644 58.9712535776122
7280 1453 610 60.7798154730227
7280 1481 642 72.7999628306344
7280 1495 688 58.86289323959
7280 1563 664 67.8129049734276
7280 1616 642 67.3343118919227
7280 1623 640 57.7796951578161
7280 1666 626 76.2050141792437
7280 1676 644 68.0833283344787
7280 1816 690 72.7259094925614
7280 1821 576 59.6511231734444
7280 1821 688 63.6063916598278
7280 1838 600 57.0998494238425
7280 1886 594 64.3626235949918
7280 1886 598 66.7037327598764
7280 1890 592 74.6183048881048
7280 1917 594 63.6362330176271
7280 1931 646 68.9806264350715
7280 1976 626 68.5040170378962
7280 1986 642 62.5599485684541
7280 1988 662 58.1326557105223
7280 2091 624 63.0318481593509
7280 2108 674 65.0514814892638
7280 2191 624 65.603247602835
7280 2203 690 69.2407288831781
7280 2233 662 63.2459609372464
7280 2296 598 70.4362036338647
7280 2358 608 67.6061390932234
7280 2400 662 64.4454491381377
7280 2446 594 62.8441687936381
7280 2523 624 61.638733402003
7280 2575 696 59.3261932843632
7280 2583 696 57.1734612736453
7280 2590 644 57.722593036018
7280 2615 644 68.3833242267268
7280 2662 690 60.742843054416
7280 2742 688 59.1427672912911
7280 2818 626 74.0748672514099
7280 2851 642 65.3738790777681
7280 2868 598 68.9020476535527
7280 2878 598 66.6311103526668
7280 2931 696 71.9330293115597
7280 2935 696 64.9871016526755
7280 2952 598 68.2623230205377
7280 2961 598 59.423292554645
7280 3002 662 76.3011859894532
7280 3035 662 63.6773134983322
7280 3044 664 75.5051908410023
7280 3076 576 76.6332850073391
7280 3131 600 63.2941939169588
7280 3250 624 60.8494162898366
7280 3265 640 58.8277472473056
7280 3330 642 76.5932732474279
7280 3367 624 69.6994466913282
7280 3425 594 63.1291795698362
7280 3438 576 60.764678828619
7280 3473 594 69.1360005171313
7280 3491 600 67.7249701420813
7280 3504 664 75.175582137134
7280 3507 624 66.5332247629292
7280 3520 644 76.4428207727701
7280 3526 646 63.0227032810857
7280 3651 594 69.1197820783461
7280 3665 664 68.1834201531409
7280 3668 598 70.4665958600732
7280 3757 674 66.2915017378738
7280 3773 598 72.4663080386591
7280 3811 600 65.859893496739
7280 3816 674 62.038841394254
7280 3862 598 61.595945783028
7280 3887 696 73.8746301129601
7280 3909 644 73.5217885414085
7280 3952 610 76.2466538959872
7280 3969 674 56.9027991003702
7280 3978 664 73.6325775813278
7280 3979 594 73.5308954613599
7280 4025 624 63.0267354964965
7280 4063 598 70.6965613693348
7280 4073 626 75.4299464124691
7280 4084 644 60.2320028167732
7280 4111 696 66.5262650510674
7280 4189 600 57.0976422272404
7280 4222 626 68.3712260106285
7280 4239 640 70.2193322135909
7280 4241 642 59.0932093237339
7280 4244 696 67.9910355061891
7280 4311 608 71.673500460687
7280 4315 594 58.5369003410826
7280 4357 664 71.2921814981201
7280 4366 598 61.1619690558758
7280 4375 662 64.5357997104217
7280 4376 624 73.4519816770959
7280 4383 598 72.5889048867976
7280 4422 598 65.404775822036
7280 4432 624 76.2278709157917
7280 4440 576 66.7751818624047
7280 4445 600 74.0250918688578
7280 4449 664 71.2050065143765
7280 4453 642 72.5035659764975
7280 4495 644 61.2979236150758
7280 4519 626 74.6806043662967
7280 4537 600 59.9957784420601
7280 4539 646 62.5448063918025
7280 4566 644 65.668757972021
7280 4636 610 59.6457974329862
7280 4725 662 75.2076025336964
7280 4735 644 61.2415261274501
7280 4740 624 72.8659540205981
7280 4764 598 73.8888051914669
7280 4773 644 70.9789489456787
7280 4826 662 68.0571352307927
7280 4839 598 58.2240529734061
7280 4853 690 61.7463530667524
7280 4924 640 58.3235410410021
7280 4928 598 60.0893877815717
7280 4987 688 59.5125023763711
7280 5024 674 58.3715633290695
7280 5063 642 68.9280384388842
7280 5071 600 75.1391316573614
7280 5098 646 70.5912164306754
7280 5126 642 65.6905061870324
7280 5167 646 70.697640349833
7280 5181 642 57.5166989942356
7280 5191 662 68.435339968882
7280 5219 600 63.2089901859267
7280 5235 696 71.1831774683879
7280 5277 642 60.3233060173238
7280 5281 640 72.340399539461
7280 5297 592 73.7515836155125
7280 5346 646 75.101531341934
7280 5415 674 69.3629957171025
7280 5458 674 69.0550225776161
7280 5470 696 73.6953050259659
7280 5499 696 66.5249171397654
7280 5523 594 70.7798583179997
7280 5526 642 70.268408352782
7280 5534 626 62.8083564733393
7280 5556 646 73.1368171878222
7280 5619 640 73.7787457358758
7280 5638 600 64.9323612622119
7280 5691 576 59.2256232761619
7280 5705 662 75.7949465485126
7280 5715 696 69.7922730343604
7280 5750 642 59.3907807263809
7280 5789 690 58.3059514639491
7280 5847 690 60.1473443670403
7280 5849 644 75.6547406470198
7280 5862 696 73.0431989731517
7280 5947 600 61.2196019731048
7280 5967 576 67.1658103681794
7280 5981 688 60.0650812955346
7280 6014 690 57.4519824148787
7280 6047 696 65.209349587651
7280 6082 624 71.8682437789376
7280 6089 664 60.086268071028
7280 6131 642 63.9434388805605
7280 6150 624 74.917167992521
7280 6231 688 60.533404276972
7280 6236 592 70.8510287501817
7280 6310 594 65.3168457729594
7280 6371 674 64.7174696277765
7280 6424 624 64.5731589401076
7280 6446 610 72.7653429559012
7280 6522 642 64.5829005892245
7280 6536 576 70.894176463937
7280 6609 642 72.2896703673975
7280 6610 598 67.8403000344517
7280 6634 642 68.086099385048
7280 6655 594 72.3239842419956
7280 6670 644 72.3381459645707
7280 6679 626 57.6338076421934
7280 6711 624 60.028400101154
7280 6713 662 67.6295132828109
7280 6772 662 74.7521323793665
7280 6792 624 65.4470797351916
7280 6854 642 61.6136225723288
7280 6859 664 57.8158563283929
7280 6901 662 59.6125833898445
7280 6959 642 69.7017967444767
7280 7000 594 57.0457358154249
7280 7011 642 68.2770930496196
7280 7026 598 65.4902559454785
7280 7027 642 59.1153138408526
7280 7046 644 58.2208382541536
7280 7079 662 75.1114325284931
7280 7143 608 66.7179701651744
7280 7159 598 73.8325205000204
7280 7173 646 62.798032614025
7280 7212 696 64.6511837136375
7280 7289 692 69.3342800033339
7280 7329 610 71.040720634162
7280 7338 688 75.1103041105555
7280 7382 624 71.7875672376663
7280 7385 608 76.3208888438625
7280 7389 674 59.9017505512197
7280 7398 662 72.3024137068203
7280 7443 696 67.0556522058358
7280 7453 662 74.2863822426527
7280 7523 610 70.144823582193
7280 7530 610 62.158788977491
7280 7610 626 67.0647812745011
7280 7632 624 76.0017217765569
7280 7653 642 75.3823004487179
7280 7713 644 60.6380950060473
7280 7765 610 57.2739443526949
7280 7782 674 65.6133644810598
7280 7837 624 61.8197362645486
7280 7889 696 61.4875571152228
7280 7919 646 60.5618100761898
7280 7969 646 62.6750054741943
7280 7972 642 62.8353218238951
7280 7979 626 57.1877654049417
7280 8012 576 68.6431993470834
7280 8067 662 60.4934386084515
7280 8095 576 64.9423981659947
7280 8246 576 72.4255514499007
7280 8367 600 58.3924060650312
7280 8378 696 57.3082159988344
7280 8425 662 70.2572596509477
7280 8448 674 59.7635084540373
7280 8459 674 62.148184599259
7280 8460 662 76.0519029853966
7280 8496 626 64.560839834785
7280 8699 642 60.6881942449364
7280 8767 592 59.1496983469234
7280 8770 592 71.7620142095749
7280 8799 594 64.7667923900776
7280 8809 640 59.2598511668362
7280 8857 692 71.1042418514162
7280 8881 642 72.8029847028603
7280 8884 624 68.361648825081
7280 8954 592 71.9995009413327
7280 8955 696 65.37696300737
7280 9009 600 76.0069252087729
7280 9065 624 67.4939897892462
7280 9075 576 62.3633477870636
7280 9095 690 68.4577935483344
7280 9140 662 68.7996073862184
7280 9175 696 65.2466272572218
7280 9200 688 70.0277739586187
7280 9208 644 68.7985941162228
7280 9211 592 69.3411015375701
7280 9255 664 58.9366084945817
7280 9278 642 72.8784543750904
7280 9292 690 63.3765794058296
7280 9312 644 62.9004805566335
7280 9361 642 67.1079572852694
7280 9372 644 74.2245927479402
7280 9389 624 59.4673574924765
7280 9507 600 71.1005943135726
7280 9511 644 68.7401606458241
7280 9579 642 71.4412238226242
7280 9604 662 62.402145854518
7280 9618 688 57.8305666966964
7280 9740 624 74.6017245775281
7280 9751 608 73.7234773397479
7280 9788 576 68.7572618295778
7280 9839 696 61.2230879594349
7280 9848 642 68.5422112478252
7280 9873 598 66.3890802586843
7280 9902 692 69.2639976266773
7280 9914 642 61.2260590001945
7280 9931 674 71.3066774292595
7280 9961 600 69.0504000001665
7280 9963 576 68.271230543371
7280 9965 626 70.6784640055218
7280 9985 608 69.2962312148771
7280 10063 640 69.4448457838963
7280 10083 642 75.2807352750455
7280 10090 688 72.938315203338
7280 10151 674 70.382729985664
7280 10293 642 57.0716556544125
7280 10296 674 64.5698121727983
7280 10312 626 71.5681012661323
7280 10332 576 76.5580062907176
7280 10341 624 68.0951547213671
7280 10405 644 69.8753007480651
7280 10408 598 61.3981452042273
7280 10436 594 71.0063178855317
7280 10444 690 66.9996299477145
7280 10469 592 70.6721331014301
7280 10526 610 58.5969851098517
7280 10532 608 73.6334657653399
7280 10534 642 68.2107025493017
7280 10549 688 67.2326034872533
7280 10596 640 74.1311824691233
7280 10598 644 75.9519802372487
7280 10701 688 56.8214091955726
7280 10744 626 57.5423510130818
7280 10801 644 71.6269118049495
7280 10810 592 66.5329088101488
7280 10812 644 71.0577947827565
7280 10815 646 58.3490296274695
7280 10817 626 58.9467398224014
7280 10835 592 62.5580961681178
7280 10912 692 70.211546872161
7280 10915 624 67.7211911632809
7280 10916 690 73.8448511728196
7280 10960 600 64.4045614690132
7280 11057 598 65.7543596856781
7280 11199 674 76.5183248216693
7280 11205 626 76.0318379225024
7280 11276 598 69.0993175615322
7280 11308 690 70.8685574029749
7280 11317 576 58.5464559537941
7280 11330 662 69.271988481507
7280 11352 610 61.6082653038768
7280 11391 674 60.405560606209
7280 11394 600 58.2040251809053
7280 11395 624 64.5538374883648
7280 11403 644 70.1032994565625
7280 11419 674 67.2835481833934
7280 11442 664 66.4604972593402
7280 11447 690 71.7046266978543
7280 11520 608 71.4835959726399
7280 11535 626 57.7189334771712
7280 11535 674 74.9702378014291
7280 11560 692 59.7089619006807
7280 11625 598 70.7679332093285
7280 11634 640 58.0181505491088
7280 11690 692 62.7128502511151
7280 11734 592 70.3090780887109
7280 11790 626 76.1033385783751
7280 11793 598 67.7227480603375
7280 11800 626 61.7257522835545
7280 11845 610 65.4210814533955
7280 11982 626 59.0723711675949
7280 12023 626 72.5567780311067
7280 12073 624 59.1386548922807
7280 12074 610 70.927745084103
7280 12105 626 69.8853466153183
7280 12134 626 70.8750403119492
7280 12163 640 58.4275119974369
7280 12230 624 66.8806369522869
7280 12248 592 59.946017021916
7280 12253 646 66.8841507678407
7280 12304 626 64.9498678389987
7280 12309 594 61.4393101037342
7280 12329 690 63.7109552169074
7280 12369 696 60.4736541478241
7280 12372 624 65.0363802248495
7280 12402 594 67.5329231798229
7280 12432 662 67.1399766130094
7280 12432 664 58.933092091312
7280 12433 644 59.0303183387406
7280 12444 598 60.2227258001414
7280 12451 642 73.7129078710029
7280 12489 600 73.8158200644704
7280 12566 688 61.8292021508313
7280 12570 624 72.0482349081235
7280 12586 610 76.619242259349
7280 12611 696 57.7803095296733
7280 12695 576 71.6646760588049
7280 12698 576 63.5061634988354
7280 12700 646 71.5948994510732
7280 12711 688 63.1651429125546
7280 12758 664 68.2032441899808
7280 12761 642 71.4983184208208
7280 12824 608 70.4195353063705
7280 12827 626 62.093394824711
7280 12847 640 58.0438251748498
7280 12855 642 69.6147460504172
7280 12862 690 75.6814618735452
7280 12975 624 72.3702044084774
7280 13005 598 63.4069687079059
7280 13019 640 70.7733096715396
7280 13044 624 66.263209607827
7280 13116 624 65.8162622233072
7280 13121 600 72.9201527294986
7280 13121 696 70.9323828085199
7280 13229 644 69.3230075950788
7280 13257 598 65.7032616821796
7280 13274 626 68.5180000169397
7280 13296 692 70.3572270227782
7280 13338 664 71.9034718100166
7280 13454 594 76.056881161139
7280 13504 688 72.1352145428544
7280 13536 696 72.9981420699046
7280 13559 644 65.0553656821421
7280 13565 662 74.4127246385768
7280 13567 598 61.123007033648
7280 13596 688 75.5218488020972
7280 13614 642 74.271167342325
7280 13619 610 76.4068566432411
7280 13621 696 73.7939258214241
7280 13691 664 70.9779734995379
7280 13706 594 75.4618128747467
7280 13721 576 76.5488413326172
7280 13790 664 61.5180383901072
7280 13814 690 62.8889895536675
7280 13826 674 65.6654301988321
7280 13869 688 70.7859470885722
7280 13870 600 66.7015022767263
7280 13884 688 66.1977390899145
7280 13894 626 74.3052808683274
7280 13903 692 65.0569449880218
7280 13962 594 73.0380279815557
7280 13986 598 68.4827701337687
7280 13990 690 59.6615243855777
7280 13995 624 63.8223308451967
7280 14020 664 63.377405564121
7280 14037 576 64.1310474435599
7280 14065 662 68.6188072466164
7280 14087 576 67.1144147227789
7280 14189 692 65.7999819764852
7280 14193 624 65.9309631930111
7280 14224 640 72.0395318852541
7280 14224 674 57.1738321445251
7280 14256 624 62.5081409551833
7280 14259 646 74.1686866004513
7280 14299 608 56.7573545203291
7280 14353 576 57.123779936576
7280 14367 642 58.5776325751124
7280 14418 662 57.3229207342953
7280 14438 608 58.9182712042454
7280 14469 644 72.0039902501238
7280 14478 592 60.6981381173659
7280 14489 692 64.8570808290805
7280 14494 626 59.069789268638
7280 14495 608 71.465650516972
7280 14500 664 64.2204162112369
7280 14530 644 59.1456733080642
7280 14538 576 67.692093257481
7280 14545 690 67.9350552338391
7280 14568 662 69.4245518687394
7280 14571 626 72.9214950875335
7280 14615 696 68.7356074437369
7280 14630 644 67.3502364554904
7280 14637 642 58.1963029863805
7280 14641 640 58.587855225102
7280 14711 608 60.4064467915553
7280 14734 644 67.6017398465916
7280 14744 626 70.6842342490189
7280 14754 598 60.7442430601242
7280 14828 576 69.6184450041402
7280 14880 640 76.1379740254599
7280 14937 696 75.5685654990298
7280 14964 608 66.8152546046879
7280 14968 642 64.1810678107868
7280 14969 626 75.7994463869449
7280 14999 664 71.9529486553599
7280 15003 600 70.8327798068565
7280 15025 674 66.6990887327478
7280 15040 594 66.5353873254483
7280 15058 646 66.234610195692
7280 15075 600 69.6329018010554
7280 15157 674 66.1511524621578
7280 15166 576 72.9958208457593
7280 15194 594 76.6115043344833
7280 15217 624 58.3007343188465
7280 15303 688 69.0835603039896
7280 15397 688 69.6984051277085
7280 15426 610 58.0755153258748
7280 15466 624 60.7401623366083
7280 15477 642 62.7635547070276
7280 15512 644 73.4189587444537
7280 15594 696 61.6022603067594
7280 15595 592 59.1906445932802
7280 15663 642 71.4338363588102
7280 15716 640 70.0019265699707
7280 15749 610 58.9956965945047
7280 15761 624 58.4524730205939
7280 15762 576 69.7606318660789
7280 15773 594 59.2642618011008
7280 15795 690 71.1836966096376
7280 15800 642 67.1770344441856
7280 15852 592 57.6890049921708
7280 15982 674 64.9761426070285
7280 15991 674 65.9707436171347
7280 16017 688 75.1506612925934
7280 16081 576 62.8692590349497
7280 16097 688 74.4251771509025
7280 16106 592 76.5976692327754
7280 16149 594 70.7724224955046
7280 16155 642 73.3783337874782
7280 16174 696 64.689741402403
7280 16186 600 65.3119787450923
7280 16201 598 74.0985940371015
7280 16210 664 69.5208435755624
7280 16223 662 63.049969721892
7280 16226 640 61.95935809077
7280 16246 674 57.9688709224257
7280 16260 626 59.7034128569276
7280 16270 598 65.2243180756156
7280 16303 640 63.6207456171973
7280 16373 608 74.1263836503745
7280 16380 576 75.4792374260104
7280 16381 690 71.7829167500665
7280 16432 696 75.8067066670749
7280 16527 662 71.4459499275151
7280 16552 608 76.4149732496032
7280 16609 644 70.968840770218
7280 16690 646 61.7211129324776
7280 16701 624 57.5708709831698
7280 16721 642 58.018911260606
7280 16828 688 76.3316627960213
7280 16868 626 57.4930838704473
7280 16879 600 67.1027539132219
7280 16887 600 58.5248313744531
7280 16998 594 70.6521578233479
7280 17045 696 74.837797087218
7280 17056 688 72.262025661874
7280 17152 624 74.0248028144867
7280 17218 696 57.9432066604683
7280 17236 664 68.7357714519394
7280 17298 600 58.9526439526339
7280 17328 664 75.6643775939574
7280 17351 642 64.4565354215429
7280 17374 626 73.8492388968247
7280 17439 674 69.5269637095482
7280 17470 662 76.2160820818836
7280 17517 576 64.7061605764851
7280 17570 690 69.419178153948
7280 17585 600 64.710502091778
7280 17639 646 72.8621091182432
7280 17674 608 72.1814380338822
7280 17742 662 72.3322757226103
7280 17742 664 59.8265593919957
7280 17754 600 74.3600975826981
7280 17768 696 57.1170344465922
7280 17786 644 75.1598149167813
7280 17809 598 68.920549322141
7280 17811 598 73.0166399066842
7280 17833 692 71.1203285078349
7280 17877 610 61.5618202048032
7280 17885 690 65.1124153639275
7280 17941 594 60.9970053965079
7280 17966 594 75.7366504570851
7280 18020 600 74.5506797451298
7280 18041 576 68.235106980287
7280 18056 624 73.3708795693069
7280 18114 594 61.7099015538437
7280 18132 674 71.7374359866784
7280 18162 662 71.6765066520125
7280 18184 610 65.7612831832285
7280 18196 644 57.9764515588562
7280 18199 642 63.4778272094537
7280 18208 626 62.3794421232477
7280 18217 594 74.128380443797
7280 18217 610 71.1038938018735
7280 18263 608 70.1676023692372
7280 18288 690 67.4111273913634
7280 18316 576 59.2984303668274
7280 18344 664 67.874452123086
7280 18345 646 63.312027084112
7280 18390 644 59.9537045768891
7280 18397 592 67.9999283909854
7280 18431 576 70.7912138982281
7280 18441 662 59.6882918140339
7280 18460 646 59.1996564471767
7280 18511 690 68.8169876197058
7280 18520 692 62.0834685634223
7280 18528 642 60.0883345240454
7280 18552 642 60.3266684424881
7280 18590 688 69.1206264123072
7280 18603 600 58.635966308937
7280 18629 624 68.451063809096
7280 18669 610 60.4223591424062
7280 18767 644 70.9421130753171
7280 18824 642 61.8361851390743
7280 18827 608 69.2741086030471
7280 18939 594 69.7728077323939
7280 19021 696 69.3394291295678
7280 19043 674 73.2631159292538
7280 19100 674 61.8135923476434
7280 19120 598 76.0065344351752
7280 19142 598 74.6956884638089
7280 19148 640 65.5771540069866
7280 19153 592 68.7859636324488
7280 19184 600 68.6803194350273
7280 19216 626 68.5176690898438
7280 19234 688 63.3078158223511
7280 19316 594 60.3991566608712
7280 19333 626 70.9085855582263
7280 19415 576 69.9061210942537
7280 19455 696 61.6311763177433
7280 19536 664 63.0162570133531
7280 19582 610 68.5714898729657
7280 19629 690 61.9004876960214
7280 19633 688 71.4079902504817
7280 19671 662 70.6361751565337
7280 19745 640 61.7094102539316
7280 19746 662 67.7317016829715
7280 19775 690 75.5696533777394
7280 19854 640 69.6841143459069
7280 19871 662 67.9303762852493
7280 19882 662 70.3076623455636
7280 19890 624 66.6855121696805
7280 19932 644 70.2847569211611
7280 19965 690 69.9243327656829
7280 20047 646 56.8129434384615
7280 20074 642 63.9053015496565
7280 20076 664 75.9792226397309
7280 20116 600 64.0559778281014
7280 20141 594 76.6265149785728
7280 20164 626 64.0359270094539
7280 20186 696 60.613208442774
7280 20191 598 66.1071010543398
7280 20194 692 71.8729009754882
7280 20202 624 57.5024724743673
7280 20204 624 68.6901218866198
7280 20204 626 64.2163456601462
7280 20213 640 60.562499336623
7280 20319 592 70.1400498169538
7280 20369 600 71.6642873448174
7280 20381 626 57.8331209102973
7280 20405 662 72.9458235069719
7280 20459 642 68.1575315410142
7280 20482 646 71.4425858573697
7280 20490 690 68.1780490661325
7280 20511 640 60.1019018817239
7280 20540 662 62.3532331534829
7280 20550 598 61.5150813478354
7280 20602 674 72.5643610355251
7280 20725 626 76.6943378653132
7280 20759 690 69.4108322135307
7280 20791 664 65.8458046049827
7280 20845 642 59.6028289614173
7280 20856 646 67.9084512216998
7280 20863 644 75.4226707857542
7280 20880 640 64.0408768064229
7280 20901 688 63.5821186219511
7280 20970 642 59.5794200376016
7280 21005 594 64.0897862975024
7280 21014 624 63.3172156333891
7280 21035 662 58.2764951640329
7280 21042 576 72.8949134675043
7280 21099 642 65.8491572175458
7280 21105 576 61.1091003345456
7280 21150 600 74.0910505665241
7280 21161 674 68.8408486108912
7280 21184 626 71.921469875311
7280 21199 688 76.5058358960331
7280 21286 690 74.0465139395585
7280 21301 598 69.056516601836
7280 21335 640 67.0002449870574
7280 21345 610 72.2485604331865
7280 21352 692 64.2873863859128
7280 21371 594 58.0467954640193
7280 21374 642 58.830008581982
7280 21409 664 58.4645259339172
7280 21464 600 66.2400778100649
7280 21495 640 71.4506767164002
7280 21526 674 69.84109212389
7280 21534 690 71.1156276712681
7280 21550 690 68.5118987179626
7280 21573 608 76.0024320429053
7280 21631 646 66.662059251321
7280 21668 626 71.4277825172237
7280 21678 576 63.8863341307691
7280 21712 692 66.4821384315628
7280 21738 624 59.8470366561331
7280 21761 594 60.6427248092502
7280 21767 640 70.907723060576
7280 21770 690 63.1485447076556
7280 21800 598 74.4397391169583
7280 21854 624 60.9461711296924
7280 21867 696 60.4952936803076
7280 21933 692 72.4170019032803
7280 21996 626 68.6941923495388
7280 22034 600 72.4783125616423
7280 22050 644 67.1401485483387
7280 22154 646 67.70373942429
7280 22217 664 63.4000191155548
7280 22220 664 74.8753042418666
7280 22301 624 70.6474711258792
7280 22340 608 63.9244537226082
7280 22348 626 73.5368319908024
7280 22361 646 70.5219205037854
7280 22379 642 69.6041439497684
7280 22503 644 56.7653225666624
7280 22526 690 63.3954015142095
7280 22536 646 61.4564405998053
7280 22547 664 73.0332109119214
7280 22552 644 58.4231938010164
7280 22559 576 62.5645462098083
7280 22584 642 71.5911056178346
7280 22665 662 58.5866691710938
7280 22673 640 62.7261614407706
7280 22692 644 73.4014083524607
7280 22731 598 70.0571895498327
7280 22738 646 71.9363123568007
7280 22896 610 75.4030459638963
7280 22914 662 60.5586718731533
7280 22992 688 60.9118932632726
7280 23011 624 59.085367518387
7280 23012 592 61.337235238124
7280 23193 644 67.6536205350395
7280 23244 624 67.1936748775381
7280 23247 690 73.1953652674626
7280 23267 642 73.1616121629836
7280 23278 644 67.1529415351536
7280 23281 598 71.9220141527391
7280 23318 642 71.555713724325
7280 23341 674 67.0036634567982
7280 23418 690 72.9826615501552
7280 23444 576 58.6336105457502
7280 23444 674 76.4078220688207
7280 23476 642 57.2609323958443
7280 23522 644 60.381076703326
7280 23536 626 68.8589793936047
7280 23593 644 75.6870131458011
7280 23685 674 68.7576247181762
7280 23687 640 67.7656696911126
7280 23732 696 59.8060228389893
7280 23766 600 57.4675098481293
7280 23842 690 69.7456300406872
7280 23882 576 61.2003357967499
7280 23890 690 65.44633720336
7280 23894 664 65.3184186346203
7280 23950 592 72.7333562881516
7280 24079 608 57.287426389742
7280 24103 644 63.2055530602847
7280 24161 644 57.6028639278214
7280 24207 576 60.1637474438295
7280 24231 646 74.1535162959378
7280 24254 640 66.8390522503278
7280 24256 662 57.1842923345943
7280 24264 662 74.7676704134836
7280 24292 624 61.3619454401522
7280 24330 592 68.9295023998147
7280 24335 594 74.1988908046429
7280 24385 576 64.3342289381542
7280 24465 624 59.0847378429665
7280 24514 624 64.9757426583799
7280 24672 576 73.2193677427154
7280 24693 594 72.6439919626668
7280 24755 690 65.024116321499
7280 24794 646 60.9646679661935
7280 24801 592 58.3894880020573
7280 24812 576 70.7527991708712
7280 24821 640 68.8941256156588
7280 24823 600 59.7829666441868
7280 24829 624 66.0285056206557
7280 24839 594 58.9158522104096
7280 24896 600 69.3524945051465
7280 24905 690 58.7058108353882
7280 24929 674 56.8831184815689
7280 24945 576 63.9277321416961
7280 24946 642 70.7050034183512
7280 24956 688 58.6206465131907
7280 24969 662 74.7860572940767
7280 24987 626 58.5040784975944
7280 25060 690 71.0228618775004
7280 25077 600 76.3673702435966
7280 25110 644 59.6340949991311
7280 25115 662 62.9756699454652
7280 25139 690 76.1396464597881
7280 25157 662 57.4065819376383
7280 25164 662 75.3746071397957
7280 25180 592 72.7224234658491
7280 25257 690 63.040506420873
7280 25279 674 58.7360157716334
7280 25317 624 66.5102053473927
7280 25332 662 71.7777340279699
7280 25334 608 73.2088052028709
7280 25375 690 63.1285899408312
7280 25376 608 68.5391974376238
7280 25470 576 58.664893332319
7280 25475 610 64.1856484715759
7280 25531 696 68.4157886166065
7280 25538 664 60.4532657588102
7280 25589 626 67.9155455553495
7280 25607 624 58.2149954198401
7280 25667 598 74.6045143183656
7280 25714 576 67.6574082238064
7280 25717 624 74.3705730682267
7280 25751 644 65.2786723800834
7280 25803 600 57.0134030734503
7280 25946 594 63.001377288246
7280 25983 696 68.3853456497354
7280 26060 692 58.2012700191755
7280 26065 664 72.2741438736835
7280 26105 646 65.6326881759501
7280 26119 688 63.6763702324978
7280 26150 662 63.4339969547909
7280 26167 592 66.4014877181849
7280 26215 624 72.5198930236717
7280 26232 674 74.0542546252206
7280 26243 600 67.3816267898173
7280 26260 690 76.133210880207
7280 26277 642 64.9192520361007
7280 26298 594 70.0883772401498
7280 26306 592 70.4199854164468
7280 26323 592 58.0591903924786
7280 26429 626 63.6481177326827
7280 26459 644 76.3838340516483
7280 26475 644 70.2122550748044
7280 26537 626 73.5008160009546
7280 26547 624 67.6738033832946
7280 26561 610 63.1456255795881
7280 26574 674 65.2855344085986
7280 26576 608 59.6031847629639
7280 26608 644 64.1887964215167
7280 26617 576 58.7053713348595
7280 26638 674 69.0128127903175
7280 26669 644 67.49141396207
7280 26673 674 65.435127106792
7280 26677 608 65.1035727871181
7280 26679 576 63.3500921908064
7280 26816 642 73.0411571793415
7280 26957 576 61.2171291878162
7280 26989 626 74.4896672054485
7280 27051 594 63.844237637327
7280 27132 640 60.0586953923433
7280 27139 594 63.8863912316823
7280 27176 600 73.4580342335918
7280 27197 688 69.5108062447795
7280 27209 690 60.1784031944553
7280 27268 690 62.2491320144741
7280 27344 592 58.2227735756837
7280 27385 642 68.9608451315844
7280 27441 610 66.3341769504512
7280 27528 688 73.8351238754916
7280 27538 688 59.8913762339252
7280 27564 674 69.2300200195612
7280 27582 690 62.6326529941159
7280 27650 688 61.3872351052686
7280 27654 646 64.4627354183106
7280 27675 642 69.3057239177475
7280 27679 594 72.5004506953064
7280 27688 600 64.6753594766594
7280 27721 608 72.2101645600045
7280 27744 662 76.1085396675891
7280 27749 696 70.556935517049
7280 27780 624 60.2507920145018
7280 27781 608 73.6724845685975
7280 27791 626 72.0019867547308
7280 27809 594 60.9301902911814
7280 27831 664 66.6062026672757
7280 27843 644 59.5642009005404
7280 27876 624 69.8014006441171
7280 27914 600 73.2086428794083
7280 27918 576 68.2701741779901
7280 27955 690 73.5111670564868
7280 27960 662 70.6922599384751
7280 27971 598 58.6891611322533
7280 27976 626 64.6880647555304
7280 28037 624 62.575138912891
7280 28079 662 63.6265073108565
7280 28091 640 60.2831950660838
7280 28110 598 70.9462055149624
7280 28110 600 73.6089833339165
7280 28116 662 66.7380461542193
7280 28161 662 59.6452955293734
7280 28165 598 69.7203174000456
7280 28212 674 61.3821034819187
7280 28228 662 60.0768888224438
7280 28292 674 63.6353882505673
7280 28302 624 61.9601225242661
7280 28453 640 61.4583253178395
7280 28460 644 58.7283727804957
7280 28473 610 70.6174998173208
7280 28520 592 62.0666413605485
7280 28534 624 68.4065297293876
7280 28557 608 65.1985529489681
7280 28584 626 67.3522243063278
7280 28623 640 69.0612782158745
7280 28722 626 59.9806617638799
7280 28744 626 68.0130341082604
7280 28757 598 71.3095781243643
7280 28775 598 57.0863948561094
7280 28836 662 60.6485174398506
7280 28913 626 75.3943001755354
7280 28920 644 66.1382087381935
7280 28952 576 71.5163505952346
7280 29030 688 75.4066723853194
7280 29047 690 69.9621416728686
7280 29090 644 66.8497994410586
7280 29163 608 61.8703108049889
7280 29207 576 66.7248423169608
7280 29219 696 72.1592389423713
7280 29270 626 63.4158465316903
7280 29287 624 64.803945846729
7280 29325 624 74.6749654328058
7280 29342 690 70.269173164285
7280 29342 692 63.0721355008069
7280 29365 662 59.6044283915352
7280 29400 664 74.0268940972626
7280 29402 598 76.0214217001343
7280 29410 608 61.8679505141943
7280 29448 688 68.5765716737455
7280 29524 674 65.1780464229207
7280 29572 594 56.9453646757642
7280 29613 642 63.787691207026
7280 29621 576 59.3295252973632
7280 29672 624 62.4434880618747
7280 29713 624 57.8438204589528
7280 29728 610 62.3263525824811
7280 29738 690 76.6334306490659
7280 29784 594 65.2495319392196
7280 29788 642 62.6110295243917
7280 29825 642 65.76826968231
7280 29897 594 72.5329480676247
7280 29917 644 65.254859598514
7280 29930 696 58.9579468026653
7280 29959 608 68.8329359087452
7280 30015 644 67.1252693305728
7280 30024 674 69.1924743623548
