7275 2162 610 62.1687705993307
7275 2260 674 61.3213130518301
7275 2291 610 70.2713442019457
7275 2404 640 74.3438708814052
7275 2426 690 76.5087994077111
7275 2551 674 58.2527118444796
7275 2654 674 62.3203374548863
7275 2660 576 66.1451111391875
7275 2664 646 75.1581972393017
7275 2739 644 73.2998274196391
7275 2766 576 59.6300011543429
7275 2838 690 74.6039258854015
7275 2864 594 70.3776272974366
7275 2886 642 75.9077963784662
7275 2907 640 68.7084110083394
7275 3032 640 60.0886645086906
7275 3088 608 67.7682414570285
7275 3102 690 68.6991613753004
7275 3103 674 73.9777819353989
7275 3272 592 67.8221069976492
7275 3322 640 58.4469299641997
7275 3380 640 67.1910191999678
7275 3394 600 69.8855009385305
7275 3410 576 76.644905128876
7275 3432 674 58.4404591879283
7275 3433 608 68.0264754004852
7275 3492 664 59.3437548475752
7275 3519 664 69.2231669071444
7275 3590 692 59.7865746488164
7275 3679 600 59.7619903522669
7275 3682 610 64.4618279445973
7275 3704 690 68.6423959688699
7275 3720 608 71.5549745615185
7275 3741 640 70.6201771104408
7275 3749 600 70.7284581757959
7275 3797 608 64.0858590786094
7275 3811 688 69.6052275183159
7275 3935 598 72.6233892068388
7275 3991 608 62.0147837817108
7275 3993 598 71.449130941527
7275 4090 692 70.8081642378412
7275 4180 600 57.7277628726877
7275 4192 662 59.6300959798997
7275 4250 600 59.6319986724743
7275 4357 598 63.1666075898716
7275 4390 592 74.3406180332532
7275 4399 598 57.4630934285828
7275 4446 690 67.8351187597828
7275 4477 594 57.770243528678
7275 4513 692 75.1537470492799
7275 4519 600 69.9848658546684
7275 4556 690 56.978071290023
7275 4610 610 56.9344761119401
7275 4703 696 62.7138379424549
7275 4733 624 68.8811125537955
7275 4862 600 60.6737772057063
7275 4898 600 65.4600320399353
7275 4916 592 73.4065907628168
7275 4985 662 62.3668322446336
7275 4990 610 58.2233028151144
7275 5009 608 61.0120126205092
7275 5075 674 72.658317623096
7275 5167 610 74.3787395149536
7275 5178 664 64.3959029988735
7275 5186 674 62.0128097526573
7275 5218 674 62.108608658776
7275 5260 696 68.1751855782116
7275 5383 674 64.9943005641407
7275 5384 598 58.0265151084826
7275 5397 662 66.9064292903771
7275 5457 696 59.0333797792559
7275 5534 600 70.6515895911088
7275 5563 674 62.3312597338141
7275 5578 690 65.4617993466156
7275 5612 594 68.6656805700146
7275 5631 594 73.3596812362831
7275 5636 626 63.5330239032349
7275 5641 598 59.6325485370667
7275 5719 624 74.050664268344
7275 5756 664 61.0719454119142
7275 5759 646 66.0098339930367
7275 5764 662 73.8861389141334
7275 5799 662 73.5211501479419
7275 5802 696 70.894841870797
7275 5810 664 66.2782833568991
7275 5850 696 75.2520558676775
7275 5893 690 58.67135863842
7275 5933 664 76.1971746896081
7275 5961 690 62.6134558264595
7275 5974 664 61.0094548701365
7275 5986 598 63.2041331121403
7275 6005 592 61.2347901967657
7275 6011 576 69.5710316487603
7275 6034 662 61.87903937095
7275 6166 600 62.3817375331658
7275 6196 608 69.3899273401731
7275 6235 662 58.1307938394518
7275 6254 594 69.856489695101
7275 6258 644 72.3848959267998
7275 6267 626 62.9910201708853
7275 6292 690 58.4812869916599
7275 6310 662 64.4873025633213
7275 6319 594 58.8721849103955
7275 6331 600 62.9664107431951
7275 6367 644 68.4817041615751
7275 6385 608 74.2887475642492
7275 6449 692 64.8298204995248
7275 6493 598 70.5869420386459
7275 6502 598 61.472975578796
7275 6548 646 71.8882337798732
7275 6606 646 60.7867338769799
7275 6664 664 58.0129285234665
7275 6694 640 66.350801469304
7275 6753 608 66.0802471939172
7275 6758 608 69.7642991532066
7275 6789 646 71.4268950159828
7275 6814 688 62.1159102140375
7275 6822 608 75.3355461815854
7275 6844 664 74.8550591292303
7275 6859 608 75.175009158163
7275 6872 662 74.5468744682845
7275 6909 608 73.769608949312
7275 6954 662 75.4255540344745
7275 6956 594 59.8788650298123
7275 6991 664 61.0861589445871
7275 7045 624 70.1057095658515
7275 7063 600 74.5631140989842
7275 7083 600 61.6283503186988
7275 7093 600 65.1516140398136
7275 7196 598 58.140384336782
7275 7199 674 75.1330027357509
7275 7204 688 57.4419183823997
7275 7287 692 75.4905798859508
7275 7327 624 57.4841022952141
7275 7370 624 57.4116339402843
7275 7421 692 62.1205082628781
7275 7422 608 76.4325956497673
7275 7435 600 72.5712318570374
7275 7442 642 76.6127463961649
7275 7743 600 69.8915442923154
7275 7753 690 62.3051366423305
7275 7873 688 59.6510977128456
7275 7886 690 72.1744890890639
7275 7934 608 67.0542861089953
7275 7946 626 61.3791646143258
7275 7973 674 75.1844823256467
7275 7975 576 72.3264219726388
7275 8011 624 63.3180842695795
7275 8027 600 68.4285816292007
7275 8049 598 75.1658465702655
7275 8052 598 74.4901732400731
7275 8065 696 66.4508908687929
7275 8080 624 57.0721250333209
7275 8091 662 70.2410241091036
7275 8131 662 66.0948143021968
7275 8266 696 59.6229437558405
7275 8280 600 57.8566346047393
7275 8289 592 59.0806395853941
7275 8296 696 73.5365336948266
7275 8300 662 67.2969168979829
7275 8315 608 69.4789338184511
7275 8334 608 56.9260789396146
7275 8421 674 70.8367721322828
7275 8663 662 73.0904932276
7275 8695 576 73.6381473775208
7275 8806 594 66.488864250145
7275 8806 600 59.3856752231309
7275 8811 690 73.591432119826
7275 8834 640 58.681383468021
7275 8895 640 71.0372809055047
7275 8915 626 69.9539768511358
7275 9074 626 60.8194562427456
7275 9115 598 76.2078428034713
7275 9159 608 70.204388782949
7275 9181 674 70.3726132767368
7275 9198 626 69.5877950280963
7275 9242 608 69.5984595901982
7275 9250 662 65.4286268022605
7275 9309 640 61.5661318027614
7275 9380 608 72.2416421137962
7275 9405 624 62.8315886799211
7275 9507 674 73.926492306947
7275 9566 610 74.0274164997128
7275 9630 592 70.7230002827216
7275 9638 662 66.8877015021024
7275 9674 644 61.4154556124268
7275 9809 662 70.4036681025959
7275 9860 646 74.7771795038402
7275 9878 624 73.185597379234
7275 9888 624 63.0983563604672
7275 9913 674 63.4743348428171
7275 9918 662 71.3679140223578
7275 9935 662 61.1433363097616
7275 9959 608 71.5930794399365
7275 9977 646 70.4141945944528
7275 10000 608 64.2263179401587
7275 10047 598 59.0290299327303
7275 10084 626 58.4175657195981
7275 10095 664 60.9111664701629
7275 10100 646 70.4611604814322
7275 10137 692 63.3109905255237
7275 10147 662 71.6208291399753
7275 10154 624 76.4786623904881
7275 10177 598 65.7600385609155
7275 10203 644 63.1337697353478
7275 10271 608 75.1689030683574
7275 10339 690 59.3844521327415
7275 10393 594 69.7939663057923
7275 10406 646 57.733015342532
7275 10451 662 57.613286503026
7275 10464 662 69.6761075790779
7275 10469 626 75.0826803081138
7275 10478 642 64.8260542793175
7275 10485 624 66.3182581858279
7275 10535 690 66.3749399408052
7275 10543 642 65.4341935185383
7275 10546 608 65.4953737864232
7275 10552 646 70.6821493402867
7275 10587 624 73.3715743121906
7275 10592 608 61.5536075720354
7275 10598 644 74.5240043037184
7275 10620 642 65.9482526835869
7275 10636 664 62.185843910417
7275 10653 594 71.952626507007
7275 10688 594 65.861980756181
7275 10713 610 66.5620915363208
7275 10781 644 64.4982021869743
7275 10810 600 69.2338077874642
7275 10823 688 64.5141501810108
7275 10925 674 75.9487354003095
7275 10968 600 61.2562393420705
7275 10979 642 60.7482726374981
7275 10994 626 60.1221964519898
7275 11019 640 72.555433367258
7275 11061 644 73.5203835649536
7275 11067 662 67.4603185646848
7275 11104 608 71.9962599794004
7275 11107 644 61.6241425201716
7275 11142 598 72.018653537283
7275 11216 594 60.4086810275425
7275 11226 626 72.1978925636356
7275 11231 626 61.907335277731
7275 11266 608 60.2078759882528
7275 11284 594 73.3589184983761
7275 11287 608 72.881872885267
7275 11302 576 70.6095829262544
7275 11353 592 58.5494536077887
7275 11391 598 58.9076388453847
7275 11395 576 65.9783884895186
7275 11425 608 71.379838365506
7275 11430 696 71.2102647785384
7275 11461 688 72.4086218685904
7275 11543 594 61.7202942104779
7275 11666 624 73.6526115769857
7275 11768 600 72.4584548255095
7275 11791 646 57.053512635572
7275 11815 690 70.1324264550165
7275 11854 646 60.8896125414385
7275 11874 646 75.4704626043559
7275 11884 646 72.7910907685852
7275 11889 688 57.5919690394932
7275 12010 662 63.8204195901483
7275 12010 664 71.3670224921323
7275 12046 644 59.9212667856891
7275 12113 696 59.6418484176463
7275 12142 598 56.769170402809
7275 12179 664 75.234753255291
7275 12193 600 69.9626281634234
7275 12225 662 73.7777605930267
7275 12242 576 74.8484524402748
7275 12259 690 63.5541273806956
7275 12316 662 58.5052825293554
7275 12318 688 75.7776684066565
7275 12463 662 69.4990196472719
7275 12472 644 72.4467126582064
7275 12490 624 61.6923903091195
7275 12503 664 68.9531469649701
7275 12562 664 69.8143523486888
7275 12567 626 68.4866239668429
7275 12651 640 56.8317332328444
7275 12689 626 72.3093178548172
7275 12707 576 64.4616710121223
7275 12725 640 62.1325246810771
7275 12751 600 57.0665351987511
7275 12760 664 72.8723787970557
7275 12770 626 71.5253608979902
7275 12864 626 73.8580541511532
7275 12877 592 73.1944467056175
7275 12888 674 72.4674065602846
7275 13017 644 61.3118696449402
7275 13027 592 60.8424143478064
7275 13094 664 64.0359931547782
7275 13120 624 69.1132237204442
7275 13230 644 66.6294975964896
7275 13281 624 67.9155606835459
7275 13288 664 60.819691549929
7275 13341 640 75.9213410437075
7275 13420 690 76.5073634543568
7275 13511 598 75.3153631847399
7275 13574 624 61.8354320531304
7275 13606 664 65.1177118223364
7275 13656 644 65.184942374007
7275 13714 576 57.9495066355189
7275 13755 664 56.7471617676974
7275 13791 688 61.9226262446355
7275 13910 610 61.1940017731613
7275 13924 640 57.2925633428464
7275 13969 692 67.6624053195703
7275 14065 696 69.6163861399843
7275 14080 662 73.7922409619058
7275 14099 642 61.6807458875036
7275 14206 624 59.4980110353651
7275 14228 690 60.3206469173814
7275 14236 646 66.8533258469118
7275 14316 598 73.0762459796755
7275 14353 662 69.7289353505286
7275 14380 626 69.0819034371332
7275 14407 642 71.5349466120311
7275 14450 662 73.8662789718855
7275 14590 608 73.2338215507616
7275 14602 644 65.6876486800573
7275 14632 696 61.3533883001277
7275 14645 608 63.3549106507463
7275 14688 600 70.4982150992658
7275 14749 644 62.1100805691988
7275 14756 600 60.6701463984582
7275 14785 598 71.6428534879323
7275 14807 600 63.133839266632
7275 14885 690 67.9092464044563
7275 14914 662 65.9755371409821
7275 14922 624 60.9345689215088
7275 14958 674 63.9548191000981
7275 14968 644 61.4395386574444
7275 15144 624 70.0095314748802
7275 15164 664 59.3109758056284
7275 15176 576 69.4201323331333
7275 15201 696 61.9412867255463
7275 15235 642 65.9994781816165
7275 15275 690 59.9461467946702
7275 15365 664 70.6252237720672
7275 15393 688 72.1195224958602
7275 15403 608 70.8971388403446
7275 15415 662 62.7615516439096
7275 15453 646 59.2406773391588
7275 15529 664 62.7760264213175
7275 15561 610 66.3451491976935
7275 15563 674 58.7591741431573
7275 15565 594 75.4615011412106
7275 15614 624 63.6600381138046
7275 15622 646 64.9165721383373
7275 15671 644 65.795809527572
7275 15678 690 75.073326637373
7275 15731 626 65.1378892379417
7275 15747 594 61.1498606910311
7275 15972 692 71.668645738726
7275 16027 598 57.5226750825377
7275 16116 600 75.816465141936
7275 16137 662 56.98958697455
7275 16143 642 73.456931904165
7275 16146 608 70.1371816889963
7275 16204 688 71.0201535531521
7275 16263 688 71.8480551662624
7275 16313 646 68.0720833574966
7275 16327 662 67.3991405232648
7275 16391 576 65.3018632746832
7275 16427 608 67.7610116676056
7275 16451 610 76.1626092864999
7275 16460 644 60.2038306792694
7275 16483 674 59.2516592076802
7275 16571 644 65.3857717934179
7275 16579 640 56.7981933267278
7275 16588 664 58.4279052074698
7275 16628 610 67.4793074416749
7275 16696 662 71.9080925141495
7275 16753 646 64.094522567985
7275 16776 696 68.813739718037
7275 16793 690 60.277821251287
7275 16822 642 69.6064743153014
7275 16827 600 70.5039909848774
7275 16837 598 59.2353220943751
7275 16903 642 58.8466813465225
7275 16944 696 76.6848191249762
7275 16952 690 70.9251651783742
7275 16962 644 56.8774344757217
7275 17038 608 65.7845479241343
7275 17183 644 69.0822431898328
7275 17184 688 70.0327896982564
7275 17205 692 66.088769946741
7275 17300 662 73.2016137037042
7275 17312 642 60.1981070197308
7275 17363 690 57.3810733117226
7275 17398 664 67.2060392907316
7275 17417 642 65.9797915808387
7275 17438 642 58.5267081036533
7275 17501 608 72.0229658999532
7275 17550 610 69.0345776672434
7275 17553 690 59.313193115851
7275 17554 576 71.5095334567127
7275 17573 594 68.6266581621122
7275 17600 624 67.8071599310586
7275 17609 644 61.8499995748171
7275 17654 598 71.5592662564204
7275 17678 690 70.3745202607016
7275 17683 626 74.2781767421544
7275 17745 592 69.2179101046484
7275 17786 642 63.4857386230447
7275 17834 624 60.0584964541306
7275 17885 662 68.3200957318744
7275 17972 608 73.8435367513865
7275 17981 610 74.5500125706734
7275 18018 644 62.2825286402958
7275 18108 598 72.9551941546366
7275 18119 692 75.684581771785
7275 18135 674 62.2925173878852
7275 18148 674 75.4178454008808
7275 18180 642 75.2642040129885
7275 18224 600 69.7159257264751
7275 18229 594 68.7829904608074
7275 18239 664 75.644495705155
7275 18251 690 60.2896308457963
7275 18336 576 62.7787561191217
7275 18345 610 71.0983878053016
7275 18367 662 69.4051666113243
7275 18370 662 69.3918789236413
7275 18431 644 60.2415221527853
7275 18436 644 62.2063558617946
7275 18461 646 60.1183513819346
7275 18467 642 56.8268980188107
7275 18484 662 66.2910001430646
7275 18536 696 67.54667334055
7275 18650 576 57.314906700297
7275 18662 664 62.6577680061756
7275 18685 598 76.3650299375675
7275 18693 646 62.5680389874385
7275 18726 594 73.8702854489493
7275 18737 626 67.2267191613997
7275 18741 626 72.0327256930794
7275 18761 642 61.170377602834
7275 18806 600 75.7162019339466
7275 18830 644 60.026869187201
7275 18836 688 66.0288921579822
7275 18865 640 68.6197964303827
7275 18936 608 58.6840090595079
7275 18937 592 73.2315736170314
7275 18985 642 71.710824901424
7275 18999 644 64.4592184819122
7275 19002 690 72.2938316395222
7275 19007 662 72.0129801612691
7275 19123 642 60.3009877257305
7275 19255 644 71.299590022578
7275 19266 662 76.5015205019488
7275 19301 576 66.071548080635
7275 19324 598 75.8416975564458
7275 19348 624 65.9652001900902
7275 19357 626 59.5134074259015
7275 19360 662 64.6282807515966
7275 19363 662 66.9707381767798
7275 19419 662 67.7303234774115
7275 19430 646 72.5518063079435
7275 19444 598 73.4078533162595
7275 19445 690 60.620262308034
7275 19464 600 75.2686703962712
7275 19542 610 57.8444640812434
7275 19550 576 72.4466562854688
7275 19561 608 72.1232617385886
7275 19585 646 67.0739341942892
7275 19612 644 63.0942189471701
7275 19683 662 67.2451967248479
7275 19780 646 57.1386245719231
7275 19793 674 76.0565974319962
7275 19893 608 58.2598953529492
7275 19893 626 67.355553537117
7275 19958 646 68.1401068761818
7275 19962 690 66.4730837432938
7275 19986 600 72.0286244298657
7275 20027 598 64.8317411836806
7275 20027 626 67.0447737243996
7275 20041 662 64.7446602849074
7275 20049 642 60.7692232762079
7275 20057 642 74.6857226963679
7275 20071 600 67.440935543582
7275 20118 600 73.591003190648
7275 20142 644 68.9208634226206
7275 20142 692 73.0201451963544
7275 20170 644 76.5476512542048
7275 20171 646 76.0044712054421
7275 20218 646 67.9896563409764
7275 20291 690 74.8943592398251
7275 20371 642 67.520762190012
7275 20395 624 61.0895001824771
7275 20471 576 74.0428003202537
7275 20495 608 58.6318088654357
7275 20550 646 59.3325516444789
7275 20551 624 70.8269810076473
7275 20574 610 74.0657089218821
7275 20592 662 67.1901536871721
7275 20620 662 67.4220698761115
7275 20630 644 74.4961337434791
7275 20651 690 57.6266096717541
7275 20703 642 61.6789664736606
7275 20741 664 64.071222121481
7275 20765 610 57.0241780844659
7275 20818 642 70.5712731800016
7275 20850 674 68.864883524908
7275 20870 642 66.4525355422294
7275 20917 598 65.5513450526759
7275 20937 674 63.2792470927163
7275 20950 688 60.9247010046176
7275 20958 646 68.2097679207969
7275 20972 664 65.8254262287721
7275 21015 608 62.2957941717936
7275 21039 688 74.4847467669145
7275 21079 696 73.510348731321
7275 21150 662 62.7015946028453
7275 21228 624 68.5501312026079
7275 21257 610 61.5843138068283
7275 21307 626 59.1832838388326
7275 21399 644 56.7658870825692
7275 21428 644 57.1410146573677
7275 21446 600 70.6129424278255
7275 21453 674 59.5892559359065
7275 21459 598 62.4644331290173
7275 21494 610 66.4271640198929
7275 21503 610 66.2908557038306
7275 21528 600 65.8532133298048
7275 21629 674 62.3524831079041
7275 21707 646 57.140602950141
7275 21719 624 59.3552822662154
7275 21726 674 71.7751752711213
7275 21727 594 58.3317312621553
7275 21748 692 61.8148450740252
7275 21823 674 71.9707141126767
7275 21831 640 57.5808268735208
7275 21886 644 62.9420654139652
7275 21892 592 75.5131620425422
7275 21954 690 57.7706744994334
7275 21958 598 68.7050136806845
7275 21961 594 64.805564431556
7275 22024 608 59.8793361286844
7275 22038 664 60.7837293543683
7275 22101 662 63.9611821498722
7275 22122 610 68.909281516108
7275 22174 674 66.6937722934699
7275 22210 626 58.3744318280615
7275 22241 644 66.5881972282406
7275 22270 598 64.8064344627427
7275 22279 642 74.6644249212765
7275 22317 662 64.1950029289841
7275 22363 692 76.4757489929665
7275 22369 592 70.4442365348584
7275 22427 592 62.1313772171545
7275 22434 594 66.9632195498319
7275 22547 626 60.7145276717051
7275 22602 692 57.30301101435
7275 22650 594 65.9384941211854
7275 22705 608 62.1370735585487
7275 22740 626 62.2640675709635
7275 22774 600 58.088101207935
7275 22805 626 74.1105638769087
7275 22884 674 62.9834196591979
7275 22907 592 59.5311533609073
7275 22983 646 66.5308609087071
7275 22997 594 76.2233599254841
7275 23043 624 58.2163919188026
7275 23138 644 67.0970320787683
7275 23178 642 72.9170541439134
7275 23247 674 60.8275277855629
7275 23255 662 73.409341161979
7275 23259 674 62.5620253685716
7275 23282 608 66.1546425575485
7275 23328 674 66.8598692929156
7275 23400 576 64.7043034253275
7275 23408 576 60.1798906260317
7275 23478 608 70.6224844863789
7275 23505 594 72.8017700356542
7275 23542 640 61.7279746183649
7275 23602 626 71.5210515723435
7275 23615 600 64.9147444285839
7275 23840 624 65.762915248265
7275 23850 674 59.4975652291897
7275 23850 696 64.0768487011541
7275 23902 592 60.287947468217
7275 23955 664 59.537473898953
7275 23967 646 70.6076337448486
7275 24005 664 62.8854625824342
7275 24085 600 66.4039818957741
7275 24166 662 74.4935464596358
7275 24213 664 71.7616502614575
7275 24285 688 66.7952132345656
7275 24320 600 75.0788648418081
7275 24344 690 64.9629057381266
7275 24356 576 64.5207078770875
7275 24361 674 66.0863930106373
7275 24365 674 68.2015769186312
7275 24431 640 60.3560765695226
7275 24551 594 75.7757194433731
7275 24600 610 64.6547304640567
7275 24609 594 63.4245593986531
7275 24616 642 61.5984559669798
7275 24654 610 75.4564046323005
7275 24669 662 74.0195519162204
7275 24732 576 62.8063057200247
7275 24800 598 71.6792807286605
7275 24810 576 58.9421686231008
7275 24830 576 60.766295929499
7275 24842 688 68.0242772187331
7275 24955 644 66.5273732116818
7275 24981 640 68.3304846753541
7275 25001 600 66.243603513627
7275 25015 644 61.7852630952366
7275 25042 644 59.7662117011579
7275 25066 664 69.3943891250674
7275 25157 576 71.5062086748064
7275 25158 644 71.5532139284354
7275 25176 688 75.4001828542583
7275 25202 592 73.0221794575143
7275 25266 624 65.3006891509007
7275 25328 600 70.3844528484011
7275 25402 692 64.7774313156001
7275 25444 610 74.0400729007065
7275 25470 600 76.5302312647007
7275 25516 624 63.2855114721583
7275 25533 646 72.2549325968227
7275 25557 640 70.1725115193476
7275 25585 576 76.4148846889236
7275 25628 610 76.2575630639575
7275 25698 576 73.5973288095118
7275 25746 692 65.6364367438016
7275 25770 600 71.4793870693873
7275 25793 662 65.5842602298322
7275 25840 576 74.6706686129117
7275 25932 624 73.4143015563861
7275 25949 594 62.784740218157
7275 26010 594 61.3627719314376
7275 26022 646 71.695021335707
7275 26030 610 56.7216174237078
7275 26068 600 63.4979577727018
7275 26133 696 61.8867846654551
7275 26146 646 72.0566838885361
7275 26206 594 72.737964403317
7275 26207 674 69.0700557134126
7275 26252 646 59.1528531420987
7275 26276 610 71.5433658313066
7275 26321 626 72.432353480645
7275 26355 692 74.8979227421754
7275 26438 662 71.652908863828
7275 26471 626 63.5212558171574
7275 26529 640 68.4204701481536
7275 26551 688 73.4110865745392
7275 26557 576 73.0867996138251
7275 26601 576 66.0049271138426
7275 26648 688 58.0849377601514
7275 26650 576 56.8933418379542
7275 26658 608 61.4005459058467
7275 26667 600 75.9338865950332
7275 26756 688 64.5742081799142
7275 26775 598 57.9119278381973
7275 26801 598 76.4660418268679
7275 26810 594 70.9591570696823
7275 26822 674 60.5777604807485
7275 26841 664 58.7933314657712
7275 26879 662 59.8953016260785
7275 26902 642 75.2423683756952
7275 26904 642 62.3916304782727
7275 26905 674 60.0631180775614
7275 26929 594 73.9746733374276
7275 26986 594 73.2084460911562
7275 26993 608 67.3919919820821
7275 27000 696 62.1815216341487
7275 27015 692 72.6687399878831
7275 27021 576 72.1075305406921
7275 27135 600 56.9539056754519
7275 27162 624 73.8974426943068
7275 27201 640 76.0557138768095
7275 27243 608 76.3332904152435
7275 27319 692 60.4529679802758
7275 27409 608 60.8601671211262
7275 27443 592 64.4070373879513
7275 27487 600 75.8770520440769
7275 27535 662 57.1366504686165
7275 27553 646 62.6422809373367
7275 27602 644 68.6145882185199
7275 27641 576 58.599251214265
7275 27691 600 62.045612139906
7275 27733 598 73.4738734777207
7275 27735 576 63.4448056060957
7275 27750 690 75.7035280696673
7275 27788 690 59.1891602689591
7275 27798 608 58.5426230032442
7275 27813 696 68.7278859889046
7275 27835 688 60.2094299461176
7275 27848 644 69.8607339015757
7275 27863 642 69.7694729879224
7275 27935 624 57.2700849918241
7275 28033 598 67.6439197136546
7275 28227 644 57.6681339403376
7275 28247 624 65.2697228871005
7275 28260 608 68.274070920799
7275 28268 624 60.0994464511078
7275 28338 664 64.981246967134
7275 28342 626 74.7557026895952
7275 28374 624 72.9903364199372
7275 28461 626 74.1163708300715
7275 28644 642 67.1749137083628
7275 28766 640 72.7866324695278
7275 28766 688 76.4575675518834
7275 28769 674 65.546526370332
7275 28835 600 60.183910722304
7275 28919 644 69.8130484894463
7275 28926 640 63.3013822714728
7275 28945 600 72.5048684542825
7275 29027 576 57.3248372264679
7275 29031 594 57.0084589371014
7275 29040 696 70.2804964159342
7275 29099 608 63.367902108639
7275 29126 576 62.8194039301041
7275 29139 608 60.5173010062653
7275 29146 608 65.8531392415935
7275 29329 644 70.9717865167296
7275 29345 610 62.7666691160201
7275 29360 600 66.7927592133325
7275 29454 692 59.7095191908209
7275 29609 690 65.798189108628
7275 29618 576 58.260147263106
7275 29623 626 64.7851361331343
7275 29705 608 66.4318219171631
7275 29739 688 60.5753705156101
7275 29812 598 62.8243147402852
7275 29865 644 71.3847774453149
7275 29876 598 66.1063554968767
7275 29891 576 58.2943783419825
7275 29907 626 72.4017275043485
7275 30004 598 65.4958133177719
7275 30055 576 61.8597668166371
7275 30076 626 75.044117725387
7275 30107 664 71.4036664118645
7275 30139 642 76.4592333335513
7275 30284 644 70.5397962281751
7275 30299 662 69.308010424017
7275 30333 610 57.953862378146
7275 30340 690 57.3804249602529
7275 30399 690 67.6149497688205
7275 30407 674 71.0059194997089
7275 30441 674 73.1473354372473
7275 30444 598 63.5398397975489
7275 30446 664 70.4403040224421
7275 30482 608 59.4355135225227
7275 30495 594 74.7284481277643
7275 30505 690 74.9123674842515
7275 30520 576 57.4983598005804
7275 30534 594 71.0781263864671
7275 30541 600 62.3371536071423
7275 30565 674 71.2610972035547
7275 30580 662 61.2189837735446
7275 30606 624 60.9895877156272
7275 30607 690 63.9259667715677
7275 30680 610 65.153153714898
7275 30765 594 66.5943736765289
7275 30862 664 64.0219607689123
7275 30898 600 56.9767471718487
7275 30982 640 63.2516798252197
7275 31006 674 61.9279699432627
7275 31308 608 61.549728804003
7275 31354 692 57.9131901411932
7275 31486 646 63.6149415040238
7275 31550 592 64.9060702085844
7275 31572 610 75.4913959195773
7275 31600 598 64.9028543111444
7275 31603 674 60.483724876715
7275 31604 624 73.7843816476891
7275 31627 594 58.7630444029598
7275 31659 600 66.8575065455041
7275 31675 640 59.4484917216928
7275 31723 696 72.5886641522882
7275 31780 688 66.024847517238
7275 31824 690 60.6732186243764
7275 31871 600 58.8248383474506
7275 31881 592 59.0379884139456
7275 31965 598 69.3158928556726
7275 31966 608 70.9878868930618
7275 32028 598 72.5365524724312
7275 32032 692 70.6904433813385
7275 32053 600 74.8632533969235
7275 32071 600 61.9669123543979
7275 32097 610 75.6237204622285
7275 32256 692 66.2349177315593
7275 32257 644 73.9685519263276
7275 32267 644 56.7658397036824
7275 32309 594 59.0402641258016
7275 32319 608 69.7475612809435
7275 32334 644 59.9798616952402
7275 32354 664 67.2230139255154
7275 32418 598 58.1113124304146
7275 32475 598 60.1778083651969
7275 32515 674 72.9192009023837
7275 32533 610 64.2767871045186
7275 32583 696 63.7987552568924
7275 32613 598 63.6142189734456
7275 32639 608 69.9582808343487
7275 32699 594 75.5918350435969
7275 32703 576 60.0035384908632
7275 32778 696 60.9694408159178
7275 32818 662 69.9478640758542
7275 32874 642 59.9313237431009
7275 32875 664 66.8552628092028
7275 32889 644 62.3696500596529
7275 32914 624 72.4024450840479
7275 32953 592 62.4810929094465
7275 32969 646 65.3645394865656
7275 32970 644 61.7069550344116
7275 32998 674 69.8623286281952
7275 33008 598 64.9548757679293
7275 33015 674 75.8361142060241
7275 33016 600 66.462501488707
7275 33024 598 62.1690411951643
7275 33117 598 59.2326236624479
7275 33135 608 61.1573253552656
7275 33158 610 63.2835047821571
7275 33236 598 69.4224954562761
7275 33245 662 57.0867643537927
7275 33268 608 65.4235052156854
7275 33324 598 66.2138162162569
7275 33365 576 69.1113149263454
7275 33426 674 60.3790900277018
7275 33488 642 61.0931256154678
7275 33491 600 64.4849938849242
7275 33510 594 73.2001850566081
7275 33558 664 69.1528510103566
7275 33570 626 71.6662208196284
7275 33622 696 62.2688710787605
7275 33657 598 59.2642820731288
7275 33663 662 61.958920414155
7275 33670 646 63.3631132384818
7275 33730 662 71.9174076968399
7275 33738 592 68.1821517796558
7275 33768 642 58.4996139204355
7275 33924 662 70.6856194182886
7275 34003 662 62.244749776342
7275 34120 642 60.3137151728188
7275 34128 598 66.523821286728
7275 34211 626 69.2518423180953
7275 34411 600 65.6776626729828
7275 34443 642 73.5803649126481
7275 34479 662 63.6386775464466
7275 34483 688 63.2280425265714
7275 34514 600 68.7555152616978
7275 34578 576 63.9537213852919
7275 34639 598 73.2987433458517
7275 34692 646 67.4087121999249
7275 34745 664 61.1240378930557
7275 34893 696 70.1724809889387
7275 34906 610 73.6707370172525
7275 34929 662 66.2641767602949
7275 34954 600 70.0469542439816
7275 34955 674 56.9034748147115
7275 34958 592 69.4880751749624
7275 34985 642 63.3679491484748
7275 35005 674 66.7808432417878
7275 35115 594 75.1034577192491
7275 35181 688 60.7321182543036
7275 35235 674 71.7672756487256
7275 35239 644 65.6547472249695
7275 35251 642 71.0889827175065
7275 35345 608 57.7791109794417
7275 35348 600 75.5727316246557
7275 35374 600 61.0161874768084
7275 35425 600 70.9127377590497
7275 35506 642 62.1242740630009
7275 35539 646 59.7626844649283
7275 35545 608 75.7268648125602
7275 35549 662 67.4276989103281
7275 35550 626 62.0602206262942
7275 35562 662 72.3776731337192
7275 35623 592 58.2947674461718
7275 35650 692 67.3300931431905
7275 35677 640 63.0545585745141
7275 35723 624 61.3558702164971
7275 35768 576 68.7844694025939
7275 35775 688 61.3626808635191
7275 35895 662 69.3375526327471
7275 35904 626 70.2998560314903
7275 35909 626 69.222318525719
7275 35912 608 65.1878483486056
7275 35992 626 69.958551141237
7275 36086 624 67.3409223339546
7275 36099 600 63.6733733906895
7275 36122 688 73.9467961691758
7275 36209 594 57.345005953451
7275 36247 598 62.3320360204418
7275 36258 594 75.8881384185816
7275 36264 608 64.3016844471151
7275 36280 598 58.3651787761512
7275 36315 662 63.3544522957445
7275 36350 696 70.2678059301092
7275 36352 600 61.4513678731218
7275 36402 688 62.7098065464673
7275 36426 642 70.0136424702657
7275 36500 594 57.1134119992305
7275 36567 642 59.0508230813981
7275 36619 690 66.9190589052903
7275 36640 598 64.3375913519412
7275 36702 598 68.3778439949941
7275 36718 674 60.4454673999206
7275 36751 646 65.380111504696
7275 36866 576 61.8161889096402
7275 36870 662 65.0485839238215
7275 36872 692 70.6410420034028
7275 36930 592 68.8602270970653
7275 37037 662 72.3571916896598
7275 37080 598 66.6567218961019
7275 37105 642 70.496635738181
7275 37113 664 66.9076438111204
7275 37123 688 71.9896250470571
7275 37133 644 74.9285854751723
7275 37140 576 75.5581686345866
7275 37236 624 61.3332702949387
7275 37268 688 73.0817172630302
7275 37291 662 63.0835000430953
7275 37342 642 56.7088386913313
7275 37358 664 63.85430552732
7275 37381 644 57.0787855168626
7275 37548 608 62.6149426167271
7275 37566 626 67.7606434201517
7275 37633 690 72.1777720344564
7275 37680 610 60.4048655606286
7275 37733 608 76.6188260666899
7275 37743 692 61.0275109293693
7275 37764 688 58.4932364791723
7275 37788 646 61.7752617560083
7275 37842 624 66.9807177463178
7275 37855 598 72.300452652099
7275 37858 576 69.0982444851343
7275 37897 594 67.1277992919193
7275 37952 598 73.0575575334668
7275 37975 592 73.3032620713211
7275 37975 640 68.2936817976141
7275 38033 594 74.1718552514383
7275 38043 662 62.6937458457814
7275 38071 662 72.0202682705271
7275 38095 624 68.8121435247398
7275 38115 674 63.9765274100548
7275 38146 610 76.6678293660449
7275 38152 576 57.8573774745927
7275 38153 592 67.012395460887
7275 38167 594 66.974862772054
7275 38205 600 76.2436351490834
7275 38224 592 66.40634996021
7275 38295 626 74.7786368004064
7275 38329 692 60.5565961087561
7275 38338 664 62.7303131860058
7275 38390 662 66.3836631170212
7275 38441 576 72.1271786383175
7275 38465 646 66.5275079580523
7275 38482 646 70.5040906245336
7275 38487 624 75.6028074708956
7275 38524 640 73.6988940041201
7275 38564 674 73.9202193093221
7275 38585 674 67.8939345611308
7275 38610 610 58.2348247984679
7275 38699 594 76.5510553903256
7275 38700 640 63.9158334091853
7275 38715 626 68.1685563203871
7275 38771 662 67.7010644514699
7275 38780 690 72.6414718197376
7275 38787 690 69.3357099442763
7275 38799 576 74.0445938870294
7275 38854 690 72.1193944657832
7275 38894 610 71.5564068374914
7275 38953 608 59.6335159501895
7275 38974 610 57.3038441661119
7275 38981 662 61.7010935935319
7275 38999 626 60.2932960176703
7275 39049 644 57.5082672453078
7275 39051 664 68.2029008181422
7275 39056 642 69.4275770875117
7275 39068 692 68.8629019257217
7275 39099 662 61.1285222950494
7275 39148 662 57.0621856301971
7275 39171 688 67.8013324609131
7275 39213 642 58.1585838098286
7275 39228 644 62.178246402013
7275 39325 640 69.2355730127004
7275 39465 610 72.5901345008462
7275 39538 688 60.860320172933
7275 39615 642 64.3765303437804
7275 39636 662 67.1567988441228
7275 39642 600 72.6555180554092
7275 39656 576 58.7240889968063
7275 39740 690 73.3441712146322
7275 39784 646 59.4632075026789
7275 39817 644 71.8916562152848
7275 39827 608 70.8410806879978
7275 39829 626 72.3069848268122
7275 39833 626 59.8490556302439
7275 39856 598 72.3597461632993
7275 39909 664 72.8073127013336
7275 39971 594 71.969571090658
7275 40064 644 70.0171988970256
7275 40098 690 63.3785574007144
7275 40114 598 59.0052539720688
7275 40153 696 59.6358317667181
7275 40167 626 69.2735516637004
7275 40212 674 62.3436785164129
7275 40222 610 65.8126861906595
7275 40234 690 64.2952512519477
7275 40273 624 60.3930290410323
7275 40300 674 61.8087063904078
7275 40339 600 57.9960216440731
7275 40359 664 58.4927914079895
7275 40445 646 58.6570174189983
7275 40457 644 64.7409370232463
7275 40484 598 66.6614284111468
7275 40518 690 57.7643837572291
7275 40519 576 70.9320193817905
7275 40522 624 74.270610095868
7275 40541 696 73.4181448385886
7275 40583 600 70.7040087172498
7275 40594 662 62.9998505343511
7275 40607 600 62.8308382571451
7275 40624 642 73.7711846659087
7275 40688 626 57.3373986116747
7275 40734 598 60.7864933812701
7275 40773 664 75.1835505357144
7275 40813 674 60.180189425628
7275 40820 642 66.7840431268167
7275 40839 610 60.5674871425657
7275 40853 642 57.6371102412638
7275 40892 594 72.4327677254436
7275 41046 624 66.6551855664762
7275 41074 594 67.559220506658
7275 41145 688 62.9716883791943
7275 41190 696 73.4109592679209
7275 41202 624 65.8927795313982
7275 41233 594 64.0343196107668
7275 41296 598 71.6820646297898
7275 41313 624 72.9710506769042
7275 41317 610 68.0355033658589
7275 41330 594 74.8064889916935
7275 41332 600 75.0207447255456
7275 41357 626 61.4337942825201
7275 41437 626 71.7918403540676
7275 41450 690 66.305050430444
7275 41491 664 58.6760837136713
7275 41524 642 72.5494902626527
7275 41537 674 67.9223251805025
7275 41632 626 69.0602659279263
7275 41689 600 59.1059106490166
7275 41700 674 57.148320404099
7275 41717 696 71.9282752332969
7275 41747 610 61.1684008183677
7275 41771 608 66.5351295884336
7275 41776 608 75.8866369716208
7275 41777 690 63.2306454584501
7275 41837 626 61.3566762704129
7275 41875 674 74.4115539915805
7275 41968 642 76.4671500677088
7275 41970 608 59.5978350765746
7275 41996 674 64.7329621368561
7275 42069 626 69.5921354248896
7275 42103 626 60.3533610339417
7275 42183 642 60.2670264940922
7275 42225 576 63.0899082512347
7275 42256 642 66.2360247419724
7275 42365 624 61.9082419015983
7275 42406 600 72.7937898663344
7275 42597 642 72.4761305409933
7275 42639 696 67.8933192961084
7275 42644 600 65.3075751126846
7275 42694 662 57.3050184892082
7275 42728 664 65.1493479188292
7275 42807 594 62.9891625608744
7275 42845 624 63.9676826990579
7275 42892 696 66.0380607813203
7275 43077 608 74.4575517655634
7275 43083 664 64.9044113957239
7275 43101 640 76.143885272839
7275 43112 640 58.5758011128857
7275 43129 598 61.6708243013617
7275 43198 626 74.6959542079411
7275 43249 642 59.6057084413621
7275 43307 662 74.9599534491893
7275 43381 696 76.471257975116
7275 43394 664 70.4684979825362
7275 43424 608 57.9027899573539
7275 43439 624 58.8231168715934
7275 43448 594 68.2520838047516
7275 43469 576 57.4986635236483
7275 43489 626 66.3064859467037
7275 43534 626 73.2536003500887
7275 43535 600 60.8289995297638
7275 43587 674 60.3391284716766
7275 43634 674 69.4142475861682
7275 43668 642 59.1594503559266
7275 43681 600 67.0227013440065
7275 43683 598 74.6417266923461
7275 43718 664 66.2001193795713
7275 43742 624 70.6900242755016
7275 43870 608 70.9245640590704
7275 43909 696 57.6082055207974
7275 43928 576 68.4582135014327
7275 43951 624 69.0171275073723
7275 43961 690 75.5912594585546
7275 43962 594 74.577564275271
7275 44002 690 58.4138195922366
7275 44010 642 76.1098426570606
7275 44051 690 73.464431688774
7275 44136 642 66.1057300541806
7275 44179 696 74.1006139364306
7275 44261 600 73.2712238704963
7275 44332 624 68.7561819664716
7275 44382 608 63.7960104599183
7275 44420 690 66.9495449823031
7275 44423 644 57.0459005360374
7275 44433 642 65.274836051602
7275 44480 598 67.0872343979202
7275 44657 662 68.8781668836671
7275 44666 696 72.0945211805385
7275 44671 598 70.3872091969028
7275 44736 624 67.8759836259898
7275 44759 644 63.6431078195807
7275 44763 608 64.0061797749548
7275 44870 610 59.2335662684336
7275 44881 662 69.6196789830715
7275 44941 598 58.4059801337515
7275 45011 674 66.0128604070561
7275 45057 610 58.5640744788772
7275 45138 594 73.6914300114685
7275 45148 662 67.5524895763612
7275 45198 598 66.0541294186069
7275 45216 626 70.6239949067358
7275 45218 600 66.630257465158
7275 45254 608 73.7933357380969
7275 45266 594 63.9541585520533
7275 45274 608 71.816048383995
7275 45275 610 63.789812593911
7275 45326 662 74.3872868234627
7275 45335 662 57.8047843466641
7275 45380 674 70.0523637012062
7275 45386 592 62.2446186589493
7275 45427 690 70.2237799968238
7275 45476 642 60.5565569851173
7275 45488 696 67.4552493489761
7275 45496 642 75.7830086251354
7275 45540 608 71.2258638836141
7275 45545 664 71.7254808676445
7275 45598 692 75.8375660815238
7275 45611 592 59.8823769805698
7275 45636 608 73.9422721962741
7275 45704 642 74.4607394775569
7275 45705 600 69.2078393517231
7275 45815 662 61.5613894763603
7275 45823 642 66.0081998337505
7275 45833 662 62.3870297500106
7275 45865 664 67.3247049501132
7275 45874 576 58.8360438763511
7275 45880 688 69.8025800357964
7275 45938 600 74.614514592797
7275 45992 664 74.9117678948014
7275 46009 594 57.1804631539778
7275 46027 696 62.5330585777212
7275 46056 600 66.4811498685581
7275 46081 644 57.7297910680241
7275 46093 600 58.4336291410082
7275 46123 664 66.8011136322913
7275 46145 690 70.7247053163387
7275 46251 610 58.3798994604354
7275 46286 662 66.2095943232693
7275 46294 600 62.4241224311383
7275 46321 688 62.5787329286838
7275 46335 662 67.8148727636372
7275 46423 664 62.7686547239323
7275 46430 626 63.5762077092168
7275 46460 610 73.8095548476913
7275 46471 644 63.831647036933
7275 46501 688 75.7435316583314
7275 46508 664 61.9262525969962
7275 46556 608 62.6909659571711
7275 46566 690 61.6616113472592
7275 46603 690 66.5651992666152
7275 46607 598 74.3571698002067
7275 46654 626 58.4713418381773
7275 46688 664 76.199310659485
7275 46772 646 75.5594026492947
7275 46831 598 76.0271293579381
7275 46845 690 63.6803564180013
7275 46925 608 60.9720648840471
7275 46998 576 66.6958806689712
7275 47040 600 60.2664249969084
7275 47043 594 71.507470961606
7275 47056 598 61.1701387697902
7275 47079 674 72.271425894061
7275 47106 624 59.6906464615251
7275 47163 696 73.2683649904594
7275 47194 594 71.2017800394107
7275 47206 690 72.2939819937242
7275 47264 662 63.7631083869221
7275 47278 692 65.4279658717509
7275 47281 608 63.0691543497075
7275 47301 626 60.1685202184279
7275 47335 664 66.4790040937085
7275 47412 626 59.0483134291063
7275 47437 640 60.0161114706229
7275 47526 688 60.2728661007153
7275 47572 592 67.6972372340003
7275 47576 644 66.5162515189378
7275 47607 674 76.562324220401
7275 47619 592 66.7666635010413
7275 47647 600 61.9669922850345
7275 47662 592 57.6546918613221
7275 47694 664 67.5669182421838
7275 47797 664 65.3865787114327
7275 47821 610 69.0198910973807
7275 47821 688 56.7626915641321
7275 47855 598 70.3189807707714
7275 47957 664 63.451151977893
7275 47983 600 75.6500014975071
7275 48008 626 72.2763736372234
7275 48090 598 72.4029006378239
7275 48095 594 59.5412018789809
7275 48127 594 75.2817585579005
7275 48144 674 61.3865421592103
7275 48181 646 63.424350928284
7275 48192 600 73.3118883812829
7275 48204 674 59.2514183463717
7275 48226 644 68.0111677391071
7275 48252 642 63.9632551686992
7275 48283 598 60.1733931993167
7275 48309 642 66.4930311962806
7275 48313 600 68.1088321818211
7275 48364 674 66.9890196211529
7275 48392 688 69.9733188392041
7275 48404 626 59.5415919852795
7275 48450 662 75.8409350674367
7275 48450 688 58.5750441043557
7275 48462 674 60.5031816298008
7275 48474 674 74.8493564138522
7275 48479 688 61.368852760114
7275 48484 696 60.172177429795
7275 48557 664 70.2503974276413
7275 48728 690 65.8137431601699
7275 48865 600 75.8892610879277
7275 48920 576 67.6472547108643
7275 48922 600 69.3961031526277
7275 48951 696 69.0884704929528
7275 48976 662 71.4116012659077
7275 49037 592 69.8993307588536
7275 49048 608 61.8661025681341
7275 49194 690 61.0270087834944
7275 49254 644 63.1723421518974
7275 49267 626 65.3735716171683
7275 49321 600 58.7006714844709
7275 49404 696 65.1835364982978
7275 49434 692 74.3698631739904
7275 49441 598 68.9956041203249
7275 49453 674 74.1502459696064
7275 49465 662 67.2243911739063
7275 49494 598 60.6202532309253
7275 49592 690 61.1515121565126
7275 49650 626 69.8200876134337
7275 49771 662 57.4439629092237
7275 49845 674 71.7331885369851
7275 49888 626 68.6468539498442
7275 49893 598 72.5846615426039
7275 49916 626 70.3579299486494
7275 49923 594 57.1714030389921
7275 49931 592 69.5728896911419
7275 49952 608 68.5708541748187
7275 50012 692 65.2076716304491
7275 50057 644 65.1980930442462
7275 50060 664 75.0819889957321
7275 50073 624 61.5516407132994
7275 50135 664 61.2942951250265
7275 50170 642 71.0537947877883
7275 50210 696 63.8177805048034
7275 50218 662 67.962425661516
7275 50267 642 68.0092962834175
7275 50312 692 62.409522257718
7275 50318 696 61.4680817171758
7275 50387 662 74.5398946222075
7275 50487 600 61.7294705689113
7275 50491 626 75.1920762064327
7275 50505 608 63.2104631953489
7275 50510 690 75.845784312187
7275 50600 600 59.2203622760168
7275 50638 624 57.79487453974
7275 50646 662 56.7103707018852
7275 50681 644 58.4723659597722
7275 50726 624 66.7775574264804
7275 50842 600 58.516812274552
7275 50844 646 57.7087501606609
7275 50856 624 64.9318433293135
7275 50868 696 67.8445658676742
7275 50874 576 59.1817591189516
7275 50967 642 68.3825043242752
7275 50973 600 59.5227472125141
7275 51027 646 69.2287765579697
7275 51062 646 66.6008709679129
7275 51066 664 61.7988599446914
7275 51087 696 65.340727008579
7275 51090 642 66.0258034244484
7275 51109 696 68.0407053702252
7275 51127 610 66.0687253565919
7275 51186 600 58.6077740204126
7275 51237 642 66.4178366594901
7275 51243 600 60.2299885837733
7275 51272 594 76.3293102886876
7275 51272 600 67.7216797659008
7275 51317 662 75.2514429210361
7275 51322 594 62.4377773751278
7275 51332 644 58.7419194746821
7275 51427 576 74.2942545098169
7275 51441 640 61.2777221447937
7275 51449 688 70.272414486102
7275 51468 624 60.6388659752116
7275 51485 690 63.4078729127768
7275 51529 692 68.151008327986
7275 51608 598 57.0028066403957
7275 51609 624 60.2863122642171
7275 51636 644 71.4776611497575
7275 51682 576 60.9264464588379
7275 51749 592 62.2863805802503
7275 51777 688 60.7658409369091
7275 51799 696 70.5124508087058
7275 51815 688 60.8953497777386
7275 51821 696 59.3941567426118
7275 51822 664 68.1557963057119
7275 51833 688 75.2097911729847
7275 51844 644 76.5007856815533
7275 52070 594 73.4041925163985
7275 52071 674 73.7223750914114
7275 52105 640 72.1829044955001
7275 52119 592 66.563115807604
7275 52143 690 76.2049503707748
7275 52147 610 66.5987781034634
7275 52290 688 71.1907959235103
7275 52333 644 75.7232213389099
7275 52403 642 57.7595792941011
7275 52433 662 70.3810064944092
7275 52437 624 65.4257937642848
7275 52518 642 70.2747311684622
7275 52520 598 63.4816390893317
7275 52545 692 70.9088504429661
7275 52557 664 74.6522889849052
7275 52603 600 73.0737779060277
7275 52613 640 70.8893430524047
7275 52678 640 67.9157044357094
7275 52693 690 65.0438992377348
7275 52712 624 74.3695996403732
7275 52763 642 61.3170639046756
7275 52794 644 68.8369420265173
7275 52812 674 75.4565345794985
7275 52820 626 65.1666460273824
7275 52876 600 66.1918017348304
7275 52899 640 59.7871047536902
7275 52903 674 73.8836001946453
7275 52929 592 71.6801723917633
7275 52934 664 61.1659643252869
7275 52941 674 63.3242619318318
7275 53032 594 56.9834975675311
7275 53075 640 64.0510184640274
7275 53117 664 69.1662544097502
7275 53118 592 70.7457283958267
7275 53136 696 56.7598224528907
7275 53182 594 74.1757833328779
7275 53196 664 66.50869363493
7275 53250 662 71.0628736294445
7275 53298 640 64.4220368663798
7275 53299 598 61.1504638745175
7275 53310 594 75.2176822005827
7275 53339 662 65.5661268098226
7275 53401 642 75.0504167347032
7275 53490 600 68.1426988274397
7275 53541 576 66.3838440243774
7275 53574 696 64.2199411470562
7275 53640 594 72.4576197617825
7275 53653 626 61.8493275234651
7275 53688 696 60.1799072497895
7275 53699 640 74.0860391746557
7275 53744 598 70.1973912705773
7275 53838 598 69.5394522950092
7275 53896 598 62.3162380566095
7275 53902 600 65.8567596976805
7275 53903 696 61.3710538203535
7275 53922 626 61.1682111524018
7275 53937 690 62.3080417626716
7275 53938 674 70.8071864004339
7275 53961 608 75.5514362036149
7275 54049 626 75.4970804323423
7275 54070 662 65.8826481565699
7275 54077 592 56.7524415928005
7275 54085 610 58.1993430842271
7275 54092 696 71.9463156467935
7275 54105 662 72.7094955867176
7275 54149 600 75.841445009863
7275 54223 592 66.2826131889317
7275 54264 644 58.2934681644882
7275 54291 662 68.8832877617146
7275 54340 688 69.5866072762179
7275 54342 610 72.9478913918874
7275 54347 646 73.2403955636109
7275 54382 644 75.0133424938439
7275 54447 642 76.0122167817491
7275 54557 576 65.0587884613942
7275 54558 644 74.9415897864781
7275 54562 696 74.4698029416758
7275 54586 610 69.8135675575785
7275 54599 608 57.3510179241605
7275 54659 662 57.5973839877524
7275 54676 644 66.2688383350884
7275 54697 644 62.9098653908805
7275 54795 594 68.6306474068009
7275 54850 608 61.2670978649818
7275 54886 664 60.7006605682516
7275 54890 598 74.5096198383149
7275 54911 690 61.8577353945275
7275 54915 600 69.3654681373345
7275 54932 662 72.9291967513333
7275 54945 690 71.5258336978534
7275 54963 600 66.219878907863
7275 54995 690 68.3397558217379
7275 55007 624 75.6005112355339
7275 55157 674 60.1064567447282
7275 55169 674 65.7989979013719
7275 55171 674 74.1292362760138
7275 55198 598 63.4863597860581
7275 55200 644 67.0027331946813
7275 55226 626 59.4669007669822
7275 55261 690 74.2526283761326
7275 55291 674 60.3199925154244
7275 55346 642 71.8233805806677
7275 55379 646 75.4807337042062
7275 55406 674 73.2753533027996
7275 55483 690 69.2536874671396
7275 55509 576 68.2151753335456
7275 55543 626 60.8733736983618
7275 55546 646 68.0439442109726
7275 55562 576 61.4249817056846
7275 55609 610 57.3307108468188
7275 55611 626 65.833627375746
7275 55622 594 72.0580157070749
7275 55634 690 75.5173281750829
7275 55668 624 75.4749025424465
7275 55730 690 68.9141362803267
7275 55747 646 60.4561966393849
7275 55782 600 64.4401300672137
7275 55788 644 66.954516404684
7275 55793 674 70.6029974414178
7275 55797 662 72.2019825929455
7275 55804 696 76.38379934778
7275 55852 598 63.082632842768
7275 55855 594 61.3520336951443
7275 55951 690 69.1214052805485
7275 56000 624 70.6957338302328
7275 56026 598 69.8328621783093
7275 56029 690 74.6217591195447
7275 56077 640 65.6790884752293
7275 56092 576 72.9793195385752
7275 56168 662 63.6301629342203
7275 56206 692 69.2219669793522
7275 56228 624 72.8442710159622
7275 56260 688 68.4806757318613
7275 56285 624 74.1539790781977
7275 56301 594 63.0207644561247
7275 56349 598 72.1154914302117
7275 56351 662 59.7358449509003
7275 56363 624 57.5769731230801
7275 56394 576 64.720021738078
7275 56420 674 68.95710758493
7275 56433 642 62.5956029837156
7275 56467 664 57.3598643303757
7275 56478 644 70.8583419491879
7275 56482 624 71.4429822407616
7275 56628 600 57.2010366758449
7275 56638 644 64.458745831292
7275 56639 642 74.4617037917707
7275 56685 598 74.0707731983186
7275 56750 624 61.052461670232
7275 56777 600 59.8984284747619
7275 56794 610 57.4060285718163
7275 56807 576 62.4975009495378
7275 56905 594 61.2644736463273
7275 56917 624 70.0158597298558
7275 56933 644 72.9077927549207
7275 56987 598 63.4859273310211
7275 57019 674 74.5660477801888
7275 57032 598 71.0247370592691
7275 57110 594 74.8886665442315
7275 57203 688 62.2752607783131
7275 57215 688 62.7186697967228
7275 57228 662 71.3895815976146
7275 57239 690 59.1176045765585
7275 57244 594 73.7338735445733
7275 57254 608 60.1572991231758
7275 57332 592 61.1558583294383
7275 57337 646 71.4123314976805
7275 57375 640 68.0463466164798
7275 57405 688 64.5988510871305
7275 57412 600 66.5726039189936
7275 57463 644 57.814422959202
7275 57565 624 58.3196581507985
7275 57646 624 68.0904912693708
7275 57652 626 69.3453339063871
7275 57921 608 58.7925569965887
7275 57963 642 61.1602213535123
7275 57994 642 70.0024093261151
7275 58002 642 71.9660492761255
7275 58028 624 76.4470377097755
7275 58053 688 62.1235697597003
7275 58065 600 58.31537873193
7275 58079 624 70.6093157972622
7275 58179 608 73.3924394350176
7275 58186 600 57.9413420093937
7275 58198 592 71.957854866992
7275 58207 674 73.9883464349492
7275 58219 576 62.28567395972
7275 58239 696 65.6035376937103
7275 58244 692 58.3308407854082
7275 58253 696 62.2295629888899
7275 58255 600 70.9177353235475
7275 58315 592 62.9890556939584
7275 58321 626 73.965915661307
7275 58321 644 75.8871713940845
7275 58397 664 58.8466615764913
7275 58404 576 75.0156955718581
7275 58430 626 76.5287475916747
7275 58450 674 61.1417138905033
7275 58493 640 60.786612420258
7275 58504 640 68.1400307141363
7275 58520 598 74.0321351746401
7275 58532 610 64.6435343253326
7275 58557 576 68.3795553657446
7275 58565 592 66.738258740498
7275 58776 662 59.5935731997185
7275 58818 640 67.7634376442878
7275 58888 674 76.4329436819357
7275 58897 600 67.2179561756268
7275 59015 644 65.2272784341664
7275 59017 626 74.1827273360624
7275 59201 600 70.5645221404382
7275 59212 592 67.8403409992585
7275 59236 644 75.9822560408714
7275 59244 626 63.6451435741174
7275 59261 624 63.4057405233043
7275 59271 626 59.4363942678449
7275 59334 664 58.771850983507
7275 59365 600 60.99815208218
7275 59399 688 60.6488415372034
7275 59403 688 71.1549733592558
7275 59429 674 75.0324990622785
7275 59436 642 68.8683694449841
7275 59445 624 71.5882371057518
7275 59450 576 70.7221699048913
7275 59513 624 70.0828559811788
7275 59550 576 63.7351883214574
7275 59672 662 70.4533641594966
7275 59681 626 65.1199210670267
7275 59707 626 76.0153896677917
7275 59708 576 72.2126621574753
7275 59732 610 74.6995513340855
7275 59789 662 69.5816096130526
7275 59804 688 70.0193613891542
7275 59807 644 63.3467725762631
7275 59863 692 60.2087345895684
7275 59891 664 72.5959771816532
7275 60021 644 58.4141494368145
7275 60213 576 64.021669319444
7275 60216 690 61.3323406393008
7275 60230 662 64.6383915184557
7275 60234 646 72.6522817603732
7275 60240 592 74.8156622956095
7275 60298 610 72.9514941285739
7275 60311 626 65.6617704203392
7275 60320 624 63.0071998356082
7275 60338 600 64.332541543015
7275 60408 600 63.0208949888155
7275 60410 662 57.8923673434644
7275 60435 610 62.3902775422891
7275 60453 664 69.13064785723
7275 60476 664 68.5372855459902
7275 60568 662 74.4202973452466
7275 60725 644 75.2604942875521
7275 60795 576 64.7874233275078
7275 60797 576 63.1210434832996
7275 60830 626 61.4265311930306
7275 60840 600 75.3132648929636
7275 60897 624 75.0695865912283
7275 60901 696 65.4102773474115
7275 60994 674 61.0639047038147
7275 61006 690 57.2681119574856
7275 61017 642 63.4531450437525
7275 61032 690 58.6086534669651
7275 61087 690 73.1637533498257
7275 61143 642 60.4976577541578
7275 61146 640 72.3143683173713
7275 61249 626 70.5417115094476
7275 61273 696 67.0925739811509
7275 61279 642 69.9396686236751
7275 61322 642 69.97412297465
7275 61348 642 69.6945709209248
7275 61391 690 73.1638525123492
7275 61408 610 57.6827114351333
7275 61414 696 66.4609845224479
7275 61473 642 71.4281587638803
7275 61497 692 68.5948006547373
7275 61504 644 68.0326072941843
7275 61520 688 69.2224230085316
7275 61538 644 61.5755847398715
7275 61604 664 59.6238283139377
7275 61615 642 59.4445504607286
7275 61724 664 73.5383260066736
7275 61792 646 66.3809020328072
7275 61885 600 66.0332994848372
7275 61924 598 67.6112745510564
7275 61950 646 62.2568367133415
7275 61984 690 67.6678190478717
7275 62019 594 62.5259132043423
7275 62063 576 73.3680240386527
7275 62104 624 62.937500692872
7275 62145 642 72.7564495137929
7275 62154 662 68.1175231697553
7275 62174 642 71.8942511061558
7275 62188 610 66.1004582476776
7275 62232 624 64.7406543776591
7275 62247 662 72.9002669670955
7275 62284 644 70.6922800344748
7275 62306 594 61.6280023422718
7275 62317 608 61.5687559457355
7275 62365 692 60.9957072464071
7275 62369 624 58.8936415187796
7275 62401 598 75.8045032466644
7275 62440 644 60.0718736665121
7275 62446 576 72.0367548239409
7275 62461 592 72.5792166164111
7275 62461 594 65.6405111026952
7275 62480 624 58.6673858206588
7275 62543 626 71.0224995778781
7275 62551 642 65.3250936539844
7275 62740 696 57.5622602990131
7275 62783 662 61.7286551911552
7275 62802 696 74.2984389545393
7275 62807 626 57.7686884476078
7275 62812 608 69.8214667458554
7275 62824 626 66.003046517368
7275 62832 598 65.2716058331074
7275 62867 696 75.6069994799221
7275 62891 644 73.1156759790356
7275 62915 598 70.4351979124132
7275 62934 644 59.3554416541927
7275 62951 608 67.2694074199077
7275 62973 696 61.6496224581605
7275 63010 642 69.3519850646141
7275 63019 624 70.2155239658042
7275 63036 608 70.9641645443657
7275 63068 600 59.5524742842406
7275 63126 642 76.2658871017781
7275 63131 696 61.2916453439157
7275 63138 592 75.7916151488137
7275 63170 594 72.6170445085153
7275 63263 690 69.3065851406862
7275 63275 626 67.6218073282004
7275 63295 624 76.033393788525
7275 63373 690 74.5606437739342
7275 63407 610 65.6671823502547
7275 63412 664 61.0442023043769
7275 63435 624 60.4435920992207
7275 63438 600 73.2378558695788
7275 63530 642 75.0177517978587
7275 63548 644 74.8859305041352
7275 63632 688 61.844489437252
7275 63650 690 62.7827717430968
7275 63791 640 60.0949452376096
7275 63798 690 76.1954883481401
7275 63935 644 76.479726502338
7275 63982 690 59.6532383003536
7275 64074 598 64.326391063448
7275 64087 642 59.6172058155349
7275 64101 598 72.6600246288651
7275 64114 608 57.9439639670569
7275 64243 644 68.0423133725029
7275 64244 664 75.8908365600612
7275 64315 674 63.4412662274457
7275 64324 608 57.6496308614757
7275 64392 646 68.5148431059401
7275 64395 644 67.2496679342458
7275 64398 624 72.909680868064
7275 64407 642 70.0957120274885
7275 64429 664 73.2165543000783
7275 64437 662 76.261545832966
7275 64451 662 64.9011892054679
7275 64488 624 75.7432895820498
7275 64505 576 58.7902582817925
7275 64543 600 69.8291328527045
7275 64553 640 72.8400542231276
7275 64580 624 69.6449105600891
7275 64588 600 65.5170764961601
7275 64592 674 67.8736718335025
7275 64626 600 67.3357116545197
7275 64634 674 59.3993262646355
7275 64641 600 60.940931796772
7275 64692 688 65.394804469459
7275 64741 642 70.1333265315653
7275 64799 688 76.2688849662305
7275 64843 598 65.5664823853806
7275 64857 644 69.0689308920879
7275 64866 664 62.2634022980922
7275 64883 644 65.622961759375
7275 64910 576 69.4100481237542
7275 64932 662 63.3805777431716
7275 64955 610 68.6157623621266
7275 64964 624 76.4468997443386
7275 64976 598 67.025121478425
7275 64990 644 60.7538806769822
7275 64994 662 73.3186565013405
7275 65041 642 73.4872660719069
7275 65067 608 64.2869195474547
7275 65070 688 68.0744215298299
7275 65082 692 59.1575533037083
7275 65095 664 68.6270697587703
7275 65182 626 60.356174524336
7275 65211 608 75.2348898451489
7275 65277 640 67.7284287706324
7275 65278 624 74.9033607842193
7275 65306 592 62.5999260985136
7275 65320 662 72.9277515803644
7275 65385 642 57.4216690020377
7275 65417 662 68.7840055881814
7275 65426 664 66.2742761835898
7275 65465 674 64.2242320753272
7275 65519 640 69.4913817632639
7275 65528 600 58.9237319524983
7275 65554 640 68.2389128572152
7275 65604 576 58.8727998433162
7275 65604 662 68.7030401510066
7275 65616 664 64.4400006656075
7275 65656 624 76.121860937201
7275 65656 674 61.8575460418855
7275 65662 696 68.9804368497303
7275 65704 674 66.8977137059199
7275 65760 626 69.8304523488851
7275 65780 642 61.3543201341595
7275 65786 688 59.325363856272
7275 65791 640 76.3919717151916
7275 65796 610 68.5066381693352
7275 65801 692 60.8967998598565
7275 65808 674 59.8525316807355
7275 65821 662 57.020054284582
7275 65830 624 63.1171322271612
7275 65871 594 70.3077476081268
7275 65887 662 64.1247541401705
7275 65908 592 68.1471382885646
7275 65912 576 66.37094270454
7275 66109 662 68.5123729150225
7275 66273 598 75.2064678787448
7275 66304 646 63.1032192635101
7275 66325 674 56.7094511879128
7275 66426 662 66.2424519376749
7275 66438 692 71.2686585614947
7275 66444 688 72.433811974216
7275 66445 594 64.4715357701336
7275 66481 664 58.5583796150544
7275 66497 610 65.4025369752699
7275 66505 576 66.6849742227812
7275 66568 696 75.8363187829081
7275 66569 624 62.2336730109071
7275 66586 608 66.7999625019281
7275 66594 592 67.3418275215041
7275 66608 662 60.028732479123
7275 66653 662 62.2993387592059
7275 66667 644 69.3645585433574
7275 66753 626 75.2981354777022
7275 66766 674 60.2369792215619
7275 66773 626 69.9384539543566
7275 66793 576 59.9623631162673
7275 66801 642 70.7656854967398
7275 66817 644 58.7627545040088
7275 66873 674 68.8431703587273
7275 66876 690 66.3971194189025
7275 66887 696 68.4972990830626
7275 66905 664 57.5041611976462
7275 66913 624 68.9172740167768
7275 66945 610 76.3079856580346
7275 66985 598 69.7660977592972
7275 66990 662 67.3629601363758
7275 67107 598 64.0410144082633
7275 67143 664 73.9532851889362
7275 67184 624 67.0183920563099
7275 67197 626 57.3786040636119
7275 67243 576 74.9381836559198
7275 67256 662 61.3449898364833
7275 67265 610 74.1820056683627
7275 67302 594 60.2605678770661
7275 67307 600 72.2399508630548
7275 67334 674 68.6591921623249
7275 67344 610 58.3888581948527
7275 67395 696 75.8355349827439
7275 67419 642 75.6328557165006
7275 67427 690 57.9190539063807
7275 67440 664 76.6850463000817
7275 67455 644 67.22669171534
7275 67482 642 71.9908598977893
7275 67488 642 73.2316133167739
7275 67523 642 71.7110217185487
7275 67524 662 70.1164308967088
7275 67613 662 66.387156167013
7275 67639 644 61.9140387322839
7275 67673 626 69.9983338520021
7275 67674 690 69.6153865454107
7275 67698 690 72.6353327243631
7275 67718 626 71.1544433151364
7275 67762 644 66.9037784111376
7275 67801 626 65.5060996622339
7275 67854 692 69.4341654587923
7275 67881 598 66.6321779638948
7275 67978 642 63.8010043829167
7275 67990 608 67.8537294523601
7275 67994 576 69.2125963923584
7275 68020 696 62.1907058908402
7275 68031 642 71.7587427942543
7275 68058 646 71.657923910566
7275 68120 608 63.2051808832786
7275 68158 576 60.2811946757362
7275 68205 688 57.208955920465
7275 68206 646 57.0460831434231
7275 68224 608 66.305430040246
7275 68253 624 68.7023979890032
7275 68336 646 69.9313703322635
7275 68337 662 67.7631588481025
7275 68347 692 63.8720754830026
7275 68378 598 73.9790487814084
7275 68394 688 58.7294252484941
7275 68416 674 71.6362764568718
7275 68472 626 59.0237104769572
7275 68636 642 60.3529553469782
7275 68678 598 70.6105124163804
7275 68726 576 71.5170667577675
7275 68736 626 67.0738005950005
7275 68746 674 58.3322993331024
7275 68754 592 65.1878130999073
7275 68754 640 75.8635712676932
7275 68778 592 65.9907360808475
7275 68780 690 65.2620601773035
7275 68856 646 68.7933959662801
7275 68973 598 72.5584256705154
7275 68985 624 65.4765368642979
7275 69024 576 72.1171620785763
7275 69149 598 75.1249171200106
7275 69154 594 57.3226535305725
7275 69169 662 71.5360212769147
7275 69247 608 76.6362017919189
7275 69254 664 58.6151084695582
7275 69463 646 64.9729666601066
7275 69463 674 66.1332419349478
7275 69512 608 61.7892906836948
7275 69607 688 69.4563207163488
7275 69623 576 71.7324130434299
7275 69648 642 69.7040992705161
7275 69667 626 70.7735789740907
7275 69714 610 58.9786370415598
7275 69721 576 70.9911493105128
7275 69745 646 56.7901710818185
7275 69766 690 62.6880484677723
7275 69812 576 59.4935231523505
7275 69835 664 62.9510516366764
7275 69871 640 72.0606630844687
7275 69875 626 57.5899806335493
7275 69950 640 59.5513495406261
7275 70050 642 68.3447387840867
7275 70110 696 69.1213738806385
7275 70118 610 64.6295170921541
7275 70134 692 57.7837204379093
7275 70139 674 68.2140356666153
7275 70144 642 69.175536815828
7275 70167 664 67.0459237985077
7275 70230 662 59.6055873526751
7275 70236 690 60.2397355200213
7275 70303 624 66.8446315187891
7275 70429 592 62.4462047767322
7275 70485 626 76.5669661308663
7275 70519 644 72.5869244653612
7275 70584 688 57.6837412997746
7275 70682 598 68.9107564349563
7275 70701 690 64.059940112836
7275 70718 576 65.7007662033891
7275 70860 696 61.4804253978247
7275 70876 610 67.1592512256791
7275 70960 608 74.9967156079211
7275 70992 626 58.7437642744342
7275 71009 662 70.1234042860105
7275 71047 576 61.2614833737071
7275 71061 598 68.6759527232602
7275 71065 674 67.3924649855449
7275 71093 624 60.8299744941903
7275 71178 600 65.7534582832309
7275 71197 626 61.565284715638
7275 71202 624 61.6210259915008
7275 71252 610 57.349253652993
7275 71273 600 67.7282548991626
7275 71308 594 68.2765150682007
7275 71343 594 65.3246636181933
7275 71356 600 58.2299585533117
7275 71399 674 67.6648382896153
7275 71413 696 67.7006043763155
7275 71425 696 71.4209857979726
7275 71442 674 66.9024265280358
7275 71485 610 70.2570529933332
7275 71510 644 74.8221416942814
7275 71527 626 64.9479602752541
7275 71536 598 64.3024964884971
7275 71539 610 68.0864951312114
7275 71552 640 73.3734331669834
7275 71614 608 75.2873399245013
7275 71642 674 66.1972873004374
7275 71659 624 74.8680998928457
7275 71677 576 64.6917448110421
7275 71689 646 75.8701846622382
7275 71723 592 70.2809773964607
7275 71739 600 72.6726016675397
7275 71860 692 76.1469546993616
7275 71866 608 63.1853232517657
7275 71868 664 66.4164419631128
7275 71875 674 74.1017692715937
7275 71893 594 69.5356632943248
7275 71894 624 72.1688276129932
7275 71902 594 72.5125085502652
7275 71916 594 72.5251494631335
7275 72028 642 66.2168272940105
7275 72050 688 72.422172044808
7275 72153 592 65.9015788395878
7275 72157 674 67.323411923107
7275 72229 696 64.2438927826582
7275 72264 592 65.2793173821404
7275 72280 644 67.9861035670533
7275 72288 690 64.6604235277699
7275 72356 576 60.1141546869417
7275 72390 592 71.7866132548191
7275 72402 608 65.8767325810175
7275 72416 598 64.4954463934069
7275 72425 624 71.1344785131276
7275 72560 592 74.7870739048447
7275 72585 688 73.9995240978401
7275 72709 662 72.4506787912898
7275 72710 642 68.0233404253701
7275 72840 646 66.3398679171015
7275 72870 692 59.3361193198091
7275 72896 642 63.0893319388842
7275 72931 626 67.0846201407926
7275 72941 626 75.84309197063
7275 72955 598 59.665161442549
7275 72966 600 72.9037026398513
7275 72981 690 67.5622295081056
7275 73009 696 62.1077300282592
7275 73029 662 63.0394050376005
7275 73066 608 62.4596901488319
7275 73108 696 71.169461902587
7275 73121 690 62.5450300123414
7275 73132 576 69.9658780944215
7275 73180 674 73.5938263844877
7275 73198 688 59.906524369946
7275 73260 644 72.6437741499115
7275 73261 598 65.9058880281461
7275 73264 674 75.4372148397859
7275 73286 688 59.7544659779843
7275 73299 624 70.1069929356835
7275 73310 696 57.7933022118653
7275 73325 598 74.0696812645978
7275 73351 624 75.882770131961
7275 73411 644 76.3593154840284
7275 73461 640 64.1265688721485
7275 73496 688 58.4790599285211
7275 73498 598 58.9014695244841
7275 73549 598 62.9925497895224
7275 73654 642 61.2573879752074
7275 73654 696 58.4241226608508
7275 73716 640 57.9005305551633
7275 73753 644 71.6515396012478
7275 73769 598 76.252937098927
7275 73781 610 64.3558372292489
7275 73781 624 67.9452991478057
7275 73802 696 67.8382754818882
7275 73810 624 73.703056986492
7275 73831 646 73.9170591680751
7275 73837 644 74.8365949042788
7275 73841 696 62.8307227083407
7275 73853 610 57.5381283150802
7275 73860 608 59.1994073958067
7275 73866 624 74.9954897881555
7275 73909 646 75.0856955907715
7275 73946 598 59.5919308868607
7275 73984 624 75.2309658470368
7275 74013 576 56.7060390907868
7275 74093 644 62.5640124033269
7275 74096 644 62.73050447815
7275 74140 642 67.9246860868818
7275 74180 576 72.3814800290164
7275 74226 646 62.5093570917917
7275 74390 664 72.7044469680166
7275 74425 608 71.8762374911386
7275 74425 688 65.3927817794328
7275 74480 610 65.7270663912859
7275 74488 688 62.7299470075693
7275 74560 644 62.1461890131189
7275 74637 644 66.4746471392589
