7495 10891 644 74.7204 5.0021 540 1398.17 0.00435147
7495 21703 626 72.5687 25.7974 7440 1135.85 0.0041459
7495 27860 696 67.2789 3.60921 420 1611.28 0.00548524
7495 28020 626 64.2654 3.34472 570 1076.24 0.00493131
7495 28067 674 59.2904 1.05393 330 1368.21 0.00417437
7495 28491 664 69.9025 1.69705 -560 1387.51 0.00484818
7495 36076 624 73.1375 6.78791 490 1449.54 0.00512545
7495 36376 696 66.7032 10.4044 980 1461.16 0.0051493
7495 42350 642 58.4654 7.01841 650 1248.25 0.00529693
7495 43136 646 59.1901 1.62952 -390 1469.34 0.00487286
7495 45545 576 70.374 4.75685 470 1828.49 0.00677121
7495 46952 646 58.2486 11.6732 590 1304.4 0.00797104
7495 49960 674 73.4219 4.113 -390 1615.66 0.0066004
7495 50981 576 63.481 2.31636 390 1406.12 0.00557414
7495 53743 576 70.4636 17.1973 -450 1780.41 0.00860311
7495 54795 644 69.9668 2.11605 -440 1185.49 0.00541285
7495 56511 610 62.6312 10.3432 1070 1116.64 0.00688694
7495 62210 696 68.8816 3.59685 -400 1197.21 0.00596131
7495 73027 576 64.4086 7.56906 1730 1627.13 0.00444946
7495 78461 608 69.4831 2.14996 -480 1485.46 0.00632924
7495 80516 640 73.2583 1.32546 560 1435.91 0.00431607
