7568 2265 610 67.8414 4.01311 570 1331.92 0.00536011
7568 4496 576 64.3493 6.82183 1370 1365.47 0.00472683
7568 15185 626 73.3038 4.12875 510 1469.99 0.00461644
7568 17521 626 73.3561 4.76298 1060 1503.84 0.004722
7568 24053 644 63.6962 1.9423 -370 1422.26 0.00494103
7568 25584 642 68.6389 8.44795 1310 1358.7 0.0046262
7568 26233 626 70.0204 1.2066 -410 1613.87 0.00422145
7568 30838 690 58.2078 2.1967 430 1221.9 0.00546319
7568 40945 624 72.5248 3.47657 4500 1897.62 0.00694536
7568 45420 624 61.0015 11.6053 -770 1210.67 0.00439231
7568 47875 592 74.4253 1.47475 470 1739.86 0.00521832
7568 48411 674 74.0874 2.01136 450 1696.69 0.00525933
7568 63443 674 60.5614 3.21851 -480 1301.51 0.00620796
7568 64698 642 57.5483 2.67164 470 1147.24 0.00533183
7568 68574 576 64.1206 4.50117 420 1332.98 0.00523594
7568 71511 696 63.568 1.70839 -220 1305.29 0.00462418
7568 79196 626 60.7642 18.9506 -2050 1147.39 0.00481451
7568 82860 696 71.3112 3.51631 440 1801.05 0.00586534
7568 87119 662 57.5516 2.23792 660 1174.07 0.00541384
7568 88523 696 60.7913 8.68866 460 1427.92 0.00713788
7568 89116 626 65.0617 16.3 -2650 1271.51 0.00441562
7568 96177 594 56.887 5.90987 510 1100.04 0.00581382
7568 96876 644 57.0333 3.995 630 1018.37 0.00438056
7568 99302 662 68.9399 7.10992 610 1481.58 0.00644962
7568 99982 624 57.711 6.7279 470 1140.71 0.00504643
7568 100316 642 64.1065 6.17307 610 1255.12 0.00488933
