7309 4562 610 58.0964 3.33926 420 1272.18 0.00513349
7309 4730 642 72.141 1.22026 480 1399.84 0.00439175
7309 6060 692 66.1463 18.7482 710 1548.3 0.00765275
7309 6488 626 61.0299 20.5879 4120 1388.99 0.00472699
7309 6624 696 60.4677 1.64787 -970 1067.34 0.00467543
7309 15177 662 69.298 3.64903 480 1553.27 0.00651894
7309 17010 610 73.5432 7.84561 480 1430.44 0.00685688
7309 17969 674 57.8544 1.83018 -690 1343.7 0.0050156
7309 18574 692 59.4402 16.1459 740 1469.25 0.0080641
7309 30165 696 58.9237 1.21774 620 1224.34 0.00417256
7309 30291 662 75.6729 7.04865 -700 1234.74 0.00461889
7309 30355 642 71.2089 4.35167 760 1314.1 0.00420978
7309 32714 696 59.2513 2.73138 750 972.434 0.00417396
7309 34257 646 63.9493 2.9122 390 1057.55 0.00426588
7309 37192 674 65.7974 1.07198 320 1430.56 0.00414188
7309 38065 674 66.7369 1.14617 470 1229.84 0.00427987
7309 41210 594 62.4597 1.66542 -440 1478.23 0.00539744
7309 43007 576 63.5148 3.59087 -390 1601.32 0.00632355
7309 43453 640 59.8139 5.35149 510 1276.75 0.00547886
7309 43545 644 65.8288 1.95984 470 1525.13 0.00413307
7309 44285 594 69.6897 5.22983 510 1617.7 0.00615647
7309 44867 594 71.8683 3.04528 470 1653.66 0.00694176
7309 46854 664 59.5979 5.2317 480 1055.25 0.00491586
7309 47017 626 67.8666 1.8668 -420 1282.58 0.00524452
7309 48211 662 72.3524 1.21687 -680 1489.79 0.00419645
7309 53202 674 58.38 2.35624 -340 1302.17 0.00562478
7309 57657 646 64.338 6.01265 1390 1369.5 0.00400684
7309 58023 674 76.2858 1.69295 -550 1315.82 0.00411692
7309 58305 592 59.1172 4.16328 610 1283.06 0.00440592
7309 64881 642 64.1445 4.75469 590 1152.01 0.00458925
7309 65088 594 72.498 1.98719 490 1643.91 0.00545943
7309 67132 576 62.6228 1.51913 -370 1345.45 0.00478799
7309 68906 662 65.3554 2.53108 330 1515.75 0.00559764
7309 71956 598 57.0934 5.51665 900 1021.54 0.00446046
7309 76313 690 63.3647 3.42324 -430 1182.37 0.00647735
7309 81683 662 69.566 5.82162 480 1422.71 0.00669374
7309 90733 642 60.9431 4.32925 600 1135.66 0.00449579
7309 92760 610 58.2725 3.3172 510 1219.28 0.00574842
7309 93906 600 73.2921 4.84947 610 1319.4 0.00441743
7309 97102 674 69.1303 1.14056 590 1259.84 0.00430021
7309 98350 688 62.3669 1.19595 360 1303.55 0.00442543
7309 99699 608 74.716 8.98587 800 1475.14 0.006308
7309 99967 640 61.3576 10.5949 1170 1224.95 0.005504
7309 100367 688 73.1375 1.41077 370 1517.8 0.00471646
7309 101552 674 73.348 6.49341 -500 1618.53 0.00757143
7309 105885 674 61.1233 1.12806 -370 1585.47 0.00429112
7309 108728 626 59.6911 18.9799 -2500 1035.56 0.00415347
7309 111227 640 66.114 2.87768 540 1416.16 0.0042699
7309 120591 696 69.0725 1.42134 -390 1360.69 0.00445402
7309 123364 646 73.036 5.00275 -590 1315.1 0.00627946
7309 129144 646 75.7459 18.1326 -4600 1784.31 0.00613823
7309 130814 600 65.8093 1.00452 -330 1659.59 0.00418311
7309 132320 664 62.956 2.29901 720 1451.5 0.00537677
7309 133169 624 61.6601 6.70167 610 1389.25 0.00446298
7309 133889 576 71.5768 13.3468 400 1894.8 0.00786198
7309 138804 576 63.6654 3.16466 510 1335.54 0.00424131
7309 140046 626 56.726 18.9727 7440 1046.33 0.00490824
7309 143884 642 57.8162 22.337 -3810 992.749 0.0043995
7309 144059 610 75.1282 2.25905 460 1768.84 0.00541511
7309 144202 640 66.534 6.21833 -520 1364.43 0.00709603
7309 146849 662 75.5564 5.8765 -630 1553.23 0.00712334
7309 154623 674 62.1536 1.34289 -560 1269.92 0.00463448
7309 158479 690 69.7968 1.4549 -450 1760.75 0.00482532
7309 160629 608 60.0647 2.3543 420 1564.09 0.00609304
7309 161711 640 63.2718 6.08836 700 1167.75 0.00420625
7309 165325 662 58.2525 5.83676 -400 1284.11 0.00681218
7309 165392 626 67.4653 1.33176 -490 1353.08 0.00442987
