7575 731 626 60.7772 21.3951 7300 1182.93 0.00598004
7575 4780 598 70.7951 1.41703 -460 1574.87 0.0048146
7575 6721 626 76.4509 1.47061 530 1604.84 0.00462146
7575 6749 626 73.3959 2.31808 510 1658.92 0.00572249
7575 7774 674 75.4569 3.01145 -890 1705.74 0.00616902
7575 7957 662 62.3791 1.28537 -660 1435.31 0.0042388
7575 9701 696 67.6845 5.12281 420 1584.78 0.00628577
7575 11204 690 66.5894 2.79207 490 1455.95 0.00615055
7575 12588 626 60.9289 23.5239 -3710 1010.33 0.00536178
7575 15155 576 60.2587 1.34108 -430 1239.74 0.00468088
7575 18879 664 61.2843 8.59613 1080 1236.05 0.00417277
7575 28126 598 60.4465 7.52059 1690 1291.6 0.00430484
7575 36120 576 69.3323 6.60175 420 1438.1 0.00563696
7575 40100 626 62.6114 23.2147 4070 1544.5 0.00423146
7575 41147 664 56.9143 11.7902 -520 1346.05 0.00711843
7575 60729 598 74.1765 3.21034 480 1590.2 0.00418461
7575 64485 642 72.1814 4.78434 700 1454 0.00417992
7575 66723 592 61.2621 30.2552 8310 1243.17 0.00419081
7575 67652 696 73.0354 2.49512 -410 1456.91 0.00402271
7575 68473 600 57.115 2.1702 -390 1065.72 0.00503415
7575 70433 642 67.3137 2.31279 -350 1611.15 0.00587785
7575 76454 674 61.3654 2.96047 -560 1321.41 0.00598097
7575 81740 662 74.974 2.50466 -370 1535.83 0.00546956
7575 82619 592 69.9579 11.6723 360 1778 0.00875742
7575 83187 696 68.5407 8.5219 620 1691.01 0.00658501
7575 85062 674 69.4483 1.4978 -770 1442.77 0.0046558
7575 90614 594 59.593 6.0677 690 1335.05 0.00695043
7575 92695 576 74.0017 5.01923 -470 1781.19 0.00726076
7575 93563 674 70.4257 3.75586 480 1625.4 0.00546374
7575 94046 598 74.8664 4.26256 660 1404.15 0.0041933
7575 96669 646 58.1466 6.28738 530 1214.38 0.00474555
7575 96680 674 63.0197 3.15386 380 1566.18 0.00597858
7575 102669 624 61.2346 7.00574 830 1453.29 0.00473649
7575 104338 610 57.6133 5.82254 450 1293.2 0.00561654
7575 111316 610 67.5314 1.86521 -380 1736.55 0.00517149
7575 113257 674 72.8731 6.47298 580 1853.03 0.00741359
7575 115195 644 69.0226 1.64824 -390 1270 0.00480132
7575 116167 646 59.4836 3.75845 470 1313.89 0.00490471
7575 117176 626 64.9417 2.77616 430 1415.61 0.00571494
7575 128202 644 70.148 2.32431 570 1310.15 0.00428647
7575 128796 576 64.2241 8.30972 1040 1383.72 0.00528382
7575 129676 624 60.1096 4.94671 500 1046.33 0.00509611
7575 130009 662 76.0248 2.26499 570 1296.21 0.00490649
7575 135756 646 60.5755 6.35913 550 1354.73 0.00500223
7575 141078 674 65.8658 5.11265 -610 1496.33 0.00690062
