7474 3673 610 70.8101 8.55868 950 1594.56 0.00489214
7474 5234 610 76.4919 5.24364 420 1817.13 0.00631789
7474 6140 626 63.4237 21.2906 1750 1154.83 0.00568991
7474 6541 610 65.1083 1.99907 -490 1286.32 0.00495866
7474 12393 662 73.3004 9.65255 -650 1504.18 0.00742702
7474 13651 674 60.5165 1.81501 460 1372.04 0.00509675
7474 13986 600 65.7082 4.38315 470 1226.69 0.00446348
7474 14821 664 72.2433 2.41502 520 1460.67 0.00576233
7474 18381 674 66.755 1.17707 520 1307.42 0.00431297
7474 30343 626 75.0068 3.80994 -580 1519.47 0.00646298
7474 31789 626 60.6329 31.1406 2210 1111 0.00451962
7474 32166 674 69.9824 1.2414 -440 1644.87 0.00431626
7474 35179 610 61.3091 10.9188 650 1330.34 0.00676982
7474 36582 600 64.3027 2.17485 -630 1302.63 0.00539927
7474 39037 674 63.1247 3.9736 660 1443.01 0.00596357
7474 39558 662 61.4407 1.70235 -330 1302.97 0.0049208
7474 42263 592 67.8626 4.85009 490 1537.89 0.00493818
7474 42416 664 57.4541 2.56681 -430 1306.58 0.0055828
7474 43533 624 72.7623 5.69214 780 1363.4 0.00441661
7474 43697 662 71.7548 2.8958 -590 1301.27 0.00573218
7474 46614 664 67.0027 2.933 680 1235.56 0.00579189
7474 48868 608 65.1509 4.78681 480 1212.79 0.00576944
7474 55638 690 61.7646 1.95908 -420 1123.76 0.00480534
7474 56774 662 61.4312 1.47622 580 1203.07 0.00427023
7474 60009 594 59.9246 3.19919 480 1372.32 0.00666202
7474 65642 592 74.6141 5.82049 600 1763.17 0.00537182
7474 68280 624 64.083 12.173 -470 1273.45 0.0074867
7474 75192 610 73.0822 1.37079 -730 1805.46 0.00441113
7474 80565 626 60.2865 5.93259 600 1238.96 0.00474443
7474 81848 662 58.1348 3.72001 500 1329.17 0.00564306
7474 93307 624 70.1147 3.78703 -420 1257.09 0.00587852
7474 100369 662 73.1019 2.23138 690 1557.89 0.00455306
7474 100985 626 59.6512 18.2536 7610 1108.27 0.00607804
7474 102472 600 68.1361 4.0868 470 1443.27 0.0044745
7474 102526 598 71.2054 4.55206 650 1368.94 0.00421369
7474 108505 674 74.7422 1.51882 430 1825.84 0.00481527
7474 108918 626 57.4773 22.9251 6240 1110.59 0.0059928
7474 125956 576 59.3867 3.56042 -620 1307.04 0.00636103
7474 135895 642 63.1646 9.18749 1100 1278.11 0.00517086
7474 136243 664 74.6953 3.00491 -440 1693.68 0.00591465
7474 137486 642 56.9343 1.4856 430 1161.52 0.00465624
7474 138911 624 57.4217 1.68407 -450 1174.76 0.00466353
7474 139461 624 65.4118 6.58504 430 1282.51 0.00732253
7474 142565 624 62.3077 2.7525 -390 1471.44 0.00570104
7474 143936 592 59.1608 2.24924 -430 1119.65 0.00517107
