7608 2756 696 71.9866 7.90506 -640 1619.67 0.00724765
7608 4524 696 66.419 11.7008 -720 1572.98 0.00717438
7608 5783 662 68.7317 2.22931 660 1386.71 0.00538016
7608 6655 664 75.6964 1.36871 -680 1529.09 0.00438049
7608 14165 662 63.3361 4.05182 440 1490.27 0.00628058
7608 25015 642 70.2117 6.41179 630 1402.46 0.00541872
7608 26285 598 76.1635 2.07691 630 1674.27 0.00560789
7608 27375 598 74.3788 5.70496 -440 1744.02 0.00732785
7608 28079 696 58.9623 13.0188 440 1423.53 0.00561382
7608 30486 598 57.3226 5.69019 480 1272.26 0.00441994
7608 32486 608 64.0511 2.78388 410 1250.73 0.00417538
7608 38484 626 57.2185 14.9756 -960 864.836 0.00416146
7608 42339 626 61.8917 20.9455 7010 1254.21 0.00590124
7608 42429 592 71.6653 12.4114 390 1616.08 0.00923079
7608 43374 624 70.8288 1.00618 -130 1490.48 0.00411079
7608 54295 646 72.662 1.24795 370 1678.83 0.00410497
7608 55898 598 68.3833 1.93881 -410 1538.6 0.00571224
7608 75341 662 73.1832 1.25869 370 1563.1 0.00439001
7608 81009 610 73.0562 1.3816 -670 1263.12 0.00430045
7608 81619 594 63.6403 2.18939 -520 1294.26 0.00567644
7608 91936 610 63.1227 4.35104 480 1514.33 0.00632604
7608 96602 692 75.5168 3.32103 570 1536.44 0.00611817
7608 104244 646 65.552 7.23581 570 1452.47 0.00759295
7608 105548 626 59.8098 33.2732 2510 989.743 0.00404721
7608 107531 674 74.9199 2.3005 480 1772.58 0.00518281
7608 111893 576 61.1047 1.66757 -410 1419.43 0.00501087
7608 115359 610 66.5593 1.93893 -520 1478.59 0.0050593
7608 121445 610 62.7335 1.49313 -600 1197.04 0.00456833
