7285 2458 674 60.6265 9.70401 560 1503.25 0.00754693
7285 12704 674 64.6418 2.07925 340 1532.91 0.00510911
7285 17539 662 74.9595 1.91083 -340 1544.61 0.00538415
7285 19785 624 60.8451 2.69077 -430 1610.37 0.00579491
7285 22645 624 69.6446 8.62436 660 1153.96 0.00542702
7285 23403 688 71.3097 2.81129 390 1616.66 0.00588645
7285 23971 644 71.6557 7.71201 720 1432.87 0.0055239
7285 30434 662 57.1758 5.71142 510 1150.26 0.00522687
7285 31548 624 74.6022 1.19291 -410 1694 0.00408232
7285 44350 644 57.5218 2.72845 390 1004.13 0.0058669
7285 46427 674 76.4467 1.25377 730 1590.19 0.00428566
7285 48372 662 68.1098 1.07401 -500 1209.66 0.00409064
7285 49460 696 70.1232 1.97503 -400 1612.47 0.00501974
7285 50851 646 61.6085 5.96679 770 1259.9 0.00462944
7285 52451 624 70.4911 8.27563 490 1541.83 0.00586411
7285 53913 674 66.2218 1.26438 440 1606.79 0.00455275
7285 57288 662 67.0671 1.41355 520 1363.35 0.00458179
7285 58414 576 65.8746 4.75046 430 1529.94 0.00506509
7285 60539 642 70.625 5.95297 650 1408.03 0.00655038
7285 66484 692 62.3138 16.8793 680 1306.01 0.00812288
7285 69085 674 63.1049 1.81842 500 1184.54 0.00428671
7285 70071 688 60.2035 3.95293 800 1231.81 0.00434416
7285 71679 662 60.3238 1.9762 410 1296.69 0.00504444
7285 75600 608 57.403 6.11166 1290 1234 0.00433862
7285 78633 696 59.6473 5.45591 490 1246.32 0.0065195
7285 82544 674 61.1789 1.8481 490 1402.98 0.0051384
7285 84131 626 64.5168 24.2079 4250 950.467 0.00406173
7285 87785 688 62.5088 5.4297 400 1407.51 0.00735729
7285 88433 674 71.8259 1.60922 -570 1335.76 0.00494366
7285 89439 610 64.1232 1.84643 320 1361.62 0.00484692
7285 89976 592 70.8483 7.21774 780 1602.54 0.00533958
7285 95683 674 64.4347 10.0567 -650 1530.08 0.00806522
7285 110947 626 70.0514 5.53746 1160 1473.15 0.00418068
7285 119277 626 69.865 6.00249 590 1490.26 0.00474791
7285 120617 626 63.5112 4.99736 550 1336.16 0.00484402
7285 122179 624 58.7461 14.0028 -580 1268.97 0.00771994
7285 129918 626 63.9639 5.68564 840 1396.45 0.00489774
7285 138690 610 57.2351 1.68354 600 990.602 0.00467065
7285 142137 626 57.2154 18.2005 -4550 1040.07 0.0062269
7285 147743 626 63.6666 9.75182 970 1202.13 0.00473168
7285 149569 576 57.8264 5.30471 610 1266.41 0.00491795
7285 151033 674 61.4317 1.20865 -1190 1291.18 0.00438352
7285 161031 608 74.7671 10.3572 520 1633.3 0.00867517
7285 166725 646 66.8016 1.13382 -440 1448.39 0.00420503
7285 167694 674 63.2148 3.03222 -710 1376.29 0.00611279
