7542 363 610 75.6472 2.46535 -700 1335.22 0.00449174
7542 3633 626 64.3978 20.3227 -3750 1391.68 0.00458945
7542 5158 696 67.7131 7.16718 660 1364.36 0.00601471
7542 5543 610 71.738 4.36618 540 1494.39 0.00476403
7542 8696 624 61.8092 7.81037 490 1165.47 0.0056642
7542 11601 608 67.4248 6.34 690 1381.4 0.00567475
7542 12471 610 65.1621 9.80151 -460 1281.15 0.00771642
7542 17894 696 69.3699 7.92657 550 1585.68 0.00649455
7542 20701 626 67.3021 6.26113 470 1331.05 0.00602603
7542 20715 696 66.9031 1.88997 440 1470.14 0.00453791
7542 21563 696 68.9356 1.78482 560 1232.28 0.00502773
7542 31836 624 72.6895 2.58483 380 1366.43 0.0052793
7542 38268 592 68.8155 17.8543 580 1309.08 0.00928835
7542 39431 674 57.8999 1.82666 -420 1347.24 0.00517397
7542 45711 662 72.2673 1.04368 -480 1570.16 0.00406719
7542 49873 626 57.6624 1.64561 -410 1344.67 0.00502711
7542 52462 626 75.5986 1.8289 410 1578.23 0.00452455
7542 58660 640 73.5813 2.01475 -460 1447.24 0.00550227
7542 58885 624 65.4235 9.51004 810 1418.1 0.00605247
7542 61650 608 71.5483 5.90032 1040 1602.05 0.0042934
7542 65827 646 62.0558 8.82144 1060 1164.39 0.00503223
7542 75925 674 71.8861 1.67586 -450 1428.82 0.00453286
7542 78298 626 67.5348 18.9722 -1810 1360.13 0.00547453
7542 80997 696 59.7828 2.85273 420 1435.78 0.00578931
7542 84035 624 72.2602 7.90095 590 1475.36 0.0053399
7542 84440 644 57.7499 3.59763 460 1364.99 0.00571928
7542 88927 594 58.6201 3.78891 610 1215.59 0.00412209
7542 92561 576 72.016 2.5804 -370 1729.7 0.00624801
7542 93079 576 60.2371 7.03663 850 1282.82 0.0051428
7542 94276 692 59.3263 13.3794 720 1193.25 0.0079722
7542 95802 664 72.3944 1.28283 -360 1552.71 0.00438259
7542 96511 576 62.3678 13.9996 510 1517.2 0.00795182
7542 98000 642 61.8921 3.23797 590 1188.56 0.0047706
7542 100692 644 63.4542 4.22516 480 1436.4 0.00552331
7542 107264 598 66.636 1.73916 460 1300.7 0.00506426
7542 114276 674 76.1577 1.20407 -510 1746.9 0.00428989
7542 121021 696 69.741 1.60949 -640 1294.29 0.00455937
7542 121212 626 59.5969 21.686 5940 1117.96 0.0052444
7542 124801 644 63.1732 8.22001 520 1168.06 0.00577564
7542 124978 626 62.9493 19.5907 2780 984.464 0.00478103
7542 125169 644 74.0698 2.57414 -550 1499.15 0.00549965
7542 126822 674 71.7658 1.37376 -480 1723.74 0.00455201
