7465 14554 624 76.1228 2.49245 480 1484.11 0.00471123
7465 19282 646 71.3535 2.67001 370 1466.76 0.00555979
7465 19345 690 75.7104 2.98482 -440 1536.07 0.0064567
7465 20608 576 69.3946 2.20449 500 1615.34 0.00550927
7465 26934 600 58.1833 1.08679 -370 1527.25 0.00435262
7465 32007 576 59.5947 3.12038 -380 1485.64 0.00618176
7465 32363 662 70.2581 2.11463 -670 1506.13 0.00547973
7465 34590 576 60.4191 4.57304 630 1169.49 0.00552433
7465 40662 696 65.0349 2.71645 670 1358.03 0.00568791
7465 44958 640 68.2891 6.96209 1000 1325.91 0.00462089
7465 46090 696 61.5685 2.65035 430 1346.7 0.00539866
7465 47367 610 60.639 2.497 410 1367.2 0.00514933
7465 59401 626 59.8561 21.2562 6520 1050.25 0.00445234
7465 65300 610 71.2832 3.74312 490 1718.2 0.00580241
7465 66345 608 61.5993 7.42331 580 1213.84 0.00564739
7465 67982 662 57.4304 3.16008 450 1358.77 0.00575762
7465 70457 626 75.5297 1.27223 -360 1480.27 0.00444454
7465 73694 642 58.2497 7.98343 750 1162.41 0.00547879
7465 77760 610 67.2503 5.53635 410 1443.72 0.00621448
7465 80011 600 57.0721 1.85838 -460 1365.31 0.00553554
7465 84061 674 58.9144 3.87327 -490 1043.81 0.00623828
7465 90854 696 57.6223 7.50259 530 1273.44 0.0056508
7465 100130 662 67.5368 1.25 -460 1399.71 0.00418938
7465 100769 646 61.8196 1.88392 -600 978.162 0.00479136
7465 103638 664 68.6828 4.96138 420 1614.57 0.00507369
7465 103643 646 71.8125 6.57161 900 1344.34 0.00439594
7465 106127 644 58.4956 3.90795 -410 1184.41 0.00609618
7465 106613 576 62.3074 1.05275 530 1353.76 0.00417226
7465 112623 642 72.5673 4.33669 680 1480.24 0.00415338
7465 119186 598 76.4547 6.09159 380 1739.3 0.00774748
7465 120001 644 56.7082 24.486 -2540 1027.53 0.00404263
7465 121102 576 61.9242 9.10155 640 1298.65 0.00640644
7465 121874 594 66.2858 7.72941 790 1322.5 0.0053275
7465 124236 626 57.3373 24.8644 3670 1062.84 0.00579465
7465 131732 674 63.8015 1.28147 460 1588.54 0.00434394
7465 131939 692 71.2405 6.52928 710 1464.89 0.00649119
7465 132818 576 72.5747 5.1133 640 1528.07 0.00505519
7465 133615 626 60.7054 6.89753 900 1111.46 0.00431057
7465 140627 592 58.2694 11.5819 680 1643.58 0.0105345
7465 140670 600 57.7216 7.23176 1140 1203.25 0.00412367
7465 141571 696 62.0224 1.06871 -360 1379.04 0.00415656
7465 141971 640 68.7458 1.69565 -400 1437.87 0.00496578
7465 145630 690 68.2025 6.01817 600 1513.57 0.00613265
7465 145980 690 61.78 7.04774 890 1456.96 0.0050779
