7475 5760 610 68.7466 5.60049 480 1552.67 0.00540118
7475 10320 662 60.4725 1.45222 -380 1463.45 0.00472068
7475 11604 674 59.1536 4.66793 530 1523.45 0.00654279
7475 13031 626 72.0518 1.29894 -430 1281.25 0.00438278
7475 15025 674 60.5882 1.66353 -570 1118.85 0.0048155
7475 21143 696 57.4955 1.7381 440 1392.63 0.00464297
7475 39291 626 61.2739 20.3697 2070 1482.47 0.00676924
7475 41927 696 57.6087 22.3815 -6130 918.986 0.00440472
7475 46334 600 71.1313 1.07347 400 1723.49 0.00412881
7475 46747 626 62.6254 18.8916 4090 1320.03 0.00455506
7475 55441 576 65.9199 6.24609 380 1696.79 0.00701525
7475 66618 674 68.971 1.83188 620 1382.03 0.00559756
7475 70144 664 74.5371 2.18715 360 1441.48 0.00459
7475 76230 610 61.6302 2.33549 490 1475.29 0.00533091
7475 83595 644 75.6628 1.13429 370 1509.27 0.00422506
7475 92222 690 59.5013 14.0407 780 1361.51 0.00822957
7475 92641 662 67.4949 8.10517 440 1765.47 0.00760743
7475 93480 624 60.6229 33.3918 8760 1241.01 0.00419994
7475 93738 610 69.8022 2.18765 -610 1356.17 0.0052288
7475 97074 624 68.3927 8.95695 1510 1558.07 0.00460173
7475 97915 696 56.9239 11.6885 -560 1199.21 0.00745627
7475 99836 626 61.5913 18.1115 1410 1240.25 0.00628921
7475 107218 640 57.3583 8.25904 -480 1093.83 0.0073453
7475 107898 664 57.4951 9.55158 860 1153.1 0.00558192
7475 113342 592 74.7257 8.87164 -500 1731.01 0.00812064
7475 118701 576 58.3786 5.17031 660 1203.33 0.00556411
7475 119453 644 73.1163 2.64898 -460 1729.98 0.0058579
7475 120983 624 59.8862 8.15593 700 1323.78 0.00533867
7475 134339 674 61.3416 3.92699 520 1190.03 0.00455971
7475 135928 690 67.3938 3.02816 500 1625.62 0.00586422
7475 136196 696 65.2313 1.18658 -520 1452.75 0.00405078
7475 144236 674 66.0586 2.18489 380 1648.9 0.00539124
7475 144507 674 65.215 2.66181 -490 1455.06 0.00586219
7475 148736 626 69.3838 19.4559 3900 1101.45 0.00409047
7475 148793 690 60.0052 8.38372 960 1063.95 0.00552754
7475 149667 640 74.0874 1.19752 -410 1537.09 0.00413768
7475 150802 642 76.6344 1.94567 530 1516.54 0.00502989
7475 155750 690 62.6528 9.61265 760 1263.66 0.00617436
7475 157507 610 64.4394 1.57911 730 1333.8 0.00458648
7475 158400 626 68.2408 1.60012 360 1437.97 0.00487693
7475 166367 576 69.745 2.297 380 1700.98 0.0056725
7475 167480 610 61.1146 8.32357 -650 1141.01 0.00684045
7475 183892 662 73.2928 6.19722 580 1689.45 0.00645044
7475 184440 674 73.5223 4.44528 380 1770.09 0.00689187
7475 186141 690 74.3223 10.1947 790 1554.59 0.00662009
7475 190052 600 62.7941 1.58558 490 1157.95 0.00518739
