7436 875 626 59.3199 22.3086 5010 1553.58 0.00756845
7436 6072 610 74.8619 1.77376 450 1395.72 0.00455956
7436 8153 690 69.2739 4.58361 450 1443.18 0.00665883
7436 16471 662 69.0984 2.18558 360 1400.68 0.00422695
7436 18275 576 71.9663 1.75801 -470 1566.02 0.0051113
7436 19696 624 70.9054 3.05169 420 1334.29 0.0055396
7436 26207 688 59.0869 6.71515 390 1401.54 0.00601628
7436 29135 626 57.1275 24.3925 5600 1017.11 0.00481423
7436 32175 576 61.0252 1.1309 -460 1222.24 0.0042337
7436 34559 674 63.0014 1.85826 730 1152.25 0.00520449
7436 39837 640 57.7013 2.52228 560 1043.91 0.00578865
7436 42986 592 61.8411 1.0149 360 1621.91 0.00432257
7436 45509 688 60.3031 1.74423 -380 1351.72 0.00459247
7436 48452 674 64.0198 3.19095 -530 1317.18 0.00615999
7436 50165 624 60.994 5.06105 570 1484.77 0.00671899
7436 51504 644 59.9981 1.40852 370 1202.62 0.0044091
7436 52588 692 74.0109 3.44308 370 1449.74 0.00624838
7436 54812 644 63.5463 1.72731 530 1121.81 0.00492877
7436 56690 626 69.2911 21.7712 -1740 1269.49 0.00422331
7436 60107 674 58.4804 5.69263 1170 1369.95 0.00709991
7436 65311 594 73.7389 6.0075 -580 1602.42 0.00805126
7436 65468 662 61.9404 1.15323 380 1305.5 0.00413422
7436 72088 696 75.7692 1.15912 360 1821.04 0.00407751
7436 77084 598 59.7655 5.528 540 1262.89 0.00466636
7436 82478 664 67.6571 3.2972 -550 1515.79 0.00593032
7436 85197 576 62.0415 3.01707 -460 1040.42 0.00613406
7436 85781 662 75.5183 2.95292 -370 1891.06 0.00628273
7436 92592 598 60.551 3.78253 530 1328.14 0.00655997
7436 96652 688 60.215 1.49694 460 1230.32 0.00503446
7436 98465 690 65.2073 1.6305 -460 1698.98 0.00493752
7436 98751 626 61.0759 21.7079 5960 971.891 0.0043495
7436 101152 690 69.5347 6.95914 630 1598.82 0.00562834
7436 101585 640 75.3321 7.3243 630 1658.02 0.00534748
7436 103597 576 66.1567 1.03328 390 1393.13 0.00400356
7436 105256 624 61.0095 13.4468 -500 1380.01 0.00803651
7436 107852 696 70.6665 3.58031 600 1334.8 0.00618999
7436 107943 696 68.917 1.36422 -470 1454.5 0.00431062
7436 109634 664 74.6921 7.55141 550 1498.33 0.00609131
7436 109840 624 57.2254 1.34999 560 1045.26 0.00427476
7436 118642 664 59.697 5.83535 470 1273.26 0.0066714
7436 123955 624 61.2703 7.72862 990 1166.26 0.00488858
7436 124522 576 68.654 7.10657 1750 1496.98 0.00451445
7436 127032 696 59.3879 2.21179 450 1342.65 0.00521824
7436 127150 624 72.3428 11.9153 1000 1334.62 0.00639531
7436 131804 644 75.9692 1.24869 480 1471.19 0.00447677
7436 134414 674 68.4059 3.27035 990 1473.67 0.0064218
7436 137552 598 68.0011 3.98744 700 1330.92 0.0041435
7436 138211 626 72.0415 1.47051 410 1731.76 0.0044988
7436 141741 624 74.5362 3.84533 550 1800.85 0.00508679
7436 146181 624 60.3759 6.04994 600 1388.87 0.00446411
7436 146561 674 57.872 1.58256 -410 1263.83 0.00489593
