7463 1670 598 61.1269 8.32062 1240 1227.4 0.00459577
7463 4091 674 62.5931 2.5726 430 1512.83 0.0056215
7463 4577 662 75.1239 6.97467 500 1675.03 0.00652332
7463 9677 674 71.6043 1.11185 1000 1510.56 0.00415827
7463 17438 674 67.3145 1.42173 470 1363.76 0.00488565
7463 22883 662 63.3217 3.94729 480 1488.79 0.00601709
7463 30548 696 60.0182 3.80898 560 1177.69 0.00629165
7463 32780 610 58.7117 8.91874 690 1441.36 0.00676748
7463 33380 594 61.6319 3.12073 510 1197.96 0.00409447
7463 35513 576 61.0509 4.09359 590 1342.95 0.0049627
7463 39000 642 64.9283 4.45749 530 1262.79 0.00487519
7463 46539 662 73.7199 1.5493 390 1686.02 0.0043829
7463 47626 610 72.5386 7.6349 500 1596.68 0.00691644
7463 52330 690 61.355 6.5911 780 1346.06 0.00540217
7463 57683 644 62.6333 10.0361 720 1392.78 0.00566235
7463 61653 644 64.0919 8.15793 580 1347.62 0.00598632
7463 65260 640 56.9204 2.43921 -470 1121.03 0.00503576
7463 69052 674 72.8125 1.76211 400 1397.6 0.00419125
7463 80684 626 58.772 18.8859 5010 1115.68 0.00528207
7463 84409 690 65.7475 1.53076 -370 1573.81 0.00487737
7463 85909 644 66.8188 2.16393 -580 1299.56 0.0055431
7463 90892 696 73.449 5.61618 510 1854.36 0.0061687
7463 92304 674 67.3962 1.5347 -430 1443.02 0.00464932
7463 97628 626 62.913 21.9643 7950 1475.78 0.00785959
7463 99912 690 67.7977 4.40676 640 1314.11 0.00620575
7463 101283 696 70.8474 1.3368 380 1673.28 0.00426057
7463 110695 674 66.4147 2.70453 550 1172.09 0.00576367
7463 115244 674 73.7441 3.73841 -360 1623.67 0.00642234
7463 115649 688 60.6606 1.11067 300 1486.07 0.0042167
7463 121773 608 63.9037 9.40281 720 1457.39 0.00564283
7463 129727 626 66.4835 25.2479 2070 1284.55 0.00553502
7463 129767 594 72.3881 2.87841 -560 1569.53 0.00650184
7463 131485 674 59.3205 1.58137 -430 1113.32 0.0048141
7463 133647 696 59.281 5.47592 450 1320.28 0.00543958
7463 134016 674 74.0508 4.99113 400 1742.64 0.00685305
7463 135634 626 70.4025 19.9167 6430 1395.51 0.00509215
7463 135695 696 61.0895 6.91733 970 1155.63 0.00481097
