7534 966 696 62.2726 1.80786 350 1537.72 0.00478782
7534 2820 576 66.8585 6.99053 930 1388.02 0.00516642
7534 11546 696 72.6477 3.2936 -540 1505.12 0.00480624
7534 20010 624 59.0493 5.89756 770 1369.17 0.00400125
7534 23070 674 58.0866 1.81572 -560 1212.21 0.00515889
7534 25979 690 59.5808 3.61746 560 1337.01 0.00421591
7534 32117 626 61.7421 20.4583 7990 1474.91 0.00792341
7534 35339 696 63.3971 5.15401 390 1432.21 0.00655866
7534 38321 664 71.3956 6.7041 550 1592.73 0.0051528
7534 42908 664 57.8944 1.21554 400 1241.12 0.00414116
7534 43991 608 62.2276 7.87297 600 1459.69 0.00602546
7534 48305 592 60.509 1.96924 -480 1542.83 0.00546179
7534 56810 674 62.2795 1.73366 -220 1571.19 0.00482863
7534 60634 644 61.9576 1.27653 -380 1302.3 0.00423011
7534 60726 624 66.0094 5.29709 580 1404.36 0.00468947
7534 62278 674 65.4504 2.40187 830 1201.84 0.00430601
7534 63202 642 62.4771 2.5146 360 1227.92 0.00564987
7534 65334 576 68.3266 6.14837 780 1646.88 0.00454874
7534 69343 642 56.9882 7.85086 730 1043.9 0.00532281
7534 69805 594 62.409 6.59503 550 1495.92 0.0064564
7534 70348 690 67.3504 1.70757 -710 1524.41 0.00502316
7534 71517 610 58.4069 6.674 440 1302.82 0.00552053
7534 73190 674 58.6231 2.67927 -400 1147.38 0.0059801
7534 74722 626 61.385 19.2602 7920 1089.53 0.005381
7534 76041 690 62.0861 2.4006 -410 1160.61 0.00589795
7534 80143 576 66.7893 1.80266 360 1400.68 0.00512072
7534 81436 640 74.8122 11.747 480 1666.8 0.00692263
7534 82312 674 69.6417 2.65779 -370 1653.08 0.00490834
7534 87658 674 75.1557 1.55458 -710 1571.55 0.00491795
7534 92333 610 68.6627 4.18659 500 1519.25 0.00614763
7534 93002 594 72.2104 2.0597 530 1679.84 0.0057614
7534 96103 662 61.8079 2.8171 -470 1481.24 0.00595195
7534 101724 662 62.6989 5.94126 430 1279.92 0.00599786
7534 102677 600 74.1127 5.61599 500 1499.94 0.00523257
7534 107635 644 62.6805 1.22712 -550 1391.89 0.00424095
7534 112733 600 68.7843 1.10902 -470 1590.63 0.00437018
7534 114267 674 60.2034 6.27477 1090 1298.69 0.00729584
7534 116332 598 66.8871 21.6101 -2740 1158.77 0.00449657
7534 121109 644 72.5209 2.59135 390 1821.33 0.00483551
7534 122280 576 69.3668 7.62826 600 1617.99 0.0054875
7534 124926 696 60.8709 5.0007 840 1203.86 0.00437463
7534 129116 576 63.492 2.09987 -340 1295.36 0.00559264
7534 137817 594 59.3587 5.17206 420 1524.6 0.00774605
7534 139232 626 60.2456 3.35578 -380 1496.36 0.00622188
7534 139724 626 58.6883 21.8607 1660 1236.9 0.00498204
7534 147426 696 65.6639 2.88051 420 1445.99 0.00574883
7534 153855 600 57.3245 2.64816 360 1300.34 0.006453
7534 157868 674 67.3397 3.57652 570 1375.3 0.00632029
7534 159329 644 72.637 22.9445 -4370 1266.26 0.00405509
7534 164639 644 72.1456 1.24495 360 1532.66 0.00419776
7534 166103 664 63.3221 2.89415 -400 1463.26 0.00564574
