7380 1312 608 69.0253 2.25532 500 1772.24 0.00670998
7380 2766 624 64.6739 6.98 520 1345.92 0.00581047
7380 4711 610 61.1581 3.69168 540 1503.58 0.00597365
7380 4765 576 62.9819 5.76406 1050 1265.89 0.00437348
7380 5899 624 74.0607 6.41416 1130 1542.28 0.00454037
7380 9010 608 68.8055 4.47388 630 1292.67 0.00412322
7380 11195 610 65.2687 4.9926 -510 1534.91 0.00665394
7380 11316 662 67.4765 9.21862 500 1362.81 0.00774121
7380 13403 594 61.4396 6.50118 510 1311.33 0.00559493
7380 13948 664 63.9124 7.18745 -460 1230.6 0.00636651
7380 13987 626 57.3288 23.2512 1380 929.252 0.00514575
7380 14126 674 59.7862 7.79526 490 1163.83 0.0067719
7380 15055 642 63.6114 1.13034 330 1227.43 0.00412406
7380 16235 662 56.9278 1.25837 -510 988.115 0.00406063
7380 20727 662 75.4459 8.3353 640 1418.96 0.00655426
7380 20965 642 69.2667 2.4366 340 1490.4 0.00569782
7380 27837 600 64.2302 7.68282 -440 1757.75 0.0077435
7380 27911 608 76.2215 3.4072 470 1470.91 0.0044556
7380 31942 626 69.8939 3.18008 570 1191.32 0.00521699
7380 33758 674 61.4149 4.90872 600 1328.74 0.00442197
7380 34677 662 68.873 2.8399 -420 1740.83 0.00602634
7380 35237 626 64.2321 9.70978 690 1396.68 0.00668348
7380 41459 626 65.942 29.4409 7530 1090.12 0.00568686
7380 47066 626 63.6247 16.0953 8730 1182.24 0.00434796
7380 51523 600 76.3518 1.63743 -610 1341.61 0.00527889
7380 58978 664 72.3132 4.09992 -460 1622.94 0.00611474
7380 59680 626 69.844 17.1747 -1930 1148.9 0.00594772
7380 60790 592 63.74 1.1942 530 1195.9 0.00459092
7380 69128 696 65.0475 3.07134 -770 1524.54 0.00549464
7380 71422 624 64.7489 4.60274 560 1190.01 0.00560779
7380 73184 664 57.1379 9.56522 1350 1281.76 0.00606428
7380 75113 576 76.0101 4.0347 400 1859.36 0.00656082
7380 77371 644 72.4306 5.62317 630 1460.37 0.00527628
7380 82526 644 67.5847 7.28339 780 1276.69 0.00458774
7380 83761 664 71.2188 2.87774 -380 1493.2 0.00603782
7380 83985 664 74.5495 2.64827 450 1687.87 0.00576859
7380 87925 576 76.3873 5.27787 560 1587.92 0.00471822
7380 90866 598 74.4798 1.86215 520 1614.11 0.00567578
7380 92839 624 74.5111 3.87727 460 1409.67 0.00639394
7380 99304 674 69.1344 7.66566 570 1570.74 0.00638671
7380 101140 696 63.6236 1.93392 -530 1214.26 0.00511152
7380 107334 664 76.2813 3.27125 610 1486.84 0.00575665
7380 107737 598 70.0474 5.70691 520 1695.81 0.00651573
7380 114004 610 72.4736 7.50595 400 1766.75 0.00725494
7380 114568 626 61.9749 20.5906 4290 1172.22 0.00540723
7380 116959 642 63.5337 8.18295 700 1270.11 0.00425031
7380 129232 690 74.7567 8.34761 1010 1448.46 0.00619594
7380 129356 624 64.5955 3.28511 530 1110.86 0.00402911
7380 130217 688 60.0596 1.35431 350 1273.79 0.00452821
7380 130985 662 65.0847 1.08137 380 1352.62 0.00411003
7380 131053 696 58.9555 1.73007 390 1153.34 0.0047521
7380 148536 640 69.6936 8.19352 750 1485.6 0.00578714
7380 151318 664 68.1694 6.81844 660 1329.94 0.00481356
7380 153711 674 73.8349 4.48298 530 1716.35 0.00696339
7380 156074 696 75.5725 3.55611 470 1684.16 0.00665169
7380 156254 674 58.9627 2.84726 -540 1329.94 0.00592449
