7405 3301 646 60.7233 2.35227 -360 1246.21 0.00537338
7405 11248 646 58.0439 21.862 -4790 876.226 0.00447011
7405 14167 576 66.5206 2.52264 520 1486.33 0.0057633
7405 16765 692 75.4736 2.86338 400 1224.45 0.00416901
7405 24135 576 68.2402 2.8189 380 1537.25 0.00607285
7405 26667 626 72.2514 1.91422 -440 1360.72 0.00508848
7405 28227 644 66.1208 27.0595 2050 1009.99 0.00412824
7405 28875 644 74.5448 2.41153 460 1658.29 0.00497746
7405 31391 626 70.5301 19.5862 5820 1486.46 0.00528324
7405 34998 674 61.7809 3.54039 620 1298.78 0.00628572
7405 36054 624 61.493 8.46971 1030 1390.37 0.0050583
7405 38430 640 60.3587 5.75936 520 1271.59 0.00516932
7405 39391 662 75.8304 6.82936 490 1696.2 0.0073366
7405 46088 576 59.8851 2.49947 630 963.795 0.00446334
7405 47606 674 71.6069 1.27404 690 1333.64 0.00444137
7405 48128 696 61.1698 23.9895 -4660 1092.65 0.00421102
7405 54062 674 67.0653 2.63685 890 1149.25 0.00428612
7405 56696 692 62.7934 12.9481 770 1386.63 0.00748512
7405 60698 610 76.5502 3.40275 420 1677.66 0.00448235
7405 64469 696 58.4099 9.97862 660 1251.33 0.00619287
7405 68205 662 62.1004 1.79675 470 1331.86 0.00466724
7405 70409 674 57.4444 1.31183 500 1185.34 0.00443342
7405 70557 664 68.8513 1.98187 -550 1293.58 0.00512477
7405 71689 592 61.8152 5.71218 750 1322.95 0.00422758
7405 73646 598 71.6949 10.3033 -700 1726.65 0.00769751
7405 79264 624 58.1039 6.76914 520 1005.65 0.0065852
7405 80445 696 59.6725 4.81135 610 1377.45 0.00616814
7405 80449 640 58.1837 2.36808 420 1233.26 0.00546605
7405 82968 594 70.7172 4.09292 440 1779.99 0.0068722
7405 84841 644 75.985 11.5662 660 1774 0.00786773
7405 85089 644 68.199 5.97196 380 1693.97 0.006284
7405 90196 626 61.7461 12.89 5810 1231.68 0.00400815
7405 90911 696 70.6533 12.1844 440 1752.03 0.00751468
7405 95006 674 66.2576 1.54861 -350 1607.95 0.00479736
7405 99630 674 75.9796 1.18595 560 1591.44 0.0041855
7405 100337 592 68.4613 5.44328 1010 1384.98 0.00460853
7405 101975 600 59.5074 3.39744 360 1354.72 0.00619671
7405 104509 688 59.3388 1.89978 -330 1567.17 0.00538907
7405 105383 662 67.2999 4.44939 -360 1426.22 0.00684433
7405 106641 626 67.1498 23.1978 6190 1376.07 0.00587287
7405 109228 644 74.9872 3.71621 500 1401.79 0.006445
7405 112980 646 72.1712 6.61724 720 1543.14 0.00466806
7405 118628 608 75.6083 7.17802 1740 1900.76 0.004233
7405 120367 626 72.3314 4.31723 550 1618.05 0.00674311
7405 120385 662 58.7668 1.30086 490 1124.13 0.0041837
7405 126261 598 59.8485 1.04137 450 1336.35 0.0043159
7405 126354 626 75.7805 6.70262 1000 1416.48 0.00414157
7405 128181 664 56.8263 10.7512 1200 1096.13 0.0061424
7405 130945 674 76.5529 4.54637 520 1890.96 0.00624843
7405 138417 600 72.4441 1.97276 -380 1702.82 0.00508685
7405 139682 696 69.8045 2.39064 350 1470.01 0.00480665
7405 140787 692 61.3824 4.85492 -390 1647.35 0.00715199
7405 141239 690 66.2302 5.73842 430 1496.35 0.00675711
7405 142099 662 63.1628 1.86931 -420 1441.6 0.0050356
7405 147282 692 65.6067 3.14154 380 1329.71 0.00588141
