7536 372 610 72.9845 4.22692 790 1475.35 0.00403887
7536 5381 696 72.7248 8.39474 970 1684.12 0.00554123
7536 6748 576 62.3223 26.1634 -4990 1159.91 0.004078
7536 7976 690 64.9913 7.24789 560 1566.01 0.00723213
7536 11718 576 60.7732 3.91316 610 1069.92 0.00432859
7536 13700 688 72.1747 2.54758 350 1679.31 0.00576759
7536 17101 674 64.0525 1.49881 -500 1277.43 0.00480719
7536 19066 690 73.6103 9.39244 530 1745.87 0.00796044
7536 22435 642 70.3478 7.0962 850 1351.88 0.00470573
7536 24863 688 73.2557 1.76014 560 1206.39 0.0046592
7536 27637 610 58.0321 3.59355 590 1155.37 0.00588273
7536 30389 598 69.4437 4.45432 390 1666.04 0.00657224
7536 32338 600 64.5355 2.15303 670 1717.72 0.00539296
7536 32687 624 75.392 2.87611 480 1507.01 0.00591115
7536 32873 640 65.9211 3.63119 -580 1547.59 0.00629953
7536 37347 692 57.6585 5.53526 650 1061.32 0.00524164
7536 40424 662 63.6184 1.24153 -340 1252.81 0.00430457
7536 42093 646 57.6691 9.9468 1540 1295.53 0.00482407
7536 43449 674 65.3753 1.49667 480 1543.34 0.00476556
7536 44252 608 74.8777 3.02811 510 1760.09 0.00705792
7536 44751 598 63.9407 24.9879 6850 1117.54 0.00403988
7536 47539 624 61.3611 23.3958 -4240 1091.22 0.00404634
7536 48174 692 59.5058 19.8722 650 1252.98 0.00814847
7536 52732 626 63.8824 19.9664 -3220 1192.87 0.00442258
7536 57148 576 66.4731 5.86712 810 1487.24 0.00474083
7536 59315 662 75.4509 2.25467 350 1837.83 0.00557983
7536 62061 640 67.2099 5.51553 -480 1501.4 0.00688416
7536 63390 696 60.7216 24.3983 -3640 934.573 0.00419887
7536 69208 662 56.7351 1.45183 350 1162.84 0.00467458
7536 70446 674 65.6253 2.16888 -570 1189.55 0.00546391
7536 76920 626 58.4326 2.41495 400 1156.06 0.00560624
7536 77613 610 65.0943 1.05547 -440 1350.06 0.00400112
7536 77718 600 60.9762 1.2032 530 1504.35 0.00474242
7536 85025 644 72.3072 4.29733 540 1498.72 0.00500562
7536 85292 576 66.9028 2.58212 430 1590.01 0.00576515
7536 89729 610 67.4823 10.7759 -530 1241.5 0.00487239
7536 89795 674 69.356 3.94289 400 1768.44 0.00639847
7536 93295 608 66.7474 8.67707 760 1643.63 0.00525844
7536 94352 626 57.4796 4.81759 480 1139.55 0.00576639
7536 94442 600 60.9915 3.72563 520 1174.02 0.00456682
7536 96137 640 75.893 8.36598 460 1566.06 0.00573784
7536 97807 640 58.3952 1.84919 -580 1124.14 0.0049895
7536 98072 610 75.7733 3.25386 700 1546.2 0.00466673
7536 100054 624 72.5482 7.93249 680 1289.87 0.00536454
7536 101019 640 73.2924 3.71739 -520 1376.73 0.0057141
7536 106452 664 61.1387 1.987 560 1060.29 0.00521907
7536 107130 608 58.2841 1.18318 -530 1205.13 0.00470583
7536 107315 600 58.0899 27.0529 3810 1164.54 0.00407494
7536 126506 576 58.9947 2.87065 550 1256.14 0.00451439
7536 127858 576 67.586 7.58406 710 1588.52 0.00553493
7536 128439 598 68.5262 26.177 7070 1363.95 0.00407545
7536 132327 610 69.1717 2.43313 -610 1393.56 0.00528287
7536 139398 642 73.7876 1.46796 -430 1472.03 0.00474532
7536 140273 640 72.0293 2.93018 -460 1528.59 0.00631564
7536 148291 696 58.0536 11.0741 -770 1247.86 0.00744188
7536 149504 610 65.8065 1.40794 -430 1436.44 0.00435045
7536 151472 662 71.1007 3.16677 350 1487.51 0.00620376
7536 155928 626 62.4506 14.9333 -2540 1100.57 0.00426117
7536 157576 644 68.7549 3.97263 360 1441.54 0.0068606
7536 161641 674 72.5019 3.775 -450 1442.31 0.00655856
7536 162160 696 70.6912 6.59389 650 1333.96 0.00712289
7536 163681 576 59.9486 7.46936 820 987.84 0.00404159
7536 166182 626 64.0223 20.5573 -2740 1050.53 0.00483249
7536 170613 674 68.7378 2.4915 360 1339.68 0.00404872
7536 174525 640 57.4946 9.7181 1090 1243.39 0.00571098
