7448 4672 640 73.3214 3.22443 390 1730.29 0.00613271
7448 5099 696 73.4049 1.99973 930 1567.83 0.00551719
7448 15004 610 62.0799 5.40308 680 1215.25 0.00452361
7448 16649 662 75.8898 10.9561 790 1541.19 0.00656334
7448 17082 610 64.8761 3.73403 -820 1423.29 0.0060283
7448 18491 610 62.7623 8.85076 1010 1392.91 0.00544515
7448 21525 576 70.3368 4.72206 400 1845.89 0.00692078
7448 22704 688 75.1656 2.09343 380 1641.62 0.00557054
7448 23516 688 67.176 2.89003 420 1487.56 0.00615912
7448 27343 688 70.5457 1.16773 -390 1421.07 0.00409766
7448 28500 640 61.256 9.97191 700 1184.07 0.00434651
7448 28553 610 59.478 1.21819 480 1393.64 0.0041467
7448 32263 646 70.2325 5.00974 440 1526.57 0.00556024
7448 47553 644 59.793 1.23326 -750 1414.96 0.00420889
7448 47672 592 74.2026 9.9275 610 1714.06 0.00904791
7448 51117 696 58.9794 1.3003 -420 1112.94 0.00426908
7448 51235 600 62.7968 1.12305 390 1790.72 0.00463639
7448 51739 692 64.4013 20.1092 730 1464.4 0.00747055
7448 53847 626 59.9009 18.3548 6690 1196.69 0.00458862
7448 54561 696 58.4498 1.00436 120 1222.79 0.00429022
7448 56932 608 74.5545 3.57229 450 1269.85 0.00624096
7448 62490 642 66.1832 1.35072 -370 1119.34 0.00450077
7448 69268 610 70.3998 8.35416 -540 1433.46 0.00664241
7448 71082 610 61.051 1.82974 -660 1232.33 0.00477244
7448 71610 626 58.335 2.0302 -360 1495.15 0.00546171
7448 83049 624 66.4069 7.33525 1090 1298.75 0.00456334
7448 85132 576 60.3713 1.73865 420 1089.37 0.00497939
7448 98671 576 67.9058 9.20576 750 1461.43 0.00545317
7448 102485 626 71.3681 2.19751 -430 1405.13 0.0054893
7448 103384 674 62.5198 1.92308 -320 1210.31 0.00538197
7448 103622 640 59.8093 1.24465 370 1458.04 0.00420629
7448 108640 640 73.9051 2.06297 640 1301.62 0.00520061
7448 113599 696 75.3154 1.40929 430 1752.8 0.00434722
7448 120198 674 60.1951 1.71696 420 1346.14 0.00526681
7448 126617 696 65.7339 2.88589 -580 1470.66 0.00547301
7448 129010 598 65.7267 2.40339 730 1522.91 0.00607461
7448 130900 576 64.845 9.3294 1640 1404.58 0.00457514
7448 132279 692 72.2149 18.25 840 1681.05 0.00759732
7448 143309 600 61.3366 1.80728 420 1424.94 0.00575009
7448 144373 674 58.6273 1.64756 820 1292.25 0.00478617
7448 150598 674 62.1014 2.83732 440 1378.71 0.00608914
7448 152762 642 63.6423 6.09544 960 1288.25 0.00482594
