7490 4394 646 76.652 1.6096 -490 1375.4 0.00472893
7490 6156 576 60.7362 2.86538 500 1228.66 0.00536171
7490 9299 696 74.7772 4.2452 -400 1666.65 0.00665573
7490 11036 674 58.4857 3.84902 880 1207.65 0.00613115
7490 17602 642 63.9582 8.35712 700 1346.4 0.00530992
7490 18777 662 61.0669 3.94354 -440 1354.3 0.00642141
7490 21116 592 60.2585 1.50193 -370 1530.44 0.0042048
7490 29387 674 74.0526 3.54126 560 1478.2 0.00515389
7490 32308 646 63.44 5.5249 440 1188.73 0.00498256
7490 33810 688 71.4495 3.32146 420 1638.06 0.00621622
7490 37280 624 74.0928 5.05823 830 1646.06 0.00400056
7490 44395 576 63.8672 2.31039 620 1368.44 0.00584903
7490 46162 598 72.7868 3.49751 570 1375.24 0.0042147
7490 47432 690 56.7106 20.5457 7730 1227.41 0.00445617
7490 52861 598 57.1856 6.79464 510 1213.07 0.00520935
7490 59805 646 64.3417 6.47192 470 1489.71 0.00695809
7490 62339 598 61.0816 2.76816 -380 1363.74 0.00600365
7490 63820 688 75.4825 1.22498 410 1585.49 0.00462061
7490 64643 626 73.1226 15.8029 -1580 1316.21 0.00459263
7490 66924 696 61.9436 2.07366 540 1256.42 0.0050901
7490 74416 642 72.8619 7.54979 1060 1131.16 0.00404498
7490 80486 644 58.2441 1.71943 -430 1437.15 0.00495586
7490 80927 664 72.0705 5.40608 1090 1423.61 0.00540079
7490 83010 692 59.5986 3.70002 500 1240.48 0.00633318
7490 96655 644 62.896 2.44394 -410 1419.69 0.00573624
7490 98439 626 57.1795 20.1006 2110 1145.43 0.00537409
7490 102551 576 60.9985 4.0256 420 1372.35 0.00467327
7490 104654 664 75.6851 2.53672 -400 1572.42 0.00560694
7490 110750 664 65.7323 5.70041 1120 1350.3 0.00447592
7490 113622 696 65.9847 3.23778 510 1551.4 0.00542087
7490 116562 674 74.1191 2.6787 700 1623.76 0.00633562
7490 121897 674 67.5125 1.04378 590 1264.11 0.00403907
7490 123785 662 62.7637 1.09676 -370 1309.81 0.00407329
7490 132949 696 56.8475 23.5046 1790 1071.13 0.0045378
7490 134437 598 74.6854 5.67598 540 1640.24 0.00539779
7490 135142 594 68.4898 1.12171 -390 1466.43 0.00469057
7490 136252 610 61.2017 2.83536 670 1190.44 0.0040873
7490 136323 692 59.3792 12.4766 710 1234.23 0.00742767
7490 141180 610 60.2682 3.7166 -380 1458.72 0.00593784
