7321 1320 626 74.1047 1.42992 -420 1706.3 0.00453143
7321 7740 674 71.6495 3.41306 -930 1466.5 0.006064
7321 9650 624 70.3425 7.6144 590 1202.65 0.00477236
7321 9655 696 61.9091 3.94561 410 1518.67 0.00600518
7321 16604 642 62.7033 5.09398 590 1214.52 0.00465299
7321 22224 640 61.9386 3.85081 570 1197.64 0.00404114
7321 25810 624 72.5126 4.13853 810 1228.08 0.00414066
7321 26410 674 68.3784 1.34085 470 1509.48 0.00489458
7321 27824 692 72.9664 23.3252 7830 1218.62 0.0057301
7321 33138 696 59.3569 1.78032 500 1226.75 0.00472396
7321 35559 600 61.7243 5.61592 670 1469.14 0.00507236
7321 35896 610 59.3842 1.68777 640 918.634 0.00425323
7321 52977 664 63.8266 5.93787 480 1548.46 0.00632543
7321 55682 576 70.831 9.03369 670 1585.68 0.00819754
7321 58182 640 57.449 8.71704 580 1293.86 0.00579819
7321 59570 692 64.3847 17.6131 700 1401.85 0.00858638
7321 63922 696 60.8712 9.6016 -590 1339.96 0.00616157
7321 64939 674 72.0381 1.24213 -420 1649.24 0.00444539
7321 68463 576 61.4267 2.09924 440 1550.47 0.00523001
7321 77675 626 60.7746 16.7795 7060 1104.68 0.00566684
7321 84906 598 72.658 1.1747 -620 1447.68 0.00411947
7321 88630 610 60.9217 1.23425 360 1370.1 0.00411676
7321 91026 598 59.2688 6.92293 760 1253.55 0.00448972
7321 95222 662 70.0024 1.46711 -420 1557 0.00473573
7321 98442 662 62.9132 7.0826 -500 1336.51 0.00684893
7321 107276 662 61.1423 3.11839 -500 1281.28 0.00605459
7321 108201 662 61.3411 2.62584 -590 1112.6 0.00557028
7321 110571 674 58.4166 1.29317 -420 1357.03 0.00447946
7321 114400 674 63.5666 2.6052 370 1487.26 0.00649543
7321 115048 674 65.4918 2.38401 -430 1421.39 0.00571369
7321 117060 640 70.7915 8.36505 500 1421.52 0.0055109
7321 117739 576 60.8169 1.18938 580 1121.97 0.00440174
7321 118801 674 64.17 1.58241 600 1196.34 0.00483053
7321 120848 674 61.2831 3.7533 620 1395.11 0.00662445
7321 129478 690 71.2508 5.75372 610 1682.25 0.00763923
7321 133538 576 62.1446 3.0846 -410 1388.3 0.00623551
7321 135353 626 63.5238 2.08163 -480 1386.03 0.0052435
7321 135913 640 65.1071 10.8303 1500 1224.1 0.00582211
7321 139592 608 69.8419 4.08918 440 1380.14 0.00534992
7321 140110 598 69.5835 6.14121 710 1218.71 0.00449999
