7423 58 600 60.9361 4.21979 -1930 1428.13 0.00591736
7423 239 594 63.0473 22.4405 -4130 1288.16 0.00433346
7423 2669 624 58.1998 4.3618 630 1388.13 0.00422317
7423 5066 626 68.2988 19.5716 6830 1632.69 0.00462435
7423 5806 662 64.2018 5.85654 780 1591.36 0.00688945
7423 5990 690 62.2848 1.22647 460 1164.25 0.00442143
7423 7474 610 61.1624 2.68529 840 1228.89 0.00426201
7423 9207 594 59.1801 9.65384 460 1491.98 0.00860288
7423 9820 598 59.3042 8.84796 880 1298.52 0.00539904
7423 10916 624 61.1677 7.54849 1490 1202.7 0.00440715
7423 13948 626 62.4916 2.91644 -440 1395.1 0.00571757
7423 14471 626 56.8919 7.37961 930 1063.62 0.00448855
7423 16978 664 62.01 7.25529 1060 1231.49 0.00442268
7423 20779 598 62.2784 4.91337 580 1098.48 0.00500876
7423 23121 644 57.002 23.383 1830 1023.58 0.00405081
7423 27966 644 64.2759 6.83625 400 1301.91 0.0057646
7423 28434 674 58.45 1.76724 700 1086.01 0.00488901
7423 31802 690 62.7026 1.30037 -410 1437.87 0.00453011
7423 36489 626 72.6672 1.12923 390 1196 0.00403647
7423 36624 692 64.0445 6.84718 580 1324.22 0.00523205
7423 41940 696 66.1687 12.2945 680 1356.47 0.00759245
7423 42891 626 64.3887 8.83443 520 1399.1 0.00648806
7423 44024 674 62.5116 2.55639 420 1422.76 0.00571555
