7469 10215 608 61.5769 2.62886 400 1577.83 0.0065997
7469 13841 626 70.3395 3.55121 -370 1693.76 0.00606345
7469 19124 642 76.2091 5.86024 630 1531.06 0.00584705
7469 19654 696 76.3891 3.68067 390 1853.11 0.0064186
7469 24685 644 73.2138 1.24184 -380 1562.23 0.00430025
7469 26476 600 68.9284 2.13529 360 1287.95 0.00530814
7469 30048 674 58.6544 4.29508 -440 1115.95 0.00697486
7469 35996 626 62.8861 28.3016 -2800 1233.22 0.00455108
7469 42229 610 65.4434 1.49002 640 1176.96 0.00406325
7469 43946 610 60.885 1.56376 400 1333.31 0.00465488
7469 51789 640 60.52 4.96161 590 1105.85 0.00451112
7469 57694 674 66.3568 1.88269 -670 1468.7 0.00416781
7469 57945 642 57.3777 7.28279 620 1191.95 0.00528493
7469 67593 674 61.2168 3.40405 540 1278.04 0.00449591
7469 68423 674 74.8283 2.15005 540 1663.24 0.0055771
7469 72543 674 75.1963 1.96933 -380 1518.81 0.00561921
7469 72760 688 68.6303 6.23613 520 1374.08 0.00531904
7469 72960 642 62.9599 1.12696 -400 1393.68 0.00431307
7469 77149 642 67.3062 9.29345 570 1367.68 0.00599945
7469 77713 674 58.317 2.79985 670 1285.78 0.00625282
7469 85441 690 68.3799 1.84957 340 1443.01 0.00508172
7469 87915 640 67.1992 5.3924 1420 1182.51 0.00481671
7469 90398 598 72.8053 1.98549 -530 1538.85 0.00474416
7469 92469 674 57.5344 3.45498 -680 1451.74 0.00615219
7469 93477 608 56.7424 3.34037 680 1208.65 0.00446007
7469 101932 642 64.5527 4.41993 670 1202.94 0.00448394
7469 104227 644 59.827 2.63166 -350 1399.58 0.00575635
7469 108427 664 76.5724 4.39848 -370 1674.56 0.00684854
7469 111551 610 64.621 2.46382 480 1090.38 0.0051038
7469 111623 692 63.4118 1.3268 -390 1381.66 0.00439134
7469 119327 610 59.7588 5.75012 610 1387.36 0.00501076
7469 120371 594 64.1679 11.8251 1600 1435.07 0.00597311
7469 121513 644 57.6675 1.40625 360 1098.37 0.00452291
7469 130977 674 57.2245 2.77191 430 1328.07 0.00569948
7469 134001 626 57.652 19.0502 6660 1498.39 0.00782303
7469 136624 690 63.2662 8.55738 490 1377.65 0.0065077
7469 136792 690 58.4354 9.53011 690 1145.85 0.0075897
7469 137921 598 69.8718 1.60792 460 1332.62 0.00519219
7469 146762 594 62.8056 5.89937 -410 1456.7 0.00760251
7469 147037 674 68.2505 1.16475 470 1388.91 0.00417195
7469 147207 674 63.7642 6.35217 -940 1379.92 0.00694723
7469 151182 696 61.9195 4.33812 590 1103.01 0.00640004
7469 152782 626 56.7758 1.92604 550 1016.33 0.00490196
7469 153933 674 59.785 1.27492 400 1386.33 0.00439722
7469 155874 608 68.5526 7.05451 1040 1382.53 0.00585585
7469 159235 644 60.4849 1.40802 390 1491.73 0.0045385
7469 159441 674 73.0332 8.45078 -530 1687.69 0.00716688
