7301 3851 696 62.8565 7.62116 510 1301.57 0.00692659
7301 5569 688 66.5016 2.28788 540 1274.62 0.00553464
7301 10050 644 57.0007 1.5529 330 1114.78 0.00458065
7301 16253 576 60.0799 4.87211 500 1416.52 0.00517582
7301 25190 624 72.3509 1.70493 430 1570.49 0.00493238
7301 29615 690 73.4355 1.88628 460 1367.78 0.00533311
7301 31999 576 62.9359 6.66177 1410 1387.13 0.00432265
7301 32792 674 65.1255 1.28331 490 1538.02 0.00445045
7301 36362 674 58.7079 1.14907 -450 1500.37 0.00427541
7301 41006 598 62.3562 28.573 -2240 1156.73 0.00403809
7301 41675 600 57.1448 6.45189 1080 1305.63 0.00467847
7301 42693 662 66.4639 2.10375 -410 1515.06 0.00533109
7301 44735 674 66.2463 3.08885 710 1487.71 0.00609353
7301 45016 690 58.6666 6.81825 690 1262.87 0.00577906
7301 45412 690 71.6093 9.9363 500 1254.99 0.00738188
7301 47842 674 65.8405 3.45891 -440 1616.18 0.00667716
7301 49265 646 60.7554 8.28416 1220 1297.37 0.00439159
7301 49732 598 68.2433 1.52335 520 1460.42 0.0051838
7301 49752 598 67.2422 2.96504 -380 1611.86 0.00627747
7301 54282 576 65.229 1.07129 350 1658.04 0.00413524
7301 56790 644 72.2899 4.20881 590 1315.52 0.00659065
7301 63984 664 68.2915 2.64641 410 1670.37 0.00548287
7301 67393 626 66.3674 3.05094 -470 1473.5 0.00604569
7301 67913 626 58.9459 22.6644 1960 1122.73 0.00622881
7301 68826 696 57.5206 6.31023 -410 1128.1 0.0069043
7301 69486 594 60.3632 1.75777 410 1380.21 0.00574901
7301 69800 690 73.5688 11.1123 790 1558.44 0.00695948
7301 72087 626 74.3578 2.44651 -410 1309.27 0.00558714
7301 74077 610 56.7171 2.05464 -600 1162.1 0.00488102
7301 75611 664 75.9926 8.87332 540 1596.64 0.00624258
7301 81681 664 65.1806 2.36848 480 1438.29 0.0053929
7301 85470 576 61.8518 7.3528 -460 1114.72 0.00677812
7301 88654 600 59.0609 1.07478 710 1482.07 0.00431949
7301 88742 642 73.9986 1.04827 460 1706.46 0.00408302
7301 91197 674 62.3845 5.62087 -380 1482.01 0.00740287
7301 94199 624 57.0187 3.58829 430 1458.9 0.00630971
7301 95998 692 64.2118 16.4095 530 1577.99 0.00819686
7301 98276 690 72.2094 10.656 910 1559.08 0.00670339
7301 102247 594 57.6216 1.20094 -350 1384.81 0.00470896
7301 102892 692 61.0952 15.6711 710 1325.67 0.00857679
7301 107943 674 70.8424 5.32445 460 1628.62 0.00717581
7301 109986 642 68.9658 7.33435 500 1446.38 0.00584513
7301 111620 626 64.788 2.17721 -320 1720.4 0.00545287
7301 111671 644 71.511 4.92236 480 1560.58 0.0056521
7301 114209 690 57.4462 26.8874 -1050 919.183 0.00400179
7301 117992 662 70.1426 1.21495 -660 1514.87 0.00447708
7301 122533 674 69.228 1.1408 -330 1594.85 0.00437762
7301 123910 692 75.5332 2.10383 -270 1830.51 0.00547392
7301 126651 598 60.8225 7.28233 860 1194.07 0.0051155
7301 130547 610 70.2679 1.37031 -410 1250.34 0.00441898
7301 136684 626 60.6454 20.8242 3650 1306.3 0.00407759
7301 137607 662 73.9997 1.52352 -640 1467.7 0.00477877
7301 140529 640 71.5924 6.41594 500 1672.27 0.00578146
7301 140943 624 61.2686 10.9337 -470 1306.04 0.00760889
7301 151560 642 57.3568 4.34397 500 1206.59 0.00451102
7301 152315 594 61.4134 25.2167 4240 1190.65 0.00412145
7301 153164 644 71.5113 2.00312 360 1552.81 0.00515125
7301 155727 594 76.0635 2.38562 530 1712.57 0.00646011
7301 158697 664 68.6215 1.99597 -250 1838.27 0.00505235
7301 159635 576 68.8842 8.06295 1190 1503.81 0.00555406
7301 168513 624 65.1594 1.22946 -370 1469.55 0.00405485
7301 171422 696 76.5133 7.54988 -450 1632.65 0.00758433
7301 173829 674 60.1363 2.53327 370 1449.42 0.0056206
7301 174573 674 63.2574 5.4511 -590 1307.2 0.0068734
