7470 5581 674 73.8656 4.25763 470 1715.11 0.00659189
7470 5997 674 60.4296 2.77989 620 1035.64 0.0055467
7470 14462 688 74.7318 1.1893 630 1461.11 0.0043432
7470 15178 576 75.3719 7.77077 690 1798.73 0.00572586
7470 16395 688 68.4785 10.6543 430 1645.71 0.00772487
7470 20906 592 61.241 23.9818 4060 1018.75 0.0045621
7470 22042 690 73.762 1.7531 650 1480.72 0.0042427
7470 23230 576 62.6767 3.2997 -440 1100.12 0.0065163
7470 23690 626 60.9619 1.46495 -530 1264.58 0.00467546
7470 26380 576 63.8833 5.47457 660 1395.03 0.00498004
7470 27461 644 61.0216 1.34203 -330 1366.89 0.00450824
7470 29118 592 68.0396 2.81797 380 1812.51 0.00678974
7470 31511 662 71.7626 3.31245 -580 1496.99 0.00597521
7470 34594 662 71.1071 3.01529 700 1521.93 0.00506208
7470 35313 610 62.5843 1.2355 -370 1555.93 0.00448995
7470 38846 692 68.1835 20.1093 660 1400.25 0.00853082
7470 40898 600 72.2771 1.49737 -490 1519.53 0.00437362
7470 41274 646 64.3676 1.6671 -490 1354.93 0.0047322
7470 42496 674 71.2912 7.36919 610 1727.21 0.00683388
7470 49173 594 60.7061 23.2634 -4410 1079.9 0.00454588
7470 52409 598 70.8093 6.52451 1330 1701.25 0.0042309
7470 53244 594 70.8534 5.41727 1180 1504.55 0.00406085
7470 56947 690 68.9675 1.11704 710 1584.42 0.0043071
7470 65238 662 65.5638 1.63013 460 1141.85 0.00455152
7470 72821 662 69.6096 5.95919 660 1606.51 0.00579464
7470 73486 626 57.3957 12.1035 -490 1064.25 0.00592395
7470 75066 642 70.1402 1.25386 410 1361.2 0.0042964
7470 76994 674 72.0866 1.39 -870 1621.05 0.00455546
7470 78027 662 76.6736 1.53116 390 1792.97 0.00474759
7470 82491 598 67.1141 5.11024 840 1222.22 0.00497306
7470 84196 576 68.3668 6.21281 450 1614.44 0.0056047
7470 88525 674 69.4207 1.44167 -400 1286.36 0.00464847
7470 88760 688 75.4138 9.00465 1210 1529.49 0.00481344
7470 93618 610 60.3536 6.2385 690 1353.15 0.00635617
7470 95799 598 69.0054 3.58825 690 1519.94 0.0066865
7470 96971 598 60.5772 7.52039 950 1344.91 0.00510083
7470 100481 600 64.1467 1.27632 590 1152.39 0.00474791
7470 101051 674 72.1763 3.94561 -380 1995.97 0.00708269
7470 101745 640 75.5862 4.79325 600 1614.71 0.00494323
7470 105872 674 63.1878 2.1094 520 1377.54 0.0053972
7470 106278 598 75.9713 5.74058 800 1417.34 0.00403409
7470 108290 608 58.8222 11.0479 910 1359.87 0.00615577
7470 112635 692 58.0877 1.52598 -410 1340.67 0.00471421
7470 114108 610 68.6546 8.18847 -530 1379.98 0.0067194
7470 117566 644 62.1203 4.16852 370 1304.61 0.00525579
7470 122080 644 72.6616 1.17864 390 1858.04 0.00413836
7470 122751 626 68.7161 10.6574 490 1767.47 0.00714977
7470 123018 674 66.6786 3.09545 -480 1072.99 0.00502133
7470 125712 624 68.2414 6.59347 560 1251.22 0.00476456
7470 127549 696 66.2297 6.62474 580 1466.53 0.0070919
7470 127705 662 63.6317 1.1703 410 1283.99 0.00426812
7470 128818 644 76.2864 2.46374 500 1447.26 0.00500384
7470 129307 610 71.1315 1.5305 -730 1357.26 0.00459887
7470 133518 646 59.2483 2.2052 -450 1297.39 0.00516703
7470 143183 690 65.7152 4.68747 850 1428.45 0.00592842
