7356 6320 644 76.3338 6.57952 -510 1391.2 0.00721938
7356 11361 624 57.0378 4.63644 720 1080.66 0.00487418
7356 12843 576 70.4555 1.14857 -410 1509.04 0.00427805
7356 13829 696 76.244 2.67704 -370 1589.05 0.0059515
7356 17147 600 64.1538 4.41696 410 1391 0.00739271
7356 17309 626 65.9291 3.70305 510 1171.63 0.00421324
7356 17516 610 70.7702 2.00354 -750 1280.35 0.00489418
7356 25804 688 70.2481 6.44966 560 1514.37 0.00542383
7356 32154 674 74.1791 3.34065 520 1760.51 0.0062334
7356 37856 576 65.8519 7.27347 520 1396.61 0.00525061
7356 47908 674 65.6164 2.70124 -380 1584.54 0.0061236
7356 56232 626 76.4827 3.33657 -370 1446.34 0.0064598
7356 66570 626 65.2899 34.723 4190 1052.46 0.00405518
7356 67874 662 73.4149 8.00279 650 1327.25 0.00599679
7356 75992 600 65.1925 6.72732 1000 1209.75 0.00493385
7356 77992 674 64.5801 7.39354 900 1269.27 0.00650997
7356 85826 576 68.9776 6.78946 420 1743.92 0.00766399
7356 89359 608 66.6826 7.05642 360 1337.13 0.00784796
7356 99191 644 63.0706 4.24712 540 1226.68 0.00661943
7356 103020 674 62.6338 1.32896 460 1421.31 0.00446983
7356 108650 576 57.7932 1.25966 380 1217.78 0.00455374
7356 112905 692 56.8718 14.0286 510 1245.62 0.00822646
7356 122543 610 58.04 8.54405 -620 1415.3 0.00678821
7356 123031 576 60.3172 7.38877 760 1227.92 0.00519088
7356 127818 626 71.6678 20.5829 -1380 1207.64 0.00435464
7356 130314 642 65.5097 12.3573 1250 1463.98 0.00580283
7356 130772 624 58.1852 8.60203 600 1174.87 0.00565264
7356 134157 696 67.3824 2.50911 -750 1714.92 0.0055455
7356 137086 640 62.8781 4.9523 680 1063.01 0.00456121
7356 137314 644 57.6307 8.49132 -520 988.047 0.00572785
7356 139849 576 66.9538 7.78537 480 1566.02 0.00588376
7356 144381 642 73.8809 1.50342 -450 1678.94 0.0046091
7356 145336 626 60.5504 22.6683 3090 1056.76 0.00476855
