7314 6380 642 70.1977 3.7551 630 1333.21 0.00416378
7314 7211 608 72.9651 3.2583 450 1685.03 0.0042875
7314 10455 644 63.4552 5.38941 420 1392.38 0.00710461
7314 14803 626 59.9195 10.322 860 1326.72 0.00570411
7314 18087 696 62.2614 3.34662 590 994.727 0.00584544
7314 19315 674 65.5403 1.04908 340 1357.21 0.00408508
7314 31001 640 75.6224 8.09783 -550 1424.68 0.00800307
7314 37313 688 67.081 2.65549 -570 1546.65 0.00595081
7314 39686 644 60.6746 5.56502 -530 1081.89 0.00644097
7314 39849 626 57.2859 2.41187 410 1137.34 0.00522489
7314 40131 598 66.1441 1.3982 -520 1172.24 0.00456333
7314 40351 594 61.8115 1.57421 500 1394.1 0.00445083
7314 43313 674 69.4306 1.24944 -370 1448.39 0.00450558
7314 45178 644 57.4483 1.19664 360 1320.02 0.00446749
7314 48772 576 74.904 3.8181 510 1677.11 0.00482079
7314 50092 696 73.3705 1.19615 -780 1366.55 0.00405187
7314 53044 674 74.7861 2.11714 -460 1592.13 0.00575526
7314 53634 640 70.1918 2.32576 530 1226.13 0.00426688
