7312 2491 592 60.5245 5.20394 500 1319.61 0.00535982
7312 5057 662 57.4976 1.20983 550 1212.78 0.00435909
7312 7181 592 72.6976 4.00529 390 1694.29 0.00543858
7312 8364 576 64.08 8.61695 850 1383.94 0.00611006
7312 9205 610 74.5914 2.04003 -530 1497.55 0.00494443
7312 10697 642 74.3637 7.58549 1190 1469.01 0.00491921
7312 14531 644 68.5032 2.01898 330 1784.13 0.00538947
7312 16967 598 64.512 2.16833 500 1291.74 0.00597986
7312 17279 662 64.1164 1.31489 -360 1345.73 0.00464018
7312 17608 644 59.5708 1.29359 380 1172.48 0.0043224
7312 23197 696 58.8683 1.45798 -560 1097.38 0.00410726
7312 23614 696 58.0156 11.498 -630 1145 0.00742212
7312 25336 640 68.8805 2.21951 470 1472.86 0.00555195
7312 34862 674 57.946 5.42992 690 1465.03 0.00605344
7312 35583 642 69.9323 2.12572 460 1726.2 0.00577463
7312 39084 696 66.1055 8.37834 480 1478.92 0.00590459
7312 42912 576 71.5769 7.01852 520 1430.73 0.00605004
7312 45319 664 59.485 6.50486 710 1010.92 0.00477599
7312 45508 640 72.8206 3.33878 810 1323.91 0.00445771
7312 46350 624 74.7162 4.77169 520 1254.62 0.00647423
7312 46772 674 63.3493 2.24837 710 1397.09 0.00553846
7312 47490 626 68.4055 20.6538 -2520 1251.49 0.00477429
7312 50318 662 75.415 2.6233 -400 1774.49 0.005983
7312 52991 576 64.8269 10.9497 1170 1508.38 0.00576392
7312 55792 576 56.9443 1.03753 -430 1297.46 0.00400567
7312 59376 662 67.5102 12.2857 420 1525.13 0.00790941
7312 61624 598 71.3559 2.54974 -630 1510.54 0.00583113
7312 65120 598 64.4468 6.17232 600 1304.75 0.00531186
7312 66664 626 66.6798 15.9638 -1060 998.14 0.00412981
7312 70483 664 66.1497 1.86349 -720 1296.62 0.00435168
