7486 1511 576 73.9543 3.93315 5980 1604.45 0.00409712
7486 2394 674 60.999 1.92498 690 1228.95 0.00510561
7486 4658 690 61.7575 1.08667 -510 1345.73 0.00410982
7486 14472 696 62.823 4.49362 400 1554.43 0.00604324
7486 25382 674 61.8426 2.05768 -1040 1278.39 0.00506164
7486 27775 592 56.8109 2.13177 350 1353.68 0.00526835
7486 28144 626 59.3597 6.82153 1370 1205.95 0.00482945
7486 45609 662 58.7067 1.22353 -670 1205.39 0.00423525
7486 48175 576 58.745 3.32082 380 1227.95 0.00637439
7486 50302 594 63.0784 9.00995 1170 1434.02 0.00520641
7486 54951 664 76.627 2.98298 350 1730.14 0.00641933
7486 58820 688 63.9356 1.9673 -690 1344.02 0.00524974
7486 59780 696 74.5007 1.54493 -390 1504.36 0.00459409
7486 60467 674 63.0962 7.44387 510 1639.09 0.0075564
7486 63286 644 68.8074 1.37958 570 1446.17 0.00455583
7486 64827 610 58.2555 7.71755 680 1184.12 0.00645497
7486 65800 696 60.8762 14.1914 680 1402.61 0.00727043
7486 67027 674 63.5434 1.01208 470 1457.54 0.00407498
7486 70149 662 76.0712 2.38629 560 1412.76 0.00563979
7486 70889 662 67.6183 8.31802 -570 1440.8 0.0075008
7486 77832 608 60.2327 3.85776 560 1264.29 0.00446332
7486 79361 674 72.2205 1.71949 450 1804.57 0.0049719
7486 79563 664 66.0258 14.895 -4940 1776.75 0.0076781
7486 79896 610 64.408 5.02738 -960 1254.82 0.00566583
