7497 14394 646 57.5218 3.56674 500 1195.18 0.00637196
7497 17517 674 60.184 9.37343 520 1505.37 0.00729866
7497 17604 624 73.1051 5.37612 1030 1394.78 0.00401066
7497 25653 640 69.6713 2.65872 -440 1361.75 0.00555671
7497 30085 674 61.4225 4.36821 -590 1241.5 0.00607432
7497 33648 610 60.8702 1.93211 480 1339.71 0.00468783
7497 35790 646 72.0133 9.303 490 1750.95 0.00646729
7497 41546 626 71.8646 5.95909 730 1646.4 0.0047379
7497 50289 644 70.5085 5.20957 680 1527.64 0.00620271
7497 51783 674 61.573 2.63967 480 1326.1 0.00633948
7497 55574 600 65.1532 3.78361 650 1323.33 0.00697596
7497 60512 644 66.5476 26.4209 4250 1252.21 0.00442184
7497 61032 640 67.9523 1.27918 390 1520.32 0.0043704
7497 62418 626 69.3546 8.916 1160 1501.73 0.00484016
7497 64618 626 71.8377 24.6485 -2560 1161.98 0.00457629
7497 65080 688 66.9522 1.69041 430 1470.97 0.00518056
7497 68962 644 73.9453 3.73458 820 1453.55 0.0047689
7497 75649 664 58.1919 1.73973 730 1228.21 0.00491348
7497 76590 642 67.2483 6.29477 470 1434.42 0.0056514
7497 78205 592 71.8368 5.81244 950 1363.64 0.00413054
7497 78754 674 71.21 7.4843 -500 1467.32 0.00754368
7497 80197 674 72.1076 2.04227 -490 1303.42 0.00557917
7497 81010 610 64.5147 3.16991 420 1616.58 0.00558787
7497 87114 598 71.3812 8.36433 560 1687.29 0.0059717
7497 87521 598 64.9608 3.58085 -360 1301.45 0.00660239
7497 87875 610 60.2771 4.64416 400 1341.26 0.00646712
7497 105021 646 58.2373 1.56462 -530 1191.82 0.00460187
7497 105209 674 65.1403 8.3751 470 1541.9 0.0064944
7497 107725 610 59.3518 8.39272 720 1336.42 0.00573579
7497 111080 600 66.6859 2.00293 -380 1864.47 0.00575138
7497 115868 690 76.2855 4.82115 -410 1942.61 0.00716359
7497 121009 624 64.196 5.7124 940 1260.46 0.0042156
7497 124308 610 58.6713 10.4527 630 1406.92 0.00668086
7497 127313 626 58.3923 25.0476 2090 923.333 0.00484182
7497 131847 610 61.4484 4.33378 510 1349.56 0.00541384
7497 134686 674 75.3725 1.40082 420 1709.86 0.00472739
7497 137213 664 63.3095 4.20464 -690 1570.23 0.00621894
7497 141014 576 65.8417 3.57663 -450 1487.81 0.00642965
