7422 1499 626 67.3319 23.4532 -3060 1189.54 0.00530321
7422 1673 610 74.1573 1.59983 -430 1368.52 0.00483651
7422 2252 626 67.8161 18.2 4020 1166.43 0.00551841
7422 2728 624 67.584 3.68819 510 1543.09 0.0042573
7422 3098 626 65.3054 4.23009 470 1466.44 0.00554223
7422 22775 576 60.4755 8.97635 410 1581.38 0.00740849
7422 23833 674 61.132 1.55237 400 1367.79 0.00482525
7422 26249 696 59.6326 6.86472 730 1472.12 0.00447949
7422 28277 642 69.6664 7.26671 510 1619.01 0.00573037
7422 34731 692 68.2056 1.12333 -560 1283.97 0.00412484
7422 37149 696 69.7403 3.13793 460 1577.76 0.00614737
7422 42158 600 76.331 4.53662 790 1380.88 0.0042599
7422 42323 626 66.9906 29.2982 4800 1225.38 0.00533563
7422 44672 600 65.1479 1.68326 400 1426.27 0.00531867
7422 48874 688 60.8739 20.5344 660 1499.36 0.00813379
7422 49268 576 62.6678 2.40818 350 1329.05 0.00570987
7422 51329 644 57.6172 5.73025 640 1131.12 0.0047514
7422 53204 696 74.4128 1.32393 -440 1827.94 0.00422642
7422 64669 644 63.8853 7.11792 450 1434.68 0.00631596
7422 77696 576 70.2033 4.07222 480 1713.83 0.00682514
7422 87594 696 56.8703 3.51382 580 1066.52 0.00633698
7422 92497 644 68.1081 3.23637 410 1271.24 0.00419763
7422 97123 610 71.671 2.10749 380 1460.34 0.00532416
7422 98961 640 63.9229 1.30662 -690 1427.59 0.00435231
7422 101950 696 57.6638 28.672 7070 1129.26 0.00466172
7422 103193 576 74.1387 1.66151 -480 1755.8 0.00519314
7422 106164 662 62.7675 2.34214 -570 1432.23 0.00497869
7422 106810 644 66.5185 10.3234 1090 1426.17 0.0051963
7422 108854 576 68.3631 6.38033 460 1577.44 0.00768106
7422 111834 626 67.6868 5.55805 940 1223.69 0.00411085
7422 114310 608 73.9652 1.1087 350 1695.04 0.00411967
7422 120770 626 72.6417 20.208 -5760 1243.89 0.00509779
7422 123225 640 74.7198 1.9352 -360 1356.64 0.00534362
7422 124682 688 57.1938 2.21365 630 1112.52 0.00482789
7422 125386 626 63.6523 19.1885 6630 1113.5 0.00473667
7422 132071 610 64.4811 8.94789 1160 1458.63 0.00492625
7422 134599 696 73.462 6.59081 -1040 1566.51 0.0068443
7422 139477 640 60.1827 10.6363 1030 1327.86 0.00535723
