7556 10 600 73.6442 4.68007 -620 1597.83 0.00732728
7556 3669 690 58.2831 2.99537 -690 1207.31 0.00596357
7556 10039 624 57.7179 22.4169 2530 1060.65 0.00414603
7556 17502 674 65.0466 1.46207 450 1817.52 0.00463283
7556 22016 662 67.5993 2.67409 -380 1468.98 0.00579722
7556 22135 610 60.9309 2.58844 -520 1040.5 0.00553003
7556 22866 598 64.0577 3.63621 -360 1527.29 0.00666984
7556 26153 576 73.4869 2.22718 380 1779.44 0.0054621
7556 28124 690 61.4939 5.08215 570 1097.45 0.00558369
7556 29843 690 61.1403 3.45426 640 1363 0.00539619
7556 38834 696 67.1977 5.79152 -840 1566.45 0.00653184
7556 41161 662 64.1819 1.9597 -570 1317.79 0.00504757
7556 45572 626 58.8314 4.6962 460 1093.65 0.00607286
7556 45653 576 62.4544 5.50588 470 1235.56 0.0050603
7556 66817 640 76.373 2.53286 480 1651.64 0.004643
7556 67571 608 72.4244 7.01136 570 1430.98 0.00544552
7556 67653 644 66.3223 8.58431 640 1277.42 0.00703631
7556 77440 624 65.4032 1.50026 630 1373.54 0.0044971
7556 92521 644 58.5787 22.5105 7540 1038.64 0.00412138
7556 93588 642 69.4032 4.42095 590 1280 0.00465883
7556 94449 610 61.5514 2.08287 -330 1460.56 0.0050734
7556 101454 644 65.3553 8.61567 470 1526.42 0.00732634
7556 102011 644 62.8334 7.84026 680 1242.15 0.00520623
7556 105199 626 61.4602 21.4785 -2280 1090.51 0.00477464
7556 107308 696 70.4588 7.19059 880 1398.75 0.00482587
7556 108109 576 69.1809 9.2343 610 1578.62 0.00616847
7556 111220 696 59.1131 5.29939 390 1522.05 0.00638408
7556 114776 674 62.4144 2.91312 -520 1164.84 0.00627647
7556 117363 696 66.7285 8.46185 580 1376.5 0.00696498
7556 131511 688 63.4714 1.16302 -450 1423.57 0.0043626
7556 132229 626 61.7977 16.8274 7670 1160.08 0.00402321
7556 138387 626 63.4082 22.3362 7260 1130.42 0.00468946
7556 143581 576 60.9102 1.19367 430 1249.31 0.00404509
7556 145925 674 61.3899 2.80174 550 1286.54 0.0042055
