7506 5076 598 72.4818 1.94632 -640 1579.97 0.00477137
7506 5217 644 68.8339 3.40683 390 1485.68 0.0053187
7506 6366 626 58.6403 15.829 -4250 1051.29 0.00489254
7506 7139 696 60.3204 5.95652 -530 1192.63 0.00664328
7506 7741 674 72.7501 2.1116 390 1473.34 0.00445395
7506 7832 696 63.5769 1.89878 560 1307.89 0.0052403
7506 21754 600 62.1121 1.45842 570 1255.39 0.00504391
7506 23926 662 72.844 6.61961 -480 1580.29 0.00719153
7506 25637 644 63.511 1.13576 -350 1364.78 0.00420107
7506 28494 690 65.8435 1.02446 380 1596.54 0.00410158
7506 44906 642 74.4841 2.36635 590 1410.66 0.00429488
7506 47132 626 57.925 22.9084 4370 1260.88 0.00785034
7506 47798 600 72.2903 8.06975 680 1918.23 0.00857178
7506 54140 626 65.6089 3.39973 360 1406.16 0.00532431
7506 54495 626 57.6432 18.7901 4190 1136.6 0.00479935
7506 55072 598 75.136 3.26061 660 1774.55 0.0069206
7506 55756 690 57.8939 1.4084 470 1109.37 0.00477058
7506 60958 626 67.3657 21.702 7360 1166.53 0.00624574
7506 70005 626 61.3505 21.5489 5920 1517.5 0.00756048
7506 73017 624 58.8242 5.65293 480 1184.41 0.00528423
7506 78318 644 67.4854 1.20568 470 1636.26 0.00455091
7506 79117 598 56.8954 7.71496 410 1369.55 0.00689521
7506 83649 674 76.3272 5.75436 550 1681.69 0.00502196
7506 85175 610 72.2393 1.48402 470 1371.58 0.00417103
7506 86068 608 57.3326 4.19926 -470 1410.4 0.00710648
7506 86335 644 61.6595 4.09429 -370 1269.38 0.0065638
7506 93346 610 64.7831 2.28066 420 1610.96 0.00511302
7506 98389 624 68.7791 2.18132 -660 1476.65 0.00520362
7506 99766 598 68.9972 6.78735 1280 1466.96 0.00414129
7506 101861 626 58.0438 17.5231 -5600 1485.86 0.00752471
7506 111516 644 61.7408 1.65877 -330 1193.96 0.00462073
7506 113454 644 66.6858 8.09695 640 1645.29 0.00560958
7506 115336 696 65.3083 10.2982 -730 1234.46 0.00622466
7506 117875 598 66.011 6.16173 590 1453.43 0.00536028
7506 124856 576 66.8128 1.67386 -650 1370.2 0.00492261
7506 132215 642 67.3818 7.85782 910 1321.88 0.00480605
7506 133343 626 65.0526 21.2743 -2400 1206.28 0.00403885
7506 138355 662 68.1904 1.48528 -380 1213.76 0.0045131
7506 140931 624 58.7814 6.69088 1000 1366.79 0.00466283
7506 143427 674 74.3468 1.80218 -220 1650.56 0.00450927
7506 147572 690 70.2497 8.5039 600 1467.05 0.00737814
