7359 6889 576 69.8122 6.61306 -480 1402.57 0.00708435
7359 8648 576 58.6264 7.73019 1610 1255.41 0.00447154
7359 12593 644 56.7765 27.1004 -4290 1000.4 0.0042183
7359 15220 662 66.5876 1.86239 690 1388.52 0.00497814
7359 20178 696 68.8751 6.94408 -550 1504.9 0.00668824
7359 24546 662 60.4952 5.70964 980 1059.23 0.00451499
7359 27536 692 74.1515 7.7339 700 1479.47 0.00542875
7359 27847 624 58.6076 4.2373 640 1221.14 0.00400268
7359 29739 624 74.8322 7.77365 680 1486.73 0.00578877
7359 30069 610 56.7114 5.93149 480 1369.91 0.00620224
7359 31072 640 58.8741 1.29604 420 1109.19 0.00429072
7359 32207 592 74.1615 6.17757 550 1786.26 0.00536548
7359 37560 626 61.7081 15.6748 7740 1102.43 0.00428651
7359 47817 626 63.608 20.7826 -4310 1248.25 0.00479067
7359 50467 624 68.9827 7.05262 810 1461.95 0.00449334
7359 56142 662 62.5734 2.11048 550 1360.72 0.00515914
7359 57938 644 60.253 7.56197 780 1452.36 0.0053292
7359 60853 610 64.9181 7.02476 540 1451.65 0.00728927
7359 63668 662 60.5588 1.43165 -550 1220.21 0.00467052
7359 64569 646 58.3012 24.7546 -2850 1159.47 0.00400184
7359 65358 646 59.5308 6.9255 600 1198.71 0.00490206
7359 67553 576 71.2423 1.86948 -480 1654.69 0.00517673
7359 70477 598 68.7113 1.3059 -670 1494.78 0.0045169
7359 78486 696 71.673 4.55096 700 1402.38 0.00625834
7359 86733 626 64.1465 2.37238 610 1201.5 0.00440261
7359 89765 600 57.5319 1.31488 -670 1267.8 0.00472811
7359 89866 600 67.8448 7.26509 1350 1300.67 0.00465548
7359 90417 696 62.5693 2.25535 450 1393.32 0.005182
7359 93772 626 58.0016 6.1742 550 1214.91 0.00565243
7359 97783 626 72.6819 7.2102 840 1533.96 0.00476666
7359 99471 608 59.8852 1.77446 -710 1520.4 0.00570655
7359 100241 692 74.9056 19.3904 980 1753.03 0.00825132
7359 101205 610 65.9695 6.72954 510 1590.91 0.00532746
7359 117108 696 60.6286 1.71771 -410 1494.2 0.00469704
7359 118056 626 59.078 22.5544 2870 1090.01 0.00565502
7359 120133 640 71.1974 3.8979 -690 1743.63 0.00637264
7359 122580 610 64.3252 3.51536 530 1312.49 0.00570612
7359 126303 662 59.7636 5.79585 -440 1217.84 0.00683464
7359 141043 662 60.4051 1.77106 -530 970.166 0.00492094
7359 144584 608 70.33 1.76868 -420 1832.33 0.00557004
7359 147559 624 62.3241 10.2116 -730 1403.47 0.00739972
7359 148378 624 56.7176 7.44275 1460 1246.3 0.00419755
7359 149488 576 62.3917 6.52896 650 1190.25 0.00491437
7359 149611 646 59.9117 8.07072 760 1361.38 0.00492871
7359 161251 608 75.5137 5.784 540 1490.91 0.00700082
7359 163147 598 75.5268 5.76134 690 1462.53 0.00486394
7359 172969 624 57.6212 1.90811 440 1255.89 0.0051626
7359 177266 610 76.1707 6.86983 500 1476.93 0.00558501
7359 179069 696 65.142 1.37232 -390 1330.26 0.00447479
7359 181554 594 62.7292 1.09587 -390 1268.61 0.00438472
