7513 1210 610 65.4621 1.37677 510 1457.98 0.004317
7513 1464 642 74.2548 1.12112 -420 1635.49 0.00406859
7513 22306 610 72.8905 3.78465 450 1580.71 0.00600093
7513 26080 692 71.455 17.9093 1040 1527.21 0.00919526
7513 26235 674 70.2318 4.11963 410 1796.91 0.00655939
7513 28991 662 57.4606 1.11343 -370 1256.99 0.00417047
7513 31550 690 67.7349 2.18498 770 1329.29 0.00561126
7513 32798 608 67.5953 5.19621 570 1284.04 0.00627374
7513 34907 576 74.5265 2.12326 -440 1480.4 0.00549251
7513 35677 626 57.0975 16.5813 8450 1112.97 0.00500219
7513 35835 674 60.3094 1.30537 450 1597.48 0.00411544
7513 38640 608 73.8295 5.6903 -510 1856.37 0.00828252
7513 40625 626 56.9706 23.2921 6660 1288.49 0.00628088
7513 44107 598 68.1291 4.64794 460 1407.19 0.00517297
