7435 2846 646 57.5525 5.06585 630 1092.69 0.0045111
7435 9252 664 57.2897 2.20459 -360 1361.12 0.00547808
7435 10008 674 59.2768 2.12652 590 1050.71 0.00546268
7435 11395 674 61.9673 4.92505 -590 1253.15 0.00677352
7435 27002 640 66.943 2.1448 -400 1332.31 0.00566372
7435 30819 644 72.7096 3.81647 -450 1365.72 0.00472075
7435 37090 664 60.4424 7.25955 -450 1445.35 0.00719741
7435 37836 696 64.467 5.58131 470 1393.57 0.00499112
7435 40039 662 65.4772 3.30483 -690 1242.02 0.00579114
7435 44063 610 59.2042 4.38065 580 1303.75 0.0056493
7435 45617 626 67.4163 22.1474 6300 1153.82 0.0040426
7435 49379 640 70.0465 4.70152 490 1432.94 0.00480663
7435 50527 664 64.1421 2.5288 470 1075.72 0.00422636
7435 51133 610 65.8529 1.55105 530 1212.34 0.00476099
7435 60998 662 68.8345 2.7257 -600 1341.98 0.00574961
7435 61023 664 76.6334 2.40745 680 1280.11 0.00486346
7435 62466 688 70.7929 2.42894 430 1785.37 0.00583665
7435 62832 640 71.4629 3.16455 -370 1469.13 0.00617809
7435 73225 662 61.5422 1.14668 -390 1097.06 0.00411892
7435 73450 624 75.7046 4.9994 510 1557.44 0.0047044
7435 79173 674 59.592 1.27988 480 1287.28 0.00421575
7435 83181 576 68.0273 2.55336 -390 1748.8 0.00605005
7435 85601 608 74.9012 8.65499 1060 1535.73 0.00527929
7435 85876 624 57.3363 25.1556 3720 1269.9 0.00437092
7435 92696 664 65.8228 6.44369 530 1247.16 0.00489962
7435 97137 674 74.7789 4.85809 590 1618.12 0.00487571
7435 98568 662 73.907 1.91928 330 1695.64 0.00523727
7435 100862 626 69.366 2.21386 470 1274.13 0.00543261
7435 101766 626 73.0976 2.28863 -520 1439.73 0.00560241
7435 107866 642 57.07 5.80091 460 1090.64 0.00674545
7435 114049 642 65.2683 7.24811 1300 1545.32 0.00421299
7435 126928 626 60.8131 18.5484 -2610 918.361 0.00428917
7435 129682 646 64.9399 2.16927 360 1301.15 0.00515554
7435 132549 626 65.9276 21.0797 4760 1353.9 0.00546357
7435 132552 594 57.3834 6.37746 1090 1298.46 0.00437605
7435 135304 624 70.3183 5.07104 500 1221.17 0.00653276
7435 137520 644 71.6052 2.0809 400 1424.64 0.00510997
7435 138631 642 66.2339 1.39977 380 1202.61 0.00427745
7435 143899 610 64.5676 1.43949 330 1293.1 0.00448395
7435 146006 674 62.6071 2.97744 -350 1643.75 0.00613908
7435 146405 600 69.7402 3.04266 -460 1818.72 0.00683276
