7288 598 598 59.581 11.1092 -690 1517.24 0.00728806
7288 8802 626 73.4991 26.1094 3400 1421.93 0.00466689
7288 9687 626 60.2524 20.8029 4390 1204.08 0.00545082
7288 10106 598 66.2102 1.74601 -380 1765.21 0.00516537
7288 10879 576 65.0711 9.78472 -700 1376.12 0.00664446
7288 11516 608 62.9514 7.5347 620 1428.94 0.00590524
7288 17509 626 59.8664 22.8861 7520 1030.54 0.00503663
7288 27080 576 71.923 1.5438 460 1493.81 0.0048392
7288 28373 644 71.6115 1.78942 420 1747.25 0.00479829
7288 34088 644 70.2033 8.55819 -550 1490.3 0.00715282
7288 40006 640 60.5668 3.71939 460 1232.94 0.00446986
7288 41872 626 58.7733 18.0512 -5010 1203.07 0.00434593
7288 46965 610 73.2937 1.54531 -510 1800.59 0.00452563
7288 54080 626 73.0456 27.0111 3800 1112.78 0.0045807
7288 55553 624 74.2207 7.76205 630 1357.2 0.00520811
7288 56069 626 68.019 1.31525 -380 1603.7 0.00452594
7288 57028 662 61.5599 1.77235 -310 1532.19 0.00513087
7288 57043 664 65.8315 3.04097 -530 1185.67 0.00605939
7288 57258 576 57.8848 3.82908 920 1244.72 0.00404921
7288 62858 640 57.1117 8.3291 1020 1118.88 0.00502961
7288 68032 626 60.5268 26.0047 3020 897.198 0.00456492
7288 68663 640 71.0019 5.42336 460 1241.53 0.00465938
7288 71033 626 70.5565 4.38092 580 1314.06 0.00406695
7288 74075 626 58.6423 17.0723 4480 1186.19 0.00604086
7288 77266 626 57.6427 1.03231 330 1448.31 0.00400441
7288 79019 576 58.8131 2.57985 390 1165.15 0.00592783
7288 79801 600 73.4708 1.57227 -380 1952.11 0.00540616
7288 81923 624 70.638 7.31877 460 1446.56 0.00711538
7288 98667 624 73.4828 1.28933 -370 1778.51 0.00422684
7288 106270 594 75.074 1.39614 360 1387.25 0.00518851
7288 119074 640 69.8532 1.16183 480 1728.28 0.00424211
7288 119527 664 73.6448 9.74237 -560 1478.7 0.00722461
7288 120407 674 60.9782 1.91912 350 1330.1 0.00524327
7288 121408 576 64.9952 9.49831 780 1338.46 0.0048719
7288 121474 626 68.7999 14.4282 7380 1381.51 0.0053136
7288 123825 664 70.4239 2.85938 780 1342.17 0.00576047
7288 125091 690 72.6419 1.71409 400 1471.96 0.00506646
7288 126585 662 58.6806 1.80452 490 1240.03 0.00489834
7288 126673 576 57.9561 5.39945 860 1111.84 0.00465007
7288 128968 626 62.8687 16.9949 -4040 1297.13 0.00462253
7288 129196 608 57.7127 11.9475 670 1413.53 0.0084385
7288 136504 640 60.9909 2.47402 590 1348.26 0.00584322
7288 136899 664 66.016 5.83652 530 1315.13 0.00509025
7288 139601 626 66.0078 3.22244 450 1446.04 0.00621771
7288 140525 626 66.1182 16.9574 2090 1128.07 0.00421575
7288 141994 674 71.7707 3.25709 -820 1881.19 0.0062508
