7430 812 674 60.5893 1.34906 -560 1158.4 0.00446263
7430 4203 610 73.5879 3.86515 -630 1485.41 0.00606917
7430 7120 608 69.9438 4.43259 790 1622.49 0.00473005
7430 7262 696 76.5895 5.08548 640 1318.53 0.00487038
7430 7631 674 70.9072 1.98769 -560 1389.85 0.00538641
7430 9881 690 67.1295 2.69685 470 1451.36 0.00591609
7430 9906 646 61.3921 5.8753 540 1263.65 0.00531141
7430 17794 626 60.4983 1.11589 -640 1507.3 0.00427987
7430 21080 640 66.171 1.68067 740 1248.65 0.00489659
7430 25264 610 63.1103 5.54056 510 1264.47 0.00507326
7430 28392 696 66.4017 8.21877 1110 1566.16 0.00572143
7430 29878 674 72.0501 10.1671 770 1750.42 0.00644001
7430 30882 600 58.5877 12.4248 470 1329.34 0.00871347
7430 34331 674 74.1473 2.11711 -360 1753.23 0.00569771
7430 47363 576 71.9738 2.0479 -380 1731.89 0.0057337
7430 50913 624 73.4876 4.56583 -450 1284.48 0.00668292
7430 56028 576 71.2524 7.03034 770 1564 0.0047151
7430 65447 626 63.8908 21.947 2980 1510.23 0.00779334
