7410 5062 608 61.0755 4.60963 -880 1264.16 0.00513319
7410 10506 594 62.8909 4.10902 440 1610.49 0.00697457
7410 11491 696 64.509 7.16374 840 1410 0.00442535
7410 17051 674 69.2644 1.66324 -500 1611.43 0.00487011
7410 17945 646 59.3632 30.4464 7520 1118.86 0.00401111
7410 19002 594 76.5772 6.1078 620 1522.74 0.0056829
7410 20851 626 62.3354 20.8059 8500 1544.25 0.00779779
7410 32377 674 69.5893 7.04363 670 1555.87 0.00575672
7410 38689 646 75.4957 10.4067 1250 1717.6 0.00521163
7410 39016 598 76.3983 6.10462 -600 1686.88 0.00746315
7410 39194 688 76.075 9.88496 470 1826.41 0.00872203
7410 39857 626 69.3908 23.0556 6500 1488.36 0.00629211
7410 40348 640 57.1923 1.04598 490 1131.39 0.00409234
7410 42974 644 76.4065 2.86062 -540 1438.12 0.00454095
7410 52922 674 62.9859 4.9009 480 1457.77 0.00677818
7410 53623 664 57.4458 8.41876 -780 1016.21 0.00680365
7410 61666 640 67.6249 4.6709 1040 1522.55 0.00513799
