7501 670 662 70.4294 4.69789 -530 1484.22 0.00654278
7501 1837 598 66.1173 6.13647 550 1465.21 0.00487959
7501 3058 624 64.0751 2.54434 370 1369.85 0.00579847
7501 7780 674 73.27 5.47909 -690 1819.26 0.0069601
7501 12990 644 63.054 1.10958 -670 1373.53 0.00404475
7501 20686 576 62.0707 9.34746 970 1359.48 0.00569056
7501 22116 688 57.7672 2.75795 510 1175.79 0.00497536
7501 28253 674 72.0255 1.38664 560 1522.88 0.00472637
7501 33408 642 76.5117 6.09223 1080 1532.62 0.00462322
7501 34023 576 62.6409 3.35508 -360 1814.51 0.00653726
7501 38853 662 71.0974 1.19256 -680 1573.62 0.00418791
7501 40213 642 68.1945 7.91961 650 1355.27 0.00541759
7501 42273 696 65.6637 3.18663 -490 1203.84 0.00525576
7501 43918 624 60.5516 9.83925 -450 1366.11 0.0075397
7501 52511 690 57.4659 3.19242 420 1366.79 0.00616018
7501 57525 598 63.3956 4.23106 -480 1161.79 0.0068214
7501 58747 610 70.764 1.17952 -340 1223.17 0.00416543
7501 59082 696 76.6777 6.78774 680 1525.53 0.0042137
7501 62159 576 64.5479 6.38357 1380 1289.08 0.00410916
7501 66070 662 68.3791 2.22373 360 1366.39 0.00498988
7501 72209 644 62.9576 3.55925 520 1065.49 0.00416232
7501 78755 642 70.469 1.03973 -360 1564.1 0.00401968
7501 84239 642 75.4103 4.29271 420 1840.63 0.00657622
7501 87040 598 56.9484 5.60824 440 1112.6 0.00752158
7501 89599 674 67.9961 2.04042 -530 1181.47 0.00554132
7501 90770 576 60.5389 5.49802 -430 1110.11 0.00683405
