7406 931 642 67.295 7.08763 600 1343.08 0.00523976
7406 1290 696 70.4009 11.7544 -460 1858.3 0.00802054
7406 1913 688 73.1606 1.8182 -380 1517.83 0.00520653
7406 9132 600 68.4226 1.08112 -350 1848.93 0.00444924
7406 14955 626 61.9503 25.9047 1940 1502.74 0.00755812
7406 17140 662 69.0939 3.13505 -490 1461.66 0.00596779
7406 17185 626 74.5472 2.38777 -470 1367.68 0.00556966
7406 17803 610 63.1229 1.1432 -310 1175.89 0.00406766
7406 29490 640 64.2034 1.23898 -520 1255.69 0.00426671
7406 31539 576 61.4865 8.25657 470 1358.87 0.00573414
7406 44630 624 61.6926 7.68728 630 1487.35 0.00483628
7406 44672 626 65.0221 5.92467 520 1436.52 0.00662768
7406 44741 640 64.8169 4.66365 430 1144.15 0.00536486
7406 45405 610 62.4296 5.59233 750 1535.97 0.0062604
7406 50862 688 70.7436 7.55383 530 1575.9 0.00569659
7406 54387 610 58.8064 1.63006 390 1361.89 0.00456498
7406 56654 662 74.5192 1.31521 360 1728.64 0.00436666
7406 62128 594 72.9743 6.83339 450 1765.7 0.00850846
7406 72171 626 64.177 2.45521 -450 1255.72 0.00577632
7406 74001 646 69.9831 1.30218 540 1443.65 0.00447058
7406 76979 696 57.2061 2.02683 -420 1214.37 0.00526097
7406 79346 576 73.7859 2.60396 420 1776.44 0.00574004
