7375 676 644 70.5724 1.07179 -580 1345.05 0.00406367
7375 781 626 57.1583 17.7333 5850 1232.19 0.00545262
7375 5522 696 68.3993 1.83679 -370 1342.98 0.00502721
7375 6951 696 75.1101 1.90405 410 1510.97 0.00509758
7375 7500 644 71.849 3.09455 410 1677.95 0.00589308
7375 8724 594 74.6194 4.11804 520 1447.04 0.00468126
7375 16389 674 74.4759 3.8219 440 1970.96 0.00669049
7375 18610 696 58.5564 9.14947 1090 1252.22 0.00459963
7375 22725 662 70.9573 1.09099 340 1361.57 0.00421398
7375 36116 626 68.1815 10.4918 3260 1446.47 0.0043221
7375 42944 600 64.4474 2.62705 450 1221.96 0.00636
7375 43719 690 76.1121 6.4672 640 1597.55 0.00555806
7375 45729 662 74.0845 3.53562 460 1439.42 0.00511125
7375 48691 576 57.0734 1.58143 -430 1060.4 0.00504438
7375 61385 610 62.2108 1.23297 -560 1138.18 0.00438871
7375 61939 610 63.0458 1.84559 -560 1116.28 0.00474675
7375 65333 598 71.8463 2.02175 -480 1504.27 0.0055784
7375 67248 674 60.7637 5.50609 480 1497.83 0.00661034
7375 71505 600 63.6001 1.22811 480 1386.08 0.00446953
7375 72280 674 74.2378 6.9492 790 1722.19 0.00838487
7375 73453 624 74.0533 2.24263 430 1508.65 0.00516267
7375 74236 594 68.9024 9.6447 490 1593.19 0.00805738
7375 74565 594 59.8737 22.5092 -2590 1176.47 0.00457713
7375 75720 600 66.0501 6.15855 730 1206.78 0.00493262
7375 81979 598 76.4006 1.1643 430 1615.97 0.00425504
7375 85946 644 62.1252 1.55375 570 1038.33 0.00416478
7375 89290 664 60.0806 1.79084 -310 1323.16 0.00465999
7375 89428 664 58.0403 2.76285 -440 1234.37 0.00552246
7375 94451 640 58.1443 5.74867 450 1139.28 0.00556633
7375 105898 664 70.4867 5.30441 470 1607.92 0.00545216
7375 110119 626 61.6199 6.67198 800 1213.52 0.00500508
7375 110338 610 75.8454 1.22896 330 1668.24 0.00418295
7375 117869 690 62.7698 1.06758 -550 1143.97 0.00410249
7375 119213 646 65.0584 7.44892 -560 1482.68 0.00700285
7375 120077 640 66.4846 4.32801 410 1369.01 0.00468705
7375 123101 644 67.9684 5.9293 960 1403.86 0.00574668
7375 124329 662 62.5912 1.41478 -380 1282.69 0.00452437
7375 125436 576 62.2338 1.34255 420 1405.21 0.00459497
7375 136980 674 62.9612 8.26699 910 1463.6 0.00759423
7375 138613 592 60.0201 20.3488 2970 1268.16 0.00521263
7375 143018 624 65.822 5.35804 600 1266.42 0.00492788
7375 145502 640 71.7831 5.7971 840 1296.34 0.00466179
7375 147226 576 65.0703 5.3417 450 1743.86 0.00671917
7375 148100 600 75.4272 4.54494 600 1599.32 0.00464272
7375 148881 674 75.4489 1.93833 -440 1342.16 0.00531668
7375 151442 696 70.43 1.44898 -410 1300.68 0.0044377
7375 154424 624 64.9386 1.99787 -410 1364.01 0.00505054
7375 156580 610 69.056 3.88672 -540 1328.38 0.00605822
7375 159261 690 63.0629 6.13712 590 1206.19 0.00614803
7375 159500 642 69.2306 9.70466 530 1312.33 0.00656387
7375 161825 696 56.7707 1.84412 510 1327.53 0.00473044
