7567 7421 640 66.4284 1.61088 -730 1607.92 0.00471843
7567 36205 626 70.209 2.0987 -530 1283.53 0.00537237
7567 37406 640 65.0669 2.30452 520 1078.14 0.00496777
7567 37515 624 75.2049 10.4682 1140 1519.37 0.00519198
7567 39599 624 72.4916 1.74416 -600 1474.2 0.00491188
7567 43236 626 65.6461 1.25374 380 1368.4 0.00420931
7567 46120 674 58.4643 6.08455 570 1315.83 0.00674133
7567 48138 610 64.05 4.47267 420 1401.19 0.00509504
7567 58182 644 74.4203 6.23236 1230 1433.42 0.00420088
7567 58924 624 75.9019 4.15686 500 1521.88 0.00682387
7567 59096 608 70.9198 6.01362 590 1544.9 0.00513749
7567 59345 640 74.6423 1.23793 -740 1527.42 0.00436158
7567 60970 642 61.0212 2.54103 370 1250.26 0.00400906
7567 62387 598 74.6542 5.32775 680 1441.92 0.00431138
7567 62498 644 62.3691 1.35344 570 1094.27 0.00450604
7567 63052 592 62.7047 2.42711 460 1315.32 0.00425486
7567 64990 610 60.1962 2.1863 -480 1010.93 0.00508338
7567 69614 662 64.905 2.80487 480 1531.74 0.00523393
7567 72051 674 57.9788 1.34096 -850 1179.82 0.00458059
7567 75728 690 70.2264 3.82094 -420 1761.05 0.00672086
7567 79927 662 75.4797 1.12373 370 1736.18 0.00416668
7567 80896 690 71.3645 5.95858 760 1401.03 0.00537186
7567 82589 626 59.5141 23.4663 1630 1089.5 0.00563354
7567 82909 688 67.6569 1.24339 460 1454.46 0.00442195
7567 83058 626 73.2926 5.82947 600 1347.62 0.00534289
7567 87165 662 73.8625 2.29415 380 1793.51 0.00579498
7567 89629 646 70.2958 7.01262 890 1493.47 0.00464252
7567 92881 644 68.1614 6.69229 750 1332.6 0.00429551
7567 93501 692 64.6213 4.21138 450 1261.05 0.00489028
7567 95791 610 66.0869 1.1348 -430 1256.99 0.00400628
7567 103803 674 71.8119 7.31723 480 1685.27 0.00628179
7567 105756 692 62.5737 2.86909 460 1226.38 0.00418566
7567 108281 626 67.7685 18.4373 8130 1397.42 0.0047985
7567 111765 662 72.7754 2.84576 580 1256.62 0.00549774
7567 112432 664 64.3932 5.65048 690 1324.87 0.00523591
7567 112593 690 67.9225 2.05297 -410 1580.91 0.00551119
7567 119123 598 68.0935 2.90308 540 1153.5 0.00434811
7567 119865 626 61.8151 19.4247 780 1248.61 0.00604908
7567 124892 644 66.6539 1.22544 -380 1128.1 0.00420193
7567 126083 640 61.7042 7.19014 560 1289.57 0.00537067
7567 131954 696 74.3977 2.90834 -420 1516.69 0.0051269
7567 137358 592 71.8354 44.8011 -1110 1536.68 0.00438903
7567 144424 696 67.8445 1.58712 430 1743.3 0.00454827
7567 149264 598 71.3495 4.26975 460 1478.06 0.00484577
7567 150895 576 60.6162 5.45474 -560 1214.7 0.0064904
7567 163100 696 74.2624 9.02275 430 1540.57 0.00610073
7567 166061 576 65.0935 13.0031 1080 1564.37 0.00603774
7567 166670 662 56.8623 2.34777 -400 1346.42 0.00550431
