7545 16 598 63.9011 5.85036 1200 1489.44 0.00429042
7545 3565 576 59.9996 2.03502 -330 1353.48 0.00546916
7545 10828 674 59.6701 2.49575 -550 1185.21 0.00600359
7545 17489 662 68.617 1.23454 -440 1214.23 0.00440415
7545 21454 576 71.9122 12.7394 520 1614.44 0.00837931
7545 25830 664 63.6861 1.58172 -400 1339.88 0.00462916
7545 31267 674 66.4514 1.21945 640 1219.82 0.00420514
7545 31600 674 60.7209 4.04528 -520 1349.4 0.00664294
7545 37883 600 75.2634 1.60975 490 1730.04 0.00516632
7545 41327 696 56.8207 8.49195 680 1419.39 0.00615181
7545 43115 594 62.4909 4.22132 980 1344.81 0.00470409
7545 43871 608 58.607 8.15449 1030 1326.54 0.00543335
7545 45285 610 69.3628 1.45741 500 1396.56 0.00433518
7545 48034 662 70.6567 5.20575 730 1344.39 0.00413142
7545 51769 696 76.2926 4.24822 500 1677.35 0.00458481
7545 53450 674 58.1423 2.54648 420 1380.58 0.00529455
7545 53862 592 73.0241 39.9681 -1220 1454.5 0.00628895
7545 57604 592 66.7374 9.90659 440 1793.56 0.00885453
7545 57632 624 75.5164 8.13128 650 1325.63 0.00586967
7545 61037 610 71.6372 5.6666 430 1612.17 0.00474806
7545 62819 640 68.0546 7.2097 950 1500.58 0.00540559
7545 63450 644 59.8109 1.40559 340 1192.58 0.00441516
7545 66761 600 60.0076 2.37661 530 1276.99 0.00607345
7545 71177 674 72.7467 2.20098 -1120 1371.48 0.00425809
7545 88751 610 61.1208 1.22997 420 1360.4 0.00413566
7545 89308 610 62.6838 1.7522 -240 1500.14 0.00485054
7545 97631 662 62.7125 4.15981 1210 1132.85 0.0040885
7545 101466 576 62.1576 5.76824 710 1282.27 0.00422937
7545 108846 690 67.9537 1.25445 -630 1421.61 0.00432574
7545 110227 576 75.1592 1.67596 520 1374.88 0.00515688
7545 111868 626 58.4583 5.35837 520 1186.08 0.00692158
7545 113518 598 63.0109 6.37019 490 1287.05 0.00529115
7545 118442 674 70.3289 3.83872 440 1595.86 0.00675322
7545 119329 696 58.0083 3.06606 660 1177.39 0.0051706
7545 122193 608 75.7162 1.43948 520 1511.02 0.00516402
7545 123170 696 67.7079 19.3775 -2610 1324.01 0.00423566
7545 125945 576 70.1583 1.82323 520 1634.05 0.00503701
7545 136856 674 58.3266 1.20916 710 1298.27 0.00428921
7545 137334 626 64.4959 24.0325 4210 1099.54 0.00568713
7545 139478 610 68.0084 2.0525 480 1497.91 0.00510157
7545 142804 640 61.3723 21.6816 7450 1033.7 0.00434092
7545 146892 624 70.2826 4.64339 410 1486.2 0.00553563
7545 147477 644 67.8972 32.8694 3920 1036.21 0.00416936
7545 148026 688 75.1848 1.35561 440 1643.23 0.0047528
