7318 3090 696 70.54 2.73749 520 1577.21 0.005468
7318 9162 690 61.6433 3.99737 410 1209.68 0.00566275
7318 11009 624 63.0087 41.5147 3470 1313 0.00420954
7318 18148 624 75.2875 7.53495 590 1514.36 0.00543322
7318 19229 600 74.8563 3.9644 -520 1361.11 0.0056967
7318 23173 626 75.3766 5.36638 390 1739.59 0.00697525
7318 23636 644 57.8063 5.24638 560 1178.16 0.00605242
7318 27860 692 59.6088 1.16023 310 1555.89 0.00445216
7318 34219 644 65.9944 20.7495 3680 1279.95 0.00417384
7318 38976 598 63.7516 1.88245 -470 1460.36 0.00555716
7318 43169 692 76.6601 4.29163 410 1774.57 0.00647019
7318 53086 692 62.1707 14.201 660 1347.39 0.00795759
7318 54367 696 59.7535 2.13545 380 1306.49 0.00474596
7318 55845 642 67.5292 7.78994 1340 1465.6 0.00476711
7318 55971 610 59.1191 9.65206 610 1302.01 0.007302
7318 58848 674 74.9763 9.99008 550 1909.51 0.00798126
7318 62932 626 75.3913 20.7636 2810 1369.26 0.0041656
7318 68323 576 70.3143 1.08911 -370 1255.29 0.0042566
7318 73289 610 57.3566 1.64307 -430 996.178 0.00463395
7318 75686 674 70.8833 2.54737 810 1854.21 0.00528148
7318 76197 626 70.3396 19.8815 -2360 1365.85 0.00465314
7318 77008 674 59.9036 1.92519 340 1265.76 0.00547801
7318 77892 640 72.8896 1.25807 470 1699.58 0.00445674
7318 78700 674 71.8427 1.15655 -380 1806.57 0.00446042
7318 79551 644 63.719 1.36261 470 1187.78 0.00437958
7318 85046 608 68.5556 2.42506 490 1544.3 0.00652688
7318 86737 626 58.6039 23.2236 4150 1057.79 0.00454236
7318 93464 598 73.3221 6.35887 1100 1520.31 0.0041382
7318 95595 594 57.4272 9.13064 520 1427.65 0.00648104
7318 98802 662 66.5101 1.14042 -490 1092.26 0.00428149
7318 107363 576 57.4562 6.72624 710 1231.56 0.00543631
7318 109989 598 74.4818 6.23987 730 1423.45 0.00446637
7318 111470 696 68.671 3.13533 460 1484.78 0.0060416
7318 113719 624 58.8386 1.57087 460 1230.3 0.00450894
7318 114138 624 69.143 2.91308 480 1511.67 0.00551972
7318 118408 598 59.9735 25.6801 -3090 1256.39 0.00424979
7318 119219 608 60.0081 5.55658 870 1374.43 0.00440878
7318 122227 626 68.7066 1.05775 -360 1459.5 0.00407876
7318 127315 662 69.7283 11.9395 -710 1281.44 0.00594635
7318 135337 598 64.1317 7.61849 1130 1213.96 0.00456171
7318 136289 696 73.3825 3.52476 440 1686.14 0.00616439
7318 139713 626 57.6473 18.1085 -1580 1203.2 0.00568175
7318 141801 664 63.3358 4.04551 -460 1176.62 0.00620297
7318 144980 600 74.5444 8.45859 1190 1651.61 0.00488065
