7289 1634 674 64.3917 2.16755 510 1519.98 0.00418629
7289 1853 576 74.2858 1.19032 -540 1502.05 0.00437664
7289 7768 594 64.457 5.23551 510 1406.61 0.0055964
7289 8931 598 57.7783 7.30698 700 998.647 0.0041008
7289 12450 690 73.5919 6.57777 -560 1311.71 0.00528693
7289 16381 610 59.147 5.5474 410 1349.7 0.00643751
7289 23227 690 64.5709 1.16007 370 1664.24 0.0043702
7289 25406 640 65.7909 11.1354 -500 1354.66 0.00725681
7289 30804 644 62.3395 1.2544 -370 1161.12 0.00433564
7289 31062 662 62.0879 1.3498 570 1220.21 0.00430619
7289 34118 624 68.1115 6.32043 -470 1470.32 0.00692021
7289 34989 598 63.5177 1.0662 -660 1315.65 0.00421575
7289 36034 598 75.357 7.15576 1460 1622.99 0.00447134
7289 39425 610 65.7409 1.87354 -290 1220.49 0.00488185
7289 39689 644 64.3237 2.58971 470 1425.99 0.00527313
7289 54406 626 61.1958 24.9208 -5560 1072.14 0.00443658
7289 54675 592 64.7578 9.38616 720 1648.47 0.00639015
7289 60653 610 70.7764 8.28361 920 1487.59 0.00760463
7289 61403 576 66.2026 2.03728 -440 1429.28 0.0054215
7289 65460 662 65.0743 2.189 -650 1493.54 0.00560291
7289 69371 598 58.3009 2.25085 -540 1112.07 0.00566661
7289 70336 688 60.9858 1.37198 490 1246.75 0.00466031
7289 72612 600 66.2923 5.19964 650 1470.22 0.0078239
7289 76020 644 69.1974 1.25869 390 1637.58 0.00423643
7289 78689 626 76.1392 7.40375 520 1630.63 0.00630964
7289 80387 624 63.3894 4.02088 440 1466.94 0.00505152
7289 88845 674 64.0641 12.1509 810 1594.9 0.00756301
7289 89229 610 66.1619 11.9586 650 1524.98 0.00711466
7289 90216 674 58.0226 8.91169 610 1228.98 0.00727441
7289 91836 592 63.6134 16.2676 540 1293.94 0.00875695
7289 92651 610 61.2235 1.63374 370 1413.14 0.00458913
7289 93702 692 68.7856 16.3877 560 1476.82 0.0078263
7289 93752 662 61.7826 3.75011 520 1360.51 0.00520717
7289 94771 576 72.0334 5.82873 400 1901.22 0.00754551
7289 95640 674 75.96 2.88019 -360 1490 0.00652033
7289 98521 688 69.8718 1.80456 -590 1369.59 0.00469109
7289 101301 640 67.2733 5.7476 840 1319.5 0.00454485
7289 104033 674 66.0598 9.49353 650 1663.75 0.0066161
7289 104465 598 58.1226 4.01632 560 1210.09 0.00635037
7289 104918 610 58.0328 7.17334 650 1264.9 0.00536615
7289 106366 610 60.6899 2.18166 420 1637.38 0.00506324
7289 106565 674 58.2031 1.72359 -370 1097.29 0.00512043
7289 106684 576 58.6027 2.58384 -460 1221.19 0.005874
7289 111321 624 64.6691 6.28261 560 1128.57 0.00542826
7289 111641 644 67.3773 27.763 6730 1141.82 0.00436776
7289 114053 640 71.689 1.90679 680 1410.56 0.00519993
7289 117058 592 76.0994 10.907 380 1623.2 0.00923732
7289 117516 662 57.4722 2.5834 -450 1267.98 0.00566488
7289 125268 690 57.6841 28.4633 5910 1120.97 0.00428671
7289 132377 610 63.8191 4.43836 450 1429.97 0.00638171
7289 135343 690 66.5176 1.1037 -360 1457.06 0.00424606
7289 137467 598 66.8454 6.67129 900 1333.37 0.00485785
7289 143790 674 70.3107 11.9335 700 1616.49 0.0078604
7289 150098 626 59.4114 20.2287 4370 932.073 0.00409434
7289 150233 696 67.684 5.2765 460 1312.54 0.00495519
7289 150254 598 65.8672 1.45189 420 1199.57 0.0047499
7289 150852 608 68.8961 4.50186 750 1509.64 0.00493175
7289 151407 692 65.548 7.49386 550 1219.22 0.00559056
7289 152443 626 62.7948 3.71153 -470 1154.48 0.00628515
7289 156703 610 60.4762 5.9974 860 1296.69 0.00545928
7289 158502 598 74.9496 2.6704 570 1483.29 0.0061652
7289 165489 576 61.9982 3.42911 400 1649.59 0.00650996
7289 169806 674 75.741 2.38485 -450 1718.87 0.00573652
7289 169817 690 69.154 3.10359 450 1613.95 0.0052638
