7543 6230 600 71.9167 5.74465 590 1529.13 0.00793201
7543 14855 646 72.009 2.72357 440 1654.13 0.0059306
7543 31194 696 66.2894 2.43237 360 1414.95 0.00511503
7543 31671 646 71.8128 5.80969 1040 1579.68 0.00505324
7543 33017 626 59.4391 21.7301 -1390 1013.17 0.0040123
7543 33078 674 67.1625 2.1346 -690 1522.14 0.00549203
7543 35782 598 75.3365 5.18116 730 1685.25 0.00438947
7543 42754 662 64.1323 1.3087 -560 1015.86 0.00440496
7543 46849 642 73.2119 6.92845 570 1577.8 0.00592014
7543 47482 598 57.628 4.6362 520 1177.84 0.00685539
7543 50396 626 59.8107 17.229 -1510 1191.38 0.00639852
7543 55720 576 57.04 1.40788 -530 1077.54 0.00464893
7543 57304 626 68.0511 18.2672 6540 1194.8 0.00472109
7543 59374 598 57.6463 4.76322 530 1196.1 0.00703168
7543 60483 640 67.6769 1.35691 -490 1469.22 0.00437539
7543 61114 610 64.8766 4.67979 480 1321.52 0.00488977
7543 64813 696 57.5421 1.293 680 1130.65 0.00417195
7543 69360 624 60.2053 4.2672 -670 1239.99 0.00596612
7543 78666 688 62.4193 7.66195 980 1358.69 0.00498363
7543 82347 576 56.97 10.2998 820 1221.62 0.00623514
7543 84252 610 70.7462 8.82502 890 1468.1 0.00663003
7543 88646 674 62.5344 4.54197 430 1300.62 0.00461846
7543 89101 696 65.6638 2.41674 400 1569.57 0.00534911
7543 91740 646 61.8771 2.82084 -350 1557.58 0.00587362
7543 94253 662 60.3371 1.10972 -380 1298.37 0.00409014
7543 94489 674 76.6999 4.31093 850 1859.45 0.00696593
7543 99175 598 57.2516 5.06339 410 1350.88 0.00650615
7543 103959 674 68.3982 11.51 -680 1761.55 0.00820996
7543 104880 696 63.1048 2.64689 -520 1294.24 0.00562833
7543 107128 626 73.9137 26.7463 6760 1326.41 0.00483097
7543 108703 610 59.8744 5.93532 470 1297.73 0.00507667
7543 112065 626 59.8023 20.2718 7290 1021.2 0.00442792
7543 113938 610 75.5005 1.39815 1030 1313.48 0.00424004
7543 116454 624 67.5144 4.68272 580 1522.34 0.00658041
7543 121856 598 68.3871 7.28185 1450 1388.63 0.00457616
7543 127850 610 66.202 1.88355 -320 1348.37 0.00538517
7543 132437 642 67.8923 4.47953 460 1326.66 0.00481406
7543 133147 642 75.0337 4.46358 560 1536.76 0.00403252
7543 140273 662 70.0433 5.96098 700 1457.89 0.00657749
7543 141064 626 73.1607 2.44778 760 1437.32 0.0052587
7543 141683 696 73.9647 4.98994 -570 1699.72 0.00660639
