7438 1124 626 65.1356 21.2152 -4490 1147.18 0.00471056
7438 8009 662 60.4298 6.96963 740 1516.63 0.0069734
7438 8112 640 70.3932 1.44786 490 1463.31 0.0044404
7438 8507 674 73.9183 4.90386 -420 1584.89 0.00705128
7438 9842 624 56.8959 2.41611 430 1132.47 0.00475825
7438 12430 644 71.9052 1.43499 -390 1513.9 0.00472775
7438 13975 674 59.6166 2.60747 400 1242.41 0.00552732
7438 14659 624 72.4436 4.05239 690 1452.49 0.0045513
7438 15034 626 59.9293 13.9955 -1240 1155.18 0.00451011
7438 27102 576 62.3741 5.78696 530 1405.91 0.00551567
7438 29000 610 64.8934 1.76414 380 1236.52 0.00475741
7438 40675 696 65.9943 7.20395 -450 1426.35 0.00701217
7438 40947 640 73.483 4.25584 390 1663.08 0.00644315
7438 56852 664 62.9545 13.1628 1400 1096.38 0.00418338
7438 62631 640 71.1481 6.77929 490 1661.42 0.00610891
7438 63494 644 59.9354 1.22959 360 1046.22 0.00412486
7438 66510 626 69.6059 6.76622 790 1325.71 0.00661132
7438 78293 642 56.8757 7.39012 670 1098.1 0.00508898
7438 91511 640 60.7049 1.77078 -470 1273.19 0.00491229
7438 91615 696 73.457 5.30604 -530 1352.35 0.00669602
7438 92332 690 63.8503 11.0531 510 1446.82 0.00792408
7438 98643 610 70.5202 2.50232 -410 1264.06 0.00526179
7438 99656 642 57.5777 7.48137 590 1055.14 0.0054053
7438 100628 610 76.321 2.21283 1050 1495.49 0.00464879
7438 107065 624 68.4163 3.01124 350 1467.47 0.0058626
7438 110854 610 57.1723 2.89884 320 1186.03 0.00617759
7438 112089 674 70.7293 1.08309 -680 1344.45 0.00405207
7438 112401 644 75.7525 5.13125 400 1629.47 0.00566451
7438 112739 610 67.7258 2.80591 400 1474.34 0.00516845
7438 118317 674 60.5683 7.12129 780 1480.81 0.00706623
7438 118444 626 58.1847 17.2645 -2430 1127.59 0.00522968
7438 121507 696 74.5401 2.05614 360 1485.63 0.00530102
7438 124032 688 56.9389 1.61218 360 1245.29 0.00486047
7438 125939 624 57.1344 1.72191 -290 1366.99 0.0048876
7438 126184 662 74.6499 2.87097 490 1502.55 0.00581262
7438 130255 674 61.9726 6.0607 540 1536.11 0.00726383
7438 136969 674 57.0628 1.73994 -550 1189.83 0.00505208
7438 139051 598 75.7786 4.69331 690 1607.04 0.0062252
7438 139979 674 59.5698 1.34356 -560 1118.98 0.00452158
7438 141873 626 57.3937 19.0745 -1520 1061.44 0.00605282
7438 142563 662 76.2277 1.51825 -550 1471.14 0.00489692
7438 144060 696 68.2314 2.94574 -390 1706.35 0.00599346
7438 146813 576 65.8683 26.4076 5200 1313.23 0.00474583
7438 149950 626 67.8822 9.00151 440 1493.68 0.00790325
