7561 3722 576 72.4054 5.16364 640 1596.47 0.005264
7561 3775 610 68.741 7.79939 550 1468.18 0.00567161
7561 5423 626 57.2172 17.4965 6920 1233.39 0.00488926
7561 10054 576 62.4591 4.56726 500 1470.08 0.00682248
7561 10621 642 65.9309 5.48314 520 1350.15 0.00499406
7561 14133 696 73.2991 3.17137 540 1612.23 0.00573547
7561 22140 642 60.7346 1.36 320 1178.5 0.00420169
7561 29028 576 58.791 8.54895 830 1199.97 0.00553295
7561 29380 674 74.1779 1.82136 -720 1464.44 0.00473524
7561 33862 610 72.1107 1.11309 550 1374.29 0.00403165
7561 40340 662 68.8063 4.69904 570 1390.99 0.00581606
7561 43422 642 73.3482 3.33968 510 1378.92 0.00504835
7561 52523 690 57.1102 2.34332 420 1339.01 0.00512586
7561 55439 598 61.2099 5.52566 580 1301.78 0.00540966
7561 63353 576 57.2 11.9852 -530 1473.52 0.00778669
7561 74986 692 71.695 18.4945 670 1623.45 0.00859333
7561 75740 644 68.3768 3.68048 460 1336.33 0.00448105
7561 76189 624 59.938 4.06594 530 1148.75 0.00631382
7561 77138 624 67.13 12.8708 -460 1647.67 0.00805503
7561 78159 662 75.2608 7.72023 530 1296.88 0.00560982
7561 80315 610 70.3192 1.26787 540 1388.5 0.00421187
7561 83597 664 71.4631 6.32078 1160 1355.38 0.00557003
7561 83956 642 68.0759 3.1732 420 1268.9 0.00441713
7561 87495 598 64.2333 7.13914 1630 1503.08 0.00416373
7561 91390 640 75.2669 2.23081 -590 1623.96 0.00560208
7561 93927 594 66.958 3.45127 490 1679.32 0.00684696
7561 95835 644 66.4329 2.17631 660 1403.21 0.00546265
7561 107981 640 57.2077 1.68027 420 1255.75 0.00489292
7561 111570 610 73.4589 6.16564 570 1541.36 0.00527846
7561 111599 674 65.183 1.78811 -380 1174.9 0.00511197
7561 111711 626 63.1402 20.8343 7210 1007.23 0.00547769
7561 113752 646 73.8641 3.8074 510 1624.71 0.00550189
7561 115530 662 73.3143 1.38732 -580 1312.13 0.00453912
7561 115644 696 61.4642 1.72498 -340 1442.71 0.00504115
7561 123341 642 61.078 3.13054 520 1127.83 0.00452516
7561 124064 608 76.2055 1.71143 -520 1515.64 0.00551667
7561 126179 592 66.3261 9.56869 400 1432.88 0.00835488
7561 127125 610 62.2125 7.09308 720 1214.55 0.00459333
