7526 9172 598 66.5881 5.5589 600 1441.56 0.00467707
7526 13773 608 68.1436 7.89123 920 1580.31 0.0052893
7526 15738 594 60.6233 7.44297 460 1428.83 0.0063597
7526 17772 626 69.5082 20.096 -3640 1144.45 0.00417774
7526 27346 662 65.7111 8.89225 700 1403.35 0.00727533
7526 32613 598 68.8173 5.80301 750 1319.13 0.00518704
7526 33291 674 68.3806 1.19585 760 1491.06 0.00447467
7526 33312 576 56.7306 3.80819 450 1252.52 0.00503961
7526 34528 610 69.5565 6.43345 550 1409.76 0.00503506
7526 35658 626 56.9856 21.9346 2750 1320.41 0.00535993
7526 37732 640 68.3164 3.71232 530 1349.14 0.00655748
