7320 1411 626 60.9611 20.7294 2210 1013.86 0.00592099
7320 6789 688 67.1981 5.74188 -400 1350.67 0.00718504
7320 9289 624 63.1301 1.14765 -370 1424.84 0.00405393
7320 12379 674 59.0654 1.90236 380 1384.74 0.00504695
7320 14831 674 72.9592 2.81036 370 1745.84 0.00594297
7320 16910 610 71.894 2.48115 -500 1552.68 0.00527374
7320 17155 624 58.4675 16.8527 2090 927.726 0.00447492
7320 20044 600 68.1888 1.56001 560 1245.72 0.00518267
7320 21205 640 70.5378 6.89539 520 1442.57 0.0059618
7320 22034 576 69.1677 7.16871 1050 1387.06 0.00455415
7320 23175 608 63.6383 2.04132 620 1371.29 0.00576343
7320 25544 576 68.7689 3.75718 -440 1377.43 0.00404162
7320 26155 688 76.1651 6.91488 690 1737.93 0.00518627
7320 26313 674 72.0849 11.9442 830 1911.62 0.00770278
7320 26446 600 57.9908 4.17707 -390 1618.46 0.00709494
7320 28980 626 58.5015 23.8468 4610 1378.96 0.00752071
7320 37493 644 69.5664 2.41657 510 1093.26 0.00400134
7320 41517 608 58.4643 2.3782 -530 1226.65 0.0060259
7320 45159 626 60.4758 4.42413 810 998.452 0.00494164
7320 47797 624 72.8609 3.90943 610 1476.15 0.00430992
7320 50407 644 74.2654 1.30049 -500 1627.62 0.00443696
7320 50731 696 59.998 1.79663 590 1208.99 0.00481495
7320 51312 640 71.0441 2.5693 -450 1271.45 0.005852
7320 57748 626 61.9047 23.7446 2260 972.057 0.00490007
7320 59595 624 75.6024 1.95647 350 1400.51 0.00506796
7320 68618 644 61.3395 1.13951 -420 1326.66 0.00412504
7320 69291 624 58.873 5.31569 480 1057.3 0.00575794
7320 71005 688 62.9633 1.65434 480 1308.26 0.00466343
7320 73374 674 68.4404 10.3664 590 1541.74 0.00802199
7320 75173 624 64.0892 7.64954 540 1148.89 0.00561578
7320 79105 640 75.0762 4.111 400 1556.28 0.00566948
7320 84048 598 65.6151 23.4962 4060 1206.8 0.00468653
7320 85135 674 59.8418 2.41887 -420 1482.76 0.00572363
7320 85634 608 71.1549 2.60986 -410 1582.32 0.00652466
7320 90622 592 66.343 2.05352 430 1666.07 0.00586717
7320 90649 608 68.4559 7.65803 790 1270.35 0.00572066
7320 90750 600 73.296 2.33091 400 1313.82 0.00431703
7320 91066 674 69.4904 1.3329 490 1521.02 0.00458283
7320 96429 674 66.478 1.69571 -520 1060.53 0.00487567
7320 101657 626 61.6274 25.0099 2920 1193.76 0.00513875
7320 107607 662 69.4664 5.91942 580 1396.03 0.0060501
7320 112026 592 68.1307 2.17564 390 1374.43 0.00409305
7320 113526 696 59.029 1.3208 510 1232.51 0.00432097
7320 114843 608 76.3138 7.61464 790 1452.88 0.00524603
7320 119897 642 58.4667 8.19563 650 1046.45 0.00538101
7320 125477 644 68.6256 1.35988 -370 1473.87 0.00428867
7320 137387 608 59.6503 6.32612 600 1166.48 0.00592971
7320 137834 696 69.0764 3.81142 -510 1417.24 0.00633741
7320 144281 644 60.1969 7.53532 570 1145.43 0.00591053
7320 145104 674 58.3251 1.32802 -810 1323.79 0.00451885
7320 146071 640 64.8051 1.4993 -520 1171.08 0.00473207
7320 146682 674 72.0213 8.1944 -410 1607.39 0.0081166
7320 148234 696 70.1557 3.13273 440 1748.51 0.00586586
7320 155084 626 59.0328 19.2426 -1480 1237.36 0.00508912
