7403 4503 598 75.9256 1.18359 370 1784.75 0.00428627
7403 9306 690 74.1395 3.16769 450 1300.32 0.00463349
7403 14400 592 63.6389 15.5725 770 1655.2 0.0102561
7403 18363 592 63.19 9.99136 470 1328.01 0.00868256
7403 23818 598 73.7699 4.9395 -660 1499.05 0.00594282
7403 27532 674 67.674 1.84776 940 1476.62 0.00528228
7403 29203 576 57.648 5.52282 740 1297.91 0.00501167
7403 32997 576 60.468 6.78251 600 1341.33 0.00581586
7403 36778 576 56.7483 7.44951 520 1242.85 0.00550853
7403 39818 626 58.9435 20.524 -4910 1184.63 0.00563209
7403 43388 688 57.6854 2.59919 510 1287.43 0.00559283
7403 44124 690 68.8797 4.58679 540 1439.22 0.00656091
7403 48628 692 57.3288 15.8101 800 1200.33 0.00768735
7403 54604 662 70.825 5.83459 -690 1408.59 0.00694261
7403 58362 662 71.4078 3.68708 540 1302.22 0.00631227
7403 61918 626 58.1286 27.7387 2210 1258.29 0.00474809
7403 62140 696 57.9845 2.79267 -390 1328.24 0.00582042
7403 66042 608 59.7016 1.06786 -340 1489.13 0.00441152
