7402 3407 674 76.4999 1.70119 -540 1378.68 0.00531623
7402 3503 594 58.0928 3.07086 -400 1230.15 0.00568788
7402 4764 662 61.7667 6.93728 740 1532.23 0.00673745
7402 11564 674 59.7916 2.43469 330 1493.32 0.00580713
7402 12442 646 57.8903 23.3878 6310 921.722 0.00405011
7402 15761 690 73.8832 1.29524 -670 1565.75 0.00463233
7402 16395 624 65.2245 8.37514 540 1163.31 0.00623566
7402 20009 624 62.4034 1.47553 340 1331.47 0.00405246
7402 26529 690 57.8605 2.58489 -540 1421.85 0.00582835
7402 27929 576 73.3399 1.56373 360 1805.69 0.00499592
7402 31439 664 63.4746 1.87788 -390 1510.26 0.0045213
7402 36946 690 59.6862 4.9338 670 1093.17 0.00544745
