7593 7488 610 57.8613 2.08399 360 1372.78 0.00499752
7593 7807 576 57.9481 3.7468 390 1364.37 0.00673654
7593 8174 674 68.5002 2.80147 -370 1658.16 0.00622711
7593 10501 624 74.4609 1.71503 410 1341.21 0.00461948
7593 12628 576 59.2509 3.16778 410 1398.88 0.00562439
7593 14242 610 72.7228 2.30207 350 1571.79 0.0052904
7593 15453 598 59.4064 6.078 480 1432.82 0.00555811
7593 21432 626 72.4427 18.1454 -3030 1235.87 0.00400454
7593 22399 674 62.5388 1.01504 -570 1190.58 0.00404809
7593 27811 626 63.5063 1.95209 390 1167.4 0.00528472
7593 39769 696 75.8514 7.59379 550 1881.48 0.00528978
7593 45120 598 59.4546 4.51564 490 1080.31 0.00410082
7593 58475 576 62.5839 5.42726 -390 1271 0.00737877
7593 59130 576 73.3732 1.47027 -550 1514.4 0.00482772
7593 59453 610 69.6019 5.22726 -740 1701.88 0.00525435
7593 60095 696 66.109 5.16195 -650 1514.72 0.00661162
7593 61416 626 65.2389 8.15193 790 1196.73 0.00469831
7593 65470 626 71.832 1.63314 410 1488.8 0.0048944
7593 66427 696 58.8934 6.567 620 1175.7 0.00629315
7593 72044 690 65.6902 4.32294 -720 1414.57 0.00688433
7593 75307 598 69.3964 1.49465 -390 1611.47 0.00495829
7593 81688 646 68.1867 2.2827 -550 1315.94 0.00524003
7593 82069 626 66.2479 17.4072 -5970 1139.2 0.00474936
7593 82751 624 76.3145 1.98783 440 1350.47 0.00516236
7593 83086 646 58.7228 5.92211 510 1124.4 0.00519496
7593 85418 644 67.3553 3.79669 470 1239.57 0.00457145
7593 86913 608 63.2619 8.07542 970 1386.8 0.00610489
7593 94262 642 60.9975 3.94544 500 1316.35 0.00653368
7593 96148 688 74.4975 2.3761 -330 1512.81 0.00595002
