7319 2499 640 63.3637 1.24978 380 1359.15 0.00418023
7319 8788 626 57.8784 23.5191 4420 1117.46 0.00558736
7319 11306 692 74.279 1.05301 380 1568.75 0.00414754
7319 12566 610 64.2794 1.42871 -420 1058.77 0.00462784
7319 21262 690 62.6339 4.19426 420 1159.43 0.00513201
7319 21621 696 57.7456 4.93414 690 1055.19 0.00629204
7319 22824 674 65.2749 3.17082 620 1138.27 0.00615768
7319 26695 594 57.149 4.1329 650 1219.43 0.00426495
7319 29387 640 63.9147 5.86405 640 1328.84 0.00531451
7319 31980 576 58.9819 3.44609 390 1405.66 0.00610336
7319 36904 664 58.984 2.56936 550 1012.91 0.00489455
7319 37463 600 74.7721 5.68482 470 1708.56 0.00592454
7319 38301 576 63.9834 2.13411 560 1091.52 0.00526621
7319 40832 610 66.2518 1.27956 -370 1307.54 0.00422196
7319 41810 692 69.5551 1.64559 -550 1436.45 0.00496656
7319 44367 662 76.6476 4.78501 -350 1679.98 0.00703415
7319 45783 626 58.3097 28.5428 7840 957.802 0.0058618
7319 46226 626 59.401 21.5507 5570 1191.93 0.00514722
7319 52523 576 76.3649 3.18772 380 1560.03 0.00459541
7319 56016 610 58.32 1.40292 -360 1307.09 0.00453533
7319 59792 696 67.1438 3.90969 580 1266 0.00608125
7319 62026 644 65.0037 7.96251 1000 1242.31 0.00477877
7319 65859 664 58.0896 3.7418 -700 1163.31 0.00520468
7319 69423 624 73.8663 5.85576 630 1490.88 0.00508749
7319 81330 640 59.7714 1.76008 370 1161.76 0.00483111
7319 81628 576 64.6311 1.62912 -390 1535.43 0.00479142
7319 97098 624 66.9311 8.02923 780 1280.92 0.00525904
7319 102331 674 75.433 1.07354 860 1605.88 0.0041174
