7487 11037 688 60.6024 1.50531 510 1308.96 0.00464771
7487 14250 696 72.4776 1.74973 -520 1450.13 0.00486907
7487 14310 600 59.1697 3.21271 590 1117.38 0.00415436
7487 15818 626 62.0011 18.6839 -3270 1421.69 0.0051606
7487 17777 576 65.7844 1.08628 -340 1308.05 0.00415068
7487 21021 610 68.8188 3.11823 350 1413.54 0.00634068
7487 22740 674 70.747 6.20365 570 1502.73 0.00516153
7487 28905 576 75.1996 2.44646 510 1498.14 0.00551432
7487 33814 674 62.6987 9.96321 700 1647.8 0.00740304
7487 34504 674 72.2906 1.05093 440 1816.4 0.00400346
7487 35589 576 68.5008 1.99026 440 1385.22 0.0054768
7487 39286 592 75.0684 4.86446 420 1646.86 0.00525144
7487 39649 696 67.3738 1.43073 450 1337.63 0.00435648
7487 46414 644 66.7515 8.92416 480 1398.64 0.00652251
7487 52211 594 63.6596 2.61681 780 1248.02 0.0056475
7487 52995 624 57.3951 27.968 6770 1171.41 0.00437341
7487 60505 626 57.4073 1.58238 -390 1219.47 0.0045715
7487 61751 576 64.8967 8.01132 1300 1294.64 0.00518015
7487 61826 644 67.3604 6.97495 570 1409.62 0.00663347
7487 63304 626 65.1336 2.11314 -360 1653.09 0.00556886
7487 69032 610 70.4665 1.73281 790 1516.78 0.00465008
7487 71162 598 76.3555 1.49569 620 1687.44 0.00497279
7487 77787 692 75.3643 20.9695 780 1894.67 0.00858377
7487 79141 662 69.5442 1.42505 -770 1399.48 0.00447197
7487 82165 576 67.8072 8.59529 610 1615.27 0.00623663
7487 92977 640 69.0653 3.6545 500 1541.17 0.00539522
7487 94808 690 61.4179 6.48855 560 1521.59 0.00599541
7487 95625 644 65.5692 1.48713 410 1224.64 0.00463046
7487 98106 610 59.9597 4.21426 520 1089.55 0.00623515
7487 98127 688 74.9372 3.18807 520 1572.78 0.0053445
7487 99639 646 64.9787 8.44726 580 1479.82 0.00828753
7487 99744 664 71.6145 1.51855 -390 1636.62 0.00460775
7487 103305 646 61.737 1.29115 -500 1057.3 0.00434221
7487 104136 692 69.8657 1.94616 -430 1653.03 0.00530267
7487 105051 576 62.8878 4.89968 -500 1383.26 0.00697016
7487 109082 688 65.0292 9.26268 430 1550.72 0.00806915
7487 109636 576 56.8455 2.30066 400 1301.44 0.00567723
7487 112176 674 62.987 3.55544 600 1552.89 0.00582252
7487 114948 624 63.1827 5.92653 640 1459.53 0.00485181
7487 117955 576 68.1052 4.29258 -360 1534.6 0.00703637
7487 121226 662 61.3638 5.17304 840 1168.16 0.00438145
7487 121519 696 66.803 1.17498 -440 1423.88 0.00410872
7487 133909 576 71.0914 2.73228 -520 1527.91 0.00551469
7487 134318 576 70.9524 3.11548 490 1501.68 0.00587948
7487 138115 664 61.4135 2.92779 660 1307.78 0.00598182
7487 141694 690 58.8436 4.67369 650 1078.41 0.00636497
7487 143823 696 76.1533 2.61967 -390 1440.19 0.00564202
7487 146858 688 65.0194 1.12366 -410 1606.81 0.00412108
7487 154475 674 67.5869 8.11947 600 1566.76 0.00756393
7487 156037 692 57.4964 14.56 830 1227.46 0.00564078
7487 156836 626 67.3731 1.64799 -450 1391.63 0.00498323
7487 157460 696 60.0981 4.82606 860 1283.71 0.00624858
7487 157960 642 73.8048 1.109 -390 1475.34 0.00436001
7487 160679 662 75.675 1.22975 590 1240.5 0.00426127
7487 161320 644 70.5967 3.35744 600 1219.47 0.00640132
7487 165327 600 67.0933 4.70503 650 1849.48 0.00771305
7487 165774 624 72.796 8.49852 460 1498.51 0.0059131
7487 165892 600 59.9152 19.1255 720 1560.19 0.0100751
7487 168561 626 64.6919 17.8356 -1980 1092.69 0.00471794
7487 171856 674 74.2631 4.07238 -770 1884.27 0.00678817
7487 174087 576 61.1368 8.06322 730 1209.56 0.00544698
7487 179825 696 74.6814 5.74637 -620 1434.29 0.00688178
