7336 1853 696 60.5818 1.18675 -420 1446.9 0.00404639
7336 2861 642 73.5374 5.5076 -400 1574.71 0.00688848
7336 3225 646 65.1236 6.76713 670 1203.15 0.00479684
7336 4013 626 72.4289 17.8843 2310 1187.89 0.00400324
7336 9013 674 74.6761 5.90291 630 1780.53 0.00741261
7336 18951 624 75.2907 3.6186 1060 1367.86 0.00515162
7336 28667 644 73.3581 2.85793 390 1431.69 0.0041352
7336 29484 696 58.723 1.57865 -510 1082.52 0.00458253
7336 40885 644 74.0875 8.68982 530 1736.49 0.00639237
7336 41722 646 68.8737 2.64072 360 1508.24 0.00569612
