7343 1935 690 66.431 1.42384 -600 1409.74 0.00455002
7343 3744 674 63.2282 1.79036 380 1518.32 0.00505332
7343 4075 688 67.6568 3.49177 520 1798.76 0.00586355
7343 15107 626 57.1427 23.4916 2470 984.002 0.00549851
7343 18740 600 57.9524 7.25208 650 1412.63 0.00562812
7343 23516 624 74.0206 1.54619 -420 1404.29 0.00448897
7343 24492 662 69.4718 1.39858 420 1820.67 0.00450956
7343 25003 576 70.9972 5.53937 490 1833.57 0.00697758
7343 29847 594 60.8005 2.1807 380 1339.5 0.00589735
7343 34831 662 58.0656 11.6248 520 1309.44 0.00725229
7343 37780 646 60.8959 5.0865 -600 1116.73 0.00608395
7343 40936 646 72.4777 3.18764 420 1640.34 0.00476698
7343 43267 594 64.1944 7.93973 1210 1427.52 0.00428406
7343 50095 642 59.1346 2.12904 440 1377.36 0.00520021
7343 56809 576 60.9464 1.54965 -450 1484.6 0.00479478
7343 58317 674 62.0271 6.06431 -440 1643.93 0.00719089
7343 60013 598 58.1463 6.06345 630 1170.23 0.00427284
7343 60136 594 69.3746 6.64487 -580 1592.75 0.00766857
7343 65141 674 70.7349 1.26325 -490 1446.42 0.00430533
7343 66693 696 67.1047 1.34776 630 1238.6 0.00426218
7343 68094 696 75.0838 2.61153 500 1505.74 0.00567721
7343 70309 696 71.6794 1.21404 520 1723.14 0.00404945
7343 72535 662 67.7667 7.88521 -620 1396.32 0.00748183
7343 74522 640 63.171 20.7655 6730 1160.94 0.00450345
7343 77903 640 61.8995 3.06801 -500 1356.82 0.00572965
7343 80179 664 68.6046 8.14382 530 1479.56 0.00607108
7343 82704 576 58.8439 4.99493 520 1083.84 0.0046071
7343 83003 610 57.0615 4.74098 560 1040.36 0.00613067
7343 84230 644 69.3111 21.7611 5460 1200.84 0.00468197
7343 84452 690 74.2449 9.58909 700 1383.42 0.00754587
7343 84931 696 73.9718 4.97602 790 1631.14 0.00692956
7343 90434 576 70.3676 7.43378 -480 1531.58 0.00716781
7343 93812 626 74.9378 1.40645 -410 1461.86 0.00447755
7343 94645 624 57.1521 6.68012 1890 1243.84 0.00405585
7343 101660 662 65.1105 5.13429 500 1382.77 0.00646513
7343 110729 674 57.8918 5.77859 490 1423.3 0.00673516
7343 111180 640 76.5773 5.03354 1090 1492.98 0.00404167
7343 111670 626 64.9672 1.22432 360 1337.64 0.00417326
7343 118581 624 72.5093 3.79475 -400 1450.84 0.00613231
7343 119696 696 75.9055 1.71262 -410 1379.6 0.00408748
7343 120103 626 62.8861 20.1359 7830 1024.13 0.00459482
7343 123766 624 60.0665 18.2145 -5210 1077.98 0.00408235
7343 127593 662 63.9184 6.1746 -460 1270.49 0.0069263
7343 128099 644 57.4134 3.3886 450 1107.76 0.00570881
7343 131585 640 59.1462 1.64959 -680 1223.27 0.00491283
7343 134229 662 63.8723 1.54036 -430 1132.54 0.00468728
7343 139126 644 72.2016 2.49363 390 1342.83 0.00512874
