7316 197 598 61.2013 2.89829 -470 1372.85 0.00600069
7316 2859 642 59.2418 1.55448 -380 1075.46 0.00450337
7316 7435 662 59.1553 22.1458 -3200 1160.23 0.00410868
7316 12178 640 68.6216 3.10998 390 1660.17 0.00588773
7316 14578 674 75.2216 2.96208 580 1506.38 0.0059963
7316 15358 626 60.2154 22.2974 -4720 1193.4 0.00507304
7316 18095 624 75.6166 2.26297 -450 1589.01 0.00547625
7316 18565 598 66.2547 1.41964 530 1353.56 0.00483287
7316 22499 674 73.8969 1.42493 690 1522.66 0.00462494
7316 25965 674 65.8234 1.28334 460 1626.12 0.00437458
7316 26086 690 76.4623 1.84315 -460 1476.01 0.00517902
7316 28561 674 70.7737 1.35761 -450 1696.77 0.00458557
7316 28655 644 69.9441 6.22112 900 1246.53 0.00541225
7316 35170 642 75.6853 5.16028 510 1503.92 0.00495844
7316 38774 626 60.2614 15.3006 7040 969.132 0.00403389
7316 38876 610 60.0422 4.21471 -440 1282.46 0.00608509
7316 42977 662 69.6416 9.9096 1000 1430.47 0.00548722
7316 46674 576 71.1553 5.61733 1050 1445.6 0.00452057
7316 48125 644 67.261 2.31453 520 1417.76 0.0054712
7316 49915 626 64.0935 13.6337 -440 1480.58 0.00815016
7316 50055 664 67.9073 2.65322 670 1431.67 0.00502896
7316 51743 692 57.0642 2.39892 680 1071.67 0.0051545
7316 58248 696 66.5744 4.46292 -520 1580.02 0.0063182
7316 62053 600 58.7992 8.27898 540 1235.25 0.00570948
7316 64191 626 59.1967 3.15086 -350 1254.99 0.00584365
7316 64668 674 57.9574 2.86284 430 1489.66 0.00592367
7316 65109 644 58.1042 4.97724 460 1452.81 0.00622432
7316 68492 608 63.6069 4.66515 550 1332.81 0.00524039
7316 70963 608 70.6248 1.03533 650 1557.52 0.00422709
7316 74778 664 71.1713 1.08614 430 1241.11 0.00408978
7316 80931 696 69.2614 8.49305 620 1455.02 0.00588284
7316 82624 610 74.5945 7.43445 -750 1149.27 0.00441889
7316 84043 696 62.6999 3.98083 -400 1499.38 0.00643315
7316 84849 642 64.6803 6.62988 1150 1264.76 0.0042026
7316 92775 674 57.1394 3.46693 410 1283.69 0.00598558
7316 97473 674 58.5402 2.23305 660 1264.6 0.00545339
7316 99969 674 63.7217 13.2221 580 1502.69 0.00869417
7316 101494 662 68.3932 1.81339 380 1454.88 0.00518319
7316 112952 696 64.1048 5.109 -680 1480.16 0.00633099
7316 113835 624 64.1256 6.09218 540 1117.9 0.00557316
7316 119951 608 70.2769 6.1924 470 1283.97 0.00613936
7316 122261 598 73.904 2.5961 -550 1243.9 0.00609646
7316 124044 594 62.5377 2.5546 380 1375.78 0.00602677
7316 124329 610 73.6812 3.37115 640 1451.97 0.0057672
7316 124357 642 64.4652 5.93622 600 1135.25 0.00456623
7316 134085 608 73.7014 5.37991 -500 1846.25 0.0080177
7316 136521 576 73.1624 2.3352 550 1538.67 0.00533989
7316 139562 644 74.2143 8.61231 1390 1562.48 0.00491457
7316 144982 610 63.1406 4.85738 800 1233.72 0.00679673
7316 145247 674 69.4874 1.26185 550 1231.19 0.00449326
