7348 61 610 57.8096 4.38917 500 1231.64 0.006148
7348 667 642 57.2648 6.01125 740 1054.62 0.00455057
7348 3139 626 57.3948 19.3125 -5590 1103.12 0.00511458
7348 12496 576 68.1181 1.19316 -370 1464.2 0.00433106
7348 12777 624 71.3641 5.96019 480 1608.55 0.00669188
7348 14194 626 67.543 17.6001 -4560 1124.28 0.00470016
7348 16043 696 70.5729 3.34662 -410 1405.52 0.00607342
7348 17984 640 62.9293 1.35609 540 1274.82 0.00458996
7348 18283 594 58.4764 31.5062 5860 1019.74 0.00437762
7348 18512 642 73.2565 1.72713 390 1574.47 0.00498437
7348 22249 674 64.767 1.57846 -410 1483.08 0.00500526
7348 22721 600 70.6698 1.9733 -380 1687.7 0.00591475
7348 30942 662 73.1256 3.90242 -610 1292.42 0.00641059
7348 31740 600 58.1227 6.21237 570 1387.96 0.00527311
7348 38942 594 73.5854 4.10744 570 1529.54 0.00492251
7348 39146 626 73.5391 18.0097 -6040 1500.24 0.00442962
7348 39480 594 58.1841 1.2317 500 1339.51 0.00479426
7348 40143 644 74.2485 2.11269 -550 1551.92 0.00506879
7348 41792 626 62.1005 6.75897 1380 1428.19 0.00401889
7348 43985 696 73.7871 4.65201 860 1557.38 0.0068492
7348 50556 674 62.6902 9.60925 460 1408.91 0.00671182
7348 55653 594 67.3852 3.27038 460 1858.58 0.00715917
7348 55831 576 70.2066 2.56783 630 1406.71 0.00443156
7348 64375 696 63.9957 1.48998 -530 1294.95 0.00445655
7348 64960 674 61.2904 1.66358 -400 1190.54 0.00480663
7348 66638 594 76.4447 5.87932 930 1596.89 0.00453285
7348 75597 642 63.198 1.44874 390 1381.14 0.00407243
7348 78576 696 75.9662 3.09664 440 1640.41 0.00583274
7348 82507 696 63.1347 2.06977 480 1537.51 0.00515683
7348 82721 674 68.791 1.14629 390 1392.58 0.00414024
