7338 1302 690 58.4868 28.975 3620 1028.25 0.00420608
7338 2004 600 65.4213 1.13949 -500 1293.76 0.00464312
7338 2477 696 58.9369 1.75095 -410 1278.93 0.00488934
7338 8514 626 57.7058 18.1596 -2060 1036.84 0.00463385
7338 13587 576 60.2965 2.49199 -450 1443.76 0.00614044
7338 15983 626 57.1862 19.5756 -2590 1102.12 0.00574658
7338 16354 624 73.0629 8.96235 1100 1527.49 0.00475331
7338 17841 626 60.6943 1.69554 370 1334.91 0.00491006
7338 19772 696 61.4915 2.16755 -680 1510.01 0.00505436
7338 21608 598 65.91 2.0115 930 1501.2 0.00434817
7338 22092 624 66.4356 6.13224 440 1426.16 0.00710968
7338 25533 674 64.5724 6.77942 710 1509.97 0.0059096
7338 26201 662 70.7251 3.87117 430 1611.68 0.0057828
7338 27982 662 58.8247 5.01569 500 1274.22 0.00688088
7338 32138 576 62.5396 4.37228 470 1257.65 0.00592244
7338 32200 696 70.0872 4.42533 420 1630.51 0.00647425
7338 32295 692 63.5096 16.2708 570 1488.96 0.00817259
7338 41594 598 66.6686 6.47622 580 1224.01 0.00520916
7338 48745 696 63.0308 4.43657 820 1241.03 0.00439745
7338 56406 626 59.8468 1.6918 -420 1308.26 0.00499191
7338 62747 674 64.7179 2.00839 470 1356.38 0.00477133
7338 65193 690 75.1316 3.14784 450 1925.46 0.00618097
7338 65565 576 68.9325 4.4749 560 1579.37 0.00579061
7338 67688 608 60.1791 1.28235 450 1590.26 0.00443987
7338 71543 608 69.7144 9.0588 530 1428.35 0.00687066
7338 72372 626 72.3678 1.65493 410 1437.1 0.00409056
7338 73243 674 61.6908 1.07083 480 1184.27 0.0041783
7338 76379 674 67.645 1.37196 -600 1270.58 0.00448888
7338 80164 688 76.2778 2.0984 -510 1656.18 0.00523858
7338 81804 576 62.0151 3.09462 540 1405.16 0.00599249
7338 84851 626 65.9514 22.47 -2280 1389.17 0.00568127
7338 87381 598 59.4098 10.4731 -420 1477.59 0.00755604
7338 91537 576 76.1054 4.72419 570 1568.19 0.00437546
7338 95921 626 65.3916 23.0137 6110 1248.66 0.005477
7338 114610 674 75.3885 1.38364 360 1527.85 0.00442525
7338 116804 600 56.9111 7.77798 740 1224.99 0.00833851
7338 123807 576 57.9191 3.52486 -400 1211.01 0.00590479
7338 130559 642 65.9835 3.20802 350 1467.93 0.00618245
7338 132432 640 68.8095 2.78563 580 1469.35 0.00583819
7338 141610 640 67.6883 5.46528 580 1388.17 0.00497773
7338 143864 696 67.3763 1.27198 360 1688.8 0.00423239
7338 144670 646 67.6942 4.11944 610 1484.14 0.00415859
7338 146188 576 73.238 6.2784 990 1494.01 0.00516499
7338 147831 610 63.17 5.28132 580 1168.92 0.00486267
7338 152874 576 70.0632 1.09986 -390 1632.39 0.00415803
7338 153809 610 74.4956 11.151 -700 1895.97 0.00744315
7338 158522 696 57.0473 2.68472 -870 1372.79 0.00576031
7338 162324 664 62.6801 2.80313 -570 1249.44 0.00580313
7338 166170 690 65.6192 1.95535 860 1521 0.00541438
7338 166184 674 67.5758 8.18171 1230 1521.12 0.00471282
7338 167289 674 70.5181 5.58305 -730 1772.54 0.00723235
