7505 2560 610 65.7236 8.5219 -1030 1549.24 0.00689319
7505 8127 600 66.5866 11.7276 590 1626.62 0.00921137
7505 8259 664 59.7197 1.1657 600 1172.86 0.00415545
7505 9077 674 74.1621 5.3528 -740 1520.47 0.00654356
7505 9280 644 69.9999 1.57778 430 1489.33 0.00468404
7505 11536 592 66.4721 12.3756 410 1652.46 0.00881782
7505 14060 674 67.7326 2.47161 -520 1165.53 0.00509245
7505 14536 598 75.8687 2.96522 -540 1507.19 0.00656404
7505 17459 662 72.9646 1.70785 400 1822.78 0.00497976
7505 19325 598 68.5053 5.96498 1160 1423.71 0.00456917
7505 19650 674 64.1578 1.24865 -930 1457.65 0.00447751
7505 22392 592 73.9305 6.1855 890 1704.63 0.00510052
7505 23007 642 63.8084 7.68099 780 1361.45 0.00523183
7505 28704 664 65.3119 1.85795 -560 1328.69 0.0050366
7505 29060 696 63.2902 4.78915 440 1431.3 0.00637043
7505 33291 598 67.2101 2.18711 -370 1785.23 0.00580253
7505 35270 696 58.0022 7.4943 -800 1163.38 0.00637799
7505 40943 626 59.1581 31.3165 2770 1086.44 0.00420187
7505 43117 626 67.1458 26.8228 2870 1061.73 0.00507329
7505 45064 662 73.6505 1.92125 510 1337.57 0.00512624
7505 48109 594 61.6282 5.29104 900 1263.6 0.00400162
7505 49411 674 62.2361 6.88911 450 1401.45 0.00635101
7505 51383 598 74.7367 2.18341 710 1885.3 0.00571987
7505 53068 642 60.4724 6.02155 490 1171.42 0.00566085
7505 55645 662 58.5428 4.61223 610 1105.31 0.00434788
7505 57348 696 62.3948 2.18469 -420 1395.67 0.00545869
7505 62618 644 76.1598 1.69182 -420 1577.63 0.00489486
7505 69048 624 63.9425 7.47271 600 1494.49 0.0055935
7505 69087 688 61.6849 2.77813 420 1284.44 0.00606429
7505 70030 646 71.8928 8.03296 760 1544.48 0.00434231
7505 70129 626 69.486 15.3721 2960 1062.85 0.00496377
7505 70130 642 58.3187 1.91528 360 1120.83 0.00534456
7505 70506 674 71.6371 1.54131 -680 1422.55 0.0051047
7505 75310 626 60.4587 28.1711 7990 1123.06 0.0041179
7505 76604 598 64.1848 6.75785 1090 1490.19 0.00473924
7505 82234 688 76.4729 7.31011 530 1642.57 0.00599171
7505 87433 644 70.7285 1.83407 420 1527.29 0.00477371
7505 94315 662 59.1244 1.67147 -430 1266.48 0.00483387
7505 95798 664 72.7269 2.07739 370 1667.53 0.00498448
7505 102617 626 71.7266 20.4551 1420 1070.81 0.00484234
7505 109113 674 67.3169 5.72661 530 1505.11 0.00727237
7505 109780 576 75.7138 1.14833 360 1701.73 0.004321
7505 114187 594 68.3325 7.78446 650 1410.74 0.00633682
7505 121127 674 68.9184 1.87145 310 1674.32 0.00506976
7505 121862 610 62.3567 5.07617 -770 1413.58 0.00554371
7505 122648 626 58.4043 3.76875 420 1237.99 0.00416129
7505 123056 642 62.5334 7.88276 490 1315 0.00587267
7505 123080 674 72.3893 1.13722 -470 1721.07 0.00434629
7505 124902 674 59.3246 1.46264 460 1319.82 0.00465132
7505 125164 598 57.3074 7.13696 -390 1344.91 0.00802026
7505 131445 626 74.5866 23.7204 2740 1378.19 0.00503274
7505 137850 598 63.7816 3.40615 560 1332.16 0.00427494
7505 141272 576 69.5036 2.11386 360 1571.76 0.00564021
