7361 827 662 65.963 1.94543 430 1554.88 0.00526556
7361 2840 640 63.5481 1.80701 380 1362.38 0.00460419
7361 5479 692 59.9161 15.5662 860 1340.32 0.00839151
7361 11591 624 63.2729 1.31619 -350 1353.74 0.00430753
7361 13918 688 66.0645 1.86487 350 1529.9 0.00521818
7361 24758 626 64.9653 9.02235 920 1202.55 0.00411604
7361 26805 600 76.2919 11.9552 700 1475.02 0.00837188
7361 31691 664 66.4662 1.36045 -540 1008.14 0.00419292
7361 34046 576 69.4821 6.30476 420 1725.18 0.00731019
7361 39793 646 60.0736 1.33864 440 1326.73 0.00425249
7361 44901 690 61.3714 1.72557 -610 1269.03 0.00500375
7361 45554 646 75.8135 2.80768 410 1695.34 0.00549539
7361 50892 696 57.4696 5.15745 600 1132.61 0.00675534
7361 54822 696 69.2157 1.96986 -340 1428.83 0.0054842
7361 62490 610 69.9468 3.68186 -770 1553.11 0.00610404
7361 62996 688 73.1731 8.8966 570 1715.76 0.00731473
7361 64281 576 65.1155 1.0877 -320 1407.2 0.0042861
7361 64963 640 65.4776 7.33624 820 1308.88 0.00498727
7361 66231 696 76.4287 1.48094 390 1830.96 0.00446871
7361 69805 600 65.1798 1.22464 -430 1373.51 0.00441981
7361 72797 646 66.3645 10.6644 800 1522.79 0.00582315
7361 75662 624 58.1315 7.49842 660 1103.29 0.00508868
7361 75706 644 74.3914 2.72498 390 1634.84 0.0047766
7361 75988 610 63.5671 9.35282 1200 1321.46 0.00522342
7361 76393 576 72.2455 5.54305 800 1700.36 0.00610157
7361 79457 598 61.4368 9.777 1130 1430.33 0.0048438
7361 81523 624 58.3548 20.5212 -3930 979.25 0.00405001
7361 85604 610 67.4888 1.28273 -490 1374.82 0.00438314
7361 88862 696 75.0378 2.00923 350 1610.97 0.00517508
7361 88922 598 64.9943 3.03553 -650 1668.54 0.00593552
7361 90253 696 57.8367 1.1986 -430 1136.46 0.00424968
7361 90794 576 67.0721 6.92908 -500 1121.9 0.00565095
7361 92618 640 66.6408 30.4957 7020 1269.21 0.00526255
7361 98470 576 71.2547 3.48543 -500 1587.07 0.0065962
7361 103601 646 61.2195 7.36028 450 1314.37 0.0056522
7361 103814 642 68.7231 5.21076 680 1299.81 0.00489719
7361 109108 644 61.6614 8.74561 950 1178.11 0.00575133
7361 110675 696 67.4219 1.38851 -480 1321.07 0.00416185
7361 115240 600 66.1427 11.2345 710 1475.02 0.00669007
7361 117853 598 71.1887 5.91317 490 1578.28 0.00561713
7361 121294 662 64.2734 9.8865 750 1595.31 0.00701417
7361 122296 608 67.611 6.53541 -410 1696.05 0.00836972
7361 125315 600 66.442 3.71483 -350 1707.18 0.00716387
7361 137577 696 70.6117 5.04442 620 1444.85 0.00654202
7361 139386 640 76.1992 2.48723 -550 1574.4 0.00578401
