7444 2403 662 74.4237 3.40469 -850 1438.33 0.0051929
7444 6621 600 61.762 3.13262 -590 1470.59 0.00548355
7444 15349 674 69.5013 4.43611 510 1660.39 0.00658224
7444 19707 608 64.6818 4.75591 -570 1355.71 0.00746858
7444 27300 610 70.2631 4.65391 460 1670.24 0.00613837
7444 29522 642 76.5155 1.20175 380 1681.09 0.00440436
7444 44100 644 65.4028 6.04759 480 1320.01 0.007506
7444 51265 610 66.8326 4.13314 460 1244.24 0.00593307
7444 61562 576 68.8064 2.32837 340 1442.19 0.00497229
7444 62215 642 69.1383 4.79393 800 1305.15 0.00425216
7444 63245 610 61.11 4.53266 -690 1373.72 0.0060608
7444 64183 626 67.0793 5.58343 670 1534.88 0.00470805
7444 68226 644 74.2025 5.14584 490 1518.78 0.00513614
7444 68556 674 57.2924 3.00586 660 1158 0.00594758
7444 71885 696 74.5142 2.38888 -540 1512.66 0.00521327
7444 78404 594 57.3028 2.75769 560 1076.67 0.00628089
7444 84292 576 57.6977 2.50518 320 1273.62 0.00571667
7444 86749 576 69.5295 1.55885 -400 1448.16 0.00463598
7444 92237 610 58.9243 1.46888 450 1320.96 0.00443068
7444 95014 610 76.2924 2.10675 370 1357.69 0.00415834
7444 97603 696 63.4105 2.19732 360 1286.49 0.00526195
7444 98926 696 59.4752 7.16158 1640 1075.84 0.00423853
7444 101775 610 73.0932 1.25135 -470 1553.58 0.00425279
7444 109906 610 64.3569 7.73487 -680 1553.95 0.00638194
7444 118473 646 72.5213 3.57297 480 1387.34 0.00428322
7444 119331 674 59.286 1.10829 430 1568.98 0.00409793
7444 119868 696 68.476 8.91751 510 1551.62 0.00712186
7444 122690 576 58.8617 7.0387 620 1266.46 0.00579367
7444 124034 626 57.8247 17.5579 -1700 999.82 0.00527953
7444 125296 662 75.7344 3.74964 580 1694.59 0.00427893
7444 135794 690 67.3543 5.12154 590 1486.46 0.00550517
7444 139157 598 60.5395 7.25742 -510 1381.77 0.00758535
7444 139324 696 60.6961 1.29136 -610 1106.3 0.00422165
7444 141222 626 57.8861 22.3301 5420 1284.36 0.00759947
7444 146900 610 74.3283 1.50644 -660 1479.96 0.00417153
7444 147852 608 63.8 8.23412 780 1472.96 0.00611912
7444 150671 674 58.0029 3.48001 580 1102.33 0.00562098
7444 159699 608 63.13 9.60124 890 1485.14 0.00564052
7444 161107 598 63.4853 5.35713 490 1301.97 0.00487633
7444 162525 688 65.8946 3.34108 -430 1687.25 0.00642665
7444 163002 600 69.4798 1.42846 410 1371.53 0.00473663
7444 164566 576 60.7179 1.27999 -370 1261.88 0.004505
7444 166988 626 76.0031 4.66974 530 1632.21 0.00450212
7444 167716 624 63.3549 4.17646 470 1317.03 0.0066861
7444 171768 626 63.7372 16.2137 2130 1248.16 0.00403198
7444 177178 662 60.2011 4.75699 -540 1206.63 0.00653185
7444 179604 662 69.5542 5.59396 440 1193.93 0.00624608
7444 181631 674 65.5189 5.88755 630 1579.61 0.00687768
7444 182512 600 66.8658 4.77769 680 1231.95 0.00455596
7444 186194 600 75.7328 1.7063 500 1527.19 0.00532508
