7515 420 646 74.9417 1.81676 410 1471.65 0.00455877
7515 1337 664 58.9437 2.43044 -640 1109.51 0.00513096
7515 7984 692 64.4359 2.0924 400 1365.47 0.00538597
7515 9535 674 68.9311 2.53589 370 1826.68 0.00588068
7515 10966 690 66.4342 2.60446 -570 1433.58 0.00580311
7515 16524 696 68.5386 7.72635 470 1360.5 0.00640024
7515 17635 624 58.6285 21.7609 -5100 999.191 0.00424986
7515 20128 692 74.9001 7.05441 580 1420.77 0.0061832
7515 28712 624 73.0198 7.88783 560 1614.61 0.00568202
7515 32496 642 61.2242 4.36362 600 1091 0.00487328
7515 35454 674 64.1477 26.4346 6540 1165.58 0.00437331
7515 41441 696 63.2388 6.98407 390 1522.25 0.0072649
7515 42143 696 62.4038 1.22164 -400 1325.1 0.00422009
7515 42990 626 67.53 3.68454 390 1610.77 0.00647372
7515 43194 600 69.7028 5.11774 510 1419.49 0.00478346
7515 44200 624 74.2379 1.86227 560 1520.88 0.00502674
7515 45908 664 68.4478 1.30318 420 1296.99 0.00424667
7515 47266 662 59.9512 3.3272 390 1183.24 0.00497613
7515 47759 664 57.467 1.23195 550 1074.97 0.00410127
7515 48116 644 74.3283 1.05709 400 1492 0.00401213
7515 49319 674 67.3228 7.15349 570 1478.35 0.00808746
7515 53633 642 59.9853 7.23654 640 1121.77 0.00492808
7515 61908 640 71.4749 3.15013 -520 1582.14 0.00593226
7515 62681 600 75.0847 5.41234 630 1618.88 0.00532694
7515 63665 696 75.6453 2.54455 460 1721.59 0.00543169
7515 68679 576 66.2484 4.0129 440 1505.04 0.00510635
7515 71053 644 62.1662 9.19522 910 1363.99 0.00526572
7515 74410 662 62.8338 1.8102 890 1184.39 0.00450751
7515 74867 640 65.1098 5.92979 510 1495.17 0.00719596
7515 77677 646 67.6042 2.77611 410 1522 0.00537324
7515 78497 576 70.4387 4.57757 560 1323.33 0.00486262
7515 82567 576 72.3604 3.33446 420 1540.7 0.00408165
7515 82687 688 76.3449 11.4687 -590 1779.66 0.00801623
7515 91883 646 71.2265 5.56639 490 1399.14 0.00442918
7515 96801 598 61.1911 1.07339 -630 1423.84 0.00434295
7515 100314 662 67.3061 1.63057 680 1262.21 0.00502451
7515 100381 600 57.8488 5.73217 510 1299.74 0.00503619
7515 100422 674 63.644 7.77216 470 1429.55 0.00756682
7515 102700 610 58.8637 1.46284 -610 1111.48 0.00440955
7515 104608 624 75.4742 6.94928 690 1350.73 0.00490184
7515 107047 576 65.946 6.65576 1390 1295.63 0.00424021
7515 108949 626 60.3362 21.1589 -3630 977.445 0.00482629
7515 117907 662 70.7933 1.4042 -440 1396.16 0.00457053
7515 119531 594 63.2882 13.2511 860 1519.85 0.008328
7515 127654 576 60.6546 20.1293 -1460 1105.94 0.00414004
7515 128262 598 63.9264 5.85984 620 1433.99 0.00515319
7515 128414 674 70.6174 9.32485 610 1582.61 0.00663869
7515 129124 696 59.251 1.70959 370 1461.5 0.00474633
7515 133993 642 70.0494 5.03812 1340 1354.73 0.00403376
7515 143727 626 59.3973 30.101 6520 1087.73 0.00558086
7515 143880 644 63.4742 2.0918 310 1210.04 0.00518754
7515 144389 696 61.4543 5.0277 680 1195.29 0.00671575
