7373 5279 674 74.814 2.42691 390 1776.03 0.00567037
7373 7385 674 69.0003 2.73055 490 1523.48 0.00486154
7373 9046 608 69.8855 3.62298 420 1584.91 0.00689623
7373 13729 662 57.6664 3.58507 450 1093 0.00552683
7373 14155 674 67.3619 2.95238 500 1720.93 0.00591631
7373 16357 646 71.688 7.39645 510 1450.75 0.0059571
7373 18831 696 69.4806 2.44636 400 1538.85 0.00532541
7373 19267 662 67.9932 13.79 1330 1663.24 0.00762838
7373 30398 592 61.8377 1.41108 -510 1176.53 0.0050242
7373 33732 696 59.9549 1.37476 -470 1444.21 0.00434521
7373 33850 690 58.8631 4.25647 470 1509.14 0.00495784
7373 34753 644 72.0284 6.79185 450 1607.12 0.00705437
7373 43822 626 63.3947 17.5555 -4940 1102.93 0.00449426
7373 45679 688 63.1823 6.79349 880 1213.5 0.00547461
7373 45812 644 61.5618 10.6167 830 1223.8 0.00601656
