7372 893 642 65.6411 8.02561 640 1362.79 0.00555083
7372 2230 624 73.3735 6.04134 -480 1684.52 0.0069132
7372 4756 576 70.9716 8.08817 710 1527.68 0.0062865
7372 5162 626 57.4583 1.35767 340 1067 0.00443452
7372 5537 688 63.5008 1.01664 380 1224.05 0.00405192
7372 11643 592 63.3056 8.19235 1070 1459.42 0.00545785
7372 17177 598 70.7285 4.88661 800 1248.02 0.00437942
7372 21484 664 60.5155 2.63996 -360 1439.9 0.00558721
7372 22861 608 61.6497 8.6795 680 1480.31 0.00619817
7372 27269 608 58.1929 1.02849 -350 1182.6 0.00438906
7372 37581 696 58.1798 1.32959 380 1187.49 0.00406928
7372 39801 594 76.6793 4.14839 -370 1639.2 0.00702158
7372 42080 598 60.1326 8.27384 1520 1174.71 0.00463517
7372 51360 610 72.2166 5.57094 1030 1558.6 0.00407503
7372 59059 696 72.7034 7.91385 500 1612.89 0.0070209
7372 65652 640 61.5025 11.7795 470 1342.02 0.00700758
7372 78775 640 68.721 1.21064 -410 1362.26 0.00426125
7372 84876 696 57.9311 2.01328 360 1228.88 0.00516821
7372 85948 598 63.0835 4.76848 530 1241.1 0.00466485
7372 90950 640 60.5743 6.17687 720 1113.75 0.00483092
7372 93688 662 59.0368 1.55609 -550 978.47 0.00471084
7372 94265 696 66.294 1.78459 -240 1501.48 0.00477023
7372 94472 674 60.5985 2.29907 480 1379.01 0.00576726
7372 96849 640 62.5932 4.90946 -450 1240.68 0.00641594
7372 102091 688 72.4261 1.86598 460 1547.15 0.00512885
7372 108633 640 75.4287 1.24255 530 1469.64 0.00447286
7372 110888 608 67.9785 7.1331 840 1600.75 0.00493704
