7491 607 688 56.9146 1.54647 -380 1297.88 0.00469629
7491 1923 644 64.4627 1.41237 360 1238.07 0.00428174
7491 7263 576 61.6191 5.29523 560 1117.79 0.0045481
7491 15318 642 58.7925 5.11204 500 1114.16 0.00496704
7491 15784 576 59.0109 1.74892 350 1286.98 0.00495459
7491 16423 674 66.1391 2.95179 -810 1545.28 0.00618964
7491 16656 646 63.5676 6.86753 590 1339.27 0.00530993
7491 18837 624 63.9701 7.39483 590 1418.82 0.00514557
7491 20011 576 67.6858 2.29579 440 1471.9 0.00573514
7491 20143 576 76.583 7.25358 430 1938.13 0.00633645
7491 22544 640 58.2091 1.3592 830 1236.42 0.00420918
7491 38042 692 62.8644 15.87 530 1513.69 0.00800575
7491 41450 598 66.215 6.75668 810 1378.49 0.00513533
7491 42995 674 57.7121 2.16432 500 1232.87 0.0054978
7491 53078 664 66.8508 1.95736 -530 1261.88 0.00495264
7491 57788 600 60.7879 2.49197 4610 1699.99 0.00737387
7491 66377 610 67.1322 7.73723 1410 1518.58 0.00465481
7491 67268 608 68.1226 4.05208 510 1363.63 0.00426859
7491 67318 642 70.7262 3.31724 450 1486.43 0.00426168
7491 73165 640 65.6937 3.85005 380 1612.91 0.0065375
7491 73457 626 60.0638 21.8861 3030 1225.3 0.00511955
