7296 7463 640 75.3581 2.37791 630 1267.57 0.00535327
7296 10210 674 71.4484 2.16898 -520 1285.29 0.00461924
7296 14172 608 57.1217 1.83109 -410 1136.3 0.00587145
7296 14361 664 70.0942 5.80538 1020 1210.44 0.0040376
7296 18527 624 64.7183 4.57521 540 1195.36 0.00460573
7296 25375 690 74.1261 4.71485 590 1262.31 0.00459234
7296 25661 644 67.6176 1.69955 590 1362.62 0.0042082
7296 26778 610 61.7673 12.648 1120 1438.56 0.00584101
7296 27151 644 70.6613 1.71651 -390 1498.41 0.0049826
7296 29024 626 57.3659 19.7272 3380 1094.85 0.00603517
7296 33758 626 65.8721 27.9216 6030 1206.14 0.00540973
7296 35412 610 64.5122 3.75919 -670 1529.77 0.0061017
7296 35446 692 57.2038 17.8877 540 1227.51 0.00824751
7296 37313 662 74.138 2.93595 -580 1204.61 0.00577881
7296 39032 644 61.7284 4.18374 540 1357.69 0.00467319
7296 41774 598 59.7066 8.04484 1050 1252.74 0.00488263
7296 42139 608 60.2808 1.8139 360 1316.73 0.00425861
7296 46260 696 65.2191 2.62307 -660 1370.89 0.0056453
7296 48128 594 61.1175 7.16088 600 1344.35 0.00586122
7296 60166 594 65.939 10.3029 1320 1405.54 0.00539059
7296 60775 674 68.1855 2.17398 -470 1482.94 0.00506825
7296 62254 644 60.5237 9.46117 1040 1285.59 0.00495736
7296 63143 662 74.3226 10.5846 820 1730.25 0.00712427
7296 63429 610 65.8909 1.02347 -420 1477.08 0.00406921
7296 64733 640 71.7875 1.1346 -370 1332.76 0.00416263
7296 65313 674 60.9655 1.58145 410 1549.61 0.00455217
7296 69531 626 66.4962 4.74708 470 1309.93 0.00534702
7296 73722 592 73.6164 8.0932 930 1808.46 0.00649593
7296 74681 598 68.6884 6.09548 620 1355.51 0.00461231
7296 75909 600 68.6314 8.24019 1110 1349.18 0.00616081
7296 77535 594 67.0832 4.7545 500 1444.38 0.0048248
7296 77563 626 63.5715 1.07621 1990 1254.19 0.00417483
7296 79591 674 69.2779 4.50945 -360 1473.56 0.00741807
7296 80119 690 65.1845 1.46064 410 1721.92 0.00492272
7296 81576 576 59.6847 2.05956 490 1444.65 0.00472881
7296 84516 674 69.201 1.1976 540 1269.41 0.00411886
7296 85265 610 74.2537 1.98485 440 1700.6 0.00491676
7296 97738 576 65.1307 5.70616 390 1662.18 0.00708553
7296 99148 598 68.1514 3.55772 720 1329 0.00486142
7296 100302 674 69.3282 1.40965 770 1545.52 0.0043007
7296 103023 662 62.7625 6.06335 -580 1186.14 0.00693765
7296 104375 642 64.8246 3.41039 410 1296.18 0.00492425
7296 106393 598 65.4466 2.14245 500 1383.48 0.0057079
7296 112606 610 63.9671 5.16745 590 1344.02 0.00619041
7296 113941 600 75.8832 2.85537 490 1556.07 0.00480607
7296 121053 594 71.5316 2.5226 370 1636.62 0.00620849
7296 121843 662 68.11 3.8344 420 1723.43 0.00634047
7296 124824 594 68.0528 11.8409 1070 1424.88 0.00659012
7296 126506 626 56.9619 22.3309 6780 1050.6 0.00527392
7296 129266 626 67.3081 5.24725 450 1568.13 0.00619479
7296 130676 662 63.8195 1.38878 440 1292.51 0.00461281
7296 132011 594 74.4247 5.84251 -420 1929.34 0.00818975
7296 133717 674 62.9736 3.58779 430 1498.83 0.00636175
7296 134728 640 73.5758 3.91541 460 1702.48 0.00641252
7296 149043 664 71.264 2.29507 480 1440.57 0.00570998
