7291 830 642 67.9529 3.5574 460 1302.25 0.00499353
7291 3664 594 71.1922 5.22006 410 1742.85 0.00793727
7291 8194 644 69.9372 21.599 -2950 1118.38 0.00448652
7291 19007 640 75.4189 1.65833 -430 1330.9 0.00475359
7291 21585 626 56.9681 1.54891 -390 1398.97 0.00472545
7291 22256 624 73.1572 7.40074 450 1620.93 0.00609249
7291 22333 640 66.9809 3.60878 520 1241.97 0.00552583
7291 24792 696 60.1463 2.09914 -510 1255.75 0.00540654
7291 26789 690 75.8793 5.17702 -710 1688.44 0.00692761
7291 29205 662 59.4563 1.39464 370 1362.95 0.00457521
7291 33716 662 75.2608 3.17795 550 1355.82 0.00485861
7291 34393 646 62.7384 1.25048 -380 1204.31 0.00437053
7291 41414 598 64.427 9.5322 -610 1309.93 0.00672079
7291 44284 674 71.2218 4.38031 440 1875.67 0.00685905
7291 48025 626 61.4388 8.96854 480 1263.66 0.00685353
7291 51070 662 68.9621 1.32092 -370 1410.45 0.00447565
7291 51571 626 60.0682 19.4648 5710 1135.45 0.00593409
7291 55135 576 62.3191 2.15921 470 1363.58 0.00580694
7291 56360 688 73.3979 1.84343 -400 1475.87 0.00539029
7291 56908 644 58.9774 8.91301 530 1572.87 0.0059657
7291 62062 608 58.8638 11.483 710 1211.23 0.00487205
7291 62234 624 56.8229 6.21723 690 1172.82 0.00471641
7291 63346 664 63.7398 1.65801 -470 1430.3 0.0049254
7291 64544 626 57.1127 19.7071 1650 1389.68 0.00769477
7291 68940 576 76.4935 2.55181 -490 1543.92 0.00588634
7291 79533 662 69.1925 4.88879 590 1296.49 0.0064711
7291 86083 598 65.3411 7.99308 1310 1313.45 0.00463778
7291 91812 646 60.869 4.50637 -540 1336.28 0.00626798
7291 92232 688 61.009 1.71541 440 1325.43 0.00506299
7291 97699 696 71.9394 3.06973 510 1464.82 0.00566138
7291 100272 646 68.6404 2.91324 530 1288.16 0.00574771
7291 106173 674 57.8517 5.15105 -490 1149.69 0.00612921
7291 108533 598 60.0281 1.69997 380 1270.59 0.00407767
7291 111037 594 60.598 2.34384 -320 1614.38 0.00612814
7291 118719 626 62.242 2.11355 500 1331.33 0.00430618
7291 123126 626 63.1365 2.57218 -360 1213.15 0.00565204
7291 123145 696 64.807 1.63877 470 1366.03 0.00459306
7291 123288 626 60.3157 1.35431 400 1152.18 0.00462856
7291 124480 692 72.9024 3.56964 410 1365.99 0.00566888
7291 127079 644 61.2937 2.07898 -350 1612.82 0.0055701
7291 130282 644 72.9144 5.63144 460 1597.49 0.00696833
7291 136251 690 70.6151 1.02571 -370 1593.8 0.00409632
7291 138080 664 62.2912 2.75452 -410 1444.78 0.00553248
