7558 795 576 65.0425 11.573 1020 1358.71 0.00584275
7558 11116 598 71.0601 2.95738 -350 1720.33 0.00637744
7558 12168 674 64.1235 1.61273 -790 1312.57 0.00482604
7558 12663 608 71.2859 2.17889 -280 1402.72 0.00584629
7558 17923 646 72.7184 1.25923 350 1577.16 0.00419667
7558 22713 598 70.9171 3.666 640 1433.21 0.00699227
7558 24662 598 63.3126 1.00296 370 1364.88 0.00415399
7558 25852 690 65.5682 1.58374 -420 1731.18 0.00493437
7558 30084 610 71.5928 1.28171 -480 1660.8 0.00406884
7558 32857 696 63.4871 1.34832 -520 1454.49 0.00437392
7558 33950 674 61.6469 11.0146 500 1420.63 0.00672926
7558 39787 624 74.8961 4.68784 -400 1492.44 0.00688817
7558 40354 626 57.3373 18.6554 7020 1071.7 0.00408809
7558 43114 626 75.9527 1.81865 370 1624.25 0.00507234
7558 44009 592 73.0627 13.1546 430 1785.18 0.00888972
7558 46828 608 63.286 7.84223 580 1383.98 0.00608434
7558 47792 624 69.6573 3.12087 370 1304.41 0.00467297
7558 50760 626 69.5802 27.8721 2030 1205.88 0.00430618
7558 60279 696 63.5203 1.22363 -410 1167.75 0.00438285
7558 64945 662 70.2124 11.8935 470 1613.15 0.00772433
7558 66826 662 67.946 1.60948 -780 1769.44 0.0046342
7558 68329 664 71.8187 1.23688 -440 1717.82 0.00411505
7558 68506 600 69.1457 1.47177 430 1437.01 0.0049251
7558 78640 592 72.8807 2.88514 570 1545.38 0.00410568
7558 79330 696 73.4252 2.82168 440 1699.68 0.00573078
7558 80441 626 65.7814 17.8487 -5590 1386.09 0.00596255
7558 83934 608 62.6417 6.38343 990 1319.22 0.00470414
7558 84032 664 70.2654 1.93129 660 1489.9 0.00533188
7558 90205 576 65.1345 2.44446 -410 1702.22 0.00612105
7558 94066 624 56.7127 3.72429 620 1094.45 0.00419135
7558 95910 600 76.1899 4.87381 550 1757.56 0.00425715
7558 96646 692 75.0079 1.77506 460 1594.49 0.00507938
7558 100992 696 65.1841 1.69437 520 1250.72 0.00466716
7558 101030 592 73.9608 7.89832 750 1612.63 0.00591352
7558 107229 674 67.901 5.6467 -490 1421.04 0.00765911
7558 109225 640 58.2024 6.89488 480 1136.84 0.00559298
7558 110954 608 69.8128 7.42805 630 1542.71 0.00572829
7558 111423 688 73.1388 2.16149 -430 1512.8 0.00562473
7558 112064 662 73.0432 6.20583 -460 1659.47 0.00757428
7558 119409 640 65.5269 7.0905 500 1562.48 0.00626927
7558 120889 624 59.7275 11.5693 1050 1291.01 0.00577958
7558 121360 624 69.3553 6.1982 550 1157.94 0.00532638
7558 122383 598 65.1238 5.38639 1090 1355.84 0.00417819
7558 132967 626 63.2245 20.4312 -2790 1426.91 0.0055138
7558 134721 646 72.4932 2.7539 -460 1558.47 0.00565173
7558 135568 692 74.4742 14.6589 810 1555.46 0.00659386
7558 140338 608 57.6438 3.06951 -360 1490.59 0.00689049
7558 141085 640 57.5809 6.00998 1550 1033.2 0.00444374
7558 142185 610 62.3066 1.51764 -590 1074.23 0.00424554
7558 145126 696 64.1041 1.87925 350 1456.06 0.00510202
7558 147125 640 73.5207 7.6424 830 1475.29 0.00520264
7558 147157 688 60.4692 1.14928 -330 1540.88 0.00435428
7558 152324 664 57.5079 1.53374 -580 1091.09 0.00434289
7558 153256 690 76.086 3.91519 -440 1282.35 0.00684962
7558 156982 674 71.8525 1.4395 430 1747.78 0.00416233
7558 158800 640 66.6653 7.22286 930 1458.33 0.0049771
7558 163738 624 57.2585 4.65032 -430 1580.01 0.00640795
7558 174631 662 74.2186 7.21992 -410 1621.32 0.0072777
7558 181064 646 58.9138 7.85783 730 1283.37 0.00521843
7558 184043 674 57.7231 1.34706 1010 1218.68 0.00451964
7558 185785 594 70.0546 1.74166 370 1404.88 0.00525322
7558 187154 674 70.0132 3.10797 670 1524.7 0.00609713
