7387 4250 664 71.8079 2.11892 -430 1310.3 0.00523254
7387 4409 626 58.797 23.3355 4000 1107.57 0.00452446
7387 5318 594 72.6482 1.29497 -510 1557.75 0.00476801
7387 6463 674 70.8304 2.81412 -490 1485 0.00626547
7387 22868 576 64.2576 2.39288 430 1433.18 0.00524881
7387 24495 696 67.8039 4.81918 440 1527.75 0.00615156
7387 27143 626 65.0143 22.637 -3630 1226 0.00430444
7387 34956 696 57.6914 3.44627 480 1194.06 0.00594824
7387 36856 626 59.9456 1.13514 -400 1563.34 0.00403741
7387 39167 642 74.3614 8.69635 690 1591.42 0.00618504
7387 39657 598 67.9216 1.08904 -540 1366.65 0.00434855
7387 44684 600 71.0234 6.88793 -390 1941.3 0.00815732
7387 44895 642 66.4458 1.57615 -370 1302.32 0.00483194
7387 45681 662 62.7743 1.29376 400 1143.34 0.00456556
7387 54538 624 57.0148 10.4497 480 1010.27 0.00696238
7387 54593 662 66.6974 4.21288 -470 1627.71 0.00676409
7387 56855 690 58.4968 6.80776 510 1363.29 0.00602549
7387 57036 674 66.3656 2.02381 500 1703.03 0.00526038
7387 65738 610 73.8518 1.64233 -660 1407.56 0.00456048
7387 69555 576 63.5057 2.01298 390 1378 0.00540365
7387 70417 576 63.825 8.82927 710 1475.5 0.0062839
7387 73952 674 75.5529 10.0805 650 1771.67 0.00796204
7387 75954 640 74.1789 12.3503 620 1621.48 0.00811191
7387 79790 674 64.587 1.00512 500 1364.77 0.00403803
7387 81178 576 65.6578 1.99011 430 1720.32 0.00532326
7387 90754 610 69.3983 1.22941 -430 1403.01 0.00408692
7387 91397 610 66.2897 4.79119 520 1345.33 0.00641183
7387 94979 646 70.3594 6.41386 760 1386.91 0.00473683
7387 96963 662 74.8303 4.89814 -550 1666.23 0.00652684
7387 100247 690 76.0261 3.86375 -510 1893.47 0.00686342
7387 103893 674 71.5102 1.92081 -630 1594.71 0.00536776
7387 104762 624 61.6301 3.57041 670 1366.36 0.00458684
7387 106209 674 74.9988 3.14706 -540 1668.58 0.00661418
7387 110960 626 57.6513 3.6877 -480 1150.95 0.00614789
7387 112987 598 71.8085 8.81935 1260 1747.24 0.00417273
7387 119955 626 66.7362 20.279 8170 1248.35 0.00452003
7387 135796 674 69.5039 1.8337 330 1721.18 0.00491807
7387 135919 642 74.1636 6.6259 1000 1594.02 0.0048211
7387 136796 640 69.0058 6.95883 450 1475.16 0.0068511
7387 138492 664 57.747 3.13992 390 1463.21 0.00640998
7387 142274 690 70.2525 6.68817 380 1654.35 0.00751857
