7421 9128 626 63.5069 23.3892 4640 1187.72 0.00529883
7421 30261 646 62.8348 7.19757 1520 1377.93 0.00411655
7421 51041 598 61.1904 9.6225 450 1312.73 0.00719245
7421 51827 646 68.5724 4.16808 360 1455.66 0.00699847
7421 63118 644 74.7329 4.46256 720 1561.56 0.0049801
7421 88636 576 75.3497 3.99802 960 1466.86 0.0058989
7421 99716 674 70.7975 3.07244 -390 1756.33 0.00586085
7421 109316 598 62.7046 7.10388 530 1303.49 0.00547055
7421 115152 690 57.8184 3.77834 390 1058.75 0.00662632
7421 116992 696 75.0326 9.70195 780 1881.02 0.00580247
7421 127126 640 72.3653 7.68498 470 1693.59 0.00699042
7421 132027 688 58.7369 2.36357 -640 990.657 0.0055526
7421 145153 608 57.6624 1.34004 390 1487.36 0.00441084
7421 146077 576 72.6028 1.02939 390 1553.66 0.00426781
7421 178515 644 58.8019 22.4019 -1850 960.395 0.00449241
7421 180108 576 59.0916 7.50999 510 1292.09 0.00573338
7421 180869 600 58.4334 27.5344 6390 1140.17 0.00419965
7421 205257 644 62.8479 1.93911 360 1252.85 0.00534238
7421 209887 576 75.9294 7.53035 900 1533.58 0.00402282
7421 210149 640 59.2931 5.20261 400 1197.11 0.00596439
7421 214825 626 70.4298 1.56113 -390 1332.97 0.00480137
7421 215341 646 74.411 4.88362 -640 1814.33 0.00616597
7421 216311 640 62.986 6.62488 850 1107.62 0.00416382
7421 217176 626 66.9861 22.375 5170 1189.86 0.00427551
7421 231627 598 75.0459 5.51114 450 1523.96 0.00542515
7421 232698 642 73.1931 2.43715 -600 1404.66 0.00573717
7421 236676 664 70.7403 2.05511 -310 1622.08 0.00507101
7421 237137 662 73.3237 1.0904 400 1667.65 0.004131
7421 244985 662 63.0713 2.22543 -450 1595.82 0.00540996
7421 246574 576 66.7356 1.39705 -330 1355.27 0.00455735
7421 291185 576 57.7468 3.62854 760 1253.3 0.00597799
7421 295458 696 62.1454 2.44265 -610 1156.45 0.00531114
7421 300633 690 73.3628 2.18641 -430 1603.73 0.00580519
7421 303265 610 63.3021 3.87224 420 1495.3 0.00509324
7421 305027 610 65.443 5.84938 430 1265.53 0.00558075
7421 306694 642 57.3973 8.34143 1000 1166.84 0.00511735
