7409 1031 576 61.3829 1.94499 410 1336.43 0.00547853
7409 1621 624 70.8321 2.53952 -440 1510.89 0.00543751
7409 3733 624 62.0951 3.05307 550 1132 0.00509561
7409 6974 576 76.0062 1.59892 -600 1456.01 0.00485816
7409 13081 608 71.805 2.59758 530 1394.54 0.00654414
7409 15088 690 63.5352 1.15116 420 1600.35 0.00419669
7409 18782 576 60.4267 3.44976 500 1180.8 0.00438238
7409 18961 598 57.6902 7.00364 580 1234.99 0.00591071
7409 21088 662 69.6305 2.84712 440 1514.9 0.0059974
7409 25968 644 70.9099 1.48167 -570 1302.55 0.00452248
7409 29150 642 73.0285 5.20845 610 1455.82 0.0044522
7409 32682 624 63.8057 5.16405 510 1391.39 0.00464359
7409 46860 674 58.953 3.08271 -680 997.62 0.00538989
7409 47864 644 65.331 1.19244 440 1188.6 0.00420532
7409 58310 640 71.5593 2.98865 -800 1772.31 0.00628506
7409 60019 674 66.8711 5.11699 360 1702.83 0.00653674
7409 65403 640 61.446 21.8785 -5790 911.596 0.00402793
7409 66098 624 67.0549 5.61428 1040 1483.54 0.00435483
7409 67205 592 59.0037 10.2893 480 1419.15 0.00857967
7409 70927 674 58.9682 1.15596 460 1519.09 0.0041887
7409 72460 692 65.1697 1.81794 420 1421.08 0.00506792
7409 81303 598 66.3624 7.51948 820 1225.08 0.00421794
7409 85694 642 61.6488 3.28608 370 1457.03 0.00651831
7409 86622 640 67.2606 5.34057 760 1529.51 0.0047065
7409 89940 662 59.3583 1.14847 450 1257.58 0.00408536
7409 97428 576 69.6699 1.7605 520 1538.52 0.00518586
7409 100515 674 67.2022 1.1292 -870 1454.78 0.00410477
7409 100617 640 63.0005 27.6901 770 1327.87 0.00406346
7409 104616 674 66.7394 1.20667 520 1341.33 0.00438516
7409 107639 642 67.9145 10.1263 550 1666.93 0.00688671
7409 109403 610 62.5804 4.06324 -700 1178.99 0.00592958
7409 115593 624 68.4307 5.36886 660 1530.14 0.00450931
7409 115882 696 63.8641 3.21421 -390 1612.39 0.00598284
7409 118914 642 57.0288 5.27178 670 1076.97 0.00466826
7409 120247 696 75.1145 3.20716 -490 1406.65 0.00588791
7409 121607 696 59.4272 22.3755 -2120 1145.32 0.00422174
7409 121619 610 71.1018 6.03942 510 1553.9 0.00663492
7409 126455 626 59.9812 19.4991 2400 1021 0.00452683
7409 131326 642 57.6197 2.12828 430 1242.84 0.00539182
7409 136611 642 64.2089 2.64207 -390 1407.32 0.00493467
7409 140434 626 57.9364 24.7375 5300 1324.42 0.00786704
7409 143771 576 71.4286 7.34242 880 1715.9 0.00629612
