7544 9388 608 72.5783 4.42336 -570 1485.95 0.00759006
7544 9719 646 74.9368 2.83339 -390 1856.01 0.00572259
7544 12253 592 61.6908 9.54421 480 1685.03 0.00866572
7544 16312 594 68.1131 5.16174 480 1501.91 0.00615634
7544 16433 662 61.6865 2.81546 -610 1075.06 0.00477637
7544 19381 624 63.2926 1.32777 620 1122.27 0.00439625
7544 20005 598 69.6071 23.599 6600 1387.96 0.00442861
7544 23339 662 76.4244 9.1621 560 1452.02 0.00708517
7544 24211 598 71.7504 1.23072 -360 1460.96 0.00443186
7544 28400 624 68.4791 6.50283 1100 1252.69 0.00425187
7544 35087 626 62.0461 6.26802 810 1256.79 0.00465964
7544 40808 696 70.3323 3.92616 500 1445.96 0.00685018
7544 44660 624 62.3378 1.16771 -380 1514.88 0.00421915
7544 50291 594 67.3738 5.4086 1450 1299.78 0.00462197
7544 53499 642 69.8379 1.38083 380 1353.41 0.00471807
7544 58748 674 61.8556 1.08783 320 1208.26 0.00414493
7544 59152 626 56.7687 22.1556 3270 1293.7 0.0075958
7544 59899 592 60.8668 8.6429 510 1261.46 0.00819145
7544 62715 662 60.1273 6.22725 -500 1205.56 0.00725363
7544 64437 664 57.6262 1.36547 -540 994.863 0.00441769
7544 66732 608 60.9331 1.25928 400 1468.92 0.00425364
7544 69317 692 65.4857 18.0525 870 1709.49 0.00844929
7544 69667 624 60.7139 5.10444 540 1268.56 0.00650625
7544 70538 608 59.6508 33.3594 4520 967.672 0.00402656
7544 73546 644 76.0832 2.71351 480 1834.9 0.00554502
7544 89203 674 58.0769 1.3482 600 1159 0.00445767
7544 92358 598 69.5374 1.18207 -610 1402.2 0.00416433
7544 92851 688 64.0957 1.40488 -380 1481.56 0.0046922
7544 99754 674 71.7993 2.24897 -320 1513.75 0.00582334
7544 103460 610 65.5424 5.52211 550 1611.58 0.00604933
7544 111645 688 68.7635 8.71917 460 1841.16 0.00694386
7544 114481 598 73.2911 7.56164 -690 1728.98 0.00750452
7544 115037 610 65.1484 2.79316 -730 1410.09 0.00537369
7544 117468 624 57.6071 7.51034 1050 1330.25 0.00448968
7544 122137 674 64.1565 2.04419 -330 1532.9 0.0056417
7544 125078 696 61.8227 2.60298 500 1276.09 0.00570878
7544 135280 624 69.722 2.64889 -480 1352.21 0.00560338
7544 137243 674 70.4917 4.28415 450 1847.53 0.0066245
7544 138701 646 67.7237 6.84335 530 1482.95 0.00481368
7544 154158 598 76.4242 7.4451 -710 1754.07 0.00770943
7544 156634 690 65.8036 7.25039 560 1609.41 0.0079951
7544 158475 600 61.3762 1.28376 -360 1450.12 0.00468891
7544 159203 626 62.8826 21.7314 2800 1282.03 0.00511469
7544 163332 626 73.5306 27.9236 7460 1366.08 0.00490833
7544 166156 642 57.3339 6.85723 960 1133.38 0.00468266
7544 167445 610 73.4648 2.95384 -560 1407.28 0.00573108
7544 170493 696 72.3099 1.63032 540 1339.31 0.0041643
7544 170815 626 74.6225 5.87125 770 1560 0.00601503
7544 172131 674 73.6795 4.60071 -450 1856.75 0.00710592
7544 175038 598 72.0788 8.2616 990 1510.07 0.00524382
7544 184516 610 69.5781 4.30371 -490 1351.47 0.00651014
7544 190367 696 64.8767 4.29726 660 1087.85 0.00435345
7544 195204 626 56.9632 20.1392 -4550 1209.31 0.00549324
7544 196494 674 75.5813 1.15448 -550 1376.27 0.00425022
