7374 4504 674 69.5039 7.32658 840 1543.91 0.00731036
7374 7158 626 61.2708 12.9666 510 1324.35 0.00806564
7374 8852 624 60.5102 4.9844 480 1317.03 0.00508447
7374 20716 644 75.3159 2.48074 380 1842.71 0.00553766
7374 26665 610 62.9473 3.34602 -460 1427.57 0.00589233
7374 29123 644 72.84 5.22901 930 1564.41 0.0041583
7374 39553 610 75.9248 3.49498 490 1958.3 0.00626899
7374 44352 624 73.5174 1.60905 450 1367.7 0.00408679
7374 45151 674 76.5242 1.56595 370 1935.55 0.00505038
7374 47652 690 65.7799 1.59932 -380 1757.78 0.00508481
7374 48176 608 68.0056 9.19935 720 1259.63 0.00647791
7374 57105 646 71.2958 1.78892 580 1425.38 0.0049242
7374 65529 674 69.8792 3.98113 -1030 1643.73 0.00665287
7374 66287 598 73.6415 6.12936 980 1432.82 0.00468079
7374 69374 610 58.7957 3.71734 530 1200.19 0.00435618
7374 72422 624 69.4357 11.422 1270 1580.07 0.00528449
7374 75615 692 68.6876 20.6571 700 1589.99 0.00830794
7374 75768 626 57.8198 21.235 6370 964.543 0.00414088
7374 76517 626 64.6908 21.1055 -4470 1080.52 0.00433137
7374 80962 674 61.2391 1.27436 650 1473.67 0.00437078
7374 82169 644 73.5842 6.77693 720 1663.61 0.00559953
7374 83136 662 66.296 2.2103 390 1606.24 0.00544773
7374 83172 674 59.3587 5.06528 620 1370.19 0.00544107
7374 89466 644 64.0162 15.0315 -500 1483.35 0.00776922
7374 90173 642 65.1617 7.69967 510 1395.06 0.00529663
7374 90190 598 74.789 2.63847 500 1520.9 0.00431063
7374 96730 690 64.6816 1.73827 430 1525.75 0.0041971
7374 101735 696 68.5408 8.80386 670 1388.59 0.00591177
7374 102894 592 62.2219 8.20375 780 1053.04 0.00518708
7374 105590 624 57.4814 5.33211 540 1278.59 0.00440991
7374 107763 594 68.8223 7.71452 460 1613.95 0.00602502
7374 109353 626 66.5923 4.09866 470 1280.04 0.00457767
7374 109812 674 70.109 1.58157 490 1415.42 0.00488935
7374 112515 598 62.0275 1.63819 680 1283.31 0.00520919
7374 113795 626 61.8502 17.4908 -1930 1078.08 0.00442218
7374 114425 640 56.8059 2.13476 370 1238.85 0.00522877
7374 116004 624 59.8589 5.23768 610 1211.11 0.0049055
7374 118679 640 66.6532 1.6985 620 1192.56 0.00508603
