7605 572 662 67.2239 3.39047 -360 1472.1 0.00631956
7605 3479 646 69.5409 2.74386 -610 1120.75 0.00569757
7605 9387 674 60.6503 2.55439 -480 1303.36 0.00523617
7605 12162 610 57.0702 2.56419 430 1133.39 0.0047205
7605 12524 640 59.6916 4.4049 -640 1202.67 0.00661105
7605 20354 576 63.2969 4.11856 570 1214.68 0.00476862
7605 28778 640 69.6992 2.44563 -440 1611.75 0.00563756
7605 30519 624 60.6856 7.31393 580 1197.01 0.00575491
7605 34199 608 72.514 6.09118 680 1478.73 0.0045717
7605 37991 610 69.9503 1.83217 400 1427.28 0.00493565
7605 42040 600 65.9054 7.39798 -430 1695.63 0.00849603
7605 44838 594 68.2566 1.55803 430 1460.44 0.00532959
7605 45477 626 66.6806 12.6655 1300 1378.6 0.00551547
7605 46433 642 60.8727 7.85147 570 1308.5 0.00553654
7605 48298 592 69.1175 2.66683 420 1644.13 0.0048886
7605 49856 576 64.7217 3.80276 460 1280.17 0.00483705
7605 52772 644 61.1064 1.84625 -310 1365.99 0.00520809
7605 54009 576 65.9956 1.10329 -470 1194.68 0.00416145
7605 56060 594 74.3899 1.82741 390 1691.47 0.00569117
7605 58608 626 66.1452 2.40113 -320 1682.25 0.00547508
7605 58640 674 68.6525 12.8279 950 1571.91 0.00803697
7605 65722 642 65.0131 3.36392 670 1293.47 0.00517357
7605 66262 646 66.4301 8.73589 610 1460.66 0.00556431
7605 74580 598 65.1963 5.75296 420 1549.81 0.0070416
7605 77253 576 71.0888 10.4853 -510 1682.35 0.00793526
7605 80738 644 68.3787 1.66347 400 1318.54 0.00475568
7605 86835 626 58.7732 17.6943 -2810 955.363 0.0049976
7605 87177 610 64.1589 10.3769 -1090 1379.46 0.00707806
7605 91696 662 73.4672 4.83118 660 1649.07 0.00676421
7605 98969 598 61.1397 23.7211 -4290 1290.89 0.00439874
7605 102949 598 74.4075 7.88112 580 1812.93 0.006322
7605 103546 662 57.683 1.17187 -390 1493.88 0.00431328
7605 108646 696 61.4622 5.28539 900 1362.27 0.00422536
7605 110785 626 57.7479 2.06641 -370 1160.06 0.00517248
7605 114463 642 69.5354 2.79173 450 1298.83 0.00413728
7605 120994 674 73.1464 1.75979 450 1822.93 0.00513349
7605 124191 608 59.9815 4.72304 1000 1255.12 0.00412669
7605 125326 674 73.3837 3.53411 -750 1829.67 0.00667308
7605 127506 598 73.1918 6.09258 1290 1774.17 0.00513316
7605 127860 576 70.1311 2.5606 -390 1710.89 0.00584459
7605 129451 640 73.8468 3.08863 420 1586.34 0.00587587
7605 131836 644 57.512 21.1687 5370 927.717 0.00449972
7605 138243 626 61.8925 17.2381 1910 1016.19 0.00416731
7605 143542 624 70.4611 5.25958 600 1373.91 0.00467932
7605 147179 688 65.1638 3.22081 370 1484.02 0.00596823
7605 149859 640 66.225 5.99432 510 1408.23 0.00518309
7605 150772 696 68.3585 2.18782 410 1525.7 0.00528964
