7541 7375 664 66.5584 3.7702 -370 1588.62 0.00609854
7541 9961 626 76.4302 3.96666 530 1461.47 0.00424924
7541 13277 610 69.1969 3.97462 420 1568.58 0.00598589
7541 15073 692 61.9214 3.09065 410 1253.57 0.0048178
7541 15458 644 59.0386 10.4762 1120 992.87 0.00595997
7541 16416 592 56.8677 2.03349 -590 1304.06 0.00552554
7541 19167 642 64.9707 6.60731 490 1429.85 0.00584501
7541 20130 646 73.4995 1.1869 670 1349.56 0.00412775
7541 21482 674 62.5196 7.38085 690 1069.35 0.00416149
7541 21814 608 74.4923 1.98243 -590 1397.76 0.00587073
7541 25509 696 74.9684 6.23076 490 1823.84 0.00662713
7541 26792 626 60.7796 18.8541 1160 1020.3 0.0044902
7541 30569 644 73.311 2.69897 -790 1787.11 0.00574872
7541 32498 610 72.1613 2.31598 520 1575.56 0.00518527
7541 35925 600 67.3003 8.81158 450 1635.79 0.00866098
7541 37526 610 74.8071 2.35336 -750 1525.57 0.00431226
7541 39143 696 66.6258 9.27284 710 1279.45 0.00421271
7541 41112 646 71.484 6.29591 610 1521.1 0.00449069
7541 46752 696 74.2695 4.08266 -540 1500.58 0.00624469
7541 56875 646 66.3266 5.26771 620 1244.47 0.00478014
7541 56907 696 61.1108 2.37114 -330 1081.66 0.00557177
7541 56948 696 71.9864 2.67808 -630 1503.04 0.00548458
7541 62376 690 58.1781 1.98819 360 1337.96 0.00491809
7541 66065 576 59.9264 1.51559 360 1179.81 0.00402411
7541 80430 696 63.4562 2.61925 630 1043.42 0.00446509
7541 87765 576 72.3064 1.2915 -390 1511.36 0.00466408
7541 88474 642 63.1466 5.36105 760 1211.18 0.00410909
7541 89499 646 70.9042 9.45419 1100 1498.27 0.00446218
7541 89576 644 71.7718 1.73495 710 1218.64 0.00508906
7541 89793 696 73.1216 2.06965 -360 1436.31 0.00531589
7541 90161 640 76.5032 2.01309 -430 1541.29 0.00545058
7541 93332 598 60.565 1.30731 -550 1220.97 0.00462355
7541 95362 600 73.3226 6.22898 720 1474.19 0.00466534
7541 98286 626 73.588 1.53294 410 1713.02 0.00496803
7541 101940 674 76.1914 3.04883 380 1970.92 0.00620589
7541 102207 598 76.187 1.4905 400 1734.46 0.00485844
7541 106440 644 63.5378 1.1849 360 1126.97 0.00428642
7541 107663 644 65.1967 5.95436 -400 1483.86 0.00669214
7541 110154 640 71.5632 7.37521 890 1553.92 0.00494296
7541 124760 644 63.7602 4.22062 -420 1592.77 0.00635971
7541 129724 674 71.7521 3.72222 -470 1284.53 0.00656493
7541 132302 692 57.5715 11.7349 580 1261.81 0.00687168
7541 135550 624 73.697 6.2563 1000 1304.42 0.00429342
7541 136437 642 64.0745 7.27019 1670 1166.94 0.00426769
7541 142585 594 73.7164 1.08984 -470 1569.05 0.00428059
7541 151310 662 74.6074 4.59064 -410 1748.71 0.00684374
7541 153863 610 58.7141 9.24546 -870 1268.06 0.00631437
