7508 1107 662 68.5948 2.62586 -350 1695.98 0.00578901
7508 3509 642 66.4006 3.82456 -620 1228.85 0.00627677
7508 8113 662 63.9306 8.761 470 1491.63 0.00668923
7508 8545 664 58.7172 6.57847 750 1126.62 0.00400798
7508 12642 644 61.9192 1.95649 460 1235.87 0.00473843
7508 15851 674 57.7188 1.12061 -440 1466.13 0.00420552
7508 18435 646 59.2659 3.00765 370 1221.47 0.00630929
7508 18882 642 62.1602 25.4323 3920 954.972 0.00449544
7508 25959 608 63.3217 7.07855 860 1469.23 0.00496894
7508 26446 674 59.2231 1.70075 380 1559.42 0.00485832
7508 27915 690 58.3446 5.68636 570 1344.58 0.0074156
7508 28304 600 73.1719 7.27768 800 1508.72 0.00628836
7508 30523 598 58.9729 1.52127 -740 1402.37 0.00429795
7508 40619 626 70.2046 17.6689 5480 1223.99 0.00425649
7508 42237 674 60.3572 8.22155 800 1329.18 0.00519319
7508 44249 594 64.0332 4.62346 490 1300.22 0.00516259
7508 44260 598 70.6533 4.7339 640 1245 0.00455109
7508 45090 644 63.654 3.00464 -440 1107.44 0.00559647
7508 45884 664 57.453 1.14748 590 1073.7 0.00410161
7508 50228 598 65.3594 6.48343 810 1409.07 0.00497595
7508 53847 624 61.9781 12.2895 600 1289.88 0.00784973
7508 54436 624 74.2668 5.15461 870 1423.84 0.00562368
7508 56318 690 70.9295 1.03791 -360 1620.71 0.00422656
7508 62775 624 61.4006 3.43381 5720 1689.72 0.00745755
7508 64207 626 64.0823 19.0301 -3250 1404.01 0.00580191
