7300 3006 624 76.3677 6.66977 -510 1698.77 0.00716823
7300 4800 662 67.4209 1.24142 -410 1301.31 0.00421957
7300 5047 610 57.1973 1.99099 590 1177.81 0.0049725
7300 16264 624 61.9528 20.9326 1830 1061.18 0.00426151
7300 18327 576 59.0538 1.24641 -360 1119.33 0.00430201
7300 26746 644 64.6532 3.80084 610 1259.65 0.00672095
7300 30959 664 66.1337 8.31122 700 1376.99 0.00551076
7300 32300 690 59.4075 3.21318 380 1199.7 0.0061781
7300 34678 600 58.1748 7.81595 540 1425.88 0.00808468
7300 36752 610 69.7815 1.21751 -420 1456.69 0.00411624
7300 39214 688 56.857 2.28709 -490 1475.44 0.00561244
7300 44131 610 56.7323 28.6727 2640 975.747 0.00451749
7300 44184 592 70.0378 2.29471 520 1355.7 0.00441371
7300 44795 608 66.5657 6.38584 540 1635.26 0.00496333
7300 45810 696 62.005 1.75946 810 1378.8 0.0046966
7300 51585 626 65.7459 1.39747 380 1196.25 0.00447538
7300 56798 690 73.8701 10.611 790 1582.29 0.00684103
7300 58944 600 56.8687 23.4474 -2000 937.71 0.00430861
7300 64796 626 57.0778 18.7325 2710 1056.52 0.00504618
7300 66035 640 70.5523 6.85871 -540 1438.76 0.00706629
7300 69271 688 64.2174 1.09161 -470 1215.66 0.00424223
7300 74192 610 62.4468 12.0352 1450 1326.91 0.00561798
7300 76883 642 69.4521 3.22534 360 1623.7 0.00601453
7300 77492 646 64.5196 10.6711 -630 1376.92 0.00692377
7300 81955 626 68.5982 3.0938 -520 1287.21 0.00596845
7300 86569 664 74.5783 1.43756 -770 1480.02 0.00453393
7300 88044 692 59.391 19.8871 910 1297.38 0.00715744
7300 92102 642 62.6386 2.90657 400 1454.25 0.00580433
7300 100422 662 62.7429 4.48302 560 1217.77 0.00645021
7300 100493 592 66.9478 11.0034 510 1670.09 0.00872537
7300 103264 576 66.6353 6.29556 1110 1223.47 0.00443928
7300 107453 626 62.3233 26.8295 2360 1016.79 0.00445079
7300 109916 664 62.0183 8.83675 600 1434.64 0.00565136
7300 111053 610 58.9175 1.88299 -620 964.051 0.00490262
7300 111596 640 62.0819 2.35971 390 1130.62 0.00420956
7300 121741 646 58.179 7.83825 540 1305.25 0.00553894
7300 123937 646 63.7704 1.50742 -400 1413.85 0.00444133
7300 123948 576 75.9657 2.73978 -740 1430.11 0.0049167
7300 124285 624 65.1811 11.9592 450 1169.18 0.00729318
7300 125429 610 72.3794 1.52956 860 1614.1 0.00445586
7300 128645 674 67.256 1.32278 530 1339.15 0.00452754
7300 130647 610 57.6952 9.00431 630 1233.45 0.00670113
7300 140516 646 57.4706 1.58405 -490 1019.91 0.00471806
7300 141425 646 63.6429 4.88602 590 1305.4 0.00449598
