7607 4287 662 62.5668 1.58654 400 1080.06 0.0042103
7607 6824 674 68.4533 3.4208 -800 1568.05 0.00631282
7607 12903 662 67.8008 11.5827 420 1431.2 0.00726046
7607 13931 600 64.651 3.99632 360 1385.62 0.0071248
7607 17607 576 73.2724 1.64074 -400 1237.47 0.0047105
7607 18314 610 66.6388 10.9638 -480 1416.05 0.00759699
7607 19559 696 73.3345 1.67692 -400 1607.23 0.00477399
7607 23370 690 74.8454 3.90999 470 1593.48 0.00435297
7607 24765 626 58.2057 17.2471 3240 1346.08 0.00510028
7607 26575 592 65.8275 6.97853 850 1476.43 0.00413581
7607 38594 688 74.4892 5.9312 500 1749.63 0.00725483
7607 43695 664 65.4615 1.16374 -430 1330.53 0.00404016
7607 46006 610 71.519 2.0988 -890 1155.54 0.0050167
7607 48800 662 60.9455 1.31047 420 1350.73 0.00453376
7607 49611 674 60.797 1.3822 410 1292.19 0.00449919
7607 56596 576 64.5954 4.5061 -410 1625.11 0.00675178
7607 59573 674 61.9385 9.2853 1070 1319.89 0.00528667
7607 60468 626 61.1792 31.5791 2000 1107.71 0.00456814
7607 60498 600 57.8808 2.67656 430 1348.51 0.0042838
7607 77167 662 63.266 1.83231 -420 1468.61 0.00499557
7607 78117 576 76.6936 3.42127 510 1665.8 0.00559014
7607 82354 642 62.6124 7.10105 480 1335.47 0.00510642
7607 85662 646 60.2978 6.24975 -510 1225.41 0.00651298
7607 86581 576 59.5967 3.45104 530 1185.27 0.0058645
7607 87830 664 60.6444 1.80476 600 1420.62 0.00514062
7607 89625 644 73.047 2.21544 -460 1512.82 0.00523932
7607 92936 642 63.5531 8.84534 800 1372.05 0.00511835
7607 93462 664 57.211 1.59679 -440 1336.59 0.00482818
7607 94046 608 71.6915 1.9576 -220 1883.11 0.00527718
7607 98842 696 58.4235 4.50056 880 1081.83 0.00432253
7607 109041 696 70.0234 1.31002 -860 1496.18 0.00448344
7607 129902 696 71.3172 1.82801 520 1444.57 0.00491431
7607 130291 610 56.889 1.48042 620 1040.04 0.00450944
7607 131519 688 67.4052 4.73299 400 1444.72 0.00672591
7607 133260 592 63.3886 7.20307 760 1470.7 0.00564332
7607 135301 644 75.4773 9.30041 490 1683.15 0.00819884
7607 143429 688 61.3364 3.95785 390 1379.81 0.006735
7607 148541 608 63.1269 2.69698 430 1158.53 0.00638071
7607 149569 642 60.8051 10.4347 1000 1300.84 0.00544643
7607 152922 646 68.4546 3.45789 630 1377.71 0.00610078
7607 159174 608 60.3819 7.56698 1320 1387.52 0.00513336
7607 164181 674 71.2359 1.09766 -400 1564.82 0.00410432
7607 174380 610 61.107 9.915 -530 1292.27 0.00746784
7607 177644 642 64.3066 28.0333 3910 981.612 0.00474076
7607 182660 592 72.4264 6.99813 450 1664.14 0.0062395
7607 183502 688 75.3161 1.19058 600 1653.83 0.00418254
7607 187189 576 59.8379 3.15787 -480 1200.24 0.00619036
