7293 25042 646 58.7086 3.5025 470 1099.54 0.00432156
7293 25231 592 73.7521 4.76347 1000 1625.97 0.00414572
7293 34380 646 59.5779 3.21259 -590 1305.67 0.00561198
7293 40024 626 71.9465 24.5071 4660 1530.66 0.00642938
7293 43749 674 63.358 1.8895 310 1421.76 0.0052156
7293 50293 626 62.316 16.0635 -5580 1177.96 0.00426295
7293 51099 696 71.1138 10.5992 630 1378.95 0.00644762
7293 61788 594 70.5774 7.59466 380 1623.86 0.00846872
7293 69804 576 71.3185 7.28557 570 1439.4 0.00549341
7293 70395 642 73.5126 1.73687 -250 1396.48 0.00438649
7293 75060 576 74.79 6.05512 -540 1391.58 0.00435168
7293 81982 610 58.2326 31.3289 2640 985.929 0.0040701
7293 111764 626 64.4232 19.6925 -2870 1312.69 0.0050207
7293 115131 610 64.3216 5.06588 -830 1608.42 0.00631447
7293 115602 598 60.7521 6.96226 950 1217.58 0.005137
7293 117768 674 56.7955 1.23351 -390 1217.53 0.00441562
7293 117837 662 60.2611 1.82852 670 1284.11 0.00502522
7293 142857 598 63.4748 7.1636 1470 1300.67 0.00468218
7293 151174 696 60.1812 9.55966 1110 1521.8 0.00537502
7293 152186 600 68.4563 1.71839 500 1519.49 0.00561374
7293 152650 626 68.8645 4.94216 420 1368.09 0.00705734
7293 162557 664 69.5659 6.31626 640 1500.81 0.00432737
7293 180171 692 59.0402 5.5761 790 1463.98 0.00586627
7293 200592 598 68.9774 11.3461 680 1584.55 0.0100277
7293 210870 662 69.5674 2.56864 -680 1308.84 0.0057323
7293 211754 644 63.3588 11.3046 -430 1622.52 0.00818288
7293 217911 664 69.6671 2.91771 620 1399.18 0.00510212
7293 223520 592 60.0764 7.82051 420 1749.03 0.00862416
7293 223970 642 60.7897 6.63283 710 1266.12 0.00449674
7293 229277 696 75.744 5.12637 -390 1813.42 0.00702098
7293 230220 576 65.5854 2.75448 -360 1611.73 0.00614068
7293 233382 696 57.9346 5.49642 550 1278.19 0.0063802
7293 238286 696 58.1607 5.63662 420 1272.66 0.00525201
7293 239687 598 66.7955 7.57147 1090 1394.89 0.00449019
7293 240995 576 64.2457 1.37425 -390 1219.62 0.00448532
7293 244001 610 66.9036 5.05883 -400 1463.42 0.00644323
7293 246782 674 61.0864 2.74436 390 1374.51 0.0064198
