7368 6316 662 56.9444 3.85431 370 1256.71 0.00652826
7368 7881 696 65.4338 2.84249 -510 1357.1 0.0057016
7368 8784 610 59.9004 2.05403 -510 1150.49 0.00494592
7368 12149 664 60.5599 1.36243 720 1408.08 0.00443982
7368 13882 624 76.5478 1.53417 410 1570.3 0.00459888
7368 14690 626 64.7683 23.5652 7980 1175.32 0.00425691
7368 18718 644 65.8461 1.47549 560 1197.69 0.00483203
7368 25663 610 56.8087 3.36892 410 1165.43 0.00411711
7368 33469 674 73.0414 1.61863 550 1351.33 0.00454759
7368 33921 640 57.3645 4.23971 600 1131.64 0.00455552
7368 39522 624 68.5314 1.92363 350 1792.06 0.00513214
7368 41424 608 58.085 6.53189 650 1415.13 0.00551025
7368 44436 690 65.2868 1.21714 580 1268.36 0.0043755
7368 49702 610 65.4827 4.71942 -390 1721.19 0.00650893
7368 54775 644 59.376 1.86044 480 1207.95 0.00506384
7368 59755 674 62.2275 2.49904 600 1333.58 0.00570067
7368 66432 662 65.0258 2.13576 510 1377.02 0.00531636
7368 97342 608 73.0026 1.21944 -560 1449.76 0.00461347
7368 99183 644 73.1988 4.69329 380 1826.38 0.00655998
7368 99882 674 59.4748 8.69046 490 1287.82 0.00703019
7368 102752 610 57.7797 3.25592 440 1339.84 0.00583509
7368 105771 662 74.9261 1.61038 -540 1506.66 0.00450867
7368 107794 664 64.1441 1.85879 -560 1352.52 0.00497883
7368 110059 610 63.2538 2.40933 -490 1279.97 0.00530355
7368 113320 646 67.5348 4.74206 430 1348.42 0.00442364
7368 116111 642 63.1077 2.87286 390 1167.58 0.00585428
7368 117538 598 57.1212 7.38368 780 1212.61 0.00465348
7368 118989 598 64.0277 2.53073 -570 1291.74 0.00587646
7368 122658 696 75.8566 1.33632 -620 1386.41 0.00432262
7368 126578 644 61.7633 4.11119 440 1460.57 0.00617877
7368 134461 576 73.0499 1.2641 450 1654.22 0.00433111
7368 137221 640 71.3209 8.38229 490 1653.67 0.00608654
7368 139227 674 75.2382 1.14144 -550 1617.72 0.00418568
7368 142370 642 65.3739 3.371 520 1380.76 0.00493799
7368 142449 674 57.669 1.34106 600 1219.47 0.00444043
