7307 1891 644 75.7996 1.99757 -450 1686.31 0.00520083
7307 2395 664 69.4288 2.37899 520 1377.67 0.00563276
7307 6548 624 58.0071 23.685 8270 1049.68 0.00418009
7307 9346 696 63.7673 1.74722 -370 1624.08 0.00454839
7307 12651 646 58.0437 32.3478 7120 1096.69 0.00418671
7307 13203 642 75.2392 9.53459 550 1634.04 0.0064835
7307 14049 674 76.5922 4.104 530 1691.88 0.00706082
7307 22359 696 57.4554 6.93997 800 1321.3 0.00465339
7307 23054 664 75.4879 1.33544 -800 1298.31 0.00430417
7307 24581 640 73.8928 1.18117 500 1572.13 0.00401341
7307 29880 664 61.3646 1.6245 -620 1165.98 0.00467411
7307 31433 600 74.8282 4.18279 540 1612.97 0.00434011
7307 31739 576 71.7071 1.39937 -480 1662.5 0.00466655
7307 38200 646 65.9793 8.8727 1180 1560.46 0.00606324
7307 44640 608 67.0446 3.11116 -390 1562.48 0.00713524
7307 48824 696 57.0112 3.48794 -430 1136.32 0.00614323
7307 49345 674 58.9188 1.38606 -360 1225.11 0.00469057
7307 53694 674 68.4483 1.94815 560 1240.62 0.00521417
7307 57403 674 57.8805 4.59015 380 1362.69 0.00734651
7307 58238 690 72.9397 1.92064 -240 1881.66 0.00521298
