7370 2252 674 59.388 2.38709 390 1455.94 0.00564235
7370 12524 576 60.6976 2.98785 760 1114.45 0.00424751
7370 15911 598 72.5706 5.16039 520 1502.55 0.00456428
7370 19317 576 57.81 5.11435 570 1143.39 0.00534901
7370 20421 600 63.9998 7.14526 470 1418.99 0.00602465
7370 35239 646 73.5506 5.64429 1520 1424.95 0.00455166
7370 36495 642 59.0875 2.20304 430 1092.05 0.00523567
7370 38530 626 73.3778 1.88281 380 1737.14 0.00502728
7370 38632 598 64.9372 3.0684 -430 1598.85 0.00414362
7370 44495 576 76.0246 4.84431 -380 1831.56 0.00714373
7370 45419 598 67.6551 1.34805 430 1414.51 0.00458632
7370 46784 646 66.302 3.13904 -420 1249.73 0.00578195
7370 49861 662 65.8947 3.64939 -610 1430.16 0.00599745
7370 51811 696 70.3235 1.90242 -930 1506.19 0.00489648
7370 54077 626 68.9355 22.7554 7470 1237.51 0.00531457
7370 57359 640 69.5366 3.18552 340 1785.75 0.00597944
7370 60006 626 63.9537 18.9823 2010 1440.04 0.00529813
7370 62073 696 61.5007 1.86792 -480 1129.84 0.00521039
7370 62900 624 69.4569 2.60601 -410 1485.44 0.00550557
7370 65709 690 57.5749 6.60851 790 1249.11 0.00752247
7370 71572 696 70.3997 2.63938 330 1595.43 0.00549389
7370 73379 688 68.9425 2.93493 570 1412.03 0.00634728
7370 75102 598 57.1167 10.577 810 1306.4 0.00597906
7370 75134 624 60.6367 11.3784 1110 1204.12 0.00523775
7370 88273 644 72.962 2.04395 450 1693.28 0.00517032
7370 88655 610 75.3467 1.13882 330 1354.35 0.00414633
7370 101927 674 59.1508 6.55541 690 1366.85 0.00532516
7370 103847 690 59.5078 6.02897 980 1430.27 0.0045034
7370 106132 640 74.8121 2.83643 520 1495.8 0.00628046
7370 107993 662 62.8859 5.28164 490 1278.37 0.00682295
7370 114640 696 69.8276 2.35947 570 1521.51 0.00528391
7370 116381 664 72.2865 2.51513 480 1579 0.00557833
7370 117367 642 61.3623 2.00479 380 1431.75 0.00426687
7370 118477 626 57.6585 10.9115 1510 1045.71 0.00411604
7370 119645 674 69.0452 5.23844 740 1721.38 0.00685483
7370 122427 690 62.261 1.14932 350 1681.77 0.00435646
7370 132904 640 66.2602 3.05761 620 1408.52 0.00419521
7370 133334 690 59.5219 4.77162 690 1326.27 0.00477287
7370 134538 674 62.6028 1.47097 -450 1222.17 0.00473461
7370 134728 576 68.7246 5.38332 1080 1359.79 0.00450603
7370 138148 576 64.8776 4.62819 580 1584.35 0.00656749
7370 138516 598 68.2489 1.53332 910 1533.68 0.0040367
7370 142740 626 64.1983 1.5441 520 1229.46 0.00470729
7370 143000 576 64.6233 1.50767 -470 1355.62 0.00479316
