7519 2559 592 59.2677 5.95263 500 1640.15 0.0057776
7519 10355 626 68.7493 24.4298 6270 1272.59 0.00603199
7519 10466 674 70.8233 2.05083 360 1640.34 0.00542856
7519 12146 576 66.4899 13.939 800 1606.84 0.00747896
7519 12399 662 56.8336 5.46408 570 1112.22 0.00660855
7519 12810 576 75.363 2.36394 410 1974.35 0.00587157
7519 14976 576 74.3012 1.96608 450 1874.39 0.00549925
7519 24334 692 58.0523 3.26588 -440 1278.81 0.00598792
7519 26569 642 58.8519 5.69908 470 1283.8 0.00539023
7519 33648 664 61.6511 4.49592 580 1138.2 0.00479939
7519 34669 576 58.3994 28.0942 6700 1141.44 0.00414966
7519 39545 690 58.6652 2.14173 -440 1213.09 0.00574404
7519 40460 690 75.8377 2.72826 -470 1588.86 0.00621649
7519 41697 626 66.373 19.5602 4230 1293.5 0.00464891
7519 63577 592 66.5974 4.39401 760 1531.31 0.00454429
7519 65692 674 57.1026 10.0254 520 1311.91 0.00677033
7519 70435 600 57.4757 13.6658 700 1677.82 0.0101675
7519 73497 696 64.8585 2.37995 -720 1632.31 0.00536795
7519 75056 626 65.7438 21.3853 -2100 1456.24 0.0051598
7519 76163 592 75.4666 8.84244 680 1808.69 0.00762632
7519 83589 644 76.5384 1.56904 410 1868.41 0.00477698
7519 88883 642 67.2951 5.05636 730 1210.38 0.00464911
7519 91821 674 56.9098 1.91175 350 1219.82 0.00510523
7519 92161 626 71.5042 6.73653 560 1233.35 0.00572571
7519 94703 646 66.5903 11.8978 920 1372.7 0.00489335
7519 95452 696 75.1001 1.31213 670 1353.83 0.00419773
7519 98936 674 62.1225 1.70013 360 1213.05 0.00516218
7519 102857 594 71.6013 3.07157 -430 1747.93 0.00712754
7519 106718 662 65.6222 5.62714 -420 1446.7 0.00680752
7519 106913 674 63.9151 7.5009 -590 1328.59 0.0071984
7519 109388 576 61.7257 4.109 540 1339.93 0.00429785
7519 111324 642 61.6607 8.51192 660 1202.79 0.00542688
7519 112714 576 72.8576 6.16637 910 1523.6 0.00468671
7519 113164 674 57.6378 3.86259 -440 1282.7 0.00689248
7519 120524 642 62.1245 6.92939 510 1387.58 0.00542226
7519 122205 642 60.648 4.30519 570 1193.22 0.00469398
7519 130411 640 59.6315 7.55788 490 1354.42 0.00613436
7519 132215 662 75.4869 5.98951 500 1542.19 0.00748719
7519 132890 576 61.6149 7.59218 1110 1319.43 0.00492109
7519 137582 598 69.7938 3.34338 490 1511.43 0.00614695
7519 138355 644 59.0936 1.15236 420 1241.96 0.00410853
7519 143677 642 63.4673 3.98996 600 1331.95 0.00477628
7519 149833 640 61.4188 2.62484 -460 1232.86 0.00556914
7519 150103 626 62.9001 23.6489 2120 1303.25 0.00555504
7519 152351 674 65.4726 1.13268 480 1330.84 0.00418534
7519 159044 674 61.0737 3.24062 380 1579.88 0.00611061
7519 159957 600 60.226 6.82894 1080 1241.68 0.00446609
7519 162531 696 70.8454 9.63146 560 1716.21 0.00708301
7519 166525 640 65.2834 6.6314 690 1352.82 0.00628264
7519 168541 626 63.8275 28.3499 5760 1276.27 0.0051412
7519 173309 598 68.3043 1.11687 370 1834.83 0.00428835
7519 173675 674 65.6794 1.29663 370 1307.02 0.00470619
7519 176222 646 75.3701 10.2669 1590 1411.88 0.00563949
