7525 6995 692 57.5566 1.3636 -400 1274.77 0.00445518
7525 10204 644 63.469 2.42724 350 1345.42 0.00558633
7525 13519 626 67.237 19.6675 -4430 1005.14 0.00466187
7525 21468 576 70.0374 1.21139 860 1437.13 0.00447414
7525 29014 598 70.658 2.18213 -620 1456.69 0.00557828
7525 31229 626 61.4771 1.52034 -450 1198.18 0.00449842
7525 45754 610 58.1004 2.26999 430 1251.51 0.00536873
7525 46509 610 70.9803 8.05595 550 1710.94 0.00614295
7525 46765 644 76.0858 8.7899 1600 1588.94 0.0046326
7525 48900 664 72.1802 1.31112 -620 1329.38 0.00438105
7525 50422 688 71.1376 1.74491 380 1730.42 0.00492689
7525 52863 674 67.3592 1.76225 1000 1161.87 0.00494201
7525 54577 626 58.0386 27.6003 2710 1025.59 0.00426806
7525 56545 696 58.4792 6.27631 -460 997.231 0.00705531
7525 56764 662 66.0172 3.12549 -490 1468.29 0.00604813
7525 59126 640 67.027 2.1312 -430 1367.35 0.00530122
7525 60347 626 66.6475 20.2777 3330 1646.87 0.00408511
7525 70190 662 70.6494 2.55691 -540 1272.47 0.00581145
7525 72495 626 64.0918 21.1638 3370 979.016 0.00481283
7525 82934 674 57.6168 1.04563 -370 1029.84 0.00410622
7525 85632 626 59.3391 9.36805 1070 1265.19 0.00471843
7525 87833 674 76.4933 3.25304 -360 1640.63 0.00645721
7525 88897 610 70.6354 1.80659 -460 1407.55 0.00483009
7525 93476 690 61.3058 2.48618 400 1509.63 0.0056471
7525 100149 646 63.7082 2.79954 -600 1350.37 0.00585926
7525 101083 696 57.8201 1.16358 -580 1014.71 0.00409828
7525 102941 664 58.6819 3.81548 -560 1179.17 0.0060257
7525 103630 598 59.381 2.16076 -430 1155.43 0.00544092
7525 115939 600 60.8841 1.08164 410 1706.25 0.00433508
7525 123125 626 59.5354 1.7941 440 1103.49 0.00426259
7525 124163 576 58.9005 1.69594 -400 1472.6 0.00524614
7525 126364 640 63.3669 4.16743 500 1336.41 0.00650844
