7329 2202 594 74.0107 5.86308 520 1587.71 0.00585926
7329 3069 662 71.0779 7.46137 630 1581.48 0.00679711
7329 7125 626 73.8198 1.31692 -400 1712.28 0.00462938
7329 9023 610 57.4656 6.27968 960 1248.95 0.0075169
7329 10684 642 75.2594 5.42948 390 1852.47 0.0072387
7329 10751 626 75.4756 2.16204 -350 1702.59 0.00530121
7329 12295 608 75.4624 3.0658 370 1613.3 0.00649116
7329 20412 610 62.1044 5.31812 690 1232.42 0.00443145
7329 20900 674 67.3143 5.44774 -600 1454.89 0.00720175
7329 23316 662 59.5216 2.64843 450 1271.81 0.00552131
7329 24073 626 59.6889 24.1769 1280 1034.93 0.00545295
7329 24945 696 61.1094 4.30692 560 1146.83 0.00604973
7329 25491 692 61.0275 3.11519 440 1080.85 0.00547273
7329 29942 598 69.8555 6.8984 1390 1531.32 0.00452286
7329 37431 610 64.8565 1.37476 610 1209.27 0.00423859
7329 45292 594 64.2191 1.96405 440 1649.79 0.00595003
7329 47488 576 73.587 2.41894 -530 1477.58 0.00585571
7329 49674 598 58.22 5.78197 740 1209.77 0.0045721
7329 62808 696 74.8483 6.82456 430 1839.63 0.00609757
7329 64107 696 57.6192 4.18736 430 1273.9 0.00609454
7329 67094 674 58.6523 1.91632 -340 1287.19 0.00536443
7329 68042 674 65.1969 2.34891 350 1581.54 0.00563161
7329 76704 644 72.7874 1.13916 -590 1406.26 0.00409927
7329 76931 644 57.4747 1.20409 770 1391.94 0.00428688
7329 78576 576 59.4643 2.29001 310 1254.74 0.00569091
7329 88230 674 71.5663 3.63556 640 1614.26 0.00620775
7329 90379 642 61.0982 2.6099 480 1134.5 0.00589114
7329 90520 608 58.691 2.98633 470 1252.62 0.00428153
7329 94428 696 62.8017 3.09613 -550 1205.21 0.00604418
7329 98356 644 73.2243 4.50062 560 1423.99 0.00559702
7329 99280 662 67.7584 1.2563 -130 1203.72 0.0044845
7329 105074 644 76.1377 1.20391 -380 1508.57 0.00436931
7329 110702 644 73.5541 1.21119 -430 1540.78 0.00421278
7329 112623 696 62.0367 2.81569 610 1135.24 0.00547317
7329 117332 674 65.6843 5.49274 460 1501.59 0.00701872
7329 119413 576 69.7664 2.68676 420 1401.58 0.00615403
7329 121963 576 62.7909 1.03629 -350 1305.45 0.00409275
7329 125565 600 59.0757 3.07436 -380 1141.65 0.00664694
7329 129788 690 60.8917 3.17547 600 1557.38 0.0047254
7329 131066 624 74.1557 5.89624 520 1365.39 0.00502812
7329 131086 600 75.2954 3.47805 430 1584.35 0.00426453
7329 138626 644 62.2493 2.24635 -330 1624.07 0.00541251
7329 145901 644 63.7013 2.75992 -560 1205.5 0.00554247
7329 154039 610 65.5263 1.18761 450 1726.58 0.00403502
7329 157018 608 69.6848 1.96812 350 1678.31 0.00513991
7329 161692 626 60.9049 5.76369 710 1175.83 0.00432005
7329 163019 692 67.4683 13.2269 570 1472.51 0.00835154
7329 166160 608 64.4066 7.06529 510 1257.02 0.00643105
7329 166246 690 67.5838 1.87314 640 1232.99 0.00495663
7329 166430 598 62.8286 2.75973 -470 1593.17 0.00630486
7329 180798 696 64.0543 4.99344 560 1588.62 0.00609326
