7382 799 594 63.4888 1.03834 -380 1167.58 0.0043612
7382 3581 626 63.0091 22.518 -3750 1145.56 0.00559741
7382 4173 598 61.9558 1.8733 -360 1467.6 0.00548596
7382 8679 610 65.481 11.7608 820 1482.47 0.00565088
7382 9444 642 67.0706 4.78657 470 1269.06 0.00517582
7382 10010 598 74.0314 5.53897 740 1452.13 0.00472389
7382 21350 674 71.3649 7.89085 580 1648.61 0.00836604
7382 25192 674 59.5734 6.61765 590 1436.05 0.00701357
7382 33135 624 57.4695 30.5672 7640 1061.27 0.00406063
7382 45997 662 66.0141 4.3376 610 1378.27 0.00453954
7382 48327 642 72.3604 2.23085 -420 1610.14 0.00554434
7382 51435 696 58.1158 1.9875 620 1204.78 0.00451254
7382 54650 594 61.4889 2.45741 540 1303.83 0.00626902
7382 58595 594 58.9694 6.44181 1780 1398.41 0.00414155
7382 70357 674 72.0725 10.6045 670 1357.71 0.00803363
7382 71715 594 65.3632 1.0745 -530 1381.83 0.00440213
7382 75569 592 63.7282 9.75052 740 1654.96 0.00685256
7382 76799 576 58.8943 23.0024 -5110 912.796 0.00400336
7382 76923 626 59.1437 4.79012 -420 1393.31 0.00714444
7382 79676 592 59.1977 23.0784 -4570 1279.94 0.0041032
7382 82539 592 66.699 1.62664 -430 1413.79 0.00503487
7382 83242 626 68.4065 20.1289 7980 1181.77 0.00516416
7382 84081 696 70.9733 3.87606 -430 1628.37 0.00637537
7382 87970 644 58.7249 3.60514 -500 1267.32 0.00584973
7382 94713 598 76.2315 4.80688 1220 1658.31 0.00526915
7382 95306 576 68.9117 5.8251 480 1579.39 0.00617702
7382 96992 608 76.1454 6.57094 790 1716.47 0.00516473
7382 107729 662 71.8947 1.54383 450 1495.92 0.00428717
7382 110121 674 56.8851 1.95685 1250 1156.45 0.00479665
7382 121670 598 58.012 7.59425 1540 1418.39 0.00415841
7382 131890 624 60.1826 1.74427 -520 1323.74 0.0047898
7382 134836 696 57.2064 25.9067 2750 1085.34 0.00503811
7382 135509 576 75.7306 1.59719 400 1674.54 0.0048057
7382 139001 576 72.8597 1.16893 450 1543.41 0.00404939
7382 140162 662 76.4129 3.50071 710 1476.67 0.00401552
7382 143452 624 70.2747 5.10998 530 1539.19 0.00488641
7382 144952 576 65.9774 7.12889 520 1358.42 0.00566725
7382 153244 690 73.7631 3.15104 -740 1506.37 0.00646328
7382 158031 598 72.5053 1.08836 -420 1671.9 0.00413659
7382 158384 598 74.1418 5.75165 520 1478.33 0.00500174
7382 162818 662 60.001 1.58636 -380 1503.53 0.00492424
7382 164495 688 74.3768 1.98074 430 1872.95 0.0053592
7382 164545 576 76.5323 4.03282 -360 1816.8 0.00693326
7382 164747 626 62.9577 7.47051 570 1182.8 0.00528033
7382 165056 644 73.1066 5.79125 510 1364.09 0.0049035
