7360 5798 626 68.5356 15.8719 -520 1550.22 0.00843555
7360 8166 690 59.4045 6.06622 560 1077.79 0.00547475
7360 8397 626 59.9784 23.457 5240 1308.48 0.00488864
7360 11892 626 61.5726 25.2624 4510 1099.39 0.00559015
7360 14681 662 62.512 3.89776 -510 1124.9 0.00515341
7360 18167 610 60.4974 1.71879 750 1248.69 0.00419026
7360 21319 608 71.6065 4.97861 560 1354.2 0.00471221
7360 25457 674 61.4359 2.11712 -390 1408.86 0.00539525
7360 34817 626 61.093 3.04013 -380 1560.87 0.00584334
7360 36308 644 62.6589 1.98683 -420 1278.35 0.00505634
7360 39684 692 75.3467 1.38226 -360 1556.73 0.00402589
7360 48112 610 57.0285 2.66467 390 1113.91 0.00574603
7360 50826 592 64.4247 2.20871 -400 1420.69 0.00468143
7360 50966 690 71.1808 1.09624 380 1752.19 0.00417669
7360 64039 662 62.7987 3.37437 570 1203.46 0.00474799
7360 72929 644 58.2086 2.90726 400 1230.94 0.00564571
7360 74009 696 62.6669 1.60769 -730 1319.64 0.00463802
7360 75199 626 58.2109 16.4927 3240 1213.15 0.00507154
7360 79075 576 67.7693 4.26798 -430 1507.85 0.00684099
7360 82384 598 65.8123 5.03501 530 1601.1 0.00682048
7360 82961 690 63.8318 2.71856 -610 1335.9 0.005839
7360 83299 598 74.0391 7.1181 -520 1465.37 0.00750131
7360 85337 644 64.4076 25.75 2620 1205.4 0.00427783
7360 89644 576 61.3123 6.82405 770 1355.94 0.00517127
7360 89995 646 73.9452 2.59922 -570 1332.02 0.0051355
7360 90009 594 59.9514 6.24294 580 1268.45 0.00572863
7360 96303 690 70.0177 2.90728 440 1288.56 0.00589458
7360 96587 690 72.5765 1.4085 510 1631.12 0.004673
7360 96597 626 66.4994 19.2939 7190 1062.73 0.0046023
7360 99007 594 76.0027 5.15909 500 1506.23 0.00529722
7360 100614 664 62.3618 5.4569 790 1402.01 0.00666234
7360 104558 662 66.0986 4.73311 500 1629.29 0.0063193
7360 105243 626 67.0085 23.4312 3650 1401.9 0.00640343
7360 105948 608 63.503 3.48858 -360 1590.98 0.00736413
7360 111564 576 72.7849 2.8741 -390 1879.46 0.00669463
7360 125228 624 67.2468 1.16533 420 1376.44 0.00403792
7360 132902 598 65.6132 4.23732 550 1447.74 0.00448995
7360 136519 594 74.1728 1.31279 -430 1525.9 0.00485707
7360 136980 644 64.2169 2.77593 480 1239.73 0.00623772
7360 144207 626 60.0526 2.87748 360 949.51 0.0046197
7360 148789 576 68.0939 9.80352 980 1506.4 0.00608276
7360 151127 696 74.6242 1.80114 -810 1496.19 0.00500855
7360 158130 646 73.08 1.38152 -430 1491.49 0.00417026
7360 164504 662 71.0591 3.12355 390 1761.57 0.00601168
