7598 1833 576 58.3674 1.13604 -390 1367.13 0.00431363
7598 11173 674 74.5126 5.20227 -560 1587.84 0.00696952
7598 17156 642 62.1249 9.58215 1200 1228.65 0.00462334
7598 20278 696 61.6744 9.09681 -740 1242.69 0.00709461
7598 28185 640 63.865 3.77477 520 1182.16 0.00508602
7598 45035 646 67.2963 6.11447 710 1370.38 0.00409774
7598 45039 626 61.1755 19.1927 -5060 1245.39 0.00581973
7598 49347 600 64.4487 9.30466 760 1447.44 0.00499351
7598 49990 696 61.4377 2.78232 780 1569.67 0.00552612
7598 51680 662 56.7506 1.18014 460 1108.94 0.00425106
7598 51907 664 70.9773 5.51961 700 1442.06 0.00463582
7598 60804 692 58.8074 2.39642 340 1406.72 0.00549824
7598 62651 662 76.3135 3.06857 -520 1483.11 0.00609736
7598 64438 642 63.96 6.04955 510 1340.53 0.00520918
7598 65140 600 61.0648 3.16854 -360 1379.87 0.0064737
7598 71345 644 57.8854 2.93011 650 1096.14 0.00422796
7598 71814 688 74.6042 2.2744 420 1830.86 0.00580115
7598 76925 626 58.335 14.8671 1650 1087.54 0.00431345
7598 82844 674 65.5609 1.4682 -1040 1459.71 0.00464544
7598 84129 642 60.233 1.12172 460 1205.72 0.0040335
7598 84348 610 72.4525 1.82881 -450 1354.5 0.00492589
7598 84508 610 66.7882 12.5588 680 1642.86 0.00692048
7598 86385 674 69.9035 1.42675 410 1605.69 0.00456093
7598 88503 642 75.9191 1.34694 420 1531.08 0.00464458
7598 90315 646 69.4895 1.98588 -400 1570.14 0.00516157
7598 92023 598 67.5594 1.69171 -480 1243.39 0.00520431
7598 96200 640 68.4307 1.72853 380 1598.08 0.00494899
7598 100030 640 65.7291 9.17786 500 1368 0.00619265
7598 102265 696 61.8991 6.13161 -700 1248.81 0.00680157
7598 105771 598 59.472 7.15851 760 1279.1 0.00501181
7598 108076 692 66.5725 8.33485 460 1537.79 0.00665593
7598 108686 610 75.3698 10.1013 1230 1401.69 0.0055469
7598 110885 626 71.2186 7.45743 1050 1495.93 0.00565051
7598 112282 610 67.1148 2.46614 -550 1406.84 0.00540566
7598 114159 662 74.8494 11.0383 450 1385.29 0.00579571
7598 123164 696 65.6132 3.31432 450 1592.53 0.00593464
7598 123612 608 63.5776 1.58394 560 1327.36 0.00544453
7598 127300 610 56.8548 5.20324 990 1223.31 0.00437914
7598 130617 594 61.1861 31.9172 8640 1121.54 0.00417313
7598 141132 610 60.6551 1.89825 -530 1163.73 0.00488293
