7334 327 626 66.7552 1.93986 660 1579.76 0.00519798
7334 2350 696 60.3636 1.30056 -440 1232.66 0.00422668
7334 12686 576 66.5096 3.88826 530 1370.5 0.0047763
7334 14502 664 76.1738 2.14546 520 1358.53 0.00504652
7334 14970 576 70.9624 1.54758 400 1360.13 0.00515036
7334 18478 690 60.9741 1.14091 -390 1341.07 0.00419625
7334 19834 664 75.3277 1.3716 730 1707.51 0.00433407
7334 20383 674 71.491 1.1231 -550 1436.77 0.00434001
7334 21809 690 66.579 6.42495 470 1287.3 0.00593362
7334 28763 640 68.5266 4.60409 650 1415.03 0.00415131
7334 29239 692 67.062 15.6482 590 1429.74 0.00814354
7334 30313 626 63.539 4.70147 530 1224.62 0.00414548
7334 33374 664 60.5017 2.27846 570 1280.07 0.00554536
7334 33759 690 57.4643 1.46014 450 1542.31 0.00477666
7334 39280 688 72.7677 1.91759 -520 1403.33 0.00438205
7334 40721 664 63.1835 3.94758 520 1079.14 0.00608849
7334 43018 664 60.1933 2.79386 -470 1423.13 0.0055193
7334 45707 600 58.4594 3.24979 -540 1480.07 0.00647282
7334 47056 644 58.3048 1.78071 460 1262.75 0.00510996
7334 47160 626 59.1992 26.3434 7250 1198.19 0.00680288
7334 52839 696 62.4095 2.33306 380 1300.05 0.00540419
7334 53402 576 64.3311 1.91916 360 1328.96 0.00544071
7334 55446 674 57.7008 5.61494 430 1403.44 0.00686045
7334 58558 598 67.8782 1.40035 470 1412.75 0.00492831
7334 59436 662 57.2211 1.13974 -480 1197.81 0.00411037
7334 75168 674 73.1869 11.8809 370 1961.55 0.00838467
7334 76053 626 59.2894 20.1565 4340 1123.31 0.00520576
7334 76396 696 76.4519 15.3795 1130 1778.64 0.00640462
7334 80222 690 74.1483 5.62855 440 1744.58 0.00713927
7334 89846 600 57.3247 10.5379 640 1333.22 0.00863073
