7295 1164 674 62.8733 4.58649 390 1567.12 0.00708692
7295 8935 576 64.4906 12.0427 -500 1410.34 0.00590552
7295 12142 610 72.2567 2.06575 -370 1625.55 0.00542298
7295 21802 696 73.4936 1.9217 590 1413.71 0.00496319
7295 22485 592 61.5249 11.5489 620 1295.26 0.00969998
7295 22844 592 74.5637 2.62084 -450 1696.15 0.00577014
7295 23555 576 60.4064 1.40209 400 1234.96 0.00466279
7295 32302 598 60.6805 3.45504 510 1226.71 0.00436075
7295 34873 598 69.7137 6.05475 710 1463.78 0.0049994
7295 35449 624 63.998 8.5642 760 1137.65 0.00535446
7295 45690 644 73.7092 5.52659 480 1568.13 0.00534596
7295 53736 690 62.5821 2.72089 820 1303.28 0.00521562
7295 58346 592 67.8146 2.23698 440 1828.61 0.00612728
7295 66113 640 72.9977 6.25277 1050 1386.07 0.00435245
7295 69050 662 72.1846 6.95451 590 1379.65 0.00682352
7295 78860 624 64.1547 2.09815 480 1119.62 0.00502627
7295 79449 674 57.1244 2.71777 430 1355.5 0.00595298
7295 81622 664 72.7249 1.39759 -500 1541.73 0.00440753
7295 85106 610 67.6324 4.44314 560 1360.72 0.0047736
7295 85562 690 67.1823 3.96996 -720 1312.93 0.00622242
7295 87526 644 68.0329 1.12719 -540 1046.42 0.00418731
7295 87984 644 62.5837 1.47132 -390 1549.63 0.00467714
7295 91838 674 66.9795 1.53927 500 1543.75 0.00471861
7295 95984 644 61.2616 1.1498 340 1151.29 0.00415116
7295 98343 624 67.8244 3.60388 -390 1460.09 0.00610659
7295 104946 664 65.9045 3.15893 510 1383.23 0.00606578
