7332 60 576 70.5172 1.04989 560 1306.62 0.00403401
7332 1445 690 75.6394 5.22196 610 1354.52 0.00616246
7332 1652 610 64.9918 5.32275 440 1600.99 0.0064311
7332 2728 610 60.7605 2.40846 -810 1437.54 0.00533981
7332 5165 662 63.6244 4.57449 -500 1159.1 0.0067908
7332 5760 594 58.4769 11.7034 450 1369.62 0.00812055
7332 7611 626 65.5257 1.26867 540 1189.68 0.00430503
7332 10989 608 63.3032 2.97411 440 1425.83 0.00674541
7332 11600 688 70.7314 1.7557 -580 1492.92 0.00519674
7332 11791 674 66.8028 2.61281 -710 1591.15 0.00572702
7332 12159 594 71.7515 7.34794 550 1444.53 0.00637107
7332 15994 576 68.5225 1.02492 450 1707.42 0.00408858
7332 16270 626 63.7163 11.9231 460 1533.2 0.00753422
7332 20921 640 56.7342 2.04749 560 1195.81 0.00490136
7332 23662 608 61.6064 2.86745 -410 1551.28 0.00659714
7332 32340 624 65.2574 2.55769 390 1160.31 0.00484436
7332 39471 646 70.9346 2.35661 460 1454.05 0.00585834
7332 40632 624 58.2946 4.26296 510 1294.22 0.00453301
7332 50033 692 59.792 1.82908 380 1490.2 0.00519927
7332 50457 624 73.2646 3.0664 -380 1345.6 0.00611642
7332 52524 664 72.448 1.99331 -700 1468.06 0.0050343
7332 63409 642 68.1654 1.27643 -400 1149.58 0.00446689
7332 69883 626 57.2683 1.7881 6400 1976.92 0.00759035
7332 72779 598 62.8472 2.68192 580 1273.77 0.00621328
7332 85549 626 69.661 4.17775 510 1460.77 0.00659698
7332 85836 690 67.4888 3.90967 480 1424.26 0.00488211
7332 90968 610 59.8343 29.148 7140 1113.57 0.00423816
7332 91534 600 68.2621 1.06074 -430 1716.44 0.00440943
7332 95411 592 66.3521 16.0188 510 1359.46 0.00901404
7332 101389 674 72.9315 8.49372 490 1614.75 0.0072905
7332 113138 674 57.4632 1.2666 -360 1254.73 0.00454588
7332 123704 610 71.8335 3.61503 480 1539.17 0.00423549
7332 124340 674 57.3435 6.3736 -530 1365.66 0.00697591
7332 124583 626 67.1085 14.3147 1340 1271.72 0.0044741
7332 126929 688 70.6414 4.29843 740 1265.43 0.00421681
7332 128368 696 63.3856 3.50108 430 1217.54 0.00475431
7332 130883 664 66.415 2.79572 440 1342.88 0.005629
7332 134635 688 59.3178 1.77716 460 1099.57 0.00509171
7332 137827 576 69.2678 5.39159 1050 1345.36 0.00414968
7332 138124 644 70.0531 2.68146 350 1423.99 0.00573598
7332 141780 644 68.5999 6.27723 700 1337.24 0.00598556
7332 142195 600 57.5743 1.78317 -280 1551.1 0.00536893
7332 142638 626 72.8003 20.9784 8260 1205.55 0.00450616
