7324 1434 662 65.3739 5.10938 620 1612.78 0.00668822
7324 5291 576 63.2816 3.89083 550 1322.77 0.00470279
7324 8020 674 72.9719 4.00343 660 1812.03 0.00659312
7324 8818 642 57.1528 5.20549 620 1186.61 0.00480904
7324 11017 624 74.14 1.3891 350 1410.39 0.00436084
7324 17748 640 71.7168 3.72923 430 1554.41 0.00610538
7324 18380 662 74.4817 2.13304 -630 1310.67 0.00540156
7324 23518 576 69.6768 5.53734 940 1399.18 0.00529183
7324 29572 642 73.8002 7.74129 970 1452.7 0.00448034
7324 31798 576 60.8003 6.36601 510 1266.07 0.00567534
7324 32225 594 58.4924 2.1115 390 1211.12 0.00595944
7324 34450 664 62.6481 1.39726 -400 1602.69 0.00429004
7324 36385 664 74.1968 1.71643 420 1394.68 0.0046212
7324 44601 598 72.9454 5.97911 730 1531.59 0.00461064
7324 61733 642 72.649 7.01378 930 1414.18 0.00462925
7324 62063 690 62.1837 1.60081 550 1056.95 0.00492533
7324 67880 626 59.7262 24.8633 8650 1008.49 0.00498504
7324 76067 662 65.2721 5.09725 570 1323.17 0.00468749
7324 81768 576 74.3147 6.29116 -380 1285.22 0.0073915
7324 91535 626 57.3604 21.6975 7810 1077.52 0.00515861
7324 96688 662 76.6973 3.67277 540 1343.81 0.00415415
7324 96885 576 65.1756 2.03514 460 1406.85 0.00562801
7324 99371 576 64.1273 4.23273 -380 1529.97 0.00702377
7324 104505 696 67.7696 1.82242 -260 1470.26 0.00462633
7324 107151 674 61.1963 1.51494 380 1315.64 0.00416509
7324 114856 664 58.6135 3.08977 -430 1090.65 0.00466125
7324 117695 642 65.1074 12.1867 1080 1498.71 0.00635471
7324 119274 692 58.3052 8.25885 450 1194.79 0.00717449
7324 128470 626 64.86 3.35431 410 1393.36 0.00581483
7324 137796 626 71.861 1.51532 570 1287.32 0.00435181
7324 139024 598 60.0677 1.04023 480 1403.55 0.00425062
7324 140027 696 60.0267 6.02468 -920 1467.88 0.00625159
7324 141043 688 59.7287 3.10304 460 1269.58 0.00577319
7324 141916 624 60.8353 3.25528 470 1211.29 0.0040353
7324 146880 664 71.9577 3.64237 -490 1466.59 0.0059932
7324 149977 674 75.9452 1.74234 -210 1902.99 0.00441366
7324 150274 600 61.3643 1.88683 560 1387.72 0.00585481
