7297 2183 576 64.5054 10.618 460 1816.44 0.00784557
7297 2211 626 57.5548 15.1748 2860 1317.42 0.00533578
7297 12806 594 63.0861 12.077 520 1390.22 0.00906216
7297 18759 594 59.2982 2.40214 480 1451.98 0.00619137
7297 20317 690 62.9564 6.042 670 1394.68 0.00680556
7297 22312 674 58.273 1.80658 340 1175.13 0.00430152
7297 26836 608 59.4594 4.84505 520 1268.14 0.005332
7297 30539 662 76.6617 5.59241 470 1457.25 0.0066703
7297 40660 626 59.3746 19.8222 -1590 1115.38 0.00450698
7297 41448 624 72.7848 8.33909 450 1429.88 0.00613532
7297 56272 674 66.5296 3.15604 690 1168.99 0.00641482
7297 56690 610 67.7939 3.27556 540 1442 0.00407006
7297 61946 576 57.188 28.6624 -4390 1010.05 0.0043604
7297 62922 576 70.0401 8.79182 870 1420.95 0.0053772
7297 62995 576 59.2306 2.55317 430 1266.34 0.00562798
7297 66142 662 72.4398 7.45658 600 1454.1 0.00555591
7297 67414 692 58.6606 6.48203 870 1137.05 0.00446422
7297 69832 662 64.6751 1.24184 370 1421.78 0.00437572
7297 70835 674 61.7206 2.8033 440 1298.78 0.00625706
7297 74285 642 71.671 10.2328 1040 1482.13 0.00534692
7297 84029 640 62.9182 2.41003 500 1466.78 0.00555603
7297 86192 576 64.1757 2.35645 710 1571.91 0.0061201
7297 90206 674 71.4947 14.2529 770 1700.96 0.00799914
7297 96413 626 63.5525 16.2713 -2490 1065.45 0.00440049
7297 99784 576 58.1213 10.9441 650 1237.75 0.00728005
7297 101431 624 64.8659 7.82095 580 1140.57 0.00536391
7297 109247 600 64.9306 1.26588 -440 1290.73 0.00418697
7297 110446 626 65.2627 20.5856 5390 1028.65 0.00421489
7297 111706 696 57.0243 12.0309 650 1151.52 0.00625387
7297 113389 624 58.1638 23.6394 2520 1328.34 0.00539532
7297 120795 690 75.563 4.06844 450 1335.54 0.00496421
7297 121513 674 59.3117 9.93602 -470 1628.95 0.00803687
7297 123777 598 65.7993 1.35899 390 1549.48 0.00463075
7297 125749 624 72.0417 6.51913 570 1369.46 0.00552901
7297 128434 598 66.8893 1.74531 -690 1669.53 0.00533722
7297 128596 640 63.7868 7.86269 940 1399.37 0.00503721
7297 131940 576 61.9097 3.24864 570 1185.37 0.004701
7297 137032 592 58.5036 21.0913 8680 1120.47 0.00459202
7297 140203 696 57.4847 5.79536 -440 1206.76 0.00651521
7297 140289 576 62.1913 5.07894 720 1172.18 0.00508272
7297 144558 662 72.7592 1.71539 480 1499.94 0.00437192
7297 145563 690 66.3213 2.34938 -640 1432.72 0.00424072
7297 147118 696 65.8751 8.29212 400 1453.44 0.00605781
7297 160459 626 59.1509 20.9589 -3300 1115.72 0.00419879
7297 162893 576 58.1393 10.0865 660 1214.52 0.00701108
7297 165446 610 65.8557 1.65103 -300 1029.66 0.00410746
7297 167032 594 69.8787 2.04803 -280 1759.79 0.00568606
7297 167644 644 73.7388 3.41942 800 1667.39 0.00642137
7297 169745 626 67.2446 20.1348 6830 1239.98 0.00430425
7297 170539 674 68.4337 2.46403 -840 1627.88 0.00576684
7297 189843 594 68.2147 37.3339 4820 1297.42 0.00422105
7297 193050 640 75.2048 6.04706 950 1509.97 0.00410683
7297 200461 576 68.5045 5.80162 410 1308.38 0.0052984
7297 202317 662 60.1379 1.29164 470 1308.57 0.00425854
7297 206337 664 57.3959 8.29794 1210 1085.46 0.00473117
7297 210347 688 59.0829 1.95868 570 1250.61 0.00526485
7297 211263 610 73.2201 2.15642 -430 1709.72 0.00523568
