7528 1326 626 58.5019 18.818 2080 1139.05 0.00496971
7528 4425 598 59.9678 5.55061 530 1460.62 0.00538351
7528 16356 598 76.405 3.21057 -660 1918.67 0.00620589
7528 23724 674 73.3972 1.06329 900 1505.57 0.00400015
7528 25304 626 57.3633 21.7714 -2200 1164.69 0.00454493
7528 34006 662 63.2906 1.46258 360 1224.87 0.00488698
7528 39845 598 62.9653 9.6798 1170 1313.03 0.0054133
7528 42434 662 73.373 7.41679 530 1685.08 0.00631518
7528 47118 640 66.4978 27.1658 4220 1031.45 0.00400351
7528 48232 674 74.6524 2.40302 -460 1633.78 0.00634417
7528 48397 610 57.1105 1.40192 380 1047.79 0.00443482
7528 66153 674 68.6554 1.41028 -390 1482.6 0.00478786
7528 69523 576 57.1317 3.9929 390 1342.33 0.00689895
7528 79172 642 65.1504 4.27508 520 1214.43 0.00458593
7528 79652 626 59.5019 10.1915 450 1241.57 0.00742284
7528 85640 592 68.6067 7.32078 560 1386.82 0.00610628
7528 89874 662 63.2473 1.35717 530 1077.18 0.00455154
7528 97602 626 61.2979 27.9414 7820 959.622 0.00437596
7528 100265 610 73.2151 1.74098 690 1441.34 0.00480885
7528 107346 690 62.5877 1.34289 410 1414.71 0.00471498
7528 119992 640 76.1563 4.36209 370 1822.94 0.00668077
7528 125611 696 68.8179 2.78144 470 1445.8 0.00557558
7528 137819 674 73.1491 1.22825 -810 1698.42 0.00446496
7528 138959 598 60.1106 3.0784 450 1305.51 0.00412323
7528 152842 626 70.9219 6.61665 680 1252.97 0.0045388
7528 170498 646 70.3357 4.07682 680 1287.34 0.00426313
7528 177324 608 73.8797 1.33571 560 1338.49 0.00512011
7528 180458 640 72.6598 3.85513 420 1363.88 0.00452778
7528 199485 608 67.3569 6.44899 570 1427.41 0.00520845
7528 200372 598 59.2625 6.06692 1340 1126.47 0.00432145
7528 202677 626 66.3394 3.77886 760 1182.51 0.00415684
7528 204184 674 73.7628 2.12045 560 1351.22 0.00580292
7528 218162 646 59.3351 8.14475 930 1278.86 0.00439769
7528 224981 662 70.5099 6.26284 650 1429.07 0.00651177
7528 239436 598 59.5817 4.75143 790 1186.39 0.00592715
7528 248958 598 69.292 5.57962 520 1488.52 0.00547411
7528 252270 674 75.612 7.94814 660 1512.72 0.00504169
7528 262597 690 70.2177 1.53596 -730 1568.93 0.00416651
