7400 936 696 67.7655 2.36698 910 1358.62 0.00531706
7400 1918 598 69.4167 3.77433 520 1258.36 0.00433685
7400 9206 624 66.2173 4.6848 590 1418.62 0.0044218
7400 10298 576 72.1296 1.94634 340 1889.72 0.00533305
7400 12774 624 65.904 5.61653 710 1156.98 0.00520606
7400 14864 662 61.5922 1.75245 -450 1326.06 0.00497953
7400 24072 664 62.8713 12.4339 -600 1290.53 0.0073248
7400 24719 626 63.5535 18.7741 -4620 1145.2 0.00405544
7400 26734 688 65.9314 7.11071 560 1338.69 0.00614476
7400 28027 576 59.306 6.78642 440 1485.99 0.00579304
7400 35272 608 64.0653 7.22525 -460 1510.13 0.00816664
7400 35659 626 57.4969 20.2798 3540 996.171 0.00543617
7400 36359 642 59.4447 5.63595 650 1202.36 0.00632619
7400 37958 674 57.7905 1.25324 -500 1211.86 0.00429136
7400 41273 688 74.992 5.82188 -490 1339.25 0.00719897
7400 42444 644 62.1984 1.9112 610 1030.96 0.00473625
7400 42882 624 72.9142 5.96255 -600 1202.5 0.00453032
7400 43502 624 75.3762 1.58959 340 1837.51 0.00483163
7400 48063 662 72.5059 1.8519 370 1785.24 0.00509901
7400 50765 662 75.8313 1.70235 400 1853.67 0.00514788
7400 51132 674 70.582 8.05889 370 1670.79 0.00790395
7400 61295 674 59.0527 10.0074 600 1248.69 0.0074014
7400 66497 690 71.9809 5.19272 670 1400.93 0.00502998
7400 72522 662 59.286 1.15804 -440 1388.05 0.00416667
7400 75001 696 75.921 3.95911 -940 1448.1 0.00571996
7400 76101 662 68.6868 1.06644 510 1088.49 0.00402806
7400 77017 644 58.5169 23.9055 5570 962.291 0.00416183
7400 77720 642 64.2795 2.12113 -540 1341.32 0.00527481
7400 80322 576 64.171 6.87825 1240 1422.62 0.00478721
7400 81808 626 59.2277 2.18422 -430 1136.36 0.00469692
7400 81855 600 63.2687 6.21075 510 1468.58 0.00611075
7400 88643 576 72.489 10.7971 530 1636.77 0.0068572
7400 89151 664 62.4851 1.15585 330 1433.13 0.00438485
7400 89521 576 62.1823 2.4901 520 1389.53 0.00401803
7400 100695 610 65.4939 6.46989 570 1368.99 0.0051764
7400 102206 696 63.7538 2.33636 -380 1200.54 0.00542828
7400 109590 600 71.349 8.04241 -410 1626.18 0.00825247
7400 114370 664 74.8688 6.25566 610 1533.47 0.00769436
