7553 7203 696 73.1847 1.65766 -560 1476.81 0.00466457
7553 11816 576 66.1438 3.23025 600 1424.05 0.00407238
7553 12494 674 74.2269 3.07959 390 1857.34 0.00597233
7553 21203 598 71.9855 3.19048 610 1387.66 0.00618281
7553 21298 624 67.5077 6.56252 580 1262.01 0.00533691
7553 21778 646 61.1724 1.87089 480 1287.38 0.00508992
7553 22515 642 73.7632 3.76038 590 1538.13 0.00460341
7553 25052 626 59.9828 2.78644 520 1100.37 0.00465758
7553 26100 662 59.8008 2.66963 -390 1297.37 0.00489835
7553 43828 640 74.5328 9.40466 830 1662.64 0.00475546
7553 47397 692 58.0464 3.44569 460 979.996 0.00402394
7553 49750 696 61.389 1.84213 -470 1187.11 0.00472806
7553 51915 624 64.7262 9.62968 980 1375.42 0.00507325
7553 53832 626 57.9771 2.23327 -460 1138.48 0.00543618
7553 55929 674 57.6705 1.55882 -400 1081.58 0.00496705
7553 59812 692 64.9551 4.05885 550 1238.06 0.00461857
7553 62827 696 62.8086 1.26845 -490 1332.94 0.00416105
7553 69141 690 72.9726 4.71838 480 1515.22 0.0060586
7553 82927 640 75.7445 6.12185 740 1558.4 0.00486955
7553 85324 626 64.347 25.7478 2290 1196.54 0.0045816
7553 86205 674 76.4565 12.7511 460 1857.77 0.00816785
7553 99074 640 61.3548 6.28819 950 1351.6 0.00472987
7553 101756 664 59.3213 3.65603 570 1013.23 0.00427334
7553 102517 688 60.211 1.20281 -490 1180.22 0.00439735
7553 107931 690 67.8722 8.78594 470 1500.83 0.00656626
7553 126238 674 65.6683 11.4845 -490 1458.86 0.00798139
7553 132714 690 64.211 1.0219 -450 1423.69 0.0040692
7553 143139 640 62.7069 4.27238 480 1183.01 0.00511675
7553 143897 688 61.1472 1.14335 -370 1282.73 0.00421708
7553 144073 696 75.1891 2.02829 730 1662.73 0.00524174
7553 149529 576 72.5132 2.30638 350 1539.4 0.00583687
7553 151305 608 68.367 1.90705 370 1717.15 0.00566674
7553 151858 692 63.8966 10.8153 640 1073.07 0.00565973
7553 152670 626 64.4095 30.8586 3540 1050.84 0.00402445
7553 153400 608 58.4319 2.4567 620 1371.02 0.00451551
7553 159159 576 66.2579 1.43187 410 1583.33 0.00465303
