7559 8747 598 61.9813 4.37977 -460 1582.15 0.00720937
7559 11709 576 70.7267 2.09325 -530 1440.78 0.00524484
7559 20539 674 62.3208 4.88808 -590 1257.34 0.00679325
7559 21286 662 61.5766 1.72934 -360 1411.96 0.00513243
7559 30600 696 64.1334 1.68137 -510 1518.09 0.0047023
7559 31888 662 64.2573 1.35757 400 1626.96 0.00450192
7559 36515 644 62.1 1.71353 590 1156.87 0.00403824
7559 37194 696 61.6915 1.38546 330 1113.24 0.00421533
7559 37706 624 66.8007 9.55387 500 1266.44 0.00628932
7559 37745 600 67.1453 1.2463 560 1197.96 0.00465446
7559 39098 610 58.0907 2.42013 -550 1095.37 0.00533369
7559 39880 674 62.7255 1.45509 370 1285.46 0.00469028
7559 57822 576 58.9036 6.30432 1060 1196.22 0.00424365
7559 63799 608 57.4838 7.71228 460 1546.7 0.00861839
7559 69343 624 74.2429 5.11771 830 1404.9 0.00413592
7559 75526 626 75.3231 16.2388 -4450 1388.68 0.00427674
7559 77701 624 59.7345 12.8657 -450 1268.86 0.00752757
7559 83705 598 64.646 6.87136 1140 1360.86 0.00442042
7559 83740 662 63.1747 1.49071 830 1185.85 0.00415712
7559 85211 626 65.3153 9.49723 670 1318.75 0.00590348
7559 88032 644 64.8011 3.288 -400 1386.09 0.00597577
7559 89852 662 67.4685 7.72749 670 1524.4 0.00535879
7559 101643 644 61.6243 1.11204 -310 1429.15 0.00411364
7559 104524 610 69.5387 2.36064 -620 1463.98 0.00520537
7559 108987 624 60.9739 5.05211 640 1492.25 0.00674559
7559 109946 640 61.4349 1.50469 -400 1366.96 0.00466489
7559 111851 610 66.4185 8.96165 540 1493.05 0.00756266
7559 113672 640 57.0681 1.5422 -350 1375.68 0.00468694
7559 117976 576 66.2707 4.70372 -430 1413.72 0.00685463
7559 119823 576 70.7789 5.2774 -450 1640.44 0.0073984
7559 133337 610 74.2594 10.2168 930 1121.68 0.00415941
7559 145452 644 71.8714 8.94189 590 1757.11 0.00612745
7559 147197 674 64.309 5.82624 -560 1604.12 0.00715834
7559 148528 624 58.3654 6.31473 1370 1243.65 0.00421547
7559 149633 626 68.1847 15.9871 -4520 1128.61 0.00475968
