7437 5556 624 59.5693 21.2421 -4600 1355.53 0.00476944
7437 11447 662 63.589 5.09546 400 1367.74 0.00656575
7437 12841 610 69.194 6.46995 1360 1444.98 0.00443446
7437 15994 576 61.1593 8.0717 660 1362.32 0.00556784
7437 16081 592 68.7486 6.75775 450 1567.93 0.0079313
7437 16979 600 68.3131 7.69497 710 1449.19 0.0056851
7437 17462 640 61.6846 1.99076 390 1346.27 0.00519356
7437 18964 610 56.9371 2.70426 -550 1080.26 0.00556172
7437 32473 640 59.3775 3.75457 -410 1191.11 0.00618411
7437 32519 692 64.2234 6.85919 660 1307.7 0.00456979
7437 33738 674 69.8831 3.39568 530 1531.51 0.00642493
7437 34803 690 76.033 2.88634 350 1647.83 0.00621623
7437 37033 610 62.8117 3.38528 -770 1501.6 0.00597637
7437 37498 610 63.2051 8.87338 1120 1501.97 0.00549101
7437 48807 600 69.7177 2.3856 -630 1714.97 0.00590216
7437 51749 674 58.1022 1.26671 -340 1249.39 0.00445293
7437 58831 696 72.2082 1.3253 620 1344.99 0.00442834
7437 58942 600 72.6864 6.66153 590 1611 0.00527317
7437 64290 662 60.6655 7.94723 1060 1311.69 0.00620616
7437 66228 610 59.4044 2.64445 -580 1250.73 0.00535251
7437 67826 610 66.5216 5.53699 520 1440.07 0.00500664
7437 69023 646 72.3757 9.62423 1050 1203.44 0.00571796
7437 77178 592 72.372 7.23948 760 1397.72 0.00527291
7437 80005 674 57.1513 3.73796 720 1352.47 0.00612759
7437 83287 674 58.9385 1.78992 340 1195.53 0.00499462
7437 85736 688 60.5978 4.41274 410 1262.87 0.00463136
7437 86527 696 60.9509 2.48992 -390 1158.42 0.00551288
7437 87261 642 66.7908 6.87654 610 1274.54 0.0046073
7437 94029 576 62.4727 3.00341 620 1361.27 0.00546619
7437 105818 664 66.7748 1.36425 370 1409.16 0.00438339
7437 106914 696 64.3226 1.74932 440 1283.96 0.0048076
7437 110307 662 67.812 3.63572 510 1305.69 0.00508133
7437 114035 600 67.4899 3.36951 440 1551.79 0.00646793
7437 114371 674 71.5307 2.74399 400 1828.28 0.00602417
7437 117767 664 57.2012 5.27185 800 1281.3 0.00441643
7437 120717 674 64.6229 7.67337 540 1521.73 0.00719421
7437 121533 592 62.6263 7.7272 670 1378.21 0.00573692
7437 123445 646 76.5784 4.32136 520 1428.53 0.00443473
7437 127015 624 64.0188 1.35496 510 1258.87 0.00462721
7437 130066 640 62.1599 5.35017 740 1291.82 0.00443051
7437 136541 644 71.9144 5.86156 400 1592.77 0.00668158
7437 139867 626 58.3529 15.1679 -1060 1078.95 0.00435389
