7412 851 674 73.9618 2.92362 450 1670.05 0.0052015
7412 8528 696 66.1834 1.58909 -350 1312.39 0.00470303
7412 22792 624 71.6556 4.07424 -440 1429.76 0.00620754
7412 23888 646 74.6045 5.59095 870 1778.91 0.00421544
7412 25779 576 62.1328 3.28912 490 1265.82 0.00577674
7412 29255 610 61.8745 19.0722 -5040 1071.76 0.00421518
7412 30144 624 69.9443 7.4149 730 1267.81 0.0053178
7412 38397 662 64.639 4.33434 -400 1497.45 0.00676329
7412 39411 696 73.4284 9.5977 420 1796.87 0.00710562
7412 42436 696 65.1101 1.30946 -390 1303.8 0.00433074
7412 50491 696 74.9413 4.48633 520 1639.73 0.00440379
7412 52752 608 73.4381 1.70222 -400 1901.93 0.00560959
7412 56617 600 74.5784 5.88676 -410 1678.53 0.00757864
