7585 5908 626 68.306 22.779 -2530 1281.06 0.00503561
7585 15682 688 68.7285 1.04545 490 1480.38 0.0040213
7585 16260 692 67.5226 1.0131 -400 1264.56 0.00405013
7585 23555 610 74.3481 4.00427 600 1460.04 0.00428578
7585 24253 626 57.8361 23.8539 1300 1046.98 0.00571745
7585 29348 576 66.4562 6.66938 660 1448.09 0.00493634
7585 30421 626 73.1836 13.8341 -510 1830.58 0.00822059
7585 31530 696 67.256 2.8554 820 1487.7 0.00572197
7585 32517 696 72.2691 4.33102 -440 1442.02 0.00679446
7585 34954 640 67.0961 8.60969 460 1476.05 0.00614006
7585 37039 600 64.1921 1.91517 420 1347.23 0.00564563
7585 39823 626 57.3891 16.3972 -4990 1049.47 0.00451436
7585 43610 576 67.158 6.85896 750 1327.05 0.00494701
7585 43703 690 60.3341 1.41995 350 1421.25 0.00415623
7585 49752 642 64.8648 5.65946 770 1186.21 0.00444213
7585 50904 598 62.2939 6.11026 -500 1385.74 0.00707212
7585 54035 674 68.8125 7.07856 -430 1679.16 0.00770477
7585 56337 644 57.6979 7.2087 490 1221.07 0.00513342
7585 60183 644 69.8471 7.25157 570 1359.58 0.00565953
7585 77389 626 57.77 16.5842 1350 980.328 0.00472953
7585 86815 600 61.6771 10.3305 1380 1440.5 0.00726096
7585 91448 600 60.9391 1.52869 -540 1312.87 0.00505443
7585 95810 576 68.8202 11.2208 970 1778.69 0.00787511
7585 96635 642 62.7791 5.19738 580 1340.62 0.00426316
7585 104974 598 64.5078 25.5537 3280 1089.73 0.00438222
7585 110754 592 72.7078 6.48892 -440 1683.7 0.00753018
7585 111293 594 56.9676 1.30423 550 1163.1 0.00485386
7585 114657 644 58.7894 4.57637 550 1269.8 0.0057974
7585 115692 644 66.5087 1.1477 350 1381.84 0.00423263
7585 120822 674 67.6295 1.38224 -620 1441.25 0.00453657
7585 122932 626 69.9577 2.29437 590 1528.97 0.00400706
7585 136296 664 68.9857 3.27144 410 1281.13 0.00445292
7585 137214 644 67.8777 33.9718 7150 1136.91 0.00466704
7585 138732 674 73.4278 3.64304 -520 1664.98 0.00681756
7585 142586 664 67.5407 7.39644 1020 1335.64 0.00438865
7585 144084 626 57.6664 21.044 4660 1104.06 0.00653673
7585 145412 624 65.9196 1.65046 350 1559.48 0.0050535
7585 153545 690 67.6808 6.67897 560 1528.85 0.00639222
7585 159751 600 60.2572 1.73907 530 1021.97 0.00520539
7585 161496 644 66.7996 1.32961 -340 1397.13 0.00441482
