7377 1532 662 73.0865 11.4139 610 1435.47 0.00754688
7377 5544 642 75.8487 3.41814 -460 1493.66 0.00638518
7377 6920 664 57.8528 6.62827 1140 1216.52 0.00453846
7377 11520 592 68.5014 7.41164 490 1656.55 0.00632681
7377 22371 626 72.6349 8.4497 1060 1490.77 0.00482774
7377 32168 674 62.917 1.0811 -610 1409.54 0.00409235
7377 75845 610 75.1923 1.90897 -440 1352.68 0.00506169
7377 81213 662 72.6455 3.44712 -570 1247.65 0.00513281
7377 111424 598 66.0491 4.11399 -500 1448.55 0.00667948
7377 115732 626 57.8316 20.2343 -2740 1095.06 0.00474092
7377 115983 626 68.3652 18.2789 -3350 1106.78 0.0064403
7377 141270 626 58.2276 8.38169 480 1139.55 0.00735209
7377 149902 644 65.3023 19.6953 2310 1071.23 0.00413194
7377 175335 576 68.9856 1.41081 460 1642.76 0.00463414
7377 182935 576 57.5949 3.93302 440 1308.11 0.00618088
7377 192106 592 74.1135 6.66932 730 1428.37 0.00423506
7377 195974 626 65.6997 5.5767 620 1403.54 0.00419846
7377 204530 696 59.8151 1.1658 340 1250.91 0.00413252
7377 211797 646 64.2608 6.4414 490 1385.47 0.00636138
7377 215956 644 69.0093 1.75793 560 1149.37 0.00496038
7377 217620 696 56.815 2.09944 -480 1187.13 0.00463578
7377 219110 624 57.0229 8.33185 490 1102.22 0.0057569
7377 224327 674 70.7013 2.87559 -370 1918.5 0.00618069
7377 226138 624 59.8611 2.10282 550 1099.29 0.00510766
7377 227363 626 66.25 21.9203 -5160 1142.89 0.00430962
7377 228342 674 69.7557 1.09733 660 1405.65 0.00401042
7377 230043 626 60.2368 1.11952 -390 1278.21 0.00424326
7377 261950 646 72.0684 3.97629 -610 1531.06 0.00607741
7377 272660 696 67.7898 3.05883 610 1345.73 0.00576154
7377 282000 688 70.7646 1.52873 480 1457.14 0.0049579
7377 303863 690 70.3805 6.40691 530 1554.48 0.00775255
7377 310307 664 63.9068 1.99757 600 1251.66 0.00514696
7377 320978 598 69.6557 14.0519 470 1739.28 0.00873506
