7484 808 608 75.4349 7.74648 550 1636.49 0.0064092
7484 1169 690 68.4618 1.37381 580 1329.94 0.00457701
7484 1374 674 67.51 1.14641 350 1707.52 0.00457451
7484 6280 688 64.8364 1.79988 -360 1523.39 0.00504751
7484 10728 690 70.0818 3.51021 580 1458.82 0.00542446
7484 12362 576 62.4977 6.67952 630 1254.56 0.00505659
7484 18362 674 69.1104 3.52196 430 1696.09 0.0063294
7484 19130 662 69.9456 2.15454 -450 1649.4 0.00538554
7484 20646 576 67.8264 2.6693 -360 1675.36 0.00600653
7484 24104 576 68.3034 12.318 470 1682.69 0.00786066
7484 29457 576 72.7623 10.8712 820 1686.6 0.00724995
7484 31220 576 64.2164 4.58907 550 1313.93 0.00554239
7484 33965 642 62.3481 2.94063 460 1405.38 0.00614026
7484 35061 608 60.9513 4.85135 800 1296 0.00416972
7484 35360 696 72.6462 10.4336 830 1443.11 0.0058059
7484 39168 696 71.6718 2.87582 460 1518.92 0.00476582
7484 40683 674 63.327 4.19782 -350 1501.05 0.00697681
7484 40843 674 60.8412 10.5044 980 1438.4 0.00699026
7484 41126 624 64.7508 1.74907 390 1472.65 0.00507561
7484 44410 626 59.3803 9.41822 660 1040.55 0.00500608
7484 45727 576 65.4095 3.27459 430 1284.33 0.00417963
7484 47810 624 76.0952 5.23891 570 1244.02 0.00438382
7484 49231 576 67.1183 1.02967 530 1569.52 0.00401344
7484 49568 626 74.0851 1.05685 -590 1434.2 0.00408702
7484 51100 576 74.061 6.97937 590 1579.22 0.00741772
7484 52267 688 75.348 1.44601 410 1695.14 0.0047073
7484 52764 610 67.86 2.91898 490 1316.64 0.00432674
7484 56318 576 62.4358 5.99264 450 1426.26 0.00554169
7484 58123 640 59.8146 5.02547 590 1207.61 0.00653866
7484 63146 662 59.8948 5.09046 -470 1328.03 0.00651768
7484 63868 690 62.046 1.38788 -380 1483.82 0.00461492
7484 66635 662 66.8274 1.49511 340 1381.14 0.00488759
7484 69920 624 62.952 3.37378 460 1118.04 0.005918
7484 70408 662 59.8811 2.01385 -470 1266.46 0.00534689
7484 72361 626 64.3892 10.913 910 1271.99 0.00477098
7484 76567 624 67.2797 7.96982 540 1035.68 0.00485919
7484 79280 598 60.6341 2.77676 -360 1720.61 0.00608733
7484 82217 626 61.3155 13.2753 -1040 1121.17 0.0040893
7484 85208 690 68.3568 1.05476 310 1630.72 0.00414242
7484 86339 674 63.5104 2.71106 410 1754.9 0.00632245
7484 92170 598 67.1202 4.99687 580 1394.26 0.00474969
7484 95643 644 67.8064 27.4711 5510 1081.52 0.00437551
7484 96647 674 74.0884 6.97186 790 1463.46 0.00480978
7484 96838 608 70.6322 1.44928 -610 1570.88 0.00491755
7484 97792 690 68.751 4.26352 470 1484.05 0.00547429
7484 98875 576 67.8375 6.47404 -480 1840.67 0.00735801
7484 99396 626 58.3898 2.64032 570 1075.87 0.00429013
7484 102577 662 65.8259 3.51397 480 1428.55 0.00579737
7484 102781 644 75.3915 1.28945 390 1762.79 0.00430536
7484 105178 690 59.2247 2.04893 410 1228.5 0.0053148
7484 106437 662 60.4603 3.78659 -450 1222.8 0.00650171
7484 108234 674 68.1524 1.31135 360 1531.14 0.00445032
7484 112597 696 65.067 1.59721 430 1380.46 0.00468421
7484 114232 600 74.03 2.50725 -450 1861.07 0.00611868
7484 115126 696 60.2555 1.89668 620 1059.83 0.00506392
7484 121354 624 72.2179 2.82175 380 1595.92 0.00559276
7484 121671 626 66.4001 18.8203 -5230 1300.97 0.00453501
7484 124643 610 64.8386 3.50634 -360 1551.24 0.00602023
7484 124776 696 62.4884 1.3291 330 1230.19 0.00448748
7484 138670 576 68.9407 2.23909 470 1521.96 0.00538307
7484 143520 662 62.2796 2.41208 4040 1682.89 0.00614158
7484 152333 576 60.0718 1.30441 390 1454.33 0.00449566
7484 154170 594 58.1531 25.9804 7220 978.517 0.00427213
7484 155575 608 75.286 8.3958 540 1452.42 0.00640677
7484 158064 576 67.5486 1.72338 -430 1333.86 0.00522384
7484 158428 662 57.9296 37.9178 6620 886.01 0.00408298
7484 158848 600 69.2707 1.1601 640 1534.83 0.00458653
7484 158940 644 70.1743 1.92913 650 1224.79 0.00505723
7484 159826 674 64.8666 1.23629 -560 1342.03 0.00448049
7484 160373 640 64.381 4.00725 450 1187.26 0.00488459
