7302 4164 664 60.9996 24.4346 1890 1590.9 0.00762276
7302 8375 674 64.5128 4.55977 -960 1431.89 0.00690545
7302 20403 692 57.7393 1.30126 330 1499.06 0.00440904
7302 25374 626 66.5296 6.25336 470 1333.3 0.00647852
7302 30020 662 72.2031 1.56701 460 1582.67 0.00501003
7302 33983 598 67.9426 1.28149 -650 1262.32 0.00450785
7302 49999 624 69.099 2.88647 -420 1628.62 0.00580122
7302 50464 626 75.8102 19.7915 4930 1497.01 0.00483625
7302 53683 642 69.5263 4.97934 -510 1128.36 0.00577152
7302 55818 662 70.281 1.38182 410 1628.2 0.0044066
7302 56040 690 66.9651 1.20228 -330 1381.43 0.00436459
7302 61293 674 68.6632 4.16276 510 1421.49 0.00595497
7302 63552 624 74.1207 3.17499 -350 1558.71 0.00603765
7302 67466 674 64.5791 2.47887 370 1287.74 0.00579135
7302 68757 626 65.8974 23.3844 5120 1161.24 0.0052963
7302 71175 642 73.6079 3.0126 -620 1267.43 0.00601226
7302 72225 646 70.2586 6.54004 690 1471.49 0.00437384
7302 79299 576 65.2127 4.24893 -410 1745.45 0.00666453
7302 82623 598 63.9769 12.9111 510 1367.27 0.00782766
7302 84784 696 76.5375 2.4121 600 1567.65 0.00569167
7302 94573 690 65.6156 1.26192 560 1433.29 0.00404305
7302 95962 624 62.8342 2.08086 350 1335.34 0.00497122
7302 99703 642 56.9906 7.35637 960 1149.61 0.00478565
7302 100447 644 66.0937 1.03765 470 1451.34 0.00413542
7302 108986 624 59.1913 4.20979 600 1078.4 0.00413484
