7538 1067 642 72.8717 5.75532 700 1351.78 0.00426486
7538 26879 640 58.6386 5.26635 580 1342.94 0.00703216
7538 31541 624 57.5059 27.8884 3220 944.807 0.00418283
7538 41455 598 61.3582 1.00771 -690 1612.96 0.00420604
7538 41778 610 64.6051 1.86668 730 1227.51 0.00489242
7538 43877 662 73.2872 2.27826 420 1965.97 0.0055991
7538 50138 644 70.2917 7.35455 560 1376.8 0.00482863
7538 50646 644 70.3253 1.83808 420 1455.56 0.00509669
7538 62255 644 61.1831 1.41041 530 1380.98 0.00458914
7538 74924 624 73.1627 2.87027 480 1230.22 0.00423747
7538 75750 692 59.7054 16.6464 520 1628.6 0.00798092
7538 77967 674 67.5419 2.80211 520 1404.25 0.00578122
7538 86694 662 65.9212 9.11574 970 1372.83 0.00584588
7538 88257 674 69.0749 7.77302 430 1735.96 0.00726383
7538 89619 576 61.6416 2.69199 -470 1277.16 0.00577065
7538 90292 662 61.4052 7.45423 720 1243.81 0.00532162
7538 96968 644 59.3536 1.82878 320 1155.54 0.00465642
7538 97761 644 73.991 9.44756 550 1491.03 0.0075829
7538 99365 608 61.901 5.42204 500 1405.72 0.00514713
7538 104044 610 67.2783 5.50165 660 1506.7 0.00541654
7538 105462 644 57.542 21.2157 3880 1071.04 0.0041663
7538 106561 696 57.2687 1.42501 -450 1179.28 0.00452807
7538 108689 674 59.2088 9.06112 -510 1238.32 0.00734576
7538 109793 576 68.2254 1.52469 -530 1412.68 0.00484726
7538 115263 662 58.0301 1.51902 420 1165.37 0.00456315
7538 118242 592 57.518 7.84012 690 1428.49 0.00573342
7538 120492 662 70.0635 1.42712 380 1485.81 0.0043969
7538 122254 610 66.8212 7.20343 680 1395.54 0.00675647
7538 127924 642 60.5602 5.9618 470 1167.95 0.00550918
7538 129665 576 60.792 7.5091 760 1217.35 0.00475247
7538 132375 610 65.5165 6.56367 -430 1424.92 0.00694897
