7391 2070 600 72.924 6.70443 620 1553.43 0.00561506
7391 5609 674 61.9119 2.63621 -360 1563.54 0.00601549
7391 6513 608 68.4103 1.05509 580 1246.53 0.00451778
7391 7516 598 74.7375 6.81225 960 1606.95 0.00454056
7391 9022 626 57.393 18.1864 7920 1359.37 0.00729605
7391 9787 608 69.0139 2.49615 370 1823.88 0.00606278
7391 22002 576 66.8791 1.09183 350 1264.4 0.00410218
7391 23202 674 63.0368 3.41508 540 1274.07 0.0064686
7391 24786 662 58.6285 1.22528 -380 1262.55 0.00426499
7391 30669 674 68.8129 2.37462 650 1418.35 0.00577195
7391 31240 646 71.3642 3.03833 390 1574.62 0.00559542
7391 32505 626 61.2527 23.8032 5630 1046.61 0.00454184
7391 45225 600 66.9469 5.42726 830 1402.02 0.00739746
7391 47918 624 64.9428 2.56635 590 1367.06 0.00418041
7391 57081 642 65.2113 2.15687 370 1236.89 0.00434856
7391 62088 690 74.0487 4.58294 700 1534.9 0.00706484
7391 64665 674 74.7984 3.4476 400 1773.03 0.00613829
7391 64876 674 76.6058 4.61997 350 1803.57 0.00690154
7391 64887 690 69.4895 2.09997 590 1653.61 0.00571763
7391 64907 662 58.9941 2.20753 360 1278.2 0.005612
7391 70734 642 65.1098 5.68164 420 1293.89 0.00532956
7391 74235 600 58.8197 6.37054 530 1340.4 0.00571207
7391 84716 662 71.1901 3.06643 -570 1393.56 0.00536001
7391 85713 576 62.5457 6.6988 570 1262.19 0.00526435
7391 86475 696 72.7888 1.25433 760 1340.66 0.00415775
7391 93713 642 57.8002 7.94307 -5250 1194.17 0.00603588
7391 93836 690 58.1346 7.68097 570 1231.84 0.00684567
7391 94334 610 76.1675 1.54455 550 1496.78 0.00411346
7391 95408 624 61.6657 8.43433 690 1250.61 0.00559752
7391 97363 594 70.3237 7.18488 660 1511.18 0.00557713
7391 103908 696 64.6312 6.68392 610 1365.06 0.00651006
7391 109818 608 70.7459 2.69202 430 1602.23 0.00584289
7391 110633 610 58.2237 1.31587 -450 1302.02 0.00422852
7391 122771 624 68.1303 1.52283 380 1433.25 0.00439434
7391 130442 624 56.8689 1.6851 290 1236.64 0.00479656
7391 135796 688 71.0442 1.85892 400 1672.24 0.00521876
7391 138860 594 69.3196 2.94484 630 1514.28 0.00673713
7391 139196 600 69.3173 6.36793 990 1356.27 0.0044693
7391 143490 664 74.3673 1.62774 -670 1525.25 0.00480084
7391 144430 576 59.1219 8.2992 530 1226.98 0.00648179
7391 146625 696 58.8992 2.51953 -720 1011.88 0.00443682
