7333 5157 696 56.8249 22.7853 6050 901.025 0.00450595
7333 6521 690 60.4782 2.30594 -340 1512.72 0.00621399
7333 11010 640 73.764 5.79337 500 1647.09 0.00538583
7333 19299 642 61.591 4.47504 660 1270.85 0.00456288
7333 22403 692 75.5989 2.76776 -430 1762.85 0.00583946
7333 24967 610 66.4027 3.04894 560 1253.4 0.00538767
7333 25504 662 71.1694 4.38424 -400 1709.82 0.00688797
7333 28408 644 73.7302 4.61378 690 1460.38 0.00511641
7333 28534 626 62.5761 16.2698 -4620 1376.4 0.00460199
7333 28568 696 71.4792 1.35859 370 1764.27 0.00432451
7333 31668 692 63.5627 3.71228 430 1125.72 0.00637985
7333 33419 598 74.364 3.58481 -650 1720.97 0.00615474
7333 37602 626 60.0769 1.22179 -3520 1302.54 0.00455936
7333 42040 624 71.1537 3.21208 -580 1353.18 0.00561069
7333 43218 594 57.2208 2.3816 -330 1470.78 0.00619376
7333 47521 674 63.1171 7.96887 500 1640.3 0.00686986
7333 49602 624 69.9701 12.2932 510 1464.52 0.00778099
7333 51887 642 62.0493 12.4586 450 1303.81 0.00762233
7333 53734 664 73.6793 1.69408 440 1416.41 0.00501326
7333 56454 642 70.7803 5.08337 850 1383.96 0.00417807
7333 56722 692 67.0361 5.25018 420 1346.3 0.00498205
7333 58211 644 76.2514 1.31416 450 1709.74 0.00455877
7333 58410 624 73.8644 8.30096 740 1485.84 0.00529314
7333 61658 642 63.319 1.14629 -370 1239.66 0.00421674
7333 64952 608 59.5157 4.53411 600 1216.56 0.00474623
7333 67820 608 72.1606 1.48286 -450 1638.07 0.00536318
7333 71068 626 69.8024 5.46321 580 1704.98 0.00557162
