7516 8180 674 67.1997 1.66904 -450 1219.76 0.00476062
7516 17778 674 64.0276 2.17799 630 1541.41 0.00573816
7516 21236 646 69.6019 1.79956 420 1464.31 0.00451299
7516 22789 662 60.1948 2.09898 420 1272.71 0.00551335
7516 37485 598 68.1959 5.94291 550 1473.3 0.00767418
7516 39326 600 66.5571 3.58236 -390 1382.75 0.00670175
7516 40782 696 73.7359 2.87996 550 1664.78 0.00604516
7516 51204 576 71.1806 1.17558 370 1707.8 0.00431157
7516 51603 644 62.376 2.65098 370 1484.04 0.00557615
7516 57215 610 72.1906 9.28357 -640 1213.39 0.00417783
7516 65695 646 69.4462 7.90026 950 1666.82 0.0044708
7516 66283 690 69.6819 6.75474 -490 1444.89 0.00729086
7516 70506 662 61.7593 5.69182 480 1632.32 0.00581653
7516 74007 644 67.0886 19.748 2610 1077.15 0.00464349
7516 78919 576 72.6708 4.84699 600 1705.46 0.00731843
7516 86174 640 69.4584 2.62516 350 1431.39 0.00582889
7516 88315 610 74.6257 8.31276 640 1647.43 0.00610667
7516 93231 644 67.1263 1.55613 -450 1030.65 0.00421083
7516 96042 626 65.7312 18.266 -2460 1127.26 0.00462337
7516 96772 690 57.1562 3.27444 530 1275.1 0.00611994
7516 100310 608 69.9607 4.07662 -350 1951.68 0.0078315
7516 102722 696 72.2851 3.04114 370 1966 0.00592578
7516 107362 644 69.1296 1.38228 -400 1303.61 0.00445974
7516 112719 610 70.9493 5.44032 460 1508.48 0.00497838
7516 113844 640 71.7066 6.41018 560 1618.7 0.00609336
7516 116973 662 62.7754 4.12801 630 1240.23 0.00494421
7516 118732 662 57.3216 1.81534 370 1175.93 0.00522861
7516 133896 696 59.8803 1.90006 420 1425.72 0.00495677
7516 136765 626 76.427 1.04574 -350 1595.46 0.00403869
7516 137499 600 69.7924 2.36721 -340 1522.16 0.00631085
7516 138000 608 73.1557 4.9217 660 1758.94 0.00515675
7516 138847 664 61.4902 4.72584 1090 983.522 0.00407525
7516 139155 608 56.729 20.0786 -2050 897.778 0.0040526
7516 142149 642 69.4364 7.19422 1010 1300.57 0.00484112
