7433 6291 640 63.9374 7.41649 610 1410.21 0.00548662
7433 14591 664 71.0824 2.31203 380 1326.34 0.00542452
7433 14861 688 66.4641 2.56004 -430 1324.82 0.00593028
7433 17297 598 70.4739 5.3562 -470 1309.79 0.00715755
7433 30254 576 71.6966 2.06923 -540 1429.26 0.00538798
7433 38104 642 72.0809 7.64512 510 1565.12 0.00541187
7433 41342 598 61.3572 8.9168 1820 1168.99 0.00469403
7433 44106 640 63.6328 6.5807 450 1353.53 0.00715773
7433 45572 690 56.8854 14.6605 -500 1254.35 0.00749965
7433 46486 592 68.5644 11.4624 490 1445.25 0.00946643
7433 48312 608 67.5395 10.4622 1110 1516.57 0.00594836
7433 52172 598 70.4107 1.09253 -460 1378.83 0.00441641
7433 53973 674 71.0109 7.00576 510 1714.11 0.00706018
7433 55293 696 76.4896 2.53994 -320 1568.01 0.00589233
7433 56040 688 60.29 9.39603 550 1468.06 0.00616375
7433 65769 690 71.4186 3.72178 -500 1484.63 0.00640915
7433 66599 674 63.3379 5.47261 620 1233.97 0.00663146
7433 68160 592 58.3312 1.64681 460 1423.83 0.00540396
7433 71544 674 58.8621 1.94976 390 1412.26 0.00501044
7433 77285 662 70.4128 2.14427 420 1684.81 0.00492347
7433 86057 640 59.1689 1.46199 350 1350.42 0.0040828
7433 88733 610 64.4559 1.88549 840 1197.99 0.00453741
