7311 1308 576 72.496 6.14749 560 1692.38 0.00749612
7311 1924 690 69.6096 1.18498 840 1792.06 0.00447137
7311 3818 626 59.9683 1.94743 350 1110.93 0.005435
7311 4247 662 63.1555 3.93978 510 1210.04 0.00541243
7311 6241 690 72.1697 11.9653 410 1597.7 0.00797055
7311 7439 644 61.3787 1.93525 320 1346.23 0.00500374
7311 8004 662 64.8494 11.352 520 1392.85 0.00708962
7311 11184 626 61.8661 15.3737 -510 1546.13 0.00835268
7311 12307 598 75.9269 3.14054 440 1746.67 0.00678296
7311 16605 624 61.316 1.36731 380 1590.69 0.00457527
7311 26166 674 62.4486 8.19009 640 1445.79 0.00804273
7311 27874 664 61.1548 8.16566 600 1267.36 0.00553125
7311 32099 662 57.5289 1.64683 360 1085.42 0.00454511
7311 36424 626 58.8837 20.6376 5080 1251.05 0.00466577
7311 38905 610 71.244 7.01098 780 1686.68 0.00737691
7311 39005 576 75.0104 6.23638 870 1612.41 0.00510688
7311 43951 592 64.4364 5.56867 450 1455.12 0.00464082
7311 46872 674 75.1523 1.2263 -490 1754.22 0.00449488
7311 47336 600 61.3661 4.46911 -490 1302.78 0.00701051
7311 49728 644 66.9078 1.04546 520 1410.69 0.00418935
7311 59787 674 57.7712 4.49239 610 1069.86 0.00678471
7311 63367 690 63.5441 2.81137 390 1661.51 0.00446686
7311 67381 696 56.7154 6.93023 -580 1234.26 0.00649151
7311 72946 592 68.0696 3.96755 530 1450.39 0.00460246
7311 74096 608 67.8865 2.67791 510 1322.36 0.00429724
7311 74395 626 63.744 1.81224 -370 1442.43 0.00502891
7311 76187 662 67.5625 2.48214 -690 1626.27 0.00568298
7311 77087 576 69.0278 7.87371 1290 1515.75 0.00470807
7311 78554 688 61.3497 1.45918 760 1364.52 0.00458804
7311 80647 674 67.5715 1.57533 -370 1513.37 0.00492061
7311 81493 674 58.5538 13.2251 620 1422.25 0.00767648
7311 84130 610 75.1626 5.13356 490 1601.91 0.00614011
7311 86971 640 75.7556 2.38443 550 1411.87 0.0042291
7311 88592 662 73.1862 1.44918 560 1233.73 0.00448548
7311 89949 598 70.716 4.69582 -690 1748.44 0.00686783
7311 92611 674 68.185 2.34911 480 1514 0.00568805
7311 93307 688 62.9646 3.23139 480 1331.57 0.00407487
7311 95714 626 72.6196 2.29391 430 1629.54 0.00531192
7311 98920 598 70.5274 5.54525 630 1570.9 0.00480009
7311 103603 644 63.0073 1.55589 390 1264.64 0.00463101
7311 105408 692 60.4354 4.72651 690 1254.39 0.00506297
7311 107721 600 72.2475 2.08784 -390 1399.55 0.0040754
7311 111488 644 60.2891 2.55859 380 1147.38 0.00442531
7311 118052 624 73.309 1.93629 -540 1408.14 0.00503659
7311 122710 674 71.3174 2.7757 -470 1409.25 0.00575438
7311 128019 696 74.2248 3.06773 420 1635.26 0.00570461
7311 132976 690 74.7231 1.37249 830 1261.15 0.00466723
7311 134754 626 56.8873 22.5447 910 1097.74 0.00542938
7311 135169 644 66.6347 5.79338 550 1669.73 0.00492311
7311 135328 692 60.0344 8.02627 770 1227.38 0.00538288
