7523 3579 692 64.1496 8.9021 530 1177.03 0.00501484
7523 8914 626 74.9308 6.47119 430 1881.36 0.00714863
7523 12325 576 76.2107 13.1083 510 1975.38 0.00817004
7523 12697 576 61.3409 4.32702 460 1387.54 0.00488581
7523 18883 696 66.9575 7.12887 910 1506.25 0.00464735
7523 23814 674 70.5041 3.17709 350 1593.23 0.00629523
7523 24747 626 59.8353 26.1681 3920 968.712 0.00432416
7523 32001 640 76.4791 1.32952 -420 1754.58 0.00444185
7523 33942 610 62.8696 4.45181 550 1279.67 0.00624882
7523 36217 664 66.7103 5.71099 930 1392.55 0.00441313
7523 38265 690 61.0445 3.99262 1010 1302.86 0.00443365
