7327 1247 598 69.254 2.36163 360 1549.91 0.00630272
7327 2639 644 71.5943 1.96467 -450 1369.66 0.00534086
7327 4365 662 74.7946 2.13576 430 1549.12 0.0051979
7327 4646 594 64.3559 5.84103 920 1379.45 0.00456757
7327 6920 692 61.0626 14.7302 760 1526.57 0.00862704
7327 8702 690 58.8545 2.43618 520 1058.19 0.00586956
7327 9914 662 72.3049 1.78985 410 1800.97 0.00506069
7327 18150 674 72.0267 1.89295 -450 1449.41 0.00514933
7327 21539 610 66.2623 10.6285 -560 1075.02 0.00491626
7327 34092 646 74.8754 6.84396 830 1619.69 0.00464221
