7305 4580 576 75.9231 4.0538 480 1656.26 0.00497428
7305 10471 664 58.4266 1.2677 -620 1199.79 0.0043099
7305 10898 642 72.9043 5.7295 700 1420.82 0.00437251
7305 12162 600 66.7272 2.65814 450 1382.08 0.00632496
7305 23114 646 61.7115 3.1887 490 1245.85 0.00511028
7305 26333 626 74.6692 1.58204 410 1581.6 0.00461486
7305 26484 674 67.3128 2.80618 -1010 1501.86 0.00614125
7305 29876 644 70.3495 10.0533 640 1595.56 0.00645755
7305 30542 600 71.3551 3.11159 430 1291.68 0.00438634
7305 33711 644 62.3039 1.4179 440 1270.76 0.00410749
7305 40359 674 58.7406 10.1729 530 1506.86 0.00747283
7305 44389 662 68.6867 6.70597 1060 1473.48 0.00519642
7305 49765 610 60.1247 4.05025 620 1159.08 0.00588174
7305 56072 598 75.1813 1.15627 540 1389.26 0.00433055
7305 59450 626 66.1999 22.8321 7060 1252.23 0.00572528
7305 62940 662 72.9358 6.36633 580 1502.28 0.00529067
7305 65616 608 56.9444 1.43083 530 1157.87 0.00511771
7305 70524 592 58.8182 2.72546 410 1300.1 0.00434814
7305 70714 696 60.5354 8.84969 990 1387.34 0.00571421
7305 76290 576 69.3129 2.74091 510 1230.54 0.00404145
7305 79053 626 57.7109 20.1978 -4500 1214.83 0.00477726
7305 85583 610 68.1901 1.60457 -400 1442.63 0.00460734
7305 85741 662 69.8519 1.38307 720 1385.71 0.00449536
7305 88269 600 69.8181 1.04524 390 1999.99 0.00447323
7305 98043 626 66.9709 22.9268 2290 1008.53 0.00490997
7305 109276 662 65.4367 2.06623 480 1450.18 0.00488716
7305 123666 610 66.2891 5.96054 -700 1346.92 0.00674942
7305 128122 674 60.888 1.5907 500 1242.18 0.00483183
7305 134657 626 60.1829 14.6518 5060 1038.25 0.00415089
7305 139829 576 65.1025 5.12224 670 1377.08 0.0042723
7305 140112 674 66.4782 4.2001 450 1388.69 0.00640568
7305 140309 696 57.6723 1.42659 -510 1035.45 0.00447507
7305 143548 626 66.3119 5.44298 470 1433.46 0.00513728
7305 144129 662 63.0568 2.52743 -510 1418.2 0.00532437
7305 153697 644 63.0387 1.54213 -470 1411.69 0.00440245
7305 158123 624 61.9993 1.40936 410 1524.87 0.00461315
7305 163518 644 73.4248 5.44396 510 1447.79 0.00572109
7305 170879 664 71.16 6.20879 630 1466.97 0.00439362
