7453 7587 576 65.8377 1.81845 -500 1381.11 0.00439091
7453 9374 610 63.4403 6.48749 -450 1158.16 0.00715063
7453 18559 662 65.6176 4.79511 630 1071.76 0.00605166
7453 18787 626 65.1878 18.1665 -3750 1240.5 0.00416278
7453 23544 626 76.283 3.4725 450 1684.77 0.00630812
7453 28006 674 58.4406 6.48336 390 1225.76 0.00686437
7453 28594 644 74.4593 2.78505 -440 1802.95 0.00623613
7453 31513 674 63.9306 1.42527 -350 1541.86 0.00476646
7453 33137 610 64.4196 3.62237 410 1516.11 0.00588737
7453 44547 594 72.0413 4.44917 720 1537.91 0.00426752
7453 46829 642 74.2596 2.68786 -360 1555.07 0.00611884
7453 53846 600 58.0524 3.18109 460 1216.91 0.00680919
7453 60477 594 62.4235 25.2752 2760 1233.78 0.00411985
7453 70383 594 68.9177 5.02834 550 1541.49 0.00550312
7453 81186 600 70.1125 1.16041 500 1567.39 0.00455538
7453 83086 664 61.0548 5.66882 620 1219.86 0.00503585
7453 83604 674 65.3121 1.51953 380 1393.77 0.0043783
7453 87005 576 69.6937 2.6112 -390 1440.76 0.00613566
7453 89336 592 59.341 29.9418 5160 1245.28 0.00433301
7453 91134 598 56.9598 8.42878 600 1028.29 0.00498685
7453 91428 674 61.5692 5.87115 -1000 1228.06 0.00697309
7453 107596 610 66.4683 4.50043 -760 1494.99 0.00627229
7453 112051 624 61.6484 8.06976 980 1345.76 0.0049022
7453 114078 662 63.7436 2.0779 -320 1392.72 0.00550007
7453 115498 662 68.6718 8.56595 -680 1478.36 0.00699934
7453 116227 674 62.7113 2.01986 470 982.553 0.00450318
7453 118269 674 70.8336 6.38685 -420 1960.93 0.00781409
7453 119392 674 72.863 1.47465 450 1902.15 0.00482034
7453 126013 690 65.2017 1.53321 370 1899.07 0.00525734
7453 130865 674 70.2961 1.26328 410 1821.49 0.00449563
7453 132554 640 64.8528 18.0513 -2690 1098.91 0.00434214
7453 137175 644 63.4234 10.7031 -520 1399.87 0.00781764
7453 143029 626 59.8707 1.82716 -300 1363.56 0.00510956
7453 152201 610 67.2765 5.76005 800 1354.38 0.00420596
7453 165535 662 76.2297 2.35655 650 1670.39 0.0052878
7453 205444 674 65.802 2.06789 640 1303.64 0.00543983
7453 206872 626 67.9877 19.6349 7080 983.313 0.00457987
7453 210278 696 57.3999 1.65002 -550 1027.1 0.00465506
