7432 2210 696 68.5921 3.53402 640 1408.56 0.00596435
7432 9494 598 60.1479 19.1163 -1760 1318.26 0.00801703
7432 14616 594 71.2893 4.08876 490 1522.84 0.00411948
7432 14628 610 66.339 7.99335 650 1390.64 0.0056029
7432 16507 624 62.4157 1.66229 -360 1327.5 0.00482183
7432 21913 598 70.3058 1.05733 -350 1536.97 0.00420003
7432 23258 576 68.7843 5.50384 700 1272.27 0.0045269
7432 23561 610 68.1188 4.24976 -700 1430.47 0.00612099
7432 24677 624 72.4968 21.0174 5120 1130.78 0.00520937
7432 28645 674 68.1115 7.09211 450 1793.53 0.00694644
7432 31879 598 62.513 1.76613 -660 1308.21 0.00516132
7432 33317 576 58.5439 3.415 610 1167.62 0.00469648
7432 33629 642 67.446 8.60797 970 1499.93 0.00524549
7432 34208 626 56.71 19.7719 -4590 1242.66 0.00638027
7432 43509 608 65.9223 7.94114 510 1469.44 0.00635137
7432 47381 608 73.8458 3.49844 570 1739.19 0.00494951
7432 54086 644 76.4188 6.57468 820 1518.61 0.00525028
7432 55223 688 75.3012 1.75729 -470 1597.01 0.00505503
7432 59163 662 62.1379 6.03667 750 1387.38 0.00543066
7432 70791 644 61.1329 1.29855 -380 1329.49 0.00438371
