7610 848 674 65.4371 8.83098 390 1483.18 0.00781044
7610 3492 592 74.6531 7.65352 750 1822.67 0.00622944
7610 20865 610 61.4016 3.65907 600 1292.06 0.00470631
7610 21991 594 72.0094 1.53137 -420 1359.91 0.00440238
7610 23079 696 62.4401 12.2937 1210 1489.39 0.00656377
7610 23627 664 67.9791 5.04541 480 1350.73 0.00594967
7610 31657 626 75.915 10.5875 1110 1659.89 0.00526829
7610 33202 610 73.3805 1.77145 -440 1509.66 0.004842
7610 38319 696 66.1806 6.61083 720 1380.35 0.00519307
7610 41499 576 70.8225 1.39008 350 1661.62 0.00464242
7610 45380 646 65.1927 6.44819 1330 1231.32 0.00509385
7610 45462 576 76.1498 8.76405 900 1735.4 0.00561637
7610 60407 674 63.4583 1.08239 -430 1470.75 0.00402016
7610 61510 646 60.9582 4.18133 520 1583.78 0.00552605
7610 64013 624 60.1005 10.497 1040 1413.07 0.00501702
7610 65462 688 61.6394 2.04257 -340 1448.91 0.00554721
7610 77929 674 69.5381 13.1812 480 1747.04 0.00797545
7610 79700 576 73.3532 6.83096 610 1776.06 0.00608218
7610 91208 626 64.9166 2.62725 810 1164.16 0.00515704
7610 91663 642 57.8174 8.01516 560 1151.52 0.00571671
7610 91868 662 70.2776 1.4432 460 1527.45 0.00455611
7610 92012 662 56.78 1.36118 -350 1240.71 0.0044985
7610 96359 626 63.5929 22.5684 1470 1445.53 0.00727965
7610 98923 642 75.5956 7.79678 590 1569.59 0.00552562
7610 99728 644 76.0478 7.5889 1070 1632.43 0.00460911
7610 100615 690 73.9401 1.90903 -360 1767.91 0.00541578
7610 103464 644 66.276 9.50588 810 1363.47 0.00518494
7610 106680 674 61.0894 1.58832 -410 1205.35 0.00487953
7610 109546 662 60.9721 12.2643 -690 1116.42 0.00690685
7610 109702 576 66.388 2.66449 440 1325.01 0.00406719
7610 111360 674 59.0304 1.81829 680 1368.75 0.00520719
7610 113392 642 75.1995 3.26859 -350 1940.16 0.0067904
7610 128194 626 68.2552 4.43669 520 1583.09 0.00580707
7610 128425 624 61.7075 4.93306 440 1614.63 0.00708892
7610 129264 662 65.0257 11.9169 -950 1311.27 0.00706049
7610 134018 646 69.8664 3.62721 -440 1487.32 0.00609629
7610 139587 688 56.8525 1.76189 340 1245.94 0.00526956
7610 139615 696 67.5223 2.43038 340 1263.46 0.00543911
7610 140745 690 66.9429 6.24489 790 1485.34 0.00508064
7610 154187 688 73.7235 2.57887 -400 1357.2 0.00593397
7610 163892 674 65.1171 9.8546 1550 1509.29 0.00510004
7610 171304 640 67.0216 2.16574 400 1516.05 0.00525185
7610 173170 576 60.7925 1.01531 -400 1261.21 0.00414607
