7529 3714 662 65.0886 3.39573 -500 1289.68 0.00589465
7529 4905 626 57.4626 19.5258 -2540 1108.4 0.00587004
7529 8298 626 57.0385 1.34764 360 1178 0.00446431
7529 12939 662 70.2221 10.7088 500 1254.27 0.0070077
7529 20901 576 75.6856 5.49758 370 1947.72 0.00733907
7529 23395 624 63.0567 4.83326 570 1225.5 0.00443034
7529 25096 576 61.0987 3.35025 460 1376.81 0.00511733
7529 27502 640 64.0353 11.341 -750 1489.85 0.00726352
7529 28856 644 67.809 2.09653 -420 1601.06 0.00531908
7529 29606 624 70.102 14.372 -530 1562.48 0.00794946
7529 30560 576 66.2125 7.65875 1180 1079.07 0.00413951
7529 32213 576 59.5826 7.67168 1540 1368.73 0.0047109
7529 49022 610 73.2871 1.94268 440 1634.39 0.00466538
7529 51521 662 71.122 1.58373 -490 1503.09 0.00469546
7529 52941 576 76.6601 1.7088 460 1880.82 0.0054063
