7294 509 608 61.6812 4.30441 620 1353.1 0.00743557
7294 1588 644 56.9984 5.75206 500 1066.11 0.00533408
7294 2172 640 76.026 4.28879 640 1356.13 0.00445726
7294 4513 674 61.4209 1.31977 790 1414.25 0.00420723
7294 6123 608 62.7285 5.20055 580 1415.72 0.00471526
7294 6846 674 62.6396 1.87575 380 1485.95 0.00481704
7294 7382 598 59.2235 3.86876 780 1223.06 0.00452945
7294 7625 692 62.6676 16.6612 680 1320.37 0.00794278
7294 9248 624 61.8363 1.40705 640 1370.19 0.00449273
7294 17331 644 58.4109 2.45115 -390 1415.75 0.0053801
7294 20201 626 68.9755 19.0297 1700 1585.49 0.00406938
7294 20334 674 66.9196 5.5977 -480 1496.57 0.00739647
7294 21771 644 71.769 2.25376 -460 1270.35 0.00549356
7294 22877 608 60.7398 5.39806 580 1481.2 0.00503459
7294 32088 662 75.7471 2.39515 420 1628.67 0.00521934
7294 45786 674 58.5276 11.7639 -660 1523.92 0.0074675
7294 48397 626 62.9822 1.74869 -450 1374.77 0.00491528
7294 48521 690 68.2618 1.14256 480 1321.57 0.00425751
7294 55414 640 66.8859 4.21991 -570 1323.37 0.00617583
7294 58492 626 62.2126 22.6798 7850 989.427 0.00428349
7294 60702 644 64.3271 3.5432 630 1310.52 0.00509156
7294 65256 600 67.3072 7.25841 580 1235.73 0.00583549
7294 70631 692 74.0179 7.12236 590 1481.16 0.00550045
7294 70790 626 62.249 26.0613 8210 1004.49 0.0053798
7294 72971 642 66.44 5.27788 640 1216.3 0.00599164
7294 73039 690 70.0899 11.0511 -590 1908.97 0.00770813
7294 74115 662 63.1406 2.7124 620 1284.09 0.00466686
7294 86048 626 69.5128 16.681 -2800 1406.45 0.00498539
7294 87655 610 58.5597 4.8334 770 1040.91 0.00499149
7294 92128 624 73.0081 9.86147 1110 1444.78 0.00516657
7294 94473 608 69.2849 2.92806 370 1577.87 0.00588328
7294 96557 626 59.7788 21.8042 5850 1263.44 0.00805635
7294 96695 696 66.9431 7.25717 1060 1425.82 0.00490411
7294 106070 594 63.3947 30.4756 3160 1096.67 0.00405613
7294 107367 626 64.2956 24.9292 2950 1428.87 0.0080405
7294 118142 626 62.3213 2.17886 460 1176.8 0.00490864
7294 120303 696 58.1394 1.58295 -380 1095.66 0.00464659
7294 120314 598 60.3178 23.9616 -4150 1140.96 0.00400732
7294 120531 644 68.3699 24.8122 5440 1512.67 0.00543459
7294 120650 696 60.4074 3.18737 390 1422.22 0.00579289
7294 125323 624 64.7792 23.3147 6900 1344.14 0.00781906
7294 128733 626 64.0552 1.52954 -400 1550.79 0.00494671
7294 136483 646 57.4801 4.5731 -570 1135.18 0.00612211
7294 136489 626 70.4108 10.3365 1250 1305.04 0.00403525
7294 137242 662 74.4133 1.64613 -410 1223.81 0.00489049
7294 144800 664 65.8592 7.79362 -460 1471.58 0.00705883
7294 145857 598 76.0218 4.36437 480 1571.36 0.0072221
7294 150029 624 75.2724 5.72472 630 1330.59 0.00567834
