7472 3409 626 67.9751 1.13821 -410 1340.12 0.00432199
7472 3617 608 66.0814 6.47865 610 1461.69 0.00506502
7472 7407 696 66.7182 1.66432 -390 1319.9 0.00474683
7472 7940 674 63.9814 2.16639 690 1318.72 0.00537989
7472 12184 674 68.1469 6.78672 1080 1459.75 0.00728872
7472 13246 610 74.0567 7.44808 540 1403.8 0.00553275
7472 14527 598 73.577 7.7267 750 1730.8 0.00590185
7472 15218 610 57.3199 5.55241 820 1254.09 0.00525625
7472 16350 696 72.1912 9.07401 1000 1758.75 0.0057945
7472 24234 644 65.4745 1.76283 460 1533.42 0.00487223
7472 24311 646 66.7291 7.64015 540 1478.82 0.00528967
7472 26361 576 73.8534 8.4447 550 1610.46 0.00795549
7472 26505 598 63.6613 4.57476 720 1324.85 0.00424512
7472 29765 610 61.9496 1.30964 -550 1204.33 0.00436867
7472 29877 662 66.9235 1.96855 -690 1468.59 0.00510975
7472 31964 594 57.5227 8.78176 590 1311.97 0.00648068
7472 34862 642 64.7825 9.05887 470 1365.82 0.00605661
7472 40991 696 57.263 3.60456 550 1151.4 0.00579825
7472 44014 674 68.8323 1.85984 370 1647.25 0.00505576
7472 45933 664 69.8736 4.35201 520 1466.54 0.00598628
7472 49532 594 69.2052 1.08038 -520 1531.59 0.00443789
7472 49793 624 66.0804 5.474 680 1166.74 0.00414193
7472 51240 626 67.1439 3.89581 510 1502.92 0.00660942
7472 51295 674 58.4883 6.80896 570 1276.81 0.00687668
7472 51449 610 76.6512 2.46375 1270 1534.27 0.00435528
7472 55124 664 56.8198 3.43567 430 1202.03 0.0063633
7472 55901 598 62.3941 6.36939 470 1249.71 0.00517818
7472 60693 594 63.2083 1.3753 470 1369.45 0.00488933
7472 68542 662 62.3099 1.64727 -470 1135.7 0.00431051
7472 81221 610 76.0778 2.41512 -630 1475.81 0.0053118
7472 81629 610 70.5524 1.251 550 1476.52 0.00405142
7472 82102 674 71.9036 2.0913 400 1926.11 0.00556428
7472 82431 640 62.1076 10.8815 610 1387.59 0.00764968
7472 88171 692 69.0152 4.37467 -370 1658.14 0.00719364
7472 91455 624 64.8447 4.22947 730 1421.83 0.00421025
7472 92458 592 73.806 7.40431 560 1606.58 0.00607446
7472 93358 624 63.5372 5.46734 430 1183.3 0.0049231
7472 93361 600 71.4492 12.748 1000 1330.56 0.00754721
7472 95793 600 73.5557 1.72234 -510 1360.64 0.00513981
7472 98046 696 57.5895 5.77032 710 1252.09 0.00453728
7472 99712 576 59.2372 5.25333 640 1154.87 0.00499285
7472 100135 674 68.0036 1.46354 410 1588.04 0.00469681
7472 103123 664 61.4155 8.20139 460 1248.82 0.00586572
7472 114587 688 72.5015 2.57704 680 1299.53 0.00583953
7472 116387 696 57.0949 1.72943 440 1128.16 0.00480898
7472 117493 662 72.1035 3.07135 360 1798.59 0.00581908
7472 125125 690 62.103 5.01718 -880 1118.06 0.00570162
7472 128967 644 57.1131 4.86759 980 1129.9 0.00431359
7472 136327 662 59.2351 1.88624 -410 1322.24 0.00528002
7472 137315 690 76.5935 2.68046 -490 1775.58 0.00614135
7472 137623 626 66.8909 22.0724 1050 1341.12 0.00535798
7472 142018 576 61.6952 2.47046 540 1315 0.00592537
7472 152667 674 73.5447 8.08313 -460 1793.96 0.00763035
7472 153947 626 68.4835 3.77748 530 1393.66 0.00682799
7472 154673 626 75.7645 7.34543 560 1719.55 0.00615516
7472 160279 576 62.5062 2.0328 380 1483.98 0.00534003
7472 160308 674 64.9258 1.32277 370 1509.17 0.00449263
7472 161928 610 75.7777 3.66871 420 1623.69 0.00473974
7472 162424 642 70.2365 8.1423 530 1502.95 0.00599343
7472 165789 576 57.4313 5.37878 -740 1411.41 0.00693755
7472 174185 576 57.586 4.22819 510 1100.04 0.00408237
