7283 9565 644 65.3873 5.62947 520 1457.56 0.00505266
7283 13727 576 63.3555 1.77713 630 1245.73 0.00523519
7283 13961 674 63.1795 2.69762 -490 1591.38 0.00591311
7283 20662 598 72.9499 4.64215 620 1535.27 0.00442341
7283 21654 640 70.2549 1.51756 400 1515.68 0.00409687
7283 28237 662 68.1534 3.14314 400 1530.71 0.00616836
7283 29188 674 65.2281 10.3067 -550 1427.15 0.00793017
7283 29430 576 64.828 1.85649 -410 1182.17 0.00506841
7283 38146 696 58.0637 2.96311 -460 1147.76 0.00534306
7283 40253 600 61.6757 1.149 480 1422.15 0.0044428
7283 42570 576 64.5497 1.90015 330 1422.17 0.00561253
7283 43714 610 66.3947 4.91093 620 1389.12 0.00471254
7283 44851 644 58.1805 1.47027 -340 1083.61 0.00459046
7283 46341 626 70.4727 16.5145 6110 1335.68 0.00483325
7283 49857 626 69.4252 3.61604 580 1409.13 0.00664675
7283 57530 576 70.9286 6.12337 540 1604.7 0.00646083
7283 58213 646 64.1831 8.34481 820 1473.6 0.00497635
7283 66422 608 57.944 35.7143 3740 1092.3 0.00426058
7283 75517 674 62.2058 1.93551 -480 1610.05 0.00509579
7283 79569 610 60.8147 1.50702 400 1489.15 0.00434866
7283 81084 674 60.7284 5.6611 530 1450.3 0.00667586
7283 84259 626 59.0851 19.6782 -5320 1373.01 0.00674007
7283 84441 640 67.5752 3.50619 -450 1556.32 0.0064708
7283 91642 696 72.0529 3.44927 -540 1495.35 0.00614908
7283 98166 626 69.9813 25.7743 7750 1168.82 0.0051194
7283 101296 674 64.0601 1.32394 -360 1301.9 0.00462134
7283 101929 624 58.1399 1.89599 740 1170.9 0.00417377
7283 103339 598 65.1288 4.27723 840 1694.61 0.00628906
7283 103851 598 57.1067 4.9586 850 1147.75 0.00440622
7283 105872 664 59.3539 6.88074 -470 1161.5 0.00656149
