7425 2890 626 59.2979 1.04112 -420 1371.05 0.00406338
7425 3004 598 63.9822 9.11503 -480 1504.46 0.00827349
7425 12248 576 64.447 11.1475 420 1576.15 0.00822695
7425 14168 576 74.2687 3.39253 430 1603.69 0.00638709
7425 15164 662 59.231 2.22645 360 1220.3 0.00467893
7425 18506 624 64.3308 5.37418 510 1202.1 0.00648269
7425 21260 662 65.6531 1.63069 420 1513.61 0.00483253
7425 30634 644 65.2307 24.6056 1890 1236.02 0.00417288
7425 30956 644 67.358 27.7005 5380 1315.93 0.00568028
7425 31134 640 57.0361 3.29996 480 1190.84 0.00503431
7425 37034 640 65.5956 3.70028 480 1385.28 0.00606977
7425 47480 598 60.0082 9.67172 730 1352.85 0.00544363
7425 47745 696 69.4462 1.66703 460 1628.66 0.0047193
7425 48628 626 65.1081 14.2466 -500 1580.8 0.00768038
7425 49112 644 65.3763 4.66525 400 1540.71 0.00702539
7425 52469 696 75.3181 2.31225 420 1749.2 0.00576005
7425 53046 674 59.9301 4.67029 900 1307.78 0.0040299
7425 54002 644 69.6766 1.26914 -370 1662.14 0.00434992
7425 62075 576 65.6946 3.43389 510 1224.86 0.00414113
7425 63845 594 65.5586 3.77478 2320 1417.02 0.00669785
7425 65355 598 62.2396 1.92241 420 1462.13 0.00551839
7425 69934 626 72.9357 31.4351 7790 1335.35 0.00481777
7425 71121 640 72.0683 7.18936 520 1566.6 0.00585328
7425 75131 674 75.6464 2.87524 450 1362.91 0.00536448
7425 81646 696 66.2822 4.37081 620 1458.84 0.00518446
7425 83913 608 74.2485 5.15891 540 1663.81 0.00497836
7425 85832 598 71.7152 1.53647 -420 1699.04 0.00500853
7425 86159 674 63.0387 1.03696 370 1609.63 0.00402214
7425 90993 626 70.5509 25.2262 -3390 1245.91 0.0041339
7425 96967 608 70.06 2.40082 -380 1633.61 0.00610998
7425 100232 608 68.6562 6.3157 460 1647.31 0.00500082
7425 104240 690 57.9199 2.18045 550 1345.1 0.00401589
7425 104673 598 59.5796 6.77672 1250 1161.09 0.00403074
7425 105750 610 57.094 3.97218 470 1123.04 0.0059789
7425 108242 640 69.5604 4.45147 610 1453.81 0.00445386
7425 108277 626 58.8922 20.7254 2680 1176.83 0.00496649
7425 108562 642 65.9217 6.88682 500 1427.85 0.0058947
7425 111323 610 74.2896 3.43536 540 1576.01 0.0058185
7425 112985 610 68.6648 2.83095 460 1655.66 0.00539887
7425 113441 642 61.0923 4.90171 530 1215.58 0.00458138
7425 118599 674 59.602 1.87897 400 1434.95 0.00530058
7425 120382 696 58.3588 7.53448 460 1229.27 0.00552252
7425 121271 626 56.8921 21.3575 6800 1120.1 0.00511956
7425 139555 696 59.4126 25.0092 -2810 936.32 0.00402524
