7520 1389 576 68.6745 4.21972 620 1428.87 0.00626203
7520 5330 610 57.8893 1.3874 -740 1316.12 0.00417046
7520 5346 674 71.9565 1.4255 690 1423.61 0.00451557
7520 6082 600 71.7431 4.6496 770 1236.15 0.00434445
7520 8983 674 65.4906 4.46063 660 1506.17 0.00655824
7520 16185 690 64.9724 1.6466 -370 1813.34 0.00508254
7520 21858 576 59.6886 1.45394 290 1409.91 0.00421102
7520 23476 662 72.1261 1.63378 -430 1588.12 0.00418349
7520 26336 608 62.4288 8.92518 530 1223.78 0.00684269
7520 30748 624 70.8915 3.46699 560 1445.83 0.00416186
7520 35562 624 75.5337 2.11091 630 1685.4 0.00540558
7520 36793 600 58.7266 1.75998 700 1595.18 0.00519888
7520 39752 644 64.9427 4.27105 430 1359.08 0.00572415
7520 42474 624 62.1949 6.641 760 1370.16 0.00466216
7520 43835 690 66.7078 4.54807 480 1271.9 0.00496343
7520 46923 576 68.0422 3.74929 -420 1602.51 0.00655099
7520 50702 626 69.7816 16.3519 3610 1222.5 0.0041535
7520 51215 598 58.1029 13.9367 -500 1406.04 0.00653323
7520 52923 692 61.0693 8.89894 -500 1275.71 0.0071475
7520 53608 598 74.1445 5.57393 600 1612.78 0.00503966
7520 55192 674 65.355 1.44694 420 1498.71 0.0048472
7520 57435 624 68.4984 11.1196 1010 1321.87 0.00512567
7520 61328 692 60.749 4.55521 -490 1000.02 0.00647394
7520 61926 690 60.2876 9.23839 780 1380.97 0.00722712
7520 63057 662 64.8301 5.31277 510 1414.01 0.00577741
7520 63068 674 71.3345 3.4645 -340 1916.65 0.00697725
7520 65584 696 71.8301 1.77697 410 1580.49 0.0050148
7520 73198 624 71.9807 2.43942 440 1343.3 0.00528301
7520 74062 674 66.6334 4.98813 -880 1731.06 0.00693946
7520 74454 664 58.4172 1.71936 520 1256.39 0.00446978
7520 76370 640 58.8884 3.20501 600 1107.34 0.00415468
7520 76495 646 57.8825 6.51893 1030 1141.91 0.00520602
7520 77104 640 57.7725 3.05689 380 1262.32 0.0057893
7520 79408 674 57.1439 1.95268 -540 1243.28 0.00531962
7520 80068 674 68.3108 1.1611 640 1324.04 0.00416754
7520 83988 626 60.3182 18.8067 8600 1177.27 0.00501983
7520 97612 594 71.6288 2.72816 -360 1806.15 0.00663197
7520 101867 594 74.6546 5.0027 650 1608.93 0.00495716
7520 106362 642 63.7332 2.99438 340 1325.6 0.00620528
7520 106662 576 74.5658 6.56205 810 1678.22 0.00543817
7520 107479 608 65.0367 4.69186 440 1291.16 0.00511846
7520 107972 626 57.0556 2.13761 520 1016.82 0.00561372
7520 114983 674 59.566 5.20176 -430 1347.07 0.00713685
7520 118743 608 67.7105 1.54432 -440 1657.21 0.00521441
7520 122085 662 69.2513 9.30016 480 1417.51 0.00798053
7520 122091 610 75.9385 3.97548 1010 1445.41 0.00501787
7520 123348 600 72.4753 4.5604 -520 1585.41 0.00749656
7520 125596 626 71.0363 4.98567 500 1581.01 0.00718692
7520 125956 644 74.387 2.36177 -490 1518.98 0.00544906
7520 126356 594 58.1409 2.35639 390 1447.89 0.00626376
7520 126780 624 61.2127 39.2413 5810 1229.68 0.0041509
