7351 6128 696 70.8775 5.57707 500 1579.98 0.00668832
7351 7997 674 62.2062 1.41196 530 1375.26 0.00422667
7351 11401 626 58.4164 19.257 3700 1318 0.00644468
7351 19539 598 64.288 2.41241 -520 1293.55 0.00568457
7351 23685 610 72.7752 4.6047 480 1478.29 0.00598641
7351 24118 598 63.1126 12.0906 570 1531.63 0.00907092
7351 25826 626 63.2723 18.0727 1330 1404.32 0.00451659
7351 28345 642 67.7922 4.42577 640 1214.68 0.00400194
7351 30283 608 57.3918 6.63233 450 1231.78 0.00664917
7351 31830 644 64.9986 1.04495 -400 1451.21 0.00410817
7351 35916 644 70.2305 3.30208 450 1353.83 0.00618695
7351 36867 674 63.6683 8.01139 660 1276.39 0.00533895
7351 37499 696 56.7292 12.579 -710 1435.09 0.00766378
7351 37716 626 59.1778 5.42236 470 1173.03 0.00524915
7351 40108 662 58.8069 3.59245 -490 1283.73 0.00594701
7351 41794 576 64.2998 1.13863 -390 1365.68 0.0041499
7351 44626 696 59.7461 1.9421 450 1408.32 0.00497381
7351 48830 624 63.1541 9.05534 1160 1205.98 0.00514931
7351 53550 646 71.8068 2.10425 -380 1624.03 0.00543633
7351 58096 600 58.8967 24.1222 -5250 1304.74 0.00439774
7351 59837 576 73.7166 3.62808 440 1664.15 0.00687311
7351 60029 674 65.0343 1.19867 -340 1290.64 0.00432099
7351 60830 690 62.086 4.62157 -460 1154.55 0.0070251
7351 64033 598 70.608 1.35026 390 1759.03 0.00467352
7351 66766 598 69.5116 6.95166 1830 1434.09 0.00431907
7351 68187 626 73.7487 6.38041 -550 1589.03 0.00733977
7351 85006 598 69.9329 1.96044 -530 1410.27 0.00484553
7351 89714 696 62.8372 6.96224 1060 1484.37 0.00487788
7351 92782 662 59.6191 2.49197 -490 1187.52 0.0055343
7351 94652 624 59.596 1.78883 360 1485.57 0.00483107
7351 96744 674 66.26 5.10058 510 1666.25 0.00628528
7351 97303 610 70.7153 3.43063 -420 1672.38 0.00600473
7351 97591 626 70.1652 19.3874 4280 1128.46 0.00585778
7351 100111 644 65.484 8.61716 470 1297.28 0.00617607
7351 104563 696 64.9039 1.56897 -980 1325.67 0.00458485
7351 105423 642 72.2137 2.90623 -410 1671.04 0.00630134
7351 109378 576 62.3781 2.29663 400 1538.03 0.00565615
7351 109578 610 57.0722 3.25167 -500 1298.46 0.00595671
7351 113679 696 73.3627 9.91693 810 1452.03 0.00572474
7351 113811 662 61.288 1.78815 -330 1656.36 0.00520175
7351 117922 674 58.7857 1.38017 -450 1332.18 0.00465101
7351 120581 600 72.8113 5.45866 620 1324.51 0.00490772
7351 122546 592 75.6495 6.43682 450 1819.53 0.00611885
7351 124798 662 64.0373 1.53023 540 1012.14 0.00449391
7351 124853 576 74.7905 4.71399 470 1597.85 0.0050258
7351 125943 662 61.1042 1.7393 -550 966.196 0.0049119
7351 126642 642 64.8524 1.00148 80 1273.37 0.00455323
7351 133743 696 58.0201 1.34909 -440 1156.87 0.00425542
7351 137206 576 69.0487 1.15302 420 1462.13 0.00431471
7351 147398 610 67.155 1.27407 -340 1440.64 0.00429882
7351 152449 626 59.0593 19.7759 2810 1051.2 0.00493064
7351 153002 576 71.4556 8.59504 1220 1544.35 0.00473021
7351 157400 594 74.4463 1.89344 460 1730.73 0.00552514
7351 158594 608 60.5222 9.73456 550 1267.93 0.0063171
