7571 806 696 69.6143 2.39569 -580 1415.88 0.00556944
7571 2574 576 76.5327 9.51358 450 1845.6 0.0087155
7571 2820 674 59.8083 1.79164 -690 1270.19 0.00448746
7571 4001 674 72.4439 1.95234 -390 1589.16 0.0052991
7571 4338 598 64.0639 20.1473 1750 1671.47 0.00827101
7571 7133 626 68.8495 3.27448 480 1664.96 0.00587723
7571 9116 662 68.0562 1.72967 380 1717.22 0.00504747
7571 12494 626 63.558 6.37831 760 1443.73 0.00594473
7571 12690 626 75.1576 4.04583 600 1483.49 0.0043758
7571 14997 688 70.4432 6.80864 440 1692.96 0.00543753
7571 16470 640 65.8967 1.14264 -560 1243.04 0.004048
7571 17152 640 66.8968 1.30502 410 1842.34 0.00432476
7571 19344 674 57.5796 3.47035 620 1447.65 0.00653333
7571 20099 610 71.7336 1.68894 -670 1696.75 0.00481074
7571 41249 692 68.4602 17.7957 800 1624.51 0.00820443
7571 44718 576 72.481 2.44024 -340 1366.57 0.00597007
7571 45345 674 62.7034 3.52333 400 1394 0.00469851
7571 49939 626 69.8687 1.3628 -380 1676.72 0.00473803
7571 58382 610 57.3946 1.31579 -620 1079.05 0.00421969
7571 61033 674 67.7139 2.11149 -890 1450.86 0.0052983
7571 63405 626 63.8726 24.0196 1570 1169.28 0.00575364
7571 63766 674 76.157 1.83365 -510 1727.44 0.00536261
7571 68581 610 65.8638 5.88584 -470 1333.32 0.00683074
7571 69073 598 65.6509 1.43917 520 1294.22 0.00494415
7571 73003 624 63.7867 5.2967 750 1385.59 0.00440099
7571 82063 576 69.6366 1.00196 -330 1288.91 0.00404295
7571 83924 600 61.5659 3.72215 -380 1531.02 0.00678262
7571 86901 674 67.7536 1.60272 590 1392.39 0.00508202
7571 88507 674 73.9684 1.82959 360 1692.59 0.00519027
7571 89661 688 76.6615 1.63268 640 1501.6 0.00442024
7571 89836 626 74.7122 7.79777 980 1465.67 0.00455448
7571 90745 674 76.1894 4.51352 -860 1906.8 0.00662756
7571 91642 576 66.0167 7.09048 680 1420.74 0.00527624
7571 99057 664 59.6666 1.05661 480 1040.44 0.00407829
7571 108891 688 74.5317 3.59361 480 1736.88 0.00646815
7571 118330 576 75.3809 1.59864 460 1636.74 0.00520221
7571 120364 576 69.8763 2.96862 770 1458.32 0.00401102
7571 120396 626 61.2352 28.2245 7470 908.659 0.00508164
7571 120691 610 68.878 6.4609 -640 1494.82 0.00650049
7571 125564 626 75.2695 2.42181 750 1413.86 0.00523532
7571 131413 664 59.4102 6.17518 500 1297.57 0.00696927
7571 133177 626 59.7148 20.3932 -3630 1003.64 0.00513545
7571 138442 662 60.5208 1.95195 560 1220.58 0.00536602
7571 148206 626 69.816 25.2199 7950 1431.3 0.00486761
7571 157830 600 67.7784 1.68468 580 1468.51 0.00549124
7571 162484 690 58.8118 1.93945 -610 1220.33 0.00520091
