7345 3540 644 64.4443 1.20899 -4270 1938.32 0.00591321
7345 3817 608 64.5915 6.91555 -420 1731.15 0.00810088
7345 8192 610 61.4052 13.0455 -550 1492.03 0.0073109
7345 10207 600 57.5254 8.71603 1040 1421.26 0.00511557
7345 13320 624 63.7991 1.33238 420 1764.46 0.00461057
7345 13975 576 75.5036 4.9392 760 1349.79 0.00426354
7345 15232 594 69.7413 1.91989 370 1264.87 0.00487695
7345 16845 674 75.4254 12.737 1180 1758.7 0.00839913
7345 21197 610 66.2884 9.36919 -950 1488.41 0.00727371
7345 21210 644 75.8469 12.9701 -490 1624.65 0.00807565
7345 24231 640 67.322 4.78962 390 1406.45 0.00589703
7345 26429 646 72.965 2.74356 -440 1769.75 0.00573838
7345 38219 690 66.6165 7.57648 1270 1606.25 0.00611172
7345 39332 626 58.3379 22.4649 6110 1049.4 0.00534301
7345 41632 642 59.1619 5.01217 480 1140.92 0.00452508
7345 44507 696 70.7676 4.20058 480 1723.81 0.00612939
7345 45456 610 58.7494 2.51349 -400 1579.47 0.00540941
7345 67854 696 73.4998 1.14517 370 1530.61 0.00425004
7345 73074 644 69.5927 2.42112 360 1407.34 0.00438874
7345 74468 610 73.6999 1.31449 450 1598.11 0.00422728
