7483 3097 598 58.8445 1.27244 580 1209.69 0.00470426
7483 8409 624 65.0182 5.76934 550 1451.56 0.0051965
7483 13650 598 65.4648 1.4931 -590 1173.53 0.00489939
7483 14027 624 64.5741 9.36053 680 1452.69 0.00560987
7483 21691 642 56.9793 5.75572 580 1143.06 0.00480196
7483 22207 610 74.2275 1.80973 430 1570.62 0.0040999
7483 24520 664 62.5444 4.0416 610 1370.6 0.00609203
7483 28439 662 72.8187 3.58163 -710 1617.79 0.00613037
7483 29310 626 72.5628 22.6488 6650 1301.02 0.00414348
7483 32023 576 57.4325 5.59793 -560 1018.01 0.00599682
7483 43029 598 64.6479 2.34551 -440 1551.63 0.00589844
7483 44147 696 61.2449 1.71777 -400 1387.24 0.00496337
7483 45129 608 63.311 4.30091 500 1513.59 0.00467889
7483 53867 576 63.6706 4.41593 820 1268.43 0.00413534
7483 56830 610 62.1543 2.16378 470 1489.21 0.00489689
7483 58392 696 59.0352 11.2419 -530 939.887 0.00561758
7483 67336 598 58.7522 6.69709 560 1207.34 0.00548001
7483 68213 696 76.2745 9.09141 670 1784.72 0.00663012
7483 69956 644 72.2923 1.16191 580 1436.81 0.00401411
7483 70968 624 69.5609 6.00331 510 1148.65 0.00541119
7483 73746 598 74.0876 4.22721 680 1249.76 0.0043727
7483 78845 576 63.0681 5.21759 470 1466.47 0.00547979
7483 79771 696 62.1267 2.03474 320 1370.54 0.00504372
7483 80260 624 72.338 8.44375 600 1609.26 0.00564226
7483 81671 608 57.3157 1.8665 -360 1442.19 0.00597164
7483 84227 662 69.4508 6.82741 700 1406.79 0.00730412
7483 84871 692 57.903 15.8686 520 1328.61 0.00798526
7483 87397 610 57.517 11.0534 -480 1311.28 0.00822517
7483 89974 624 76.4463 4.36462 460 1477.23 0.00691265
7483 93704 696 76.5923 4.00717 730 1668.57 0.0062579
7483 94261 674 72.2924 1.28383 -380 1478.6 0.00446658
7483 95615 696 69.1131 11.9354 610 1480.62 0.00750139
7483 95959 642 61.6198 1.81682 390 1275.09 0.00501381
7483 103914 640 65.543 2.44558 -370 1401.53 0.00459411
7483 108841 644 72.5802 5.93673 570 1395.01 0.00499362
7483 109385 610 67.4894 2.23149 -420 1534.54 0.00520804
7483 109855 594 63.7281 6.80237 850 1283.13 0.0042803
7483 110063 662 63.2336 2.12294 360 1498.69 0.00516141
7483 113761 674 61.9956 2.41773 380 1498.75 0.00577032
7483 115833 624 61.1338 21.7809 960 1142.34 0.00465393
7483 118236 576 63.2472 5.29521 490 1445.77 0.00543463
7483 120044 624 59.6862 5.85867 590 1341.95 0.00481142
7483 125310 626 65.0044 23.7235 6310 1152.57 0.00542867
7483 126819 642 76.313 4.95669 620 1446.33 0.00547384
7483 132327 646 62.0041 5.2488 850 1427.98 0.00441463
7483 136491 576 67.3798 2.23248 -380 1592.17 0.00574315
7483 137230 600 67.4832 4.40416 430 1517.38 0.00727765
7483 144392 594 61.7948 2.26288 490 1418.94 0.00637817
7483 147145 626 60.2087 19.7652 4910 1236.18 0.00438682
7483 149395 674 61.0074 1.79658 -370 1155.8 0.00530664
7483 150635 610 71.6264 3.6486 470 1695.23 0.00588859
7483 151501 674 62.1795 1.05305 910 1243.33 0.00408233
7483 154517 690 72.5091 1.19298 -520 1456.11 0.00433963
7483 155647 674 62.4943 5.39632 950 1404.48 0.00750157
7483 156538 626 61.6794 6.84691 760 1604.39 0.00663967
7483 164467 576 72.8245 1.78026 -410 1273.56 0.00540072
7483 164698 640 73.194 6.8014 1990 1486.06 0.00437833
7483 170559 624 67.7411 5.30299 -530 1454.54 0.00670006
7483 185550 688 65.3738 1.83054 400 1247.56 0.00502517
7483 186117 692 64.8232 21.291 2770 1532.63 0.00803052
7483 186199 610 73.2183 1.16225 500 1536.26 0.0042585
7483 186840 696 64.4631 2.68956 -540 1385.93 0.00553292
7483 192123 640 62.9205 7.81749 1070 1520.8 0.00468865
7483 195365 662 71.4655 4.39831 480 1745.17 0.00677067
7483 196324 674 69.6173 1.17991 -360 1421.13 0.00433375
7483 202129 696 60.3512 7.05806 630 1232.96 0.0054484
7483 205392 662 62.4534 2.18882 -440 1299.87 0.00525972
7483 205582 640 70.0524 5.09211 540 1411.06 0.00648122
7483 206318 644 59.4368 3.78484 520 1214.16 0.00607333
