7478 10747 642 75.2374 1.12559 -360 1238.43 0.00409022
7478 17274 626 58.6295 17.4708 -2930 1200.97 0.00503224
7478 20288 642 67.1965 1.09238 440 1262.23 0.00416614
7478 22046 674 66.9426 3.0732 -830 1201.59 0.00592786
7478 24210 690 56.9713 5.43792 -660 1438.61 0.00623648
7478 33003 598 60.2845 1.42135 -360 1414.84 0.00480181
7478 33403 598 66.1421 8.02966 580 1349.99 0.00547514
7478 41943 674 56.931 3.3299 720 1067.53 0.00624381
7478 46326 592 64.1159 5.43489 550 1315.08 0.00598029
7478 49760 662 61.0349 2.72907 -340 1532.16 0.00567524
7478 51324 600 68.7168 4.78607 570 1405.08 0.00485107
7478 54314 576 69.5652 6.15032 520 1458.9 0.00557762
7478 54537 674 65.7654 1.39286 -390 1627.87 0.00508726
7478 59244 690 63.4517 8.74168 650 1179.79 0.00605322
7478 59524 646 75.9573 7.43862 630 1522.2 0.00502267
7478 63265 610 66.7377 3.8896 460 1488.31 0.00596027
7478 65970 626 76.5227 3.66914 390 1436.87 0.00455689
