7276 2024 610 70.0767 1.19543 520 1424.17 0.00415361
7276 2376 624 60.7124 8.75225 750 1392.12 0.00560599
7276 3939 576 61.2263 2.76385 460 1225.01 0.00537636
7276 6368 646 64.6235 3.8792 640 1431.18 0.00403762
7276 6938 626 71.8545 20.209 2960 1312.32 0.00462949
7276 10613 626 59.1948 22.5223 2130 1293.55 0.00630165
7276 12384 642 68.353 3.30734 -520 1171.13 0.00521905
7276 18786 608 63.0799 1.46741 -410 1502.5 0.00515385
7276 19157 576 61.6273 4.73122 580 1237.64 0.00457536
7276 21006 624 58.4055 15.1152 -690 1371.12 0.00772836
7276 26550 662 63.4276 1.22783 -750 1378.54 0.00402073
7276 31401 576 66.4639 2.46016 -580 1248.53 0.00591591
7276 37243 674 72.5379 3.66744 -520 1409.77 0.00595394
7276 37399 640 56.8099 8.40839 820 1272.36 0.00586671
7276 37618 626 56.8964 23.1812 4450 947.7 0.0051998
7276 42123 600 57.1302 7.56668 580 1148.66 0.00603293
7276 55148 598 67.1873 5.89184 550 1611.77 0.00565509
7276 56970 626 60.4475 17.6422 3360 1037.94 0.00442533
7276 62499 576 72.3417 6.94147 850 1431.58 0.00500999
7276 62575 642 67.0776 2.29931 2780 1434.48 0.0047814
7276 64346 600 76.1993 2.39298 390 1771.58 0.00569398
7276 64648 644 58.2314 4.96829 520 1232.81 0.00597132
7276 66255 594 61.2922 2.01101 400 1188.58 0.00571062
7276 69474 696 65.1532 5.4559 770 1438.1 0.00688862
7276 75697 576 57.9395 7.18233 410 1246.6 0.00582624
7276 77606 646 76.3825 6.39469 560 1723.1 0.00511525
7276 81716 576 61.8838 5.56359 510 1431.23 0.00585836
7276 81894 642 74.2014 5.13742 610 1552.49 0.00498414
7276 93782 696 72.381 1.58005 -780 1800.23 0.00425923
7276 94272 642 60.3974 7.15152 580 1158.78 0.00547043
7276 96423 640 72.4635 5.93204 530 1528.95 0.00532106
7276 99757 644 72.8874 3.3373 -340 1790.18 0.00659563
7276 99821 696 62.4476 1.96986 -420 1265.28 0.00499779
7276 100589 674 71.336 4.36575 470 1722.44 0.00721239
7276 101108 594 62.8446 1.33143 -470 1366.51 0.00478223
7276 102236 594 58.1444 23.6746 6160 1134.35 0.0045043
7276 103595 626 58.6881 26.9458 8090 1309.86 0.00550964
7276 106887 644 72.0895 7.80127 -440 1582.3 0.00757856
7276 109239 626 63.6536 5.68785 790 1441.48 0.00567077
7276 110270 664 73.3679 2.9341 -490 1264.51 0.00602424
7276 113068 626 63.9466 18.1053 -4980 1406.28 0.00537597
7276 113124 688 71.4191 6.37362 760 1303.72 0.00489495
7276 114761 646 61.6367 2.81672 560 1065.43 0.00564437
7276 120031 626 64.1005 23.15 1540 1227.74 0.00538568
7276 125149 696 70.1635 1.88451 -690 1528.87 0.00435483
7276 131328 640 74.2406 1.42533 510 1554.25 0.00445292
7276 134825 610 76.2109 5.02381 -560 1608.96 0.00669498
7276 138964 598 57.1421 1.02215 720 1453.05 0.00418058
7276 141708 576 72.077 2.58411 -380 1544.46 0.00586092
7276 146381 644 58.2092 2.23192 -440 1274.74 0.00547397
7276 149683 610 62.157 2.73196 410 1363.83 0.00538254
7276 152496 626 66.2599 16.476 5740 1179.54 0.00485191
7276 157212 674 72.4308 2.48833 -370 1517.7 0.00598629
7276 158752 610 70.5258 2.43263 -350 1868.02 0.00549419
7276 165175 640 64.197 4.75866 460 1205.28 0.00516379
7276 169343 644 58.8221 1.22807 -410 1160.14 0.00409646
7276 171233 626 58.6187 18.3538 2280 1205.72 0.00598423
7276 172337 642 71.1658 1.7053 350 1289.7 0.00434407
7276 174106 624 61.3806 3.65994 610 1234.47 0.00630854
7276 177376 592 69.3837 9.42298 490 1470.05 0.0089295
7276 178682 674 68.1949 2.71009 -890 1328.52 0.00581054
