7392 3 576 69.2344 1.63644 480 1530.3 0.00469149
7392 392 662 66.8411 3.49372 -540 1015.69 0.00436969
7392 3084 610 66.2879 3.08201 -720 1420.13 0.00568394
7392 8568 690 73.7075 8.25657 540 1592.04 0.00673088
7392 8958 696 64.402 13.4371 -670 1536.29 0.00774329
7392 14940 576 70.5784 1.82285 560 1283.76 0.00534303
7392 16545 624 60.5753 5.997 600 1158.29 0.00494632
7392 25720 626 57.1603 17.255 1660 1158.45 0.00492802
7392 27966 692 58.3786 8.498 640 1005.6 0.00590456
7392 28362 600 56.8831 1.45452 540 1452.81 0.00499357
7392 31667 662 60.7441 2.1999 -380 1466.25 0.00538118
7392 31780 608 58.044 3.89433 400 1282.85 0.00479377
7392 36728 690 60.1965 5.22268 490 1392.29 0.00662614
7392 38637 626 69.4322 5.16319 410 1442.36 0.00643706
7392 49117 592 68.0087 3.74022 470 1702.15 0.00693778
7392 49866 598 57.8593 3.61377 -680 1095.62 0.00611073
7392 52560 626 68.2851 7.48658 580 1376.22 0.00515705
7392 53748 626 66.7084 22.3868 8260 1098.87 0.00612621
7392 54465 646 69.7126 1.52899 -460 1160.57 0.00467742
7392 55858 688 61.9454 1.9752 -310 1515.93 0.00554581
7392 61289 598 75.4782 1.20704 650 1696.56 0.00456871
7392 64385 644 62.6791 2.02083 460 1138.78 0.00463423
7392 66143 576 68.9559 7.01943 720 1302.33 0.0046508
7392 68110 626 70.2224 2.7512 360 1533.64 0.00581211
7392 68374 674 68.8258 1.23968 -430 1730.49 0.0044253
7392 69037 674 70.0289 1.4274 -550 1369.87 0.00471765
7392 74590 640 57.312 1.72459 450 1237.51 0.00499478
7392 75014 692 71.3339 7.18382 610 1386.97 0.00682541
7392 78450 598 61.122 17.4841 4100 1451.11 0.00736682
7392 81188 594 66.871 3.9662 510 1529.81 0.00705506
7392 87144 662 60.3797 1.99455 -500 1117.02 0.005076
7392 89802 608 66.6676 7.78577 770 1555.8 0.00607282
7392 93727 690 67.9144 1.33717 -560 1313.89 0.00462052
7392 95628 626 59.575 21.8884 5940 1154.31 0.00621381
7392 96769 626 67.0415 2.2259 410 1216.67 0.00539032
7392 98547 626 76.226 2.61455 -390 1859.89 0.00600593
7392 108665 576 70.1671 2.8527 -340 1846.11 0.0063911
7392 111764 642 62.7668 6.15146 730 1422.82 0.00524939
7392 120141 664 76.0431 3.80371 590 1317.96 0.00400727
7392 124659 642 67.1736 10.3006 1070 1363.81 0.00586918
7392 125728 608 67.6345 6.83389 640 1380.83 0.0058402
7392 126600 592 66.9965 10.9308 410 1913.2 0.00863496
7392 130214 610 71.5473 2.1827 -390 1317.98 0.0052476
7392 130446 610 63.9556 7.42133 500 1380.08 0.00554956
7392 134162 592 58.8165 7.15773 600 1506.13 0.00609544
7392 134646 608 60.9365 1.96513 -430 1458.24 0.00590034
7392 134903 696 75.5275 1.30387 680 1735.07 0.00439724
7392 137250 674 68.7162 6.3266 -440 1548.7 0.00750474
7392 137457 598 74.1398 2.05675 -350 1796.69 0.00567765
7392 138574 576 64.4256 2.85493 -360 1596.35 0.00610476
7392 150366 674 66.2938 1.75359 -390 1362.32 0.00499177
7392 151608 640 75.4348 4.09162 370 1722.11 0.0065692
7392 152517 576 66.0244 3.26361 450 1270.33 0.00492141
7392 154329 674 64.4585 8.64282 850 1233.37 0.00498455
