7369 4371 664 74.1686 2.03436 -390 1260.37 0.00505925
7369 7511 624 64.0763 1.89302 330 1317.05 0.0044566
7369 9982 642 63.8345 4.41668 620 1206.9 0.00409516
7369 10630 610 63.9831 2.6418 -550 1152.06 0.0053686
7369 12623 674 69.4662 1.69423 -470 1655.19 0.00503119
7369 12714 642 71.6378 7.70037 530 1504.08 0.00607589
7369 14527 690 74.397 3.85024 -440 1406.88 0.00642056
7369 18886 576 69.1218 5.57079 490 1553.34 0.00665403
7369 37085 646 57.166 3.53315 970 1015.67 0.00497995
7369 38786 640 73.1366 3.49642 410 1392.09 0.00490318
7369 45773 626 64.0715 22.8687 5120 1001.08 0.00462218
7369 50052 626 65.6305 1.92197 470 1295.71 0.005015
7369 53896 626 68.7906 19.0588 7380 1163.72 0.00406324
7369 56120 598 60.7969 28.3894 8000 960.78 0.00419676
7369 59883 626 62.9321 21.2623 2310 1014.15 0.00521574
7369 66681 646 58.5037 4.47508 600 1080.66 0.00406748
7369 66909 688 67.7514 5.11713 510 1480.01 0.00736965
7369 67246 696 59.3539 3.99029 -860 1095.17 0.00527914
7369 67979 592 72.1113 6.12632 1090 1752.24 0.00474163
7369 68924 640 65.4514 7.16334 1100 1330.73 0.00534913
7369 72660 674 67.7721 6.37006 1000 1400.49 0.00754172
7369 72705 640 67.7022 4.89625 480 1494.95 0.00563286
7369 78565 662 58.4851 3.92561 550 1188.22 0.00651079
7369 79677 662 60.5844 1.84166 500 1212.14 0.00410452
7369 79790 598 65.35 6.5124 700 1373.29 0.00492291
7369 80411 662 58.5031 3.48722 650 1126.86 0.0056262
7369 88458 690 74.9509 2.88636 520 1449.06 0.00575677
7369 94888 576 72.7812 5.09642 660 1531.8 0.00442989
7369 95062 696 56.8766 8.54965 1000 1132.36 0.00484404
7369 101244 692 73.9664 4.06206 -400 1632.27 0.00654207
7369 107889 640 65.4231 1.63371 -390 1481.39 0.0048788
7369 111411 690 57.8858 1.11641 -350 1502.07 0.00432014
7369 112735 626 62.6142 19.7763 2820 1031.79 0.00420073
7369 113152 576 76.5516 6.18498 510 1683.49 0.00482648
7369 119859 608 61.826 7.19447 440 1457.59 0.00681326
7369 124466 692 72.0259 1.12392 -380 1689.02 0.00424205
7369 129423 644 66.5477 2.33605 350 1462.38 0.00500355
7369 131786 626 73.216 1.12101 400 1608.22 0.00418334
7369 140259 626 60.5148 22.8759 8210 1036.14 0.00472054
7369 142535 624 63.3623 2.52179 600 1209.49 0.00506749
