7450 4830 674 74.4252 2.61451 500 1628.7 0.00527467
7450 19057 640 58.5022 2.8047 540 1234.26 0.00612456
7450 23461 624 72.1037 5.51836 730 1170.63 0.00437772
7450 25749 594 63.1163 1.28858 640 1246.57 0.00458518
7450 26167 696 67.271 6.62027 760 1512.67 0.00451834
7450 26998 644 67.1822 1.16576 390 1433.9 0.00427885
7450 33392 696 69.4806 8.25441 -720 1688.55 0.00712661
7450 33955 626 58.9917 18.5261 -5620 1473.11 0.0043574
7450 39197 576 61.2979 9.30358 920 1329.4 0.00560434
7450 39619 608 62.9605 2.71638 -620 1448.6 0.00665552
7450 46402 594 65.6484 6.79097 580 1574.31 0.00544377
7450 47410 576 59.4639 25.2723 2230 1114.4 0.00429252
7450 56060 644 75.2808 5.33686 540 1328.93 0.0053648
7450 56881 662 64.334 6.11324 470 1541.96 0.0057418
7450 58487 598 65.0266 4.50572 740 1279.39 0.00446836
7450 61658 692 58.7693 15.1771 650 1050.43 0.00721806
7450 68630 674 73.5723 1.5911 690 1541.97 0.00489268
7450 70014 696 66.9817 1.33162 -370 1165 0.00430732
7450 72904 690 73.8437 4.42586 670 1389.22 0.00438054
7450 77364 608 65.7688 1.51472 -450 1545.79 0.00506452
7450 81733 640 68.8937 10.4804 530 1527.21 0.00783059
7450 83464 674 59.8369 3.00214 510 1406.04 0.00593849
7450 83599 624 59.6721 7.37582 760 1149.58 0.00444827
7450 84003 662 69.6021 5.6823 -950 1232.03 0.00544128
7450 85814 610 71.7191 6.1151 620 1417.16 0.00519688
7450 88054 626 61.906 3.33685 380 1285.43 0.00629977
7450 90832 642 70.309 6.97984 1290 1528.94 0.00449338
7450 91774 662 59.5209 10.241 580 1005.43 0.00578326
7450 92165 598 58.6508 3.50363 940 1180.3 0.00421968
7450 92350 594 59.4628 3.00382 -490 1103.48 0.00545888
7450 94954 624 71.0394 1.34484 -450 1441.8 0.00431768
7450 102080 576 57.2398 5.00184 630 1165.08 0.00621956
7450 103096 598 72.2163 6.72358 1460 1632.24 0.0041303
7450 103172 626 69.9162 19.2609 7830 1532.85 0.00448698
7450 111327 692 66.7789 6.99673 700 1323.77 0.00647638
7450 120457 646 70.2771 7.0203 1050 1388.99 0.00424427
7450 122544 576 71.9874 3.06518 560 1335.97 0.0041318
7450 136725 600 57.2818 1.91072 670 1398.96 0.00566476
7450 147693 674 75.4095 3.16727 -460 1586.56 0.00611901
7450 147744 576 56.7126 11.6312 680 1077.37 0.00472734
7450 147792 576 57.9862 5.52143 490 1132.24 0.00469552
7450 148774 664 57.1196 6.42901 870 1100.9 0.00413212
