7466 350 610 75.151 12.1068 670 1583.69 0.00800666
7466 1126 610 73.8153 6.13664 510 1758.92 0.00658584
7466 3271 576 65.0138 4.74431 -580 1228.04 0.00687961
7466 4778 646 61.1218 1.84504 -460 1035.98 0.00499924
7466 7103 610 68.8409 6.6996 720 1421.68 0.00718952
7466 9740 600 62.5616 4.33661 460 1327 0.00646905
7466 10870 598 74.9399 5.43419 530 1370.46 0.00495814
7466 11891 688 63.8521 4.71504 590 1454.95 0.00639758
7466 15811 626 56.9341 18.0587 2050 1021.06 0.00452387
7466 18315 594 64.7968 2.77727 490 1300.66 0.00444042
7466 21953 690 75.7966 13.6286 900 1728.26 0.00814292
7466 26108 626 57.3408 21.4726 -3220 1102.03 0.00555625
7466 30460 690 74.2752 1.02812 -460 1574.97 0.00420901
7466 31796 610 58.4945 10.8459 920 1259.62 0.0059542
7466 33184 644 70.9604 7.13599 480 1659.29 0.00567552
7466 37404 674 57.1509 1.69153 -780 1204.99 0.00499163
7466 37643 598 63.7501 5.26794 1010 1436.05 0.00404392
7466 38753 576 58.7941 8.6895 1140 1307.52 0.0054204
7466 39345 626 56.9386 2.28649 380 1089.08 0.00555774
7466 41771 610 62.6163 4.78197 480 1407.97 0.00620024
7466 46850 598 58.2455 8.17275 570 1309.34 0.0059599
7466 64642 598 68.8668 6.02374 850 1460.62 0.00414496
7466 70032 674 67.3266 3.9911 -400 1307.95 0.00679567
7466 70533 576 72.5749 1.42667 460 1800.81 0.00467711
7466 71966 576 73.6737 2.83148 -390 1578.75 0.00643028
7466 76756 644 71.9548 1.75874 470 1288.62 0.00472866
7466 92465 642 61.8303 8.87117 530 1206.56 0.00584665
7466 97819 610 67.7561 1.21674 780 1427.03 0.00407011
7466 98971 674 61.4968 11.9841 -490 1468.71 0.00821638
7466 102274 608 64.0391 5.21739 590 1281.7 0.00480175
7466 105882 644 67.5694 5.33982 450 1526.32 0.00539693
7466 110165 598 75.3554 3.93993 620 1381.81 0.00404749
7466 111325 598 74.8261 5.65649 1460 1435.86 0.00476343
7466 112878 690 64.357 3.74439 450 1308.09 0.00480115
7466 113505 674 58.3754 6.54086 -580 1257.17 0.00726633
7466 123984 674 57.2193 2.4715 450 1219.57 0.00524747
7466 126574 624 63.9693 4.19568 1090 1544.99 0.00428623
7466 129470 662 58.3959 1.46222 -460 1362.59 0.00469747
7466 131322 642 76.0229 3.52754 -430 1894.98 0.00633316
7466 134846 674 75.8377 2.07164 -580 1258.13 0.00497166
7466 135983 674 68.077 4.74463 -460 1200.81 0.00664629
7466 137157 644 75.1311 1.80513 490 1554.21 0.00522687
7466 138418 624 73.6838 5.01942 620 1490.68 0.0063889
7466 142567 690 61.8412 1.02262 -540 1304.25 0.00401189
7466 144089 696 69.5283 1.40476 -430 1481.18 0.00427218
7466 144391 594 62.2343 3.6342 540 1041.62 0.0045636
7466 155297 696 64.5906 1.80123 440 1549.15 0.00480352
