7282 9092 598 62.1638 7.28082 570 1319.45 0.00538034
7282 30961 626 68.3277 28.6075 8390 1394.96 0.0051864
7282 33048 674 59.9435 2.23634 490 1399.57 0.00520532
7282 35895 690 71.379 1.09819 -610 1371.02 0.00428942
7282 38797 608 57.1 4.74907 1060 1173.79 0.00546226
7282 58460 690 58.1504 4.93307 730 1495.37 0.00630097
7282 64520 692 58.4643 4.70726 520 1101.63 0.00683071
7282 117535 642 56.8543 5.11671 780 1217.89 0.0046463
7282 123863 664 67.405 1.50094 -510 1335.87 0.00442289
7282 145184 674 61.181 7.82079 660 1467.94 0.00590257
7282 147717 690 73.8065 2.13019 520 1429.93 0.00489642
7282 178343 644 61.9057 1.09191 480 1217.14 0.00403698
7282 181483 696 59.1942 9.04168 460 1437.91 0.00672655
7282 188521 624 58.7711 7.34926 480 1064.26 0.00682406
7282 197942 674 59.8633 6.02976 -410 1400.11 0.00707848
7282 206798 644 72.9262 7.45683 510 1624.95 0.00615491
7282 208105 626 62.1086 25.693 3840 1043.18 0.00503654
7282 245842 644 65.4298 5.85469 870 1443.84 0.00436441
7282 248962 662 72.5519 1.99508 560 1474.43 0.00502916
7282 256541 688 62.8734 2.22805 -430 1235.02 0.00551048
7282 257822 674 56.8289 1.24698 360 1277.45 0.00435342
7282 260045 598 76.5123 1.0547 600 1570.73 0.00420341
7282 261349 646 61.1777 2.67206 460 1264.42 0.00415021
7282 267064 644 70.2621 4.99546 560 1429.79 0.00701199
7282 276328 598 71.2839 4.15795 430 1467.26 0.00486541
7282 299225 696 69.6743 1.28858 -660 1358.55 0.00437554
7282 316370 608 59.6725 11.1703 1080 1028.1 0.00438309
7282 317339 646 59.4456 8.25314 710 1177.85 0.00580678
7282 321297 626 64.8429 5.99378 630 1464.98 0.00632373
