7562 11267 598 64.9899 8.90301 -510 1241.38 0.0047844
7562 14273 626 68.8064 19.5951 6400 1165.2 0.00449249
7562 22335 598 74.5557 11.997 620 1537.95 0.00892066
7562 30437 576 65.0812 3.20334 -580 1341.89 0.0062172
7562 39091 644 66.303 3.94722 -440 1525.41 0.00649877
7562 40393 594 60.0835 6.19482 490 1404.62 0.00567585
7562 43467 626 60.4722 20.2292 4990 901.265 0.00426932
7562 44536 626 68.005 21.3489 -4360 1210.31 0.0044539
7562 68168 696 58.9558 1.11916 -480 1289.31 0.00420166
7562 71679 576 66.6401 1.62223 420 1459.31 0.00537579
7562 81578 642 72.0069 6.61197 1150 1425.03 0.00427901
