7442 149 626 58.9715 23.8642 -3590 1150.51 0.00458293
7442 9423 626 61.2553 14.6517 -470 1419.34 0.00803682
7442 14394 664 71.8406 3.4385 -400 1562.65 0.00425143
7442 17590 674 73.8802 1.09652 -480 1704.89 0.00415775
7442 18601 644 72.7641 6.18 490 1651.27 0.0058826
7442 20254 662 64.9318 1.3525 -390 1449.54 0.00424195
7442 23751 662 72.3458 1.09736 390 1601.55 0.00411306
7442 28655 674 72.7449 2.29094 -370 1491.14 0.00606748
7442 30276 576 58.9123 1.65998 -470 1320.19 0.00511169
7442 38846 664 62.0843 7.96587 620 1358.12 0.00658537
7442 42377 598 57.226 1.0097 -620 1096.87 0.00415961
7442 52613 598 60.9024 13.6455 -480 1602.58 0.00785311
7442 57340 642 57.6348 35.1252 5090 1085.32 0.00401537
7442 58500 626 67.6468 28.1601 -2240 1179.64 0.0040959
7442 61113 600 62.9207 3.0405 -500 1358.43 0.00631095
7442 68223 696 61.23 13.9876 -460 1507.24 0.00771487
7442 68298 690 59.8301 2.2192 370 1150.46 0.00515251
7442 68418 600 59.4523 1.22187 420 1422.68 0.00473727
7442 68672 692 70.4669 14.7764 470 1779.87 0.00830383
7442 71080 610 62.519 3.86092 600 1264.55 0.00578344
7442 74565 626 62.1211 23.9592 4360 1273.43 0.00460894
7442 77668 640 65.7456 1.85612 340 1770.05 0.00453262
7442 83952 696 66.6176 1.20506 -830 1457.42 0.0041074
7442 85360 576 63.4254 4.03096 390 1225.16 0.00482378
7442 96615 594 63.5405 8.94365 540 1331.81 0.00667707
7442 99398 690 73.007 3.69596 -370 1346.34 0.00670841
7442 100952 610 73.7452 5.43625 400 1618.95 0.00665753
7442 102044 610 72.2505 6.25469 710 1778.33 0.00507298
7442 102224 688 69.4961 1.27583 410 1636.97 0.00435654
