7461 3502 576 73.4563 2.11528 400 1744.45 0.00541481
7461 7618 646 67.7515 1.75402 -420 1276.65 0.004794
7461 18610 696 72.0441 8.65994 540 1608.71 0.00706044
7461 24124 640 57.997 27.6229 -2110 945.52 0.00431035
7461 25587 642 64.9777 3.93378 510 1310.4 0.00484171
7461 34427 600 68.9454 4.33123 -610 1586.63 0.00717261
7461 39536 674 69.7545 3.71823 920 1618.51 0.00602742
7461 39592 674 72.0818 6.4095 490 1899.29 0.00737035
7461 42091 642 61.6365 11.0106 560 1393.49 0.00655821
7461 43053 674 73.2852 5.90044 -490 1439.98 0.00777458
7461 59578 644 62.0212 9.4764 1540 1263.57 0.00484927
7461 65976 696 72.8391 2.04638 -590 1205.42 0.00458888
7461 84126 598 68.4737 30.8934 8410 1157.87 0.00417898
7461 85353 662 69.6134 1.42074 620 1320.61 0.00469127
7461 90114 644 70.3216 7.13757 870 1432.93 0.00566745
7461 92422 664 69.8638 1.30983 740 1345.17 0.00426079
7461 95345 626 62.6667 17.7725 -3440 1038.24 0.00548756
7461 96344 688 68.7063 1.8559 -340 1595.88 0.00482943
7461 100065 626 75.4782 3.92609 400 1721.68 0.0062829
7461 104856 610 65.8055 9.4231 -740 1299.31 0.00542356
7461 107975 664 73.0734 4.69153 670 1437.63 0.00427512
7461 114297 640 63.3808 6.0618 970 1345.23 0.00435285
7461 115654 594 58.7536 1.5708 -570 1067.82 0.00514054
7461 118856 674 61.329 2.35829 490 1286.92 0.0054887
7461 123560 576 57.6134 1.70597 -400 1510 0.00515114
7461 124728 626 69.9883 1.072 -350 1545.69 0.00415605
7461 128963 608 64.3036 4.53442 430 1213.99 0.00532835
7461 130246 626 62.1689 1.75344 -480 1215.4 0.00490016
7461 139092 598 74.6219 7.33705 -490 1560.5 0.0080502
7461 139213 576 68.8705 1.28626 -530 1390.31 0.00440392
7461 140765 662 67.6041 1.60131 410 1708.66 0.00487944
7461 142101 688 74.0538 4.0328 780 1361.22 0.00400809
7461 147987 644 67.2947 2.52716 350 1334.57 0.00598934
