7527 1290 576 59.6384 2.77782 560 1328.92 0.00467274
7527 1777 696 65.4291 2.02241 -510 1140.19 0.00533931
7527 1865 592 66.0627 5.30262 540 1594.55 0.00584842
7527 5853 664 67.7295 9.10107 1240 1255.11 0.00594436
7527 6338 690 62.9122 3.28299 390 1217.83 0.00602069
7527 8245 626 59.7756 5.70286 510 1234.9 0.0055907
7527 8520 690 71.8767 5.11908 -460 1444.68 0.0068603
7527 10032 610 63.685 6.04396 840 1158.28 0.00504651
7527 12439 624 59.204 12.3797 -550 1138.71 0.00764793
7527 12599 696 60.3337 7.72403 1120 1140.08 0.00426793
7527 18746 626 56.9312 3.57907 440 1251.26 0.00452718
7527 23420 576 62.5631 3.33021 440 1268.2 0.0042637
7527 28499 674 62.4677 11.2397 670 1591.06 0.00791912
7527 28836 640 63.8098 1.0577 550 1202.67 0.00411496
7527 34951 662 69.1096 5.53476 -590 1421.28 0.00660315
7527 45062 592 60.3788 12.0167 460 1652.66 0.00863011
7527 46761 576 64.4087 3.72331 470 1431.75 0.00677865
7527 47518 692 57.6047 2.36115 380 1431.22 0.00564928
7527 50961 640 71.9337 1.91679 660 1633.81 0.00528603
7527 55400 626 73.8986 9.12634 620 1515.18 0.00720611
7527 57717 696 71.6083 4.10906 420 1619.28 0.00614136
7527 58075 624 71.3627 10.6282 730 1268.67 0.00601499
7527 65324 624 58.783 3.67461 500 1207.96 0.00403199
7527 71540 640 76.5799 1.76388 460 1550.85 0.00444356
7527 71865 626 63.3355 26.4841 2890 1195.4 0.00461037
7527 73114 674 72.7354 5.79344 560 1732.27 0.00658911
7527 87210 674 75.4211 1.99949 590 1235.49 0.00552988
7527 88819 576 75.5326 4.34303 700 1456.29 0.00482486
7527 92631 674 65.244 1.5098 -390 1087.61 0.00405919
7527 98414 662 66.5541 3.45413 -490 1529.39 0.00595418
7527 99998 626 62.5757 16.9023 8930 1056.84 0.00428461
7527 104182 610 73.4347 2.17875 -350 1737.03 0.00515798
7527 104438 696 68.6433 2.54634 570 1403.57 0.00549473
7527 104561 624 70.0676 1.52735 380 1497.47 0.00459467
7527 105580 626 57.4153 3.52874 490 1177.76 0.00561436
7527 106225 598 74.9181 2.83695 520 1604.06 0.00443001
7527 107274 608 65.1041 1.44854 -360 1468.2 0.00502119
7527 111977 674 60.3949 1.42698 -420 1406.75 0.0046186
7527 112304 598 73.7201 3.71211 600 1615.21 0.00671409
7527 117291 696 69.7844 1.62348 310 1409.13 0.00407867
7527 124588 592 70.7091 5.2675 510 1619.37 0.00612073
7527 126458 576 72.1209 7.04427 -400 1711.87 0.00805437
7527 130113 696 70.2731 5.49411 460 1815.23 0.00613784
7527 132575 640 62.992 2.01206 -610 1420.74 0.0049669
7527 132698 664 67.7815 3.32267 350 1563.83 0.00579909
7527 136135 626 58.183 17.9331 4500 1010.3 0.00552867
7527 139494 626 75.9992 2.02775 -380 1512.03 0.00545296
7527 150555 688 74.5106 3.44258 -380 1721.13 0.00590468
7527 153204 610 59.4261 9.94968 -450 1354.14 0.00751549
7527 158982 642 75.9076 4.55834 600 1563.34 0.0048679
7527 166018 576 67.1169 7.70634 770 1308.59 0.0056075
7527 172520 576 59.1279 5.68151 730 1309.3 0.00528727
7527 173781 674 60.501 2.4656 -600 1315.3 0.00587811
7527 176479 662 61.5941 1.3041 -380 1455.65 0.00424533
7527 176977 662 70.4287 1.62951 -360 1288.3 0.00421846
7527 180050 642 66.4911 5.53042 1210 1070.31 0.0045955
