7449 1236 642 73.6084 1.04267 450 1651.67 0.00402502
7449 3700 576 64.7438 1.27705 -420 1668.7 0.00453197
7449 5199 608 75.8228 5.55125 490 1419.13 0.00434796
7449 9423 610 62.1447 2.53536 -410 1184.94 0.00503035
7449 15991 626 57.8528 4.05494 550 1155.05 0.00424223
7449 17793 644 57.6482 6.60345 710 977.665 0.00481715
7449 18917 576 73.4406 2.82291 510 1424.13 0.00412391
7449 21160 692 60.934 4.91923 530 1372.23 0.00668347
7449 23694 598 58.1022 4.41122 -660 1266.17 0.0066422
7449 24782 662 67.9193 1.72888 560 1381.2 0.00479761
7449 37036 674 57.5451 1.03091 380 1293.51 0.00404292
7449 45806 674 68.0624 1.64987 -150 1530.35 0.00434951
