7306 2128 664 58.2411 1.30686 550 1054.31 0.00443952
7306 8768 624 62.7029 11.7851 -570 1327.67 0.00729253
7306 15545 626 70.2961 9.23788 440 1492.26 0.00634893
7306 17400 608 74.528 1.83804 -460 1674.72 0.0058003
7306 21390 662 73.5918 6.32169 410 1785.88 0.00733712
7306 28959 610 68.5482 1.44068 340 1490.5 0.00443538
7306 29028 624 74.7919 4.03058 430 1519.1 0.00623918
7306 29434 610 60.2962 3.08032 610 1210.73 0.00516803
7306 32251 642 65.9638 2.5703 470 1350.4 0.00407042
7306 32407 674 74.0913 4.15506 440 1909.17 0.0064899
7306 34955 696 57.9203 2.76418 460 1545.65 0.00564573
7306 35911 692 67.1597 3.75923 370 1471.81 0.00583534
7306 42787 644 61.726 4.61236 -570 1304.27 0.00654668
7306 46064 598 61.1724 1.13791 680 1296.46 0.0043735
7306 53860 674 65.6944 4.84882 540 1259.59 0.00747867
7306 54263 598 66.4106 1.88873 -510 1380.49 0.00538657
7306 54682 644 62.8396 6.06388 -560 1441.54 0.0065148
7306 55637 644 67.4772 1.42967 -370 1503.75 0.00461302
7306 56634 690 68.8806 1.52361 620 1365.27 0.00473718
7306 61499 664 61.226 1.48913 -700 1396.78 0.00454484
7306 62647 642 69.508 1.07394 490 1509.42 0.00406853
7306 66324 696 64.7125 1.8738 -790 1485.18 0.00450372
7306 66867 624 62.089 1.21708 -330 1211.48 0.00429021
7306 67881 626 59.0572 23.0016 3930 1294.16 0.00619759
7306 70859 662 60.5177 2.92653 -350 1442.4 0.00575947
7306 74924 696 66.7146 12.3844 580 1496.91 0.00705636
7306 81610 664 73.5524 7.52326 690 1473.89 0.00502856
7306 83854 690 61.7205 1.57381 -780 1466.81 0.00481931
7306 92296 674 72.4811 1.32433 -750 1398.89 0.0045457
7306 94109 642 56.8061 9.26307 1470 1164.3 0.00487536
7306 100014 696 57.9721 2.22565 -390 1159.55 0.00531916
7306 115324 696 65.1825 2.42757 -610 1440.88 0.00517719
7306 116960 674 67.3186 1.36565 400 1455.58 0.00461371
7306 120877 608 66.7539 1.98143 680 1330.26 0.0048954
7306 125027 688 69.8016 2.41548 450 1623.82 0.00552339
7306 125115 642 72.4722 3.65244 420 1371.46 0.00487031
7306 128157 662 70.6497 1.08365 670 1617.81 0.00408901
7306 130296 626 67.2132 23.0181 3420 1163.18 0.00401112
7306 131711 598 70.6005 1.36147 530 1587.35 0.00478608
7306 132004 594 59.4038 6.24088 460 1250.4 0.00550638
7306 142094 576 63.5917 2.8512 390 1166.1 0.00427569
7306 150025 690 70.6036 10.9833 510 1547.83 0.00779371
7306 151519 674 69.3151 4.77389 620 1533.86 0.00668319
7306 153723 696 68.0147 1.59795 500 1378.54 0.00455802
7306 156514 600 68.1365 1.67544 400 1289.58 0.00489147
7306 156793 640 76.5266 9.41043 630 1230.53 0.00623678
7306 156831 626 58.4983 20.4568 -4560 1042.23 0.00466104
