7342 954 640 58.1712 2.21986 340 1236.34 0.00541596
7342 1705 674 67.9629 1.13976 410 1531.51 0.00427182
7342 2243 696 62.8986 1.97834 370 1486.21 0.00482722
7342 3470 674 60.243 2.73388 -1160 1379.1 0.00558468
7342 9291 664 72.5769 10.7637 -540 1516.04 0.00693337
7342 11568 594 76.6207 6.58514 800 1635.68 0.00483331
7342 12519 594 71.2108 4.75018 850 1314.37 0.0046986
7342 19054 610 60.9209 7.57288 760 1123.82 0.00594808
7342 38163 610 58.8701 2.10609 350 1276.64 0.00497408
7342 38666 674 76.1076 1.65649 -480 1891.62 0.00494503
7342 43736 696 72.3554 15.8046 -780 1654.09 0.00793996
7342 45140 664 70.9457 6.37765 -620 1662.98 0.00670278
7342 51648 644 72.4679 1.35393 -380 1613.32 0.0045274
7342 53380 598 63.0096 6.12745 550 1295.79 0.00649484
7342 56598 626 69.8845 4.18845 650 1555.34 0.00544874
7342 57115 646 69.0632 3.00084 470 1478.51 0.00630631
7342 57496 626 58.336 17.3362 4850 1168.11 0.00611072
7342 68573 624 59.4813 1.31809 400 1055.39 0.00418745
7342 75209 624 74.0717 12.991 940 1597.37 0.00644973
7342 82798 610 75.7934 5.83641 -650 1290.3 0.00553082
7342 84242 696 70.0842 1.42786 740 1302.73 0.00444651
7342 85479 674 64.2828 2.39969 430 1648.48 0.00535081
7342 88722 664 69.808 2.81771 570 1100.41 0.00404192
7342 89499 626 59.0576 23.9837 3080 875.709 0.00406108
7342 91522 664 68.3679 5.31583 -490 1441.76 0.00651087
7342 92666 610 76.2125 4.77907 -550 1519.23 0.00647294
7342 94171 690 58.9193 8.88716 1410 1071.25 0.0051963
7342 95245 664 69.8712 3.0916 -460 1629.5 0.00619902
7342 97782 640 59.3118 5.7868 500 1110.94 0.00547465
7342 98663 594 60.3817 26.7036 2550 1161.92 0.00419581
7342 100939 692 76.0806 5.25467 690 1672.94 0.00449541
7342 102867 662 71.9978 1.93519 720 1340.65 0.0043543
7342 114394 644 69.4779 14.4511 -490 1571.07 0.00819761
7342 116226 644 68.1937 8.02993 480 1478.53 0.00585226
7342 117737 642 73.6745 2.52014 450 1706.91 0.00581252
7342 124899 646 72.7285 1.15091 -600 1282.7 0.00404638
7342 125075 674 75.3416 2.67349 -650 1507.5 0.00580268
7342 125101 624 58.4282 23.7955 4390 1167.49 0.00408279
7342 127870 624 66.1158 1.50009 -660 1419.56 0.00449155
7342 130929 600 66.3319 1.12272 -520 1485.74 0.00451327
7342 131866 626 61.2173 19.341 -4080 1274.16 0.00514193
7342 134792 576 65.5745 7.25292 800 1448.66 0.00497035
7342 136927 644 63.763 5.47067 460 1241.46 0.00507917
7342 143133 610 70.1133 4.87756 550 1231.82 0.00567491
7342 143414 690 61.7527 3.28195 430 1404.83 0.00607666
7342 147959 592 61.9052 5.90638 580 1570.15 0.00560535
7342 151105 644 62.4026 1.34077 560 1206.7 0.00409117
7342 151454 674 65.7303 12.1382 580 1155.91 0.00537841
