7573 1835 608 63.2064 5.50985 840 1450.86 0.00464846
7573 8303 662 62.2145 3.28568 420 1342.66 0.00616449
7573 8644 576 59.5604 4.67602 -430 1111.17 0.00705697
7573 10147 598 57.8479 27.4208 5660 1246.61 0.00433724
7573 13219 674 71.3415 4.99029 540 1772.58 0.00705089
7573 18475 610 69.3568 2.51817 -460 1429.91 0.00550193
7573 19118 610 75.461 5.9418 480 1317.79 0.00565431
7573 23138 624 72.4681 13.1458 -540 1596.83 0.00783425
7573 25462 608 75.4868 3.56073 420 1628.93 0.00475712
7573 25562 608 71.4793 1.24965 500 1432.67 0.0046788
7573 27920 626 59.9264 1.76266 -380 1187.15 0.00515659
7573 38314 624 71.2451 22.1975 -3090 1208.21 0.00430012
7573 45982 696 61.4482 1.33182 480 1367.6 0.00428939
7573 50471 610 62.3444 10.2068 -620 1309.31 0.00727102
7573 59480 598 63.2093 21.4855 -5370 1172.61 0.00438483
7573 65856 696 68.7178 4.82455 370 1762.14 0.00634594
7573 68471 624 63.2703 6.89974 560 1338.6 0.00471785
