7457 1401 674 57.993 2.02505 -510 1203.47 0.00522649
7457 11054 644 67.7325 5.28924 780 1216.86 0.00463367
7457 13634 662 67.5611 2.41524 350 1721.67 0.00573592
7457 19597 600 56.8974 11.7473 610 1197.77 0.00831791
7457 23818 662 64.8133 1.58061 -420 1286.88 0.00468567
7457 25522 674 61.0206 1.84467 420 1404.64 0.00534775
7457 27408 674 61.682 1.28294 -370 1423.91 0.00414971
7457 30294 662 57.1648 1.18872 520 1189.17 0.004161
7457 32124 626 62.6266 4.18186 420 1404.31 0.00550305
7457 34434 626 62.3197 20.6981 2580 1204.25 0.00673804
7457 34789 674 57.8004 1.27347 -430 1051.82 0.00439681
7457 35697 610 73.4153 1.77463 -410 1376.79 0.0049179
7457 38134 576 58.6701 9.83204 950 1207.42 0.00538775
7457 43677 696 66.278 8.39994 730 1524.46 0.00506477
7457 45479 696 61.1624 21.2665 -4150 1116.47 0.00468098
7457 45698 674 60.8541 8.01539 630 1016.4 0.00751269
7457 46356 664 58.6781 4.4742 540 1178.33 0.00644216
7457 46945 644 69.6518 7.26737 990 1371.26 0.00471219
7457 53762 626 65.16 20.0607 7010 1338.95 0.00456799
7457 55875 642 63.3687 4.26846 630 1106.14 0.00414006
7457 57724 598 57.6201 4.90082 450 1288.97 0.00414851
7457 63067 640 62.1938 4.2773 490 1246.97 0.00540046
7457 67366 644 65.5846 6.73712 490 1447.88 0.00615984
7457 67672 610 58.6815 1.74359 320 1093.23 0.00468014
7457 69744 674 73.0996 9.51087 -600 1912.37 0.00795288
7457 75234 640 73.1543 5.86341 480 1486.27 0.00488522
7457 76110 664 69.5763 5.92493 440 1534.84 0.00545354
7457 82001 664 65.5202 2.74476 -460 1461.68 0.00564492
7457 92658 608 74.997 4.84177 480 1432.26 0.0062316
7457 105201 690 73.9559 1.42461 430 1494.87 0.00454629
7457 107489 640 69.3227 1.3767 -610 1354.85 0.00451451
7457 109097 674 67.9478 1.73769 530 1281.64 0.00459084
7457 113673 640 64.0097 5.97929 490 1410.45 0.00592117
7457 118262 644 66.027 1.8673 -370 1391.67 0.00447298
7457 118270 600 62.9821 1.29 -500 1459.77 0.00493234
7457 122952 674 68.4773 1.21596 -350 1243.91 0.00437426
7457 142362 598 60.8923 1.20648 -410 1460.01 0.00457119
7457 148498 598 73.5111 4.50628 -420 1891.34 0.00709708
7457 152596 644 69.1761 1.23391 -350 1631.55 0.00424749
7457 154831 662 73.2185 1.42583 420 1865.23 0.00464471
7457 154908 608 74.2342 2.14698 450 1547.59 0.00593123
7457 155153 608 60.5115 8.17089 610 1336.92 0.00605505
7457 158650 600 65.9588 3.78894 -380 1645.09 0.00690117
7457 160282 624 62.1662 7.12123 650 1140.52 0.00507892
7457 162999 662 58.8567 1.39728 700 1311.56 0.00456023
7457 163302 662 68.959 3.65333 440 1555.94 0.00493228
7457 163947 594 59.7788 7.4364 930 1220.03 0.00504903
7457 166826 674 68.5304 4.35656 400 1827.5 0.00682993
7457 168296 610 58.3834 4.74473 600 1295.58 0.00433363
7457 169760 576 69.5776 1.59122 -510 1372.3 0.00514266
7457 171842 674 68.7928 1.75089 -380 1675.14 0.0052211
7457 172549 598 74.0594 8.49626 860 1502.19 0.00478105
7457 175935 674 73.0918 10.1115 600 1575.31 0.0081517
7457 177924 674 64.5007 1.87571 -320 1794.89 0.00522649
7457 178644 674 63.9202 9.99965 940 1462.58 0.00741132
7457 180073 626 72.4023 3.51388 380 1832.74 0.00578632
7457 180335 608 59.1233 1.36314 530 1248.41 0.00407496
7457 181327 576 75.1036 2.73259 600 1397.32 0.00626037
