7569 1473 664 64.8249 3.0912 -490 1162.3 0.00562092
7569 4010 576 66.2739 4.61557 710 1251.79 0.00408287
7569 8177 690 64.235 1.11062 -400 1427.95 0.00419728
7569 9217 624 57.3518 2.38624 970 1052.52 0.0040208
7569 12536 576 63.3397 1.80633 -390 1319.92 0.00559453
7569 13686 624 64.7725 7.57703 880 1454.63 0.00462214
7569 14604 642 63.2656 9.87041 580 1324.76 0.00779297
7569 16094 662 67.3484 3.10901 -530 1457.36 0.00623951
7569 16360 644 69.8399 1.39598 390 1485.22 0.00474028
7569 18113 594 58.3742 3.39084 590 1187.02 0.00448657
7569 21188 642 73.6963 6.12261 700 1450.49 0.00497865
7569 27976 592 72.2273 1.76719 410 1546.62 0.00417744
7569 41727 592 63.5232 6.88604 510 1616.89 0.00701525
7569 41955 576 58.5335 4.49214 450 1376.08 0.00512655
7569 42144 624 75.2063 6.55579 740 1630.22 0.00525857
7569 47109 624 73.1643 1.65472 -410 1582.47 0.00463102
7569 57074 696 62.3804 2.07936 -610 1184.14 0.00481462
7569 57135 610 56.8203 3.29879 540 1231.07 0.00587533
7569 63706 592 67.2104 4.72282 370 1964.32 0.00757326
7569 64761 674 75.1966 1.64741 400 1651.62 0.00507089
7569 65565 674 59.654 8.03647 440 1408.5 0.00783554
7569 71410 624 57.1705 23.2975 -1750 1176.35 0.00450647
7569 71697 674 61.8351 4.86266 600 1266.13 0.00661749
7569 79146 696 76.5181 1.5345 580 1471.93 0.00449436
7569 82066 674 71.2368 3.8859 550 1752.91 0.00641633
7569 90360 610 60.1771 1.32969 -390 1233.15 0.00436898
7569 90634 624 74.8176 1.36731 380 1751.27 0.00429628
