7488 1219 642 61.2366 9.59146 770 1352.43 0.00531953
7488 4133 662 58.7443 1.45488 -510 1097.73 0.00447746
7488 5931 692 57.6603 1.94543 490 1117.92 0.00418117
7488 6544 690 72.0546 5.36448 920 1337.52 0.00400356
7488 15756 644 68.2011 3.44383 460 1454.06 0.00625636
7488 17323 610 62.9131 2.71199 -360 1347.03 0.00562383
7488 19359 594 67.9265 1.19243 510 1453.2 0.00464344
7488 19760 576 64.9553 4.27415 640 1270.09 0.00453042
7488 26841 598 58.9167 5.13639 450 1375.87 0.00551308
7488 28801 662 69.2507 3.93264 450 1498.04 0.0053958
7488 28891 696 61.1024 7.94508 520 1348.43 0.00600734
7488 31045 626 57.7045 17.9574 6460 892.787 0.00429061
7488 34275 610 76.2227 2.72193 -410 1598.4 0.00583282
7488 34400 674 65.1184 1.07473 -430 1349.64 0.00427068
7488 36618 662 66.6019 2.58791 -590 1219.26 0.00557735
7488 37978 640 73.6486 1.46117 420 1657.76 0.00465017
7488 39295 690 63.4954 1.73432 360 1572.45 0.00477928
7488 40082 640 73.7508 5.90852 640 1552.24 0.0054528
7488 40317 626 70.9032 23.5415 4230 1059.1 0.00420009
7488 41365 592 60.0967 3.98087 450 1422.96 0.00489024
7488 54319 594 67.4397 5.75676 530 1464.61 0.00779991
7488 55715 640 72.0379 7.36273 670 1685.38 0.00647605
7488 58920 696 61.1435 27.5 4020 1026.99 0.00402537
7488 62887 674 66.3036 7.95785 570 1359.99 0.00548198
7488 65082 662 72.6352 4.93031 -550 1463.59 0.00683359
7488 68577 644 60.1567 1.65952 -360 1171.75 0.00477835
7488 75741 624 72.7628 2.56281 440 1693.55 0.00591323
7488 79718 644 76.2513 9.95432 410 1808.02 0.00781319
7488 82677 600 65.2066 7.21523 500 1494.84 0.00795864
7488 83509 674 58.7144 5.27304 -800 1518.21 0.00644262
7488 86050 576 68.4051 4.8515 820 1433.14 0.00489901
7488 88407 626 62.0297 1.58454 440 1252.1 0.00477977
7488 88665 688 73.4333 7.83729 620 1571.72 0.00580325
7488 99714 674 60.4515 1.52107 490 1245.69 0.00453794
7488 102306 592 66.5671 5.55791 540 1361.48 0.00572242
7488 102576 662 57.6102 5.04998 -450 1148.01 0.00591909
7488 103349 692 62.0901 16.0953 540 1412.79 0.00844747
7488 105442 642 73.5154 4.88636 670 1498.08 0.00469757
7488 106999 688 57.1618 1.45039 -370 1444.05 0.00467663
7488 109479 576 66.9678 1.41268 360 1662.21 0.00464141
7488 110332 662 72.6045 1.21393 450 1274.75 0.00401129
7488 116214 662 73.8487 2.06795 620 1464.27 0.0054122
7488 116907 640 63.5884 4.17148 920 1271.77 0.0040025
7488 117691 662 58.9592 1.27922 380 1605.61 0.00436997
7488 117990 576 69.3291 3.13955 440 1545.44 0.00648137
7488 119385 642 74.1102 5.62402 830 1432.64 0.00483402
7488 120966 626 59.7368 14.6629 3480 1008.1 0.00466066
7488 127475 640 73.3758 1.4906 -450 1254.68 0.00483485
7488 131536 696 65.0264 9.32978 550 1572.31 0.00678568
