7440 1644 642 65.105 4.48695 580 1276.82 0.00415924
7440 8085 626 57.6217 13.3742 4490 922.36 0.00407051
7440 8495 690 57.5642 1.36595 480 1340.76 0.00432821
7440 11977 608 76.3729 7.13818 800 1538.49 0.00477956
7440 14425 626 66.3216 1.87557 280 1439.23 0.0048295
7440 15508 624 72.8518 6.70469 650 1239.84 0.005056
7440 16329 592 60.6365 20.5496 -5290 1035.61 0.0045243
7440 17986 640 59.8928 1.72649 -430 1374.9 0.00506155
7440 20252 624 64.7869 5.33007 840 1206.08 0.00425546
7440 24211 662 70.0251 1.20955 -690 1530.35 0.00428329
7440 31329 626 66.6956 1.00472 530 1145.78 0.00405068
7440 35461 664 69.091 3.46517 440 1149.57 0.00400226
7440 41347 600 70.0731 5.24511 -440 1495.34 0.00776308
7440 43159 642 65.6059 1.72947 390 1284.07 0.00531315
7440 45062 674 59.4178 3.85044 -660 1308.63 0.00634824
7440 49298 598 57.6933 8.95405 680 978.701 0.00464439
7440 49668 640 63.3597 3.89963 340 1475.18 0.00646864
7440 49690 674 70.6352 2.31499 410 1868.37 0.00553059
7440 50874 624 61.3631 6.2888 510 1193.97 0.00663335
7440 51117 662 61.0398 3.96935 590 1240.09 0.00596803
7440 53001 640 58.2309 1.2093 -580 1162.69 0.00411272
7440 54103 626 62.9167 21.5244 4210 1237.97 0.00463986
7440 56325 610 70.2197 3.69909 500 1582.7 0.00610415
7440 56495 608 57.3543 2.99506 380 1258.79 0.00661959
7440 60978 598 59.4209 3.76942 600 1038.3 0.00410272
7440 66066 610 67.5383 4.6034 540 1399.18 0.00588901
7440 67153 626 58.4366 25.3347 7780 1072.06 0.00564357
7440 67607 626 62.9031 20.0557 -2780 1301.54 0.00472274
7440 71287 626 64.3185 11.6131 550 1326.93 0.00591549
7440 75917 662 66.7349 1.79172 -500 1211.08 0.00508707
7440 78918 610 64.3909 1.38674 440 1423.58 0.00432961
7440 81341 646 56.9302 1.58747 -220 1587.02 0.00440715
7440 84953 626 63.0677 17.7644 7040 1049.51 0.0055595
7440 87508 688 57.8242 3.19979 430 1264 0.00590026
7440 90512 626 59.9077 5.66395 450 1417.13 0.00608749
7440 96309 674 60.7858 8.83011 930 1418.19 0.00707445
7440 106377 642 72.2324 3.17514 -450 1548.07 0.00647821
7440 110543 642 67.6714 7.10925 1390 1281.85 0.00469992
7440 111562 674 74.8516 2.11972 640 1289.29 0.00524279
7440 114423 576 60.8113 1.99439 800 1254.35 0.00518428
7440 116661 662 63.0682 6.60167 -430 1272.63 0.00691772
7440 125356 644 68.3939 3.25207 -470 1478.31 0.0059091
7440 125916 626 61.3249 20.095 4940 1144.47 0.00469813
7440 127359 600 59.8742 2.34881 480 1429.54 0.0044677
7440 128767 642 75.092 3.00257 570 1408.04 0.00449084
7440 135369 626 58.0749 21.3289 5410 1141.32 0.0054998
7440 137212 696 76.0352 4.5828 -660 1684.54 0.0065124
7440 140466 696 67.7431 1.21694 -590 1233.36 0.00428734
7440 146742 662 66.4232 2.56001 -410 1554.06 0.00561927
7440 148687 674 63.5379 1.63945 420 1658.84 0.0048235
7440 149077 576 68.1902 3.5604 540 1411.38 0.00650571
7440 149797 626 67.9524 2.67511 -390 1268.1 0.0054081
7440 149983 646 74.1122 2.25311 490 1625.99 0.00525032
7440 151037 696 72.6829 2.15805 440 1674.78 0.00499928
7440 152751 692 58.6176 17.4851 620 1295.58 0.00798675
7440 153926 626 72.4747 10.7539 970 1549.63 0.00528978
7440 157264 626 67.1608 23.4203 6330 1113.52 0.00647311
7440 167615 662 61.606 1.45056 560 1036.42 0.00433095
7440 169813 576 59.4609 1.67404 -510 1167.72 0.00415336
7440 171548 610 66.1543 6.52967 -780 1336.38 0.0064836
7440 175259 626 58.2206 16.9982 -3060 898.547 0.00400137
