7366 349 594 64.4567 6.60225 970 1319.68 0.00488972
7366 10101 594 74.8362 5.58472 680 1591.77 0.00482587
7366 11988 644 58.4709 24.2671 3150 1054.34 0.00438894
7366 13452 662 64.1637 10.5839 630 1351.69 0.00670938
7366 36740 626 71.5081 4.28029 570 1364.8 0.00566476
7366 39116 642 71.5578 1.92594 350 1458.47 0.00533075
7366 43481 644 64.6087 1.99017 450 1220.56 0.00513147
7366 44349 662 75.9437 6.75349 -540 1615.13 0.0074688
7366 48580 662 63.1099 9.18396 560 1366.12 0.00627024
7366 50240 644 73.4226 9.18947 760 1554.84 0.00585429
7366 57988 674 58.2233 1.15744 -460 1416.1 0.00425195
7366 58455 692 73.504 9.29189 610 1685.97 0.00611998
7366 58965 598 67.9847 6.92305 720 1318.02 0.00423496
7366 66764 642 57.2452 4.0561 450 1173.03 0.00493947
7366 74550 644 59.3435 3.43586 430 1271.63 0.00567038
7366 77101 610 70.1842 3.49509 570 1579.51 0.00533469
7366 77173 674 75.7552 4.67221 1010 1436.46 0.00714968
7366 81190 576 60.0237 6.26133 410 1276.16 0.00720682
7366 85626 610 70.0088 6.28521 600 1513.91 0.00575136
7366 85929 674 64.6719 6.51762 -360 1403.88 0.00792885
7366 92824 624 67.032 1.3217 -580 1146.24 0.00430261
7366 98058 626 62.9935 25.6313 3080 957.598 0.00546247
7366 104492 624 57.6261 6.82981 780 1225.07 0.00504068
7366 115516 662 76.0983 1.61954 -570 1368.92 0.00481616
7366 117679 610 70.8246 1.42658 470 1449.63 0.00458492
7366 118540 646 62.0826 1.53896 -400 1314.48 0.00460898
7366 119093 688 76.6713 1.80535 -510 1806.22 0.00516583
7366 125846 624 67.6954 1.68372 460 1629.12 0.00477654
7366 128855 624 73.101 1.28402 -360 1960.16 0.00428038
7366 133569 688 61.3155 3.04576 420 1337.89 0.00559076
7366 135618 642 57.2627 1.64584 410 1172.03 0.00502661
7366 137242 626 63.6816 1.44466 420 1207.41 0.00472232
7366 139277 664 63.6357 6.28465 910 1203.3 0.00450098
7366 141292 662 56.9223 10.2974 790 1388.01 0.00700407
7366 142521 674 64.625 1.39558 410 1293.75 0.0045776
7366 146438 696 74.6333 3.84199 420 1577.99 0.00487176
7366 153189 624 61.01 1.82808 420 1327.46 0.00494324
7366 154269 662 58.2406 1.20395 -470 1282.81 0.00422922
7366 156413 662 61.5992 1.24552 340 1114.6 0.00425624
7366 158638 644 76.1881 5.18889 720 1615.33 0.00427538
7366 158774 642 67.9916 7.09074 790 1298.12 0.00507624
7366 162214 662 59.6378 10.9886 560 1118.47 0.00679209
