7371 5118 662 73.7596 1.14821 -530 1297.94 0.00403592
7371 12133 594 76.1154 1.12024 -470 1364.73 0.00418148
7371 13621 644 72.5316 8.04447 540 1913.5 0.00683344
7371 15313 598 57.8866 2.35273 460 1156.61 0.00555245
7371 22809 576 56.7203 1.75112 -290 1401.22 0.00521365
7371 25704 642 69.0605 3.23634 540 1173.07 0.00426564
7371 26441 594 73.9526 1.87068 530 1441.53 0.00578732
7371 39283 644 67.4712 23.1068 3070 1200.94 0.00408823
7371 45980 646 58.7461 9.46561 1050 1242.44 0.00494862
7371 48400 640 58.7816 5.03765 480 1280.4 0.00641259
7371 50848 626 68.6832 7.47661 1650 1404.35 0.00477064
7371 54131 576 56.8066 2.00301 610 1099.92 0.00460454
7371 58716 576 73.9355 1.47865 -360 1384.31 0.00497931
7371 61311 696 72.5585 3.92207 -760 1749.17 0.00625269
7371 61386 646 64.1535 2.42031 410 1431.85 0.00502993
7371 62328 600 63.5078 7.92422 1140 1237.31 0.00502221
7371 63193 696 71.2105 2.8433 420 1647.98 0.00557695
7371 65622 644 67.5035 5.09066 -440 1394.06 0.00688052
7371 68351 662 71.1457 1.48245 -490 1422.65 0.00472213
7371 76972 690 63.9299 7.12356 630 1390.33 0.00573714
7371 77083 662 76.541 2.84364 460 1573.09 0.00597913
7371 78970 626 62.1601 26.6979 3210 1271.98 0.00543858
7371 83248 664 76.3242 1.58105 -690 1820.09 0.00474061
7371 85717 600 66.0374 1.26431 -390 1845.83 0.00484044
7371 87782 598 62.6027 4.04185 500 1366.15 0.00628607
7371 90123 576 62.3397 2.39224 340 1508.23 0.00560553
7371 92556 600 66.5841 4.00993 530 1158.76 0.00432179
7371 94922 688 58.8865 7.56178 -550 1327.38 0.00724249
7371 102127 662 70.7421 1.99403 -250 1874.64 0.00496169
7371 102310 690 59.9241 4.56147 480 1302.01 0.00506203
7371 102482 624 65.8772 3.55113 500 1408.1 0.00472413
7371 103625 644 66.3292 19.2817 -5420 1044.64 0.00421911
7371 103976 594 57.2791 4.04122 1330 1339.92 0.00451452
7371 105226 674 64.4925 4.76119 740 1397.67 0.00498876
7371 108626 610 60.8854 2.66202 750 1258.39 0.00549147
7371 109477 674 61.0554 2.14074 350 1560.46 0.00562483
7371 115237 674 72.4956 2.96355 440 1795.73 0.00609821
7371 115342 674 69.9702 4.52182 -500 1633.91 0.00696253
7371 119304 674 61.4534 7.33141 870 1362.27 0.00519255
7371 119344 674 61.5031 2.31706 -440 1434.38 0.00578529
7371 121207 662 74.9625 4.03796 -650 1671.65 0.0067535
7371 122230 688 59.5385 4.52385 450 1324.76 0.00665032
7371 123029 642 65.1746 7.72088 1060 1200.28 0.00494441
7371 125576 610 61.1403 9.32179 -640 1160.31 0.00702866
7371 126724 624 68.1367 4.40244 680 1147.27 0.00489677
7371 127490 626 71.9335 14.7307 -480 1766.55 0.00733375
7371 131149 592 76.2605 4.01109 460 1242.38 0.0051565
7371 147508 664 67.0886 7.42067 530 1340.22 0.0054351
7371 147528 640 59.3412 5.9161 950 1191.84 0.00476797
7371 149202 662 70.9315 1.32066 630 1488.82 0.00430884
7371 149418 674 72.759 12.0388 630 1462.77 0.0073134
7371 158169 642 73.645 2.92912 -460 1304.81 0.00554641
7371 165956 626 63.82 18.2494 -4610 1173.99 0.00573331
7371 168819 644 62.693 22.0137 -2240 1000.14 0.00412583
7371 170834 576 59.186 1.37946 400 1410.13 0.00458364
7371 172681 662 60.8832 3.69978 -370 1400.11 0.00676734
7371 173519 696 67.4348 1.50986 -660 1509.93 0.00449898
7371 175780 662 58.697 6.71395 -440 1359.3 0.00673289
7371 175869 674 70.4794 1.1259 -380 1729.94 0.0041936
