7395 291 576 68.9013 3.11176 -480 1626.31 0.0059304
7395 6089 594 57.714 5.20085 750 1207.62 0.00505033
7395 8261 610 58.5124 2.18815 -630 1316.06 0.00536496
7395 9345 608 74.4315 4.18573 450 1308.08 0.00459096
7395 14272 664 61.6154 1.22994 820 1361.71 0.00422338
7395 18111 644 73.3119 1.95363 -280 1286.03 0.00519606
7395 19326 642 76.1158 9.78102 1290 1528.51 0.00573439
7395 19819 662 70.7548 2.54804 430 1717.3 0.00601945
7395 21044 598 57.1918 5.32941 610 1162.31 0.00494695
7395 32855 692 74.4778 1.84924 -430 1939.53 0.00536409
7395 33629 624 70.2591 13.0728 -580 1482.95 0.0075845
7395 38765 664 72.8142 4.03036 -470 1617.58 0.00476367
7395 39386 594 67.2231 2.73683 360 1452.93 0.00598607
7395 41220 608 59.5405 3.79962 600 1376.47 0.00504383
7395 41578 644 75.7442 6.02362 690 1679.27 0.00572287
7395 42707 610 59.1549 1.60168 390 1285.26 0.0047065
7395 45657 696 69.9874 1.35505 -400 1569.36 0.00440663
7395 49694 598 67.8195 13.8301 430 1646.53 0.00960487
7395 51865 576 70.6121 1.16167 -380 1557.64 0.00435265
7395 52737 624 60.1996 8.05552 -430 1435.05 0.00700346
7395 56118 640 68.1918 1.73146 510 1267.32 0.00499822
7395 58516 626 59.429 18.946 -5370 1050.59 0.00442734
7395 65483 576 67.7567 1.17493 330 1587.49 0.00437669
7395 68512 624 70.3645 1.19668 380 1506.97 0.00410079
7395 69787 662 76.048 4.13814 580 1448.2 0.00638762
7395 74518 600 71.7452 3.45472 520 1288.83 0.00418687
7395 79100 696 69.2062 1.4639 -470 1426.47 0.00445715
7395 82006 664 72.977 9.10136 1140 1628.16 0.00459888
7395 87360 624 71.9093 3.36338 860 1579.66 0.00410604
7395 89210 640 74.2209 3.45997 -420 1670.7 0.0059338
7395 94347 576 61.4612 5.04172 670 1174.48 0.00481727
7395 99697 626 68.2665 19.8891 -2930 1187.98 0.00492372
7395 100303 626 58.4725 14.5859 1660 1042.83 0.00463038
7395 102042 640 57.6763 2.09702 -430 1269.45 0.0052747
7395 110244 594 56.803 1.41785 340 1412.68 0.00510822
7395 118835 626 56.9824 1.07839 -430 1414.96 0.00400168
7395 133816 576 74.2363 8.00576 550 1661.76 0.00572369
7395 144370 576 68.517 2.6093 -330 1409.5 0.00627789
7395 144407 696 74.9867 1.32955 370 1889.14 0.00431026
7395 154389 610 72.7632 1.72326 460 1737.75 0.00460844
7395 159500 642 61.3092 3.09143 540 1009.53 0.00440517
7395 163034 576 67.7693 7.73407 540 1584.47 0.00618835
7395 170211 696 71.4661 4.82898 760 1610.94 0.00647576
7395 170968 644 71.682 1.90159 470 1507.66 0.00403361
7395 174173 664 61.0367 5.09889 580 1135.38 0.00477107
