7326 1220 674 75.3372 1.28037 -600 1582.88 0.00441237
7326 6172 674 73.3438 2.8237 530 1619.32 0.00609399
7326 10302 624 74.102 2.14652 -440 1641.85 0.00514527
7326 14041 624 62.4021 4.90521 450 1459.89 0.00512809
7326 14056 692 69.7342 4.79019 820 1364.95 0.00453454
7326 15237 626 58.0938 17.1129 5000 1214.75 0.00511823
7326 27795 600 74.4334 4.83685 500 1636.86 0.00552105
7326 32091 664 64.3417 2.28236 630 1295.98 0.00550711
7326 33034 626 59.0509 1.21871 320 1125.39 0.00425819
7326 36151 610 72.3767 2.6163 -400 1728.04 0.00564412
7326 38511 592 67.5964 12.663 -3410 1673.05 0.00907156
7326 40247 642 74.6427 6.04658 1100 1521.43 0.00435817
7326 41353 598 67.0789 9.98926 -590 1587.19 0.00807322
7326 42235 608 70.1008 10.6031 370 1682.27 0.00943639
7326 42588 662 68.1067 4.88731 380 1481.63 0.00686471
7326 42855 662 58.2158 1.81501 490 1125.17 0.00480755
7326 44045 662 58.3989 1.72437 -460 1171.66 0.00486353
7326 44081 674 70.7646 3.41009 550 1551.49 0.00659048
7326 53159 576 62.4908 5.62788 750 1293.28 0.00453787
7326 54403 688 67.632 1.90131 -330 1689.89 0.00523809
7326 55117 626 62.5516 19.7683 1280 1142.49 0.00474128
7326 57159 664 69.7346 8.12552 1220 1216.94 0.00527777
7326 61171 608 62.7443 4.36777 -680 1533.66 0.00721965
7326 61481 600 62.295 6.39616 1410 1601.14 0.00407837
7326 61937 646 76.5865 1.31288 -440 1602.55 0.0043051
7326 62226 644 61.3205 1.9892 -470 1102.05 0.00495838
7326 62742 688 63.8354 1.01503 -420 1211.58 0.00420256
7326 68267 626 57.8914 19.9919 3500 1130.93 0.0047872
7326 70903 662 67.9139 1.91716 430 1775.19 0.00507775
7326 74166 688 69.8 3.17568 480 1416.71 0.00412303
7326 74351 690 65.3687 1.826 -370 1640.17 0.00530185
7326 77622 688 63.4301 23.5642 -2540 1165.71 0.00419793
7326 78121 608 65.0028 2.64957 590 1408.98 0.00670362
7326 81420 646 60.0817 1.22728 500 1157.1 0.00422633
7326 81454 626 72.4441 13.7697 1010 1641.89 0.0064126
7326 81899 662 71.9146 6.27069 540 1553.73 0.00699423
7326 83725 598 57.6822 26.5329 -4660 1090.43 0.00436985
7326 86983 674 64.7433 1.64834 1010 1263.86 0.00427901
7326 92836 688 62.3379 2.36488 420 1239.39 0.00511146
7326 95897 600 67.541 3.06983 -450 1569.81 0.0065467
7326 97521 696 73.1981 1.95701 -270 1641.49 0.0049526
7326 100232 662 69.1781 6.49378 480 1657.17 0.00689243
7326 100412 640 63.4672 3.8254 840 1228.91 0.0041295
7326 100874 576 72.1598 6.12218 680 1615.68 0.00493038
7326 102571 594 62.4128 1.60813 -470 1101.83 0.00500539
7326 108928 662 57.7774 2.98608 -430 1423.59 0.00584592
7326 115611 610 67.8606 2.19968 710 1508.25 0.00503238
7326 124444 674 69.4804 1.94496 270 1623.69 0.00511122
7326 130110 644 70.7216 1.16175 -630 1461.8 0.00410494
7326 131449 696 58.5522 9.82829 -500 1387.84 0.00650649
7326 139575 674 64.4089 5.60752 690 1509.36 0.00687894
7326 141440 644 57.8982 5.16757 -480 1291.31 0.00656118
7326 143165 576 61.5419 2.88677 450 1336.28 0.00433953
7326 144278 624 62.1669 2.9798 430 1217.05 0.00403471
7326 145192 594 59.2161 25.4316 -1170 1054.61 0.00424104
7326 155986 664 67.6993 1.9005 590 1148.24 0.00453549
