7547 12109 576 59.1982 7.14207 450 1412.8 0.00704728
7547 12151 674 62.6652 1.17322 380 1427.96 0.00432946
7547 15071 594 60.8166 3.74179 410 1303.5 0.00583187
7547 15180 696 70.2099 1.29787 590 1466.73 0.00446518
7547 15956 626 63.1787 20.8287 2070 1349.88 0.00586827
7547 16649 598 61.9589 11.0941 390 1689.46 0.00812686
7547 17319 600 76.5651 1.26976 -570 1580.48 0.0048243
7547 18758 642 75.9639 7.09606 510 1582.2 0.00507099
7547 19663 662 76.3842 1.45645 550 1381.74 0.00457408
7547 20725 674 69.0564 2.17099 -680 1418.57 0.00565215
7547 24994 642 74.3843 1.45968 -370 1295.42 0.0047202
7547 29621 626 57.6615 22.8881 2600 1225.33 0.00803801
7547 31510 576 65.0575 5.57664 -390 1176.26 0.00743181
7547 33462 626 74.5054 5.03459 410 1474.99 0.00446154
7547 35118 576 72.7418 9.71383 1000 1513.43 0.00522636
7547 39879 576 72.1989 2.51924 350 1664.62 0.0057831
7547 42998 662 58.546 9.65301 740 1350.12 0.00683423
7547 50031 624 62.7411 9.38189 1190 1270.15 0.00511965
7547 50479 624 60.1921 2.53452 370 1369.78 0.00543392
7547 52839 690 61.128 27.3719 3570 1053.36 0.00401882
7547 53971 688 66.3463 1.44065 460 1509.97 0.00468997
7547 56100 642 67.567 2.37151 480 1485.34 0.00581541
7547 61624 692 68.1753 18.2614 660 1601.2 0.00810277
7547 74537 576 75.0277 10.7441 1410 1705.15 0.00578175
7547 75143 688 66.8286 1.29649 -430 1747.62 0.00429326
7547 75154 664 67.5007 5.45931 700 1429.74 0.00501846
7547 76407 644 76.0214 3.03724 400 1762.91 0.00663411
7547 77052 626 58.5191 20.4124 7000 1022.53 0.0042076
7547 77884 640 63.7043 3.06491 -410 1406.81 0.00600432
7547 78276 696 74.5398 1.38332 -460 1595.39 0.0043403
7547 78390 696 74.9998 1.98141 540 1490.53 0.0052785
7547 84379 610 60.2222 7.54436 -590 1262.52 0.00678209
7547 84392 662 73.0033 10.8223 -420 1487.29 0.00779205
7547 88703 576 70.1563 3.28089 -590 1547.62 0.00610874
7547 90451 576 61.5201 3.31724 350 1423.45 0.0054029
7547 93124 626 70.9598 1.22349 -380 1710.17 0.00434154
7547 94515 576 56.7461 6.40594 -390 1474.32 0.0072996
7547 105150 690 65.0895 3.53231 560 1349.76 0.00496286
7547 108388 674 60.0509 4.73669 1400 1298.96 0.00694027
7547 109800 598 57.2144 8.62681 1350 1137.94 0.00480801
7547 115298 624 59.0552 5.32718 700 1132.66 0.0040968
7547 121860 640 63.0311 7.91783 790 1381.21 0.00527124
7547 121866 626 61.2397 21.3044 -3700 1262.93 0.00571403
7547 124421 598 66.4342 23.5487 -3070 1269.42 0.00423633
7547 125782 598 65.9256 2.60005 530 1239.83 0.00578571
7547 126310 592 57.9972 5.83225 460 1370.27 0.00714108
7547 131432 674 67.8057 1.06467 -370 1385.43 0.00424872
7547 132209 608 75.8037 6.08396 400 1570.54 0.00817542
7547 138993 662 58.1253 2.84932 -410 1340.75 0.00571761
7547 143240 624 65.3545 5.14155 690 1220.99 0.00482159
7547 148433 664 76.6905 1.4328 -650 1444.09 0.004422
7547 150109 576 62.2667 1.60781 360 1252.67 0.00496188
7547 155944 610 71.843 11.2879 730 1604.59 0.00804648
7547 158586 664 74.9263 2.18249 -650 1416.29 0.00533925
