7493 1629 664 68.9946 5.41311 570 1446.94 0.00477411
7493 6223 674 67.8781 1.83632 -490 1394.59 0.0052128
7493 19944 640 61.8763 5.69776 -520 1448.29 0.00681646
7493 20377 664 73.7709 1.0708 410 1497.9 0.0040541
7493 20523 688 68.389 5.53574 1020 1296.47 0.00423241
7493 23706 644 61.4883 10.0325 760 1353.17 0.00589679
7493 24725 696 59.952 1.80888 360 1128.89 0.00418939
7493 29010 598 58.5232 1.96666 -430 1247.98 0.00541751
7493 31371 640 72.8692 2.98557 -380 1597.8 0.00620259
7493 31901 690 64.7724 3.04094 -470 1245.75 0.00620654
7493 51077 692 61.8601 1.18298 340 1430.22 0.00443258
7493 52009 610 56.7625 2.16758 730 1259.89 0.00495045
7493 67562 664 73.6508 1.27855 -490 1432.93 0.00435009
7493 71499 688 73.5423 9.22129 740 1779 0.00566752
7493 74535 674 68.8596 1.49497 1140 1352.76 0.00467452
7493 77426 610 57.5338 3.2619 -690 1365.08 0.00585393
7493 83764 642 76.1011 2.40169 440 1746.2 0.00574377
7493 85001 674 65.9658 2.41464 -520 1309.17 0.00592123
7493 86879 662 68.7079 1.79181 480 1188.51 0.00402133
7493 88154 576 62.9178 2.93052 460 1210.1 0.00430721
7493 96504 640 69.5226 4.71056 520 1486.51 0.00471411
7493 97016 690 64.6537 1.58326 -360 1660.65 0.00501827
7493 99201 640 61.9809 9.19356 540 1494.25 0.00627431
7493 99360 662 66.1059 2.14938 530 1455.33 0.00519659
7493 107919 690 66.9808 2.79776 570 1486.03 0.0061652
7493 110538 610 68.9076 6.23404 670 1441.73 0.00508326
7493 112572 594 68.7193 1.88354 400 1398.22 0.00551095
7493 113656 646 67.9785 3.41748 620 1271.71 0.00416951
