7426 1500 598 74.5418 6.59816 660 1406.72 0.00433951
7426 1779 674 65.0517 5.29975 430 1557.2 0.00748504
7426 2069 644 58.1493 6.96918 610 1290.91 0.00615129
7426 3360 696 56.9859 22.2614 -3940 1095.33 0.0042776
7426 3446 610 62.5334 5.59709 -820 1564.73 0.00629784
7426 4487 674 70.3228 3.63681 600 1459.34 0.00433768
7426 5838 626 63.0638 22.0665 -5160 1073.35 0.00421201
7426 6920 674 57.5957 3.01857 430 1348.64 0.00582009
7426 9697 642 71.664 2.19733 470 1580.5 0.00550375
7426 10140 696 61.5964 12.871 530 1513.79 0.00686423
7426 11097 692 68.7884 14.0742 600 1514.79 0.0082659
7426 11984 688 64.3652 4.50974 540 1446.26 0.00597741
7426 12755 674 66.5646 2.86058 -420 1324.07 0.00571024
7426 15919 644 74.519 8.15415 1020 1722.22 0.00743123
7426 16545 662 58.0699 1.33456 600 960.014 0.00429073
7426 19657 642 64.8551 5.41933 490 1321.19 0.00529565
7426 20084 626 58.9531 22.4783 3120 1108.88 0.00506165
7426 21483 662 58.7911 3.99243 420 1465.17 0.00644115
7426 26419 662 56.7412 1.88294 350 1020.88 0.0053581
7426 29052 690 63.0639 9.48694 750 1371.7 0.00424787
7426 38140 644 58.0029 7.58121 530 1248 0.00520039
7426 39969 642 60.0648 6.83555 770 1342.37 0.00582053
7426 40137 624 57.9842 3.39712 -1310 974.858 0.00472284
7426 41957 674 57.0642 5.17598 -450 1448.82 0.0066373
7426 49970 626 58.5565 20.4059 6700 1181.58 0.00620298
7426 51755 662 68.2213 6.01808 670 1577.79 0.00665576
7426 53042 674 64.7244 3.09475 -430 1627.95 0.00636886
7426 59724 598 76.008 2.02684 -400 1721.72 0.00553987
7426 71082 662 74.7412 7.35189 790 1572.24 0.0069593
7426 71814 692 64.5767 6.56412 390 1408.13 0.00724497
7426 78192 690 57.6984 4.32258 540 1358.31 0.00652244
7426 84166 696 57.912 1.5723 -930 1208.98 0.00418297
7426 87066 692 63.6228 7.73134 -580 1239.12 0.00716806
7426 95262 688 72.0912 1.46107 420 1534.1 0.00469153
7426 109104 626 62.9817 4.31882 460 1202.15 0.00547123
7426 113674 674 65.4944 4.54126 -400 1214.74 0.00704042
7426 115662 592 61.0368 3.50623 430 1503.42 0.00679927
7426 116281 576 69.227 2.98156 370 1983.21 0.00578153
7426 124371 662 74.7695 1.82873 -530 1191.06 0.00534014
7426 128553 592 61.3739 5.55971 670 1675.99 0.00553716
7426 129089 598 74.9258 3.42282 -520 1440.94 0.00645612
7426 129440 674 68.7899 2.13844 430 1716.62 0.00547551
7426 129653 640 69.291 3.02336 -570 1351.88 0.00599078
7426 131098 662 57.8815 1.38279 480 1351.12 0.00442802
7426 133382 646 68.9246 1.22812 630 1526.64 0.00433608
7426 138444 664 62.3889 5.3036 570 1193.8 0.00516959
7426 140358 688 71.7479 1.79516 530 1353.09 0.00520799
7426 144805 610 58.9578 1.39754 -380 1386.07 0.00446506
7426 146350 610 70.5151 1.63649 430 1564.69 0.00461077
7426 148082 664 66.9324 2.33684 510 1388.81 0.00532167
7426 150662 662 72.1968 1.42433 450 1680.61 0.00446159
7426 159103 662 65.0124 1.17293 350 1437.18 0.0041644
7426 160899 646 59.5967 5.3701 430 1451.92 0.00531971
7426 168550 688 64.3849 1.24999 410 1386.12 0.00425779
7426 168889 640 56.7251 2.21171 320 1225.92 0.0053431
7426 169082 624 61.4033 9.55708 -400 1336.45 0.00747093
7426 173290 644 57.8612 3.37551 610 1006.82 0.00411502
7426 173750 696 57.5316 1.01833 -350 1339.9 0.0040091
7426 175984 610 59.2258 3.7791 910 1255.79 0.00514535
7426 176010 642 60.8692 2.54292 470 1021.04 0.00411292
7426 177355 674 62.5838 1.89079 -430 1356.68 0.00516099
7426 180212 690 67.8922 1.13992 -420 1425.61 0.00427037
7426 182307 576 62.172 4.80067 -480 1292.12 0.00633364
7426 184159 696 57.8784 5.87989 460 1381.31 0.00567001
7426 185381 598 70.0731 1.17874 550 1365.39 0.00453848
