7424 9866 594 61.2922 4.2985 520 1303.71 0.00451383
7424 12492 646 60.6333 4.45849 510 1382.54 0.00447259
7424 20599 688 65.947 3.49968 -500 1249.28 0.00646834
7424 21111 696 64.632 3.7389 -550 1388.22 0.00628602
7424 21545 696 66.6378 2.11381 590 1244.97 0.00508605
7424 25010 646 65.7049 2.79947 670 1223.15 0.00585363
7424 29235 640 59.6553 4.24836 410 1263.38 0.00608978
7424 29295 664 75.508 7.53113 500 1394.93 0.00490594
7424 30098 576 72.3574 2.05532 420 1734.04 0.00522562
7424 31230 690 67.793 3.72471 380 1484.05 0.00658278
7424 32932 576 73.481 4.62533 -500 1311.37 0.00717978
7424 33816 626 63.8214 19.8166 -4070 1246.24 0.00503788
7424 34652 626 66.778 15.7363 4140 1304.49 0.00527269
7424 35376 624 74.4651 2.41256 -320 1555 0.00562968
7424 35822 576 59.3339 3.77774 -460 1489.31 0.00643099
7424 37642 608 62.2936 1.90942 520 1219.41 0.00432368
7424 41182 626 58.7153 20.1781 -4610 893.15 0.00533102
7424 41496 576 62.8029 1.39991 480 1322.55 0.00472669
7424 45844 640 75.467 4.89646 540 1463.95 0.00505026
7424 47077 598 70.7144 3.6521 -480 1700.01 0.0067656
7424 55855 662 76.6955 1.88747 -360 1885.43 0.00525915
7424 59547 624 70.7177 6.64649 -530 1700.88 0.0067879
7424 71273 644 60.2572 1.0791 640 1372.82 0.00406383
7424 74279 624 74.8537 4.13785 570 1344.66 0.00636056
7424 78718 674 69.6058 8.71286 660 1460.58 0.0062509
7424 80506 642 71.9931 3.64097 630 1384.56 0.0045725
7424 88816 576 65.3125 2.4951 -510 1367.18 0.00565589
7424 89145 664 57.1459 1.85848 -610 1244.13 0.00479124
7424 91337 696 60.3779 11.3757 -760 1251.32 0.00729139
7424 93791 644 68.6452 13.2226 580 1376 0.00803717
7424 99909 576 69.7226 1.95101 -400 1557.78 0.00537088
7424 101691 640 74.4223 2.55985 390 1349.5 0.00412712
7424 110261 674 67.4503 1.82959 -630 1461.46 0.00516665
7424 113737 576 69.3708 1.38438 -450 1633.67 0.00458819
7424 115164 576 75.6846 5.30321 -650 1502.71 0.00704115
7424 119473 692 58.4299 15.3842 610 1180.5 0.00774409
7424 122799 674 57.1017 1.46602 350 1048.59 0.00402309
7424 123778 696 63.5688 7.31811 490 1411.98 0.00667558
7424 125123 626 56.7185 6.80457 1360 1084.68 0.0045274
7424 130906 624 62.4667 5.11411 520 1295.82 0.00477094
7424 134128 598 62.2013 6.43973 510 1220.83 0.00527099
7424 135965 626 57.1248 23.5366 7120 983.243 0.00583525
7424 137405 674 59.4826 2.28802 -500 1206.15 0.00560921
