7582 430 576 67.4594 7.38066 760 1414.01 0.00537471
7582 524 690 60.1469 1.70925 630 1363.44 0.00447155
7582 2461 662 62.5067 3.96557 -590 1323.5 0.00568919
7582 5548 576 59.0978 2.78578 410 1297.97 0.00572674
7582 7710 624 76.6636 4.08949 620 1358.02 0.00441416
7582 11891 610 64.005 1.20116 -390 1180.17 0.00412585
7582 13215 644 62.8205 1.56012 -590 1332.38 0.00470925
7582 19613 594 72.0096 4.10437 630 1427.35 0.00438952
7582 23019 664 64.7133 3.18596 770 1178.84 0.00427887
7582 23847 662 61.9685 3.77523 -440 1258.1 0.00628256
7582 36860 688 65.1835 3.94113 410 1384.65 0.00608248
7582 42089 644 59.2466 1.50028 450 1290.4 0.00458881
7582 42811 626 74.8443 6.56165 900 1381.5 0.00450976
7582 48692 592 75.1825 1.96051 500 1882.14 0.00579293
7582 48849 674 67.1114 3.26118 460 1657.78 0.00622119
7582 56032 610 64.0038 4.88744 -530 1291.17 0.00556295
7582 57722 644 72.3356 7.2259 840 1632.89 0.00470127
7582 64311 624 60.5802 1.37069 -360 1344.13 0.00439851
7582 64686 692 74.4102 2.52905 -340 1884.89 0.00604007
7582 70642 598 62.0121 6.18707 600 1317.36 0.00484019
7582 74957 674 67.8747 1.96213 340 1362.76 0.00479912
7582 79519 608 57.4923 1.98863 610 1219.65 0.00594679
7582 81603 610 75.3425 8.52699 650 1566.35 0.006734
7582 86686 626 69.5308 20.94 7960 1302.55 0.00591783
7582 89974 674 59.1553 5.03982 550 1442.03 0.0059105
7582 91918 640 64.1196 3.42444 430 1360.76 0.00595623
7582 92109 608 66.6223 1.86712 -420 1600.81 0.00587728
7582 101409 600 62.3788 2.5271 390 1230.11 0.00589604
7582 105413 610 63.1197 1.35434 560 1245.81 0.00408509
7582 105595 662 62.5097 11.6933 1370 1457.32 0.00704763
7582 114111 662 59.5035 2.09961 410 1259.16 0.00514066
7582 116568 598 71.8196 7.30734 860 1502.43 0.00474644
7582 116804 662 59.3359 2.13105 490 991.227 0.00478926
7582 126565 644 63.6759 10.9996 860 1424.27 0.00571782
7582 133718 674 73.5004 1.0183 350 1469.64 0.00410763
7582 140738 646 57.6874 2.72423 -520 1316.83 0.00561256
7582 150947 624 56.857 6.67823 880 1295.34 0.0049508
7582 153691 644 70.2035 3.93113 -410 1748.1 0.00644026
7582 155722 626 65.2729 17.3556 -5910 1159.05 0.00422438
7582 157030 696 59.804 1.98634 -370 1469.59 0.00513532
7582 161561 646 68.1116 2.81935 420 1170.08 0.00419675
7582 165007 662 63.7896 5.20906 560 1453.59 0.00565394
7582 167099 674 72.373 1.32664 -570 1540.01 0.00466445
7582 169080 576 69.4013 3.46173 -480 1532.74 0.00650122
7582 173565 662 70.897 1.52033 400 1728.84 0.00459897
7582 173778 598 57.8515 3.50747 -560 1032.14 0.00471725
7582 175010 688 56.7099 5.99387 510 1269.62 0.0052857
7582 176014 592 71.2171 9.05467 400 1587.13 0.00899288
