7350 95 610 64.4162 2.52142 940 1278 0.00575544
7350 10278 576 63.1077 3.4039 420 1323.05 0.00490768
7350 10787 640 60.0704 2.52951 420 1285.19 0.00569315
7350 15078 594 60.7043 2.72576 -430 1080.24 0.00615442
7350 17537 696 74.3026 2.9564 -590 1207.77 0.00490545
7350 19279 674 75.1052 4.3113 -430 1647.21 0.00667315
7350 19989 626 58.1761 12.8303 440 1240.14 0.00719796
7350 20145 662 64.8472 3.11407 770 1542.35 0.00616298
7350 20395 576 57.3184 26.1774 -5050 1151.39 0.00418452
7350 24230 600 70.315 2.16922 -370 1726.78 0.0059205
7350 24731 674 75.6925 9.86834 620 1747.13 0.00694537
7350 25605 600 72.9587 1.32215 590 1646.96 0.00496495
7350 26559 576 61.0353 7.20922 -500 1335.34 0.00743685
7350 26682 662 63.7392 1.3597 -380 1506.67 0.00427072
7350 28722 626 68.4947 20.1312 7230 1100.45 0.00414412
7350 37800 626 68.7425 4.69181 -430 1322.59 0.00646005
7350 51651 642 73.9603 8.70146 1220 1481.44 0.00457513
7350 52174 642 59.0092 2.07286 350 1203.75 0.00526698
7350 59915 646 74.7469 2.91225 -420 1458.17 0.0061491
7350 63510 674 58.4084 5.25789 500 1348.49 0.00671432
7350 69551 576 60.4453 2.60827 660 1059.04 0.00577898
7350 70749 608 73.5763 5.27063 700 1402.04 0.00539769
7350 74254 626 66.6205 1.8643 470 1468.12 0.00493635
7350 74970 644 74.0381 2.06015 -430 1338.94 0.00553345
7350 75004 626 70.6829 1.00803 380 1354.04 0.00401653
7350 75830 598 70.5657 3.72595 -380 1551.85 0.00719217
7350 82465 626 69.7552 12.5484 2640 1625.76 0.00600166
7350 84006 688 58.8977 3.9783 560 1303.6 0.00696906
7350 87178 644 75.5153 8.69182 530 1689.54 0.00613915
7350 92984 576 71.5474 1.10138 -390 1531.49 0.00426867
7350 93425 664 67.6201 5.56127 530 1494.78 0.00517616
7350 94654 640 62.1231 1.99571 500 1327.67 0.00523678
7350 96524 610 59.0256 1.18456 -320 1165.92 0.0042327
7350 97725 608 66.1621 4.32276 -460 1675.52 0.00740175
7350 104982 608 74.7938 2.76488 440 1553.85 0.00505982
7350 110186 608 70.6644 2.03168 440 1361.06 0.00533154
7350 111340 640 59.804 1.13367 -460 1181.52 0.0041659
7350 113449 592 61.4944 1.12393 -330 1251.18 0.00451464
7350 115160 696 70.0975 1.68697 860 1420.94 0.0046424
7350 127994 600 71.8509 6.13631 1090 1526.97 0.00447193
7350 130024 646 64.4815 1.11324 440 1438.7 0.00424211
7350 137911 688 71.6132 5.06422 -430 1752.12 0.00703362
7350 150844 626 60.5445 18.467 -3690 1205.95 0.00508614
7350 154011 674 76.5573 8.20265 360 1784.15 0.00766213
7350 155353 674 66.8427 6.11327 -750 1669.88 0.00735204
