7313 2908 640 58.1848 4.83547 570 1050.6 0.0053416
7313 4189 642 76.4697 8.47894 640 1551.16 0.00593761
7313 4426 642 64.6367 1.39829 -380 1492.26 0.00474577
7313 6361 610 74.4333 3.39088 -420 1382.03 0.00546423
7313 8208 642 59.84 2.45128 -450 1283.44 0.00552807
7313 10234 610 71.8386 9.72675 1170 1540 0.00531434
7313 15653 626 61.0413 8.01575 850 1059.58 0.00406426
7313 21830 690 68.7417 4.69303 760 1512.22 0.00697212
7313 22604 664 71.3442 2.04312 -420 1831.54 0.00550627
7313 24533 662 56.8493 3.97469 -440 1291.3 0.00635365
7313 25182 608 72.4398 2.33 -370 1718.26 0.00651655
7313 31571 644 66.9703 2.24356 430 1407.7 0.00518382
7313 32301 690 71.9835 3.07713 430 1449.83 0.00503674
7313 36081 644 58.5518 3.00409 560 1007.25 0.0056386
7313 40034 626 62.3031 18.9645 -2910 1235.6 0.00568069
7313 42762 598 61.7921 9.76127 1580 1504.82 0.00535122
7313 50810 674 66.2689 4.06274 790 1258.17 0.00460491
7313 52815 690 64.9164 10.8985 -550 1698.86 0.00809415
7313 58388 576 71.0192 4.20483 -390 1766.57 0.00704342
7313 58800 696 76.3112 1.35269 -360 1592.2 0.00435061
7313 60882 610 61.3187 6.47513 760 1285.02 0.00480338
7313 60954 662 73.7856 1.31403 -370 1516.77 0.00461711
7313 62144 662 70.9624 1.81932 430 1557.28 0.00492021
7313 66359 624 70.4311 8.67373 530 1235.75 0.00590668
7313 68292 662 67.4921 2.19606 530 1225.31 0.00540415
7313 72308 692 61.9951 15.567 530 1236.85 0.00587263
7313 76060 644 62.849 6.01693 520 1356.38 0.00541868
7313 79877 600 58.5932 8.63192 580 1383.09 0.0061846
7313 80379 692 70.1818 2.30351 490 1330.09 0.00563964
7313 82460 626 56.7809 24.1475 7740 1007.49 0.00421554
7313 85035 674 63.3378 3.60642 -400 1606.91 0.00676868
7313 88185 644 71.6303 7.40133 630 1357.19 0.00599424
7313 96843 610 64.1671 1.74653 340 1283.62 0.00428861
7313 98505 624 65.9947 5.45755 650 1293.19 0.0054797
7313 102650 626 65.4328 25.4857 5990 971.234 0.00458141
7313 104052 626 57.7247 15.362 -2320 868.023 0.00429127
7313 106722 688 69.6305 1.81487 350 1545.63 0.00511741
7313 107093 644 74.0098 6.28808 680 1569.14 0.00506697
7313 108822 610 65.5752 1.8589 350 1319.1 0.00476381
7313 114031 688 68.0086 4.53333 470 1449.29 0.00466858
7313 123382 626 76.0777 6.48781 680 1614.92 0.00515937
7313 129012 690 70.7448 2.60932 650 1682.7 0.00581793
7313 131328 626 61.375 23.7665 8030 1236.22 0.00551324
7313 132414 576 73.7823 4.92317 -380 1407.28 0.00714215
7313 141183 690 63.8943 1.46268 530 1428.99 0.00503312
7313 142512 598 69.072 1.77277 420 1343.06 0.00530442
7313 145821 598 74.7372 8.90143 1220 1946.01 0.00519587
7313 160261 598 69.1828 6.80375 500 1616.92 0.00746434
7313 162447 674 73.0994 1.34958 -470 1578.32 0.00446071
7313 163517 640 69.7617 1.19337 -370 1400.62 0.00432383
7313 164022 662 68.413 10.5242 -510 1330.75 0.0049764
7313 170402 610 66.2049 3.23769 420 1586.1 0.00545464
7313 170916 624 72.9596 4.09283 520 1565.88 0.0041547
7313 171933 576 71.7695 5.42 400 1693.77 0.0074972
