7394 18 598 58.1126 1.89803 -530 1314.32 0.00527682
7394 16043 594 57.5543 1.20354 400 1260.98 0.0045937
7394 18092 674 68.8546 2.17498 -540 1543.78 0.00565662
7394 22135 674 64.7523 2.34583 -430 1320.52 0.00553788
7394 29294 624 58.2528 1.77692 420 1510.56 0.00485771
7394 40136 662 61.3482 10.3396 510 1445.71 0.00676688
7394 44928 690 59.7388 6.09717 690 1332.1 0.00496285
7394 47349 598 76.6275 5.05492 1040 1392.02 0.00400917
7394 49566 642 66.669 3.23717 540 1349.37 0.00513357
7394 51372 594 73.9751 8.50014 970 1997.97 0.00619628
7394 52978 626 59.3364 18.6839 6450 1105.06 0.00594339
7394 54791 696 59.3869 6.99609 630 1205.93 0.00676644
7394 57435 674 69.3781 2.10281 -380 1738.65 0.00554549
7394 62772 640 70.9842 1.42728 340 1229.37 0.00420663
7394 63556 642 60.5093 6.20062 560 1124.96 0.00540806
7394 65241 662 69.2341 1.67962 380 1660.54 0.00482349
7394 68545 594 65.1289 3.55344 480 1683.34 0.00695915
7394 70727 592 66.2469 11.5806 430 1749.25 0.00916659
7394 73887 626 71.7135 22.6755 6330 1167.19 0.0040315
7394 74053 600 68.3145 2.3864 400 1635.83 0.00629397
7394 78823 674 72.0054 3.39114 390 1818.15 0.00654983
7394 79835 626 66.1304 3.79044 580 1276.11 0.0058944
7394 82835 626 70.5645 1.11032 450 1293.81 0.00422521
7394 85140 674 65.37 4.31438 390 1577.05 0.00654136
7394 86939 692 59.0457 6.45025 690 1280.91 0.00467963
7394 87567 664 65.3356 1.58041 -410 1491.3 0.00484569
7394 91328 598 72.0493 5.26034 -510 1502.38 0.00699347
7394 92026 674 70.0855 1.30908 -760 1346.97 0.00445723
7394 92783 674 62.279 1.72302 510 1393.58 0.00491108
7394 94726 642 67.7942 22.0712 -3480 1041.37 0.00411429
7394 95012 690 76.0776 2.84958 -600 1574.4 0.0060885
7394 98662 642 73.6252 5.31564 520 1343.17 0.0042516
7394 100403 674 60.1969 2.25831 330 1185.9 0.00543411
7394 100750 692 75.7925 19.0551 860 1929.29 0.00862339
7394 106187 642 68.0069 1.07007 430 1111.29 0.00406154
7394 121217 674 73.2321 1.39487 380 1663.48 0.00451134
7394 123479 594 75.2759 6.58086 570 1742.77 0.00493285
7394 137441 626 73.7641 1.56887 400 1612.7 0.00461691
7394 139822 674 57.9785 1.55634 480 1038.28 0.00447127
7394 143703 600 65.817 2.75191 650 1620.73 0.00622522
7394 144813 576 64.943 6.53759 -480 1561.43 0.00766828
7394 147618 674 62.5088 1.22723 480 1526.84 0.00431579
7394 149258 576 71.3708 1.05704 -460 1370.13 0.00421951
7394 159763 598 62.5689 3.30533 -400 1754.28 0.00534345
7394 160652 690 64.5493 1.21569 -390 1674.37 0.00439587
7394 160823 608 59.7804 4.1558 580 1189.09 0.00521346
7394 164824 688 72.9339 1.98171 420 1518.01 0.00565029
