7399 31 592 75.1635 3.92269 430 1765.98 0.00503491
7399 2695 640 59.5598 9.54963 450 1428.12 0.00693117
7399 3802 662 76.2519 8.7101 670 1427.07 0.00767612
7399 11319 674 71.7932 1.81091 -520 1410.19 0.00503251
7399 13120 692 56.921 6.25386 540 1013.58 0.00559921
7399 14258 674 61.3747 5.0427 400 1603.12 0.00685441
7399 15037 624 62.5683 3.68544 460 1141.6 0.00425495
7399 15579 644 60.7776 6.52366 420 1318.22 0.00584984
7399 17198 644 68.6108 1.05596 -360 1627.43 0.00403643
7399 17584 664 67.0049 6.21917 -590 1593.47 0.00691368
7399 23337 626 73.1234 2.02052 -340 1449.45 0.00542719
7399 25798 624 65.4015 9.19995 490 1456.59 0.00648483
7399 26597 598 69.1423 1.29625 520 1239.87 0.00469322
7399 26718 598 60.2162 7.12544 1410 1255.3 0.0045868
7399 29477 626 60.8926 1.35939 -460 1027.1 0.00451656
7399 30746 626 67.3121 22.328 7420 1389.64 0.00515825
7399 31617 688 64.7704 2.90675 410 1478.65 0.00612134
7399 32397 664 59.0617 6.12442 510 1308.66 0.00504348
7399 37989 598 75.8372 6.3472 1080 1467.37 0.00432703
7399 50195 644 72.8252 3.10621 630 1284.52 0.00571145
7399 51597 690 56.7611 1.52494 -500 1305.53 0.00487416
7399 54137 696 73.3051 2.14998 480 1679.77 0.00532847
7399 58901 674 75.1191 3.3156 630 1607.14 0.00658316
7399 59825 598 72.7396 6.95738 1320 1551.04 0.00434839
7399 60136 626 76.0079 1.63412 -430 1300.41 0.00506203
7399 61671 664 69.77 1.46829 620 1340.88 0.00470665
7399 62091 646 62.5799 3.14852 440 1455.24 0.00566513
7399 62193 644 69.9155 5.17717 690 1277.51 0.00430502
7399 67674 692 60.918 18.2198 750 1406.68 0.00820993
7399 83438 576 61.2337 10.2534 920 1278.3 0.00652207
7399 84983 674 61.8008 2.6153 440 1467.08 0.00590128
7399 90052 592 68.8534 11.6234 500 1568.29 0.00702689
7399 92124 642 70.6016 9.17988 490 1530.1 0.00626552
7399 93073 640 65.7595 3.12869 -390 1658.77 0.00621307
7399 99277 674 60.9002 1.94681 350 1448.01 0.00492814
7399 105189 610 66.5258 6.53606 570 1501.47 0.0051433
7399 111842 626 61.8195 7.57894 440 1309.15 0.00693444
7399 117305 576 68.196 4.31588 490 1448 0.0048214
7399 120092 640 66.0573 5.34141 480 1418.19 0.00510329
7399 124469 690 69.6732 1.29738 350 1758.2 0.00455932
7399 126136 592 66.2052 7.76658 580 1723.02 0.00576582
7399 130371 598 69.6046 2.64328 440 1210.8 0.00403206
7399 137829 624 67.5136 7.03883 550 1222.15 0.00589448
7399 138391 610 72.7114 1.94157 -520 1450.23 0.00494128
7399 139707 624 73.0395 5.81121 530 1486.49 0.00434662
7399 140742 624 71.3644 1.72234 420 1354.16 0.00473941
7399 143672 696 66.0034 5.64818 410 1481.91 0.00698178
7399 145090 610 65.2252 2.46503 700 1331.21 0.00518703
7399 149719 610 63.0313 3.40269 420 1286.17 0.00530326
7399 156445 598 59.5178 28.5179 -4320 1000.54 0.00434828
7399 158811 664 62.2036 4.56967 660 1397.48 0.00679533
7399 159886 594 76.4413 4.2197 -430 1901.22 0.00767028
7399 163699 576 64.8701 3.49968 -450 1540.75 0.00685402
7399 165326 674 68.3394 5.56319 610 1680.32 0.00604739
7399 167315 692 56.9002 3.11895 -370 1526.33 0.00625363
