7328 447 600 72.8959 1.41224 -590 1198.41 0.00491454
7328 3480 662 62.3424 9.27739 680 1361.16 0.0061832
7328 5679 662 62.9537 3.54356 950 1272.26 0.00535302
7328 6340 640 68.2433 1.20669 -380 1495.5 0.00427201
7328 6616 624 66.7429 6.32063 750 1477.73 0.00459656
7328 7158 690 74.3579 12.4628 460 1706.01 0.00727829
7328 8426 626 60.7007 24.9439 -2770 1168.35 0.00457676
7328 12620 600 68.9685 1.31323 -450 1416.28 0.00486047
7328 14491 626 65.5622 17.3805 5760 1329.45 0.00505677
7328 14879 674 57.2218 2.49462 820 1127.36 0.00511868
7328 17242 640 58.7852 11.3013 1210 1290.96 0.00553235
7328 18685 610 71.9534 1.15243 -420 1379.25 0.00418326
7328 31538 674 71.3862 6.6365 1670 1481.26 0.00454674
7328 34210 640 62.761 1.10948 430 1435.39 0.00404092
7328 37653 674 59.1761 5.38996 -830 1156.48 0.0067527
7328 38326 674 74.7845 4.01922 -750 1984.3 0.00653392
7328 39123 674 63.3376 1.02644 400 1220.66 0.00406828
7328 42250 610 72.9412 5.96641 960 1498.65 0.00435265
7328 42413 626 68.665 11.2957 380 1636.4 0.00750552
7328 43416 662 63.6888 1.64502 -550 1074 0.0047632
7328 46004 674 61.6271 7.18806 400 1411.66 0.00725926
7328 52308 600 75.8681 4.13719 580 1330.21 0.0041587
7328 58711 662 67.7298 1.91013 440 1324.1 0.00422081
7328 63923 664 60.2316 7.17372 490 1316.37 0.0056648
7328 75957 640 70.6341 6.8704 410 1710.8 0.00768778
7328 76731 644 62.6425 4.09155 480 1367.73 0.00639198
7328 79813 674 59.4629 2.75739 -550 1257.95 0.00568905
7328 80740 664 58.1105 4.24046 -600 1140.05 0.00609593
7328 81398 642 64.3815 5.64799 420 1428.8 0.00569457
7328 83595 662 63.5244 7.28328 -720 1530.73 0.00703684
7328 84404 624 59.5983 2.78075 470 1268.14 0.0052298
7328 87000 576 67.1407 1.70992 -470 1357.72 0.00513269
7328 94753 640 60.5044 2.93898 530 1313.14 0.00608944
7328 94891 640 60.8226 6.93773 880 1300.88 0.00469377
7328 95318 598 74.5059 5.51828 500 1623.92 0.00765462
7328 95949 626 62.1096 17.3604 -1010 1057.62 0.00576843
7328 96557 696 61.6092 2.15817 390 1493.86 0.00543709
7328 99894 624 59.3128 2.28423 -610 1197.37 0.00529776
7328 101203 688 71.1483 6.4459 -460 1668.08 0.0076125
7328 105658 692 62.3271 14.662 790 1766.1 0.00788065
7328 107368 610 59.1979 5.3993 -720 1209.47 0.006429
7328 107880 674 63.452 11.0018 400 1616.29 0.00831177
7328 109934 690 72.9262 7.10531 480 1559.7 0.00597498
7328 110891 674 76.3762 2.5864 510 1778.95 0.00590629
7328 115596 576 67.1899 7.84559 -570 1451.83 0.00730671
7328 118986 674 66.2389 4.23462 610 1648.77 0.00655918
7328 119677 646 64.4457 6.24147 670 1457.84 0.00466446
7328 120275 610 61.1525 5.95851 490 1146.03 0.00449185
7328 125314 626 62.1205 21.6918 -5000 1211.09 0.00491484
7328 128803 592 73.0053 3.04251 360 1816.51 0.00647111
7328 128980 644 72.053 4.71453 710 1183.89 0.00475032
7328 132716 624 63.1764 5.99625 910 1432.88 0.00443243
7328 132837 598 67.7565 10.7758 -480 1529.42 0.00793398
7328 135190 626 73.0712 20.3297 8530 1260.45 0.00409327
7328 135631 626 62.6561 19.5731 -2450 1113.77 0.00654212
7328 139144 640 61.796 1.82987 490 1397.45 0.00489736
7328 139152 674 72.382 3.75282 540 1621.07 0.00569451
7328 153560 690 70.8846 1.11256 490 1426.85 0.00423364
7328 154480 674 65.3122 1.44677 -860 1372.55 0.00457993
7328 155107 674 66.3875 7.55324 670 1436.28 0.00724036
7328 159214 600 63.9453 4.85621 570 1458.57 0.00511003
7328 164407 642 71.3861 7.37712 800 1362.48 0.00480149
7328 169671 644 75.4139 3.32487 960 1406.83 0.004168
7328 170067 688 65.1974 1.5461 -400 1442.18 0.00479352
7328 170082 576 57.6051 9.68478 -630 1448.5 0.00727136
7328 170128 688 74.029 2.33583 350 1840.55 0.00527327
7328 172466 696 59.3025 5.16761 -570 1226.38 0.00580625
