7407 3688 674 61.5217 1.52476 410 1437.75 0.00497913
7407 5345 662 59.4562 28.4717 6920 1108.35 0.00529748
7407 7914 594 66.972 1.94296 350 1512.74 0.00541028
7407 9392 644 65.3878 25.7115 3180 1450.01 0.00474124
7407 14304 674 59.8652 1.31105 -360 1157.79 0.00409859
7407 18034 674 68.4077 1.18629 -620 1265.76 0.00420768
7407 19757 626 59.2238 5.00921 1520 1208.25 0.00413284
7407 21086 642 57.7615 24.0617 7690 890.498 0.00430109
7407 25813 696 61.0157 9.4156 1730 1445.06 0.00465064
7407 26664 674 69.2723 3.86999 -450 1621.24 0.00535026
7407 26821 626 59.414 5.8602 610 1066.4 0.00425973
7407 27167 642 76.0048 8.5412 1330 1597.51 0.00479429
7407 30556 642 57.9133 5.67004 1260 1136.16 0.00411326
7407 37817 600 58.759 4.57645 680 1332.36 0.00426616
7407 43718 696 58.4887 2.40448 610 1210.17 0.00533352
7407 45494 692 60.2658 14.0678 510 1623.44 0.00796777
7407 56162 610 67.9633 5.71994 -490 1587.76 0.00662882
7407 73107 696 66.9255 2.33363 -550 1205.98 0.00493833
7407 75606 598 72.411 4.41529 540 1578 0.0051044
7407 79319 610 72.1003 1.29883 -430 1605.86 0.0042401
7407 81014 690 75.3977 7.53145 500 1491.41 0.00659271
7407 81142 662 65.8288 1.60735 -530 1277.87 0.00479369
7407 83595 696 73.9577 4.40554 400 1764.46 0.00636264
7407 83602 674 58.8948 8.07669 560 1226.28 0.00790598
7407 83763 696 60.6622 1.93854 570 1183.12 0.00493326
7407 84210 696 75.1605 2.66147 370 1713.13 0.00570153
7407 85778 662 56.807 1.44015 430 1291.44 0.00438172
7407 98616 642 59.2032 12.5928 1600 1170.63 0.00572706
7407 100286 690 68.538 1.52783 -430 1785.57 0.00478074
7407 103400 610 68.5635 3.33849 -390 1538.99 0.00621918
7407 103687 696 71.8438 2.25167 440 1659.39 0.00563512
7407 105424 674 74.7239 1.08886 350 1549.64 0.00414677
7407 106718 662 64.2737 4.85029 580 1302.44 0.00503449
7407 107356 600 72.7104 1.55947 -400 1861.03 0.00524722
7407 107849 662 73.9407 2.45788 -360 1932.55 0.00570793
7407 113942 600 59.2022 7.78384 -640 1504.37 0.00641289
7407 119100 674 67.6908 2.36279 560 1207.2 0.00551552
7407 121339 576 61.6829 8.28014 -860 1442.17 0.00700886
7407 122177 690 75.2736 1.19185 -350 1754.11 0.00447102
7407 124814 696 67.6009 1.19651 -370 1284.02 0.00418819
7407 125137 626 61.2697 16.5034 -5500 1073 0.00444102
7407 127439 626 62.2674 25.0398 940 1016.08 0.00521895
7407 128701 640 74.3191 2.85833 600 1283.59 0.00544645
