7530 2832 640 75.2631 3.88183 540 1655.56 0.00547944
7530 3724 598 58.3288 1.35305 510 1151.52 0.00469536
7530 13402 674 75.781 2.02519 440 1905.7 0.00576827
7530 29831 696 72.1625 2.32996 630 1272.3 0.00438628
7530 41279 644 58.9167 5.48275 530 1234.17 0.00494262
7530 46483 608 61.9006 2.32565 -480 1217.89 0.00611134
7530 51172 662 72.0797 1.6783 510 1359.63 0.00507008
7530 55733 594 57.6287 7.56596 530 1448.17 0.00855671
7530 79434 662 68.0844 6.04922 490 1663.46 0.00562413
7530 93248 626 58.2089 18.9566 7740 1125.5 0.00497046
7530 107304 598 69.7126 2.07565 640 1273.93 0.00595749
7530 114951 610 73.5681 1.4663 420 1782.29 0.00438386
7530 117844 624 66.983 5.06434 560 1192.53 0.00511193
7530 154005 626 70.7384 1.67022 -540 1388.22 0.00495659
7530 154586 576 59.2918 5.52882 510 1233.22 0.00696444
7530 162125 576 71.247 1.74421 380 1798.07 0.00508442
7530 177210 674 63.7468 7.04837 760 1718.54 0.00729888
7530 177984 610 68.2914 1.77982 510 1678.22 0.00474089
7530 189515 640 57.7115 4.42251 -490 1101.93 0.00656538
7530 194222 610 58.1881 2.70173 560 1224.32 0.00530241
7530 198136 674 71.6915 1.52601 -410 1287.85 0.0049162
7530 198238 610 62.7848 1.51918 830 1410.92 0.00470715
7530 199288 626 68.7723 20.0128 6230 1435.23 0.00537989
7530 199628 696 65.5132 3.8502 -480 1417.67 0.00579178
7530 203144 674 74.1766 1.39104 350 1930.11 0.00458702
7530 214435 610 74.9963 2.66342 -420 1277.11 0.0057879
7530 228806 674 62.507 5.17784 -790 1255.13 0.00628727
7530 254601 662 58.1913 24.9322 7120 1121.44 0.00426846
7530 256265 592 64.7009 1.32891 -440 1416.08 0.00483649
7530 260292 598 68.0928 5.91859 480 1372.89 0.00532891
7530 267297 662 70.0301 1.17361 -470 1504.88 0.00414447
7530 267602 592 60.8094 9.36747 470 1510.36 0.00682041
7530 286067 674 75.2404 1.96255 280 1839.22 0.00511045
7530 294580 576 76.3045 6.61164 520 1911.12 0.00645204
7530 313827 674 76.2355 5.79346 480 1682.37 0.00710641
7530 330937 674 76.0896 2.42871 660 1449.96 0.00538515
