7451 3628 696 62.2839 6.15088 520 1315.88 0.00454893
7451 11825 576 63.6244 7.1481 630 1262.7 0.00501635
7451 13917 624 70.5876 6.74377 980 1518.13 0.00421321
7451 14184 642 60.5914 4.19187 600 1131.16 0.00421409
7451 15411 592 62.5691 2.26631 -370 1801.95 0.0059615
7451 23450 662 75.376 1.13074 -410 1747.01 0.00412011
7451 25773 640 63.6069 2.70877 -710 1434.46 0.00602061
7451 26103 576 63.5589 8.61899 700 1385.38 0.00614805
7451 26988 642 73.4109 5.08487 920 1314.12 0.00440704
7451 37251 642 64.932 1.6544 560 1115.12 0.00486394
7451 43246 662 73.1261 5.03648 510 1520.93 0.00668163
7451 45131 598 67.725 5.30135 470 1406.9 0.00749899
7451 45697 644 71.3643 1.5674 390 1640.56 0.00461698
7451 48708 626 57.0151 21.8707 3980 1448.72 0.00764793
7451 58442 674 61.9787 5.41107 470 1396.3 0.00672359
7451 64034 688 60.4402 2.19654 380 1370.98 0.00517971
7451 65070 624 64.6984 4.67679 710 1110.18 0.00537808
7451 70838 690 70.8223 2.57913 430 1632.71 0.00617814
7451 76808 664 66.0414 8.09115 -790 1448.33 0.00673534
7451 76999 626 75.5204 2.12598 -380 1636.06 0.00544055
7451 80111 624 64.9689 1.40827 -330 1493.1 0.00454628
7451 81360 608 70.2268 4.70211 520 1576.4 0.00479322
7451 84018 626 68.8389 2.893 -540 1357.07 0.00587309
7451 86824 576 66.5941 7.29293 510 1666.38 0.0056632
7451 89338 626 68.9164 18.1022 2690 1090.29 0.00427166
7451 95603 610 75.7845 4.12533 390 1883.2 0.00615388
7451 97257 624 57.4712 7.56955 480 1211.58 0.00537378
7451 98026 644 61.9315 24.9702 1560 1287.33 0.00473749
7451 98614 692 57.5369 4.38395 810 1350.26 0.00405826
7451 98766 674 67.0599 8.92488 460 1533.28 0.00651133
7451 104030 644 70.9645 1.70752 -500 1534.32 0.00448569
7451 110381 696 67.2308 2.21129 350 1444.1 0.00412125
7451 111248 674 66.4123 10.2487 580 1456.95 0.00827154
7451 113971 598 69.9805 5.50507 -660 1735.85 0.00712023
7451 114232 642 67.7712 2.07266 410 1454.11 0.00519266
7451 117955 610 69.3917 3.62522 560 1336.83 0.00568205
7451 121421 696 70.4025 1.30136 -330 1381.2 0.00421008
7451 127088 624 72.0281 1.73506 -560 1190.77 0.00478702
7451 128867 664 74.6002 4.61223 -480 1535.38 0.00604272
7451 131688 696 63.2674 6.77241 -490 1381.02 0.0066702
7451 132667 674 70.3751 1.21615 -470 1795.08 0.00425434
7451 134755 626 59.337 20.9842 -3210 1371.61 0.00631698
7451 135671 674 66.3004 12.0772 -630 1619.59 0.00794669
7451 156146 688 61.1029 1.20838 380 1171.65 0.00431096
7451 161109 644 69.2816 5.22587 -550 1402.81 0.00644732
7451 171971 598 70.1154 1.87327 -530 1202.19 0.00536979
7451 172664 610 58.3702 1.2573 410 1421.92 0.00423827
7451 174231 640 59.0286 1.08673 -340 1392.57 0.00408615
7451 180023 624 71.6073 4.19943 530 1516.3 0.0046151
7451 183408 610 67.4158 6.45014 460 1725.49 0.00652517
7451 186047 662 68.2823 9.25347 460 1346.32 0.00760255
7451 187594 662 68.9525 6.56574 570 1659.83 0.00625127
7451 198114 690 57.756 1.19117 330 1299.46 0.0044935
7451 200173 600 67.2641 3.24948 390 1503.47 0.00578443
7451 201008 664 68.5967 3.34147 -660 1513.44 0.00604088
7451 202645 624 57.1031 3.08952 470 1099.75 0.00410989
