7579 7206 674 60.5733 2.14478 490 1442.72 0.00539264
7579 12075 626 61.4041 20.4525 8120 1124.29 0.00517108
7579 12119 610 68.175 2.24053 -460 1255.4 0.00519215
7579 13657 610 60.1171 1.79386 -890 1327.62 0.00486197
7579 14131 600 73.8362 5.23208 660 1321.02 0.00442466
7579 16130 646 62.6296 9.39404 1540 1486.46 0.00491041
7579 16413 674 65.9213 5.95703 460 1611.94 0.00562866
7579 16569 610 61.8222 3.01683 480 1334.87 0.00547154
7579 28955 662 67.7449 3.92818 500 1410.03 0.00450108
7579 29357 594 59.315 1.36749 640 1188.94 0.00463226
7579 30714 594 67.2371 3.13685 540 1267.9 0.004003
7579 39164 696 74.9051 1.10423 -470 1850.11 0.0040522
7579 39842 662 68.868 2.39265 790 1482.69 0.00512539
7579 39871 598 58.8544 18.671 -5040 1016.83 0.00400119
7579 40269 624 65.2371 4.66546 470 1661.37 0.00691286
7579 40810 610 61.5275 1.43218 -700 1293.12 0.00424952
7579 41050 642 72.9617 5.30769 -640 1075.56 0.00479943
7579 44678 692 63.3917 1.48426 400 1650.72 0.00477941
7579 44906 624 69.0072 8.5695 650 1326.69 0.00540505
7579 51320 662 57.9488 4.15924 700 1141.67 0.00628205
7579 58848 674 64.9179 2.45574 -490 1572.49 0.005651
7579 61138 690 76.6511 5.54911 560 1738.05 0.006939
7579 67239 662 71.5972 5.24182 480 1724.94 0.00591558
7579 69726 690 60.2022 5.1893 -490 1220.94 0.00694
7579 73977 598 70.6086 1.59067 600 1571.29 0.00508737
7579 75534 696 62.6136 2.254 480 1300.83 0.00536784
7579 79164 640 60.6818 1.76614 -230 1714.64 0.00484742
7579 81402 626 60.516 1.9513 460 1359.54 0.00503173
7579 85477 662 58.3225 8.0442 570 1305.12 0.00643598
7579 86413 624 71.187 2.06787 -330 1473.22 0.00514156
7579 97518 626 57.7238 10.3255 -480 1082.41 0.00504882
7579 103030 664 61.6846 2.13644 -360 1518.1 0.00532598
7579 103653 662 69.298 10.5676 440 1582.3 0.00768191
7579 109526 642 69.3973 2.60921 -410 1569.7 0.00585732
7579 118056 696 57.3351 1.21422 -300 1344.34 0.00431389
7579 118583 640 58.1476 5.99856 860 1155.02 0.00446815
7579 118814 576 63.5952 4.90152 1080 1282.29 0.00437297
7579 121288 692 65.6947 16.3453 620 1452.28 0.00873932
7579 122876 594 57.3603 1.85532 330 1258.26 0.00555567
7579 124571 626 69.7462 1.2839 -390 1221.87 0.00470144
7579 128521 646 58.6018 1.09798 -700 1383.4 0.00403977
7579 129266 692 66.1602 17.5796 610 1502.47 0.00839983
7579 130096 624 71.1964 1.99391 -530 1307.82 0.0051163
7579 130628 662 59.2131 1.49785 750 1049.56 0.00462883
7579 136387 576 76.6609 1.4999 420 1669.95 0.00481846
7579 136515 690 65.8941 7.5037 -590 1476.35 0.00676988
7579 150252 626 62.3986 21.0908 3600 1097.47 0.0049306
7579 161136 626 62.1107 7.88606 1150 1198.76 0.00435975
7579 163588 674 68.6633 1.08312 380 1622 0.00410572
7579 167866 576 62.6069 1.79029 -320 1393.15 0.00516117
7579 169686 696 70.7292 6.81427 410 1741.72 0.00661065
7579 172342 674 68.2516 1.10933 -670 1450.4 0.00402701
7579 179992 674 67.6397 6.50269 -1180 1345.94 0.00684016
