7352 1366 696 76.4602 4.05051 660 1539.75 0.00608886
7352 2851 644 72.6056 3.20575 -490 1596.97 0.00626145
7352 3135 610 57.1663 4.35708 -440 1062.22 0.00619268
7352 7790 662 62.2532 4.07913 -670 1319.61 0.00572032
7352 13821 576 69.3137 1.26921 350 1458.17 0.00444844
7352 18017 576 74.0098 9.12766 1070 1375.61 0.00538337
7352 21360 674 64.3363 5.81546 690 1331.41 0.00701778
7352 22076 642 62.9808 1.52266 -500 1125.82 0.00479888
7352 27669 664 62.5316 1.33103 460 1377.43 0.00419648
7352 27944 644 57.9616 21.9882 -1930 1131.54 0.00443375
7352 29011 640 62.1582 1.75027 -550 1201.6 0.00484289
7352 38107 610 65.7459 3.2733 -420 1446.68 0.00582261
7352 51782 626 70.9007 3.89865 400 1258.36 0.00452134
7352 52104 600 63.0797 7.76257 770 1220.58 0.0054772
7352 53552 688 74.0105 2.67019 -390 1485.51 0.00579512
7352 54348 690 66.5049 9.08018 480 1380.55 0.00688301
7352 59020 642 62.0856 6.2653 -680 1176.43 0.00515417
7352 62607 674 76.0135 1.30439 620 1717.22 0.00463257
7352 63891 664 73.5495 1.29002 370 1762.55 0.00464862
7352 66332 644 71.6477 3.22518 530 1399.95 0.00599704
7352 66354 598 60.1024 2.22384 -370 1428.52 0.00557882
7352 66458 696 59.4183 5.54627 480 1025.13 0.0049425
7352 68550 624 62.3254 5.80767 630 1188.57 0.0052066
7352 68593 664 76.6527 4.0506 -480 1796.64 0.0062765
7352 86420 576 66.264 1.40385 460 1563.66 0.0047207
7352 86730 594 62.4193 1.02197 380 1125.73 0.00419441
7352 90873 576 61.3263 3.58868 350 1620.92 0.00633016
7352 92142 576 76.5325 6.62927 530 1837.84 0.0058512
7352 92899 662 62.5221 1.20147 -470 1204.61 0.00421371
7352 99615 598 74.6788 1.59081 -890 1347.03 0.00430527
7352 117590 664 66.6357 3.38013 450 1069.56 0.0041728
7352 125843 674 60.8577 2.44049 -640 1266.65 0.00571396
7352 127425 644 70.0279 1.4084 500 1508.79 0.00455563
7352 128105 576 61.9878 9.66653 680 1142.68 0.00471141
7352 133592 674 69.6101 8.42885 1210 1663.13 0.00647662
7352 135211 608 68.4423 10.7735 460 1391.22 0.00747497
7352 138062 674 64.9107 2.50913 -650 1274.49 0.00505657
7352 138617 696 58.349 1.12579 -570 939.602 0.00419116
7352 150458 674 65.4482 1.41363 -660 1451.54 0.00460171
7352 153853 610 66.8902 6.78717 700 1508.24 0.00619332
7352 154198 626 68.8639 20.8212 5290 1308.28 0.00462979
7352 164534 688 60.8615 1.42503 -370 1125.91 0.00460882
7352 167402 662 68.4906 8.55994 510 1766.43 0.00792998
7352 169391 690 67.5514 1.55217 720 1834.31 0.00520616
7352 169447 642 66.7187 1.65173 420 1369.63 0.00478052
