7499 9655 674 72.2758 2.64528 -690 1860.66 0.00568075
7499 11801 664 62.3471 4.91534 580 1348.61 0.0067052
7499 17021 576 72.6899 6.45445 400 1611.37 0.00767959
7499 19417 644 60.1801 4.29851 550 1316.83 0.00414547
7499 19916 664 59.2315 1.23711 -450 1127.83 0.00401729
7499 25190 642 76.6052 2.41894 -470 1373.56 0.0056171
7499 27470 662 59.2969 1.88186 -380 1457.03 0.00516666
7499 27692 626 72.6731 17.8858 -3300 1266.77 0.00452557
7499 28027 664 65.0294 1.54495 -440 1211.33 0.00457543
7499 32120 662 74.2665 3.87363 -360 1711.79 0.00663193
7499 34619 610 68.6243 3.84033 440 1466.43 0.00619497
7499 39320 576 60.4909 7.77582 780 1040.97 0.00446534
7499 43588 598 57.1555 9.36386 940 1200.29 0.00496409
7499 48950 594 67.3066 2.80445 420 1565.42 0.00424011
7499 51866 576 66.2368 1.00897 2710 1525.28 0.00420102
7499 53124 696 58.9956 5.46908 730 1378.68 0.00453667
7499 56033 610 62.397 2.01576 -440 1252 0.00499643
7499 70960 624 59.6996 12.9153 -590 1267.39 0.00736093
7499 81654 644 76.0235 8.75426 640 1625.14 0.00649803
7499 82177 642 63.1653 4.62703 480 1380.99 0.00478249
7499 82510 674 68.6633 5.99018 640 1581.55 0.00527147
7499 86881 610 72.7069 12.5178 1140 1373.27 0.00601942
7499 94491 674 66.607 11.307 -460 1419.77 0.00794459
7499 96001 690 76.3193 6.59638 450 1755.99 0.00724727
7499 99165 624 59.8262 5.33303 600 1307.64 0.00492845
7499 111783 610 74.067 5.01828 -480 1376.41 0.00700654
7499 115775 594 72.3492 4.91722 520 1630.4 0.00509059
7499 119777 642 56.8839 5.51887 770 1136.39 0.00446655
7499 120469 662 68.5256 6.27419 510 1581.21 0.0066667
7499 123697 626 57.5274 1.17302 -380 1327.43 0.00417192
7499 124495 576 57.7272 2.92761 410 1231.53 0.00628861
7499 126156 644 71.2431 3.2317 -530 1536.66 0.00598356
7499 126456 608 66.7347 1.60687 490 1465.37 0.00556724
7499 131381 696 75.5608 6.28548 620 1741.64 0.00613069
7499 131637 690 61.8101 1.01931 410 1559.91 0.00421695
7499 133980 664 69.7828 2.46389 560 1379.91 0.00577462
7499 134475 662 57.7272 2.71761 -420 1338.73 0.00563815
7499 138546 696 73.3461 3.79192 570 1640.18 0.00496051
7499 141024 674 71.7244 9.94711 -650 1665.22 0.00815469
