7479 2557 592 73.7445 9.2271 450 1728.22 0.00745731
7479 9847 626 69.8508 5.31136 800 1164.17 0.00405096
7479 12341 674 67.8599 4.39709 -700 1500.35 0.00684657
7479 19622 624 69.9326 3.1144 660 1505.89 0.00584473
7479 20042 624 58.7011 2.97908 330 1564.06 0.00582863
7479 21834 644 59.3775 5.70142 500 1202.3 0.0048118
7479 23883 664 71.5232 1.51239 600 1598.34 0.00469481
7479 24524 688 66.5318 4.5482 480 1492.16 0.00493911
7479 25518 688 70.2174 2.82706 390 1518.11 0.00553798
7479 29066 576 58.3218 1.72153 -380 1279.25 0.00456862
7479 29570 598 58.4668 6.8713 720 1330.18 0.00486259
7479 31369 610 67.7456 4.89864 -470 1449.85 0.00618878
7479 46047 646 60.1966 1.40734 -640 1192.22 0.00443443
7479 49927 610 59.7138 1.18655 -690 1363.08 0.00403027
7479 50335 674 68.5084 1.5111 360 1671.13 0.00478365
7479 51569 674 60.1273 6.7754 -480 1227.27 0.00714419
7479 52895 598 62.8209 6.43643 890 1296.7 0.00463361
7479 54491 674 56.7485 1.38953 470 1322.47 0.0044858
7479 56810 688 59.4678 3.41685 480 1389.62 0.00589941
7479 58565 608 70.2666 5.88804 -440 1794.19 0.00831358
7479 61474 624 60.3873 11.8715 -660 1243.2 0.00585098
7479 62995 576 70.5262 4.29593 530 1399.66 0.00457833
7479 65868 662 65.8867 5.12015 500 1368.39 0.00698334
7479 67355 624 75.0377 9.26185 470 1713.3 0.0070293
7479 82405 644 62.7151 1.39022 390 1249.79 0.00442397
7479 86409 692 72.9908 1.69081 430 1379.45 0.00478845
7479 94366 624 75.8061 6.66885 640 1486.1 0.00491326
7479 94697 626 60.8637 1.56768 350 1558.39 0.00484012
7479 94936 690 73.8013 3.56204 -480 1646.72 0.0056205
7479 95398 644 68.0674 9.11679 620 1296.92 0.0060339
7479 96626 626 64.2963 2.89693 -450 1440.61 0.00609944
7479 97557 626 72.5795 23.9128 2420 1256.12 0.00477029
7479 99960 594 61.6571 1.051 -400 1290.26 0.00436183
7479 114938 696 68.7369 5.18985 630 1177.1 0.00710012
7479 115253 696 58.6794 1.98633 -690 1305.39 0.00495276
7479 116266 674 69.0836 10.0881 480 1911.52 0.00741093
7479 117419 626 72.7264 23.0019 2640 1204.77 0.00426977
7479 121774 664 63.8837 1.0611 500 1372.76 0.00407855
7479 122774 600 68.0852 8.77757 990 1301.68 0.00511932
7479 125915 690 64.472 8.74795 -660 1235.7 0.00741524
7479 125969 646 57.224 23.125 -3440 1113.93 0.00408395
7479 127070 608 75.9524 7.26805 730 1285.08 0.00444012
7479 127972 696 73.7839 1.91897 850 1321.65 0.00415673
7479 129499 576 56.7235 8.60134 930 1166.46 0.00538688
7479 129594 576 62.8839 1.03471 350 1331.29 0.00408272
7479 130048 600 59.8766 5.82171 530 1452.64 0.00479215
7479 131738 674 59.8478 5.02005 -1000 1375.5 0.00657437
7479 132985 624 60.088 2.20438 350 1439.19 0.0050865
7479 136489 600 58.3171 1.59258 470 1108.25 0.00496274
7479 139080 664 73.4839 3.06109 530 1686.13 0.00634274
7479 141776 608 57.5695 8.93387 570 1309.01 0.00648282
7479 144921 642 57.57 9.50413 1210 1289.12 0.00474423
7479 146674 642 76.2385 8.16718 670 1654.4 0.00549293
7479 148606 598 62.0959 8.26919 -600 1546.26 0.00771376
