7367 5420 600 73.7793 6.14752 570 1576.41 0.00510645
7367 5786 626 58.3799 19.9629 -3740 1105.98 0.0053002
7367 7292 688 73.0943 13.9307 570 1932.01 0.00772345
7367 7553 662 61.9835 3.59012 630 1400.31 0.00572037
7367 13831 662 66.7067 12.7049 -490 1597.34 0.00760409
7367 18875 626 57.1897 16.7127 6100 928.495 0.00470496
7367 20650 626 57.1214 15.3173 8570 1029.8 0.00454186
7367 20923 662 70.1713 1.77755 -580 1288.16 0.0050334
7367 30775 610 61.8344 11.5249 -550 1278.89 0.00760907
7367 31545 626 58.473 23.7533 7040 939.342 0.00570747
7367 36922 644 58.3208 2.39277 -460 1067.72 0.00458177
7367 36938 690 68.2523 2.05748 -390 1411.52 0.00547399
7367 42040 598 64.4418 5.45747 560 1136 0.00480394
7367 43981 646 69.1861 7.07441 800 1375.28 0.00422556
7367 44625 642 59.4577 1.59487 -520 1262.26 0.00456606
7367 46190 608 75.9847 2.50983 -430 1886.06 0.00643976
7367 49491 644 73.0191 2.06111 450 1455.88 0.00548872
7367 50821 610 61.6329 6.0635 710 1292.85 0.00466695
7367 51687 644 73.4411 5.34889 -660 1216.39 0.0057747
7367 59622 626 67.3821 24.6538 8020 1417.26 0.004729
7367 59964 644 68.661 2.31874 570 1399.07 0.00528472
7367 60439 626 64.423 7.518 570 1245.32 0.0056715
7367 62000 600 68.4171 1.06302 -400 1857.62 0.00438231
7367 63123 626 56.7389 22.4958 3780 974.33 0.00531778
7367 72552 598 57.6016 5.5829 860 1268.88 0.00461836
7367 74965 696 74.3818 1.82731 480 1574.65 0.00491272
7367 76060 692 56.9098 2.25854 -370 1400.1 0.00571087
7367 77905 674 67.2705 5.68144 500 1658.56 0.00685471
7367 78861 610 68.0652 1.11765 -480 1469.36 0.00401846
7367 82437 692 62.8237 13.773 590 1474.12 0.00785676
7367 94090 626 62.1944 1.5328 450 1427.46 0.00487945
7367 96282 640 67.9662 10.8029 1200 1330.61 0.00552136
7367 97362 674 64.0574 10.4108 -850 1446.9 0.00776049
7367 99834 624 73.6304 1.96132 430 1558.07 0.00460561
7367 103220 624 57.0964 5.22435 510 1105.74 0.00518465
7367 103407 610 72.7259 2.28583 -630 1283.39 0.00529648
7367 104074 598 67.4289 23.3855 -3730 1174.56 0.00401441
7367 104836 662 73.6699 1.89492 -380 1926.74 0.00549128
7367 108316 610 63.0629 1.30637 -710 1336.77 0.00416429
7367 109254 646 68.6574 9.94394 530 1486.16 0.00720188
7367 110164 640 68.2124 3.92315 380 1587.52 0.006292
7367 112236 598 59.8936 3.68682 530 1148.65 0.00425192
7367 123874 624 74.3119 5.02975 590 1473.58 0.00503148
7367 127492 624 57.3852 26.4965 2470 1077.66 0.00489433
7367 131679 674 67.3897 11.7564 760 1619.08 0.00661397
7367 138485 592 67.8215 4.35309 790 1647.72 0.00620423
7367 140855 646 67.6585 2.14417 -630 1330.71 0.00530943
