7447 1383 690 68.3296 2.69265 -420 1436.03 0.0051751
7447 5276 696 59.3247 1.37808 470 1218.99 0.00455734
7447 7622 576 64.1027 7.13551 470 1413.93 0.00589406
7447 9131 696 61.3127 9.233 600 1285.5 0.0063906
7447 12109 664 60.7458 8.17113 720 1090.26 0.00414638
7447 23996 626 60.1772 19.0467 8670 1213.27 0.00490987
7447 26916 662 58.0378 1.28754 -350 1574.75 0.00445657
7447 30397 624 65.5125 1.08385 -330 1441.38 0.00403721
7447 31714 624 71.3926 11.1845 580 1529.6 0.00671689
7447 38784 688 57.2062 2.08624 310 1354.51 0.00513024
7447 38813 576 75.3165 8.74247 490 1690.42 0.00602437
7447 47125 688 71.0395 1.69357 380 1442.12 0.00516104
7447 49673 674 72.775 4.49935 410 1648.32 0.00620728
7447 58249 662 64.8841 5.12098 -540 1424.07 0.00660701
7447 68971 674 66.8891 3.86283 810 1314.84 0.00637413
7447 69800 624 61.0684 32 3710 992.821 0.00489288
7447 70250 674 75.4343 3.27427 -460 1365.97 0.00628731
7447 72671 626 62.2243 20.5899 1450 1027.13 0.00687854
7447 74598 626 73.1695 1.46716 390 1759.21 0.00473694
7447 74645 576 69.8115 3.12725 630 1531.76 0.00410104
7447 78322 594 61.7848 13.429 1250 1366.81 0.00686557
7447 78388 662 56.792 4.07911 510 1305.84 0.00608272
7447 82564 576 68.7563 6.31952 570 1780.77 0.00539509
7447 83344 692 66.041 15.4727 600 1481.04 0.00788384
7447 87215 696 59.4653 6.92382 640 1006.6 0.00408831
7447 89746 626 67.8076 23.1174 5040 1314.87 0.00435958
7447 93543 688 74.4432 1.67358 420 1594.51 0.0050777
7447 96059 608 72.4764 1.13111 -520 1385.84 0.00456787
7447 102484 624 64.7841 3.72446 380 1298.18 0.00605086
7447 107514 626 68.5484 5.54567 530 1487.16 0.00457126
7447 116914 598 62.6688 2.96155 580 1239.48 0.00594555
7447 116945 608 67.4494 7.2654 440 1271.71 0.00587996
7447 117643 610 64.4381 6.27765 690 1308.16 0.00494292
7447 117828 624 63.3805 6.08993 540 1148.46 0.00490155
7447 119109 644 65.543 7.18839 520 1138.74 0.00544808
7447 120856 690 76.0733 1.3854 650 1558.29 0.00463002
7447 129276 576 65.481 8.33009 600 1370.17 0.00588205
7447 136869 646 58.8046 6.20413 530 996.269 0.00459998
7447 137398 624 60.9413 6.38205 660 1116.8 0.00431727
7447 143301 642 62.2839 1.68895 -400 1064.55 0.00493325
7447 149581 664 67.7421 6.59066 -670 1142.62 0.00613173
7447 162413 640 75.3584 6.62357 1180 1690.25 0.00441888
7447 170489 576 74.8822 2.62101 410 1591.59 0.00426804
7447 179997 662 73.2642 1.3397 520 1352.95 0.00425123
7447 181533 696 63.3191 5.71264 430 1476.67 0.00629283
7447 181734 644 58.4322 3.37944 430 1260.52 0.00587689
7447 182664 662 73.2634 2.19283 380 1323.5 0.00547995
7447 183225 576 66.0974 5.11756 590 1269.47 0.00439049
7447 183299 610 72.335 8.05556 640 1621.58 0.00509142
