7287 2141 664 66.5471 2.74068 -550 1082.02 0.00577247
7287 6797 598 58.6025 5.29973 980 1245.32 0.00418263
7287 20115 610 71.9908 8.35204 540 1475.47 0.0072036
7287 24156 674 64.2572 4.76757 440 1549.23 0.00720156
7287 25174 642 57.4603 8.77579 570 1095.88 0.00607093
7287 28423 662 56.7636 2.34041 520 1321.56 0.00561151
7287 30257 576 64.2409 3.969 -660 1301.27 0.00653844
7287 31072 674 69.8677 1.04281 -510 1547.92 0.0040396
7287 31302 600 63.2543 19.4318 830 1692.96 0.0109632
7287 31481 674 59.1868 2.32451 780 1249.77 0.00506341
7287 33588 662 60.1661 1.16865 -550 1170.49 0.00417075
7287 34816 610 71.0344 1.53612 -680 1357.95 0.00408605
7287 35188 608 61.0275 5.94835 560 1249.08 0.00544857
7287 35828 662 71.1425 2.01973 530 1355.91 0.00419106
7287 39850 598 73.3827 2.33247 430 1495.11 0.00610312
7287 45346 662 60.5152 2.23345 -390 1418.98 0.00547197
7287 45717 674 61.4933 3.34616 -610 1324.75 0.00611081
7287 47924 690 71.0807 4.0854 680 1568.29 0.00615779
7287 56237 626 60.1137 19.6569 6750 1380.2 0.00669523
7287 57512 642 71.1143 7.60295 -510 1436.12 0.00673143
7287 61809 674 63.2041 2.31741 -540 1432.08 0.00474635
7287 62657 674 66.3679 1.1369 340 1389.14 0.00425451
7287 62747 662 69.8794 1.73902 450 1680.69 0.0051822
7287 63501 576 60.1334 8.10964 1070 1353.84 0.00508952
7287 66527 626 68.8406 5.38909 810 1277.36 0.00407172
7287 67114 576 60.7865 11.584 400 1549.82 0.00745839
7287 68478 576 74.1497 7.31785 -500 1672.61 0.00754487
7287 70504 624 57.3334 9.10493 1210 1424.15 0.00499447
7287 77719 610 62.4395 4.55408 470 1528.59 0.00617858
7287 80460 576 63.0114 10.228 1090 1357.88 0.00578467
7287 81301 690 68.0911 1.87858 -580 1230.65 0.00514678
7287 81630 642 74.2731 3.24943 530 1337.52 0.00429934
7287 84034 674 74.4688 1.21906 -910 1523.85 0.00416785
7287 86597 696 63.1196 5.79128 440 1378.15 0.00554405
7287 87923 696 68.2561 14.5564 2090 1371.38 0.00808648
7287 90221 696 71.1694 3.02681 -350 1284.63 0.00610461
7287 90452 662 75.8185 4.97188 930 1705.24 0.00539364
7287 98369 594 75.2168 6.27197 780 1482.28 0.00418594
7287 101244 576 67.3946 8.71617 490 1367.19 0.00574712
7287 101593 642 60.6452 5.37168 710 1254.54 0.00491816
7287 105441 674 62.8994 1.66289 410 1385.42 0.004819
7287 110516 576 67.5448 1.29536 -590 1221.13 0.00440652
7287 115569 674 76.4224 2.00323 -450 1542.88 0.00542305
7287 122663 598 65.4635 1.50605 600 1462.72 0.00499
7287 124113 696 74.7817 2.30649 560 1234.58 0.00520232
7287 126362 598 60.9952 2.89503 370 1159.52 0.00626693
7287 140886 674 66.2348 1.31499 -500 1450.55 0.00460464
7287 144865 696 60.5686 3.10022 -450 1328.24 0.00595541
7287 150774 644 76.3743 2.97699 420 1809.49 0.005574
7287 152891 664 69.4366 4.77022 500 1282.72 0.00429025
7287 161554 624 64.612 1.46146 -370 1459.12 0.00460596
7287 161657 626 65.547 9.76446 430 1632.94 0.0070276
7287 164550 608 70.6877 6.85209 2040 1596.22 0.00411246
7287 168560 624 67.4905 1.32822 470 1399.37 0.00444414
7287 185134 626 75.6684 1.58719 370 1915.03 0.00464742
7287 190730 610 66.5857 1.81809 -440 1171.8 0.00489332
