7275 5383 674 64.9943 6.46962 420 1625.26 0.00692683
7275 23282 608 66.1546 4.75717 700 1433.79 0.00426425
7275 25066 664 69.3944 4.09478 -440 1437.89 0.0065926
7275 27848 644 69.8607 27.928 8080 1283.73 0.00423253
7275 32703 576 60.0035 2.44767 -410 1534.85 0.00606987
7275 36264 608 64.3017 7.38738 1040 1406.86 0.0049157
7275 40212 674 62.3437 9.68074 440 1657.28 0.00732923
7275 43951 624 69.0171 1.26294 400 1450.89 0.00421218
7275 46460 610 73.8096 4.1676 560 1648.92 0.00455666
7275 47526 688 60.2729 1.73686 -360 1162.25 0.00511891
7275 47607 674 76.5623 3.55899 -550 1741.78 0.00648639
7275 49254 644 63.1723 2.70018 380 1491.72 0.00550478
7275 51127 610 66.0687 6.56355 1220 1547.28 0.00533479
7275 65554 640 68.2389 3.94063 480 1334.05 0.00477427
7275 65704 674 66.8977 1.93026 -420 1282.4 0.00558359
7275 66667 644 69.3646 1.6225 -390 1243.03 0.00493695
7275 67427 690 57.9191 5.52547 500 1155.87 0.00612348
7275 70682 598 68.9108 4.55805 560 1389.02 0.00413306
7275 72416 598 64.4954 2.006 400 1321.25 0.00434236
7275 74390 664 72.7044 6.69966 550 1682.87 0.00541146
