7419 15682 664 74.5385 7.02727 540 1534.39 0.00784738
7419 16597 598 64.4007 2.54666 390 1197.01 0.00441261
7419 31011 690 66.7346 9.31707 1290 1454.69 0.00515175
7419 34768 674 64.2686 1.51294 -540 1346.9 0.0040817
7419 35546 624 60.9155 6.73673 630 1149.22 0.00520886
7419 37718 640 59.8419 6.82628 460 1294.84 0.00708672
7419 39827 576 61.5077 2.70005 380 1424.04 0.00556678
7419 42935 610 59.9873 2.58161 870 1249.3 0.00530634
7419 42981 692 63.1438 7.66694 -500 1397.83 0.00746432
7419 52006 662 66.8504 2.01238 -340 1630.29 0.00531916
7419 54079 690 71.6583 1.09747 430 1385.92 0.00412479
7419 60298 696 74.0829 1.30212 480 1424.47 0.00454338
7419 65964 674 74.8986 1.91955 -350 1366.6 0.00547031
7419 73457 610 60.312 2.25914 -470 1047.16 0.00518554
7419 76995 646 69.5107 3.32633 540 1457 0.00652541
7419 82352 662 72.3196 1.58139 510 1522.71 0.00465486
7419 87750 576 61.9097 1.38268 -400 1086.05 0.00434504
7419 94969 626 69.7612 7.12818 740 1295.06 0.00451379
7419 97055 594 70.7837 4.80966 480 1528.52 0.0078965
7419 98151 662 57.1461 5.94793 910 1317.14 0.0041477
7419 100815 642 65.6073 2.36984 530 1187.21 0.00421314
7419 103379 664 73.4098 1.78105 400 1625.14 0.00483263
7419 106936 608 73.6244 4.8906 430 1749.4 0.00754437
7419 109539 640 67.8157 4.16657 420 1376.99 0.00642121
7419 113369 624 64.4202 1.84395 330 1351.66 0.00505102
7419 115756 576 59.2319 27.3713 3910 1060.04 0.00486942
7419 118633 626 63.3865 21.8115 -2130 980.224 0.00449485
7419 132858 594 56.8511 1.43486 450 1091.28 0.00503486
7419 138400 576 66.6743 1.90533 -700 1648.74 0.00521097
7419 161967 690 71.9098 1.90928 -360 1987.84 0.00527316
7419 161991 600 71.1777 4.96911 550 1366.95 0.00535464
7419 175198 608 68.5622 1.02393 -640 1462.43 0.00435462
7419 176103 610 59.7096 8.36818 -450 1115.31 0.00692857
7419 178363 610 57.7856 2.23842 -340 1423.65 0.00543669
7419 189868 674 68.7219 1.87559 420 1540.58 0.0052183
7419 195258 626 58.2226 22.7381 6920 1299.01 0.00693204
7419 196632 594 71.0961 1.02348 400 1314.01 0.00434465
7419 198191 696 70.0316 1.4819 -570 1250.75 0.00468042
7419 199626 576 61.3778 4.41973 690 1282.63 0.00450774
7419 202055 644 69.5935 3.39623 -360 1617.52 0.00616234
7419 206444 664 63.5452 5.70548 610 1235.25 0.00495396
