7347 6647 598 64.2053 3.96985 550 1285.18 0.00417897
7347 12059 626 58.0083 20.6151 3500 1461.5 0.00755187
7347 15396 646 69.8431 8.06585 1220 1509.23 0.00606875
7347 15503 642 61.1247 2.32113 680 1024.18 0.00452456
7347 16055 690 68.1542 5.17299 -830 1456.02 0.00682732
7347 17667 598 68.826 6.59382 -720 1598.78 0.00693743
7347 17781 674 71.733 3.9376 -420 1636.7 0.00674284
7347 29468 690 57.6985 1.3792 380 1288.79 0.00467495
7347 32096 626 57.6966 2.24789 440 1366.15 0.0049665
7347 37859 644 75.9519 8.27109 480 1605.17 0.00593886
7347 41493 646 65.8289 1.75212 410 1259.56 0.00423997
7347 42870 662 63.4278 10.2232 760 1497.59 0.00644514
7347 46478 644 75.1499 6.99269 680 1635.64 0.00523057
7347 46499 688 63.0106 1.52739 350 1278.28 0.00502044
7347 51265 600 74.8114 2.04939 -540 1613.09 0.00587261
7347 54639 576 61.6671 1.90529 600 1149.72 0.00521571
7347 61031 662 64.114 1.34032 430 1484.78 0.00439978
7347 61971 600 65.6023 5.57209 760 1267.43 0.00458769
7347 67461 690 65.3481 1.11836 -440 1259.95 0.00416615
7347 67513 610 59.5819 2.21095 420 1462.03 0.00505082
7347 78958 640 57.9949 2.11429 460 1303.81 0.0051276
7347 79275 644 71.0629 5.33229 510 1586.09 0.00614265
7347 83409 696 63.0714 7.53046 1150 1331.91 0.0042878
7347 93482 696 67.436 2.55862 520 1441.31 0.00538863
7347 94295 690 70.1884 2.36617 470 1556.92 0.0055466
7347 95082 576 69.7737 4.64839 390 1602.81 0.00665877
7347 98924 626 64.1793 21.7337 2240 1062.67 0.00563835
7347 100439 674 56.8472 4.47104 -980 1223.72 0.00646701
7347 100662 692 75.404 2.86659 -380 1949.06 0.00626985
7347 104738 600 64.7806 5.91971 730 1181.78 0.00466613
7347 106459 610 75.7339 3.01572 520 1568.1 0.00464748
7347 107037 610 63.2991 2.98704 370 1431.58 0.0059258
7347 108216 640 76.0717 4.78504 -470 1414.98 0.00666444
7347 108802 662 63.7599 1.59234 -510 991.367 0.00415661
