7456 142 576 64.5544 1.10303 410 1339.56 0.0040312
7456 4585 644 70.6375 26.492 8360 1250.75 0.00418443
7456 5285 662 72.4585 2.08448 -570 1289.84 0.00446134
7456 6768 696 72.8084 1.44335 490 1631.82 0.00410608
7456 8169 576 73.2057 4.83772 460 1824.84 0.00589138
7456 12212 576 75.5721 1.78295 510 1676.2 0.00504206
7456 14358 644 73.2168 1.64364 640 1444.88 0.00406578
7456 19457 592 61.7567 9.26271 370 1586.77 0.00839741
7456 23161 576 57.0965 3.43956 570 1152.36 0.00443526
7456 24640 644 58.9064 1.14634 370 1501.49 0.00419224
7456 24951 688 57.8094 1.51829 490 1208.74 0.00465819
7456 36980 600 72.5744 5.92472 480 1425.94 0.00482574
7456 39817 696 60.6331 2.10823 450 1306.42 0.00494346
7456 41177 592 68.2941 10.2176 490 1741.24 0.00913941
7456 45823 642 73.2821 6.33237 540 1495.6 0.00525486
7456 52483 662 67.1995 9.30781 510 1625.33 0.00706056
7456 52588 696 71.2129 2.63964 500 1697.11 0.00534226
7456 53055 696 76.2703 5.83385 -750 1514.07 0.00594608
7456 54459 594 65.1071 8.4811 900 1434.18 0.00486698
7456 69674 626 63.7045 1.46954 420 1082.26 0.00457699
7456 71048 642 57.2876 3.65913 -390 1175.6 0.00629309
7456 78147 576 67.6167 5.37767 590 1408.13 0.00473114
7456 78844 576 63.5737 3.35275 -540 1410.86 0.00635361
7456 87039 598 72.7452 1.95085 -640 1443.43 0.00545235
7456 89941 576 72.4726 4.33498 460 1801.3 0.00671429
7456 90902 624 76.5653 7.22877 550 1278.1 0.00533081
7456 91895 696 59.5021 3.08615 -540 1069.45 0.00511725
7456 93511 642 59.5052 2.17352 340 1386.46 0.00516258
7456 94001 608 57.0362 13.4287 790 1228.44 0.00743701
7456 100065 598 63.8658 6.19972 900 1328.92 0.00527356
7456 100124 600 60.2972 7.0544 670 1072.78 0.00491959
7456 103448 664 62.3464 1.34337 630 1221.86 0.00450708
7456 103616 646 73.1644 4.3484 590 1584.7 0.00499611
7456 103921 626 57.7341 20.1446 2540 1258.65 0.00720084
7456 110628 692 73.4486 19.1413 850 1700.42 0.00875968
7456 112354 644 75.4562 4.38978 650 1426.29 0.00526352
7456 112579 626 63.3926 20.747 -1760 1113.95 0.00483732
7456 114695 662 71.3768 3.01244 -440 1749.67 0.00619935
7456 115070 624 62.3574 1.13281 410 1366.13 0.00402157
7456 115588 646 62.9021 8.63616 -590 1277.52 0.00653353
7456 117313 646 68.5928 5.57282 750 1374.93 0.00446035
7456 117602 674 72.5455 4.30344 640 1576.05 0.00548345
7456 118864 662 76.6874 2.47341 -390 1844.31 0.00556447
7456 119646 626 63.2617 20.9187 5580 1139.78 0.00493111
7456 128763 610 57.2587 1.14689 460 1185.95 0.00403105
7456 129901 674 60.3466 2.21785 450 1261.58 0.00410151
7456 133251 696 76.1964 12.6238 760 1621.22 0.00730627
7456 137684 624 68.7684 8.076 1000 1241.77 0.00544764
7456 147803 674 63.1443 4.75905 -500 1223.44 0.00676992
7456 151646 690 59.0539 9.01521 750 1381.24 0.00686974
7456 156016 592 61.1563 5.65823 840 1667.3 0.00595025
7456 156969 696 76.115 1.21812 -550 1382.92 0.004372
7456 157891 576 70.8727 3.9211 390 1666.3 0.00521101
7456 160089 626 65.2574 31.1134 4480 974.869 0.00419117
7456 162732 626 64.8514 17.4093 -5520 1079.41 0.00469785
