7376 3041 692 76.1233 5.00516 -450 1729.37 0.00682493
7376 4225 594 65.0588 1.70268 -550 1369.23 0.00542662
7376 7382 576 67.4286 7.72946 570 1449.04 0.00726193
7376 16682 688 65.627 4.26614 410 1325.56 0.00583021
7376 21413 690 66.6912 1.15242 -410 1868.82 0.00435283
7376 27645 610 61.3308 4.36407 650 1288.81 0.00407992
7376 31169 640 57.8254 4.94404 470 1206.87 0.00529028
7376 33732 608 66.8762 5.02869 -400 1657.64 0.0079292
7376 36277 598 74.032 1.40731 570 1351.09 0.00498617
7376 37734 690 75.2169 3.78241 530 1346.28 0.00461318
7376 37983 642 74.7747 1.97596 380 1535.26 0.0052065
7376 39242 644 67.652 8.95099 500 1467.23 0.00711328
7376 40347 608 64.1123 1.48715 360 1784.53 0.00519284
7376 46170 640 59.7687 4.63327 570 1157.05 0.00478201
7376 54446 664 67.0793 7.01319 760 1218.62 0.00445909
7376 58345 610 66.9454 1.18172 -400 1562.66 0.00402268
7376 62818 576 72.3882 1.39604 -430 1516.31 0.00451472
