7292 2642 674 60.1723 1.51023 500 1150.14 0.00481388
7292 4208 644 76.2988 6.73859 1100 1652.34 0.00464555
7292 4600 626 71.2919 17.6729 -4270 1326.13 0.00477509
7292 9861 690 74.5948 1.324 -490 1472.53 0.0045407
7292 10840 674 70.3989 1.25922 650 1541.13 0.00429517
7292 12691 690 67.5383 1.44811 400 1582.86 0.00469512
7292 13053 576 73.534 6.3139 1000 1414.7 0.00482232
7292 13347 626 56.7898 2.44245 -370 1424.78 0.00562931
7292 19382 576 76.1466 3.71788 440 1725.98 0.00651756
7292 19561 600 63.7666 4.13127 -620 1295.51 0.00693549
7292 22438 610 62.0654 3.4113 600 1133.23 0.00533691
7292 28158 626 66.4648 20.9523 3500 1221.76 0.00545759
7292 31532 642 61.5312 11.2766 1180 1242.68 0.00561941
7292 33770 646 73.2126 8.54219 630 1420.48 0.00647846
7292 43501 610 59.0436 3.48825 620 1241.33 0.0058939
7292 50350 640 72.627 4.9798 540 1421.1 0.00432742
7292 52881 664 66.8757 1.92582 470 1304.67 0.00530548
7292 55731 662 74.6902 2.03188 430 1814.64 0.00524087
7292 56739 662 69.2092 2.3836 430 1525.51 0.00534172
7292 56918 664 70.4573 1.44274 410 1331.2 0.0045116
7292 66017 696 70.059 2.7719 -430 1373.55 0.00576367
7292 70190 674 74.589 2.58986 -470 1273.69 0.00591744
7292 72055 624 62.5268 30.6873 2870 1244.93 0.00476675
7292 73352 598 74.3112 6.84606 -410 1366.45 0.00780545
7292 74850 640 74.6887 2.98584 640 1627.68 0.00621394
7292 82854 662 59.3327 3.62322 470 1305.22 0.00615166
7292 86003 598 74.5931 4.86175 690 1542.48 0.00414281
7292 89684 576 74.6948 4.16497 700 1592.13 0.00479116
7292 92649 624 71.8544 5.86434 510 1703.86 0.00725754
7292 93031 642 61.7389 3.1661 370 1216.27 0.00593718
7292 99835 696 61.4398 4.14158 500 1247.27 0.00470176
7292 103589 646 62.5435 1.86933 -490 1329.86 0.00498653
7292 104953 624 64.4595 3.11253 -460 1359.64 0.00579802
7292 105067 576 73.2692 1.63643 540 1599.26 0.00493284
7292 106325 598 67.978 7.20014 530 1542.8 0.0056031
7292 122940 626 64.0612 4.44024 640 1016.37 0.00442214
7292 125145 598 68.9264 9.22122 490 1419.35 0.00666744
7292 131849 598 67.5039 3.89453 430 1415.52 0.00417772
7292 135917 662 74.8282 1.82393 360 1716.25 0.00482956
7292 143269 674 64.267 11.7165 690 1566.02 0.00708729
7292 147359 610 59.7493 5.43616 400 1349.24 0.00636311
7292 147971 642 65.5365 1.50566 530 1200.62 0.00476948
7292 149261 624 70.053 4.77599 660 1500.14 0.00417506
7292 150942 608 62.6363 4.2022 -430 1672.63 0.00735379
7292 152058 644 57.8296 7.41877 720 1331.11 0.00502403
7292 154145 598 62.2586 5.38578 600 1309.36 0.00496332
7292 156903 626 57.8834 1.46047 410 1215.47 0.00462395
7292 157466 696 62.0125 1.36396 -350 1386.35 0.00436847
7292 158716 688 68.9933 1.3741 540 1596.99 0.00440079
7292 159414 662 66.9527 2.83809 350 1699.32 0.00588261
