7454 5105 626 64.5444 21.2039 2230 1151.36 0.00487514
7454 6231 592 67.7403 2.78281 490 1451.7 0.0041517
7454 8072 592 62.21 13.3214 480 1428.92 0.00942465
7454 10461 626 58.9369 8.81333 550 1326.78 0.00604135
7454 13013 640 67.3068 6.34934 540 1421.74 0.00560228
7454 15495 598 66.0529 3.41478 -340 1546.05 0.00691261
7454 18119 610 63.2483 2.0941 530 1283.65 0.00488195
7454 18333 610 59.4456 2.29159 400 1104.75 0.00547496
7454 22085 690 72.5935 5.69301 540 1547.21 0.00517103
7454 25058 626 60.2094 20.0373 8610 1392.25 0.00705939
7454 41539 642 57.8092 6.31612 650 1133.98 0.00548202
7454 42236 642 58.3038 10.6908 1060 1242.31 0.00553073
7454 43284 608 61.3055 2.84153 760 1549.69 0.0066843
7454 47179 674 62.798 4.07058 590 1561.77 0.00635239
7454 48243 626 74.3985 10.6944 -520 1668.67 0.00767237
7454 52942 662 63.4944 2.11515 340 1487.77 0.00528668
7454 66346 626 66.9538 20.3871 6310 1354.89 0.00529059
7454 72533 642 60.2003 7.61978 1600 1192.8 0.004631
7454 72649 644 75.9839 6.65633 440 1888.11 0.00683295
7454 73554 688 67.7506 5.66047 720 1574.72 0.00488446
7454 78963 642 56.8722 7.36703 450 1043.95 0.0055895
7454 83191 644 76.4382 1.93871 -480 1532.99 0.00487067
7454 84172 610 67.6949 1.19723 -360 1404.54 0.00411811
7454 87228 576 68.3557 2.40562 500 1464.2 0.00582395
7454 89122 646 67.9241 2.96118 -500 1494.75 0.00577476
7454 89221 598 68.139 6.04639 1230 1403.59 0.00408943
7454 92411 598 74.9563 1.6354 440 1655.31 0.00484632
7454 92769 642 76.5903 3.30312 440 1747.12 0.00509709
7454 93037 674 61.3987 1.24299 820 1382.43 0.00455507
7454 98918 664 59.0116 5.32106 -600 1369.55 0.00627694
7454 109061 644 63.5915 2.28411 -420 1122.56 0.00534781
7454 112054 674 76.3444 1.28837 700 1487.72 0.00423771
7454 113427 674 60.0528 1.32351 360 1482.6 0.00474666
7454 115453 594 65.8824 2.75837 420 1502.46 0.00662981
7454 116431 626 64.6324 23.6436 5500 988.836 0.00568387
7454 116940 646 58.3047 7.06141 490 1331.59 0.00702602
7454 119902 608 56.9847 2.80344 -450 1322.25 0.00590334
7454 120194 626 57.6586 7.11501 820 1076.98 0.00413078
7454 125027 598 67.7581 3.17168 -400 1659.03 0.00647659
7454 133418 610 73.2633 2.328 -560 1591.19 0.00544081
7454 136582 624 72.7332 1.48514 440 1428.64 0.0047071
7454 139605 644 74.5268 1.08191 -350 1478.08 0.0040125
7454 139927 690 60.1983 2.90879 -430 1147.16 0.00511892
