7290 992 696 71.715 5.18809 940 1526.05 0.00659317
7290 7737 646 59.7478 1.82026 -370 1296.59 0.00508931
7290 12647 696 65.1121 1.45495 810 1443.66 0.00455119
7290 13040 696 72.6296 1.68358 390 1584.33 0.00471691
7290 23049 674 75.887 1.45227 -450 1494.35 0.0047197
7290 25738 626 74.8493 2.06508 360 1602.26 0.00501031
7290 28294 674 61.3763 1.2636 -460 1096.38 0.00463687
7290 29472 688 67.7563 3.06735 430 1656.71 0.00647026
7290 29705 674 63.9273 2.81459 480 1382.61 0.00595149
7290 31228 640 62.0751 3.15547 410 1162.67 0.00484884
7290 31724 576 57.0806 8.41068 1290 1259.21 0.00530267
7290 39226 644 62.286 2.25148 -390 1487.18 0.00495356
7290 44172 644 64.6581 1.81173 680 1262.76 0.0040196
7290 46280 594 56.8685 24.3178 -2050 1025.33 0.00413718
7290 47440 690 56.7042 2.34086 -370 1263.19 0.0056711
7290 50572 696 62.2658 3.10575 -530 1003.9 0.0058109
7290 56518 598 67.9446 1.17536 470 1453.83 0.00454157
7290 60073 674 62.9812 1.29576 -590 1207.81 0.00444418
7290 62599 576 76.2611 7.78582 900 1485 0.00444493
7290 69521 674 62.3204 1.00575 -890 1240.28 0.00403439
7290 69560 576 61.3841 2.26669 -430 1234.27 0.00571159
7290 76628 592 70.4439 2.70579 400 1329.88 0.00408641
7290 83616 576 58.4268 1.15792 -420 1100.27 0.00427629
7290 83820 674 71.0034 8.4013 600 1613.22 0.00764067
7290 90827 592 66.6042 4.04059 570 1608.2 0.00519374
7290 91157 598 67.5243 7.21243 960 1548.5 0.00468239
7290 95515 626 56.7683 3.33147 -390 1234.7 0.00617885
7290 98884 576 68.7993 6.94347 780 1526.69 0.00557981
7290 104681 624 57.3336 5.7385 660 1221.03 0.00500448
7290 106192 674 66.8573 1.64589 -570 1376.6 0.00510946
7290 106411 664 56.8733 1.14732 -280 1132.93 0.00409617
