7286 978 610 59.3362 3.60537 -480 1382.8 0.00582781
7286 1425 576 64.0606 2.17842 430 1350.79 0.00563474
7286 11497 644 57.3065 1.30786 -420 1191.33 0.00432441
7286 33865 696 59.2102 4.38012 560 1171.67 0.00648305
7286 40438 610 64.85 2.14205 740 1278.75 0.00407229
7286 49395 610 70.4959 1.97583 510 1288.75 0.00524222
7286 51573 696 74.5798 7.85594 470 1776.47 0.0060555
7286 52982 608 57.5168 3.90476 570 1273.18 0.00447304
7286 53361 642 64.8329 5.07325 -480 1209.78 0.00599404
7286 53603 696 68.3312 4.31595 -540 1450.69 0.00643861
7286 56855 644 59.586 1.79952 -540 984.121 0.00486188
7286 59663 598 62.9912 9.42159 1620 1212.96 0.00493581
7286 65766 644 59.4059 18.5436 -3170 1025.08 0.00487346
7286 68259 664 61.7316 4.02167 -500 1496.48 0.00623707
7286 74294 696 70.7299 1.14893 -360 1568.51 0.00406829
7286 75889 640 67.1668 4.0677 450 1360.13 0.00463142
7286 76730 608 60.3548 2.98436 -620 1386.56 0.00682183
7286 81941 624 62.9357 1.36056 -620 1352.13 0.00420151
7286 86278 674 66.1985 1.19315 370 1384.83 0.00426558
7286 89190 626 73.8213 5.11874 -480 1735.95 0.00695909
7286 89253 598 64.7143 22.1994 -3430 1168 0.00407001
7286 89455 674 72.0645 1.1441 380 1598.38 0.00425678
7286 96066 662 67.6684 1.18181 430 1258.32 0.00427973
7286 100075 624 65.8509 4.41543 560 1353.74 0.00434675
7286 102115 576 74.4707 1.30305 370 1691.78 0.00461211
7286 103045 598 58.3451 6.7152 -510 1495.41 0.00724663
7286 103752 642 62.6286 9.99247 1140 1333.66 0.0052971
7286 109164 608 61.5863 1.87246 470 1214.77 0.0055468
7286 109606 624 70.6684 6.14809 1230 1343.67 0.0043032
7286 110881 662 58.8868 1.29226 600 1027.81 0.00434414
7286 111785 674 66.9648 3.72637 730 1527.68 0.00661639
7286 114396 626 57.8019 1.80413 -560 1104.38 0.00499357
7286 116020 624 69.7159 1.82896 420 1300.28 0.00475663
7286 120334 688 69.934 1.39034 -370 1271.73 0.00460613
7286 125812 594 65.9262 8.10797 770 1411.39 0.00567886
7286 129768 692 68.044 10.9724 740 1508.76 0.00651668
7286 133110 608 56.7559 3.63258 -430 1567.84 0.0071476
7286 141326 674 73.105 1.70586 1010 1253.68 0.00503586
