7341 732 610 76.3482 2.33594 890 1595.76 0.00518332
7341 11357 692 74.9627 7.74014 460 1718.05 0.00713351
7341 12477 642 65.5909 1.7142 440 1239.18 0.0049986
7341 12889 624 59.4966 5.25215 750 1115.65 0.00436307
7341 16456 576 67.7804 5.75854 520 1666.74 0.00577295
7341 19941 674 69.9788 1.50589 360 1823.98 0.0048117
7341 19991 674 70.117 3.33164 -420 1781.56 0.00647575
7341 22335 696 73.7836 4.83011 480 1733.33 0.00655335
7341 24318 576 72.5582 5.75791 740 1787.13 0.00542396
7341 25759 674 69.4074 5.94018 460 1434.05 0.00622664
7341 29711 692 64.9144 1.83247 -510 1069.63 0.00507698
7341 41708 610 69.5331 3.66937 -1050 1546.25 0.00613207
7341 51820 600 57.898 3.65988 550 958.075 0.00586139
7341 51901 592 75.1911 4.3157 580 1737.74 0.00510111
7341 56756 598 69.5396 8.2915 550 1681.4 0.00835534
7341 57765 674 57.8973 2.63256 -320 1389.72 0.00610542
7341 59268 688 74.8342 1.84906 -460 1675.06 0.00532444
7341 66039 664 59.0891 5.93284 630 1241.48 0.00471151
7341 68603 610 70.5048 2.6031 -440 1431.51 0.00536045
7341 70053 692 62.6235 8.04029 640 1226.39 0.00549834
7341 70107 600 63.9637 1.81925 -230 1557.67 0.00536321
7341 70503 576 61.6669 9.21704 750 1391.54 0.00548349
7341 73099 576 71.8406 1.4729 -420 1698.92 0.00450616
7341 74311 696 62.5322 2.09685 480 1387.44 0.00511745
7341 75933 626 73.047 5.83346 820 1422.33 0.00454098
7341 78282 688 63.5279 5.04219 630 1425.97 0.00579796
7341 85715 610 66.5835 1.63207 -370 1128.04 0.00406801
7341 87137 640 76.0046 2.48258 -340 1551.05 0.0055324
7341 91195 644 58.6028 4.09068 500 1290.09 0.00491334
7341 96254 642 57.1943 4.12975 470 1168.14 0.00439641
7341 97722 690 75.8869 2.00116 450 1771.6 0.00534361
7341 111336 696 66.0428 5.40527 480 1385.56 0.00723817
7341 112587 642 74.4893 4.09292 650 1419.51 0.00416587
7341 113599 662 56.9339 5.76495 -430 1246.54 0.00683864
7341 115918 598 59.4057 4.59928 -500 1141.41 0.00636439
7341 117392 594 61.6622 3.14588 430 1272.45 0.0058186
7341 118925 674 59.7507 3.34318 -530 1298.14 0.00611488
7341 119600 642 73.3349 10.3106 1010 1517.26 0.00557818
7341 122968 594 70.8823 6.55889 1690 1657.58 0.0040853
7341 123369 674 64.4372 1.5596 470 1348.71 0.0044976
7341 124378 576 68.9771 2.20642 -330 1273.65 0.0054895
7341 134857 642 61.7947 4.22578 580 1326.83 0.0040586
7341 135898 608 71.6936 2.71581 -630 1262.76 0.00654295
7341 136211 662 75.3894 2.06603 -620 1544.22 0.00544226
7341 137519 598 66.5536 5.03164 630 1120.84 0.00483989
7341 144006 600 62.1388 13.6411 430 1599.63 0.0103617
7341 148850 626 69.6327 21.2195 6460 1360.93 0.00418248
7341 149653 696 75.3776 9.61798 -610 1280.44 0.00533995
7341 150191 664 65.4959 5.3544 760 1250.84 0.00453415
7341 152540 664 67.901 7.94079 810 1527.48 0.00506086
