7357 909 674 64.6326 8.52954 -720 1370.12 0.00712636
7357 1323 688 62.3617 3.09473 -410 1511.07 0.00608559
7357 6570 610 58.7731 2.47385 -490 1066.89 0.00455693
7357 9703 688 70.2211 9.8201 810 1461.7 0.0063822
7357 9980 692 66.21 4.76335 -540 1248.42 0.00685168
7357 11989 576 61.2466 5.50941 910 1329.55 0.00418289
7357 21153 688 59.047 4.25588 510 1189.51 0.00488316
7357 21330 644 64.5908 1.77499 -410 1548.2 0.00509488
7357 22694 688 60.209 1.0149 400 1190.02 0.00402909
7357 24420 610 64.493 6.71195 450 1487.84 0.00666324
7357 25721 576 72.3663 2.87953 340 1795.75 0.00620691
7357 30036 642 57.9913 6.18539 830 1160.02 0.00447308
7357 30436 688 56.8362 4.36035 -390 1332.03 0.00720668
7357 40078 626 70.4656 3.16723 480 1297.21 0.00402165
7357 49853 674 62.1687 1.8156 980 1291.26 0.00504213
7357 51019 592 64.9943 5.25671 430 1690.4 0.00624448
7357 51390 608 62.617 30.0886 -3550 1049.52 0.00406639
7357 55627 644 58.0618 1.076 -320 1135.06 0.00404763
7357 56363 594 57.4458 1.20793 480 1175.78 0.00478843
7357 57519 696 60.0909 3.05227 1060 1177.48 0.00447052
7357 59810 696 60.8083 1.15578 -630 1321.28 0.00402495
7357 67228 662 62.073 1.10439 360 1385.23 0.00408209
7357 71296 674 59.6647 1.16137 610 1094.21 0.0041903
7357 74969 626 76.19 6.00599 970 1475.28 0.00411636
7357 76030 626 75.3036 8.70219 570 1599.77 0.006379
7357 84744 662 75.0719 1.12323 510 1706.34 0.00408875
7357 85588 644 69.1456 4.57277 440 1300.91 0.00467391
7357 85775 692 65.2178 17.535 850 1662.69 0.00901381
7357 88270 576 59.5804 4.59342 380 1131.06 0.00463251
7357 93397 674 68.4114 1.82556 -500 1454.51 0.0051142
7357 95341 662 69.2071 9.10191 1200 1587.19 0.00492038
7357 96364 576 67.8985 9.19898 590 1413.05 0.00752261
7357 101181 626 72.5209 18.0319 -1520 1411.23 0.00497288
7357 101890 674 66.5195 1.12707 390 1627.18 0.0041734
7357 103103 690 76.3369 2.58369 640 1694.17 0.00589933
7357 106827 662 73.3757 1.87715 -530 1273.5 0.00505132
7357 109071 624 59.6385 1.22045 360 1387.37 0.00435987
7357 110732 662 71.24 1.96257 520 1528.21 0.00524838
7357 116915 592 71.4104 1.25011 -490 1285.5 0.00454783
7357 124219 610 68.2421 1.19226 610 1461.59 0.00402576
7357 127012 624 62.1793 9.91306 1080 1399.14 0.0052033
7357 128054 662 64.4805 1.11687 410 1355.56 0.004096
7357 137970 592 60.557 8.44823 660 1298.2 0.00615408
7357 150099 626 71.7357 2.17564 -330 1591.1 0.00534882
7357 150430 626 56.8291 1.17675 420 1089.01 0.00434482
7357 151921 592 59.2755 30.5913 4820 1092.23 0.00402548
