7386 848 610 61.1988 2.1527 -640 1122.51 0.00502175
7386 4563 644 74.9044 4.22228 -500 1396.19 0.00632529
7386 10270 594 75.4886 2.22459 460 1737.08 0.00535934
7386 11298 646 59.1208 5.81893 690 1216.93 0.00464071
7386 13403 642 65.371 6.3991 950 1316 0.004602
7386 25360 696 59.9593 5.66883 620 1212.6 0.00424151
7386 25727 642 71.3939 8.75304 900 1535.66 0.00527955
7386 31362 664 74.9666 2.67709 490 1622.15 0.00586946
7386 37277 640 62.0338 27.3567 7270 1091.76 0.00440445
7386 41596 600 65.9087 5.64657 590 1634.72 0.00770731
7386 45522 624 59.5673 1.29434 -620 1042.81 0.00407501
7386 46351 626 63.6081 1.13209 -370 1495.81 0.00410777
7386 52204 692 67.0747 2.24175 -520 1434.63 0.00531572
7386 57084 690 68.7672 1.31332 -430 1295.73 0.00467833
7386 58123 626 73.6785 2.83154 420 1664.53 0.00575744
7386 64990 674 66.5626 7.8236 -730 1619.86 0.00740928
7386 82535 674 60.2113 7.3305 450 1403.21 0.00590316
7386 82601 674 72.9737 3.98067 -570 1509.76 0.0066864
7386 82928 626 62.7122 23.0916 2390 1218.09 0.00517344
7386 89257 662 65.164 3.65337 670 1576.24 0.00573958
7386 96227 624 59.8788 5.49416 480 1282.33 0.00520823
7386 97374 646 67.713 5.74116 510 1670.32 0.00598806
7386 101498 576 70.4943 2.02789 -250 1409.96 0.00535997
7386 103189 644 67.1458 1.12642 330 1349.77 0.00410804
7386 104787 688 74.8493 1.77208 -460 1517.38 0.00511831
7386 104927 692 61.6254 6.415 1430 1045.38 0.0043018
7386 105923 576 62.6122 7.16468 -860 1343.15 0.00715183
7386 113893 642 74.8408 7.99155 1300 1591.53 0.00426455
7386 115369 644 64.676 1.7824 360 1136.57 0.00499471
7386 117353 696 66.7459 1.77495 -520 1404.2 0.00485947
7386 117881 576 67.6706 5.83195 -410 1744.36 0.00741053
7386 136158 624 75.5965 6.70351 900 1319.38 0.00465765
7386 136450 696 71.8497 2.10076 -430 1702.36 0.00544927
7386 138951 626 57.2873 19.4108 3100 951.994 0.00650559
7386 140952 662 75.1882 6.07754 390 1447.67 0.0070835
7386 145299 626 59.4117 19.5737 1930 1025.82 0.00528369
7386 146947 600 70.3162 2.19162 370 1506.71 0.00608713
7386 150103 576 61.1935 10.6692 1000 1347.1 0.00603042
7386 156456 598 62.5468 1.45387 540 1279.77 0.00499786
7386 160026 626 57.283 1.80575 -570 1180.45 0.0050004
7386 165918 690 68.7569 1.49616 780 1797.4 0.00488515
7386 166069 598 66.9934 5.211 670 1284.44 0.00461258
7386 166918 598 58.7233 1.49419 430 1638.13 0.00509146
7386 167996 592 72.4433 13.978 -770 1807.87 0.00931473
7386 169496 624 76.5929 7.77061 450 1493.12 0.00606818
