7578 3819 692 57.7183 9.8297 500 1097.68 0.00615013
7578 6573 624 60.5718 2.24835 510 1177.6 0.00507414
7578 7552 664 69.9896 4.40575 -770 1382.86 0.00503432
7578 8548 610 74.3177 1.21473 560 1260.36 0.00402865
7578 9801 598 64.0145 1.50037 510 1346.35 0.00468878
7578 14114 610 57.5623 8.11793 1030 973.764 0.0047086
7578 17965 642 71.6392 4.47607 640 1252.97 0.00440646
7578 19466 662 76.5078 2.70653 -800 1696.95 0.00594934
7578 24806 640 66.3001 11.2098 440 1636.98 0.00737756
7578 26036 646 61.3952 4.71239 840 1379.35 0.00411982
7578 28817 690 61.4415 12.3219 460 1390.01 0.00855572
7578 36594 624 63.0746 1.15913 -540 1188.48 0.00413875
7578 38912 610 69.996 3.06793 -410 1302.99 0.00587597
7578 39484 640 61.446 11.7288 810 1397.39 0.0078595
7578 46299 642 73.3912 1.55532 -450 1409.98 0.00452983
7578 50179 662 58.9327 4.07239 520 1432.64 0.0064317
7578 52019 610 59.1929 3.51419 -520 1138.26 0.00593832
7578 54575 576 61.1905 4.5795 1180 1342.32 0.00406382
7578 56860 640 73.1501 6.30904 1840 1471.28 0.00412696
7578 57546 696 62.716 1.78814 -490 1082.55 0.00493574
7578 60765 610 72.454 8.19088 1100 1558.22 0.0048046
7578 63228 688 57.282 2.03073 -470 1307.11 0.00516305
7578 63584 674 64.1257 1.99637 -370 1768.26 0.00547382
7578 63690 674 64.111 3.16266 -620 1231.37 0.00615589
7578 66292 594 60.4465 21.7007 -1090 1124.08 0.00421385
7578 72823 674 61.2171 2.70086 -470 1093.76 0.00565059
7578 73950 674 72.2673 9.67205 540 1826.06 0.00770567
7578 77036 576 76.2961 5.31942 940 1542.32 0.00444556
7578 79184 642 72.4779 1.4242 -430 1230.4 0.00407986
7578 88206 662 73.1993 1.43174 440 1748.6 0.00472483
7578 89208 662 72.3876 5.07604 790 1946.51 0.00707278
7578 89921 662 73.9132 1.04384 -380 1527.66 0.00413528
7578 90867 610 57.3168 2.26128 -420 940.679 0.00512634
7578 90930 610 59.5236 3.57512 500 1160.29 0.00464731
7578 91696 594 71.7127 2.21171 570 1589.24 0.00623341
