7498 5044 690 74.1933 4.39812 500 1629.45 0.0068586
7498 14063 594 68.8049 4.46383 -530 1425.91 0.00726617
7498 14968 664 60.7007 4.77755 550 1307.41 0.00643526
7498 15977 640 56.9287 10.8488 1000 1246.47 0.00569002
7498 17852 626 64.9789 23.3545 1980 1241.36 0.00593039
7498 21810 600 68.4187 1.86475 530 1445.29 0.00555057
7498 31932 608 65.9289 5.00485 620 1421.87 0.00430616
7498 32056 644 63.6452 2.39437 550 1150.63 0.00486341
7498 32057 624 76.1479 6.49819 1330 1331.86 0.00443323
7498 32889 640 65.167 2.31037 440 1489.01 0.00561001
7498 32903 610 70.5567 2.45208 -640 1515.27 0.00520822
7498 34107 688 72.2556 5.54367 590 1386.25 0.00742775
7498 34358 642 61.5077 7.64518 520 1329.32 0.0055166
7498 34544 662 62.2639 3.88279 590 1278.54 0.00612534
7498 37340 696 69.2753 2.17198 -490 1571.18 0.00425928
7498 40540 662 59.9347 2.71693 520 1281.44 0.0049385
7498 50754 598 66.6716 26.8372 -5500 1160.41 0.00438755
7498 52685 600 67.6527 4.74625 630 1478.23 0.00444088
7498 54694 598 64.8552 4.47523 520 1272.93 0.00438689
7498 58588 674 57.3745 2.27514 590 1216.74 0.00510745
7498 65897 576 68.7551 6.99649 860 1696.29 0.00712698
7498 67345 626 57.4251 20.6491 3610 1489.93 0.00784341
7498 72122 594 66.398 1.04471 370 1258.21 0.0043548
7498 72388 626 75.3811 16.7536 1890 1119.54 0.00524237
7498 79252 696 71.7392 1.4227 -410 1551.62 0.00414627
7498 79313 642 65.6591 8.11644 940 1422.62 0.00651451
7498 87770 696 63.424 2.00255 600 1487.82 0.00527206
7498 90820 594 72.9703 5.09775 850 1511.01 0.00458286
7498 91409 688 62.6128 3.86792 410 1405.9 0.00647404
7498 97156 674 67.5419 5.46382 930 1464.62 0.00712586
7498 102364 662 67.879 4.75309 410 1640.94 0.00621629
7498 104137 576 67.0716 12.4437 600 1505.18 0.00831401
7498 104890 592 66.9255 4.7336 690 1389.25 0.00529674
7498 123741 592 60.1691 12.8262 550 1179.39 0.00830296
7498 126134 610 74.2516 3.28196 -610 1415.58 0.00487532
7498 126379 598 65.1293 8.97441 1030 1284 0.004778
7498 130518 674 71.0267 11.4046 630 1658.74 0.00734195
7498 135746 696 72.9213 1.55892 -580 1422.14 0.00470424
7498 135765 626 62.0096 14.8934 8370 1084.49 0.00512481
