7378 2455 644 74.8983 2.27936 -400 1558.09 0.00415864
7378 2646 608 74.111 2.98339 -420 1555.83 0.006928
7378 5857 690 59.973 2.31774 -560 1322.82 0.00554479
7378 15976 600 56.8172 5.19783 -500 1241.21 0.0068441
7378 16005 626 57.0165 6.75508 880 1088.09 0.00583493
7378 16279 644 61.6419 9.95036 500 1325 0.00625712
7378 16554 644 59.2903 11.7706 -490 1092.87 0.00531052
7378 16745 674 68.9056 5.83242 520 1841.89 0.00734495
7378 18698 576 64.3869 8.4242 760 1400.43 0.00551643
7378 19174 674 73.9808 1.81722 -520 1638.01 0.00520067
7378 28114 642 61.7184 9.1323 910 1216.18 0.00558946
7378 31704 610 69.1415 4.13981 680 1540.31 0.00522479
7378 34299 664 72.1279 2.92455 -580 1301.8 0.00538055
7378 36261 598 59.4418 2.07151 -400 1612.12 0.0057018
7378 37578 610 68.1432 5.89371 -710 1671.05 0.00650406
7378 39044 576 57.0882 3.48734 530 1032.93 0.00413286
7378 43999 664 58.0294 1.4802 -420 1270.18 0.0044932
7378 45852 626 68.8838 2.93805 -450 1367.11 0.00588174
7378 46819 640 58.4385 20.4244 -2830 953.444 0.00430324
7378 47194 664 58.4835 2.77145 -450 1389.57 0.00553084
7378 47214 600 60.0963 4.28695 490 1485.87 0.00708978
7378 47654 674 59.8838 2.07244 380 1544.6 0.00538822
7378 49140 576 70.3154 1.93247 -330 1682.63 0.0055354
7378 52533 576 57.0878 1.06475 340 1165.78 0.00415172
7378 53586 688 73.4347 4.8659 700 1703.38 0.00473273
7378 54580 696 62.668 4.00318 -470 1414.84 0.00640948
7378 55233 626 67.6711 1.62079 420 1553.68 0.00495398
7378 65252 608 61.4802 1.06941 320 1320.21 0.0043026
7378 70383 644 62.5877 2.72002 -510 1224.51 0.00570675
7378 71963 688 70.2972 9.66252 490 1630.7 0.00686918
7378 77953 688 69.1086 2.1447 -420 1541.96 0.00533159
7378 82308 626 69.6035 7.44603 1030 1167.25 0.00578082
7378 82360 624 61.4635 1.27677 370 1425.69 0.00420026
7378 86555 626 69.6908 6.89128 1650 1397.36 0.00402456
7378 90007 626 60.0653 4.27513 690 1116.2 0.00403561
7378 90653 642 76.355 5.53912 590 1570.44 0.00520687
7378 95100 674 60.6739 1.63573 580 1017.99 0.00411771
7378 95361 626 57.9411 17.4038 4480 1038.1 0.00497488
7378 96141 626 65.9147 24.0022 3070 1014.34 0.00420581
7378 98744 640 73.1499 16.2338 -510 1908.91 0.00836935
7378 101505 608 66.0859 5.38261 510 1523.62 0.00503455
7378 107380 674 68.091 6.60559 -700 1476.56 0.00682231
7378 111982 608 67.0873 1.90086 -230 1516.08 0.00543784
7378 112540 674 61.9611 1.33505 690 1179.53 0.00453854
7378 122372 696 76.105 2.7616 -410 1444.83 0.00563986
7378 123637 642 62.5789 10.4468 700 1487.47 0.00517926
7378 124833 576 56.821 8.07597 1020 1227.91 0.00474715
7378 129739 696 61.4894 6.59402 400 1445.99 0.00593699
7378 132225 576 67.2236 9.41962 850 1550 0.00657356
7378 139735 646 76.2839 4.99474 680 1413.93 0.00704109
7378 139976 598 70.1301 1.67056 -600 1439.02 0.00512654
7378 140143 696 59.8396 13.6855 990 1265.51 0.00742425
7378 140517 626 56.8978 25.1667 3060 1109.89 0.00467746
7378 143563 674 57.1627 6.63047 700 1374.58 0.00708572
7378 145779 646 57.2764 2.51358 -390 1088.2 0.00531065
7378 152218 610 62.1055 1.0045 80 983.883 0.0041347
7378 156934 674 76.6848 1.01804 460 1952.28 0.00401139
