7531 1558 576 71.9564 2.28052 -330 1832.08 0.00575308
7531 1719 690 71.8622 1.86608 380 1438.25 0.0049494
7531 4890 608 65.7441 9.71756 1220 1628.32 0.00499779
7531 6854 664 58.7909 4.45129 570 1030.84 0.00444478
7531 14154 662 75.9344 2.94029 430 1588.71 0.0062361
7531 16307 696 64.0373 1.308 -550 1184.38 0.00433634
7531 17946 696 74.8818 3.90164 370 1405.48 0.00680934
7531 20745 598 65.1383 6.81715 780 1053.12 0.00402854
7531 22456 690 60.7861 2.73411 730 1426.01 0.00617452
7531 28558 610 63.3363 10.246 -740 1001.62 0.00458592
7531 31779 642 72.1898 1.90924 -410 1511.51 0.0050885
7531 35810 626 68.375 9.47598 680 1238.59 0.00515722
7531 40839 626 64.1041 22.8857 2800 1192.92 0.00640384
7531 41903 644 57.6031 1.66459 -370 1463.5 0.00491944
7531 44148 674 75.039 2.6873 440 1812.89 0.00609968
7531 44569 592 66.2605 2.35952 470 1705.15 0.00587473
7531 45112 626 62.0772 17.667 -2170 1235.13 0.00488083
7531 46040 608 60.0149 8.73184 1080 1449.44 0.00510686
7531 46175 640 62.5419 2.20212 -460 1419.91 0.00526167
7531 46940 692 61.198 18.4892 970 1456.22 0.00855005
7531 47338 598 60.0166 5.37358 -490 1494.09 0.00404138
7531 48157 626 64.7458 15.4344 1580 1267.5 0.00424622
7531 53600 608 73.5223 1.29207 450 1678.81 0.00498855
7531 54886 576 68.5568 5.62225 600 1417.94 0.00561042
7531 58590 624 61.5515 1.68843 410 1560.47 0.00466845
7531 58962 576 67.9275 1.07857 -410 1575.35 0.0041502
7531 60835 592 60.5776 9.80924 710 1495.17 0.00621806
7531 64449 664 61.3915 1.2889 680 1280.28 0.0043467
7531 65928 674 59.9456 1.21569 -340 1295 0.00440149
7531 66987 626 74.5234 8.27685 570 1681.75 0.00584241
7531 72597 696 72.3528 1.91862 450 1589.49 0.00494048
7531 76288 696 68.3062 8.16803 590 1685.94 0.00606119
7531 89219 576 76.3897 3.24884 500 1679.98 0.00407861
7531 95266 594 67.8298 3.43665 530 1546.03 0.00664735
7531 100075 598 63.7958 19.5972 -3640 1366.41 0.00408942
7531 103919 608 60.3306 9.20356 390 1270.06 0.00726339
7531 104843 696 72.2183 5.53224 820 1402.79 0.00403897
7531 106187 644 57.1922 8.00637 -460 1209.25 0.00561187
7531 107674 640 74.1047 6.29631 580 1582.67 0.00588489
7531 109857 626 60.3755 21.1306 4120 1000.42 0.00445358
7531 112059 688 70.6663 2.23897 460 1554.43 0.00600486
7531 112292 642 66.961 8.09975 740 1434.32 0.00489594
7531 113839 674 58.4611 4.98057 680 989.522 0.00608931
7531 117357 640 73.2457 1.92299 -440 1322.73 0.00509919
7531 121912 626 68.5185 4.40246 540 1390.18 0.00410434
7531 122321 640 65.6364 5.20066 490 1342.11 0.00752231
7531 135245 576 73.5698 7.20181 500 1472.15 0.00529957
7531 138597 690 59.4446 1.67171 320 1262.76 0.00464823
