7340 1524 608 64.0506 3.11372 580 1364.96 0.00494277
7340 2194 626 62.0473 20.2964 8110 1138.98 0.00416658
7340 3308 598 69.0164 4.23804 1020 1214.52 0.00418483
7340 6679 610 70.2598 3.03712 -440 1764.74 0.00586213
7340 10343 674 71.3284 4.99212 -520 1386.96 0.00694893
7340 14535 624 73.3168 7.31041 460 1597.16 0.00700088
7340 16236 598 71.3214 4.71831 600 1375.47 0.00478222
7340 16512 690 66.6076 3.10029 500 1413.5 0.00587696
7340 16534 626 65.9383 5.55099 650 1226.03 0.00469013
7340 17707 674 63.4322 2.92592 520 1420.05 0.00613271
7340 27884 610 75.7288 2.92233 -480 1342.19 0.00529399
7340 30830 626 63.0859 18.0008 5850 1192.77 0.00425868
7340 33736 626 74.7556 1.94968 490 1660.83 0.00510681
7340 36448 610 65.7758 1.41443 370 1381.09 0.00406152
7340 41456 674 57.535 3.3159 -450 1317.58 0.00563288
7340 44745 626 67.7528 2.38889 2800 1809.8 0.00563482
7340 51743 598 72.8517 1.91224 -590 1273.45 0.0050807
7340 54938 640 65.5516 4.596 530 1460.09 0.00594293
7340 55217 624 75.1119 4.02386 370 1532.33 0.00635936
7340 58989 646 70.5912 10.7973 620 1584.59 0.00790778
7340 59059 642 68.9673 10.2605 750 1466.88 0.00495046
7340 63682 662 75.4997 2.27101 -580 1367.88 0.00545006
7340 64843 626 67.5394 16.8584 3790 1140.06 0.00491417
7340 71974 576 73.1032 1.10743 370 1506.54 0.00436761
7340 80599 644 71.7152 1.13403 -380 1264.53 0.00419775
7340 86087 592 67.2855 1.12374 -380 1351.41 0.00441867
7340 90531 626 62.9632 1.23814 -390 1270.21 0.00427432
7340 106675 644 67.1063 5.52596 650 1242.75 0.00442509
7340 108938 576 76.2094 2.48457 -450 1501.75 0.00588017
7340 109311 642 62.9627 7.14204 990 1367.15 0.00493149
7340 114313 576 64.9724 10.1433 550 1562.82 0.00671691
7340 117980 610 74.1722 2.94219 840 1654.64 0.00476004
7340 118644 674 64.4291 2.52571 -460 1306.65 0.00483109
7340 123485 644 63.277 8.08177 500 1706.96 0.0069911
7340 130370 642 61.3696 9.50669 1280 1336.66 0.00517427
7340 131447 688 65.3219 1.21839 330 1104.02 0.00435574
7340 138649 640 67.8482 3.80763 490 1542.27 0.00487401
7340 140696 696 71.9108 2.30147 460 1474.49 0.00494884
7340 144196 692 76.4772 20.7606 720 1829.88 0.00869017
