7464 2923 690 71.6225 1.00902 410 1492.03 0.00410119
7464 4778 576 69.2623 2.60698 -350 1648.61 0.00620625
7464 6487 626 58.4824 16.7673 -1300 1278.91 0.0062538
7464 10398 674 72.3552 2.02432 470 1799.47 0.00532551
7464 15206 640 66.5053 1.03846 330 1581.37 0.00403464
7464 19363 594 75.3335 7.55464 -440 1838.53 0.00828459
7464 23905 662 67.152 1.34569 490 1276.5 0.00409406
7464 26957 610 59.0365 8.93636 880 1128.66 0.00508415
7464 30295 642 61.9553 3.3167 570 1216.28 0.00403678
7464 30808 696 75.0253 2.39322 920 1616.34 0.00552369
7464 36688 576 66.7303 1.29222 390 1206.45 0.00432712
7464 38968 624 65.256 6.58982 990 1372.78 0.0046377
7464 43429 642 71.2844 4.24342 630 1547.89 0.00480838
7464 45474 610 66.9788 2.23684 -380 1427.42 0.005219
7464 47473 592 69.0663 3.387 340 1853.85 0.0074326
7464 47559 626 67.945 23.1056 7880 1187.13 0.00470987
7464 48682 598 58.5926 26.2341 -3920 1120.21 0.00413597
7464 56533 598 68.6107 4.75028 450 1407.62 0.00458511
7464 59186 626 60.3006 22.3133 6760 1106.97 0.00531462
7464 72532 626 59.5942 2.10763 -370 1405.52 0.00555781
7464 86549 664 73.9733 1.32472 530 1589.51 0.00444502
7464 93418 690 68.9884 11.6552 1130 1608.28 0.00623404
7464 97424 644 62.1688 4.66054 720 1087.76 0.00459073
7464 98454 674 58.232 3.20939 -650 1269.51 0.00592543
7464 101110 674 63.2222 1.04736 -580 1165.73 0.00403102
7464 106301 662 64.9465 7.45584 420 1305.84 0.00691668
7464 116372 662 64.2568 8.16823 540 1261.05 0.00633685
7464 117588 626 65.8178 21.3467 -3660 1412.7 0.00565956
7464 118227 626 59.8754 26.8882 4800 957.5 0.00529818
7464 121968 624 72.6378 5.56816 420 1465.2 0.00543782
7464 122390 690 69.8075 3.42581 460 1374.76 0.00618346
7464 137934 690 61.0661 1.242 -350 1453.64 0.00450679
7464 138949 608 63.0759 1.59462 490 1557.68 0.00532038
7464 141758 674 74.2371 4.3763 -590 1485.85 0.00627895
7464 142887 674 59.4183 2.21777 370 1223.99 0.00580493
7464 145236 642 64.5893 3.38581 660 1221.06 0.00419168
7464 148089 576 69.5206 5.90285 830 1423.47 0.00420613
7464 155542 598 63.347 2.6611 340 1356.22 0.00653596
7464 160511 576 76.184 1.86325 560 1500.35 0.0055368
7464 162058 696 69.8857 6.37927 750 1445.64 0.00441118
7464 163387 674 68.8347 2.45037 430 1647.37 0.00587543
7464 167105 608 61.088 23.7824 8450 1396.43 0.00413891
7464 168050 674 69.9376 3.31098 -360 1659.58 0.00654383
7464 179629 644 59.488 3.41757 840 1434.15 0.0046606
7464 183728 690 71.2878 8.80464 480 1512.32 0.00687942
7464 184741 610 70.4249 6.63637 -450 1429.45 0.00719471
7464 185020 688 70.5988 3.63208 -400 1568.8 0.00686108
7464 189626 646 67.099 2.48541 -420 1309.15 0.00549517
