7308 3488 674 57.5886 6.8313 610 1394.64 0.00694238
7308 5193 626 60.1944 22.2032 1920 1228.39 0.00569426
7308 8759 594 63.3837 9.55257 680 1498.72 0.00553671
7308 9276 576 61.4898 1.30362 -400 1339.29 0.00451864
7308 9824 674 67.0047 2.53987 -410 1408.91 0.00562664
7308 10863 692 61.4612 18.4477 940 1359.44 0.00889203
7308 14847 696 71.6242 4.59165 -580 1221.88 0.0065518
7308 15544 696 60.3203 2.78983 780 1196.74 0.00532284
7308 15780 674 59.7463 2.61637 -990 1211.09 0.00557901
7308 16381 640 75.5757 4.13532 -390 1810.27 0.00666187
7308 20946 674 61.93 5.99368 610 1233.4 0.00497941
7308 23083 690 73.572 1.67623 -420 1754.09 0.0052328
7308 26964 674 75.0756 1.1651 -390 1738.01 0.00457452
7308 34791 674 73.1096 1.50888 -410 1631.39 0.00461582
7308 41648 690 74.5749 1.58906 480 1548.51 0.0049286
7308 41751 662 70.5962 3.68868 640 1414.44 0.00440667
7308 43425 690 76.1338 2.99825 400 1312.31 0.00477055
7308 46435 642 64.0976 7.18179 1250 1415.58 0.00470727
7308 47087 594 68.2341 6.43663 600 1636.95 0.00625772
7308 48445 644 61.614 3.20276 430 1152.29 0.00448011
7308 52164 600 70.262 13.8827 8660 1777.89 0.00907899
7308 53945 576 59.1572 21.3255 1550 1060.61 0.00423575
7308 53954 592 65.7083 13.9075 510 1551.62 0.00896095
7308 54504 640 71.2709 4.99227 450 1423.94 0.0048726
7308 57813 626 61.3024 15.1007 -4480 1091.84 0.00528996
7308 58376 674 62.2721 2.99144 -1030 1476.79 0.00593032
7308 59152 662 76.5248 1.20156 400 1796.09 0.00432361
7308 62416 576 63.3044 9.35752 -750 1363.46 0.00742415
7308 68163 692 57.1036 10.2144 640 1295.13 0.00609068
7308 69788 608 67.4177 6.97694 440 1570.11 0.00621188
7308 76811 674 60.3918 1.75235 340 1517.12 0.00506953
7308 79873 600 57.7741 1.57981 550 1020.17 0.00520778
7308 82813 600 57.7938 13.2491 500 1527.82 0.00890054
7308 86397 644 68.9084 1.83987 500 1360.49 0.00404776
7308 87985 608 61.0183 6.82285 860 1437.65 0.0056649
7308 90924 674 62.2544 5.32155 820 1480.21 0.00701689
7308 94269 608 71.3627 4.0189 460 1483.32 0.00428288
7308 94691 696 64.9584 2.58827 440 1540.74 0.00541943
7308 94784 576 65.6653 8.0853 500 1349.13 0.00743545
7308 99466 600 68.8186 7.28643 810 1599.68 0.00503189
7308 103394 608 63.5039 3.60981 560 1288.67 0.00732362
7308 116015 576 60.1906 3.78319 470 1312.67 0.00549099
7308 116343 662 68.4977 1.64128 600 1293.08 0.00455859
7308 119445 688 76.3586 5.97658 -550 1498.36 0.00734464
7308 122767 598 57.8847 12.9657 -470 1319.3 0.00702213
