7281 435 642 63.118 5.03549 590 1150.69 0.00466507
7281 10980 576 65.0698 4.74795 -510 1361.91 0.00728968
7281 11666 674 71.0269 2.31007 -770 1821.17 0.00567135
7281 15852 610 74.0748 1.20126 470 1585.1 0.00404996
7281 17790 674 70.8934 3.00231 680 1458.16 0.00617563
7281 20150 696 71.9615 4.90189 640 1370.98 0.00438341
7281 26598 600 71.8655 6.69575 600 1394.95 0.00512554
7281 37037 626 68.8587 1.54658 -580 1220.76 0.00462033
7281 38488 662 67.1849 3.98634 430 1541.65 0.00678037
7281 40128 610 75.4767 9.85306 640 1681.01 0.00791915
7281 40580 640 70.5518 3.24728 430 1430.22 0.00500025
7281 46448 610 68.2887 1.76332 540 1624.7 0.00474891
7281 51541 594 57.0699 1.78836 -480 1274.98 0.0054431
7281 51626 640 76.1266 1.36596 490 1769.28 0.00443176
7281 53802 674 67.0217 1.29476 380 1430.94 0.00438794
7281 55289 576 69.3313 3.11728 390 1689.3 0.0051521
7281 55593 626 72.1635 2.38624 -640 1477.82 0.00557264
7281 60203 598 72.8401 3.62799 400 1747.39 0.00657399
7281 60499 610 69.5161 1.12552 -470 1401.52 0.00402587
7281 64245 690 74.5242 1.23474 -380 1838.61 0.00452068
7281 64364 592 62.4595 9.32127 470 1930.33 0.00886654
7281 67865 662 68.1969 1.58728 650 1472.52 0.00486331
7281 68848 674 61.7953 2.87046 610 1090.65 0.00607348
7281 73636 576 67.9521 1.03274 -330 1522.93 0.00413655
7281 77325 640 67.2439 5.60361 460 1368.88 0.00601454
7281 79380 608 63.605 6.84284 1060 1501.72 0.0047135
7281 81841 664 76.6263 1.08953 500 1483.16 0.00418137
7281 83279 594 57.5332 1.90641 460 1359.88 0.0056752
7281 92942 576 68.8859 3.45888 380 1842.26 0.0064089
7281 94962 600 56.9854 23.0562 -3210 973.922 0.00422806
7281 96317 674 63.509 2.30093 350 1554.72 0.00529728
7281 104456 600 74.7306 2.5969 -520 1875.16 0.00635797
7281 110549 696 62.8634 2.32967 440 1495.45 0.00528325
7281 111283 662 68.0752 2.90957 430 1516.53 0.00610014
7281 112480 662 61.1689 1.10673 -370 1197.92 0.00412996
7281 114956 688 57.0862 8.55092 570 1319.58 0.00629304
7281 115632 576 72.5726 5.63999 580 1561.22 0.00623956
7281 120465 576 64.4662 1.47346 -440 1321.68 0.00495725
7281 127683 674 61.8132 5.35695 -500 1418.09 0.00717683
7281 130411 600 73.9089 5.1512 -500 1422.8 0.00711428
7281 134870 662 69.1357 2.49092 -690 1504.14 0.00549763
7281 135522 610 73.1198 1.60335 460 1481.72 0.00456015
7281 136210 662 62.9213 4.97784 -400 1299.23 0.00690848
7281 137977 646 58.5479 2.25451 -340 1266.66 0.00566392
