7555 243 610 57.4565 1.53286 600 1155.06 0.00450602
7555 1469 610 61.4574 2.33387 -610 1082.37 0.00439898
7555 2866 642 60.3029 5.1415 840 1255.13 0.004489
7555 4725 696 63.3778 4.84117 570 1263.62 0.00422644
7555 7526 594 64.4858 3.33271 570 1308.08 0.00401822
7555 14648 690 61.8064 4.45719 700 1199.67 0.00421154
7555 16627 576 74.2637 2.96564 460 1555.93 0.0061583
7555 19685 644 58.1929 1.58726 -520 1186.75 0.00412615
7555 20611 644 59.7257 9.47521 530 1358.48 0.00588336
7555 28545 576 67.5688 5.61373 520 1538 0.0049766
7555 30733 674 57.0265 3.19093 560 1186.74 0.00588369
7555 32911 688 73.6127 2.76589 -410 1598.58 0.00608268
7555 36465 610 72.0744 1.14633 -410 1599.55 0.00410045
7555 42117 664 69.4174 2.08876 460 1354.06 0.00544814
7555 43955 662 69.7993 1.26049 540 1386.27 0.00430497
7555 46421 696 61.5067 1.71689 640 1307.83 0.00473489
7555 49524 642 68.2205 1.54574 370 1553.05 0.00468426
7555 58544 600 59.3609 5.11889 570 1391.43 0.00522251
7555 60610 674 68.1986 2.13561 570 1467.95 0.00537577
7555 60829 640 68.4124 9.5858 580 1477.62 0.00629129
7555 70081 688 59.2247 3.55324 -370 1351.21 0.00658904
7555 71506 646 57.4074 1.04355 -580 1024.74 0.00401141
7555 73049 690 72.9174 1.1301 420 1305.77 0.00409985
7555 77449 608 67.5522 6.21305 1510 1442.05 0.00440326
7555 80870 592 72.5085 3.47017 770 1590.62 0.00509458
7555 81597 594 60.4577 2.27212 470 1275.18 0.00475084
7555 92746 644 61.7554 1.67173 -420 1522.55 0.00492305
7555 93570 576 73.9746 1.96815 410 1719.73 0.00435437
7555 97600 644 62.0996 3.12562 -520 1416.79 0.00598452
7555 97982 674 68.241 7.33391 -840 1613.8 0.00759889
7555 100551 674 72.996 9.82649 610 1568.92 0.00889313
7555 102108 674 67.0072 3.03724 380 1698.58 0.00583076
7555 106107 624 68.4359 3.97827 -450 1338.5 0.00624985
7555 108353 640 76.2429 1.33309 390 1552.57 0.00467913
7555 113155 594 71.9555 5.56809 890 1424.06 0.00417671
7555 113366 690 75.3873 1.14353 -480 1370.94 0.00437656
7555 113394 642 67.5316 1.7706 700 1105.76 0.00405967
7555 113780 674 60.2827 1.48656 -380 1437.68 0.00497603
7555 117153 576 60.5343 4.04402 540 1277.44 0.00470477
