7303 668 674 65.4176 1.91617 -630 1336.11 0.00551738
7303 3600 664 72.7797 3.81234 750 1498.21 0.00652089
7303 4968 690 67.4538 1.22687 -470 1602.95 0.00428404
7303 9058 576 58.4507 5.48727 570 1322.54 0.00499551
7303 9647 626 57.8124 18.7957 -3160 1177.21 0.00513277
7303 12174 576 58.8779 6.36221 420 1430.76 0.00682925
7303 15918 610 68.8322 15.9653 -830 1632 0.00786876
7303 16226 576 59.2884 6.51519 550 1306.12 0.00702471
7303 22202 662 63.858 1.77983 -280 1520.17 0.00466328
7303 26174 644 59.7344 10.0839 470 1239.89 0.00630305
7303 28647 576 63.8982 6.41572 530 1425 0.00604942
7303 29230 674 72.5727 9.16432 770 1815.55 0.00741409
7303 29279 600 64.8975 3.62312 520 1395.78 0.00462538
7303 32111 662 73.2259 11.128 660 1406.21 0.00715007
7303 33625 696 74.4916 2.08313 -500 1526.01 0.00529057
7303 34482 626 73.1951 2.2408 490 1542.97 0.00497916
7303 35095 646 58.6229 1.98233 430 1078.7 0.00504986
7303 43879 610 69.8613 10.1062 -670 1617.15 0.00731263
7303 43984 674 66.5028 6.87922 -1230 1654.47 0.00722158
7303 44015 642 66.7086 5.15617 510 1303.54 0.00469561
7303 47746 662 59.8275 1.17104 470 1285.6 0.00410409
7303 49970 642 59.8029 1.83543 470 1257.52 0.00512391
7303 58556 664 74.2151 6.1836 550 1477.42 0.00513251
7303 63047 696 62.4511 2.02179 540 1277.16 0.00529314
7303 66132 626 70.5291 7.0655 -390 1610.88 0.00760605
7303 74317 674 70.514 1.33495 520 1474.19 0.0047916
7303 74439 646 62.6316 3.70954 520 1261.79 0.00401195
7303 75979 696 65.3622 3.69932 -480 1317.52 0.00601558
7303 76181 690 73.1112 2.15594 -550 1663.02 0.00546717
7303 77287 644 65.9334 4.18765 -390 1593.43 0.00651567
7303 93633 664 67.3264 2.3592 -430 1647.34 0.0057091
7303 94294 592 63.6097 1.42824 -410 1419.94 0.0048322
7303 95590 600 61.1364 1.50278 -520 1353.67 0.00491217
7303 104996 576 62.212 4.18804 -570 1093.03 0.00495544
7303 105505 644 69.3366 1.28366 -450 1207.12 0.00443788
7303 107325 662 68.3586 2.5775 -360 1574.32 0.00571475
7303 120705 626 61.7262 20.0429 8420 1057.63 0.00482595
7303 122193 674 57.2789 4.43777 -590 1265.97 0.00638019
7303 122367 594 61.4615 6.33155 1190 1220.74 0.00432283
7303 127925 662 71.7679 1.03817 -600 1283.72 0.00407442
7303 149419 610 58.3773 2 340 1128.7 0.00488546
7303 151955 610 63.8924 3.59731 740 1402.06 0.00545502
7303 158548 626 60.6738 1.75421 6020 1142.49 0.0048633
7303 163677 642 65.1117 1.1122 -480 1404.01 0.00414096
7303 169046 594 73.4363 4.09504 -430 1768.75 0.00576172
7303 172038 688 63.2735 2.46321 350 1315.97 0.00597861
7303 176124 610 75.5338 6.33702 500 1758.55 0.00665614
7303 177544 610 61.7195 1.72447 810 1331.92 0.00468633
7303 183233 690 59.8424 2.78036 410 1343.47 0.00525652
7303 189431 592 69.2405 8.71184 750 1404.74 0.00470567
