7411 6066 644 69.4534 1.16561 -590 1248.46 0.00413334
7411 7863 688 74.4629 4.70896 460 1830.1 0.00552472
7411 8949 610 63.963 3.95913 710 1388.56 0.00412699
7411 12090 674 58.7984 1.59294 -420 1494.5 0.00516704
7411 20024 688 57.9442 1.24982 -370 1379.27 0.00459429
7411 20154 662 72.8341 2.49552 -560 1197.83 0.00553734
7411 23701 624 72.6275 7.2423 540 1325.16 0.00595194
7411 23927 674 65.3242 1.84542 -350 1427.33 0.0049413
7411 29193 626 71.6978 1.12235 470 1544.09 0.00401913
7411 33719 576 68.827 1.41006 -420 1467.26 0.00466132
7411 40377 644 57.8931 10.0126 850 1148.31 0.00666941
7411 40532 692 69.2599 1.56341 -490 1504.99 0.0042429
7411 41190 674 74.1129 4.25411 880 1888.13 0.00671943
7411 42379 696 68.6245 2.57046 600 1284.64 0.00572528
7411 42706 644 59.1723 4.31768 540 1302.89 0.00481771
7411 48983 594 64.873 8.49023 530 1568.76 0.00806023
7411 49201 644 57.202 1.80832 -360 1320.44 0.0052592
7411 49798 608 61.295 2.27848 -540 1325.52 0.00606004
7411 60254 576 68.6916 8.59292 500 1570.49 0.00630787
7411 61985 674 72.4741 1.12034 650 1504.5 0.00440238
7411 65602 640 72.0948 1.15605 410 1449.49 0.00406149
7411 66438 674 69.1135 2.26292 570 1318.47 0.00562303
7411 69383 640 72.704 4.02102 770 1361.89 0.00437407
7411 70783 640 57.1189 33.2676 5570 927.828 0.00424443
7411 72357 610 69.8794 3.08867 510 1390.35 0.00575375
7411 76194 696 67.7362 2.08128 390 1402.1 0.00541549
7411 76610 662 71.5904 3.22228 -500 1608.39 0.00581415
7411 80377 600 57.1546 1.9521 -510 1288.1 0.00573203
7411 86085 696 59.2828 29.0913 7150 1131.18 0.00450299
7411 86537 598 57.4778 1.99969 -330 1197.29 0.00547257
7411 87916 664 73.4405 1.67445 350 1551.18 0.00471666
7411 90026 608 64.6556 3.85012 410 1531.96 0.00568758
7411 97220 594 67.3311 2.74967 360 1449.91 0.00646568
7411 102645 610 64.9374 8.82996 710 1553.09 0.00545776
7411 110737 626 63.745 23.05 1570 1132.6 0.00497647
7411 112136 664 66.8928 1.71572 380 1488.62 0.00469052
7411 112989 624 73.7439 6.14268 810 1493.42 0.00419764
7411 117650 600 61.7206 9.3018 -490 1711.67 0.00754671
7411 118681 592 56.909 3.96738 480 1328.26 0.00475452
7411 121520 610 74.8215 2.5864 640 1577.69 0.0045236
7411 123493 592 59.5824 10.3791 920 1268.88 0.00450301
7411 124097 594 66.4356 1.07264 360 1427.24 0.00452156
7411 126452 594 76.4907 2.11175 -500 1771.46 0.00604855
7411 128645 600 61.7409 3.36269 480 1332.95 0.00645677
7411 136246 576 68.9224 2.19523 360 1214.69 0.00480468
7411 137175 644 60.7032 6.38628 -470 1062.83 0.00657544
7411 137178 626 58.7839 18.3319 -3820 1060.67 0.00546131
7411 138531 690 58.9201 4.95157 560 1132.89 0.00499028
7411 138767 626 71.4887 18.6571 -2390 1657.31 0.00565347
7411 143489 576 57.9966 7.42918 500 1342.22 0.00596932
