7473 6003 696 64.259 2.15482 -610 1252.35 0.00525204
7473 9046 674 62.7399 2.12638 370 1447.44 0.00509524
7473 13492 690 68.3219 2.99412 470 1389.53 0.00483437
7473 14840 598 65.4512 8.96763 1100 1307.81 0.00544453
7473 15510 594 64.5806 6.01349 530 1448.36 0.00560907
7473 26797 600 59.6127 6.83932 530 1232.58 0.00598026
7473 31045 696 72.1096 6.26918 970 1635.93 0.00469583
7473 32690 576 66.7956 1.28813 450 1467.07 0.0045454
7473 34016 610 74.5883 4.68388 600 1474.5 0.00657636
7473 40243 610 67.5542 1.61496 -380 1313.95 0.00472893
7473 42767 662 56.7241 5.20163 -750 1440.02 0.00666663
7473 43449 644 62.9316 2.78027 550 1056.54 0.0047349
7473 44901 662 74.5919 1.3183 -610 1249.1 0.004258
7473 48952 626 58.8789 23.5455 2600 1078.76 0.00576353
7473 50839 674 69.8871 1.65181 -440 1382.95 0.0044275
7473 52717 626 63.7503 21.1518 4530 1003.03 0.0049188
7473 56376 576 72.6151 2.76064 -520 1544.75 0.00594545
7473 64462 696 70.3188 2.44331 580 1191.91 0.0052293
7473 67515 600 63.0871 5.92906 590 1149.9 0.0051524
7473 73029 690 62.9443 1.62858 -450 1432.98 0.00515396
7473 75779 664 71.9928 4.98009 -460 1334.82 0.0065716
7473 81631 624 65.7595 1.40957 -430 1501.76 0.00457025
7473 87171 646 74.8461 5.22872 670 1684.3 0.00466924
7473 89820 598 66.045 1.64674 -600 1127.93 0.00424464
7473 95624 674 72.7931 1.87044 -470 1424.95 0.00542203
7473 96077 608 68.1104 6.11363 440 1325.52 0.00799686
7473 96674 674 71.3143 5.26316 -610 1647.21 0.00739684
7473 103287 598 63.9853 31.2546 5220 1142.53 0.00400541
7473 103816 696 60.2959 1.35355 -400 1429.69 0.00438193
7473 104478 624 68.2713 4.30533 770 1501.79 0.00421334
7473 105852 600 62.8797 8.48941 -600 1253.44 0.00784579
7473 107129 662 68.816 1.19941 -440 1457.61 0.00417908
7473 110052 576 67.4522 5.34357 590 1330.93 0.0046116
7473 114140 640 72.492 7.58922 580 1527.71 0.00516647
7473 116262 662 60.6466 1.32592 -370 1218.61 0.00435247
7473 121154 674 74.321 1.1292 640 1396.05 0.0042086
7473 125804 576 60.1018 6.42989 1090 1225.6 0.00464441
7473 133499 624 67.1561 6.09439 540 1237.95 0.00497535
7473 136247 690 62.6993 9.57084 -660 1427.47 0.00737474
7473 136699 626 68.1479 23.4603 7800 1289.72 0.00527141
7473 137330 662 60.12 2.28575 730 1372.19 0.00550961
