7434 1912 662 67.8731 1.88238 360 1501.61 0.00535921
7434 3640 640 64.7506 4.77192 590 1629.86 0.00546462
7434 6127 674 75.2388 1.13596 350 1724.14 0.0042493
7434 7092 626 59.5627 22.0852 -3730 1234.19 0.00462559
7434 11864 640 61.7487 4.15692 730 1348.29 0.00449781
7434 15564 662 62.5164 6.78083 410 1601.05 0.00710986
7434 22286 664 71.8125 3.91716 430 1437.33 0.00666701
7434 27379 696 75.3431 8.78755 630 1555.79 0.0082431
7434 30147 598 62.609 6.80004 -720 1334.39 0.00664022
7434 52701 624 62.3654 5.36694 640 1404.28 0.00425657
7434 53356 610 59.2518 2.88335 -510 1256.25 0.00554814
7434 54870 664 68.7933 2.13016 470 1455.46 0.00402455
7434 60924 624 56.7805 4.8372 810 1378.95 0.004677
7434 64399 674 57.8985 1.04665 -420 1287.6 0.00413711
7434 65612 576 64.3929 5.20684 750 1402.45 0.00428561
7434 65920 690 67.1434 1.93017 560 1289.94 0.00561858
7434 71042 598 73.0859 1.83361 440 1330.26 0.00420481
7434 73638 674 67.0979 2.3074 370 1692.24 0.00561651
7434 77582 576 73.5785 2.57144 520 1540.69 0.00406318
7434 78349 674 66.6284 3.45427 -480 1502.34 0.00625753
7434 83230 644 75.4761 7.74138 510 1588.98 0.00505657
7434 84448 662 76.3746 7.98446 640 1671.98 0.00678094
7434 87975 690 68.0259 3.27383 -480 1603.8 0.00650246
7434 92388 674 60.5969 10.2412 1020 1296.59 0.00538703
7434 102138 624 75.6596 7.9369 460 1582.4 0.00623385
7434 103199 696 62.795 2.5874 -460 1418.26 0.00550999
7434 107227 624 64.0533 13.5894 -610 1390.83 0.00707282
7434 108753 662 69.7072 1.84269 410 1713.99 0.00530247
7434 113561 690 70.2929 2.30142 -540 1548.21 0.0056903
7434 114646 696 68.2036 2.42879 510 1561.6 0.00538703
7434 115800 696 71.5179 4.52399 -700 1613 0.00631697
7434 117707 576 57.135 5.49407 690 1137.6 0.00405662
7434 117836 690 69.5614 1.91331 -370 1736.43 0.00537385
7434 121173 688 62.7537 8.4006 610 1456.77 0.00554708
7434 124714 674 69.8543 1.48127 430 1665.57 0.00462856
7434 125025 610 73.88 4.36993 540 1555.58 0.00622026
7434 127352 674 58.842 6.65542 -550 1383.22 0.0073392
7434 129657 688 71.544 1.25745 410 1359.76 0.00466531
7434 130015 594 57.1719 3.85567 370 1157.81 0.0070753
7434 131086 688 62.1528 1.40928 410 1495.15 0.00450965
7434 132897 692 66.033 2.14138 -480 1285.72 0.00563656
7434 141329 690 63.5574 3.36224 470 1429.23 0.00425521
7434 141356 642 75.4103 4.37683 -390 1743.8 0.00686979
7434 141918 626 64.4945 20.8312 -5400 1325.05 0.0053334
7434 145228 690 58.7732 21.1463 -4180 1011.74 0.0042413
7434 152249 696 62.1869 9.94234 660 1313.55 0.00745032
7434 153531 594 70.8036 8.46823 1360 1544.7 0.00518324
7434 156633 640 75.9448 6.74835 1380 1538.22 0.00453734
7434 157519 674 75.411 7.16454 460 1943.19 0.00741764
7434 158405 626 67.8491 19.4302 -5330 1174.71 0.00459273
7434 160461 594 64.6321 21.0324 -4910 1192.68 0.00427109
7434 160830 674 64.1045 2.01201 620 1257.41 0.00529228
7434 161821 594 58.1846 1.17245 350 1495.84 0.00467693
7434 163278 696 57.5924 4.4808 630 1182.4 0.00488693
7434 170400 690 68.8695 2.03525 340 1615.98 0.00566851
7434 170636 674 59.5264 4.29356 -420 1430.52 0.00652855
7434 172563 610 62.5048 4.60472 -510 1293.87 0.00635955
