7550 1174 640 75.9879 1.31438 -140 1515.39 0.00499269
7550 4538 642 58.3014 6.3544 580 1208.82 0.00495914
7550 6559 640 70.1942 3.39731 470 1614.46 0.00627914
7550 9083 662 59.3407 7.66794 460 1221.39 0.00647709
7550 12281 644 56.9959 5.38155 520 1135.61 0.00495233
7550 14607 690 59.8259 7.52128 820 1529.49 0.00561337
7550 15674 626 56.9849 12.0069 -430 1531.2 0.00794086
7550 16242 626 72.366 1.12376 -360 1743.15 0.00420387
7550 18195 664 64.123 4.49922 -520 1363.74 0.00621754
7550 19977 674 66.5692 1.11796 460 1558.61 0.00412522
7550 21424 592 66.9708 26.0293 -4540 1259 0.00414416
7550 21518 576 63.7499 1.16947 430 1605.08 0.00428393
7550 24700 642 76.123 1.97339 450 1586.48 0.00423821
7550 42099 674 58.8613 2.08315 1210 1117.01 0.00452059
7550 47031 662 56.7025 1.17946 470 999.801 0.00430603
7550 48284 576 76.5556 2.24968 430 1584.13 0.00435725
7550 50973 692 71.5778 1.12804 -380 1472.5 0.00409572
7550 51571 626 66.0636 3.56434 450 1233.19 0.00523549
7550 57097 626 59.5484 21.1768 1870 1072.26 0.00601003
7550 61092 626 75.3447 2.5317 550 1454.82 0.00587104
7550 61147 674 71.2736 5.91825 810 1595.2 0.00613841
7550 67531 642 56.771 1.39407 -520 1192.91 0.00458795
7550 70026 690 72.9133 5.76511 840 1401.13 0.00447722
7550 72514 662 73.452 4.86423 -540 1622.58 0.00664157
7550 74220 664 69.2143 10.7713 -570 1351.67 0.00767412
7550 75135 640 71.5743 1.41887 -560 1267.2 0.00458352
7550 82462 662 63.1038 1.64761 980 1164.07 0.00418537
7550 83800 642 62.6012 1.86173 390 1359.96 0.00507878
7550 84494 576 67.8667 2.468 -410 1422.55 0.00556163
7550 84530 688 64.643 1.15462 620 1182.41 0.00426109
7550 86665 692 59.012 19.9349 -2430 1038.7 0.00415085
7550 87981 640 74.8283 1.27652 530 1438.5 0.00462328
7550 90059 600 60.0878 6.32835 670 1165.43 0.00615323
7550 91776 662 69.9602 6.98334 830 1437.56 0.00656808
7550 92668 598 69.6234 19.1414 -4710 1253.61 0.00401051
7550 93969 600 72.9665 4.4687 510 1579.66 0.00503478
7550 94237 640 65.9812 4.87105 600 1575.47 0.00613207
7550 95065 644 60.6983 7.43728 -660 1415.07 0.0069336
7550 96298 662 72.2934 3.13121 430 1488.53 0.00580551
7550 96445 598 70.8519 3.20333 -530 1221.45 0.00605666
7550 99270 608 59.8185 2.45531 -580 1314.63 0.00620359
7550 103634 624 68.3301 4.36448 -730 1686.23 0.00629313
7550 116501 674 73.9906 1.75719 -480 1665.98 0.005003
7550 118344 640 66.5693 4.26621 430 1448.46 0.00541132
7550 119997 690 71.4141 1.88098 510 1253.73 0.00522008
7550 122972 626 70.346 10.8135 940 1117.1 0.00429644
7550 136311 642 70.6554 21.5802 -1890 1255.92 0.00411947
7550 137290 626 57.9739 17.7856 2990 895.803 0.00473985
7550 141120 576 69.123 3.17207 -380 1508.16 0.00661622
7550 144713 644 68.8415 1.32931 460 1244.04 0.0045945
7550 145421 592 57.6793 3.26384 490 1366.71 0.00633409
7550 147916 696 57.8929 5.71186 560 1042.09 0.00529448
7550 150813 696 69.4012 2.46588 -550 1245.16 0.0043081
7550 156096 662 67.8309 10.684 960 1633.97 0.00719033
7550 158113 594 57.3039 6.44928 450 1416.17 0.00568635
