7385 6447 624 58.2446 1.24388 -380 1296.37 0.00428538
7385 6750 692 58.6032 5.65638 500 1159.28 0.005568
7385 7528 626 57.5534 10.0419 470 1310.72 0.00639906
7385 9805 598 60.4257 8.14956 1110 1275.44 0.00499353
7385 10651 624 76.3451 7.53848 580 1654.85 0.00581838
7385 14359 626 67.2557 23.103 5050 1270.72 0.00400728
7385 26225 688 56.9544 4.84612 430 1168.39 0.00511483
7385 26280 576 63.9115 6.76726 380 1597.42 0.00727428
7385 26429 696 64.5891 1.60635 -430 1337.15 0.00458547
7385 34411 626 75.136 1.28236 -440 1592.69 0.0044684
7385 35894 674 60.0746 4.40864 630 1283.43 0.00433253
7385 38229 690 69.9556 2.1422 -440 1605.3 0.00573402
7385 38720 674 63.4409 8.45086 480 1587.82 0.00743636
7385 42305 624 74.9655 1.61507 -370 1821.83 0.00497939
7385 46074 644 68.6088 3.50843 -440 1312.24 0.00610829
7385 48879 674 61.7877 1.55658 -460 1221.3 0.00484198
7385 58301 624 60.6532 1.62094 -540 1008.22 0.00455232
7385 62674 674 60.2209 1.20796 400 1262.04 0.00427053
7385 67623 610 67.2511 1.28539 -770 1619.91 0.00412465
7385 72053 600 65.0857 3.61811 640 1411.1 0.00542746
7385 73824 608 60.2399 7.96303 410 1323.02 0.00827666
7385 75918 674 74.024 4.5397 -610 1842.2 0.00692769
7385 81323 674 59.4014 2.20793 560 1189.84 0.0051192
7385 83398 674 71.921 1.03954 460 1736.72 0.00408052
7385 83586 674 60.4255 5.89745 580 1280.89 0.00554727
7385 84267 642 67.1922 6.71123 -480 1620.9 0.00731005
7385 88065 624 61.1674 4.62391 730 1260.98 0.00401643
7385 90978 674 66.6792 10.8523 -580 1108.88 0.00637994
7385 95834 576 63.7438 8.97462 1460 1233.14 0.00536946
7385 97304 640 61.3326 2.80691 430 1421.69 0.00586311
7385 102931 624 75.7192 5.97222 960 1464.79 0.00437648
7385 105371 640 73.9332 1.57433 -390 1566.17 0.00506316
7385 111139 608 71.8738 7.22312 750 1533.85 0.00544444
7385 111445 674 69.904 1.25537 -360 1689.92 0.00441981
7385 115856 626 57.1963 2.45987 400 1357.71 0.00518779
7385 121189 696 74.2087 2.19052 -530 1494.08 0.00485357
7385 128245 576 68.0239 6.82993 -510 1556.24 0.00739106
7385 128911 624 57.4617 1.23219 330 1378.64 0.00438227
7385 129042 674 70.9376 1.96031 440 1594.69 0.00543461
7385 135026 626 62.1534 4.71407 690 1265.63 0.00430614
7385 140615 610 61.1913 5.10604 740 1183.98 0.00447572
7385 142327 592 70.0558 5.42798 750 1774.86 0.00488807
7385 143735 674 57.4778 1.15559 710 1533.57 0.00437147
7385 144132 594 72.3687 4.27729 410 1809.03 0.00645566
7385 157325 576 62.238 1.39754 390 1454.27 0.0045322
7385 159151 576 75.3889 1.36415 450 1376.43 0.00481639
7385 167051 598 66.7313 1.54556 -610 1207.3 0.00456009
7385 169327 690 71.4659 8.89686 -470 1679.94 0.00771066
7385 169570 626 73.3943 15.5622 5550 1460.35 0.00455877
