7346 11796 598 58.921 21.5148 -3580 1195.7 0.00415811
7346 15697 644 63.8567 9.67118 1130 1300.67 0.00559612
7346 16858 610 74.6142 12.2708 1160 1587.26 0.00539006
7346 21244 600 71.9688 1.61993 460 1553.13 0.00505236
7346 22668 640 68.2925 12.98 1180 1609.24 0.00654772
7346 24381 640 72.9907 3.91567 640 1470.75 0.00474634
7346 25379 594 62.7157 1.93969 -350 1662.55 0.00547391
7346 27708 626 62.1838 17.5593 -3130 1290.34 0.00476953
7346 32569 576 75.8762 2.08869 -480 1252.75 0.00487307
7346 32848 610 61.08 2.94763 680 1264.73 0.00541401
7346 36832 674 63.3131 3.5129 -360 1503.91 0.00655065
7346 53119 624 62.8823 1.80374 350 1570.17 0.00489247
7346 55480 626 74.5049 2.99816 -540 1287.73 0.00438579
7346 58158 696 64.0111 4.7402 -510 1439.68 0.00683878
7346 58910 692 62.559 17.5137 580 1437.42 0.00834267
7346 59088 646 60.0819 1.17715 -310 1203.6 0.00413228
7346 67299 608 71.976 1.28855 510 1651.51 0.00496503
7346 69525 598 64.296 5.76681 660 1374.93 0.00481756
7346 70947 664 69.3782 2.30069 600 1374.84 0.00531579
7346 71208 640 63.3595 5.67204 -400 1326.08 0.00688085
7346 76968 610 74.9525 1.89717 850 1474.35 0.00426437
7346 80246 600 63.1408 4.96398 690 1165.29 0.00433852
7346 83520 662 66.541 1.81644 610 1359.31 0.00419366
7346 83749 644 69.7433 2.28726 450 1621.67 0.00518455
7346 85752 642 67.2562 2.8208 360 1368.28 0.00550583
7346 88250 626 58.2167 18.6068 -3610 1248.4 0.00562918
7346 88455 594 67.637 1.56871 380 1469.15 0.00490098
7346 90616 626 75.8772 3.90248 -500 1676.24 0.00657487
7346 91374 644 69.8822 5.05058 -380 1675.85 0.00664367
7346 92322 674 57.2882 2.58264 580 1088.14 0.00525086
7346 92822 662 75.5507 11.9327 720 1785.19 0.00772932
7346 94587 674 64.1605 4.31864 -550 1246.68 0.00658206
7346 95096 576 64.9953 7.26932 550 1500.87 0.00716359
7346 97481 644 61.5096 8.28485 430 1276.08 0.0071252
