7304 5302 576 63.5326 8.94037 530 1359.51 0.0063043
7304 5863 692 58.9974 1.14332 500 1008.8 0.00417137
7304 6491 662 69.1036 1.69105 640 1414.63 0.00502822
7304 6936 576 56.9301 4.65515 700 1061.62 0.00419989
7304 8727 576 56.7496 10.857 1190 1228.28 0.00556965
7304 10299 576 65.6182 5.89545 1080 1327.98 0.00420024
7304 10416 644 61.4907 8.78849 -630 1396.64 0.00667621
7304 17382 646 61.8345 1.4313 450 1386.1 0.00463407
7304 20595 610 71.9841 5.46665 720 1299.35 0.00421291
7304 24083 674 76.4599 3.79688 450 1643.61 0.00618682
7304 25880 610 64.5999 2.48509 450 1395.13 0.00412791
7304 41207 674 61.074 1.8795 -480 1048.51 0.0046065
7304 41385 644 66.9522 2.21035 480 1191.17 0.00461225
7304 54188 690 61.8628 8.80439 640 1173.23 0.00617852
7304 59094 664 72.4478 1.33058 730 1746.69 0.004398
7304 63293 664 61.5426 1.23703 620 1214.96 0.00425376
7304 76113 674 76.6221 3.73538 360 1809.79 0.00669225
7304 79769 626 59.9228 14.9033 -470 1424.92 0.00813585
7304 84851 696 64.2569 5.47736 670 1277.5 0.00636862
7304 89892 690 58.0329 1.39844 630 1271.6 0.00436735
7304 97021 696 75.0458 2.2178 530 1653.35 0.00548866
7304 97758 692 64.3487 4.39668 740 1183.36 0.00599133
7304 105027 600 56.9169 11.6508 870 1383.42 0.00714141
7304 108524 576 70.1838 5.59685 540 1395.34 0.00523929
7304 110347 640 70.3036 6.84104 720 1501.61 0.00518039
7304 118326 696 71.0234 5.06334 670 1472.21 0.00444768
7304 120056 576 65.582 34.2898 5820 1287.06 0.0041044
7304 120769 674 61.1792 5.64576 670 1235.04 0.00660857
7304 125224 696 67.2216 2.10848 -400 1521.83 0.005335
7304 129578 608 68.2323 5.44101 730 1483 0.00517329
7304 133555 644 75.0276 1.61538 620 1537.28 0.00511914
7304 138888 640 65.1415 3.5779 -810 1445.25 0.00604245
7304 143950 690 57.4643 8.80534 570 1319.6 0.00702566
