7518 11836 592 65.46 2.91505 -380 1618.8 0.00633744
7518 12609 610 56.8018 1.57595 540 1162.06 0.00459382
7518 14142 624 64.0464 2.9186 440 1381.53 0.00449948
7518 17313 662 71.9705 1.2494 350 1594.93 0.00439486
7518 17633 674 67.2875 1.36574 420 1382.5 0.00482697
7518 21152 662 58.4829 1.10976 -350 1114.68 0.0041277
7518 30781 664 69.2684 3.57647 500 1454.12 0.00577439
7518 38450 626 66.4666 20.0395 -2230 1049.64 0.00486918
7518 38735 642 64.0066 8.12931 780 1466.3 0.00551054
7518 43229 626 56.7118 21.4812 1780 1211.35 0.00441751
7518 46109 642 63.6203 1.57271 -390 1462.08 0.00486617
7518 47144 598 69.6475 5.52407 510 1598.85 0.00514951
7518 48134 664 63.3935 3.75488 390 1435.99 0.00594904
7518 48912 646 75.62 1.38971 -390 1537.14 0.0044384
7518 51784 690 57.8836 1.31307 370 1413.85 0.00482844
7518 54790 692 59.7289 1.57275 -360 1280.66 0.00432957
7518 55919 600 57.5305 17.0784 640 1348.63 0.0105533
7518 62098 696 70.115 9.33504 520 1612.84 0.00671878
7518 62681 626 59.482 19.8966 4360 1130.61 0.00449064
7518 64763 674 73.4598 3.26123 -380 1828.72 0.00657541
7518 66920 610 69.126 2.21916 -410 1262.56 0.00520192
7518 68216 608 76.3701 4.77172 700 1582.9 0.00427373
7518 69985 674 68.8522 8.78376 -580 1497.41 0.00787293
7518 72477 610 69.158 2.33879 370 1640.56 0.00519234
7518 73980 644 57.031 3.19138 -470 1193.33 0.00610089
7518 74908 608 57.3549 7.17991 580 1322.13 0.00588834
7518 77822 674 66.097 1.19274 400 1576.26 0.00425284
7518 79025 576 60.0212 3.46359 500 1214.41 0.00400192
7518 82707 576 72.241 5.81565 810 1711.09 0.00583046
7518 83447 626 67.406 1.27003 -430 1507 0.00432603
7518 83947 664 66.0218 2.5917 -330 1176.4 0.00595157
7518 87411 642 58.5029 8.30707 720 1045.78 0.00419061
7518 88258 576 57.8188 5.59078 580 1374.3 0.00496045
7518 89022 608 57.724 5.43465 570 1433.62 0.00545678
7518 91258 674 67.702 1.21496 -550 1539.64 0.00427831
7518 93297 662 65.6065 4.21828 580 1188.01 0.00617891
7518 95399 664 68.7313 2.42711 340 1364.21 0.00537596
7518 97753 626 69.3716 17.921 3460 1078.67 0.00474041
7518 104181 624 76.6214 2.22275 -410 1609.3 0.00535551
7518 112555 626 64.6688 7.79101 620 1247.18 0.00522714
7518 118855 644 57.1137 1.48336 360 1113.89 0.00454576
7518 121759 598 73.1087 6.41726 690 1390.23 0.00480689
7518 125588 600 75.1257 1.96847 450 1745.51 0.00554147
7518 127631 594 67.211 5.12925 450 1354.08 0.00524765
7518 128485 644 61.2651 9.90016 1260 1339.22 0.00531043
7518 138139 642 63.6214 9.68964 1100 1318.58 0.00704585
