7323 8865 610 72.4532 2.55693 -430 1165.15 0.00536639
7323 11415 674 65.9417 8.06056 760 1688.96 0.00724564
7323 15708 642 76.0622 4.36998 440 1505.45 0.00448347
7323 22255 692 61.9387 16.0824 590 1371.3 0.00801164
7323 31676 608 60.0842 4.61593 580 1225.83 0.0044731
7323 31678 662 64.2496 2.11086 -400 1538.05 0.00542708
7323 37785 646 66.383 1.6622 370 1419.93 0.00506831
7323 40371 692 69.9929 20.8625 780 1514.4 0.00821171
7323 41683 644 70.8476 6.61096 470 1725.51 0.0058087
7323 42624 696 75.2727 1.42507 -570 1437.43 0.00442657
7323 42818 674 57.2005 1.23874 610 1315.23 0.00427815
7323 48586 594 71.2945 5.61727 1350 1398.19 0.00490466
7323 49636 646 62.5576 2.35023 -600 1164.66 0.00523806
7323 50226 674 72.762 6.24183 520 1618.71 0.00743963
7323 55363 600 58.3751 2.02509 -530 1426.01 0.00581334
7323 59660 662 64.9588 1.8593 540 1275.41 0.00478823
7323 60072 690 62.7972 1.7748 580 1312.52 0.00509676
7323 62551 600 61.6598 4.64333 -500 1454.27 0.00709002
7323 72463 696 59.6695 1.44156 -420 1427.7 0.00457814
7323 80599 662 73.3099 2.23294 -920 1296.89 0.00452429
7323 82033 696 75.1426 2.28513 -370 1732.3 0.00566054
7323 90691 690 66.8994 2.93888 -350 1590.26 0.00616611
7323 98087 662 67.8966 8.7487 510 1597.94 0.00616724
7323 102670 576 60.5694 7.81208 650 1380.57 0.00695833
7323 103643 576 70.0089 10.8825 -490 1356.61 0.00738363
7323 106086 640 59.5729 7.82368 730 1270.06 0.00553882
7323 107511 674 60.0754 1.31025 690 1059.75 0.00415291
7323 113725 646 66.0297 4.06781 570 1339.75 0.00412314
7323 115767 662 59.2623 2.19664 950 1168.19 0.00502871
7323 123537 690 56.7799 1.66695 -630 1321.74 0.00478096
7323 124275 610 73.5213 2.1963 860 1554.3 0.00523861
7323 129283 640 66.3877 1.38087 450 1297.15 0.00443041
7323 134593 644 61.8723 21.0151 -3760 1336.07 0.00450464
7323 136508 674 66.0554 1.0465 -440 1693.97 0.00411283
7323 141502 594 65.4581 3.73987 -590 1481.58 0.00675967
7323 144351 600 70.8062 5.58051 590 1521.42 0.00528446
7323 146589 674 73.7432 3.84746 -550 1514.02 0.00673563
7323 148466 688 59.9275 1.81642 340 1309.64 0.00501293
7323 152480 644 70.2436 3.05908 -350 1727.21 0.00634408
7323 155980 624 62.1814 3.49275 420 1163.78 0.00513397
7323 158441 644 66.8072 6.02458 620 1263.75 0.00536562
7323 158564 598 62.1027 3.95503 690 1177.48 0.00401855
7323 160077 664 67.1462 2.23643 370 1506.86 0.00467711
7323 162055 688 75.4873 3.36987 390 1856.89 0.00652326
7323 164445 674 57.4332 4.46206 390 1344.53 0.00634738
7323 164671 626 57.0778 21.3856 7830 1102.78 0.0053438
7323 166617 696 65.559 4.15198 -730 1252.66 0.00601258
7323 167475 644 64.4293 3.85807 580 1298.93 0.00548657
7323 168359 644 60.1893 5.6156 530 1335.67 0.00678634
