7364 2644 626 73.697 8.01909 1310 1322.52 0.00441639
7364 3650 662 72.5324 6.25766 -440 1654.1 0.00747564
7364 8076 674 60.2367 1.06538 440 1525.06 0.00408845
7364 10129 626 57.3272 5.18439 710 1224.98 0.00443245
7364 10666 626 58.0853 2.05857 440 1317.42 0.00545516
7364 12438 610 74.526 1.31977 -420 1605.17 0.0042829
7364 18079 692 62.3447 1.66457 320 1201.4 0.00403864
7364 21750 600 61.4196 1.8866 -380 1648.38 0.00544106
7364 22640 626 59.9113 6.5792 770 1018.23 0.0046452
7364 24657 576 57.5994 1.8252 -360 1460.5 0.00516868
7364 32727 674 61.8235 2.0052 560 1319.81 0.00463648
7364 33366 690 64.0972 1.72198 460 1345.14 0.00514199
7364 41700 690 63.6216 1.17259 -510 1243.93 0.00425327
7364 45093 608 59.6246 8.5109 650 1595.42 0.00841818
7364 58618 674 74.6845 6.00244 520 1786.1 0.00521528
7364 62817 674 70.9598 7.82809 -440 1660.02 0.00765188
7364 65376 626 64.7064 1.13513 340 1211.74 0.00401158
7364 66989 696 72.8298 1.43208 -390 1682.26 0.00469291
7364 69418 664 59.9489 8.19906 720 1111.54 0.00546216
7364 75682 692 58.4586 10.1906 720 1204.54 0.00519042
7364 84697 644 62.4401 1.42787 510 1357.52 0.00437579
7364 89638 664 74.0332 9.45444 550 1583.86 0.0062831
7364 91384 696 65.5745 1.50207 610 1090.71 0.00443408
7364 91632 624 67.8354 7.7955 560 1135.99 0.00516987
7364 93936 624 61.4794 1.69875 670 1349.31 0.00491283
7364 95070 662 68.9748 2.73656 -360 1543.62 0.00571912
7364 100094 696 61.0357 5.45089 -700 1109.15 0.00669018
7364 102393 624 69.4002 2.06445 470 1333.4 0.0052906
7364 116364 598 66.3862 4.69425 470 1334.88 0.00409064
7364 128326 696 75.7677 6.59423 -590 1409.63 0.00414491
7364 136052 624 75.3134 8.42701 610 1547.87 0.00550931
7364 136223 642 59.4197 7.25141 560 1260.02 0.00540014
7364 138867 626 69.3725 5.41072 410 1643.94 0.00579992
