7299 4 598 61.7636 4.12117 520 1015.13 0.00446055
7299 9973 664 64.7387 9.74889 410 1190.37 0.00744095
7299 10525 576 68.7551 1.80388 420 1596.59 0.00549553
7299 14117 576 70.3387 3.14739 500 1461.92 0.00403387
7299 14609 624 64.4399 11.7697 920 1312.34 0.00543374
7299 18632 696 61.4068 4.22516 -410 1395.79 0.00628285
7299 23967 626 58.4276 18.3107 3980 1303 0.0050308
7299 25029 662 57.4982 1.12797 620 1074.62 0.00414861
7299 29055 576 56.8508 7.77448 910 1158.5 0.00495727
7299 31420 624 58.6454 5.86335 530 1377.64 0.00667614
7299 35133 624 59.993 1.40857 360 1357.93 0.00438322
7299 36129 646 73.4269 1.24618 420 1378.68 0.00464233
7299 49028 692 59.1539 3.33585 600 1243.18 0.00513808
7299 52628 598 76.0493 6.51982 730 1453.12 0.00547503
7299 53752 608 65.0773 3.30207 430 1342.89 0.00440303
7299 54319 608 69.3508 8.87822 730 1404.03 0.00466469
7299 62044 640 62.0177 1.37295 -570 1197.49 0.00461552
7299 63698 594 75.084 5.41973 -470 1545.88 0.00765583
7299 63898 674 57.5179 2.33624 650 1188.61 0.00518534
7299 64686 696 71.4977 4.46707 600 1591.3 0.00628009
7299 68734 576 63.6617 5.40031 440 1441.21 0.00620306
7299 69618 610 64.4985 2.54244 -440 1157.44 0.00509683
7299 74355 690 74.8589 2.50116 -430 1814.88 0.00612686
7299 75153 610 69.6195 4.47361 1170 1233.7 0.00572218
7299 77966 696 64.5607 1.78583 480 1455.61 0.00477399
7299 80152 592 76.5177 3.91769 460 1701.78 0.00468798
7299 80404 688 71.6764 1.5879 -490 1605.52 0.00473814
7299 81189 610 61.149 1.2169 -470 1029.74 0.00410473
7299 81748 608 71.0003 5.40357 -640 1505.85 0.0079531
7299 82184 696 71.7171 1.28714 -580 1284.43 0.00417996
7299 85165 692 74.9144 7.19606 470 1689.88 0.00654629
7299 89095 690 67.463 9.51519 610 1489.86 0.00651091
7299 93384 608 59.3932 6.36053 730 1267.91 0.00477495
7299 93827 576 74.4789 3.79696 550 1502.22 0.004102
7299 94107 662 61.4435 1.66509 -500 1569.14 0.0049989
7299 95163 610 67.0214 1.59143 -600 1193.12 0.00461159
7299 101555 690 57.8503 1.46674 360 1494.13 0.00486039
7299 106586 594 59.5931 5.53184 710 1184.24 0.00444641
7299 108444 610 62.9874 1.87158 500 1176.88 0.00449455
7299 114958 608 64.522 1.57951 460 1571.21 0.00547926
7299 117785 608 57.5743 1.20995 470 1644.55 0.00480727
7299 120448 608 59.6446 8.0794 620 1387.17 0.00614138
7299 122495 662 65.71 2.14541 -480 1293.62 0.00523246
7299 128660 674 68.1241 2.52499 -390 1565.32 0.00612724
7299 129248 674 73.4799 2.71542 600 1611.85 0.00597973
7299 129815 640 73.7526 7.81919 480 1826.82 0.00603249
7299 137597 688 57.0555 6.13836 540 1258.34 0.00499601
7299 140250 644 75.1333 1.4691 540 1687.41 0.00481841
7299 149559 662 61.1748 5.87367 640 1237.59 0.00602852
7299 149742 592 62.1951 1.31867 -520 1307.1 0.00479459
7299 150973 642 75.1836 1.16548 390 1398.8 0.00437828
7299 165634 646 67.8234 1.48249 -380 1523.28 0.00478828
7299 178564 598 70.7059 1.2235 -670 1525.29 0.0044625
7299 180512 644 72.2683 5.77035 770 1479.41 0.00438955
7299 185885 624 65.9792 1.10253 -350 1413.44 0.00414582
7299 190103 642 72.6389 1.48127 -520 1314.86 0.00463491
