7445 13142 624 57.5394 1.15533 360 1317.12 0.00415911
7445 14843 610 74.9054 2.52323 460 1691.96 0.00533496
7445 20673 644 62.0955 1.92986 410 1253.02 0.0044167
7445 21258 592 65.0409 6.63925 510 1747.31 0.00578655
7445 24054 600 74.6529 9.38672 610 1674.05 0.00901542
7445 24329 640 67.4781 1.35078 -340 1357.15 0.00453284
7445 27623 692 63.366 16.8061 600 1355.57 0.00810255
7445 33432 594 59.2295 4.34206 450 1182.87 0.00444711
7445 34198 674 57.0164 1.37631 -440 1399.1 0.0047949
7445 37156 600 58.8317 7.22056 510 1163.56 0.00593719
7445 38583 662 74.713 9.35378 450 1800.58 0.00695513
7445 41661 662 57.3031 10.3106 600 1454.3 0.0065832
7445 52479 662 71.7136 1.19245 600 1462.15 0.00415367
7445 60206 608 74.3439 5.19533 640 1520.82 0.00415014
7445 61480 600 70.5125 2.24938 570 1415.43 0.00633263
7445 64921 644 68.5069 7.13986 430 1520.41 0.00541037
7445 65931 644 68.1558 2.21988 350 1547.63 0.00518316
7445 67989 644 61.9371 6.29546 910 1365.61 0.0047302
7445 74542 608 63.0413 1.14392 -470 1644.16 0.00477207
7445 76262 576 57.8152 2.48513 570 1296.17 0.00593393
7445 76448 642 68.7103 1.78745 -390 1290.92 0.00538211
7445 78074 610 67.4166 3.52418 -890 1426.21 0.00590965
7445 79335 662 58.6111 1.05219 -450 1033.52 0.00402846
7445 82570 688 67.3824 3.33275 -510 1310.52 0.0063748
7445 82754 626 70.0291 21.0893 7320 1259.7 0.00472054
7445 84275 644 61.8223 1.75382 410 1287.26 0.00504146
7445 85448 696 68.9749 2.15179 340 1790.6 0.00503553
7445 92824 664 67.4813 5.74376 950 1294.3 0.00650714
7445 95187 624 68.2227 6.15787 640 1477.86 0.00538861
7445 95399 576 69.5201 4.96703 980 1537.07 0.00400909
7445 99411 626 63.2046 18.5517 -950 1115.14 0.00443579
7445 100282 696 73.0296 5.78603 -750 1323.53 0.0067582
7445 106280 696 71.8069 6.64839 420 1758.29 0.00712805
7445 106997 608 58.1397 6.55213 850 1068.65 0.00410778
7445 116207 598 69.2086 3.84021 470 1482.66 0.00467482
7445 119299 690 70.6398 7.83341 640 1382.25 0.00772226
7445 119780 688 62.5816 2.45046 -520 1337.47 0.00582596
7445 119908 624 57.0036 26.1766 4170 1000.8 0.00402957
7445 122049 696 68.8215 1.64291 -440 1630.13 0.00461865
7445 122351 608 69.0736 8.05781 450 1438.48 0.0067004
7445 126645 624 65.2441 10.3032 -500 1018.05 0.00481058
7445 127062 624 58.8099 6.04881 420 1358.95 0.00557209
7445 128790 626 62.5818 27.9655 1650 1297.13 0.00534561
7445 128868 662 67.4366 4.79582 -400 1532.87 0.00679958
7445 132468 626 57.6212 2.33776 650 1421.46 0.00571799
7445 135155 626 68.8958 1.24903 -380 1578.43 0.00431703
7445 143216 642 73.8274 1.35117 -380 1415.27 0.00444618
7445 143960 600 58.9633 4.58911 390 1496.01 0.00703874
7445 145861 610 74.6206 2.87784 -460 1711.18 0.00580568
7445 147320 576 73.742 3.48019 -460 1684.42 0.0067582
7445 147438 600 60.1758 2.37979 -420 1426.55 0.00600179
7445 149590 692 65.3266 5.70285 1030 1126.71 0.00433323
7445 152285 640 76.1865 3.5257 -470 1666.53 0.00629717
7445 156393 610 75.244 4.70211 -470 1787.69 0.00656474
7445 157689 624 74.2461 2.05398 -480 1572.1 0.00533681
7445 158718 674 58.5351 2.70017 380 1437.69 0.00571993
