7284 15680 642 61.3642 1.14743 -340 1160.58 0.00431216
7284 18043 674 65.4732 5.93783 -460 1692.65 0.00751715
7284 22411 600 65.8555 2.15222 -500 1636.44 0.00588584
7284 22708 692 63.6728 16.0184 500 1644.47 0.00848746
7284 34068 644 63.3081 5.67043 950 1300.75 0.00495651
7284 37609 662 58.1556 2.13956 -340 1310.01 0.00537394
7284 41722 598 58.7874 3.51312 640 1473.97 0.00680961
7284 48845 674 67.6499 2.0837 -350 1253.05 0.00560736
7284 54905 662 67.5116 4.16899 6590 1929.18 0.00833268
7284 55609 642 75.7598 8.89962 600 1594.96 0.00576344
7284 60054 646 73.4123 1.13881 -380 1304.27 0.00408311
7284 60907 576 66.8101 5.69229 590 1526.39 0.00597685
7284 62667 662 74.8123 3.08913 -700 1675.22 0.00608486
7284 74022 576 62.6262 7.12366 520 1247.95 0.00543862
7284 77298 576 73.8756 2.24904 -450 1392.72 0.00571121
7284 79769 592 74.633 7.87717 1110 1814.66 0.00471524
7284 82621 626 65.1579 6.47272 720 1472.36 0.00582127
7284 83099 644 63.8854 2.7936 -380 1662.79 0.00588543
7284 85448 610 76.6218 4.90723 820 1498.37 0.00438387
7284 87161 674 75.5453 3.60846 450 1686.98 0.00677075
7284 88140 674 69.6526 2.37471 700 1598.67 0.00596254
7284 88386 610 65.4345 1.26514 420 1497.31 0.00411557
7284 95127 644 57.2897 4.43589 390 1059.41 0.00647696
7284 98226 662 63.266 2.22154 -600 1035.01 0.00526626
7284 99625 576 63.604 6.72885 1020 1263.73 0.00501855
7284 100992 598 76.349 5.72891 1020 1526.41 0.00412415
7284 101529 674 58.437 8.27703 970 1186.18 0.00695984
7284 107048 644 67.6615 1.45505 -530 1398.99 0.00464962
7284 109269 598 65.594 1.0877 490 1404.08 0.00428278
7284 111134 598 67.8455 7.19274 1150 1490.72 0.00434535
7284 111805 640 73.9855 5.47237 510 1443.38 0.00531072
7284 112571 644 63.8183 2.83253 470 1256.78 0.00425368
7284 116297 624 70.2631 1.25168 380 1287 0.00428029
7284 120455 594 72.464 1.52281 350 1600.9 0.00518879
7284 128898 592 61.4766 21.0029 -1220 1140.52 0.004409
7284 129610 626 56.7627 16.9298 -2370 1088.21 0.00509643
7284 130303 646 57.7929 4.14588 460 1127.76 0.00448714
7284 144696 640 72.1316 3.61923 430 1506.6 0.00506395
7284 146826 692 58.4257 16.5452 580 1325.47 0.00790083
7284 147862 674 69.2118 1.08585 -380 1437.98 0.00410262
