7510 7705 576 61.6964 6.81652 450 1420.3 0.00622721
7510 8696 644 74.312 4.1941 490 1533.04 0.00640654
7510 12925 674 60.8049 4.05198 -530 1248.84 0.00644483
7510 15438 674 73.7043 2.78408 350 1827.34 0.00603907
7510 17859 598 62.0056 6.53752 -410 1654.65 0.00697316
7510 28648 692 61.5617 5.90887 600 1274.35 0.00699596
7510 30215 600 58.851 1.38381 580 1136.33 0.0050831
7510 31753 594 69.0904 1.23731 560 1335.78 0.00453265
7510 38551 600 69.841 4.65839 1360 1330.85 0.00406119
7510 40504 664 64.0969 2.80519 -410 1464.58 0.00569435
7510 45286 598 72.1757 1.15285 -360 1854.51 0.00432503
7510 52031 692 74.7665 13.3494 580 1677.77 0.00749231
7510 52080 674 64.3312 1.39458 390 1616.02 0.00456136
7510 55840 594 59.7988 29.8904 4890 965.971 0.00404878
7510 56284 664 58.7004 5.79933 770 1242.71 0.00406173
7510 57281 598 61.3007 2.6418 490 1076.19 0.00405746
7510 59435 696 61.5356 1.78369 -260 1307.98 0.00468854
7510 62010 626 75.8182 1.14174 380 1590.15 0.00429366
7510 70547 610 60.599 4.86635 730 1343.88 0.0046717
7510 73433 592 58.1398 4.15245 410 1250.83 0.00487811
7510 79118 644 58.2187 8.79331 910 1187.2 0.00576026
7510 80182 696 58.0748 4.31514 -470 1050.17 0.00631949
7510 80850 626 59.7814 16.6799 -2750 1035.22 0.00481651
7510 82758 696 64.7969 2.90638 650 1249.04 0.00547384
7510 87506 696 67.1193 11.9523 -670 1372.85 0.00767507
7510 87743 644 72.8326 3.8896 450 1490.15 0.00535044
7510 89955 662 76.5962 1.94136 410 1473.42 0.00473261
7510 90123 624 61.4054 11.9755 -440 1104.83 0.00637485
7510 93042 642 58.0686 1.28675 420 1322.85 0.00402207
7510 97661 646 57.2942 2.32428 -360 1419.72 0.00552782
7510 98026 610 65.3478 4.68083 700 1308.59 0.00604822
7510 98634 592 72.9089 8.48825 500 1657.34 0.00685003
7510 98786 696 60.0845 2.51895 480 1455.84 0.00545687
7510 100047 664 71.9976 1.29068 -370 1241.34 0.00432862
7510 101505 690 58.3512 1.82419 -500 1210.1 0.00532475
7510 103155 644 70.3344 7.49557 780 1554.81 0.00526724
7510 104424 624 62.7981 8.02521 430 1135.72 0.00703665
7510 106117 642 68.9133 1.54381 -540 1205.69 0.00457985
7510 106535 592 66.7612 3.56701 500 1647.16 0.00610764
7510 111121 626 59.7989 7.23088 -480 1295.01 0.00699674
7510 116494 598 61.8527 9.36862 1200 1453.47 0.00507981
7510 122498 624 64.1821 1.63946 -410 1223.7 0.0049338
7510 130302 640 76.4801 1.51805 600 1669.23 0.00495676
7510 132669 664 66.3917 5.54564 530 1341.29 0.00520282
7510 133379 696 76.0673 9.93538 -780 1474.82 0.00646861
7510 136888 696 72.7661 12.4437 1000 1580.43 0.00703916
7510 139631 664 63.2463 2.72345 -480 1231.14 0.00534339
7510 142595 674 75.3314 2.89667 710 1654.07 0.0060625
7510 143501 594 64.1835 13.5418 540 1520.36 0.00866362
7510 146547 646 59.466 1.45172 -450 1173.4 0.00441134
7510 151188 598 67.7866 1.5436 -450 1353.9 0.00494198
7510 152795 664 71.1387 2.4041 -510 1435.32 0.00518916
7510 153733 626 59.2179 18.9554 -2720 1109.13 0.00430528
7510 160393 688 64.0007 2.8214 490 1321.31 0.00527299
7510 165526 664 62.8759 1.42166 -670 1288.21 0.00462185
7510 171555 610 70.9546 2.22786 700 1347.05 0.00427174
