7524 1529 598 73.4684 1.11146 580 1453.11 0.00430423
7524 5433 696 75.5561 2.1422 -630 1335.28 0.00535825
7524 19102 696 70.0254 10.9294 480 1576.69 0.00746438
7524 25657 662 59.9751 1.54625 360 1232.51 0.00466589
7524 26964 674 68.3431 10.8748 -640 1576.31 0.00777307
7524 29103 608 64.5953 1.47049 -680 1441.69 0.00524753
7524 29115 644 62.1705 7.17724 520 1282.09 0.00612866
7524 33077 610 73.9255 5.55435 480 1748.19 0.00637797
7524 34251 598 64.5588 4.25167 800 1433.11 0.00443549
7524 36679 662 62.7803 3.04894 490 1474.12 0.00574344
7524 40371 592 76.0418 12.5814 430 1839.12 0.0099727
7524 40575 624 63.454 24.4243 -2240 1251.9 0.00407047
7524 42400 626 68.1318 24.8837 7030 1249.77 0.00420013
7524 45612 608 60.5004 1.98212 240 1649.56 0.00550439
7524 46790 598 59.8708 5.58348 700 999.634 0.00472142
7524 47281 600 63.6935 1.33602 370 1418.68 0.00403377
7524 48087 662 61.1294 3.52107 390 1474.24 0.00603147
7524 48986 674 71.5425 2.17717 -370 1706.61 0.00578204
7524 57677 624 62.2659 1.23298 -400 1381.01 0.00434528
7524 67452 576 68.8992 1.54986 360 1401.76 0.00477618
7524 74033 642 59.3939 1.50784 -430 1154.74 0.00476105
7524 74326 696 58.9094 6.25256 510 1259.54 0.00519017
7524 80114 598 60.3497 19.1124 -4490 1087.48 0.0043308
7524 81487 674 75.2285 3.95274 750 1527.93 0.00587826
7524 82370 626 62.3472 17.0731 -2660 1150.95 0.00566846
7524 82533 644 61.0608 8.24603 610 1204.89 0.00576647
7524 83058 626 59.9006 21.0064 5380 1186.26 0.00481381
7524 84068 576 74.2457 7.46889 970 1581.59 0.00519458
7524 84455 598 62.0097 3.54879 590 1279.27 0.00417132
7524 96655 608 61.1708 7.27854 540 1197.01 0.00584673
7524 97770 592 65.5569 33.0544 3750 1305.08 0.00405259
7524 99178 674 58.7622 15.0377 -490 1489.56 0.00804193
7524 102100 594 70.3003 3.59794 410 1807.43 0.00702119
7524 103645 690 65.7486 1.30273 610 1198.68 0.00453437
7524 107216 624 70.2745 1.40263 430 1582.52 0.0047341
7524 108088 690 66.7668 3.90712 490 1503.47 0.00654753
7524 110099 674 68.4919 2.58094 470 1618.22 0.00611538
7524 110604 598 58.6647 4.45739 480 1105.05 0.00461394
7524 110996 576 72.193 1.03244 690 1743.5 0.00406705
7524 117854 690 57.4588 1.71029 -550 1246.24 0.00493549
7524 123102 646 67.5798 4.63177 -560 1367.51 0.00646654
7524 123352 688 74.4207 10.937 660 1752.46 0.0084099
7524 123593 626 68.9383 18.4629 1520 1280.35 0.00532959
7524 125871 642 61.5619 6.42961 520 1146.94 0.00518421
7524 127758 662 74.2769 1.53611 -750 1843.51 0.00466716
7524 128729 662 67.5383 6.89366 570 1521.64 0.00545183
7524 128881 674 58.1735 1.27102 740 1390.11 0.00428481
7524 129832 610 64.4955 1.65303 -440 1222.14 0.00472301
7524 130443 576 76.378 1.60219 510 1506.75 0.0049991
7524 131500 674 75.9051 1.13948 440 1917.58 0.00419208
7524 137685 692 62.8337 7.88849 770 1286.01 0.00522112
7524 137786 674 73.059 3.16799 -530 1772 0.00639168
