7566 2103 690 62.3174 1.4052 -360 1695.74 0.00485793
7566 2268 598 56.8509 1.46775 610 1031.17 0.00479544
7566 2741 674 58.4655 1.70712 530 1165.88 0.0047605
7566 3894 624 64.8235 26.6122 2960 1245.71 0.00402323
7566 9181 624 67.4542 5.26118 500 1413.27 0.00493815
7566 16922 644 64.3888 1.11972 420 1368.66 0.00405078
7566 17732 600 58.9242 2.65773 650 1428.82 0.00641137
7566 22120 642 64.346 4.55501 610 1292.55 0.00454379
7566 23828 610 65.5717 2.01064 550 1473.25 0.0051012
7566 24601 696 59.314 2.77075 -400 1409.14 0.00581419
7566 25694 664 62.2743 7.3167 1180 1352.9 0.00406227
7566 34155 598 73.7713 1.85405 570 1322.75 0.00552411
7566 34516 644 58.0929 1.83877 -930 948.222 0.0041496
7566 34602 610 73.8155 1.91065 -640 1555.92 0.00506746
7566 37344 674 59.9412 3.15441 -720 1484.05 0.00601832
7566 55830 600 70.5573 2.82162 -550 1295.23 0.00652796
7566 56602 610 58.8511 8.75445 750 1324.64 0.00574012
7566 65086 610 58.2191 6.78741 620 1057.44 0.00446954
7566 66943 646 62.7945 7.2775 540 1669.34 0.00723757
7566 67219 626 76.4572 2.4742 -390 1779.83 0.00575331
7566 72115 646 58.3107 5.88719 520 1289.53 0.00530179
7566 72683 642 57.866 1.74359 -520 1194.62 0.00453893
7566 93705 626 61.3118 2.21601 390 1266.03 0.00538579
7566 93898 594 63.8668 1.23744 480 1404.73 0.00463602
7566 94860 674 76.2114 2.24324 450 1870.01 0.00560211
7566 102610 576 75.4135 5.99434 -570 1724.1 0.00733957
7566 110296 576 69.4704 2.81847 460 1871.18 0.00598064
7566 110913 600 67.8899 6.13767 620 1538.22 0.00456664
7566 111508 576 64.326 3.6801 520 1420.49 0.00449099
7566 115941 644 66.3634 6.39109 580 1451.74 0.00641628
7566 118098 696 72.7771 1.18914 390 1657.91 0.00422049
7566 120560 696 64.9136 7.94528 1130 1437.83 0.0043543
7566 122908 576 64.3678 1.50682 -560 1295.31 0.00467781
7566 125935 626 60.1663 10.2548 850 1484.67 0.006285
7566 130544 674 75.1524 2.94744 -460 1681.37 0.00615747
7566 135387 626 69.7041 27.7154 4200 1111.81 0.0045252
7566 137971 696 73.2568 2.21138 360 1944.46 0.00527626
7566 138590 600 59.4572 1.27394 -300 1176.53 0.0042539
