7467 2081 690 75.6191 1.74266 -460 1409.27 0.00526787
7467 5052 642 69.5961 3.47304 -390 1798.47 0.00621103
7467 7104 624 68.5688 2.73032 -610 1294.06 0.00559254
7467 7233 644 72.4401 1.25484 -410 1663.27 0.00446593
7467 9439 608 62.7797 5.66195 710 1423.57 0.00470554
7467 15326 646 65.9535 7.10702 1190 1420.23 0.00446792
7467 15439 646 62.5266 1.37218 370 1487.72 0.00432276
7467 18159 626 58.0244 21.1597 5330 1344.47 0.00768541
7467 21431 696 73.1001 2.46544 -340 1431.4 0.00586552
7467 24744 600 60.0805 5.23116 620 1375.88 0.00761637
7467 24951 696 61.0413 2.20724 830 1375.06 0.00521696
7467 30189 644 72.5069 1.17557 360 1742.84 0.00428942
7467 41700 624 70.843 6.43602 640 1489.08 0.00584841
7467 42858 640 76.2901 2.48485 430 1746.81 0.00513467
7467 44034 576 65.0646 7.41527 510 1549.98 0.00550464
7467 54562 610 58.8087 2.75457 650 1067.52 0.00544733
7467 57260 626 73.1164 2.37707 -440 1263.53 0.00519643
7467 60981 674 73.7045 2.04296 640 1240.45 0.00536556
7467 65615 598 62.2044 7.08985 860 1342.9 0.00502637
7467 73054 696 70.9801 8.47409 -620 1383.16 0.00711546
7467 74401 626 58.9668 17.0033 -6230 1203.13 0.00538862
7467 83340 688 74.1152 1.6583 380 1530.36 0.00483487
7467 85230 598 61.8053 9.02873 1430 1084.51 0.00489481
7467 88209 662 57.5662 2.358 520 1222.63 0.00565423
7467 90248 626 74.3418 2.85956 460 1505.57 0.00610393
7467 94391 626 76.6146 4.74607 1070 1359.46 0.00403742
7467 96488 594 58.6078 8.10092 860 1272.64 0.00546151
7467 96682 576 59.5554 5.05185 580 1298.58 0.00548295
7467 99098 598 67.8551 5.4708 820 1459.64 0.00455529
7467 99956 690 72.8938 2.7822 -1160 1397.94 0.0042934
7467 106054 690 68.0142 2.00231 -560 1295.67 0.0052535
7467 106696 626 62.1217 21.5279 3610 1288.19 0.00613835
7467 112479 626 67.1777 25.103 7030 1422.88 0.00548843
7467 112752 576 70.8935 5.52927 550 1700.16 0.00640137
7467 120485 624 62.2008 6.66979 650 1484.73 0.00514302
7467 121543 674 63.2062 7.12517 -430 1564.99 0.0076233
7467 123581 610 71.4055 4.04928 870 1395.28 0.00543761
7467 124787 642 73.097 6.26896 1020 1302.45 0.00434064
7467 127747 626 66.6002 13.4221 -520 1051.18 0.0068143
7467 133996 592 65.0374 4.91442 440 1468.14 0.00564834
7467 143468 598 69.8334 7.15166 850 1415.83 0.00492082
7467 151941 598 64.1401 34.1199 5200 1094.39 0.00426898
7467 153217 696 57.7209 1.28522 -490 1386.88 0.0044218
7467 153476 576 65.9107 4.81035 580 1244.28 0.00691604
7467 153622 674 72.4172 8.67541 390 1683.47 0.00718487
7467 154160 576 67.1216 1.45366 430 1331.26 0.00456801
7467 154162 646 71.1369 3.56158 480 1821.83 0.00653995
7467 155078 674 72.6221 1.80059 370 1787.02 0.00516738
7467 161087 696 59.8915 1.56917 -380 1408.01 0.00470789
7467 162977 598 64.3947 4.82925 860 1298.77 0.00413407
7467 171026 598 71.3753 5.39847 610 1274.16 0.00445112
7467 174011 576 65.0002 1.06224 -340 1215.25 0.00424922
7467 174498 688 62.8843 1.17838 -390 1240.9 0.00419938
7467 175150 610 64.987 6.39445 590 1332.74 0.00514487
7467 175233 610 68.733 8.94084 1270 1396.02 0.00453494
7467 175774 640 70.3903 6.2283 1000 1212.64 0.00438319
7467 177176 626 58.8709 2.8631 390 1163.33 0.0053357
7467 190721 640 63.4247 5.80076 800 1316.38 0.00448721
