7298 1497 598 69.15 4.48584 480 1373.81 0.00452314
7298 5534 626 61.1027 7.44082 980 1108.07 0.0047592
7298 7195 696 58.5681 2.38198 780 1146.92 0.0052917
7298 11282 626 66.727 1.98427 490 1366.24 0.00540324
7298 20574 674 65.2189 6.36184 -630 1472.74 0.0071867
7298 20630 610 72.1324 3.95169 -440 1363.21 0.00567218
7298 24243 696 68.4548 1.41222 410 1605.83 0.00444034
7298 24379 594 70.6334 3.15209 550 1630.59 0.00548398
7298 39097 690 74.391 8.32484 600 1498.45 0.00648359
7298 42170 674 56.969 8.6546 -480 1268.48 0.00789783
7298 43900 662 57.0387 2.08861 410 1224.83 0.00499004
7298 53903 600 75.5775 6.53641 1050 1477.69 0.0048562
7298 58378 646 59.295 1.92581 -420 1115.49 0.00496716
7298 59587 688 74.912 8.66621 -620 1641.85 0.0077162
7298 60181 640 68.5145 1.15686 370 1644.74 0.00419601
7298 62052 646 67.9151 2.36022 380 1270.82 0.00464771
7298 63413 610 73.2714 10.5966 710 1794.41 0.00649598
7298 64732 576 70.2754 4.1774 590 1559.54 0.00490481
7298 65261 674 67.4959 1.11638 -420 1699.52 0.00405562
7298 67665 640 68.0687 3.46685 -560 1368.26 0.00631615
7298 70182 696 58.5278 1.24525 470 1281.55 0.00402885
7298 74519 594 72.7785 7.84011 830 1430.75 0.00486785
7298 77587 598 57.9921 7.209 1500 1215.15 0.00472845
7298 78213 626 58.3693 20.2166 4640 1109.8 0.00511741
7298 81669 696 60.7774 6.81595 910 1329.66 0.00718156
7298 88223 600 70.4409 1.24759 490 1239.85 0.00424256
7298 89087 600 65.0318 1.31378 400 1604.12 0.00478362
7298 91116 674 67.0439 3.90136 440 1657.34 0.00645777
7298 95001 640 72.3471 1.25084 440 1600.36 0.00432086
7298 95595 576 58.9069 3.21493 -450 1378.85 0.00611392
7298 97234 626 56.7702 5.67068 500 1192.53 0.00581225
7298 97661 640 58.8627 24.7381 8010 972.852 0.00407134
7298 98003 662 70.7317 1.521 800 1394.65 0.0040841
7298 101472 646 64.2039 21.2879 -5550 1079.56 0.00413215
