7485 6167 576 60.2185 3.41617 590 1030.83 0.00427174
7485 18150 642 59.5561 3.08068 390 1248.89 0.00427979
7485 18582 674 60.5306 2.55362 -990 1022.79 0.00468647
7485 23091 692 62.759 1.9099 -400 1464.99 0.00538272
7485 23971 608 58.6472 1.91776 -450 1533.13 0.00578054
7485 24645 690 61.3598 8.33587 670 1387.06 0.00580938
7485 28218 662 64.3525 6.60156 -440 1259.04 0.00696419
7485 31916 696 69.7133 3.86002 -520 1459.82 0.00641668
7485 32957 608 65.5148 3.09074 400 1606.44 0.00712241
7485 33332 592 66.2324 10.3943 390 1587.44 0.00946132
7485 35261 624 59.4226 20.0836 -1840 934.138 0.00422475
7485 43182 690 66.5333 4.50609 690 1471.97 0.0057754
7485 46158 640 70.8195 4.1302 470 1491.32 0.00530786
7485 47411 610 59.1277 5.69274 -900 1242.28 0.00648437
7485 51258 610 66.6673 1.96538 780 1277.03 0.00506733
7485 55450 608 73.7008 5.89105 800 1537.4 0.0045841
7485 67531 626 66.5246 5.36806 610 1430.92 0.00406692
7485 84046 576 62.5611 6.07703 430 1386.69 0.00716754
7485 88114 696 59.901 7.84347 640 1435.66 0.00698568
7485 92151 696 74.1062 2.09844 330 1816.62 0.00515009
7485 93823 646 65.0709 1.35835 360 1252.76 0.00430703
7485 95678 624 65.1539 6.07562 520 1369.45 0.00530357
7485 106769 610 60.1297 3.95295 1050 1394.32 0.00645242
7485 113924 674 68.0521 10.7945 -810 1315.07 0.00788941
7485 114894 664 67.4656 1.52001 -520 1290.21 0.00457511
7485 115693 624 65.131 6.05829 730 1100.63 0.00541825
7485 121149 610 71.4097 1.62181 380 1720.43 0.00456783
7485 124279 690 60.3412 12.7826 440 1492.33 0.00843647
7485 127153 664 64.4959 7.85244 490 1226.23 0.00536313
7485 128684 674 59.8671 5.52498 -440 1582.37 0.00669891
7485 135262 696 76.0813 6.16575 500 1385.59 0.00517045
7485 135564 662 69.1629 7.7517 670 1651.99 0.00561375
7485 136671 610 76.1955 1.30007 -440 1491.47 0.00433704
7485 137756 690 62.4426 2.16461 470 1176.55 0.00541998
7485 146881 598 57.0536 1.2149 -370 1578.91 0.00442917
7485 148474 644 70.7171 11.834 980 1415.03 0.00614986
7485 148686 576 60.1474 1.70332 580 1435.63 0.00500433
7485 151113 692 74.3685 2.28879 430 1419.28 0.00565016
7485 153887 662 62.1277 2.60982 520 1153.09 0.00530238
7485 155431 608 63.8139 4.26017 710 1511.92 0.00444283
7485 156702 690 74.4485 4.63403 640 1611.74 0.00706089
7485 157018 674 74.7501 1.9098 420 1653.95 0.00587854
7485 159640 624 75.4239 2.68598 400 1543.46 0.00578093
7485 162098 662 69.5303 1.68519 430 1390.15 0.00466739
7485 170952 592 68.6661 5.19631 -390 1509.68 0.00699995
7485 171133 576 70.9814 6.29688 450 1589.4 0.0055467
7485 175898 644 69.9301 5.03044 850 1032.44 0.0041066
7485 178337 674 76.1634 3.11484 -530 1595.06 0.00625261
7485 180722 608 61.0763 5.18072 630 1539.22 0.00498127
