7446 9653 626 72.5689 2.4022 430 1420.29 0.0055045
7446 11733 662 60.8576 3.00921 510 1470.02 0.00493108
7446 16654 690 68.8258 1.86495 440 1582.95 0.00509892
7446 22250 662 63.9778 1.89128 -450 1479.1 0.0052261
7446 23676 674 70.3092 3.45056 440 1603.47 0.00503775
7446 24596 608 64.2234 4.33209 -520 1518.22 0.00746289
7446 29403 646 60.9782 5.88898 480 1393.44 0.0067506
7446 30165 626 62.4574 22.9962 3660 1055.48 0.00488313
7446 32787 664 59.4207 5.3482 -530 1062.87 0.00635553
7446 37306 624 59.0341 2.57648 -340 1204.88 0.00545003
7446 41067 624 57.6301 2.13805 410 1554.3 0.00558671
7446 41847 662 72.9045 1.50392 420 1613 0.00459968
7446 44369 674 58.0305 3.51058 -810 1348.43 0.00626052
7446 55104 576 74.2745 3.1097 450 1856.96 0.00589078
7446 56511 662 75.4185 2.39587 -460 1526.6 0.00584723
7446 64906 640 59.8466 22.7786 1740 1028.69 0.00403928
7446 68006 640 57.6681 7.82617 660 1170.81 0.00521129
7446 68093 592 66.2323 7.21579 820 1534.33 0.00555356
7446 75740 674 75.7206 2.55169 450 1878.34 0.00616812
7446 78583 624 58.2512 9.89961 530 1256.29 0.00691684
7446 88713 626 71.4954 1.79127 490 1492.09 0.00498205
7446 93621 598 71.4732 3.15424 410 1221.04 0.00414176
7446 94314 664 67.4806 1.69514 -580 1236.12 0.00491574
7446 94826 576 59.4817 1.20281 460 1238.1 0.00439589
7446 106932 662 66.7679 1.5553 360 1584.76 0.00480471
7446 116600 690 73.9807 11.1589 1000 1477.6 0.00783403
7446 126541 610 63.5827 1.71863 530 1321.03 0.00468563
7446 131571 642 67.6539 9.47534 1180 1494.99 0.00461485
7446 137695 626 57.2833 13.243 560 1182.02 0.00616104
7446 139758 640 67.0686 2.33819 650 1301.07 0.00558543
7446 149751 624 65.0525 3.50096 460 1356.55 0.00455498
7446 160222 626 62.4493 3.12163 420 1078.61 0.00414576
7446 163707 690 63.4338 3.52182 520 1433.86 0.00639793
7446 165821 696 67.2755 2.60164 -610 1182.33 0.00541449
7446 167745 644 67.4651 1.09261 -330 1531.36 0.00429145
7446 167957 662 70.3848 6.44295 550 1366.81 0.00686428
7446 168365 626 69.3956 22.1595 5670 1298.48 0.00435474
7446 172051 644 71.9327 1.04292 -370 1677.68 0.0040393
