7548 785 696 75.2498 7.8297 470 1646.77 0.00638864
7548 8247 642 63.2045 5.96455 510 1573.9 0.00582846
7548 11005 576 70.0807 1.92106 420 1798.48 0.00512195
7548 23815 592 61.6639 31.4687 5390 1076.53 0.0041783
7548 24406 662 56.9992 9.15297 600 1258.94 0.00649592
7548 29768 576 59.1431 4.25887 460 1260.32 0.00537101
7548 32217 594 61.1622 1.25324 520 1307.63 0.00472432
7548 34476 600 69.0408 13.3239 610 1477.66 0.00827669
7548 43076 576 59.5061 5.87321 520 1164.42 0.00524463
7548 43644 662 64.2855 3.7494 -480 1270.01 0.00605696
7548 46347 688 60.635 1.88775 -370 1569.55 0.00524202
7548 46592 610 63.7342 1.2035 680 1269.8 0.0040816
7548 47399 674 57.8379 2.27932 420 1395.09 0.0055394
7548 50921 626 65.5086 21.5964 7100 1091.52 0.00438053
7548 53316 674 57.6906 4.39848 360 1699.05 0.00644726
7548 55783 642 57.9711 1.04622 -310 1123.37 0.00408544
7548 59534 644 66.2156 6.16268 520 1489.56 0.00689183
7548 65833 696 60.9497 1.31439 -550 1069.97 0.00420008
7548 69060 690 73.493 8.5998 540 1677.44 0.00749775
7548 70021 576 67.1753 1.48745 -410 1470.91 0.00474133
7548 76332 640 61.1103 7.51559 550 1101.96 0.00517609
7548 76700 662 73.0399 6.04099 500 1604.22 0.00524679
7548 83100 640 61.8501 1.23409 -460 1431.35 0.00430759
7548 85003 692 63.449 7.60206 440 1453.49 0.006112
7548 87817 576 68.6882 1.363 440 1719.69 0.00452006
7548 88488 644 58.7856 4.8808 460 1175.2 0.00510223
7548 92721 642 60.0197 9.17685 720 1401.01 0.00594388
7548 95591 598 73.0663 2.16204 390 1494.91 0.00551709
7548 96947 692 57.381 8.03498 -490 1444.3 0.00693141
7548 100808 696 64.0586 1.91764 -520 1523.06 0.00498579
7548 102505 610 60.7618 10.4718 -510 1216.72 0.00764555
7548 104182 626 75.2851 8.71792 700 1519.65 0.00507922
7548 107265 690 65.045 2.01985 340 1634.9 0.00528757
7548 111101 624 70.2764 5.852 470 1190.07 0.00560103
7548 113856 674 69.0447 3.05097 -340 1446.87 0.00512419
7548 120418 644 72.1869 1.83003 -480 1685.13 0.00483004
7548 120837 644 59.0272 4.69729 -410 1057.9 0.00609571
7548 122550 608 59.4853 5.76367 400 1383.49 0.0064397
7548 125525 608 69.7565 1.8947 -440 1465.21 0.00592971
7548 128454 696 62.784 5.08286 730 1379.07 0.00637442
7548 130548 674 63.1009 2.32258 360 1674.96 0.00566191
7548 130738 674 74.3987 2.13781 480 1610.59 0.00478251
7548 130743 642 61.3431 5.09779 460 1268.33 0.00503765
7548 133181 674 70.1918 6.02652 -580 1621.21 0.00744066
7548 134138 664 73.5688 7.15822 840 1440.61 0.00453657
7548 137031 626 59.4184 16.4522 -520 1304.95 0.00769053
7548 137768 644 67.6777 1.34259 380 1301.55 0.00437773
7548 138445 674 75.1087 5.81894 370 1917.91 0.00706849
7548 138691 626 71.9716 23.1821 -4840 1160.77 0.0042687
7548 138903 626 76.2258 2.2662 370 1593.12 0.00568142
7548 142869 626 58.7463 1.53075 -360 1399.5 0.00480818
