7477 1667 662 67.9127 1.53629 620 1504.17 0.00490463
7477 1714 646 75.265 1.7675 -570 1350.63 0.00495289
7477 3341 610 60.1455 1.62042 -440 1214.45 0.00432514
7477 8528 696 69.8983 1.46887 580 1262.1 0.00459453
7477 9947 644 58.6709 1.33182 370 1123.03 0.00433963
7477 14885 696 71.8521 1.42132 -560 1446.1 0.00441862
7477 16765 608 68.4244 3.87768 430 1559.67 0.00537737
7477 17004 600 59.8117 3.28883 -450 1651.65 0.00642997
7477 24482 624 73.4023 8.37833 500 1291.81 0.00614087
7477 27070 640 65.9974 7.58469 510 1384.76 0.00592864
7477 34602 674 66.4097 2.17841 -400 1277.5 0.00551451
7477 34736 690 74.8848 1.47283 -390 1891.66 0.00484962
7477 48441 576 57.5643 3.75941 750 1249.92 0.0040344
7477 48634 692 71.3681 4.41253 420 1457.37 0.00665113
7477 50688 646 69.7049 3.96685 -410 1599.36 0.00642008
7477 52451 696 58.3207 3.59587 410 1237.34 0.00481926
7477 54339 626 60.1881 1.35339 360 1171.88 0.00441491
7477 56828 662 58.8014 4.46046 490 1419.04 0.00633495
7477 62853 662 70.0942 2.65121 -400 1381.09 0.00567307
7477 63589 696 70.4741 1.51188 470 1580.98 0.0045389
7477 65197 624 75.0031 1.36353 480 1802.16 0.00463353
7477 68711 690 71.0677 1.346 450 1536.97 0.00463076
7477 71138 662 63.0408 3.63073 620 1178.48 0.00639143
7477 71905 644 58.56 13.513 1570 991.604 0.00500448
7477 72776 674 75.4625 7.12727 720 1645.03 0.00644489
7477 81015 626 58.9814 16.9271 -1020 922.712 0.00526268
7477 83765 598 57.155 1.09111 -610 1134.48 0.00434258
7477 91703 640 71.0453 1.25817 490 1513.32 0.00422723
7477 91867 576 64.4443 4.68544 -540 1325.96 0.00691063
7477 92236 610 60.3945 1.81919 -320 1186.48 0.00493319
7477 93256 598 63.4621 7.0698 640 1396.3 0.00544199
7477 97240 642 57.1601 7.60691 840 1138.01 0.00476928
7477 103446 674 72.4608 2.52275 660 1467.62 0.00560659
7477 107365 626 62.521 17.0463 7910 1266.84 0.00507809
7477 114537 600 61.1367 6.5887 1000 1169.09 0.00493587
7477 114631 576 61.9431 10.3214 1300 1315.75 0.00490092
7477 116078 598 67.1833 1.64143 390 1376.49 0.00444512
7477 118303 608 74.9783 2.05047 640 1710.37 0.00625884
7477 118958 674 69.581 1.49262 1010 1419.21 0.00434206
7477 121360 624 67.9042 10.8864 470 1321.06 0.00636871
7477 122135 642 57.7636 6.37767 990 1004.01 0.00439983
7477 135500 624 65.9441 22.205 -4830 1280.18 0.0042301
7477 136990 592 75.0536 10.091 820 1476.61 0.00654439
7477 137022 592 73.8059 11.5739 430 1586.12 0.00923678
7477 140929 696 69.656 1.31018 -380 1252.59 0.00435318
7477 143215 662 70.2948 1.18931 -480 1530.45 0.00420052
7477 146802 626 60.6173 2.82727 570 1080.78 0.00480638
7477 152045 662 56.9917 2.38799 -480 1294.03 0.00572468
7477 162022 696 62.9704 1.99754 630 1213 0.00498907
7477 166679 598 72.6558 5.5097 -550 1517.26 0.00717285
7477 168637 600 76.1943 1.84448 -400 1784.92 0.00564976
7477 169955 674 60.7378 1.2743 400 1274.91 0.00463982
7477 174895 608 72.434 7.17676 560 1635.7 0.00597328
7477 175025 600 68.4331 2.34384 -490 1778.06 0.00603743
7477 175569 696 67.0374 1.14178 540 1382.26 0.00415346
