7471 667 576 61.6909 6.20739 980 1346.06 0.00456064
7471 5329 576 74.9318 1.28881 -560 1519.43 0.00450827
7471 8414 644 73.7016 2.15319 600 1312.82 0.00557055
7471 9750 664 58.8412 5.55782 660 1344.66 0.00654452
7471 10254 624 57.4226 1.99807 790 1283.53 0.00489491
7471 17377 642 59.9595 6.44942 550 1476.09 0.00546017
7471 17892 674 73.8108 8.48929 -750 1513.04 0.00783535
7471 20975 690 61.5102 1.17496 780 1902.44 0.00448584
7471 20996 640 60.7172 11.6046 1060 1277.31 0.00562147
7471 22945 664 61.4448 6.15423 690 1142.39 0.00448085
7471 26619 608 62.2205 12.1923 770 1470.99 0.00700532
7471 27428 576 63.3002 7.83001 810 1435.75 0.00562664
7471 31386 692 73.0221 6.32331 610 1360.09 0.00533963
7471 34870 598 75.7358 2.30182 440 1622.8 0.00614655
7471 59862 674 58.7183 2.53837 -540 1304.25 0.0055977
7471 62030 626 64.3724 21.6337 3320 1101.58 0.00458873
7471 65386 626 61.7959 4.15403 -670 1348.51 0.00627011
