7599 546 662 73.3437 2.93025 -700 1759.53 0.00607426
7599 9514 644 63.0804 1.3732 350 1361.17 0.00433692
7599 10015 644 59.737 1.81539 -380 1227.17 0.00480691
7599 12793 610 67.6383 1.52774 -390 1457.62 0.00449819
7599 13997 644 69.2132 2.07461 -520 1372.09 0.00528446
7599 26350 626 70.2962 4.27167 610 1530.93 0.00670029
7599 32707 626 67.8412 3.09984 -350 1453.35 0.00619477
7599 36565 674 70.7981 5.94804 -470 1286.71 0.00708238
7599 42195 598 59.4144 25.5604 -3930 1095.99 0.00405268
7599 49758 626 57.2586 17.5604 -2630 1011.07 0.00488398
7599 51305 644 59.999 5.01059 -410 1256.89 0.00532072
7599 52423 598 59.8066 3.94934 620 1147.63 0.00516561
7599 55990 576 67.2684 8.32242 800 1055.39 0.00411058
7599 64247 674 69.5514 2.99018 400 1661.27 0.00587115
7599 70562 626 65.8148 17.53 1970 1174.48 0.00438485
7599 72426 624 62.0939 1.55218 410 1146.57 0.00451635
7599 72670 696 69.7963 4.38949 500 1595.13 0.00438418
7599 75654 692 63.0423 21.0876 820 1440.22 0.00796943
