7363 4742 644 63.6742 12.3434 730 1285.95 0.0065207
7363 5508 674 71.8851 7.80924 620 1732.15 0.00744965
7363 16873 690 67.6164 9.19075 480 1558.14 0.00694916
7363 31088 696 59.7746 1.51353 -450 1353.99 0.00419095
7363 38236 674 65.4923 1.19772 -470 1667.94 0.00428466
7363 42957 690 58.9663 3.86252 390 1238.4 0.00613444
7363 48432 674 66.1514 1.52371 370 1679.72 0.00465655
7363 50497 662 60.1078 1.27604 -470 1428.19 0.00439793
7363 57780 690 61.2675 1.88148 -590 1402.01 0.00467356
7363 84246 696 58.7797 1.47591 500 1202.23 0.00436524
7363 103040 610 74.2181 6.3674 420 1554.09 0.00535778
7363 114686 598 64.2216 6.48914 1200 1323.88 0.00441869
7363 114900 626 61.7468 1.4889 490 1244.01 0.00448019
7363 144186 626 73.2672 23.9078 7460 1686.65 0.00560844
7363 153910 610 58.8613 3.74237 -430 1234.09 0.00632695
7363 154535 626 58.5007 16.2818 -530 1256.47 0.00808157
7363 174971 664 64.4918 7.15749 470 1375.79 0.00491516
7363 175919 662 61.2178 1.08902 -540 1116.67 0.0040993
7363 182453 626 61.3802 3.68716 370 1265.1 0.00652595
7363 196353 598 65.1 5.879 600 1273.36 0.00497254
7363 206754 626 60.5274 21.5352 7310 1331.58 0.00796552
7363 228956 674 71.245 1.42752 -340 1523.89 0.00484713
7363 233114 664 61.2369 6.27932 490 1282.12 0.00544239
7363 233495 662 64.9865 1.25151 760 1419.38 0.00429166
7363 233890 600 75.7688 4.27802 710 1699.39 0.0046009
7363 245642 662 63.9556 1.24553 470 1303.81 0.00431119
7363 248573 592 66.5739 10.658 370 1922.89 0.00862702
7363 285360 664 68.5307 12.7598 490 1465.92 0.00705895
7363 298060 610 68.1809 6.8919 550 1458.31 0.00655014
7363 303211 600 59.8862 1.63977 620 1451.17 0.005184
7363 310990 594 76.2491 3.71349 420 1879.39 0.00554596
7363 316306 662 56.9983 1.84264 350 1040.17 0.00469159
7363 321663 642 61.4612 4.01948 800 1291.29 0.00415526
7363 324374 626 67.1016 21.4345 6320 1371.59 0.00442016
7363 326169 610 75.6224 1.13751 -360 1697.49 0.00403369
