7489 724 624 65.8895 1.76148 -470 1445.26 0.0047242
7489 1926 662 73.0055 1.42074 -440 1499.02 0.00459469
7489 9646 692 65.075 6.70547 660 1107.75 0.00515597
7489 9970 626 70.7422 2.1217 430 1465.95 0.00515976
7489 10892 696 63.7326 10.247 790 1311.76 0.00577404
7489 14179 692 61.8742 14.1998 540 1393.14 0.00828761
7489 15729 626 59.683 6.06983 590 982.53 0.00541178
7489 15756 608 59.2672 1.54174 390 1569.34 0.00472078
7489 17775 624 67.8994 9.06093 610 1148.62 0.00569482
7489 21476 674 67.2632 7.83852 440 1471.07 0.00665998
7489 30165 610 72.1164 11.1744 570 1644.13 0.00710073
7489 36111 674 70.8799 2.46707 1140 1280.91 0.00402884
7489 38911 610 72.0296 1.93012 370 1400.72 0.00510467
7489 40224 600 60.7905 1.79672 360 1607.56 0.00566661
7489 41350 674 56.8326 1.25783 -410 1173.72 0.00452161
7489 41366 692 69.4644 1.76879 620 1233.68 0.00454567
7489 41950 594 58.3057 5.16142 430 1415.71 0.00719363
7489 55207 610 65.405 6.72942 530 1650.06 0.00600226
7489 56518 674 60.1523 2.5041 -310 1393.79 0.00598371
7489 57942 626 59.3484 4.83934 -380 1236.57 0.00666497
7489 61820 600 56.7645 1.29348 -390 1438.57 0.00488862
7489 62576 644 67.3061 1.41554 -460 1470.87 0.00449757
7489 65927 576 62.8232 6.4142 1080 1147.81 0.00441324
7489 66441 598 73.3951 5.08673 770 1596.56 0.00441481
7489 70873 662 71.991 1.52655 -530 1448.8 0.00467315
7489 75801 608 71.2981 6.57435 680 1380.52 0.00550721
7489 83079 696 69.2309 6.74428 -640 1518.29 0.00696777
7489 83703 624 65.0909 1.38171 -330 1353.02 0.00449237
7489 88755 696 69.6097 8.10661 -640 1253.36 0.0074242
7489 97532 624 59.5225 6.73229 870 1489.82 0.00471082
7489 101811 640 66.261 2.26647 -490 1480.43 0.00547796
7489 110926 674 65.2705 1.19433 470 1550.76 0.00460566
7489 112066 664 74.9961 2.12471 -560 1321.41 0.00515693
7489 116359 690 70.3708 3.19639 380 1381.81 0.00617968
7489 119751 610 65.171 1.60046 -500 1465.19 0.00450853
7489 120702 626 61.4353 21.1472 -2890 1279.47 0.00637236
7489 121949 690 72.6721 2.24583 -610 1399.7 0.00527255
7489 122120 598 58.114 7.46593 2740 1429.34 0.00697594
7489 128771 624 60.6691 2.43111 420 1511 0.00550283
7489 129031 662 57.5719 2.02134 -430 1124.06 0.00452521
7489 144653 624 76.6975 2.3234 410 1652.48 0.00530848
7489 147044 688 61.385 1.74463 480 1381.94 0.00490938
7489 150324 642 59.9544 9.00112 930 1192.3 0.00502757
7489 152490 640 64.8343 1.77405 390 1402.29 0.00477072
7489 153038 642 66.2684 8.57282 1470 1364.74 0.00466361
7489 154469 674 56.886 7.88715 780 1241.39 0.00768805
7489 161130 662 73.2685 3.70865 -420 1827.91 0.00622845
7489 165372 674 65.7205 6.32177 440 1535.38 0.00674906
