7384 7643 600 63.1118 3.98605 520 1438.92 0.00465953
7384 7695 664 75.2792 5.61081 -720 1684.43 0.00664558
7384 10923 696 66.3892 6.97646 -450 1218.87 0.00602659
7384 11201 640 68.9256 3.48406 650 1399.91 0.00432187
7384 11356 662 60.2152 3.10389 400 1253.69 0.005613
7384 13114 662 74.8091 2.50142 410 1596.46 0.00497422
7384 13612 608 60.4387 2.81843 420 1636.67 0.00649771
7384 13788 576 69.663 2.42766 -380 1687.04 0.00594953
7384 14051 644 71.3379 1.40805 -370 1233.6 0.00459618
7384 18664 674 63.142 1.28163 580 1304.49 0.00461314
7384 20339 644 60.0349 8.65415 620 1350.91 0.00542372
7384 21303 664 68.4771 5.22684 -550 1301.35 0.00650616
7384 22732 624 65.2367 2.32492 -410 1735.35 0.00541566
7384 23105 610 64.0725 2.00715 -360 1380.57 0.00503961
7384 28425 576 76.4785 6.08119 -440 1813.33 0.00768413
7384 30133 626 67.3575 5.06135 -420 1249.81 0.00673867
7384 30699 608 57.8111 7.46569 1140 1201.58 0.00487018
7384 31089 640 66.1745 4.87378 470 1270.56 0.00473389
7384 31444 642 68.9028 8.58319 1220 1402.49 0.00446426
7384 34094 576 66.8248 2.34585 500 1547.07 0.00596468
7384 36946 592 63.8692 9.93164 620 1552.45 0.00674091
7384 42664 608 74.4478 5.13223 380 1803.12 0.00851547
7384 48546 688 69.179 1.85538 430 1442.19 0.00532277
7384 64455 594 63.2591 8.10408 1690 1425.16 0.00463115
7384 68199 626 74.5955 1.09182 400 1451.45 0.00405085
7384 69524 626 61.7807 1.45742 -610 1155.57 0.00441845
7384 73182 662 58.8096 8.8787 550 1528.13 0.00661264
7384 73986 608 57.3439 5.0932 630 1194.78 0.00419334
7384 75835 690 61.8318 2.17902 -310 1607.6 0.00578041
7384 77931 696 68.4243 2.32537 420 1771.96 0.00531094
7384 79819 624 73.398 8.47496 490 1389.65 0.00705785
7384 80852 610 59.2266 3.92356 -470 1194.17 0.00614272
7384 80895 642 59.8399 3.76786 690 1005.83 0.00403138
7384 83702 576 70.2565 1.50829 -390 1274.5 0.0045014
7384 87753 674 72.1718 2.01434 620 1158.17 0.00542613
7384 91290 664 67.3339 6.64398 720 1372.77 0.00485714
7384 91561 674 64.6929 2.67249 -500 1454.47 0.00592134
7384 94122 626 74.8885 2.0825 -260 1295.11 0.00511236
7384 94530 576 62.3137 3.03925 480 1122.55 0.00433352
7384 96230 598 66.725 1.89718 350 1278.94 0.00562402
7384 98762 594 74.6301 2.17573 430 1734.33 0.00615213
7384 100690 576 64.919 1.92803 -600 1339.92 0.00506516
7384 103006 626 63.0857 22.31 1400 1209.99 0.00550362
7384 107399 592 59.7104 29.0707 -2550 1133.78 0.00456453
7384 114863 626 68.3059 16.766 1500 1259.91 0.00432613
7384 116510 662 75.6361 4.06704 390 1732.63 0.00662594
7384 116877 696 68.7878 1.87579 -650 1396.96 0.00499199
7384 118898 592 60.9753 8.10599 670 1547.85 0.0059889
7384 122830 608 58.0202 7.79966 710 1030.62 0.00501054
7384 125575 644 71.3437 4.06022 -570 1266.86 0.00663921
7384 127467 644 60.5012 5.56793 460 1231.18 0.00538721
7384 128174 626 64.2463 23.0298 8790 1136.34 0.00466
7384 129090 690 57.0683 1.18138 -800 1354.78 0.00428697
7384 132978 608 63.1596 5.95518 620 1413.49 0.00504912
7384 133251 674 72.9888 5.95582 740 1799.09 0.00690226
7384 141816 644 64.1702 1.84578 450 1364.85 0.00521704
7384 142544 696 61.4555 5.84917 1050 1394.75 0.00421874
