7379 2500 626 69.2838 5.73215 560 1403.28 0.00513263
7379 7442 662 71.1024 1.56868 420 1685.5 0.00493093
7379 11053 674 74.9948 8.11689 -920 1806.3 0.00738979
7379 12064 696 72.4865 1.49015 -560 1407.1 0.00480865
7379 21919 642 66.1823 5.47677 840 1268.97 0.00423074
7379 25888 696 64.6949 10.4121 530 1516.29 0.00714578
7379 33598 640 67.6644 3.70157 -390 1436.5 0.00640662
7379 36709 662 63.0171 7.16096 580 1256.98 0.00641328
7379 38790 640 74.2978 3.88269 -410 1682.95 0.00681842
7379 40155 594 72.5489 1.13037 500 1566.66 0.00445183
7379 44911 696 72.1283 2.8733 520 1606.74 0.00546699
7379 45657 624 57.9802 7.97609 670 1096.21 0.00532207
7379 46889 610 59.6215 4.18919 -510 1140.77 0.00623409
7379 50725 640 70.8003 2.95393 370 1606.56 0.00580143
7379 55653 662 65.7192 1.43848 -360 1293.09 0.00436345
7379 60049 662 64.2187 4.50682 390 1353.04 0.00669598
7379 63491 696 63.294 19.6924 750 1705.69 0.00805427
7379 64655 642 63.0035 7.53418 550 1377.95 0.00551878
7379 65649 646 63.4924 3.99324 470 1413.1 0.00453303
7379 66237 576 59.532 8.73819 730 1262.72 0.00589878
7379 68019 674 74.6007 2.33809 -1030 1478.91 0.00503342
7379 73471 598 70.0086 1.29448 510 1415.48 0.00431054
7379 93804 626 59.4567 2.63105 440 1310.31 0.00581189
7379 102105 692 63.0602 1.42251 350 1750.23 0.00497433
7379 103381 696 57.2847 12.0251 780 1330.18 0.00532669
7379 103582 598 57.6497 1.01907 -490 1190.85 0.00413879
7379 104080 696 58.096 2.88695 -440 1074.32 0.0058389
7379 106060 626 59.5499 19.7464 1760 1045.06 0.00464526
7379 107958 644 71.7491 2.37782 650 1564.14 0.00483316
7379 110933 644 71.3395 1.28392 440 1489.12 0.00431914
7379 113600 674 67.8947 3.27097 450 1648.58 0.00626422
7379 117371 640 68.6246 6.16254 660 1556.86 0.00577419
7379 122304 696 76.5602 1.31408 -410 1763.01 0.0043247
7379 122739 610 62.5898 4.19203 -560 1332.3 0.00640795
7379 126644 690 73.0727 1.7115 430 1680.89 0.00449963
7379 128972 642 61.1072 6.30655 570 1260.26 0.00528022
7379 129359 594 65.4765 7.27542 730 1340.89 0.0052599
7379 131573 644 73.8206 2.95326 -360 1766.68 0.0060684
7379 133604 608 68.874 8.26643 -620 1648.56 0.00721486
7379 134952 696 60.7593 7.37164 550 1423.07 0.00525187
7379 136168 576 71.3943 3.25762 450 1842.99 0.00619066
7379 136824 674 66.8176 1.98759 370 1524.13 0.00545477
7379 137325 662 62.3399 5.74893 720 1383.25 0.00536715
