7572 1555 576 59.5661 6.77203 740 1194.33 0.00488722
7572 6981 692 58.4923 16.2792 570 1281.47 0.00791804
7572 21420 610 68.6829 1.1552 370 1409.84 0.00409216
7572 30906 576 73.5579 1.05668 370 1545.62 0.00412498
7572 32785 576 63.5298 8.09658 470 1495.66 0.006205
7572 33547 610 67.245 1.53982 510 1398.8 0.0045468
7572 34482 600 75.3114 13.1948 560 1838.27 0.00953765
7572 36500 598 58.6342 5.93818 1250 1089.94 0.00428014
7572 36946 644 71.4543 1.50061 -490 1399.8 0.00412204
7572 37444 646 62.0113 5.65907 640 1203.63 0.004604
7572 45253 662 64.0786 7.78847 530 1433.55 0.005819
7572 45422 662 72.4609 2.25402 370 1767.97 0.00507895
7572 57514 600 71.2952 4.16439 490 1604.57 0.00454799
7572 61003 662 70.477 1.15297 560 1406.62 0.00408192
7572 62585 642 61.404 2.01624 380 1165.66 0.00449767
7572 65084 674 61.4959 3.95219 -800 1434.57 0.00640988
7572 72422 646 64.0641 4.75471 620 1231.41 0.00410611
7572 72706 626 59.7851 11.4987 480 1512.71 0.00701295
7572 74412 594 74.8425 2.06855 460 1820.06 0.00597446
7572 75799 600 59.2527 5.33089 590 1530.96 0.00428926
7572 76757 576 64.9584 5.5656 570 1309.77 0.00538255
7572 78710 692 64.1392 13.4441 870 1547.1 0.0082664
7572 92200 576 64.0384 2.75133 -490 1068.14 0.00545532
7572 98672 674 59.5628 2.67689 -400 1457.6 0.00628979
7572 101151 598 59.7119 1.81851 -410 1367.24 0.00528809
7572 106161 576 61.7931 1.04931 450 1316.12 0.00407246
7572 114303 624 63.9603 6.64526 570 1355.17 0.00596237
7572 117912 626 72.1474 18.5039 6210 1275.7 0.00496276
7572 118031 626 60.0714 23.0116 7260 939.233 0.0041228
7572 118506 626 71.6508 2.19559 370 1619.46 0.00596273
7572 128622 640 60.3669 6.71549 730 1267.5 0.00491423
7572 131100 608 60.1914 7.13809 1150 1413.31 0.00488442
7572 131396 674 71.5603 4.19231 370 1944.36 0.00683239
7572 134848 674 63.6892 1.54628 320 1271.66 0.00455434
7572 142662 674 61.8613 1.04866 1160 1309.73 0.00410172
7572 148137 594 74.1939 1.37395 510 1472.18 0.00500643
7572 149582 640 57.1751 20.6192 -2090 948.423 0.00455749
7572 155843 662 71.9169 2.59991 590 1341.03 0.00487775
7572 157883 644 71.1683 1.49329 -610 1555.49 0.00405992
7572 160078 626 59.4809 2.61784 420 1256.42 0.00553938
7572 164388 664 70.3457 6.54478 580 1429.26 0.00473676
7572 165378 642 63.3252 1.33686 440 1297.68 0.00438609
7572 167007 640 66.4264 1.15434 450 1547.01 0.00413202
7572 167131 624 65.346 4.38534 630 1314.95 0.00417757
7572 169883 600 63.3143 2.06829 540 1491.91 0.00607402
7572 170831 674 66.3045 1.28024 450 1584.08 0.00452834
7572 172924 690 63.2039 1.40093 510 1324.36 0.0044663
7572 176392 674 73.2023 1.74694 660 1198.45 0.00405042
7572 182060 642 66.8518 2.15649 -390 1575.34 0.00553139
7572 184025 646 64.5712 20.2313 -4340 1171.16 0.00418279
7572 190428 610 60.2153 4.36793 -520 1166.68 0.00608961
7572 190738 674 65.5155 5.65032 -350 1451 0.00776844
