7496 1602 576 66.0246 3.48596 670 1224.52 0.00401858
7496 13898 608 60.5909 4.1034 -460 1447.55 0.00711684
7496 14782 674 63.67 4.73138 -670 1428.02 0.00671307
7496 20140 642 61.1611 7.65652 1020 1125.72 0.00472891
7496 20550 626 57.14 1.56295 400 1129.36 0.00457889
7496 23153 626 61.7117 25.7883 4750 1167.95 0.00446613
7496 32996 600 63.2197 3.85596 -610 1509.19 0.00694939
7496 42476 624 65.4472 11.7114 -480 1087.63 0.00716897
7496 43833 576 64.1065 4.50364 -410 1594.49 0.00698221
7496 49756 644 67.4314 4.17331 390 1359.96 0.00620289
7496 52565 598 68.1058 4.44268 -390 1604.22 0.0068086
7496 53593 696 57.7442 9.39348 1070 1209.35 0.00442988
7496 56964 626 63.4205 29.643 3170 1200.24 0.00535178
7496 58754 598 65.4338 3.39811 -500 1532.68 0.0065363
7496 58940 594 58.8666 10.3986 1310 1307.11 0.00526848
7496 62158 600 56.862 13.1587 610 1616.22 0.00860575
7496 69138 640 71.6735 1.82778 400 1703.7 0.00497057
7496 71407 598 66.5659 5.58433 640 1391.91 0.00413481
7496 71676 598 57.8831 8.10086 1260 1290.09 0.00490882
7496 71853 674 59.8117 1.06824 680 1416.98 0.00405021
7496 75412 662 65.9463 4.51181 520 1616.91 0.00637128
7496 77042 674 70.8376 2.48496 390 1717.94 0.00559083
7496 77602 692 68.5625 17.6918 770 1516.81 0.00874751
7496 78931 688 71.0059 1.23097 -340 1558.04 0.00442463
7496 83847 640 70.667 2.08889 330 1616.6 0.0054715
7496 90573 640 60.7574 8.2819 620 1342.61 0.00571994
7496 95974 646 61.5024 2.2568 -500 1044.47 0.00516016
7496 100073 626 71.9327 10.6924 550 1420.73 0.00664999
7496 100121 610 71.2779 1.46739 400 1809.33 0.00443054
7496 100669 626 60.9837 14.2666 -1040 1062.06 0.0041466
7496 103650 696 62.4327 1.54028 370 1398.55 0.00458234
7496 104469 626 58.9958 24.3392 5550 1102.94 0.0049868
7496 105210 662 66.2373 2.36532 -510 1355.91 0.00507569
7496 109094 674 73.4336 1.46406 -510 1769.34 0.0048861
7496 109784 662 63.807 1.16728 -390 1295.51 0.0041461
7496 117879 610 67.8668 1.85309 370 1602.52 0.00479984
7496 120657 690 65.8228 5.2009 540 1445.77 0.00549145
7496 122186 662 64.3708 1.22998 -470 1311.86 0.0042228
7496 123603 664 66.0003 7.23105 710 1294.74 0.00568894
7496 126756 598 73.4457 3.94125 580 1507.18 0.00461293
7496 130489 626 57.3901 14.5666 1130 1276.36 0.00595834
7496 133335 674 74.8325 3.57644 550 1715.5 0.00644482
7496 142857 644 58.0811 2.96899 490 1237.01 0.00582235
7496 144214 674 66.6365 1.22428 380 1336.64 0.00430995
7496 144277 644 66.4442 1.45705 480 1373.73 0.0049414
7496 145364 696 71.1162 13.5547 -560 1899.67 0.00781698
7496 153887 674 59.6915 5.2751 800 1101.8 0.00419218
7496 154040 626 57.1465 20.495 -5560 1273.26 0.00489991
7496 154598 696 69.3735 12.7511 670 1582.64 0.00814254
7496 160938 642 69.8149 7.53044 1260 1551.46 0.0047608
7496 166351 640 59.5639 8.20443 1610 1408.24 0.00435436
7496 170980 696 64.6998 1.66057 390 1407.21 0.00453545
7496 172718 576 72.1683 1.29839 -400 1801.92 0.00446023
