7509 76 626 66.9292 4.68846 -500 1275.72 0.00655153
7509 1293 690 71.2159 4.99844 -520 1263.04 0.00718805
7509 2454 688 66.1668 3.72002 420 1488.06 0.00662574
7509 3068 662 58.981 1.80786 -370 1384.18 0.00533644
7509 3873 690 58.0299 4.49521 -670 1429.42 0.0066466
7509 4950 690 57.0375 1.40349 560 1195.23 0.00459895
7509 8101 696 69.5306 4.0772 -480 1371.55 0.00536473
7509 9472 688 58.1319 21.9859 -1790 980.868 0.0046945
7509 15957 576 68.86 2.26886 350 1537.86 0.00526975
7509 22373 640 70.725 4.57937 420 1639.5 0.00707787
7509 24690 594 73.4117 3.98624 -450 1619.15 0.00707918
7509 26612 696 70.7333 2.00744 -580 1353.22 0.00511378
7509 27318 626 66.3419 17.7483 -5540 1373.96 0.00449113
7509 27483 640 60.294 1.8571 -310 1292.6 0.00540284
7509 28846 626 65.8226 11.6361 1180 1267.32 0.00715959
7509 29843 640 71.686 1.67576 400 1401.01 0.00483951
7509 33921 640 66.8001 2.6083 -350 1771.13 0.00612246
7509 34226 644 70.3593 1.26 -430 1361.28 0.00437808
7509 34996 646 63.8663 6.87974 780 1296.1 0.00497132
7509 45482 576 76.6355 2.72276 460 1507.07 0.00402718
7509 50965 696 72.3958 3.14257 580 1277.79 0.00562515
7509 52452 688 65.7132 2.14409 440 1400.09 0.00555369
7509 53351 640 61.2067 4.27377 920 1170.39 0.00402979
7509 54023 576 57.4919 2.65947 370 1488.85 0.00624948
7509 57647 626 62.2419 19.3926 7810 1168.79 0.00529667
7509 58261 662 75.7531 1.08152 -390 1504.56 0.00407426
7509 59079 696 62.7738 19.3314 -2330 1045.72 0.00401879
7509 60277 598 58.8739 26.1613 6290 1131.22 0.00433957
7509 63827 610 68.0086 2.30237 460 1513.1 0.00517232
7509 67626 640 63.5583 5.43702 810 1243.94 0.00645963
7509 69502 696 57.1177 5.3481 550 1415.18 0.0044382
7509 74058 642 72.4509 5.4935 550 1340.45 0.00510294
7509 78169 664 61.9237 2.01972 -590 1251.87 0.00508569
7509 78384 598 57.8991 3.81912 450 1241.27 0.00669182
7509 85123 626 76.3348 5.10043 440 1812.66 0.00712432
7509 85614 642 64.2719 4.22996 450 1265.04 0.00470073
7509 87229 640 75.6282 9.87122 910 1513.75 0.0057218
