7388 1257 576 71.0547 7.80885 560 1634.22 0.00708438
7388 1582 576 61.3838 2.07346 470 1527.01 0.00533574
7388 2978 644 69.1788 24.0611 7620 1300.09 0.00419945
7388 3356 598 61.5959 8.09802 830 1298.36 0.0054679
7388 10620 674 62.3116 3.3498 -480 1208.39 0.00648265
7388 12046 610 70.8404 2.93777 430 1701.45 0.0057312
7388 13221 690 58.237 2.26702 -390 1252.91 0.00546152
7388 19852 624 59.6726 26.7443 3160 978.365 0.00418492
7388 20309 674 62.9406 3.14605 490 1456.92 0.00586506
7388 25312 610 60.5529 13.0874 1150 1330.52 0.00644613
7388 25447 610 64.148 2.35285 430 1224.07 0.00401143
7388 26233 662 75.7288 5.06226 -720 1778.97 0.00701728
7388 26245 624 57.8269 6.02152 510 1397.22 0.0054434
7388 26577 696 64.2409 7.4219 520 1357.89 0.00570956
7388 26665 626 62.5704 18.5738 -1160 1140.79 0.00464976
7388 28576 576 71.8569 3.25459 -530 1634.08 0.00628718
7388 36604 598 72.8566 1.64553 390 1496.52 0.00524275
7388 36755 608 72.0889 1.16552 -410 1952.68 0.00485478
7388 41630 576 63.2831 8.59998 500 1585.08 0.00636677
7388 42783 642 72.9259 6.11735 470 1300.79 0.00539691
7388 44229 626 67.4028 19.805 7700 1374 0.00557544
7388 51420 674 59.7215 1.25442 -470 1486.14 0.00433742
7388 52985 646 62.8068 1.43565 -510 1274.45 0.0045025
7388 53014 674 59.402 4.40562 -430 1552.18 0.00681402
7388 57366 696 68.3839 1.09618 -360 1518.56 0.00401885
7388 59832 640 61.3156 1.86288 -470 1130.14 0.00526174
7388 66061 664 59.2649 1.69595 -470 1144.3 0.0045883
7388 69291 664 71.1502 1.87672 380 1301.15 0.00513755
7388 70481 662 59.3748 1.15031 330 1076.92 0.00417117
7388 71115 662 65.7601 1.35641 -410 1561.21 0.00467273
7388 73255 674 63.4495 3.45 390 1576.67 0.00617009
7388 73403 576 74.6988 2.09145 -400 1429.77 0.00402617
7388 74640 598 69.0458 8.44529 450 1488.58 0.0062839
7388 75013 576 74.1927 1.32003 340 1651.05 0.00469222
7388 78364 674 74.5156 3.48324 -440 1529.86 0.00661969
7388 78976 644 62.5502 19.1505 -2160 1023.62 0.00477996
7388 79441 608 71.0018 7.35532 650 1616.59 0.00577275
7388 80409 674 59.8235 3.24153 740 1394.47 0.00630169
7388 81148 674 66.1994 2.28704 550 1438.86 0.00549913
7388 81186 642 65.3442 9.01333 560 1380.59 0.00613644
7388 83887 690 69.9333 9.68321 510 1320.78 0.00655278
7388 85815 674 67.6516 1.08594 430 1606.07 0.00410467
7388 87313 598 62.8397 1.32344 690 1315.32 0.00467439
7388 90401 576 71.4118 6.13228 -430 1398.53 0.00738286
7388 94789 644 58.5563 34.9564 6290 1081.4 0.00428327
7388 96114 642 58.1049 8.29 1150 1156.59 0.00493826
7388 97048 576 75.9584 6.98498 600 1700.93 0.00562782
7388 97181 608 62.1855 3.08516 450 1206 0.00421394
7388 98574 662 64.9991 8.87532 1340 1359.63 0.00459304
7388 101553 610 59.7958 3.91769 750 1295.2 0.00405965
7388 112215 598 58.7491 25.3741 -3280 1112.58 0.00441624
7388 115947 674 76.4753 5.16833 -560 1342.67 0.00504074
7388 116306 690 66.7716 3.40197 520 1509.4 0.0047816
7388 119572 692 74.8007 4.05097 550 1351.84 0.00611904
7388 127193 610 65.2967 3.74947 670 1590.99 0.00579892
7388 132901 662 64.7939 3.10541 910 1241.4 0.00442312
7388 135604 646 60.8501 3.79767 480 1111.92 0.00414564
7388 140250 662 60.5292 4.10723 -490 1132.42 0.00636739
7388 140637 610 67.0945 4.78926 460 1424.81 0.00638055
7388 144462 674 71.439 1.77062 440 1897.01 0.0050323
