7514 1580 696 59.7184 1.68316 -230 1547.4 0.00464995
7514 3038 576 75.9333 7.49304 860 1885.04 0.00756006
7514 4912 662 71.5027 7.72901 450 1591.19 0.00681938
7514 6681 592 57.0414 9.4585 620 1385.87 0.00609382
7514 8453 674 57.6171 4.49992 370 1235.71 0.00620801
7514 17280 644 57.2333 1.02756 360 1355.43 0.00401492
7514 24468 696 70.5448 4.6209 610 1391.04 0.00434121
7514 25240 690 58.8582 1.05532 -410 1564.37 0.00407547
7514 34750 576 69.2914 8.83753 -500 1378.8 0.0078183
7514 35327 674 75.795 2.98032 -420 1911.25 0.00640634
7514 44971 600 63.2336 2.39947 370 1135.11 0.00434958
7514 47402 598 75.497 7.0769 790 1786 0.00403774
7514 63665 690 57.1212 29.4443 2480 1195.17 0.00416242
7514 69315 642 73.9183 1.83528 -450 1423.59 0.00479127
7514 72777 696 71.5094 1.5944 910 1326.37 0.00509264
7514 77090 696 74.779 1.68222 570 1257.51 0.00480985
7514 84103 624 63.5751 3.50273 -420 1581.07 0.0062169
7514 84803 662 67.1488 1.7095 490 1541.35 0.00481896
7514 90310 598 73.4207 1.01155 350 1451.61 0.0040542
7514 93621 624 65.6959 5.86005 820 1499.36 0.00427043
7514 94666 696 58.7063 13.9959 410 1352.17 0.00766472
7514 101482 662 57.9974 4.67596 370 1396.51 0.00666153
7514 106229 662 65.1426 3.50643 -440 1472.9 0.00601584
7514 115056 696 74.1235 8.91907 -860 1623.11 0.00685112
7514 117367 642 58.3671 2.37214 440 1030.03 0.00408856
7514 120846 646 70.1753 3.07635 460 1601.8 0.00402653
7514 134029 642 57.0048 1.79607 340 1145.16 0.00500572
7514 135049 644 66.7722 2.07115 740 1483.21 0.00533241
7514 136329 642 69.3978 9.11253 890 1366.98 0.00538201
7514 143505 696 61.7802 7.71988 970 1305.73 0.00474525
