7381 14242 696 75.6701 2.10376 420 1815.33 0.00532195
7381 16999 600 75.0171 2.91514 590 1584.58 0.00677275
7381 20343 662 73.4454 1.66093 -470 1558.74 0.00501701
7381 24999 610 71.048 3.78152 380 1813.55 0.00597383
7381 28136 640 59.311 2.1346 -390 1249.99 0.00458557
7381 35720 598 66.4365 12.3556 -500 1435.59 0.00602794
7381 36028 662 57.4673 3.4134 450 1137.38 0.00524254
7381 40041 690 75.8992 2.75183 460 1607.25 0.00604665
7381 42951 598 63.3406 6.27708 660 1348.86 0.00520401
7381 43058 674 64.3613 1.16143 500 1471.05 0.00425314
7381 44576 674 75.717 3.49603 550 1529.59 0.00627367
7381 48736 696 64.3707 4.88157 410 1614.18 0.00649529
7381 51021 592 65.3941 9.59417 570 1405.4 0.00903936
7381 52184 696 62.7407 1.25712 -670 1028.22 0.00409603
7381 63207 610 71.6215 1.22999 -410 1600.2 0.00417036
7381 64641 674 59.0926 6.80502 620 1322.29 0.00699157
7381 66677 642 71.9006 5.34909 490 1418.92 0.00484036
7381 73329 674 74.0058 6.84289 630 1699.88 0.00734975
7381 79726 626 70.344 15.408 3670 1571.08 0.00547594
7381 83480 674 64.8324 5.33581 -580 1343.82 0.00764412
7381 85873 610 67.842 6.89247 560 1370.22 0.00576684
7381 86193 610 74.8749 1.47743 -530 1484.41 0.00453144
7381 88140 624 67.7019 3.57434 -470 1614.14 0.00620476
7381 89966 662 66.6654 1.29843 460 1477.82 0.00445752
7381 98395 644 73.019 1.39863 -390 1297.72 0.00406624
7381 100445 690 63.665 2.71812 410 1311.61 0.00580107
7381 104920 640 61.0004 1.31626 -380 1380.48 0.00435469
7381 109574 624 71.2508 8.1497 870 1275.46 0.00580052
7381 110676 674 67.3104 2.96469 730 1595.22 0.00595929
7381 112402 674 57.8235 2.92291 540 1137.05 0.00583839
7381 112412 576 62.8679 6.10141 690 1515.34 0.00508427
7381 118725 692 65.2783 2.65351 -650 1462.4 0.0058164
7381 122202 626 59.5924 7.25511 1500 1120.33 0.00431892
7381 127385 576 71.161 4.44387 450 1697 0.00626511
7381 131316 662 71.8889 1.49944 530 1490.72 0.00467423
7381 131453 642 68.6326 6.80691 580 1237.68 0.00508912
7381 134778 610 62.7923 6.11938 440 1446.62 0.00555124
7381 138440 626 57.9498 21.7416 -4460 1075.35 0.00471874
7381 140796 610 57.1851 4.64502 860 1309.31 0.00522295
7381 160516 646 67.587 6.16964 490 1317.13 0.00460814
7381 164023 696 62.8111 2.56081 -540 1380.12 0.00552434
7381 168073 640 57.8796 2.68974 370 1102.73 0.00561256
7381 168304 608 70.0453 2.09582 380 1464.94 0.00406701
