7532 4436 576 70.8809 1.88629 -450 1508.03 0.00530811
7532 4943 642 66.7829 11.8041 1070 1550.25 0.0054241
7532 9550 696 72.5456 1.55667 620 1350.22 0.00479207
7532 12604 576 60.5003 4.84531 -440 1566.16 0.00690053
7532 12920 662 63.0423 2.00757 -430 1365.92 0.00510035
7532 16129 608 66.5044 5.60384 700 1297.34 0.00400143
7532 24487 664 58.7672 4.54387 -520 1283.79 0.00611311
7532 24782 674 66.2661 5.90896 -530 1167.15 0.00614605
7532 26305 674 58.7206 2.66822 520 1169.18 0.00588437
7532 26435 598 63.2716 3.62181 700 1427.55 0.0066773
7532 28956 690 73.2406 3.23669 670 1910.34 0.00534344
7532 33287 610 63.8864 2.89956 520 1506.64 0.00537145
7532 33948 576 73.9097 8.91148 860 1757.43 0.00581159
7532 36491 674 69.7303 4.90462 420 1750.47 0.0070891
7532 38575 646 57.9747 1.64219 -350 1012.23 0.00476372
7532 41551 626 71.1044 15.3925 -500 1794.45 0.00847239
7532 43423 592 63.1294 1.17317 380 1404.22 0.00444424
7532 44729 624 67.8142 25.347 6020 1533.56 0.00776732
7532 45046 646 57.5905 6.15023 740 1206.79 0.00460276
7532 47582 674 63.0012 10.7148 550 1633.43 0.00741091
7532 48787 646 76.0292 6.02324 560 1454.65 0.00481476
7532 60226 662 66.2208 2.51701 -410 1598.38 0.00587814
7532 66128 610 60.5742 4.90999 480 1179.51 0.00509953
7532 67372 642 65.6145 5.31243 460 1349.61 0.00553681
7532 68282 626 64.6133 2.45896 650 1421.2 0.00559811
7532 76230 644 63.5479 5.13218 -890 1407.37 0.00654869
7532 81239 626 65.6276 7.54169 450 1223.43 0.00762613
7532 82422 610 64.135 6.33019 -440 1409.59 0.00677335
7532 83144 646 57.1965 1.29171 520 1193.34 0.00438576
7532 83653 692 65.0304 12.3425 600 1337.68 0.00783617
7532 83953 646 73.61 6.4209 580 1448.59 0.00453589
7532 85848 624 65.8111 4.20033 570 1197.57 0.00483068
7532 86742 674 59.1695 1.28292 -520 1135.43 0.00458767
7532 87615 644 57.1564 6.42264 520 1153.95 0.00503837
7532 90700 696 70.5657 1.17534 -440 1533.82 0.00404605
7532 92030 624 62.4433 2.08662 320 1290.8 0.00531026
7532 93259 576 61.8473 5.24626 610 1101.06 0.0049655
7532 98516 608 61.5017 21.2309 -3930 1081.2 0.00412956
7532 101122 576 58.2353 2.10193 -430 1292.66 0.00551106
7532 103792 624 66.5973 4.27171 710 1436.37 0.00408106
7532 105475 642 63.4212 4.90038 380 1414.1 0.00553619
7532 112519 610 64.5309 2.51077 -490 1178.55 0.00539702
7532 117009 576 74.8947 6.65727 510 1786.09 0.00612441
7532 117028 624 58.5437 1.01099 110 1281.4 0.00439843
7532 122207 598 58.662 7.53775 710 1234.22 0.0054032
7532 124438 662 66.9369 1.386 400 1555.51 0.00447871
7532 125693 598 63.4467 3.12421 460 1386.06 0.00456406
7532 136784 626 74.0453 1.12255 390 1424.65 0.0043264
7532 140457 576 61.1514 2.64529 450 1209.94 0.00435824
7532 145888 626 71.4143 8.07053 730 1287.63 0.00465884
7532 147474 626 62.4496 17.1673 -2130 1119.46 0.00429186
7532 154775 626 59.3355 15.094 -3030 1148.2 0.00416235
