7574 1361 576 72.6065 5.94067 1180 1500.47 0.00403373
7574 9237 690 73.8965 6.47907 -680 1737.57 0.00773755
7574 10558 696 62.2726 1.76591 630 1283.42 0.00478963
7574 19211 662 62.4976 8.45102 510 1223.99 0.00695208
7574 24082 690 60.9548 21.8632 -2200 1237.14 0.00432656
7574 28007 696 76.2337 13.0084 690 1797.28 0.00852127
7574 28454 598 64.5134 7.8564 560 1336.94 0.00822163
7574 28588 664 74.5935 9.57926 630 1563.4 0.0081755
7574 28751 642 57.1243 5.33663 650 1040.09 0.00541727
7574 29425 674 56.7928 1.62727 780 1319.62 0.00509946
7574 29548 626 57.2858 2.79102 7340 1667.99 0.00763579
7574 29801 664 57.8043 6.86252 -670 1507.93 0.00532162
7574 33776 644 64.1524 1.47483 -430 1289.18 0.00482261
7574 51910 626 65.0079 15.9292 -1810 1344.4 0.00463117
7574 54229 576 69.8951 4.63309 760 1364.96 0.00487784
7574 57598 624 60.2578 1.60288 410 1472.12 0.00459256
7574 63628 644 63.6252 1.36664 -570 1316.39 0.00410018
7574 63893 598 63.0458 3.62891 510 1364.86 0.00430282
7574 65671 674 70.455 5.58524 720 1461.7 0.00429565
7574 76061 662 64.2848 1.17543 -430 1131.26 0.00421076
7574 77720 598 57.145 1.12426 -450 1354.71 0.00441552
7574 79174 690 59.7881 4.73021 550 1314.06 0.00510992
7574 80785 696 72.6117 5.3572 440 1670.76 0.00648699
7574 80965 646 68.6503 11.3841 840 1530.37 0.00646933
7574 90232 610 57.1568 2.40138 -610 1062.62 0.00523494
7574 90357 696 61.5039 1.25188 430 1172.41 0.00401722
7574 99868 644 74.3566 6.30965 430 1641.68 0.00686595
7574 107207 646 57.6347 9.25487 1840 1095.47 0.00461094
7574 111654 576 69.3943 4.43206 470 1459.1 0.00692326
7574 111766 626 67.8395 21.0737 -5630 1524.21 0.00558764
7574 112671 624 74.3659 1.64581 -500 1495.39 0.00479252
7574 118955 644 64.1746 1.0867 -320 1548.57 0.00416077
7574 120299 626 71.0882 21.0387 -3050 1113.91 0.00411373
7574 128720 626 58.2697 23.93 6780 1174.76 0.00572381
7574 130479 600 66.1055 6.90147 560 1534.14 0.00778047
7574 134206 598 56.8743 1.78475 -450 1131.63 0.00434819
7574 136206 674 63.8254 1.3556 560 1146.68 0.00467075
7574 137017 600 63.7847 1.20356 430 1222.02 0.00477461
7574 138373 576 68.1542 1.75948 330 1480.73 0.00474017
7574 142960 696 71.4947 1.18638 -670 1569.87 0.00408999
7574 150365 690 60.0679 7.45546 540 1462.71 0.00635636
7574 150516 646 61.5413 1.96884 440 1397.84 0.00432574
7574 152297 662 57.0182 1.54808 430 1276.74 0.00482805
