7365 699 674 67.7451 3.50517 550 1487.18 0.005015
7365 2241 594 72.2559 1.38512 -460 1619.34 0.00507587
7365 11881 664 72.0222 6.70014 860 1446.43 0.00443282
7365 13941 576 67.6402 4.94346 560 1647.77 0.00490946
7365 15200 646 62.1961 4.86797 460 1120.44 0.00616556
7365 23736 576 57.5163 4.3768 440 1348.59 0.00651958
7365 35600 610 70.1128 6.22267 430 1751.72 0.00555034
7365 39438 662 69.2479 1.7857 -460 1508.85 0.00506748
7365 46892 626 64.3782 22.5161 2980 1281.59 0.00542109
7365 55163 608 67.4678 7.18467 640 1528.34 0.00529583
7365 61220 690 67.604 1.8712 -770 1320.87 0.00521678
7365 62428 664 64.8832 7.8042 1310 1331.79 0.00522921
7365 63138 598 61.6458 33.3459 8420 1311.7 0.00449645
7365 63160 598 68.671 2.73124 550 1348.56 0.00483537
7365 63359 674 69.1378 2.96508 850 1672.65 0.00576394
7365 64260 576 71.0916 9.04623 470 1595.05 0.00712745
7365 66088 662 73.9832 3.45281 680 1279.67 0.00425282
7365 72335 674 60.835 2.08877 560 1380.51 0.00532095
7365 75056 644 61.7083 23.8331 3990 1086.34 0.00422431
7365 77113 626 76.6784 7.52235 1180 1747.65 0.00416936
7365 79991 594 61.2679 5.36331 740 1242.53 0.00514727
7365 82940 664 59.9886 5.50785 -590 1227.85 0.00661182
7365 86643 576 58.2796 1.43677 560 1000.43 0.00466866
7365 89563 696 61.2485 1.94335 -390 1291.19 0.00499135
7365 106140 674 71.5749 2.07881 540 1428.71 0.0052417
7365 106549 696 72.7788 5.81923 1030 1598.51 0.00418477
7365 118290 576 62.5666 4.92887 420 1577.97 0.00699647
7365 123069 626 58.9757 8.876 660 1312.34 0.00570217
7365 125983 610 74.9757 8.9834 -780 1398.61 0.00559581
7365 126635 696 68.426 3.30419 490 1552.14 0.00498459
7365 127262 624 68.4692 5.40077 510 1113.27 0.00591196
7365 128224 610 58.3151 6.96331 540 1315.25 0.00565399
7365 128308 598 62.2197 6.52255 1170 1349.08 0.00415524
7365 130430 644 71.9367 6.47242 660 1550.88 0.00491595
7365 136989 674 62.444 1.41825 400 1171.5 0.00503644
7365 142000 626 60.6848 25.3964 6630 1058.94 0.00550323
7365 142419 600 66.2421 1.64068 410 1707.99 0.00519043
7365 143970 626 63.0708 25.264 2990 1034.54 0.00529246
