7502 766 626 58.3849 20.8379 -1190 964.865 0.004845
7502 1375 626 59.5607 19.3832 5810 1432.91 0.00814812
7502 2528 626 71.1624 17.8064 2960 1689.66 0.00471042
7502 6135 626 71.7765 8.84244 580 1366.3 0.00606731
7502 6449 674 76.5591 1.11007 -380 1775.87 0.0041561
7502 7203 576 60.198 1.3259 -370 1268.15 0.00429831
7502 9875 640 58.7833 4.62841 640 1165.4 0.00465311
7502 23640 576 75.2344 5.72294 470 1567.26 0.00593332
7502 29030 576 64.471 10.0149 1160 1354.2 0.00509706
7502 29084 664 71.383 1.7599 -540 1480.37 0.00480051
7502 30871 646 58.8836 4.58793 400 1248.26 0.00683317
7502 37859 644 72.9148 4.3519 460 1363.69 0.00446591
7502 43800 674 70.6672 1.28577 -570 1171.59 0.00438357
7502 45101 626 74.1148 1.8624 -460 1337.86 0.00502885
7502 46274 690 60.4792 2.30006 460 1358.65 0.00494426
7502 50152 640 67.7957 1.17399 -500 1222.02 0.00404358
7502 50309 610 73.1073 7.94337 440 1831.92 0.00682888
7502 51267 696 67.4846 1.50943 -610 1180.9 0.00428524
7502 52746 598 61.3073 3.62984 -340 1337.92 0.00672965
7502 52767 598 66.436 4.73364 -410 1270.35 0.00714293
7502 57652 626 62.4848 7.23485 1900 1281.14 0.00460538
7502 60956 674 65.0484 1.81944 480 1611.3 0.00501895
7502 63330 674 75.6139 4.22535 1010 1611.71 0.0063676
7502 67461 608 66.8254 3.79058 -510 1634.81 0.00715143
7502 68784 610 62.2407 7.28442 680 1313.62 0.00534417
7502 72296 644 60.4272 1.64014 -360 1410.83 0.00508874
7502 72444 642 60.9922 5.33953 560 1224.85 0.00500617
7502 77225 626 69.6343 4.15223 430 1459.76 0.00608142
7502 79260 626 66.6264 23.9742 7770 1050.52 0.00436295
7502 81581 594 63.6925 4.67097 840 1095.9 0.0044075
7502 82746 644 65.9498 3.10169 440 1151.26 0.0052369
7502 83829 688 61.1404 22.5096 -2510 1184.09 0.00430382
7502 84773 592 70.5124 5.55241 500 1566.5 0.00577684
7502 87448 690 66.8085 3.40389 -480 1403.72 0.00659038
7502 88130 644 61.5283 5.00337 610 1043.33 0.00482725
7502 107544 598 76.4919 1.73221 590 1493.6 0.00548252
7502 115475 626 60.391 17.3844 1230 1051.81 0.00485772
7502 115555 610 74.3943 1.65991 -540 1385.21 0.0042781
7502 134941 626 60.4354 2.62098 -400 1431.04 0.00561674
7502 138768 662 62.9641 1.87013 -420 1686.51 0.00536856
7502 139652 626 57.7338 15.9944 -2420 952.015 0.004907
7502 141845 696 71.9119 3.36376 -690 1569.69 0.00564997
7502 142052 662 76.5068 10.1529 1130 1850.43 0.00798225
7502 142878 664 74.6615 5.2051 580 1618.66 0.00423612
7502 145508 674 58.4963 2.11966 370 1453.78 0.00533346
7502 146578 626 59.9364 22.6998 2120 922.231 0.00409976
7502 146843 626 63.3326 1.34053 590 1179.76 0.00458413
7502 166750 610 64.3804 4.87699 400 1515.95 0.0063443
7502 172477 610 58.5651 4.25649 -510 1119.82 0.00598245
7502 173707 688 76.2251 1.3995 -370 1370.51 0.00476742
7502 181165 662 72.9017 1.15563 -590 1408.99 0.00424473
7502 181534 646 65.566 3.68928 410 1640.06 0.00421941
7502 185520 576 63.5923 3.95165 960 1215.26 0.00402093
