7533 9308 696 70.9425 3.14785 470 1606.97 0.00612148
7533 13068 674 71.4821 1.21243 430 1568.92 0.00428656
7533 13795 600 58.174 13.9224 600 1385.16 0.00987509
7533 21679 626 71.9869 1.92428 -560 1256.1 0.00521388
7533 25108 696 64.4015 5.24684 680 1287.55 0.00585367
7533 33524 624 58.8035 37.177 8550 1055.48 0.00419639
7533 34987 626 75.5914 4.39603 530 1602.19 0.00476581
7533 35487 662 57.5709 7.69074 630 1346.78 0.00615002
7533 38462 626 57.6642 16.6236 4360 968.404 0.0045765
7533 38912 626 62.9321 2.54458 -490 1348.5 0.00578809
7533 42696 592 61.0622 5.13716 860 1287.63 0.00432428
7533 42792 690 66.7059 2.2311 520 1283.79 0.00580262
7533 45683 664 73.7197 5.70482 -590 1607.84 0.00621307
7533 46595 674 75.3624 5.17982 390 1832.9 0.00720398
7533 48825 598 71.0985 2.81613 560 1269.63 0.00408219
7533 52096 640 70.6944 3.01523 470 1561.42 0.00609118
7533 55180 576 56.7146 9.94691 910 1074.58 0.00619768
7533 59379 688 58.037 1.8684 470 1421.05 0.00491109
7533 62175 626 63.561 2.32806 -390 1074.46 0.00567539
7533 63579 576 56.7141 9.97253 730 1242.18 0.00584004
7533 65458 626 67.0603 7.91149 490 1421.93 0.00583095
7533 69701 642 59.2453 2.55449 -410 1327.88 0.00597335
7533 69916 662 62.7033 2 400 1424.82 0.00511755
7533 76342 696 57.9251 2.10084 310 1497.56 0.0050848
7533 78231 696 61.7024 3.27815 -590 1132.53 0.00592182
7533 78615 662 66.2719 2.55369 600 1332.3 0.00540482
7533 80642 662 66.5146 1.49903 570 1297.14 0.00464372
7533 86597 674 63.3522 6.30085 -530 1518.45 0.0072517
7533 94760 644 57.7979 2.30261 570 1031.83 0.00536333
7533 95112 690 58.3186 1.30802 -360 1405.3 0.00464475
7533 95941 598 68.3064 1.48577 490 1570.18 0.00471708
7533 97284 610 72.6843 4.533 -580 1595.87 0.00632232
7533 102782 674 73.5987 1.92084 650 1369.59 0.00536398
7533 107791 690 68.7845 2.99723 550 1272.39 0.00445928
7533 109589 594 70.7467 4.3914 -440 1622.14 0.00730667
7533 111343 594 66.4555 1.46327 -530 1333.62 0.00516287
7533 112771 624 67.3569 1.54899 350 1487.93 0.00471175
7533 113785 662 75.9297 1.86822 530 1513.94 0.00460014
7533 115692 626 64.1294 22.3446 8000 1346.28 0.00529945
7533 116275 674 72.24 2.90268 -340 1770.28 0.00626874
7533 116821 690 71.2822 3.1284 530 1407.49 0.00626439
7533 118823 674 64.7466 1.0356 -360 1384.57 0.00407686
7533 119524 644 65.9413 3.56718 630 1265.61 0.00644963
7533 121190 664 73.0507 1.55269 -670 1549.55 0.00460143
7533 122328 626 60.0823 24.8878 4740 1332.79 0.00586134
7533 124305 644 73.6191 1.53501 380 1498.29 0.00465466
7533 126159 640 69.5895 1.22934 530 1399.63 0.00430642
7533 128108 644 58.5028 3.54346 470 1284.08 0.0048425
7533 130338 594 74.6454 2.61975 530 1282.38 0.00434136
7533 133636 674 73.4489 2.07624 -470 1391.44 0.00566098
7533 138121 624 57.8787 3.59992 -390 1345.56 0.00606738
7533 139379 688 67.8467 11.5382 -520 1347.38 0.00715115
7533 148205 600 67.6678 4.37501 -380 1465.09 0.0071556
7533 148891 674 65.8338 1.17959 -370 1341.68 0.00437261
7533 152361 610 59.8811 1.63725 490 1334.28 0.00460621
