7354 6284 626 57.5273 19.5156 -5700 1059.22 0.00435076
7354 6995 592 69.1689 3.72917 400 1599.64 0.00691649
7354 9106 674 63.9539 5.078 660 1317.15 0.00687016
7354 9658 598 59.8409 2.81873 670 1165.01 0.00430705
7354 13004 592 61.3298 4.19386 420 1360.36 0.00437389
7354 15833 624 59.706 2.26778 350 1383.08 0.0055687
7354 17119 624 60.4822 5.48269 620 1302.86 0.00484523
7354 20526 664 59.5279 5.09411 550 1194.96 0.00536235
7354 22431 624 71.8813 5.07362 1260 1691.59 0.00504847
7354 23520 624 65.7482 1.3057 -420 1615.53 0.00423966
7354 29097 576 74.1835 1.96055 360 1759.12 0.00530946
7354 34486 664 57.9195 5.10916 470 1299.66 0.00539758
7354 35451 598 64.3473 3.08989 510 1273.21 0.00401318
7354 39320 644 74.7541 2.7115 -480 1449.17 0.00612412
7354 39770 674 57.3488 1.56176 -820 1293.43 0.00417271
7354 43545 674 69.8267 9.54993 590 1376.2 0.00695285
7354 46923 608 73.8026 2.13024 -390 1363.83 0.00589621
7354 50084 642 70.3982 9.37684 1190 1473.28 0.00507648
7354 50721 624 61.0347 3.50487 440 1056.54 0.0057539
7354 51250 594 68.1545 2.89588 450 1614.38 0.0057765
7354 52605 594 63.2869 2.55219 570 1346.54 0.00615847
7354 54016 626 57.3565 4.37554 390 1214.15 0.00572342
7354 54622 610 70.2615 4.09163 800 1543.99 0.00619904
7354 57305 610 65.4244 1.26326 -380 1440.98 0.00414677
7354 62747 696 66.314 7.12372 860 1378.93 0.00498179
7354 63807 640 59.7357 6.00969 470 1218.97 0.0055823
7354 63941 626 66.4988 23.2824 -4920 1202.13 0.00429331
7354 68918 624 71.7055 12.4998 -610 1601.42 0.00645209
7354 69161 608 64.2642 5.94001 520 1747.23 0.0063454
7354 72046 642 59.1435 7.61581 740 1180.6 0.00498977
7354 72132 642 72.4879 4.29184 510 1441.84 0.00449535
7354 72831 576 59.3117 2.22351 450 1480.09 0.00548459
7354 80391 674 68.112 1.89796 -440 1578.85 0.0053146
7354 83926 598 71.3942 1.58963 770 1499.68 0.00413304
7354 85224 674 75.3955 4.5003 630 1543.03 0.00721121
7354 89599 624 72.005 8.15092 470 1572.04 0.0058142
7354 94837 674 69.5951 8.26034 -580 1668.75 0.00795975
7354 102551 598 57.5039 2.03118 -520 1052.02 0.0053818
7354 105234 626 58.532 21.027 4140 1048.85 0.00483176
7354 108404 608 60.1799 6.10354 -420 1433.47 0.0079616
7354 109864 592 59.6963 21.1606 -1470 1148.63 0.00411186
7354 111877 598 59.4575 4.93975 680 1249.5 0.00420594
7354 115530 662 69.7218 1.70288 390 1701.45 0.00482005
7354 117294 626 67.5393 5.85226 860 1344.76 0.00533979
7354 117343 598 62.4329 8.43723 1050 1274.41 0.00473669
7354 117345 674 75.8488 5.08574 430 1818.76 0.0071007
7354 124940 640 70.825 4.03375 580 1449.52 0.00625852
7354 125508 664 69.6534 2.94436 760 1229.02 0.00608078
7354 126355 626 70.6613 3.04373 380 1571.08 0.00638585
7354 127429 640 75.6361 1.24296 380 1505.13 0.00401429
7354 130654 642 63.8684 3.77114 430 1243.29 0.00442472
7354 132371 664 63.7231 3.24334 790 1417.61 0.00467746
7354 141326 598 66.8364 6.35867 570 1687.95 0.00559291
7354 142473 674 71.5423 2.89766 490 1636.63 0.0058086
7354 145259 674 69.3937 3.71698 410 1575.71 0.00528941
7354 145438 610 56.8909 7.11804 510 1383.56 0.00536597
7354 145460 598 65.8914 4.65865 700 1363.72 0.00455409
7354 145960 626 61.6685 20.3069 -3210 1095.92 0.00425197
7354 146203 626 62.8653 18.6034 1150 1258.16 0.00534146
7354 148370 610 64.8505 7.40568 510 1368.24 0.00582686
7354 155623 640 59.9074 1.94932 370 1407.38 0.005048
7354 158644 610 71.8895 2.65381 -820 1221.2 0.00540899
7354 167030 642 61.3625 6.22309 530 1215.06 0.00472214
7354 168095 640 60.692 1.60403 -600 1350.37 0.00480479
7354 173618 644 59.1512 21.6997 8430 980.555 0.00416834
