7606 3073 640 69.8407 2.5777 -350 1558.47 0.00569725
7606 3192 644 74.4856 4.89697 510 1630.82 0.00541483
7606 15062 664 69.9226 1.96622 550 1207.48 0.0050166
7606 15321 644 63.3264 8.15544 -620 1579.06 0.00722158
7606 16398 626 64.8827 17.6343 -3310 1085.03 0.00441316
7606 26397 576 71.9211 1.32682 -470 1364.1 0.00471516
7606 34001 608 63.8061 1.63702 580 1438.12 0.00559079
7606 35727 626 75.8379 1.39387 410 1405.98 0.00453632
7606 43731 646 58.203 1.58967 -460 1274.61 0.0046718
7606 55828 624 69.7638 26.7327 -4140 1317.5 0.00421028
7606 68820 674 57.878 2.12774 440 1418.34 0.00494273
7606 75131 608 74.023 3.93826 -420 1778.95 0.00754819
7606 76761 624 75.8979 2.38412 -420 1712.82 0.00541978
7606 77786 696 58.7769 10.8198 -560 1381.49 0.00748663
7606 78740 626 65.7251 2.80971 -560 1256.08 0.00576904
7606 99004 674 73.4055 2.21373 -440 1565.46 0.0056044
7606 101026 594 69.7931 4.30052 430 1791.73 0.00748507
7606 102843 688 57.9833 1.82354 -380 1070.05 0.00529609
7606 107244 626 63.7844 9.90841 610 1357.17 0.00646418
7606 107585 692 69.4013 16.5033 620 1538.56 0.00850413
7606 108204 674 68.8562 3.96151 -640 1650.54 0.00645737
7606 108906 626 67.4866 1.05488 440 1550.84 0.0040019
7606 116785 644 66.6012 1.33304 380 1494.82 0.0043843
7606 119463 626 71.9233 5.83618 1000 1260.3 0.004467
7606 123008 646 63.1469 8.77188 780 1408.57 0.00513802
7606 123557 576 62.0394 3.76008 830 1409.88 0.00458499
7606 127905 644 75.9742 1.2858 -460 1628.7 0.0042266
7606 131529 600 61.9658 4.40887 620 1441.13 0.00698248
7606 134873 646 61.9222 1.21466 -120 1461.79 0.00474971
7606 144678 644 72.4503 4.71514 560 1521.9 0.00678631
7606 145814 642 59.4322 22.5959 -5080 1008.37 0.00436274
7606 148113 610 59.0766 1.90258 -500 1237.48 0.00485535
7606 151317 608 57.5837 8.00918 1040 1316.08 0.00523839
7606 153434 674 71.2382 5.89074 -560 1410.28 0.007468
7606 155283 644 56.7394 6.98417 490 1343.22 0.00676545
7606 155474 688 68.9002 1.91772 -390 1422.25 0.00461755
7606 156286 598 71.4848 7.16569 720 1350.6 0.00514987
7606 156499 576 65.0559 4.74861 630 1250.54 0.00427921
7606 159385 674 61.3617 5.37965 -600 1263.79 0.00683177
7606 161955 688 74.484 6.64007 1100 1489.15 0.00478612
7606 162591 626 66.1913 2.08988 320 1321.21 0.00527788
7606 164267 592 60.5077 2.02248 400 1158.53 0.00442258
7606 165054 646 65.7996 3.3326 650 1283.88 0.00614357
