7480 717 608 61.9855 1.05069 390 1527.83 0.00430141
7480 5231 626 57.1157 22.9952 5340 817.138 0.00421732
7480 6389 696 73.5417 3.31305 540 1653.51 0.00584579
7480 8348 692 62.957 2.7181 -360 1351.59 0.00598121
7480 8499 664 75.2463 2.44725 510 1421.63 0.00545658
7480 16455 626 62.3456 20.7447 3860 1064.64 0.00549016
7480 23536 610 68.912 10.3903 780 1438.66 0.00687594
7480 26467 696 74.3094 3.07092 620 1589.37 0.00595665
7480 26746 642 62.2628 6.94268 750 1254.37 0.00518921
7480 34156 662 64.3182 2.05944 -500 1198.34 0.00514674
7480 36191 624 67.0479 1.23749 490 1191.52 0.00406743
7480 38224 600 56.9636 2.27391 580 1282.93 0.0057912
7480 40405 600 58.5886 1.84798 570 1199.81 0.00563057
7480 46902 610 59.5961 1.43964 660 962.761 0.00440947
7480 49133 640 63.4836 8.99262 820 1369.18 0.0052801
7480 49288 592 63.2604 2.92505 390 1497.67 0.0063442
7480 50666 598 59.5493 4.96137 580 1184.27 0.00466358
7480 56755 688 64.2431 8.24697 670 1331.14 0.00502895
7480 58679 674 64.3998 1.13036 -380 1443.9 0.00412851
7480 59575 642 69.0968 2.37975 460 1456.84 0.00434644
7480 60593 646 76.6511 1.1325 590 1468.78 0.00417366
7480 62037 690 75.0769 1.14976 520 1362.62 0.00449056
7480 63643 610 76.5937 5.15066 520 1533.32 0.00458621
7480 75720 674 57.9148 1.98278 310 1160.27 0.00537092
7480 84590 640 57.9885 4.58259 640 1173.04 0.0047781
