7576 939 576 63.607 2.2592 -460 1438.76 0.00552396
7576 1889 644 70.0142 2.19599 520 1574.3 0.00508504
7576 5948 644 64.7723 1.52072 420 1277.27 0.00458259
7576 14138 696 70.3495 6.07021 -810 1313.43 0.00660631
7576 18466 662 58.8262 3.39621 440 1470.29 0.00603487
7576 23574 576 70.2661 2.57867 -400 1781.11 0.00594747
7576 24527 598 72.7015 2.32972 380 1477.82 0.00602566
7576 27933 640 73.6881 1.31598 420 1710.86 0.00452855
7576 28571 664 58.083 10.3439 -630 959.946 0.00426523
7576 30745 600 61.0344 6.13401 580 1123.48 0.0056293
7576 30932 598 64.8419 2.06039 -360 1508.39 0.0054789
7576 36480 626 71.4361 25.2002 3730 1151.88 0.0040083
7576 36769 692 76.1654 8.52751 520 1582.51 0.00652169
7576 56747 576 65.5369 5.75203 -570 1575.14 0.00734507
7576 58989 674 68.8752 3.0563 -630 1443.88 0.00621298
7576 63021 690 64.0029 5.63398 490 1355.73 0.00645127
7576 65192 662 64.7954 10.1816 630 1555.34 0.00653873
7576 65836 646 65.3017 1.18842 -500 1238.22 0.00421141
7576 70079 600 65.1091 5.18016 480 1419.22 0.00735543
7576 75007 610 72.6666 8.38944 -540 1212.34 0.00724167
7576 77860 674 68.1156 1.22488 410 1376.19 0.00434501
7576 88171 600 58.3339 3.98618 560 1337.15 0.00512845
7576 89944 576 75.4886 5.34717 -380 1527.55 0.00752791
7576 104795 640 65.0217 3.66966 470 1283.39 0.0054341
7576 105565 642 59.0114 2.56023 -400 1364.88 0.00578651
7576 105896 674 69.1939 5.03024 480 1813.01 0.00687811
7576 109467 624 72.7233 3.92672 420 1452.9 0.00435779
7576 111524 626 61.0372 26.7812 2400 1117.05 0.00483742
7576 119596 640 59.7931 2.32438 -480 1309.67 0.00550799
7576 129662 696 68.9455 3.86796 520 1367.08 0.0057995
7576 129823 662 68.2429 7.4669 460 1397.02 0.00759487
7576 130735 610 67.3159 2.77511 -430 1540.27 0.00572153
7576 131812 624 73.9054 13.3095 -520 1302.99 0.00799593
7576 141660 610 76.1658 2.999 -350 1586.62 0.00581318
7576 146627 644 57.8664 5.99468 510 1235.28 0.00536062
7576 148535 690 63.5376 1.23947 530 1313.29 0.00458087
7576 149635 600 73.9655 4.96092 690 1485.76 0.00489197
7576 150883 576 57.9435 3.5476 440 1496.89 0.00548271
7576 157890 662 74.2258 2.22203 520 1082.6 0.00554542
7576 167161 640 65.2445 5.57929 480 1333.33 0.00537987
7576 174449 642 67.7685 4.36259 540 1207.78 0.00436877
7576 174500 576 57.1102 4.10066 450 1216.17 0.00647659
7576 176874 610 67.0927 2.07453 600 1118.25 0.00478145
