7439 4360 674 57.6247 1.19727 -350 1196.69 0.00435794
7439 4936 690 71.1097 1.79503 -600 1580.51 0.00440903
7439 12289 674 75.087 7.89212 450 1864.36 0.00772663
7439 20189 696 71.5971 2.49804 -560 1433.12 0.00552006
7439 32438 626 74.8756 14.9204 -470 1899.28 0.00818002
7439 37491 644 60.8393 2.7634 -690 1378.53 0.00557716
7439 37890 576 59.3655 24.8644 -3400 1008.92 0.00440302
7439 41922 640 71.8332 5.91472 -580 1301.38 0.00611681
7439 46047 688 66.5223 1.39212 -450 1351.11 0.00464452
7439 52388 642 59.022 4.47905 710 1189.45 0.00410458
7439 57272 576 64.039 1.11712 360 1262.76 0.00417031
7439 58333 642 75.7164 6.50588 800 1492.45 0.0049965
7439 59004 664 59.6897 2.84841 -360 1430.06 0.00561906
7439 60391 592 66.6838 12.9153 490 1676.95 0.00884635
7439 62253 644 72.8764 6.73702 450 1444.06 0.00726151
7439 64193 600 74.238 2.47929 560 1511.87 0.00642924
7439 65417 674 70.4561 3.6495 680 1531.69 0.00631808
7439 68708 644 76.3319 2.41074 -340 1385.21 0.00547126
7439 71706 608 57.653 26.2468 8130 970.181 0.0040347
