7398 2288 674 76.4549 2.26019 -540 1580.18 0.00552115
7398 2534 646 75.2732 2.01084 -270 1729.17 0.0048035
7398 4698 576 57.9767 7.45198 800 1158.78 0.00567478
7398 10673 662 58.8795 1.99224 -530 1165.73 0.00403515
7398 32291 610 56.9547 3.23946 460 1205.93 0.00428147
7398 34834 674 70.5308 1.00557 -350 1387.44 0.00413887
7398 38303 642 57.2935 5.73962 540 1353.34 0.0053095
7398 41051 610 66.2999 1.87499 630 1137.26 0.00484409
7398 44936 576 62.1099 4.9789 -540 1248.14 0.0071946
7398 45288 624 62.8502 1.38309 490 1175.31 0.00428459
7398 52062 626 70.5914 1.43318 370 1449.41 0.00414728
7398 52371 608 72.3034 9.02055 430 1534.28 0.00782867
7398 56058 576 60.7715 4.65432 490 1348.3 0.00549801
7398 57804 576 74.4876 1.45712 -350 1457.58 0.00459338
7398 64586 626 56.968 20.1071 -5030 1058.34 0.00543551
7398 67637 610 74.1462 2.14562 690 1454.92 0.00469731
7398 72590 664 72.3746 5.80899 540 1174.27 0.00734104
7398 77938 610 73.5334 1.75987 -430 1687.28 0.00472736
7398 78420 626 56.947 1.37736 450 1156.83 0.00460635
7398 80067 624 70.7868 5.23164 530 1278.53 0.00426351
7398 80483 674 57.467 8.13854 560 1276.87 0.00728287
7398 82975 576 73.396 5.64253 580 1684.97 0.00563707
7398 87705 646 57.1645 9.58129 850 1128.37 0.00537397
7398 91399 662 69.6442 2.18007 -500 1633.96 0.0054972
7398 91657 626 73.1963 2.35396 700 1317.42 0.00550239
7398 95333 664 63.219 2.43915 450 1339.91 0.00562535
7398 95394 696 69.9021 1.87609 -810 1454.44 0.0050125
7398 95669 696 64.9904 8.0767 640 1489.58 0.00552869
7398 96034 640 58.8205 26.1436 7490 1136.48 0.00417797
7398 98427 624 61.7284 27.6787 2370 1045.87 0.00418689
7398 99246 674 73.4868 2.1508 -570 1330.35 0.00525029
7398 103574 576 62.7876 1.93934 850 1193.44 0.0044555
7398 103982 640 59.8984 1.3596 -340 1306.29 0.00483279
7398 105963 626 69.7589 21.7751 3700 1171.01 0.00435446
7398 108413 696 58.4947 1.68595 370 1326.35 0.00477394
7398 111098 640 60.7384 2.67622 370 1378.38 0.00561783
7398 120595 626 71.154 1.56799 750 1401.56 0.00409605
7398 122119 674 63.4778 1.42067 -390 1242.19 0.00469712
7398 126487 594 65.9471 4.41516 550 1356.92 0.00527734
7398 131088 696 70.3083 4.0949 -490 1292.86 0.00631562
7398 136250 610 57.4011 1.10463 -800 1322.82 0.00403694
7398 140989 576 76.3793 2.20764 500 1849.94 0.00587034
7398 143801 662 57.6035 2.40865 490 1083.1 0.0054876
7398 144686 594 72.6423 1.21033 -390 1508.93 0.00459666
7398 144965 644 61.7233 1.13359 390 1101.54 0.00417723
