7417 487 642 61.8328 2.91828 440 1097.64 0.00435327
7417 3582 626 71.7363 1.44509 -380 1698.46 0.0045378
7417 3784 626 58.4493 22.9375 4020 1295.21 0.00818716
7417 10965 626 64.2999 19.1854 4350 1148.86 0.00476653
7417 12957 662 58.3784 7.32026 -470 1207.64 0.00707532
7417 16479 598 58.8645 1.20661 620 1304.14 0.00457619
7417 22316 598 59.8642 4.64619 630 1352.32 0.00448599
7417 25744 626 64.4392 21.2225 1960 1258.4 0.00599402
7417 27319 598 72.1409 2.09878 580 1641.71 0.00578875
7417 41809 640 73.6473 3.23062 840 1809.88 0.0064423
7417 43600 598 72.3949 1.37035 440 1761.25 0.00449961
7417 46311 626 70.5075 19.1886 -2610 1170.32 0.00400543
7417 47149 576 64.1776 2.16764 600 1207.59 0.00561943
7417 53586 662 66.6575 3.2533 -450 1533.6 0.00613128
7417 57338 624 57.6282 9.57976 830 1046.84 0.00509299
7417 60363 626 71.5303 2.59689 -400 1508.97 0.00602159
7417 63261 598 59.7127 3.98735 770 1099.95 0.00422356
7417 65673 646 68.5343 5.92531 510 1576.08 0.00502103
7417 69350 674 72.5548 7.34551 -410 1618.37 0.00792083
7417 69915 642 68.6722 5.55814 480 1327.18 0.00505858
7417 70746 662 72.6772 3.01183 390 1749.83 0.00577847
7417 74123 610 59.935 3.57546 -390 1411.42 0.00591933
7417 75926 600 68.7913 9.62238 3540 1735.47 0.00854965
7417 78703 646 64.2541 5.76917 840 1331.3 0.00437599
7417 83637 626 66.8447 18.1792 -4790 1376.36 0.00438199
7417 106983 662 61.19 1.311 430 1343 0.0043608
7417 112758 646 67.6652 3.05994 -560 1395.28 0.00560184
7417 114723 640 66.2746 3.03909 520 1319.56 0.00597733
7417 115757 662 61.6286 1.15792 -610 1075.62 0.00400504
7417 120040 592 73.1716 5.64396 610 1576.14 0.00638085
7417 121427 662 72.7935 3.79642 -510 1693.14 0.00622579
7417 123750 640 59.6899 8.89994 -420 1330.11 0.00754834
7417 125259 624 76.606 1.57839 -520 1683.74 0.00480022
7417 128833 690 65.3832 1.91349 560 1336.99 0.00579646
7417 129987 640 75.0013 5.64416 530 1681.52 0.00620941
7417 132792 598 68.4246 4.07737 -450 1677.22 0.00663228
7417 132817 664 68.4591 1.85432 310 1436.03 0.00484815
7417 135537 626 57.0671 1.0742 320 1534.3 0.00403932
7417 146095 610 71.231 1.1357 410 1799.5 0.00400731
7417 150884 608 59.0987 1.48069 470 1178.22 0.00493729
7417 153748 576 60.314 1.18672 380 1150.69 0.00432859
7417 158523 642 57.4605 9.65841 690 1132.75 0.00611209
7417 162332 674 60.5274 1.23768 -350 1209.67 0.00444137
7417 167261 598 72.4174 4.05711 680 1574.52 0.00484188
7417 167886 592 64.9187 8.56539 510 1368.46 0.00664155
7417 172185 664 72.3115 1.88852 -550 1435.21 0.00491674
7417 175422 592 70.7025 6.27091 870 1645.82 0.00470634
7417 183207 674 70.8548 1.89134 900 1720.74 0.00508072
7417 191005 690 69.963 2.33375 -440 1875.37 0.00569652
7417 192631 598 65.2833 2.22138 720 1480.4 0.00570035
7417 193349 626 57.8705 6.98914 420 1283.27 0.00676021
7417 196740 674 72.4342 1.27924 490 1561.79 0.00455844
