7390 2008 674 75.1387 1.31299 350 1661.27 0.00462262
7390 4978 624 61.5233 1.37518 340 1414.46 0.00434551
7390 8056 646 59.6872 5.46246 470 1190.65 0.00469259
7390 14286 610 73.978 1.46427 -410 1245.72 0.0047446
7390 16637 690 57.4761 2.04595 580 1153.22 0.0054614
7390 17544 640 58.7255 2.09941 650 1043.19 0.00517982
7390 30598 644 70.1657 2.17619 -440 1507.79 0.00548346
7390 31038 626 74.4402 23.3057 5340 1323.35 0.00476272
7390 31514 598 71.9621 7.17163 390 1746.88 0.00727008
7390 35600 644 64.0259 1.13211 -350 1480.46 0.00416433
7390 35913 576 70.8712 7.20993 520 1576.82 0.00654652
7390 39978 610 67.1504 1.7339 490 1326.17 0.00430116
7390 41493 644 60.0583 8.60731 950 1187.76 0.00518446
7390 51972 598 74.1244 9.00576 -580 1707.6 0.00871121
7390 52383 644 76.2098 2.57629 500 1611.4 0.0058276
7390 60573 690 58.7312 28.1158 3540 1061.75 0.00423668
7390 61915 674 58.6039 1.34895 610 1057.28 0.00446408
7390 65924 576 65.9474 7.38642 700 1645.53 0.00588305
7390 66203 624 71.0918 1.81173 430 1467.72 0.00507425
7390 77744 688 58.9176 6.10118 -640 1437.72 0.00686696
7390 78641 664 69.0913 6.60807 700 1322.61 0.00491722
7390 79177 608 60.674 2.03202 360 1585.91 0.00579308
7390 83435 576 68.0334 2.14857 350 1493.28 0.00581447
7390 84989 608 61.388 5.50166 940 1391.71 0.00404415
7390 87037 608 69.7711 4.34237 360 1671.28 0.00724209
7390 87959 674 60.5746 1.86555 -470 1366.6 0.00489182
7390 88504 642 76.2879 1.94964 -540 1521.39 0.00534031
7390 89721 624 65.9161 4.18724 410 1718.59 0.00664936
7390 92259 664 67.1671 1.43262 -420 1362.6 0.00462578
7390 96608 610 76.3163 2.75237 440 1696.76 0.00543414
7390 106673 674 61.4371 1.26663 -730 1270.87 0.00416768
7390 107301 624 65.7476 1.73001 -390 1178.28 0.00499057
7390 107934 576 63.9081 3.83488 -410 1310.95 0.00647692
7390 108561 692 60.5169 16.9861 700 1288.67 0.00812581
7390 113435 576 63.2111 9.05439 740 1299.61 0.00577259
7390 120771 576 70.9115 4.60404 -560 1425.39 0.00699421
7390 123845 696 60.1198 2.28368 440 1413.11 0.00523254
7390 126325 674 70.3912 2.92015 -380 1643.41 0.00609459
7390 130136 662 71.1073 3.57358 690 1596.79 0.00633101
7390 139439 696 72.0696 1.4906 -360 1425.88 0.00464898
7390 140197 646 64.5181 4.05468 600 1340.72 0.00459401
7390 148320 662 65.1003 1.19322 -370 1638.79 0.00430984
7390 155616 626 75.2806 18.9619 6150 1390.68 0.00421274
7390 158872 576 59.5985 2.38784 -410 1396.39 0.00577594
7390 165708 624 67.4093 5.93081 520 1382.39 0.00499078
7390 169291 674 71.2325 3.19752 -590 1318.8 0.00606836
7390 176572 642 72.1241 1.02344 -540 1611.52 0.0040257
7390 181688 610 62.2468 1.41178 380 1255.57 0.00457634
7390 186083 696 64.0821 6.96034 670 1218.93 0.00489587
