7564 3189 674 57.3501 3.74759 530 1166.99 0.00457911
7564 6767 646 66.6147 2.9452 640 1178.29 0.00612122
7564 10760 688 63.8603 1.13683 390 1406.45 0.00416123
7564 12134 610 61.5327 1.55989 550 1243.8 0.0045425
7564 13852 662 61.911 10.9462 470 1272.1 0.00762695
7564 15098 600 75.5268 6.27152 470 1569.4 0.00501544
7564 15102 662 58.2384 8.54129 -570 989.795 0.00528346
7564 15158 610 71.6538 1.3661 380 1443.62 0.00429112
7564 17283 640 73.1659 4.19361 520 1506.49 0.00417049
7564 17391 644 58.4043 5.16414 440 1109.4 0.00695096
7564 17848 690 57.5326 4.24759 510 1286.98 0.00527049
7564 18857 690 73.8045 4.69032 700 1362.59 0.00447872
7564 24988 674 75.9176 2.20539 670 1308.98 0.0040539
7564 26041 576 67.0324 1.10476 -360 1495.97 0.00421811
7564 28195 674 63.9724 2.28019 530 1373.58 0.00553676
7564 28531 592 71.7596 12.1484 510 1677.6 0.00896195
7564 29844 674 73.8297 5.78431 760 1688.35 0.00542452
7564 32622 610 64.718 10.7923 450 1635.59 0.00695382
7564 44340 626 64.8857 17.3554 6300 1254.15 0.00504194
7564 57183 644 63.5345 3.45445 430 1156.05 0.00448359
7564 63188 674 71.7593 1.6152 -520 1657.93 0.00492123
7564 65429 696 73.7709 3.59585 450 1767.15 0.00534594
7564 66757 696 62.777 4.66011 480 1464.86 0.00568623
7564 71882 624 58.8513 1.31102 -380 1271.28 0.0045375
7564 74384 664 71.5345 8.75059 1360 1586.11 0.00452151
7564 76443 600 73.704 1.03033 440 1732.75 0.00434624
7564 77691 576 62.7364 3.91944 700 1246.08 0.00662623
7564 80444 576 63.0952 12.4739 750 1438.59 0.00783386
7564 84366 610 68.8349 5.78792 810 1264.97 0.00473288
7564 85390 674 67.6323 1.41519 -440 1538.88 0.00457252
7564 85525 624 59.5375 4.29583 560 1146.34 0.00463405
7564 86952 608 66.7167 7.46399 -490 1692.47 0.00848299
7564 91287 640 63.7355 2.97055 760 1352.5 0.00619122
7564 91449 696 67.4786 4.00419 510 1435.18 0.00514479
7564 91930 610 60.0134 2.12867 -480 1233.97 0.00513781
7564 91981 696 61.0381 1.96524 420 1317.23 0.00536361
7564 92564 640 68.899 1.5129 -400 1587.29 0.00480776
7564 94429 674 66.7819 3.74644 -530 1606.6 0.00649424
7564 94735 644 60.7804 2.13927 580 1215.5 0.00536398
7564 99907 640 71.6715 1.86617 500 1580.62 0.0050546
7564 112317 642 75.0939 1.99452 -390 1267.24 0.00527024
7564 120264 642 68.1845 5.99635 1020 1442.89 0.00421907
7564 124863 626 65.4382 21.6578 4530 1406.4 0.00575467
7564 126757 626 70.2344 1.39839 440 1519.69 0.00464534
7564 129339 610 68.0367 1.34463 -350 1370.34 0.00440402
7564 133392 674 64.5646 1.26612 500 1528.01 0.00438263
7564 136139 644 72.4297 4.48249 480 1658.34 0.00656162
7564 137264 674 57.2889 5.18578 570 1194.09 0.00587361
7564 137769 610 62.5232 2.8188 -510 955.04 0.0051131
7564 141443 646 57.5402 5.89498 640 1133.62 0.00443864
7564 142033 600 61.3271 6.15257 1000 1292.24 0.00415089
