7355 764 664 72.4866 2.99615 -470 1595.61 0.00550619
7355 11087 662 66.9786 9.34997 690 1582.34 0.0066762
7355 14742 576 57.1652 5.01631 490 1250.84 0.00490858
7355 20261 674 75.7279 2.99172 -530 1741.79 0.00656197
7355 52099 696 65.2215 3.30426 410 1360.55 0.00551457
7355 53821 594 57.0693 7.01323 410 1261.93 0.00603542
7355 58067 690 62.5621 2.59929 400 1502.39 0.00436766
7355 58783 576 68.9375 3.50808 400 1568.82 0.00618796
7355 61362 626 62.1811 23.2202 6930 1278.67 0.005214
7355 64135 610 72.7132 1.67994 390 1906.78 0.00459734
7355 74304 696 65.5331 2.32865 510 1388.48 0.00523504
7355 74372 688 63.9179 1.43632 -370 1222.02 0.00474848
7355 75743 640 58.4822 5.96422 710 1174.56 0.00531844
7355 76385 674 73.6958 1.824 -210 1657.08 0.00470337
7355 76623 690 67.5726 2.63305 -340 1569.31 0.00644014
7355 85337 662 59.6635 2.9196 420 1538.47 0.00579229
7355 88142 674 73.0179 6.01932 520 1694.21 0.00779022
7355 88648 690 74.7112 4.86791 560 1378.55 0.00718186
7355 90586 644 74.2436 6.6897 580 1393.15 0.00562029
7355 91067 624 66.6268 3.29937 -390 1171.48 0.0057233
7355 94980 662 69.2625 4.57008 640 1552.91 0.00575858
7355 95528 692 57.7352 14.1116 970 1446.85 0.00904352
7355 96202 610 75.7079 4.14327 -420 1496.56 0.00653783
7355 99096 576 72.9188 3.00282 -360 1426.73 0.00641951
7355 104404 626 73.9074 7.15129 430 1707.59 0.00675023
7355 105989 598 59.0717 1.04825 320 1147.73 0.00402244
7355 106232 674 58.3234 3.56796 510 1301.6 0.00463558
7355 107400 644 66.0211 1.19059 -540 1208.39 0.00413694
7355 108373 624 57.0775 1.42181 390 1233.56 0.00446016
