25561 111 664 0 0
25561 111 665 0 0
25561 112 662 1645 335
25561 112 663 485 335
25561 113 660 155 337
25561 113 661 0 0
25561 114 658 1555 204
25561 114 659 465 337
25561 121 692 0 0
25561 121 693 0 0
25561 122 648 1595 337
25561 122 649 475 337
25561 123 640 1635 337
25561 123 641 485 336
25561 124 642 0 0
25561 124 643 0 0
25561 131 616 1605 337
25561 131 617 475 337
25561 132 610 1585 337
25561 132 611 475 337
25561 133 608 1625 337
25561 133 609 475 337
25561 134 584 1605 337
25561 134 585 475 337
25561 141 624 1605 337
25561 141 625 465 337
25561 142 628 155 337
25561 142 629 0 0
25561 143 688 1685 337
25561 143 689 495 337
25561 144 694 1635 337
25561 144 695 485 337
25561 145 614 0 0
25561 145 615 0 0
25561 151 600 0 0
25561 151 601 0 0
25561 152 598 1585 337
25561 152 599 475 337
25561 153 592 1565 337
25561 153 593 475 337
25561 154 696 0 0
25561 154 697 0 0
25561 161 632 1575 254
25561 161 633 475 337
25561 162 630 0 0
25561 162 631 0 0
25561 163 626 1575 337
25561 163 627 465 337
25561 164 690 1575 337
25561 164 691 465 337
25561 171 680 1605 337
25561 171 681 475 337
25561 172 678 1575 337
25561 172 679 465 337
25561 173 674 1565 337
25561 173 675 465 337
25561 174 672 1585 337
25561 174 673 465 337
25561 211 1124 1585 337
25561 211 1125 475 337
25561 212 1126 1605 337
25561 212 1127 475 336
25561 213 1110 1645 337
25561 213 1111 485 337
25561 214 1204 1605 335
25561 214 1205 485 215
25561 221 1174 315 336
25561 221 1175 95 336
25561 222 1128 1605 265
25561 222 1129 465 337
25561 223 1106 145 337
25561 223 1107 0 0
25561 224 1108 0 0
25561 224 1109 0 0
25561 225 1122 0 0
25561 225 1123 0 0
25561 231 1176 1605 336
25561 231 1177 475 336
25561 232 1172 1605 302
25561 232 1173 485 336
25561 233 1202 0 0
25561 233 1203 0 0
25561 241 1170 1655 336
25561 241 1171 495 336
25561 242 1208 85 335
25561 242 1209 0 0
25561 243 1206 0 0
25561 243 1207 0 0
25561 244 1120 1635 337
25561 244 1121 485 337
25561 245 1168 0 0
25561 245 1169 0 0
25561 251 1330 1575 314
25561 251 1331 475 335
25561 252 1304 0 0
25561 252 1305 0 0
25561 253 1332 1565 336
25561 253 1333 475 336
25561 254 1302 1595 288
25561 254 1303 475 336
25561 261 1296 1545 336
25561 261 1297 465 336
25561 262 1298 1615 294
25561 262 1299 475 336
25561 263 1328 0 0
25561 263 1329 0 0
25561 264 1234 0 0
25561 264 1235 0 0
25561 271 1268 0 0
25561 271 1269 0 0
25561 272 1238 0 0
25561 272 1239 0 0
25561 273 1236 1635 336
25561 273 1237 485 336
25561 274 1232 1605 332
25561 274 1233 475 336
